DATAH	filename	date	time	DOY	daytime	file_records	used_records	Tau	qc_Tau	rand_err_Tau	H	qc_H	rand_err_H	LE	qc_LE	rand_err_LE	co2_flux	qc_co2_flux	rand_err_co2_flux	h2o_flux	qc_h2o_flux	rand_err_h2o_flux	ch4_flux	qc_ch4_flux	rand_err_ch4_flux	none_flux	qc_none_flux	rand_err_none_flux	H_strg	LE_strg	co2_strg	h2o_strg	ch4_strg	none_strg	co2_v-adv	h2o_v-adv	ch4_v-adv	none_v-adv	co2_molar_density	co2_mole_fraction	co2_mixing_ratio	co2_time_lag	co2_def_timelag	h2o_molar_density	h2o_mole_fraction	h2o_mixing_ratio	h2o_time_lag	h2o_def_timelag	ch4_molar_density	ch4_mole_fraction	ch4_mixing_ratio	ch4_time_lag	ch4_def_timelag	none_molar_density	none_mole_fraction	none_mixing_ratio	none_time_lag	none_def_timelag	sonic_temperature	air_temperature	air_pressure	air_density	air_heat_capacity	air_molar_volume	ET	water_vapor_density	e	es	specific_humidity	RH	VPD	Tdew	u_unrot	v_unrot	w_unrot	u_rot	v_rot	w_rot	wind_speed	max_wind_speed	wind_dir	yaw	pitch	roll	u*	TKE	L	(z-d)/L	bowen_ratio	T*	model	x_peak	x_offset	x_10%	x_30%	x_50%	x_70%	x_90%	un_Tau	Tau_scf	un_H	H_scf	un_LE	LE_scf	un_co2_flux	co2_scf	un_h2o_flux	h2o_scf	un_ch4_flux	ch4_scf	un_none_flux	un_none_scf	spikes_hf	amplitude_resolution_hf	drop_out_hf	absolute_limits_hf	skewness_kurtosis_hf	skewness_kurtosis_sf	discontinuities_hf	discontinuities_sf	timelag_hf	timelag_sf	attack_angle_hf	non_steady_wind_hf	u_spikes	v_spikes	w_spikes	ts_spikes	co2_spikes	h2o_spikes	ch4_spikes	none_spikes	head_detect_LI-7200	t_out_LI-7200	t_in_LI-7200	aux_in_LI-7200	delta_p_LI-7200	chopper_LI-7200	detector_LI-7200	pll_LI-7200	sync_LI-7200	chopper_LI-7500	detector_LI-7500	pll_LI-7500	sync_LI-7500	not_ready_LI-7700	no_signal_LI-7700	re_unlocked_LI-7700	bad_temp_LI-7700	laser_temp_unregulated_LI-7700	block_temp_unregulated_LI-7700	motor_spinning_LI-7700	pump_on_LI-7700	top_heater_on_LI-7700	bottom_heater_on_LI-7700	calibrating_LI-7700	motor_failure_LI-7700	bad_aux_tc1_LI-7700	bad_aux_tc2_LI-7700	bad_aux_tc3_LI-7700	box_connected_LI-7700	mean_value_RSSI_LI-7200	mean_value_LI-7500	u_var	v_var	w_var	ts_var	co2_var	h2o_var	ch4_var	none_var	w/ts_cov	w/co2_cov	w/h2o_cov	w/ch4_cov	w/none_cov	co2_mean	h2o_mean	air_p_mean	vin_sf_mean	dew_point_mean	avg_signal_strength_7200_mean	co2_signal_strength_7200_mean	h2o_signal_strength_7200_mean	delta_signal_strength_7200_mean	flowrate_mean	hit_power_mean	hit_vin_mean	ch4_mean	rssi_77_mean	ch4_aux-1_mean	ch4_aux-2_mean	ch4_aux-3_mean	ch4_aux-4_mean	CHK
DATAU		[yyyy-mm-dd]	[HH:MM]	[ddd.ddd]	[1=daytime]	[#]	[#]	[kg+1m-1s-2]	[#]	[kg+1m-1s-2]	[W+1m-2]	[#]	[W+1m-2]	[W+1m-2]	[#]	[W+1m-2]	[µmol+1s-1m-2]	[#]	[µmol+1s-1m-2]	[mmol+1s-1m-2]	[#]	[mmol+1s-1m-2]	[µmol+1s-1m-2]	[#]	[µmol+1s-1m-2]	[µmol+1s-1m-2]	[#]	[µmol+1s-1m-2]	[W+1m-2]	[W+1m-2]	[µmol+1s-1m-2]	[mmol+1s-1m-2]	[µmol+1s-1m-2]	[µmol+1s-1m-2]	[µmol+1s-1m-2]	[mmol+1s-1m-2]	[µmol+1s-1m-2]	[µmol+1s-1m-2]	[mmol+1m-3]	[µmol+1mol_a-1]	[µmol+1mol_d-1]	[s]	[1=default]	[mmol+1m-3]	[mmol+1mol_a-1]	[mmol+1mol_d-1]	[s]	[1=default]	[mmol+1m-3]	[µmol+1mol_a-1]	[µmol+1mol_d-1]	[s]	[1=default]	[mmol+1m-3]	[µmol+1mol_a-1]	[µmol+1mol_d-1]	[s]	[1=default]	[K]	[K]	[Pa]	[kg+1m-3]	[J+1kg-1K-1]	[m+3mol-1]	[mm]	[kg+1m-3]	[Pa]	[Pa]	[kg+1kg-1]	[%]	[Pa]	[K]	[m+1s-1]	[m+1s-1]	[m+1s-1]	[m+1s-1]	[m+1s-1]	[m+1s-1]	[m+1s-1]	[m+1s-1]	[deg_from_north]	[deg]	[deg]	[deg]	[m+1s-1]	[m+2s-2]	[m]	[#]	[#]	[K]	[0=KJ/1=KM/2=HS]	[m]	[m]	[m]	[m]	[m]	[m]	[m]	[kg+1m-1s-2]	[#]	[W+1m-2]	[#]	[W+1m-2]	[#]	[µmol+1s-1m-2]	[#]	[mmol+1s-1m-2]	[#]	[µmol+1s-1m-2]	[#]	[µmol+1s-1m-2]	[#]	8u/v/w/ts/co2/h2o/ch4/none	8u/v/w/ts/co2/h2o/ch4/none	8u/v/w/ts/co2/h2o/ch4/none	8u/v/w/ts/co2/h2o/ch4/none	8u/v/w/ts/co2/h2o/ch4/none	8u/v/w/ts/co2/h2o/ch4/none	8u/v/w/ts/co2/h2o/ch4/none	8u/v/w/ts/co2/h2o/ch4/none	8co2/h2o/ch4/none	8co2/h2o/ch4/none	8aa	8U	[#]	[#]	[#]	[#]	[#]	[#]	[#]	[#]	[#_flagged_recs]	[#_flagged_recs]	[#_flagged_recs]	[#_flagged_recs]	[#_flagged_recs]	[#_flagged_recs]	[#_flagged_recs]	[#_flagged_recs]	[#_flagged_recs]	[#_flagged_recs]	[#_flagged_recs]	[#_flagged_recs]	[#_flagged_recs]	[#_flagged_recs]	[#_flagged_recs]	[#_flagged_recs]	[#_flagged_recs]	[#_flagged_recs]	[#_flagged_recs]	[#_flagged_recs]	[#_flagged_recs]	[#_flagged_recs]	[#_flagged_recs]	[#_flagged_recs]	[#_flagged_recs]	[#_flagged_recs]	[#_flagged_recs]	[#_flagged_recs]	[#_flagged_recs]	[#]	[#]	[m+2s-2]	[m+2s-2]	[m+2s-2]	[K+2]	--	--	--	--	[m+1s-1K+1]	--	--	--	--	--	--	--	--	--	--	--	--	--	--	--	--	--	--	--	--	--	--	207
DATA	2025-10-30T060000_AIU-0547.ghg	2025-10-30	06:30:00	303.27	0	18000	18000	0.02909667399513962	1	NaN	4.965877538922216	1	NaN	3.242251838403491	1	NaN	3.3750088140931886	1	NaN	0.072616159505358	1	NaN	0.011519217560424061	1	NaN	NaN	NaN	NaN	NaN	NaN	NaN	NaN	NaN	NaN	-1.269902714123583e-10	-3.366637674234042e-12	-6.800128108981989e-13	NaN	17.228824823273296	429.73664068040324	434.6889401938284	0.2	0	456.75318343453705	11.392743305631111	11.524033662999113	1.5	0	0.0922576309684664	2.127304499446115	2.1518196281091817	0	0	NaN	NaN	NaN	NaN	9	283.9669178958469	282.59207231055365	93834.67298849826	1.1518236623693106	1011.5266957099446	0.025038404401728224	0.004705527135947198	0.008199293956240892	1069.3210996715216	1179.2847714183888	0.00711853231021047	90.67539288117763	109.96367174686725	281.1103417546489	0.42542303960042277	-0.03310873315805747	0.08070257787575529	0.4342739422415227	6.695551376503075e-14	-7.370802867576634e-15	0.4342739422415227	1.8451623051808872	336.4500989845609	355.54990101543916	10.709721900806327	NaN	0.15893834116827996	0.24895192027613797	-67.40072392677601	-0.04302624409717844	1.5316137630343518	0.026816616688529225	1	2.8010919665959455	1	2	4	7	13	41	0.02840620474589131	1.024306986991924	5.051557432609721	1.0222798545371228	2.9695403810273224	1.0918362515352704	3.091130935932441	1.0918362515352704	0.06650828766973967	1.0918362515352704	0.00901305515098705	1.157661131450595	NaN	NaN	800000009	800000009	800000009	800000009	800000019	800000019	899999999	899999999	89999	89999	89	89	0	0	0	20	6	0	3	NaN	0	0	18000	0	0	0	0	0	0	NaN	NaN	NaN	NaN	0	0	0	0	0	0	0	0	18000	0	0	0	18000	18000	18000	18000	87	NaN	0.1942309621686038	0.29007834794068826	0.013594530442983886	0.022776247267677574	26.065325768354644	0.002218786111943588	3.825991995834661e-7	NaN	0.004335727208822269	0.0782891539170683	0.0016844571381982715	0.00000901305515098705	NaN	429.73624457215067	11.392737850945357	94243.7737139757	11.335277530882097	7.958535446299451	87.17979275004069	86.85493236033122	87.50464554108514	-0.649713072876134	0.00015561249034847917	-1	0	2.117124575078487	63.30815301691174	1.0001171633402506	-273.1499938964844	9.000731492943235	-273.1499938964844	114
DATA	2025-10-30T063000_AIU-0547.ghg	2025-10-30	07:00:00	303.291	1	18000	18000	0.010470736951811185	1	NaN	8.539495576722162	0	NaN	1.8553343144551153	1	NaN	3.4091320833500216	0	NaN	0.041554602838986224	1	NaN	0.023590323137646398	0	NaN	NaN	NaN	NaN	NaN	NaN	NaN	NaN	NaN	NaN	-7.98059939351368e-11	-2.116032627346082e-12	-4.2541287415762746e-13	NaN	17.306128981732684	432.02287617049865	437.029026369575	0.3	0	458.86695688759374	11.454960419134391	11.587697029961522	0.1	1	0.09225184359767846	2.1275187037206464	2.1521717458849374	0.1	0	NaN	NaN	NaN	NaN	9	283.96283151753744	282.6171744045681	93807.42330555557	1.1513596913326762	1011.561815073856	0.025047902449532734	0.0026927382639663072	0.008240945153209629	1074.8485604170726	1181.2779379442484	0.007157576572505241	90.99031869566679	106.4293775271758	281.18611827779205	0.8072887936556673	0.08234307410280468	0.12541237511239295	0.8211113457054025	8.354628844760755e-14	-4.611429512594945e-15	0.8211113457054025	2.444183325366917	326.17599937612147	5.824000623878557	8.785452550446362	NaN	0.0953637046885372	0.21149042937970397	-8.46459955654228	-0.34260333056849607	4.602672149267119	0.07688571470756832	1	16.405092782020507	7	13	22	34	55	132	0.010316399070604438	1.0149604411530102	8.5348410453948	1.0162794735582015	1.7079187491467238	1.0863129849602273	3.1382595352801004	1.0863129849602273	0.03825288237763966	1.0863129849602273	0.019423243778865458	1.149629016233325	NaN	NaN	800000009	800000009	800000009	800000009	800000019	800010119	899999999	899999999	89999	89999	89	89	5	3	0	48	4	0	5	NaN	0	0	18000	0	0	0	0	0	0	NaN	NaN	NaN	NaN	0	0	0	0	0	0	0	0	18000	0	0	0	18000	18000	18000	18000	87	NaN	0.24388830120053964	0.16279319599947065	0.01629936155939764	0.017912692678378972	9.37060360067151	0.0033822203854577976	0.00000103700933101598	NaN	0.007328110159385288	0.07951793786439064	0.0009692602826004013	0.00001942324377886546	NaN	432.02286892209605	11.454954266925682	94210.3516892361	11.369999885559082	8.033373397429768	87.20152422820198	86.88340646849738	87.5196472377777	-0.6362312391052646	0.00015645102539242048	-1	0	2.1172364813983444	65.85631599828935	1.0001312856574853	-273.1499938964844	9.000741242673662	-273.1499938964844	191
DATA	2025-10-30T070000_AIU-0547.ghg	2025-10-30	07:30:00	303.312	1	18000	18000	0.0390766291181304	1	NaN	10.065117839730151	1	NaN	-3.452557458682098	1	NaN	-1.5409373712032555	1	NaN	-0.07732947385403528	1	NaN	0.01065648248867208	1	NaN	NaN	NaN	NaN	NaN	NaN	NaN	NaN	NaN	NaN	5.662393608714426e-11	1.4991006913033362e-12	3.0024754256718585e-13	NaN	17.308638627255075	432.07583285958833	437.0755709976552	0.2	1	458.2407003939935	11.439070197070446	11.5714366734591	0.2	1	0.09177878777305079	2.116794485031939	2.1412888383662136	0	1	NaN	NaN	NaN	NaN	9	283.80155325232613	282.63446133926703	93789.08492317708	1.151071151223308	1011.5532106067777	0.02505433242577655	-0.005010949905741486	0.008227401352389333	1073.1477094732593	1182.652287232602	0.007147604510499296	90.74076303394443	109.50457775934274	281.16283781590533	-0.03640022175372921	0.0914939866938903	0.06548651681435162	0.11825654159216899	1.0201723439569029e-13	3.2714263268505295e-15	0.11825654159216899	2.0433083411575796	220.30522123413044	111.69477876586956	33.62579963080361	NaN	0.18424998522868236	0.21153463658255162	-51.788235711030005	-0.05599727351558242	-2.9152643975321944	0.04691594837977161	1	0.09996679782071134	1	1	NaN	NaN	NaN	NaN	0.03661155951494633	1.0673303633017253	9.429682238501565	1.051046676181007	-3.06252099708979	1.1273579714107906	-1.3668280591508888	1.1273820147945515	-0.06859353977624708	1.1273579714107906	0.006768145594473222	1.2014583603823294	NaN	NaN	800000009	800000009	800000009	800000009	800000019	800110119	899999999	899999999	89999	89999	89	89	4	1	0	43	6	0	4	NaN	0	0	18000	0	0	0	0	0	0	NaN	NaN	NaN	NaN	0	0	0	0	0	0	0	0	17703	0	0	0	18000	18000	18000	18000	87	NaN	0.047369658473374404	0.3472247239269606	0.028474890764768297	0.016106319465885973	26.072330433714612	0.0029938552865177237	1.0096327659420542e-7	NaN	0.008098529262148534	-0.03464133552544376	-0.001738457013929748	0.000006768145594473222	NaN	432.07561118190233	11.439064053909433	94202.9305264757	11.376388920678032	8.011799529446508	87.21046338038974	86.8925134156545	87.52840697479247	-0.6358989594247608	0.0001568784584831317	-1	0	2.106669285131825	66.41899969712013	1.0001365463038285	-273.1499938964844	9.000774257395003	-273.1499938964844	079
DATA	2025-10-30T073000_AIU-0547.ghg	2025-10-30	08:00:00	303.333	1	18000	18000	0.03546333973028068	1	NaN	10.72056320120536	1	NaN	2.9907071851672207	2	NaN	2.2276126881955856	1	NaN	0.06698195320536249	2	NaN	0.008394366089982135	1	NaN	NaN	NaN	NaN	NaN	NaN	NaN	NaN	NaN	NaN	-1.2134696112760548e-10	-3.267839651939213e-12	-6.533141761101683e-13	NaN	17.06140388817941	426.17930360117407	431.12730389741364	-0.2	0	459.4588247241978	11.476889196089905	11.610137457237999	0.1	1	0.0918560870491632	2.11813142369984	2.14272322068149	-0.9	0	NaN	NaN	NaN	NaN	9	283.6696868633694	282.5857704425388	93791.0531189236	1.1512771105597308	1011.5735103796792	0.02504949051462608	0.004340430567707489	0.008256197735291161	1076.7182650554003	1178.784853510776	0.007171338385488392	91.34137258793318	102.06658845537572	281.21167247354714	-0.36834487984544884	-0.04016141142468012	0.03669687400995909	0.3723406371027342	-3.443550894433045e-14	-7.11236671512582e-15	0.3723406371027342	1.9915463818117287	145.77750150956717	186.22249849043283	5.656097306837284	NaN	0.1755091977835113	0.13800047818344535	-42.026054711046655	-0.069004811894411	3.584624818629958	0.05244938521370647	1	1.6763308954126594	1	1	2	4	7	21	0.03451601917681345	1.027445823013785	10.666269040025837	1.0243404209431521	2.733289825356017	1.0941785819502965	2.03587670691289	1.0941785819502965	0.06121665540735759	1.0941785819502965	0.004268369092110301	1.1606401962013846	NaN	NaN	800000009	800000009	800000009	800000009	800000019	800000019	899999999	899999999	89999	89999	89	89	2	6	1	30	0	0	2	NaN	0	0	18000	0	0	0	0	0	0	NaN	NaN	NaN	NaN	0	0	0	0	0	0	0	0	16206	0	0	0	18000	18000	18000	18000	87	NaN	0.1286908402132759	0.12203488735301908	0.02527522880059574	0.02005437534796593	5.835587484671736	0.0026551932444069818	8.970419572373661e-8	NaN	0.009158729143052458	0.05158992493322738	0.0015512543792092983	0.000004268369092110301	NaN	426.1791123492888	11.476882761468813	94199.05504578994	11.380000114440918	8.059594447798204	87.24590762583415	86.93792952092488	87.55388740475972	-0.615955347680383	0.00015646260905648687	-1	0	2.107962402244409	58.01841782262551	1.0001328242073457	-273.1499938964844	9.00079102092319	-273.1499938964844	005
DATA	2025-10-30T080000_AIU-0547.ghg	2025-10-30	08:30:00	303.354	1	18000	18000	0.02361431960586607	1	NaN	4.496807643028637	1	NaN	-0.053958897967311584	2	NaN	0.7916809758925559	1	NaN	-0.0012083087382888356	2	NaN	0.007680222697405529	1	NaN	NaN	NaN	NaN	NaN	NaN	NaN	NaN	NaN	NaN	-3.151597648763402e-11	-8.382852382120436e-13	-1.6789859496198963e-13	NaN	17.140853552373173	427.9544849941686	432.88200235070104	0	0	455.9250927524604	11.383049722035794	11.514115470946845	0.1	1	0.09131639087946082	2.1039743975982277	2.1281998017600894	-0.5	0	NaN	NaN	NaN	NaN	9	283.45916304863823	282.4194894903248	93798.85756207025	1.1520918635860629	1011.5183457679019	0.02503266773871714	-0.00007829840624111654	0.008194194947443388	1068.0034632976956	1165.6613119984822	0.00711244928155095	91.622107751577	97.65784870078664	281.09222716260064	-0.5489154317693226	0.06160689699866426	0.013851966733230038	0.5525354630923749	-1.0161597233670228e-14	-1.838646855673683e-15	0.5525354630923749	2.317849001004949	158.40372809145686	173.59627190854314	1.436545604029126	NaN	0.143167408462681	0.07461248416730235	-54.38540344509818	-0.05332313113991215	-83.33764795850377	0.026952513567462186	1	5.359174265305827	2	4	8	13	24	71	0.02314802252869843	1.0201441430510765	4.423617689668739	1.0195697102294135	-0.04955066554409051	1.0889641415471725	0.7270037145279695	1.0889641415471725	-0.0011095946066434304	1.0889641415471725	0.0058110038052611515	1.1538498538574442	NaN	NaN	800000009	800000009	800000009	800000019	800000019	800000019	899999999	899999999	89999	89999	89	89	1	4	0	17	2	0	3	NaN	0	0	18000	0	0	0	0	0	0	NaN	NaN	NaN	NaN	0	11	0	0	0	0	101	0	18000	0	0	21	18000	18000	18000	18000	87	NaN	0.09144596988572297	0.04218330232759543	0.01559569612128631	0.008160708044345249	4.025313088073398	0.00029167927486791286	4.214425090434913e-7	NaN	0.0037959170429394543	0.018408442858979756	-0.00002809601726215372	0.000005811003805261151	NaN	427.95435050794856	11.383045885071331	94207.13173654514	11.380000114440918	7.940458050065569	87.26022927708095	86.95226404910618	87.56820104344686	-0.6159471900016071	0.00015779091273563815	-1	0	2.094071179907079	30.644473654241285	1.0001388525863488	-273.1499938964844	9.000782845788532	-273.1499938964844	112
DATA	2025-10-30T083000_AIU-0547.ghg	2025-10-30	09:00:00	303.374	1	18000	18000	0.02671144822768924	1	NaN	9.490923027401083	1	NaN	5.252846179794595	1	NaN	-0.7637553949123702	2	NaN	0.11763932222885613	1	NaN	0.03749085160646609	1	NaN	NaN	NaN	NaN	NaN	NaN	NaN	NaN	NaN	NaN	2.1444231599633813e-10	5.744950009403804e-12	1.1443621177194998e-12	NaN	17.16293648698612	428.51595651081095	433.4924599794663	0.1	1	459.79829901665266	11.480023133253708	11.613344597891953	0.1	0	0.09158926610766549	2.111323527282943	2.1358430549629164	-0.6	0	NaN	NaN	NaN	NaN	9	283.47920154995387	282.5229788213979	93818.60631550128	1.151869902851232	1011.5742450937819	0.02503656937752872	0.007623028080429877	0.008262714323448257	1077.3286753486993	1173.8138761897205	0.0071733051649283475	91.78019592388712	96.4852008410212	281.2200067852745	-0.5269282292383785	-0.028001572942514652	0.022251900928986584	0.5281406952228649	6.3812654160263535e-15	1.2494500353068374e-14	0.5281406952228649	1.852815218174838	148.95809756432163	183.04190243567817	2.4147306278312572	NaN	0.15228144953676667	0.09416297253730375	-31.0141593942063	-0.09350567794340232	1.8068153344959001	0.05348847977557254	1	4.371580667321099	2	4	6	11	19	53	0.0261656256931891	1.0208602897901355	9.62430723730896	1.0200333972192028	4.821658545952059	1.0894272437032135	-0.7010614057311346	1.0894272437032135	0.1079827247838718	1.0894272437032135	0.03192056065310172	1.154489524495239	NaN	NaN	800000009	800000019	800000009	800000019	800000019	801000019	899999999	899999999	89999	89999	89	89	9	18	3	17	0	0	0	NaN	0	0	18000	0	0	0	0	0	0	NaN	NaN	NaN	NaN	0	524	0	0	0	0	101	0	17802	0	0	21	18000	18000	18000	18000	87	NaN	0.09483211291282385	0.07244586835653023	0.021047963805253412	0.015776669932180618	1.9862860372264075	0.0072781790765034625	0.000001899107396881255	NaN	0.008259776276370007	-0.01775606726337356	0.0027349223746601574	0.000031920560653101716	NaN	428.5161534422944	11.480012232743734	94229.19253407118	11.376944488949244	8.06807324825395	87.22908045514424	86.91797525003221	87.54018893729315	-0.6222157114297149	0.00015767250395664533	-1	0	2.0992350610467048	28.307967815267414	1.000136835505565	-273.1499938964844	9.000771517250273	-273.1499938964844	159
DATA	2025-10-30T090000_AIU-0547.ghg	2025-10-30	09:30:00	303.395	1	18000	18000	0.06377370450220618	1	NaN	6.277075295163739	1	NaN	-0.7917017021961716	1	NaN	1.3374959943360114	1	NaN	-0.017732882759107182	1	NaN	0.006284286481316737	1	NaN	NaN	NaN	NaN	NaN	NaN	NaN	NaN	NaN	NaN	2.4451179397601166e-11	6.690432168106717e-13	1.3392078358138386e-13	NaN	17.010963733161724	425.0309641557694	430.0321833487679	0.6	0	465.4609788761664	11.629871871571781	11.766717285956462	-0.9	0	0.09317021300179167	2.14932415500146	2.17461464468924	0.6	0	NaN	NaN	NaN	NaN	9	283.43951381174725	282.66725568119466	93824.15587718345	1.151284552392654	1011.6603646925888	0.02504787324502813	-0.0011490908027901453	0.008366789973199382	1091.4556042100724	1185.2633810310817	0.0072673518947258715	92.08549101218293	93.80777682100938	281.4117364643333	-0.9802767558782411	0.052909952950776204	0.008588965083956072	0.9817411835905288	-3.6334047207316936e-14	1.437377668963884e-15	0.9817411835905288	3.6170116834611172	155.08951350967885	176.91048649032112	0.5012703305391851	NaN	0.23535828122591038	0.27548386653222834	-173.1367137705681	-0.016749769224815778	-7.928586332138989	0.02289867965639947	0	88.54672238357925	-13.437306737149456	30.39522442644579	75.68840650568565	115.42959557266393	161.89164904583765	242.54319079157654	0.06294390888330705	1.0131830964047293	6.162848302685191	1.0152092214556687	-0.729001459347721	1.0860083914023329	1.2315705890715445	1.0860083914023329	-0.016328495156661908	1.0860083914023329	0.003954051825444659	1.1485341037058892	NaN	NaN	800000009	800000009	800000009	800000019	800000019	800000019	899999999	899999999	89999	89999	89	89	4	8	1	13	3	0	0	NaN	0	0	18000	0	0	0	0	0	0	NaN	NaN	NaN	NaN	0	74	0	0	0	0	101	0	16903	0	0	21	18000	18000	18000	18000	87	NaN	0.3534401094583354	0.15767886466556902	0.03984875894055226	0.007207300473131696	2.792434979209327	0.000825098284719165	1.209708066051524e-7	NaN	0.0052913204641832304	0.031211304850196058	-0.00041380790074219527	0.000003954051825444659	NaN	425.0308572180449	11.629867644991426	94225.94276974826	11.369999885559082	8.25868757375081	87.20296967146132	86.88924032380845	87.51670007663304	-0.6274652451674143	0.00015830969870148692	-1	0	2.1386943946858246	39.95480055899197	1.0001374581654867	-273.1499938964844	9.000829934305616	-273.1499938964844	204
DATA	2025-10-30T103000_AIU-0547.ghg	2025-10-30	11:00:00	303.458	1	18000	18000	0.10353267458850575	0	NaN	44.889197143777274	1	NaN	-7.295958259036083	2	NaN	-0.7367435126332965	2	NaN	-0.16358835309900635	2	NaN	0.024023451969467417	2	NaN	NaN	NaN	NaN	NaN	NaN	NaN	NaN	NaN	NaN	8.468709277971604e-12	2.294916645163074e-13	4.750894397915884e-14	NaN	16.75790070498141	419.25312558499536	424.07110210990754	0.1	1	454.11861481521026	11.361246972361547	11.491808243980428	0.1	1	0.09401080373276899	2.1793514180305964	2.2043961066228506	0.7	0	NaN	NaN	NaN	NaN	9	284.5046570544772	283.7553630065918	93844.50587391492	1.1472355431605128	1011.5291954958585	0.025138840745844375	-0.010600525280815612	0.008143958427502538	1066.4766025768845	1274.8296960348978	0.00709876753388131	83.65639786192196	208.3530934580133	281.0712115272334	0.12377533541291023	-1.5220316780767795	0.12570560046942503	1.5322214790020645	-4.962012466928712e-14	5.053562153793057e-16	1.5322214790020645	6.727734259302343	57.35079810287408	274.6492018971259	4.7059153525925455	NaN	0.3004086404811197	1.4306403549845321	-50.35107187291299	-0.057595596123944534	-6.152611562460868	0.12876516901932275	0	53.98486642421514	-8.192411754822277	18.53125769565486	46.14545185953579	70.37472568885332	98.7015534135255	147.87291279134203	0.10250973127364706	1.0099789873814806	44.05030618119455	1.0135652322910176	-6.704542501686746	1.0882112026585777	-0.6770225401405348	1.0882112026585777	-0.15032776054808875	1.0882112026585777	0.008411347383854796	1.1482525595493314	NaN	NaN	800000009	800000009	800000009	800000009	800001009	800101009	899999999	899999999	89999	89999	89	89	2	21	3	18	49	0	0	NaN	0	0	18000	0	0	0	0	0	0	NaN	NaN	NaN	NaN	0	0	0	0	0	0	0	0	7786	0	0	0	18000	18000	18000	18000	87	NaN	1.0925093980626748	1.5450889088712525	0.2236824030351371	0.2738758240595136	1.054538963933222	0.03917361720802295	6.037783286304243e-7	NaN	0.03795927556658639	-0.017215200425566096	-0.003822505712770893	0.000008411347383854797	NaN	419.25261506685155	11.361205253291631	94298.6227061632	11.342211023171744	7.924364218817832	87.30777020963032	87.02258772277833	87.59294866752626	-0.570362336777981	0.0001607772396568588	-1	0	2.169008768154517	68.32373160743713	1.0001380641924011	-273.1499938964844	9.00080375401179	-273.1499938964844	223
DATA	2025-10-30T110000_AIU-0547.ghg	2025-10-30	11:30:00	303.479	1	18000	18000	0.11589704617342585	1	NaN	1.2913056989397833	2	NaN	17.833223707962542	1	NaN	8.325885467018614	1	NaN	0.40009375801164127	1	NaN	-0.018566722291488397	2	NaN	NaN	NaN	NaN	NaN	NaN	NaN	NaN	NaN	NaN	-2.7115730230417428e-11	-6.8704999055522e-13	-1.5231723105218854e-13	NaN	16.632625332303878	422.3054094885812	426.87305530425397	0.1	0	421.43231918751746	10.700243922440052	10.81597752016545	1.2	0	0.09343047058725712	2.1716067256670186	2.1950947751944736	-0.2	0	NaN	NaN	NaN	NaN	9	284.74265741475426	284.38488628210064	93839.30766335977	1.1449199093251163	1011.1726583942353	0.025196007978142535	0.02592607551915435	0.0076527360585598135	1004.3728216404539	1329.3241278516666	0.006684079817487662	75.5551487103172	324.9513062112127	280.1930725773218	-0.10055456795877649	-1.441831480638729	0.08125187126120302	1.4476156624884213	-2.1103928422501113e-13	-1.6302736151792747e-15	1.4476156624884213	6.955129988807284	65.98939746536206	266.01060253463794	3.217592384543836	NaN	0.31816223585168907	1.3757392991879318	-2079.0687186556984	-0.0013948552897641144	0.07241011048177536	0.0035057424892506028	0	60.28931453069701	-9.149136077697362	20.69537071896123	51.53439927884637	78.59321052545302	110.2280952527696	165.14177287745622	0.11471548399152352	1.0102999363363157	2.2549092574923244	1.0136939740604642	16.396049892877212	1.0876536619780393	7.654905010733758	1.0876536619780393	0.3678503295654049	1.0876536619780393	-0.019130445741749866	1.1480690101287623	NaN	NaN	800000009	800000009	800000009	800000019	800000019	800100019	899999999	899999999	89999	89999	89	89	2	2	5	8	13	0	0	NaN	0	0	2526	0	0	0	0	0	0	NaN	NaN	NaN	NaN	0	1	0	0	0	0	0	0	5216	0	0	0	18000	18000	18000	18000	87	NaN	0.9167896747922964	1.6443255238087375	0.1903633997748296	0.1692747402634537	5.520275855793031	0.04540301908473504	2.9872149973126843e-7	NaN	0.001947729509175571	0.19495972390186742	0.009368633391103042	-0.000019130445741749864	NaN	422.3048936509115	10.70019660818858	94253.84586848959	11.369999885559082	7.039675745460718	87.38807706048753	87.11652645916408	87.6596283715566	-0.5431012690993887	0.00016500082614139547	-1	0	2.1619142028689384	69.28563197623356	1.0001502221839296	-273.1499938964844	9.000901381148232	-273.1499938964844	084
DATA	2025-10-30T113000_AIU-0547.ghg	2025-10-30	12:00:00	303.499	1	18000	18000	0.20393244013763454	1	NaN	39.677684850332355	0	NaN	20.187033885284926	0	NaN	1.5976890194594027	0	NaN	0.45309882723819545	0	NaN	0.0022375389652837295	0	NaN	NaN	NaN	NaN	NaN	NaN	NaN	NaN	NaN	NaN	-1.245917203164623e-10	-2.953930205861639e-12	-6.973280281271751e-13	NaN	16.51826698407629	421.4178407206133	425.67086528494497	0.2	0	391.6296176729399	9.991345218058827	10.092179669135838	0.1	1	0.09245117183410605	2.152708998783164	2.174434524774249	-0.3	0	NaN	NaN	NaN	NaN	9	284.94000524732803	284.8378002370199	93836.16159613716	1.143368723803099	1010.7878499078842	0.025236981467367157	0.029360804005035063	0.007134135441161044	937.8009721689857	1369.7882733370627	0.006239575469085179	68.46320635263767	431.987301168077	279.19685727486194	-1.5614697356607266	-1.639657675828507	0.056874362524534976	2.2649281936522168	-3.243836231861359e-14	-7.542662946214e-15	2.2649281936522168	8.421399482746459	105.60082156923426	226.39917843076574	1.4388992566274768	NaN	0.42232812453402224	2.1054330034514046	-158.2329339425076	-0.018327410910889682	1.9655034551289323	0.08129240998011383	0	55.79116149499186	-8.466524000543627	19.15130034182764	47.689445718437995	72.72941374383794	102.00403689117076	152.8206348321358	0.20223386716112937	1.0083990530386873	40.37804706191039	1.0133744163442646	18.44026025408124	1.0947260834248307	1.4594418125683655	1.0947260834248307	0.41389241939014004	1.0947260834248307	-0.012038697021748864	1.151709764248823	NaN	NaN	800000009	800000009	800000009	800000009	800000009	800000009	899999999	899999999	89999	89999	89	89	10	3	5	18	30	0	2	NaN	0	0	0	0	0	0	0	0	0	NaN	NaN	NaN	NaN	0	0	0	0	0	0	0	0	5463	0	0	0	18000	18000	18000	18000	87	NaN	2.125132572320356	1.6785655101595698	0.4071679244228832	0.05170766229872466	0.7387499979215998	0.04194010228205802	3.3021541132119443e-8	NaN	0.03493807629269039	0.03720372090411041	0.010550840686289075	-0.000012038697021748864	NaN	421.41747108322545	9.991302016973659	94222.49821006945	11.382772400114272	6.038855701181656	87.34315240626864	87.07344862047832	87.61285338041517	-0.5393995951695574	0.00017235889294695667	-1	0	2.1437615099350613	69.58548524920145	1.0001493997673194	-273.1499938964844	9.000913636631436	-273.1499938964844	183
DATA	2025-10-30T120000_AIU-0547.ghg	2025-10-30	12:30:00	303.52	1	18000	18000	0.2681462645634616	0	NaN	40.26589371150287	0	NaN	20.26196642054127	0	NaN	3.1253558352703354	1	NaN	0.45491255610573805	0	NaN	0.011295625724122033	0	NaN	NaN	NaN	NaN	NaN	NaN	NaN	NaN	NaN	NaN	1.0747011360735151e-10	2.472966286967764e-12	6.034975480428994e-13	NaN	16.39633384134638	418.79979349314794	422.8749937130291	0.1	0	377.2916902987678	9.63689099726392	9.730664348925478	0.1	1	0.09207347920276578	2.1465998411119087	2.1674876836572254	-0.2	0	NaN	NaN	NaN	NaN	9	285.1961545071072	285.1401975250244	93829.51876171875	1.142228953866676	1010.5974824086113	0.025265562836822842	0.029478333635651825	0.006873259854437632	904.4673933749796	1397.4045842212233	0.006017409934470894	64.7248050842084	492.93719084624377	278.6743535930349	-1.2270871994557055	-1.3765002050993804	0.10982637748314535	1.8473109220966393	4.2312872808417214e-14	6.554520946404848e-15	1.8473109220966393	8.132187082880286	103.71554892907818	228.2844510709218	3.4083600363746007	NaN	0.4845173054660854	2.13974327966225	-235.41731495490205	-0.012318550148087202	1.9872648525703767	0.0719940611805556	0	68.20378840872192	-10.350188022923282	23.412153489278897	58.299572512064415	88.91052656289277	124.69827769377737	186.8207429865602	0.2657311895003018	1.0090884140010108	40.967241439081135	1.0133172557458598	18.577774495795357	1.0906562799073212	2.865573593484387	1.0906562799073212	0.4170998365721549	1.0906562799073212	-0.003672149155458502	1.1493907934967422	NaN	NaN	800000009	800000009	800000009	800000009	800001019	800001119	899999999	899999999	89999	89999	89	89	12	9	5	20	47	0	6	NaN	0	0	0	0	0	0	0	0	0	NaN	NaN	NaN	NaN	0	0	0	0	0	0	0	0	4681	0	0	0	18000	18000	18000	18000	87	NaN	2.226618410706153	1.728540182591879	0.32432796602646774	0.07029815029077843	2.8900493355861956	0.0644592305248501	1.5909794046497345e-7	NaN	0.035489946501311216	0.07310502381159228	0.01064083419590067	-0.000003672149155458502	NaN	418.7991960238226	9.636825934059878	94246.15283550348	11.390000343322754	5.519404278675758	87.30060890049404	87.02972398143345	87.5714897925059	-0.5417665026651488	0.00020843830444532791	-1	0	2.1380170740485185	68.84848884646102	1.0001477303935422	-273.1499938964844	9.00093568359481	-273.1499938964844	210
DATA	2025-10-30T123000_AIU-0547.ghg	2025-10-30	13:00:00	303.541	1	18000	18000	0.18333901158802526	1	NaN	12.401391547555514	2	NaN	64.72689810472231	1	NaN	5.216407886916468	1	NaN	1.4533714692790802	1	NaN	0.019598519547251968	2	NaN	NaN	NaN	NaN	NaN	NaN	NaN	NaN	NaN	NaN	-5.343423632698381e-11	-1.1224234815847518e-12	-3.010382397095684e-13	NaN	16.242989005579005	415.38845971084885	419.04484596085	0.1	0	341.1953370011594	8.725524929479166	8.802329878269505	0.1	1	0.09150988493480332	2.1337933254211774	2.152575678163584	0	1	NaN	NaN	NaN	NaN	9	285.38279117075604	285.2494626252917	93792.3672749566	1.141734093906743	1010.0964738298003	0.025285256158577667	0.0941784712092844	0.006218404944649887	818.6071626732769	1407.5029506423928	0.005446456384053472	58.16024487193151	588.8957879691159	277.24573360053205	-0.9012865264155746	-2.0706683111382844	0.09896384312208939	2.260481917577755	-1.7492155982663982e-13	-3.2896800157058943e-15	2.260481917577755	9.210803400356474	85.52173861023749	246.4782613897625	2.5092098242562315	NaN	0.40072363466753114	2.3637228871005282	-432.23939384212537	-0.006709245018650983	0.19159564123544398	0.026834755139827794	0	54.55701815234961	-8.279237986942178	18.72765886911999	46.63451855129177	71.12058325203525	99.74762925098973	149.4401250158386	0.18181101611844194	1.0084043063077537	15.799400414432691	1.0133721235199977	59.137057136778544	1.0945234889692765	4.76591680259764	1.0945234889692765	1.3278577243214162	1.0945234889692765	0.010299294249041736	1.1516813258799705	NaN	NaN	800000009	800000009	800000009	800000009	800010009	800011109	899999999	899999999	89999	89999	89	89	9	8	2	38	28	2	4	NaN	0	0	0	0	0	0	0	0	0	NaN	NaN	NaN	NaN	0	0	0	0	0	0	0	0	6162	0	0	0	18000	18000	18000	18000	87	NaN	2.1867589605697355	2.153027333172551	0.3876594804587695	0.1241940544052378	1.6818579023806528	0.12388229175597888	2.197552730931094e-7	NaN	0.013699754380818541	0.12156846035016597	0.03387084286109347	0.000010299294249041735	NaN	415.38766963476996	8.725403482261354	94199.17746636285	11.370563231786091	4.083564716193458	87.30883384386698	87.04100466113621	87.57666227955289	-0.5356517996274761	0.00028424556356104513	-1	0	2.126049819750919	69.5632629538642	1.0001420396798186	-273.1903688981798	9.00091718114747	-273.1499938964844	244
DATA	2025-10-30T130000_AIU-0547.ghg	2025-10-30	13:30:00	303.562	1	18000	18000	0.28587994785255555	0	NaN	48.23578390899529	0	NaN	48.61931789509015	0	NaN	1.2200162597087187	1	NaN	1.0926211566193322	0	NaN	0.02769913363334052	2	NaN	NaN	NaN	NaN	NaN	NaN	NaN	NaN	NaN	NaN	3.2003610997168634e-10	6.382834228039663e-12	1.7925892989352167e-12	NaN	16.135635902014645	414.1930241966784	417.6430522274442	0	0	321.8108392071018	8.260709743321495	8.329517469438452	0.1	1	0.09037907707360056	2.1157245680885888	2.133347532839003	0	1	NaN	NaN	NaN	NaN	9	286.1586498641967	286.1348939107259	93748.16839453125	1.137865300608643	1009.8585423826183	0.025375701186632977	0.07080185094893272	0.005866162713311647	774.6341397612374	1491.7311230582122	0.005155410495577853	51.9285364357856	717.0969832969748	276.4619999905085	-0.9668137074624062	-1.8680132767578037	0.19597955387140606	2.112489131952091	4.9381721449967585e-14	1.9834118216049213e-14	2.112489131952091	8.646174411962786	89.36439137975225	242.63560862024775	5.323090586845858	NaN	0.50124080665866	2.4539864145937833	-217.3991879276267	-0.013339516249552066	0.9921114897802054	0.08374743673139781	0	64.72845678110654	-9.82279304051742	22.219184603089115	55.328911307536316	84.38008078852808	118.34426307832341	177.3012712395514	0.28344171672919943	1.008602231003581	50.389223879360436	1.0133143229355055	44.48045085943689	1.093049125080421	1.1161586718428196	1.093049125080421	0.9996084636533996	1.093049125080421	0.007646828197677707	1.1507774581291714	NaN	NaN	800000009	800000009	800000009	800000009	800000009	800100109	899999999	899999999	89999	89999	89	89	11	16	11	23	49	3	3	NaN	0	0	0	0	0	0	0	0	0	NaN	NaN	NaN	NaN	0	0	0	0	0	0	0	0	6523	0	0	0	18000	18000	18000	18000	87	NaN	2.4009853421195704	2.1114007104164654	0.39558677665153125	0.12369965041323822	0.2147318744428913	0.028204538433002396	2.0867266235896255e-7	NaN	0.043851683600608475	0.028559292240273048	0.02557710741268874	0.000007646828197677708	NaN	414.1925173971389	8.260675087777285	94162.80638324653	11.379158137374457	3.3085783920288003	87.19656555430095	86.93007986217077	87.46305268436006	-0.532976027400957	0.00028517965015392596	-1	0	2.1084980847901766	69.35112710656058	1.000167545777228	-273.1499938964844	9.001044857369529	-273.1499938964844	103
DATA	2025-10-30T133000_AIU-0547.ghg	2025-10-30	14:00:00	303.583	1	18000	18000	0.16817263723798737	1	NaN	35.70854720170546	0	NaN	65.39227922609099	1	NaN	2.560525322457493	0	NaN	1.4698391495666199	1	NaN	-0.0031700399726387026	1	NaN	NaN	NaN	NaN	NaN	NaN	NaN	NaN	NaN	NaN	-7.905993092342712e-12	-1.504227640316685e-13	-4.437455595265219e-14	NaN	16.096333323023686	413.973532647773	417.2600544670355	0.1	0	306.255636824343	7.876435292758391	7.93896604510406	0.5	0	0.09034508825549731	2.116564644245181	2.1333679790881113	-0.3	0	NaN	NaN	NaN	NaN	9	286.28080809529627	286.33302303139567	93727.84615367901	1.1369971664501977	1009.6515427076703	0.025398777963805595	0.09524557689191697	0.00558819666873868	738.4393407769846	1511.1740438577694	0.004914872994965773	48.86527424014477	772.7347030807848	275.78680497042615	-1.2763361131387292	-1.645246821578815	0.11242194998885001	2.0853080521727723	-7.079751325450099e-14	-4.911673319434949e-16	2.0853080521727723	7.9792711332099975	99.8033017850027	232.1966982149973	3.090395950648514	NaN	0.3845899898429901	2.56627328544585	-132.6223707015012	-0.02186659750282366	0.5460667165040186	0.08088040356846098	0	57.68327638843652	-8.753659735449832	19.800802155996834	49.30679707098291	75.19597660520742	105.46342637548159	158.00343066293254	0.1667314475450359	1.0086437784483469	38.91003746666262	1.0133078784299123	59.84000297652512	1.0927853605178464	2.3431182508192805	1.0927853605178464	1.345039202273076	1.0927853605178464	-0.01853196232645362	1.1506211122784378	NaN	NaN	800000009	800000009	800000009	800000019	800000019	800001119	899999999	899999999	89999	89999	89	89	6	13	5	14	31	4	5	NaN	0	0	0	0	0	0	0	0	0	NaN	NaN	NaN	NaN	0	23	0	0	0	0	0	0	4680	0	0	0	18000	18000	18000	18000	87	NaN	2.797165299755334	2.0247406758892095	0.31064059524715565	0.1139530438593623	0.33936186421944065	0.08883731477035947	3.2657270662625965e-7	NaN	0.03389461876058655	0.05998493438410936	0.034433639132038875	-0.00001853196232645362	NaN	413.97341682179774	7.8763457774851116	94126.99266666666	11.399999618530273	2.6253933440977226	87.13188301065233	86.8651306652493	87.39863846355014	-0.5335144485731919	0.0002863012749682336	-1	0	2.10615181422896	69.90383138064378	1.0001424529486231	-273.1499938964844	9.000921410216225	-273.1499938964844	013
DATA	2025-10-30T140000_AIU-0547.ghg	2025-10-30	14:30:00	303.604	1	18000	18000	0.37274526128643065	1	NaN	49.04498817757622	0	NaN	38.75875471129377	0	NaN	1.885865593719705	0	NaN	0.871638839272114	0	NaN	0.0029744607847187196	0	NaN	NaN	NaN	NaN	NaN	NaN	NaN	NaN	NaN	NaN	7.558270848737946e-11	1.3774441047081173e-12	4.239853423571644e-13	NaN	16.053055478982294	413.8395270602165	416.9844015110757	0.1	0	292.55615569490635	7.541947467250052	7.599260692180415	0.5	0	0.0900504938146183	2.114654541923195	2.1307243530611726	-0.2	0	NaN	NaN	NaN	NaN	9	286.6934389572144	286.86880093892415	93695.14603971354	1.1346216026037712	1009.4793690638533	0.025455184305868954	0.05648219678483299	0.005339026190319246	706.8334191053589	1564.8712558159286	0.004705556617348949	45.16879049815596	858.0378367105698	275.1728307981766	-1.733668629896705	-1.7223067772476142	0.10863795171367481	2.446170426972216	1.3400231792334472e-14	4.7083066888006e-15	2.446170426972216	11.288922060203612	107.18836472550197	224.81163527449803	2.5454253114284393	NaN	0.5731661599075802	3.6001567533719214	-319.53236325829096	-0.009075763000744348	1.2653912269086702	0.07470773972407903	0	66.21532898951358	-10.04843163453288	22.72957971711942	56.599867307967436	86.31836888169059	121.06273968886005	181.3740445734319	0.3697085741905119	1.008213731863178	50.62791605422905	1.0134925038756575	35.348571188962005	1.0964730230283433	1.7199379775994328	1.0964730230283433	0.7949478199333525	1.0964730230283433	-0.01522575530419924	1.1529242446607515	NaN	NaN	800000009	800000009	800000009	800000009	800000019	800100119	899999999	899999999	89999	89999	89	89	12	9	7	31	21	5	2	NaN	0	0	0	0	0	0	0	0	0	NaN	NaN	NaN	NaN	0	0	0	0	0	0	0	0	7726	0	0	0	18000	18000	18000	18000	87	NaN	3.622808176766025	3.0887946974136073	0.48871063256421027	0.12564545957297785	0.1754759616210289	0.027628975574204143	1.0469699449057347e-7	NaN	0.044201962895301324	0.04411413394018867	0.020389360000612887	-0.00001522575530419924	NaN	413.8393800384608	7.541902187659565	94105.15510980903	11.399999618530273	2.018502129647474	87.11561206287809	86.84834451039632	87.38288248740301	-0.5345392588824028	0.0002866066042802737	-1	0	2.1080620431922097	69.67523499022593	1.0001533141434193	-273.1499938964844	9.000982388284472	-273.1499938964844	238
DATA	2025-10-30T143000_AIU-0547.ghg	2025-10-30	15:00:00	303.624	1	18000	18000	0.4244877236432335	1	NaN	-15.824507637650063	2	NaN	49.70866809077265	0	NaN	6.594521490001783	1	NaN	1.1179807171034375	0	NaN	0.18218607384683908	1	NaN	NaN	NaN	NaN	NaN	NaN	NaN	NaN	NaN	NaN	-3.4371253022731093e-10	-6.089040215866821e-12	-1.925177433038387e-12	NaN	16.06445343886356	415.1157971349324	418.191168706258	0	0	284.58986633530606	7.353984974957342	7.408466727962247	0.2	0	0.08997903921088596	2.1136134482322544	2.1292720831392566	0.9	0	NaN	NaN	NaN	NaN	9	286.79274237399636	286.9537326558432	93708.94479926216	1.1345336911617427	1009.3782116033374	0.025458971269084925	0.07244515046830274	0.005205191133555667	689.3190250194547	1573.535519691992	0.004587956421307896	43.80702033052192	884.2164946725374	274.8220595869072	-1.0170731473585428	-0.6300074434398578	0.1027969413775749	1.200797392162002	1.855710588746818e-13	-2.1395843408888865e-14	1.200797392162002	10.708424999068715	120.22460937938718	211.77539062061282	4.910944002141224	NaN	0.6116794198611551	2.989589916045403	1203.766790264062	0.002409104507164421	-0.3183450340844587	-0.0225909770537905	0	81.68993044700987	-12.396762107102456	28.04150964009115	69.82732388794876	106.49107476852309	149.35524652416422	223.76137538247337	0.42120382757133484	1.007796453538501	-12.943250602679619	1.0122506701543643	45.45944165208076	1.0934729130905942	6.030804614412452	1.0934729130905942	1.0224128130833843	1.0934729130905942	0.17103949558666756	1.1668572279903011	NaN	NaN	800000009	800000009	800000009	800000009	800000019	800110119	899999999	899999999	89999	89999	89	89	17	13	6	19	38	7	3	NaN	0	0	0	0	0	0	0	0	0	NaN	NaN	NaN	NaN	0	0	0	0	0	0	0	0	1910	0	0	0	18000	18000	18000	18000	87	NaN	3.8689615890253037	1.780977570914077	0.3292406721514258	0.2884204056979319	1.1923587183091218	0.05282394624530419	0.000002006415366294483	NaN	-0.011302435487665373	0.15467587055388238	0.026222469809614825	0.00017103949558666757	NaN	415.11588238016765	7.353933668597591	94094.10511935764	11.399999618530273	1.661052454723262	87.03398031383092	86.76131417973836	87.30664559555052	-0.5453351253122085	0.00028749518412546913	-1	0	2.1070967265036344	69.82716800159882	1.0001378145515918	-273.1499938964844	9.000901087284088	-273.1499938964844	148
DATA	2025-10-30T150000_AIU-0547.ghg	2025-10-30	15:30:00	303.645	1	18000	18000	0.2774510524294692	0	NaN	10.446311989091589	0	NaN	22.727858188725637	0	NaN	0.03902715105932804	2	NaN	0.5107623719094113	0	NaN	0.002313838970616742	0	NaN	NaN	NaN	NaN	NaN	NaN	NaN	NaN	NaN	NaN	1.3596878725938076e-10	2.307440166125135e-12	7.691745499546579e-13	NaN	16.192364378107683	416.18067019511	419.14095316103305	0.1	1	274.7903596382321	7.0627385455835245	7.112975632758807	0.6	0	0.09160010053979158	2.143272099430163	2.1585171416477813	-0.7	0	NaN	NaN	NaN	NaN	9	286.0043356814914	286.13403072441946	93725.80620399305	1.1381142450753223	1009.2013810133187	0.025381679046485202	0.03309740169972985	0.005014268383859118	662.1384281872213	1491.6468997626876	0.004405768933616383	44.389756603426974	829.5084715754663	274.26175695458664	0.21510323304860102	-0.6125310056610094	0.15019480887735684	0.6663498438341205	-3.129987613519978e-14	8.39709285712546e-15	0.6663498438341205	6.527342146647167	42.65019532129179	289.3498046787082	13.026361353730563	NaN	0.4937422123327342	2.107832702837175	-959.1055427378562	-0.0030236505481155695	0.45962588741747684	0.01842039922088508	0	73.43031837603561	-11.143334109544801	25.206252096789914	62.7671317184518	95.72383623868161	134.25404139026418	201.137018292027	0.27268974513078037	1.0174605293514258	11.535059829253704	1.017847239509998	20.901696575521374	1.0873690614829292	0.03589135689229901	1.0873690614829292	0.46972310506319276	1.0873690614829292	-0.0026559086579058056	1.1515475367136023	NaN	NaN	800000009	800000009	800000009	800000009	800001119	800111119	899999999	899999999	89999	89999	89	89	2	10	7	34	30	12	2	NaN	0	0	0	0	0	0	0	0	0	NaN	NaN	NaN	NaN	0	0	0	0	0	0	0	0	8859	0	0	0	18000	18000	18000	18000	87	NaN	1.636103729648116	2.2995352309121855	0.2800264451140478	0.027623503167402114	0.15980605407775852	0.02698181090407184	6.77475563189628e-8	NaN	0.010042831037819038	0.0009174644508653691	0.012007187466853487	-0.0000026559086579058054	NaN	416.180646334193	7.062694118263276	94109.66808854167	11.390281989574433	1.1038444363590838	87.24566474024455	86.97702781550089	87.5143006409539	-0.5372775709132352	0.0002858052089642216	-1	0	2.137007547769282	69.28599856906466	1.000175376623869	-273.1499938964844	9.001074141316943	-273.1499938964844	134
DATA	2025-10-30T153000_AIU-0547.ghg	2025-10-30	16:00:00	303.666	1	18000	18000	0.3933581262953238	0	NaN	3.6567965579181863	1	NaN	33.244270254723695	0	NaN	1.0858329388261396	0	NaN	0.7471606227725431	0	NaN	0.0051662002630696036	1	NaN	NaN	NaN	NaN	NaN	NaN	NaN	NaN	NaN	NaN	-9.812615666153945e-11	-1.708125193118035e-12	-5.529557267654616e-13	NaN	16.194729363596615	415.64961040734846	418.67891804673934	0	0	281.9087811326676	7.235395690624918	7.288128181864703	0.4	0	0.09125974816180105	2.1363321036208927	2.1519019658311147	0.8	0	NaN	NaN	NaN	NaN	9	286.3178401930067	286.2222835930719	93726.24193207466	1.1376941318223521	1009.2977567704778	0.02538938953209479	0.048416008355660796	0.005135288204318121	678.3283525794318	1500.2796233931674	0.004513768736850602	45.213461677581364	821.9512708137356	274.5978936746793	0.13473543779373154	-0.8133928088385705	0.2125805686974357	0.8514411299998662	-1.3136592407902581e-13	-6.059141493411598e-15	0.8514411299998662	7.0261557433888635	52.59457471506772	279.4054252849323	14.458073036761649	NaN	0.5880053862000946	1.6948262428989023	-4627.923947128773	-0.0006266308679941033	0.1099977990161655	0.005415950285375475	0	85.66273642323736	-12.99965074117853	29.405245371912578	73.22321868340295	111.67002859967748	156.61880291018693	234.64350644200485	0.38770766338593554	1.0145740294634404	5.438435307394293	1.016042565116002	30.60658036471118	1.086180483366045	0.9996800305794226	1.086180483366045	0.6878788877306209	1.086180483366045	0.00154798176968393	1.1493655469664636	NaN	NaN	800000009	800000009	800000009	800000009	800001019	800101119	899999999	899999999	89999	89999	89	89	6	1	6	4	50	13	15	NaN	0	0	0	0	0	0	0	0	0	NaN	NaN	NaN	NaN	0	0	0	0	0	0	0	0	17505	0	0	0	18000	18000	18000	18000	87	NaN	1.4810690478304296	1.6383931042267124	0.27019033374066276	0.030806495857639726	0.12579039076865753	0.025383064819249724	2.7301660007095684e-8	NaN	0.0047361902644575135	0.025566297602876754	0.017592145306997493	0.00000154798176968393	NaN	415.6490045615302	7.235345331039083	94126.95041015625	11.399158595138129	1.442035679522479	87.27928671610798	87.00964547771878	87.5489241633945	-0.5392886995805635	0.0002855837831706999	-1	0	2.129941787475569	68.81809110620286	1.0001504691375627	-273.1499938964844	9.000953821791542	-273.1499938964844	162
DATA	2025-10-30T160000_AIU-0547.ghg	2025-10-30	16:30:00	303.687	1	18000	18000	0.34689406907390535	0	NaN	4.848254734662467	2	NaN	82.77484413575851	0	NaN	0.029235142216590123	2	NaN	1.8630373026378897	0	NaN	0.024157920549540364	2	NaN	NaN	NaN	NaN	NaN	NaN	NaN	NaN	NaN	NaN	2.0954030614580944e-10	3.722220626011589e-12	1.1765887691896219e-12	NaN	16.132008248996836	416.6248732291261	419.7312277083832	0.1	1	286.5648855243213	7.400818128822468	7.455998618567236	0.4	0	0.09058276223494774	2.1353901822752532	2.1513116485243997	0	1	NaN	NaN	NaN	NaN	9	287.3050421091715	287.72294295756035	93716.59145876736	1.1315728176219555	1009.4205356954669	0.025525133922541618	0.12072481721093524	0.005224761812067287	693.7654943845573	1653.9456489081924	0.004617256380413351	41.946087819906765	960.1801545236351	274.9118521301026	-1.3324782981724161	-1.0899979785630456	0.163292566817959	1.7292363837110984	-1.0518425065921245e-13	1.298910234309108e-14	1.7292363837110984	8.558892058413857	112.71604216408673	219.2839578359133	5.418539532844482	NaN	0.5536778937621291	2.4746346715970393	-2914.2236576665646	-0.0009951192292227996	0.05857159606016139	0.007666084534148625	0	71.69173138566227	-10.87949682624411	24.609451443589265	61.28101370831439	93.45741250480994	131.07534987798098	196.37475917319512	0.34367239831834595	1.0093742493471214	9.363422542404498	1.0133733938809604	75.96702169095654	1.0896154975312453	0.02683069604170327	1.0896154975312453	1.709811678393888	1.0896154975312453	0.015861539102772906	1.1488893457834621	NaN	NaN	800000009	800000009	800000009	800000009	800001109	800101119	899999999	899999999	89999	89999	89	89	9	5	7	20	74	5	4	NaN	0	0	0	0	0	0	0	0	0	NaN	NaN	NaN	NaN	0	0	0	0	0	0	0	0	6078	0	0	0	18000	18000	18000	18000	87	NaN	2.7577820223915177	1.817610316852593	0.3738770039499674	0.10228452124270038	1.2198873020632328	0.09143746076815597	1.6134751571021633e-7	NaN	0.008197472718886548	0.0006899647832878492	0.04396866344102425	0.000015861539102772907	NaN	416.6239709559355	7.400703498471395	94122.27910199654	11.420000076293945	1.7501853969097019	87.11223425292968	86.84272245576646	87.38174536048041	-0.5390238901393283	0.00028704479227437536	-1	0	2.128881011870174	70.90712493384324	1.0001734611839057	-273.1499938964844	9.001104080359141	-273.1499938964844	189
DATA	2025-10-30T163000_AIU-0547.ghg	2025-10-30	17:00:00	303.708	1	18000	18000	0.1419772802483281	1	NaN	0.020925094833366478	2	NaN	59.63698617373614	0	NaN	2.7414557666751525	0	NaN	1.3405342877795463	0	NaN	0.02569867078765159	1	NaN	NaN	NaN	NaN	NaN	NaN	NaN	NaN	NaN	NaN	1.3453327193108265e-10	2.3985743824684583e-12	7.475443838937252e-13	NaN	16.2453282344391	417.5445162504704	420.67617322243586	0	0	289.6356238022524	7.444341209002985	7.500175071361459	0.4	0	0.09026840507072612	2.114817137415435	2.130678636189966	0.2	0	NaN	NaN	NaN	NaN	9	286.5465268300374	286.3783640509711	93735.22881206597	1.1370930056534314	1009.415506597232	0.025400799132772676	0.0868666218481146	0.005281213011586316	697.9842032465782	1515.6546660602928	0.0046444864099321964	46.05166459592534	817.6704628137146	274.99657568856117	-1.6244799883360381	-1.7358384426871316	0.1351779503647013	2.381248288163036	-4.635601823352902e-14	8.28135141313306e-15	2.381248288163036	7.7968690788426525	105.1019550814492	226.8980449185508	3.254298172142106	NaN	0.3533551555319278	1.9507502931266305	-175531.85731604387	-0.000016521217540463724	0.0003508744518444796	0.00005159291218766338	0	55.174890625325254	-8.373002518483489	18.939754494767904	47.1626666480747	71.92604242377175	100.87729719190729	151.13257344378385	0.1408122264809596	1.00827381113476	3.28037573247018	1.0134449258830203	54.424269082880684	1.0957792760232978	2.5018320994572862	1.0957792760232978	1.2233615994678153	1.0957792760232978	0.02035934953622885	1.152476958724398	NaN	NaN	800000009	800000009	800000009	800000009	800001119	800111119	899999999	899999999	89999	89999	89	89	3	7	8	41	56	16	6	NaN	0	0	0	0	0	0	0	0	0	NaN	NaN	NaN	NaN	0	0	0	0	0	0	0	0	15345	0	0	0	18000	18000	18000	18000	87	NaN	2.307331615996278	1.3011091898741738	0.293059780382809	0.031729611833654796	0.25223205984802505	0.033380051744063735	2.863127821377524e-7	NaN	0.0028579697662951577	0.06402528856623364	0.03130748839770943	0.000020359349536228848	NaN	417.54404994413585	7.444293471025505	94127.39118619791	11.413613819016353	1.8387919500138754	87.23419255828858	86.96528314823573	87.50310494422914	-0.5378222296701539	0.0002856341747085228	-1	0	2.1083030796713293	68.83772093666923	1.0001447405715784	-273.1499938964844	9.00091032825576	-273.1499938964844	071
DATA	2025-10-30T170000_AIU-0547.ghg	2025-10-30	17:30:00	303.729	1	18000	18000	0.1362871859420031	0	NaN	-0.74203191130826	1	NaN	53.26894143677744	0	NaN	2.521442167151894	0	NaN	1.1969984793819823	0	NaN	-0.0005468685416510411	1	NaN	NaN	NaN	NaN	NaN	NaN	NaN	NaN	NaN	NaN	-2.178088822206286e-10	-4.050351676625213e-12	-1.2204326090321957e-12	NaN	16.311267211450183	417.9273387802698	421.2007993570963	0	0	303.322655275635	7.7717340086319915	7.832606946413682	0.6	0	0.09139573279351824	2.138101054286345	2.154847959456283	-0.9	0	NaN	NaN	NaN	NaN	9	286.303158970303	286.0360171585083	93754.88544097223	1.1385513275506431	1009.5879126655492	0.025365114953429115	0.07756550146395245	0.005521230615048107	728.8334810957246	1482.1106074055817	0.0048493471321366674	49.17537715835794	753.2771263098572	275.6027017427863	-1.1135625970717828	-1.3716956468847106	0.18169280588206368	1.7761145461340746	1.9723281723887317e-14	-1.3353277792404205e-14	1.7761145461340746	5.8323784853729475	101.07019734468486	230.92980265531517	5.871509778204074	NaN	0.34598016793919883	1.0949213945073342	4647.350090857781	0.0006240115212548437	-0.013929916594812476	-0.0018658409532759921	0	62.842391564753704	-9.536575367449702	21.57175944729827	53.716731127979266	81.92140429224649	114.89593433318197	172.13504641156098	0.13503743977563165	1.0092548123575797	2.190337027478383	1.013346424732988	48.87066727616582	1.089998242417219	2.3132534246663132	1.089998242417219	1.0981655133016324	1.089998242417219	-0.0037292046468162107	1.1490788820829299	NaN	NaN	800000009	800000009	800000009	800000009	800000019	800101119	899999999	899999999	89999	89999	89	89	7	6	12	46	43	6	9	NaN	0	0	0	0	0	0	0	0	0	NaN	NaN	NaN	NaN	0	0	0	0	0	0	0	0	18000	0	0	0	18000	18000	18000	18000	87	NaN	1.1598594499720167	0.8270479880302066	0.2029353510124449	0.00334422166351608	0.18254538296124792	0.039873626603397994	1.4461142095382895e-8	NaN	0.0019055229712366469	0.05913564884555254	0.028073331471785885	-0.0000037292046468162106	NaN	417.92726792907723	7.771687227433924	94155.05500911459	11.40999984741211	2.445300523334121	87.316708504147	87.05073321172927	87.58268186611599	-0.5319440894093774	0.00028480589552620794	-1	0	2.1312231551250362	70.41213322406345	1.000165948284997	-273.1499938964844	9.00097453464402	-273.1499938964844	037
DATA	2025-10-30T173000_AIU-0547.ghg	2025-10-30	18:00:00	303.749	0	18000	18000	0.11333838357508688	1	NaN	-0.5994912766754851	2	NaN	28.833191343012054	0	NaN	2.1688984219849776	0	NaN	0.6476642498012606	0	NaN	-0.014960625845629407	1	NaN	NaN	NaN	NaN	NaN	NaN	NaN	NaN	NaN	NaN	-2.7517092586604997e-11	-5.24273544339862e-13	-1.547394954309331e-13	NaN	16.368536281926904	418.7902015188687	422.1586319613985	0	0	311.86399890077286	7.979063289265595	8.043240816793595	0.1	1	0.0920467537490228	2.1496061261507267	2.166895925884612	0.6	0	NaN	NaN	NaN	NaN	9	285.93962553999165	285.6464801101685	93778.77520399305	1.1403048172382377	1009.693755363443	0.025324118708844264	0.04196864338712168	0.00567769897895413	748.4674971858336	1444.7380299706444	0.004979106369738258	51.80645083462237	696.2705327848108	275.976755540469	-0.9047477367390823	-1.6712316191255034	0.14620329446445368	1.9060322649975978	9.160541353590725e-15	-1.6810967158369327e-15	1.9060322649975978	6.5960046646149095	90.42960150777168	241.57039849222832	4.399226721862981	NaN	0.3152666468989165	1.2135047546297018	4353.273510056822	0.0006661653565530614	-0.02079170736057895	-0.0016515594486313507	0	64.68374571616177	-9.816007963915657	22.20383674134156	55.29069296169871	84.321795399693	118.26251699174156	177.1788007057645	0.11233146419519997	1.0089638231558806	0.9858321840121209	1.0133030202826083	26.42533523727559	1.0911192264588545	1.987773993337075	1.0911192264588545	0.5935778914859802	1.0911192264588545	-0.01579519991386709	1.1496691123912095	NaN	NaN	800000009	800000009	800000009	800000009	800011009	800111119	899999999	899999999	89999	89999	89	89	4	11	2	24	67	1	2	NaN	0	0	0	0	0	0	0	0	0	NaN	NaN	NaN	NaN	0	0	0	0	0	0	0	0	17864	0	0	0	18000	18000	18000	18000	87	NaN	1.3026343861051448	0.9676079199568647	0.1567672031973941	0.028800790766107507	0.6722892162223828	0.02150697215376341	1.2339042645457419e-7	NaN	0.0008562337906546018	0.050743619733533654	0.015152774364067081	-0.00001579519991386709	NaN	418.7894131401911	7.979039646995164	94174.8910017361	11.400281291643779	2.8212740672164482	87.34663256687588	87.07971956761678	87.61354690763686	-0.5338289581404796	0.0002844166590366513	-1	0	2.1424927013317743	67.21495349449587	1.0001477461953958	-273.1499938964844	9.000922806898753	-273.1499938964844	204
DATA	2025-10-30T180000_AIU-0547.ghg	2025-10-30	18:30:00	303.77	0	18000	18000	0.047446891930240494	2	NaN	1.0484832181146237	2	NaN	31.232389009341198	1	NaN	2.2394921539164936	1	NaN	0.7012401489023334	1	NaN	-0.003323020350705833	1	NaN	NaN	NaN	NaN	NaN	NaN	NaN	NaN	NaN	NaN	-6.051301799680433e-11	-1.1613484792378083e-12	-3.4032691158508317e-13	NaN	16.455852944863732	420.08852959899684	423.5029025473881	0.1	0	315.8160082692909	8.062218529917088	8.12774619590417	0.1	1	0.09254817881533398	2.1566488312903025	2.1741775256247236	-0.3	0	NaN	NaN	NaN	NaN	9	285.4719210857815	285.1767829674615	93810.74192534722	1.1425362482040422	1009.7299650212525	0.025273862299034357	0.045440361648871205	0.005748277753490936	756.525577414243	1400.7787194468847	0.005031155696396223	54.00750075022319	644.2531420326417	276.1277654127247	-0.9304146352077484	-1.3263110499325068	0.08688527105492053	1.6224430482787362	2.8439575027094657e-15	-3.677294528552037e-15	1.6224430482787362	6.809576446708177	97.04987509486534	234.95012490513466	3.0697791417804283	NaN	0.20378344069409648	1.466738957683883	-672.3841797905458	-0.004313010459144619	0.03357038162533888	0.004459820308847087	0	41.21270538436787	-6.254187041712799	14.14698811721524	35.22800070248073	53.72492382456763	75.34996956084836	112.88798496432518	0.04699202406227444	1.0096796823938303	2.7477519253280445	1.0134604025642895	28.685370429010817	1.0887915527057117	2.056860331393298	1.0887915527057117	0.6440536273079176	1.0887915527057117	-0.005521901553642223	1.1485099586481948	NaN	NaN	800000009	800000009	800000009	800000009	800001009	800111119	899999999	899999999	89999	89999	89	89	9	14	15	16	51	13	1	NaN	0	0	0	0	0	0	0	0	0	NaN	NaN	NaN	NaN	0	0	0	0	0	0	0	0	17739	0	0	0	18000	18000	18000	18000	87	NaN	1.6338643116555946	1.0974760395924559	0.20213756411971537	0.0329809270640794	0.8012944977760393	0.043227538096188026	1.1028599632205974e-7	NaN	0.002381783535127526	0.05240743834105554	0.01641005966535839	-0.000005521901553642223	NaN	420.0881533518626	8.062170632025046	94206.56134765624	11.409158161481223	2.970122752798915	87.3827140405443	87.11422561136881	87.65119985771179	-0.5369710247185492	0.0002838691775476845	-1	0	2.1494265811045974	69.9647723857032	1.0001383555399046	-273.1499938964844	9.000890533102883	-273.1499938964844	146
DATA	2025-10-30T183000_AIU-0547.ghg	2025-10-30	19:00:00	303.791	0	18000	18000	0.13141422087929794	1	NaN	-3.6430960041586804	2	NaN	27.640025203039347	1	NaN	2.938415195680583	0	NaN	0.6202545453412424	1	NaN	0.01242842309567414	1	NaN	NaN	NaN	NaN	NaN	NaN	NaN	NaN	NaN	NaN	-2.9002627486029517e-10	-5.579478530250594e-12	-1.6463869084390792e-12	NaN	16.479165532527766	419.74637232314194	423.16342236162643	0.1	0	317.0235190914133	8.075012767914428	8.140749423449172	0.1	1	0.09354698089965534	2.1743082578314277	2.1920087565277697	0	1	NaN	NaN	NaN	NaN	9	284.9070722401937	284.62421860334615	93852.97687174479	1.1452641748942751	1009.7260375339794	0.025213539648315977	0.0401924945381125	0.005771174321440965	758.0672755378579	1350.5734596538234	0.005039164280131027	56.12928864544431	592.5061841159655	276.1564948924444	-0.33548583162991896	-1.503996705399195	0.12268460423230738	1.545835807966616	2.465417448931581e-14	-1.7599572884186422e-14	1.545835807966616	7.572810233044428	74.57469884938467	257.42530115061527	4.552042517735348	NaN	0.33874145172326503	1.8223658024928342	889.0833815451067	0.003261786307331706	-0.13180508980715688	-0.0093002161114776	0	63.96140109274088	-9.706389380488144	21.955879207159743	54.673243642029526	83.38014622848637	116.94184064012667	175.20018687230507	0.1304824650979354	1.0071408505400568	-2.1090131354692385	1.0121580839229327	25.21119321846883	1.09633943001124	2.6802057056822792	1.09633943001124	0.5657504677496489	1.09633943001124	0.010919915740364215	1.1683534137341187	NaN	NaN	800000009	800000009	800000009	800000009	800001009	800111119	899999999	899999999	89999	89999	89	89	32	5	5	26	75	5	2	NaN	0	0	0	0	0	0	0	0	0	NaN	NaN	NaN	NaN	0	0	0	0	0	0	0	0	17702	0	0	0	18000	18000	18000	18000	87	NaN	1.6931981014653108	1.7653981684736202	0.1861353350467376	0.03333652723725079	0.888055985027325	0.0323253978795214	5.008532711899269e-7	NaN	-0.001823769940986317	0.06812775286732843	0.014380727557481219	0.000010919915740364214	NaN	419.7452301103384	8.074979467162537	94248.85383376737	11.430000305175781	2.999850368314303	87.41634811210632	87.14611517863804	87.68657536188762	-0.5404559356338449	0.00028308789976128724	-1	0	2.1669879058003443	66.67906993314955	1.0001489910814496	-273.1499938964844	9.000868927240372	-273.1499938964844	021
DATA	2025-10-30T190000_AIU-0547.ghg	2025-10-30	19:30:00	303.812	0	18000	18000	0.15102101014819036	1	NaN	2.5284304321270272	1	NaN	26.75393345583332	0	NaN	2.9822841437039984	0	NaN	0.6001112395145847	0	NaN	0.010498882854646464	2	NaN	NaN	NaN	NaN	NaN	NaN	NaN	NaN	NaN	NaN	1.0230895269489938e-10	1.978985207117912e-12	5.836477914645982e-13	NaN	16.53132730652379	420.11635809825543	423.5583652182879	0.1	0	319.76920232188047	8.126405715676421	8.192985237740851	0.1	1	0.09430721768019856	2.1874448556059476	2.205366559016299	0.8	0	NaN	NaN	NaN	NaN	9	284.46468954128693	284.1738684107462	93867.12588259549	1.1472297224570698	1009.7455129439903	0.025169850677243467	0.03888720832054508	0.0058179857871755595	763.0069619414434	1310.8333620645726	0.005071334601334192	58.207777130397524	547.8264001231292	276.24819904826234	0.32582352034568857	-1.4076481207688705	0.17636443902408072	1.4555887515596186	-3.0403839117125413e-15	6.188792393852429e-15	1.4555887515596186	12.953863779716922	48.967453119431184	283.0325468805688	6.959264596002829	NaN	0.36282189753930094	1.9343348772031788	-1574.2880275117816	-0.0018421025564067544	0.09450686704820739	0.006015825030664318	0	62.420297470963995	-9.472520960267678	21.426868203845594	53.355931445117946	81.3711620107909	114.12421170972777	170.97886529535265	0.14948610382984703	1.0102678863052745	3.9610341362317563	1.0136804563044546	24.597773738662617	1.0876567017844248	2.741935151791205	1.0876567017844248	0.5517469239421169	1.0876567017844248	0.0073126435029886045	1.1480838004089626	NaN	NaN	800000009	800000009	800000009	800000009	800001009	801101109	899999999	899999999	89999	89999	89	89	5	18	11	33	52	3	2	NaN	0	0	0	0	0	0	0	0	0	NaN	NaN	NaN	NaN	0	0	0	0	0	0	0	0	17703	0	0	0	18000	18000	18000	18000	87	NaN	1.7577239476029998	1.8839805125136533	0.22696529428970444	0.03856372002520891	0.7687063187007335	0.03021310143818156	2.637890630292645e-7	NaN	0.0034193713067507967	0.0695796827401285	0.014001197619737756	0.000007312643502988605	NaN	420.11557726073494	8.126374544133837	94259.69922178819	11.410841533342998	3.090974673628807	87.48148927052816	87.21046131155227	87.75251439306471	-0.5420525983191198	0.00028236267993634093	-1	0	2.180029569904011	66.71571146297455	1.0001356557392411	-273.1499938964844	9.000807888666788	-273.1499938964844	055
DATA	2025-10-30T193000_AIU-0547.ghg	2025-10-30	20:00:00	303.833	0	18000	18000	0.1945265018164996	0	NaN	7.9579273354351825	0	NaN	23.810223911258102	0	NaN	1.19670036860884	1	NaN	0.5339287307642495	0	NaN	-0.00401751425279034	1	NaN	NaN	NaN	NaN	NaN	NaN	NaN	NaN	NaN	NaN	9.902550739383549e-11	1.9188804388819973e-12	5.662232788591826e-13	NaN	16.599814288225744	421.2104741689635	424.6767127227782	0	0	321.6651927878248	8.16206410657937	8.229231622631175	0.1	1	0.09491697161773702	2.198547772654461	2.2166401315090543	-0.4	0	NaN	NaN	NaN	NaN	9	284.16874715508357	283.87503742472325	93889.72719162326	1.148698378071457	1009.7593866822102	0.025137330054567655	0.034598581753523365	0.005851074772115214	766.5395332630314	1285.0352074730026	0.005093656336434068	59.65124759269568	518.4956742099712	276.31345901790064	-0.4594842051903935	-1.0522438322349565	0.1056766110985128	1.1530439555496166	-3.763920532153153e-13	5.965458749985795e-15	1.1530439555496166	5.195448515699558	85.58949087904955	246.41050912095042	5.258544113484015	NaN	0.41151567689538365	1.2347154553277808	-729.9425183373626	-0.003972915575058592	0.33422312050045294	0.01667207586377258	0	83.21272509623876	-12.627852070102296	28.564235765607073	71.12898585050259	108.47619139135253	152.13940081339808	227.93254584708228	0.19225093586046477	1.011836436300557	9.164601230188806	1.0144483171564216	21.919746766122795	1.0862453916692623	1.1016851052135086	1.0862453916692623	0.4915360146603218	1.0862453916692623	-0.008025760597763653	1.1480029132017688	NaN	NaN	800000009	800000009	800000009	800000009	800000019	800101119	899999999	899999999	89999	89999	89	89	4	0	0	2	36	6	3	NaN	0	0	0	0	0	0	0	0	0	NaN	NaN	NaN	NaN	0	0	0	0	0	0	0	0	17901	0	0	0	18000	18000	18000	18000	87	NaN	1.200846990538381	1.1262902880407788	0.14229363207640203	0.018250474817169297	0.5670765390082706	0.017619908736305333	2.5095256795183936e-8	NaN	0.007901138338784702	0.027921379324658165	0.012457610121180476	-0.000008025760597763652	NaN	421.20929473283553	8.16204377737129	94289.28534092882	11.399999618530273	3.1584113408459595	87.5210439989655	87.24994503762987	87.79212676175436	-0.5421661303838095	0.0002821089108409877	-1	0	2.191052055915197	66.61698170895048	1.000130043082767	-273.1499938964844	9.000750313811832	-273.1499938964844	215
DATA	2025-10-30T200000_AIU-0547.ghg	2025-10-30	20:30:00	303.854	0	18000	18000	0.13368320100106604	0	NaN	8.002589288736376	1	NaN	18.318741635197366	0	NaN	1.7043481317331033	1	NaN	0.41071010492690335	0	NaN	0.002196704302107213	1	NaN	NaN	NaN	NaN	NaN	NaN	NaN	NaN	NaN	NaN	2.0268728398174623e-12	3.9513648652808785e-14	1.1621338357186435e-14	NaN	16.65400739611159	422.31504474850584	425.8208200406072	0.1	0	324.6679238992104	8.232982341650256	8.301327020421652	0.1	1	0.09548791179752962	2.209813230483354	2.228157612763651	-0.3	0	NaN	NaN	NaN	NaN	9	283.9746784320407	283.6825279447767	93923.67789474827	1.1498626170305586	1009.7947699004641	0.025111202949014318	0.026614014799263334	0.005908054052197899	773.4794035936085	1268.6535080964247	0.005138052115699738	60.968530702617954	495.17410450281625	276.44089404623895	-0.411489292241016	-1.2232420999896887	0.09864928170519666	1.294363300467514	-2.7641555889183853e-15	1.217048120376541e-16	1.294363300467514	5.814902368689589	80.59254598778034	251.40745401221966	4.371009111205843	NaN	0.34096942763089383	0.9316939969846678	-413.0103293877827	-0.007021616152551814	0.4368525659732171	0.02021324388192579	0	77.15642974786323	-11.708785885649318	26.485305553946848	65.95215567647746	100.58119873760712	141.06656136023528	211.34341461071722	0.13222812543735987	1.0110042818719038	8.911247926381927	1.014017660848583	16.85595169757794	1.0867818064422679	1.5682523590568056	1.0867818064422679	0.3779140417076177	1.0867818064422679	-0.0018190808462268532	1.147909102948895	NaN	NaN	800000009	800000009	800000009	800000009	800101009	800101119	899999999	899999999	89999	89999	89	89	4	0	4	30	36	2	1	NaN	0	0	0	0	0	0	0	0	0	NaN	NaN	NaN	NaN	0	0	0	0	0	0	0	0	18000	0	0	0	18000	18000	18000	18000	87	NaN	1.1049056983967398	0.6404807677114052	0.11800152786119088	0.013285228724659252	1.0175819361709846	0.022774445737974502	1.3066421415706206e-8	NaN	0.00767466548017627	0.039707703778486064	0.009568676071293547	-0.0000018190808462268533	NaN	422.31483313835986	8.23295396330278	94325.09685850695	11.390282545089722	3.2854928081830437	87.50360027567545	87.22854622565376	87.77865721702575	-0.5501110698812537	0.00028205408252445825	-1	0	2.2022055488427474	66.42048559919989	1.0001372464597225	-273.1499938964844	9.000792133463754	-273.1499938964844	244
DATA	2025-10-30T203000_AIU-0547.ghg	2025-10-30	21:00:00	303.874	0	18000	18000	0.13521404018414634	0	NaN	7.255436959260352	0	NaN	32.30083721285274	0	NaN	3.5045287959350135	0	NaN	0.724122197499719	0	NaN	-0.004128008398273784	1	NaN	NaN	NaN	NaN	NaN	NaN	NaN	NaN	NaN	NaN	1.8278512810475405e-10	3.6024806504468377e-12	1.052087992522433e-12	NaN	16.7030389111411	423.5809955838106	427.14693996926025	0.1	0	329.1973209470394	8.34828498527062	8.41856556981462	0.1	1	0.09614057149646994	2.2239860549201236	2.242708827349822	-0.4	0	NaN	NaN	NaN	NaN	9	283.8881806055705	283.5823188230726	93929.14691143675	1.1502856102175167	1009.8563736224403	0.02510087098861912	0.046923118397981786	0.00599326206968417	784.357626048839	1260.1991459221044	0.005210238236876541	62.2407679442533	475.8415198732654	276.63862816974483	-0.2954564862927156	-1.3565143156652495	0.13082722605428115	1.394468137669027	9.18372745224219e-14	1.094322590500789e-14	1.394468137669027	4.859095979862284	74.28744088570693	257.7125591142931	5.383334212684924	NaN	0.3428530769217712	0.8618568390537169	-463.1602248193314	-0.006261332136478745	0.22462070909955734	0.01821756064175466	0	79.3139488108007	-12.036197727211894	27.225912031036284	67.79637052129095	103.39374273891245	145.01119431269734	217.25319357974143	0.13380577478955996	1.0105246981813842	8.935146395551559	1.0137918618214388	29.707481285050186	1.0872963918724279	3.223158673321707	1.0872963918724279	0.66598418141783	1.0872963918724279	-0.008516112441813977	1.1479870496947662	NaN	NaN	800000009	800000009	800000009	800000009	800000019	800101019	899999999	899999999	89999	89999	89	89	7	13	8	18	37	0	2	NaN	0	0	0	0	0	0	0	0	0	NaN	NaN	NaN	NaN	0	0	0	0	0	0	0	0	17703	0	0	0	18000	18000	18000	18000	87	NaN	0.8483582184859368	0.7639954579250382	0.1113600016964589	0.013476130021074423	1.3883649899141572	0.027437861147508114	6.805272546825314e-8	NaN	0.007691948622211317	0.08158537065707949	0.016857552419760172	-0.000008516112441813977	NaN	423.57967373784214	8.348256354080561	94329.10292881944	11.39610574748781	3.4829234794245805	87.48118928061591	87.20486798244052	87.7575135298835	-0.5526447395433983	0.0002817951745916313	-1	0	2.216224090105956	66.3060467338562	1.0001448980073133	-273.1903688981798	9.000863411426543	-273.1499938964844	234
DATA	2025-10-30T210000_AIU-0547.ghg	2025-10-30	21:30:00	303.895	0	18000	18000	0.13731090185012135	1	NaN	14.146194869199595	1	NaN	26.390528484555297	1	NaN	1.7841042814460195	1	NaN	0.5916992802988025	1	NaN	-0.004448388175264269	1	NaN	NaN	NaN	NaN	NaN	NaN	NaN	NaN	NaN	NaN	-2.3284755206591157e-11	-4.4238534156973844e-13	-1.3452330391242549e-13	NaN	16.635913127455556	421.8826620533583	425.29150851805144	0.1	0	316.06448278789253	8.015317485579374	8.080081907376481	0.1	1	0.09611086642954832	2.224335336284919	2.242308147991573	-0.4	0	NaN	NaN	NaN	NaN	9	283.98487484910754	283.71427769470216	93933.4538359375	1.149948542418762	1009.675591576326	0.025111399702959853	0.0383421133633624	0.0057518109413813995	753.1084141984397	1271.342542239696	0.005001798540727082	59.23725425499451	518.2341280412563	276.0639017069317	0.4314044999805691	-0.671430682234604	0.10886260185235784	0.8054688508761002	1.474766889472987e-13	-1.3996679970733013e-15	0.8054688508761002	9.65596429698337	29.278633846276477	302.7213661537235	7.767544062756322	NaN	0.3455519166940967	4.003066037833996	-243.19927250445306	-0.011924377775212712	0.5360330270565997	0.0352586813124827	0	47.597958951211346	-7.223173904947219	16.338839040202792	40.68601941395313	62.04874673985078	87.02424955321324	130.37818372523057	0.13525891171427384	1.0151708313325942	15.392336480233597	1.0164092415057802	24.29265186903093	1.0863584851433534	1.64227951071841	1.0863584851433534	0.5446630080131635	1.0863584851433534	-0.01071285797675981	1.1497771663796315	NaN	NaN	800000009	800000009	800000009	800000009	800001019	801101119	899999999	899999999	89999	89999	89	89	2	5	2	39	39	4	6	NaN	0	0	0	0	0	0	0	0	0	NaN	NaN	NaN	NaN	0	0	0	0	0	0	0	0	18000	0	0	0	18000	18000	18000	18000	87	NaN	2.9736755868206552	4.627001316568225	0.4054551722791123	0.018462066691744185	0.904635928156617	0.02891369418932758	3.59697251923703e-8	NaN	0.013256970319453687	0.04157324939391747	0.013787793685538478	-0.00001071285797675981	NaN	421.8818212221238	8.015289856067007	94329.55083854166	11.40999984741211	2.907349146021753	87.51533594195048	87.24173084576924	87.78893248197768	-0.5472168950968322	0.00028187820065553147	-1	0	2.216873998241954	65.83534652890097	1.0001451428863737	-273.1499938964844	9.000853570249346	-273.1499938964844	066
DATA	2025-10-30T213000_AIU-0547.ghg	2025-10-30	22:00:00	303.916	0	18000	18000	0.23534458992630683	0	NaN	26.430378294706756	1	NaN	36.52801888639195	1	NaN	2.741690189498155	0	NaN	0.8186573420308291	1	NaN	0.04326726706711599	1	NaN	NaN	NaN	NaN	NaN	NaN	NaN	NaN	NaN	NaN	2.2137278979532104e-10	4.11444049533406e-12	1.2784006080241148e-12	NaN	16.61079069096507	420.61490606139546	423.9289963028816	0.1	0	308.72859280318494	7.817559710207506	7.879155478627687	0.1	1	0.09592527129790857	2.2154760139370424	2.232932093910023	0	1	NaN	NaN	NaN	NaN	9	283.53589981079097	283.2887736129761	93946.45359157986	1.1519215607599995	1009.5587506742927	0.025070269007252642	0.05304899576359772	0.00561910318357069	734.6290141266326	1235.7183602738032	0.004878025878657391	59.44955078306498	501.08934614717066	275.7140322364948	-0.8482516819131611	-0.9447585653952918	0.059509830429713695	1.2710787082921962	5.089271357973774e-14	1.3327047093292792e-14	1.2710787082921962	7.404115560431593	103.91908801769455	228.08091198230548	2.683475831544039	NaN	0.45200231180725287	1.9093164959548723	-291.34381459046557	-0.009953875300481167	0.7235645156916259	0.05028149923151785	0	80.47124469192939	-12.211821842049257	27.62317425698663	68.78560963416034	104.90239480327578	147.12710028399079	220.42320629328887	0.23275453876746743	1.011127822351198	28.11521009663128	1.0140788282940623	33.6144219780199	1.0866769897241493	2.5230038138510023	1.0866769897241493	0.753358495461143	1.0866769897241493	0.029626418383248605	1.1479071086747723	NaN	NaN	800000009	800000009	800000009	800000009	800001009	800011109	899999999	899999999	89999	89999	89	89	14	9	8	55	50	8	0	NaN	0	0	0	0	0	0	0	0	0	NaN	NaN	NaN	NaN	0	0	0	0	0	0	0	0	17901	0	0	0	18000	18000	18000	18000	87	NaN	1.8448706771186105	1.787095733860978	0.18666658093015642	0.034732597741654964	0.4265121065480098	0.02238104361156315	1.712572722651915e-7	NaN	0.024176132575147623	0.06375089442753532	0.01903575319488853	0.000029626418383248606	NaN	420.6143362953555	7.817536213350429	94345.25700954862	11.40999984741211	2.5583641359673504	87.55655665143331	87.28340836079916	87.82970996305677	-0.5463035336534181	0.00028166082905307937	-1	0	2.2082287481758347	66.38795029173957	1.0001277533306017	-273.1499938964844	9.000756575398976	-273.1499938964844	241
DATA	2025-10-30T220000_AIU-0547.ghg	2025-10-30	22:30:00	303.937	0	18000	18000	0.3693994890440311	0	NaN	15.786305773606603	1	NaN	24.865595218741852	1	NaN	1.4641093776021463	0	NaN	0.5570917474067355	1	NaN	-0.02735757281488049	1	NaN	NaN	NaN	NaN	NaN	NaN	NaN	NaN	NaN	NaN	1.9271157412270195e-10	3.432950884803526e-12	1.1067028475399048e-12	NaN	16.64601059993048	420.7422915692272	423.91960059521534	0.1	0	296.530901569489	7.49507458849971	7.551674955559736	0.1	1	0.09559460771874997	2.203955806937373	2.2205993648077826	-0.2	0	NaN	NaN	NaN	NaN	9	283.1552260066139	282.93224746534554	93921.05321788194	1.1532022943786688	1009.3748099139751	0.025045489002023042	0.03609954523195646	0.005392637627796964	704.1341251731391	1206.5491011657102	0.0046762286669768125	58.35934273150079	502.41497599257116	275.1192752813421	-1.3058766604455072	-1.0264018089352636	0.09074195303825726	1.6634448075372816	-2.524893259559232e-14	1.15770426172567e-14	1.6634448075372816	7.681525219278388	113.83312089237347	218.1668791076265	3.127072770656548	NaN	0.565972586674349	1.5165654507092108	-957.3770637529238	-0.003029109542933881	0.6348653886920853	0.023962225692655013	0	81.90562901487753	-12.429495196946775	28.115551978444444	70.01169977954572	106.7722596366282	149.7496122997561	224.35220717716322	0.3659026857716807	1.009556648279243	16.961242502991386	1.0134225417096532	22.831324741060193	1.089099975614783	1.344329639504101	1.089099975614783	0.5115157101094088	1.089099975614783	-0.03278517784118065	1.1486467935206381	NaN	NaN	800000009	800000009	800000009	800000009	800100009	811111109	899999999	899999999	89999	89999	89	89	17	17	12	40	28	0	5	NaN	0	0	0	0	0	0	0	0	0	NaN	NaN	NaN	NaN	0	0	0	0	0	0	0	0	17504	0	0	0	18000	18000	18000	18000	87	NaN	1.1762061285730747	1.5769019201769547	0.28002285266839216	0.04226329095869752	0.6176865195609308	0.02354773651783069	2.0371541367619528e-7	NaN	0.014571347099546737	0.03392372223252151	0.012907932963319631	-0.00003278517784118065	NaN	420.7415385890307	7.495050059880752	94316.99212109375	11.40999984741211	1.9629400328398052	87.65373647944132	87.38392170990838	87.92355063586764	-0.5396247266613774	0.0002810461209365814	-1	0	2.1970338891413483	66.51088589117262	1.0000757904201747	-346.63249698213804	9.000628070672352	-273.1499938964844	251
DATA	2025-10-30T223000_AIU-0547.ghg	2025-10-30	23:00:00	303.958	0	18000	18000	0.3984169387468612	1	NaN	11.471869877126258	1	NaN	19.72128103353707	1	NaN	1.94581786295387	1	NaN	0.44184553098469465	1	NaN	-0.0007726172793488658	1	NaN	NaN	NaN	NaN	NaN	NaN	NaN	NaN	NaN	NaN	-9.709611131720739e-11	-1.6937529821102802e-12	-5.594901662043436e-13	NaN	16.63015467331186	420.2068048608232	423.3097175501924	0.1	0	290.09785962339924	7.330123927526639	7.384251405440531	0.1	1	0.09582678313221249	2.2093008734396022	2.22561490651934	-0.2	0	NaN	NaN	NaN	NaN	9	283.14953089057076	282.95024633110893	93942.86272894965	1.1534688518465586	1009.284601314317	0.025041267422138115	0.028631590407808213	0.005274846245220229	688.7975390108086	1208.0070126393407	0.00457302877037023	57.019332818761875	519.2094736285321	274.81149507771204	-1.497213234199043	-0.7746168878082422	0.10596950285564506	1.68905545411449	-1.0481619036709181e-13	-5.838557320998801e-15	1.68905545411449	7.685036411730662	124.64419956666836	207.35580043333167	3.5970373110239855	NaN	0.5877138987952585	1.889639748679953	-1475.3713947922981	-0.0019656067687338213	0.5817000354904807	0.016766743951579996	0	88.98262053124624	-13.503455962763738	30.54485415489599	76.06100568618128	115.99783283251541	162.68860988235667	243.7371833499606	0.394674059445342	1.0094834692373227	12.414429043353357	1.0134017797304513	18.104587203726524	1.0892974698411115	1.7863053177179355	1.0892974698411115	0.40562430669112237	1.0892974698411115	-0.005874352361188797	1.148737766883538	NaN	NaN	800000009	800000009	800000009	800000009	800001009	810111119	899999999	899999999	89999	89999	89	89	4	5	5	20	36	0	7	NaN	0	0	0	0	0	0	0	0	0	NaN	NaN	NaN	NaN	0	0	0	0	0	0	0	0	18000	0	0	0	18000	18000	18000	18000	87	NaN	1.8014306313518742	1.732402841724434	0.24544602428359757	0.0163736833553857	0.5885132784227731	0.018800848670139956	6.067104354781857e-9	NaN	0.010663683138011875	0.045061745942383866	0.010232371406430052	-0.000005874352361188797	NaN	420.20632676428124	7.330104114969706	94345.28113693577	11.380845106919605	1.6567154649032336	87.64820500734118	87.37895248688592	87.91745283084445	-0.5385069548702904	0.0002814820452056463	-1	0	2.202513728141785	66.7780348113378	1.0000829472425912	-406.2259994845899	9.000691659212112	-273.1499938964844	171
DATA	2025-10-30T230000_AIU-0547.ghg	2025-10-30	23:30:00	303.979	0	18000	18000	0.1196779037200153	1	NaN	4.489177574724489	0	NaN	14.256233848865	0	NaN	1.7437106867546537	0	NaN	0.31940786350904726	0	NaN	-0.001742871733818218	0	NaN	NaN	NaN	NaN	NaN	NaN	NaN	NaN	NaN	NaN	5.511999941664664e-11	9.627764472521032e-13	3.176560981835419e-13	NaN	16.610966609154566	420.0054345261559	423.1094500765654	0.1	0	290.14237276198617	7.336200006517874	7.390417588075684	0.1	1	0.0957288624086519	2.2071548706213173	2.223466666796764	-0.3	0	NaN	NaN	NaN	NaN	9	283.1646431020101	282.96335774824354	93958.5472328559	1.1536053185945112	1009.2881915067283	0.025038247457025844	0.02069762955538626	0.005279855413579416	689.4835919001471	1209.0700165346216	0.004576829985503274	57.02594411168279	519.5864246344745	274.8253919921627	-1.89511044528836	-1.0806644161276324	0.032829286440111696	2.1818242234821827	1.1880027663944986e-14	3.3182897006288087e-15	2.1818242234821827	7.675285060747384	122.30655875898401	209.69344124101596	0.8621457774624414	NaN	0.322090831022881	1.1180549371359894	-620.6664911549148	-0.004672396595156571	0.3148922515101625	0.01197060171123214	0	67.3878428602156	-10.226365137999377	23.13206578643685	57.60211452943779	87.84685913243274	123.20646899862238	184.5857417180818	0.11866875168509722	1.008503940764423	5.20928738599289	1.0133367467064787	13.03449803703092	1.0937309444800356	1.5942775465529333	1.0937309444800356	0.29203513452835067	1.0937309444800356	-0.004087395985739944	1.1511909808090834	NaN	NaN	800000009	800000009	800000009	800000009	800000009	800111119	899999999	899999999	89999	89999	89	89	10	22	6	43	37	0	11	NaN	0	0	0	0	0	0	0	0	0	NaN	NaN	NaN	NaN	0	0	0	0	0	0	0	0	18000	0	0	0	18000	18000	18000	18000	87	NaN	1.3244840700161626	0.7639226073106788	0.14770319694513695	0.006799269181254309	0.21365550654788096	0.013876621695401582	4.487557157975406e-9	NaN	0.0044741019445796075	0.04021300551054521	0.007366101654917503	-0.0000040873959857399445	NaN	420.0051557955341	7.336184986300376	94361.98527517362	11.389158366256293	1.6715169843633997	87.63110357298675	87.36366973601447	87.89852676999128	-0.5348747211214568	0.00028101151838361865	-1	0	2.200369569162528	66.43760056050617	1.0000742793613009	-352.76949723985547	9.00065527621905	-273.1499938964844	118
