DATAH	filename	date	time	DOY	daytime	file_records	used_records	Tau	qc_Tau	rand_err_Tau	H	qc_H	rand_err_H	LE	qc_LE	rand_err_LE	co2_flux	qc_co2_flux	rand_err_co2_flux	h2o_flux	qc_h2o_flux	rand_err_h2o_flux	ch4_flux	qc_ch4_flux	rand_err_ch4_flux	none_flux	qc_none_flux	rand_err_none_flux	H_strg	LE_strg	co2_strg	h2o_strg	ch4_strg	none_strg	co2_v-adv	h2o_v-adv	ch4_v-adv	none_v-adv	co2_molar_density	co2_mole_fraction	co2_mixing_ratio	co2_time_lag	co2_def_timelag	h2o_molar_density	h2o_mole_fraction	h2o_mixing_ratio	h2o_time_lag	h2o_def_timelag	ch4_molar_density	ch4_mole_fraction	ch4_mixing_ratio	ch4_time_lag	ch4_def_timelag	none_molar_density	none_mole_fraction	none_mixing_ratio	none_time_lag	none_def_timelag	sonic_temperature	air_temperature	air_pressure	air_density	air_heat_capacity	air_molar_volume	ET	water_vapor_density	e	es	specific_humidity	RH	VPD	Tdew	u_unrot	v_unrot	w_unrot	u_rot	v_rot	w_rot	wind_speed	max_wind_speed	wind_dir	yaw	pitch	roll	u*	TKE	L	(z-d)/L	bowen_ratio	T*	model	x_peak	x_offset	x_10%	x_30%	x_50%	x_70%	x_90%	un_Tau	Tau_scf	un_H	H_scf	un_LE	LE_scf	un_co2_flux	co2_scf	un_h2o_flux	h2o_scf	un_ch4_flux	ch4_scf	un_none_flux	un_none_scf	spikes_hf	amplitude_resolution_hf	drop_out_hf	absolute_limits_hf	skewness_kurtosis_hf	skewness_kurtosis_sf	discontinuities_hf	discontinuities_sf	timelag_hf	timelag_sf	attack_angle_hf	non_steady_wind_hf	u_spikes	v_spikes	w_spikes	ts_spikes	co2_spikes	h2o_spikes	ch4_spikes	none_spikes	head_detect_LI-7200	t_out_LI-7200	t_in_LI-7200	aux_in_LI-7200	delta_p_LI-7200	chopper_LI-7200	detector_LI-7200	pll_LI-7200	sync_LI-7200	chopper_LI-7500	detector_LI-7500	pll_LI-7500	sync_LI-7500	not_ready_LI-7700	no_signal_LI-7700	re_unlocked_LI-7700	bad_temp_LI-7700	laser_temp_unregulated_LI-7700	block_temp_unregulated_LI-7700	motor_spinning_LI-7700	pump_on_LI-7700	top_heater_on_LI-7700	bottom_heater_on_LI-7700	calibrating_LI-7700	motor_failure_LI-7700	bad_aux_tc1_LI-7700	bad_aux_tc2_LI-7700	bad_aux_tc3_LI-7700	box_connected_LI-7700	mean_value_RSSI_LI-7200	mean_value_LI-7500	u_var	v_var	w_var	ts_var	co2_var	h2o_var	ch4_var	none_var	w/ts_cov	w/co2_cov	w/h2o_cov	w/ch4_cov	w/none_cov	co2_mean	h2o_mean	air_p_mean	vin_sf_mean	dew_point_mean	avg_signal_strength_7200_mean	co2_signal_strength_7200_mean	h2o_signal_strength_7200_mean	delta_signal_strength_7200_mean	flowrate_mean	hit_power_mean	hit_vin_mean	ch4_mean	rssi_77_mean	ch4_aux-1_mean	ch4_aux-2_mean	ch4_aux-3_mean	ch4_aux-4_mean	CHK
DATAU		[yyyy-mm-dd]	[HH:MM]	[ddd.ddd]	[1=daytime]	[#]	[#]	[kg+1m-1s-2]	[#]	[kg+1m-1s-2]	[W+1m-2]	[#]	[W+1m-2]	[W+1m-2]	[#]	[W+1m-2]	[µmol+1s-1m-2]	[#]	[µmol+1s-1m-2]	[mmol+1s-1m-2]	[#]	[mmol+1s-1m-2]	[µmol+1s-1m-2]	[#]	[µmol+1s-1m-2]	[µmol+1s-1m-2]	[#]	[µmol+1s-1m-2]	[W+1m-2]	[W+1m-2]	[µmol+1s-1m-2]	[mmol+1s-1m-2]	[µmol+1s-1m-2]	[µmol+1s-1m-2]	[µmol+1s-1m-2]	[mmol+1s-1m-2]	[µmol+1s-1m-2]	[µmol+1s-1m-2]	[mmol+1m-3]	[µmol+1mol_a-1]	[µmol+1mol_d-1]	[s]	[1=default]	[mmol+1m-3]	[mmol+1mol_a-1]	[mmol+1mol_d-1]	[s]	[1=default]	[mmol+1m-3]	[µmol+1mol_a-1]	[µmol+1mol_d-1]	[s]	[1=default]	[mmol+1m-3]	[µmol+1mol_a-1]	[µmol+1mol_d-1]	[s]	[1=default]	[K]	[K]	[Pa]	[kg+1m-3]	[J+1kg-1K-1]	[m+3mol-1]	[mm]	[kg+1m-3]	[Pa]	[Pa]	[kg+1kg-1]	[%]	[Pa]	[K]	[m+1s-1]	[m+1s-1]	[m+1s-1]	[m+1s-1]	[m+1s-1]	[m+1s-1]	[m+1s-1]	[m+1s-1]	[deg_from_north]	[deg]	[deg]	[deg]	[m+1s-1]	[m+2s-2]	[m]	[#]	[#]	[K]	[0=KJ/1=KM/2=HS]	[m]	[m]	[m]	[m]	[m]	[m]	[m]	[kg+1m-1s-2]	[#]	[W+1m-2]	[#]	[W+1m-2]	[#]	[µmol+1s-1m-2]	[#]	[mmol+1s-1m-2]	[#]	[µmol+1s-1m-2]	[#]	[µmol+1s-1m-2]	[#]	8u/v/w/ts/co2/h2o/ch4/none	8u/v/w/ts/co2/h2o/ch4/none	8u/v/w/ts/co2/h2o/ch4/none	8u/v/w/ts/co2/h2o/ch4/none	8u/v/w/ts/co2/h2o/ch4/none	8u/v/w/ts/co2/h2o/ch4/none	8u/v/w/ts/co2/h2o/ch4/none	8u/v/w/ts/co2/h2o/ch4/none	8co2/h2o/ch4/none	8co2/h2o/ch4/none	8aa	8U	[#]	[#]	[#]	[#]	[#]	[#]	[#]	[#]	[#_flagged_recs]	[#_flagged_recs]	[#_flagged_recs]	[#_flagged_recs]	[#_flagged_recs]	[#_flagged_recs]	[#_flagged_recs]	[#_flagged_recs]	[#_flagged_recs]	[#_flagged_recs]	[#_flagged_recs]	[#_flagged_recs]	[#_flagged_recs]	[#_flagged_recs]	[#_flagged_recs]	[#_flagged_recs]	[#_flagged_recs]	[#_flagged_recs]	[#_flagged_recs]	[#_flagged_recs]	[#_flagged_recs]	[#_flagged_recs]	[#_flagged_recs]	[#_flagged_recs]	[#_flagged_recs]	[#_flagged_recs]	[#_flagged_recs]	[#_flagged_recs]	[#_flagged_recs]	[#]	[#]	[m+2s-2]	[m+2s-2]	[m+2s-2]	[K+2]	--	--	--	--	[m+1s-1K+1]	--	--	--	--	--	--	--	--	--	--	--	--	--	--	--	--	--	--	--	--	--	--	207
DATA	2025-08-26T233000_AIU-0547.ghg	2025-08-27	00:00:00	239	0	18000	18000	0.0415084642379793	1	NaN	61.27019875455892	0	NaN	NaN	NaN	NaN	NaN	NaN	NaN	NaN	NaN	NaN	-0.006274781154482401	1	NaN	NaN	NaN	NaN	NaN	NaN	NaN	NaN	NaN	NaN	NaN	NaN	6.79493031856727e-13	NaN	NaN	NaN	NaN	NaN	0	NaN	NaN	NaN	NaN	0	0.09104766574134635	2.2691516280690607	2.2691516280690607	0	1	NaN	NaN	NaN	NaN	9	287.7300194509295	286.8805989286635	95701.00487478299	1.1621786628181703	1005.4036761716413	0.024922677694070736	NaN	NaN	NaN	NaN	NaN	NaN	NaN	NaN	1.513707745521316	-1.2668508557522737	0.26818327844604106	1.9920202058236551	-3.5230417105230276e-14	7.463047254688236e-15	1.9920202058236551	3.706985313019345	11.926604712295443	320.07339528770456	7.737155414055217	NaN	0.18898697945013324	0.1741318299069946	-9.297494395380864	-0.3119119922718925	NaN	0.2774623362792862	1	22.162199895495725	10	18	30	45	75	176	0.04114638905125546	1.0087996831574408	60.466190318113796	1.013296826411838	NaN	1	NaN	1	NaN	1	-0.005455822565087965	1.1501072624016377	NaN	NaN	800009909	800009909	800009909	800009909	800009919	800019919	899999999	899999999	89999	89999	89	89	21	8	4	71	0	0	2	NaN	0	0	0	0	0	0	0	0	0	NaN	NaN	NaN	NaN	0	0	0	0	0	0	0	0	17406	0	0	0	18000	18000	18000	18000	6	NaN	0.13943804847519908	0.14791724827860953	0.060908363060180604	0.20539157655145832	NaN	NaN	3.769328655793951e-7	NaN	0.05174867568694756	NaN	NaN	-0.000005455822565087965	NaN	NaN	NaN	96087.80497808159	11.630232287417977	NaN	0	0	0	0	0.00027944573560186357	-1	0	2.1278699224392565	83.2337174150679	1.0001715433862475	-273.1499938964844	9.00110418036249	-273.1499938964844	153
DATA	2025-08-27T000000_AIU-0547.ghg	2025-08-27	00:30:00	239.02	0	18000	18000	0.02094104123452943	0	NaN	32.317338736560394	1	NaN	NaN	NaN	NaN	NaN	NaN	NaN	NaN	NaN	NaN	-0.0022582320613209208	2	NaN	NaN	NaN	NaN	NaN	NaN	NaN	NaN	NaN	NaN	NaN	NaN	1.2102657007769325e-13	NaN	NaN	NaN	NaN	NaN	0	NaN	NaN	NaN	NaN	0	0.08988161846689877	2.2508854286862428	2.2508854286862428	-0.1	0	NaN	NaN	NaN	NaN	9	289.12030496300594	288.2547837159898	95698.25919292535	1.1566050736466105	1005.4343442598497	0.025042778123929636	NaN	NaN	NaN	NaN	NaN	NaN	NaN	NaN	1.731782031421569	-0.3412565018477814	0.3363742217121639	1.7968507510198202	-9.344142082449664e-14	1.346510801007265e-15	1.7968507510198202	3.7043601115679143	343.147600914309	348.852399085691	10.789546385899307	NaN	0.13455709097765825	0.40850891919737076	-6.362211341571716	-0.4558163576005298	NaN	0.20653335113016558	1	27.656926220580402	12	22	36	55	88	202	0.02075004513636554	1.0092046112145154	31.89201058772538	1.0133365109629906	NaN	1	NaN	1	NaN	1	-0.001965103886026559	1.149166757736695	NaN	NaN	800009909	800009909	800009909	800009909	800009909	800019909	899999999	899999999	89999	89999	89	89	3	6	5	18	0	0	0	NaN	0	0	0	0	0	0	0	0	0	NaN	NaN	NaN	NaN	0	0	0	0	0	0	0	0	15616	0	0	0	18000	18000	18000	18000	6	NaN	0.19715808761702494	0.5497028022401741	0.07015694853754245	0.47519315510194315	NaN	NaN	5.451603184243576e-7	NaN	0.027424776090947834	NaN	NaN	-0.000001965103886026559	NaN	NaN	NaN	96093.24974429644	11.616791238149009	NaN	0	0	0	0	0.0002805043646755318	-1	0	2.113855007118651	83.45452222061157	1.0001497851328718	-289.2999945746505	9.001009098503324	-273.1499938964844	048
DATA	2025-08-27T003000_AIU-0547.ghg	2025-08-27	01:00:00	239.041	0	18000	18000	0.012736028312991407	0	NaN	48.614165643164355	0	NaN	NaN	NaN	NaN	NaN	NaN	NaN	NaN	NaN	NaN	-0.017074191078842747	1	NaN	NaN	NaN	NaN	NaN	NaN	NaN	NaN	NaN	NaN	NaN	NaN	-7.349193743490273e-13	NaN	NaN	NaN	NaN	NaN	0	NaN	NaN	NaN	NaN	0	0.08897516776739989	2.226125546667467	2.226125546667467	-0.1	0	NaN	NaN	NaN	NaN	9	288.84198629845514	288.01117843797476	95705.8591592882	1.1576752825567198	1005.428825777508	0.02501962741432571	NaN	NaN	NaN	NaN	NaN	NaN	NaN	NaN	1.734231485821597	-0.11621351719919891	0.30266919592881986	1.7642769255870943	1.9838907015464522e-14	-8.25982566585616e-15	1.7642769255870943	3.0441519378941972	335.83374655999137	356.1662534400086	9.878198446999612	NaN	0.1048874742621359	0.20100540942119519	-2.0033378703063516	-1.4475840760483054	NaN	0.3981998716875944	1	25.006295790657664	11	19	32	47	74	160	0.012618872905572157	1.009284141959106	47.973591619627314	1.0133526384394151	NaN	1	NaN	1	NaN	1	-0.01485966056702122	1.1490296835404399	NaN	NaN	800009909	800009909	800009909	800009909	800009909	800019919	899999999	899999999	89999	89999	89	89	9	3	0	32	0	0	0	NaN	0	0	0	0	0	0	0	0	0	NaN	NaN	NaN	NaN	0	0	0	0	0	0	0	0	15017	0	0	0	18000	18000	18000	18000	6	NaN	0.14435259365250866	0.2080311215436875	0.04962710364619421	0.32144208304151706	NaN	NaN	1.9564917380271798e-7	NaN	0.041215838601988734	NaN	NaN	-0.00001485966056702122	NaN	NaN	NaN	96092.27855230034	11.59000015258789	NaN	0	0	0	0	0.0002805492136523955	-1	0	2.090198302043808	83.49391643651327	1.0001668077872858	-273.1499938964844	9.001113728337817	-273.1499938964844	008
DATA	2025-08-27T010000_AIU-0547.ghg	2025-08-27	01:30:00	239.062	0	18000	18000	0.011841688713350153	1	NaN	58.89147410522363	0	NaN	NaN	NaN	NaN	NaN	NaN	NaN	NaN	NaN	NaN	-0.017219586940426586	1	NaN	NaN	NaN	NaN	NaN	NaN	NaN	NaN	NaN	NaN	NaN	NaN	-1.2140778166479406e-13	NaN	NaN	NaN	NaN	NaN	0	NaN	NaN	NaN	NaN	0	0.09072149165098867	2.2616903873019303	2.2616903873019303	0	0	NaN	NaN	NaN	NaN	9	287.836631199307	287.0357502560085	95724.48570529514	1.1618354643742057	1005.4070825065428	0.024930039686767904	NaN	NaN	NaN	NaN	NaN	NaN	NaN	NaN	1.6444664080093285	-0.23934127198723304	0.2832338510846028	1.6857566330724534	4.440424350684945e-14	-1.338247194301627e-15	1.6857566330724534	2.9981324665005644	340.2808796330505	351.7191203669494	9.67247697779235	NaN	0.10095655111481432	0.2003903417106767	-1.4748511752659208	-1.9663000909072197	NaN	0.49938023602823406	1	21.951416508452205	10	17	28	41	64	138	0.011730336045472314	1.0094927091130368	58.112514455564096	1.0134043356574283	NaN	1	NaN	1	NaN	1	-0.014990163140845862	1.1487257862795297	NaN	NaN	800009909	800009909	800009909	800009909	800009919	800019919	899999999	899999999	89999	89999	89	89	1	0	1	50	0	0	0	NaN	0	0	0	0	0	0	0	0	0	NaN	NaN	NaN	NaN	0	0	0	0	0	0	0	0	16808	17998	0	0	18000	18000	18000	18000	6	NaN	0.09098851750739277	0.26438659164946837	0.045405574264492266	0.21208901563175794	NaN	NaN	1.4281917149426222e-7	NaN	0.049748855960445586	NaN	NaN	-0.000014990163140845861	NaN	NaN	NaN	96108.85552560764	11.543559243943962	NaN	0	0	0	0	0.00027977197952633196	-1	0	2.121676637531652	83.91788625356884	1.0001672423150805	-280.65974421183193	9.001100920571222	-273.1499938964844	100
DATA	2025-08-27T013000_AIU-0547.ghg	2025-08-27	02:00:00	239.083	0	18000	18000	0.02365629992157964	0	NaN	47.05670716188616	0	NaN	NaN	NaN	NaN	NaN	NaN	NaN	NaN	NaN	NaN	-0.011136469591545359	0	NaN	NaN	NaN	NaN	NaN	NaN	NaN	NaN	NaN	NaN	NaN	NaN	1.922454208205295e-13	NaN	NaN	NaN	NaN	NaN	0	NaN	NaN	NaN	NaN	0	0.0911998191668435	2.2698148365042843	2.2698148365042843	-0.1	0	NaN	NaN	NaN	NaN	9	287.3473621020847	286.54964621480303	95722.37016015625	1.163780686473065	1005.3964579547129	0.024888369924855023	NaN	NaN	NaN	NaN	NaN	NaN	NaN	NaN	1.8780219722390479	0.1947405361871143	0.289485540713228	1.9101550415945037	2.9622232121864324e-14	2.1079583553650512e-15	1.9101550415945037	3.772954134325753	326.07990140780913	5.920098592190808	8.716808874977279	NaN	0.14257317989557122	0.25228175550187965	-5.198495094411843	-0.5578537533136031	NaN	0.28208188768068404	1	26.241663220873882	12	21	34	52	83	187	0.02344632677466233	1.0089554815530517	46.43896095600297	1.013302326175395	NaN	1	NaN	1	NaN	1	-0.009686502365060752	1.149689451552156	NaN	NaN	800009909	800009909	800009909	800009909	800009909	800009909	899999999	899999999	89999	89999	89	89	1	4	0	62	0	0	0	NaN	0	0	0	0	0	0	0	0	0	NaN	NaN	NaN	NaN	0	0	0	0	0	0	0	0	16807	18000	0	0	18000	18000	18000	18000	6	NaN	0.22144173789020913	0.22959213001158185	0.05352964310196824	0.14587158629263952	NaN	NaN	4.861316754788775e-8	NaN	0.039689351024562	NaN	NaN	-0.000009686502365060753	NaN	NaN	NaN	96109.90806011285	11.520000457763672	NaN	0	0	0	0	0.0002792249861263877	-1	0	2.1281675122910078	83.64897975667314	1.0001769851644833	-273.1499938964844	9.001110469844606	-273.1499938964844	119
DATA	2025-08-27T020000_AIU-0547.ghg	2025-08-27	02:30:00	239.104	0	18000	18000	0.017883259993538826	0	NaN	38.53356769433127	0	NaN	NaN	NaN	NaN	NaN	NaN	NaN	NaN	NaN	NaN	-0.00980362203788543	0	NaN	NaN	NaN	NaN	NaN	NaN	NaN	NaN	NaN	NaN	NaN	NaN	-3.469302885207351e-13	NaN	NaN	NaN	NaN	NaN	0	NaN	NaN	NaN	NaN	0	0.09107983120779664	2.266100702346211	2.266100702346211	-0.1	0	NaN	NaN	NaN	NaN	9	287.18749205780034	286.4344289779663	95714.61354210069	1.1641544712092595	1005.3939603000034	0.024880378809400205	NaN	NaN	NaN	NaN	NaN	NaN	NaN	NaN	1.7337364873687149	0.12097938005826007	0.2821304755928014	1.7607032184019933	-1.4795794895556672e-14	-3.809079177246401e-15	1.7607032184019933	3.94138300602777	328.0083955914858	3.991604408514263	9.220675030967922	NaN	0.12394186875487642	0.2338191494897962	-4.170367778189154	-0.6953823150003404	NaN	0.2656282727437322	1	26.412061061948844	12	21	34	51	82	182	0.017718596638064996	1.0092932504101415	38.02574944655451	1.0133545888027928	NaN	1	NaN	1	NaN	1	-0.008532196353970886	1.1490150520648559	NaN	NaN	800009909	800009909	800009909	800009909	800009919	800019919	899999999	899999999	89999	89999	89	89	11	4	1	25	0	0	1	NaN	0	0	0	0	0	0	0	0	0	NaN	NaN	NaN	NaN	0	0	0	0	0	0	0	0	16014	603	0	0	18000	18000	18000	18000	6	NaN	0.15861311759789296	0.26636166592189625	0.04266351545980316	0.16037347199354138	NaN	NaN	5.7743120458835645e-8	NaN	0.0324885927214123	NaN	NaN	-0.000008532196353970886	NaN	NaN	NaN	96103.31027539063	11.49033802372466	NaN	0	0	0	0	0.0002793376762775652	-1	0	2.1242548139095305	82.93308725950445	1.0001621781057781	-281.54799424913114	9.00107038113806	-273.1499938964844	167
DATA	2025-08-27T023000_AIU-0547.ghg	2025-08-27	03:00:00	239.124	0	18000	18000	0.008468349068938326	0	NaN	44.57325632109158	0	NaN	NaN	NaN	NaN	NaN	NaN	NaN	NaN	NaN	NaN	-0.008050496839429204	0	NaN	NaN	NaN	NaN	NaN	NaN	NaN	NaN	NaN	NaN	NaN	NaN	7.213893527583017e-13	NaN	NaN	NaN	NaN	NaN	0	NaN	NaN	NaN	NaN	0	0.0913240091900031	2.268164103230835	2.268164103230835	0	0	NaN	NaN	NaN	NaN	9	286.6012258682251	285.8940139524672	95703.0058999566	1.1662135820317323	1005.3823506233003	0.02483644907126047	NaN	NaN	NaN	NaN	NaN	NaN	NaN	NaN	1.7303999368051397	0.12856174586513472	0.2892084580450038	1.7591059081249536	2.770815781137791e-14	7.899229996105663e-15	1.7591059081249536	3.5248449285139367	327.75096095268674	4.24903904731326	9.462759006224106	NaN	0.08521387764214708	0.1806732496566773	-1.1715840661072947	-2.4752811888570148	NaN	0.44612307047593874	1	25.519946869961622	11	20	32	47	74	157	0.008390341753967663	1.0092972750405278	43.98580514048166	1.0133554718103652	NaN	1	NaN	1	NaN	1	-0.007006472552150933	1.1490085459562336	NaN	NaN	800009909	800009909	800009909	800009909	800009909	800019919	899999999	899999999	89999	89999	89	89	5	1	1	44	0	0	0	NaN	0	0	0	0	0	0	0	0	0	NaN	NaN	NaN	NaN	0	0	0	0	0	0	0	0	17007	0	0	0	18000	18000	18000	18000	6	NaN	0.13331251099808242	0.18580117461727297	0.04223281369799924	0.15904111320077874	NaN	NaN	4.020829296355463e-8	NaN	0.03751484824270009	NaN	NaN	-0.000007006472552150933	NaN	NaN	NaN	96088.12439670139	11.536230995602086	NaN	0	0	0	0	0.0002784422035684757	-1	0	2.124693932202127	82.37630735524493	1.000132038798597	-273.1499938964844	9.00085534538163	-273.1499938964844	139
DATA	2025-08-27T030000_AIU-0547.ghg	2025-08-27	03:30:00	239.145	0	18000	18000	0.007952310242179314	0	NaN	59.932474085063085	0	NaN	NaN	NaN	NaN	NaN	NaN	NaN	NaN	NaN	NaN	-0.012806244335195852	0	NaN	NaN	NaN	NaN	NaN	NaN	NaN	NaN	NaN	NaN	NaN	NaN	9.328395228734284e-14	NaN	NaN	NaN	NaN	NaN	0	NaN	NaN	NaN	NaN	0	0.09153241490273285	2.2710281691058363	2.2710281691058363	-0.1	0	NaN	NaN	NaN	NaN	9	286.33395737033413	285.6507441474067	95718.91769769965	1.1674008312711868	1005.377181157436	0.024811190347366556	NaN	NaN	NaN	NaN	NaN	NaN	NaN	NaN	1.8373584589925256	0.32745456479219165	0.30643748398926235	1.891300222182673	-1.3798907188014404e-14	1.0191357060389071e-15	1.891300222182673	4.034492992355763	321.89482634640785	10.105173653592196	9.324440708741475	NaN	0.08253471543949735	0.23991545717660492	-0.7917971267763081	-3.6625543361175694	NaN	0.6186948854420529	1	24.228995121621676	11	19	30	45	69	146	0.007881424456537566	1.0089940322377826	59.14549519002124	1.0133058129366144	NaN	1	NaN	1	NaN	1	-0.011139764663108644	1.1495973858052906	NaN	NaN	800009909	800009909	800009909	800009909	800009909	800019909	899999999	899999999	89999	89999	89	89	6	4	0	46	0	0	0	NaN	0	0	0	0	0	0	0	0	0	NaN	NaN	NaN	NaN	0	0	0	0	0	0	0	0	15321	0	0	0	18000	18000	18000	18000	6	NaN	0.2496200696393484	0.17835998108117168	0.051850863632689766	0.19687404007623463	NaN	NaN	4.7675020236855255e-8	NaN	0.05039328272068884	NaN	NaN	-0.000011139764663108645	NaN	NaN	NaN	96105.54817903646	11.630000114440918	NaN	0	0	0	0	0.00027850412998426077	-1	0	2.1271536982258157	81.91368279774977	1.0001336778700352	-273.1499938964844	9.000832062032488	-273.1499938964844	077
DATA	2025-08-27T033000_AIU-0547.ghg	2025-08-27	04:00:00	239.166	0	18000	18000	0.009008907807291806	1	NaN	51.00463830979647	0	NaN	NaN	NaN	NaN	NaN	NaN	NaN	NaN	NaN	NaN	-0.010831180870028302	0	NaN	NaN	NaN	NaN	NaN	NaN	NaN	NaN	NaN	NaN	NaN	NaN	8.565664387553745e-15	NaN	NaN	NaN	NaN	NaN	0	NaN	NaN	NaN	NaN	0	0.09153914936880272	2.2678787386834514	2.2678787386834514	0	0	NaN	NaN	NaN	NaN	9	285.88839045565607	285.2377547353109	95720.3046701389	1.1691080252104125	1005.3684857293405	0.024774959722930992	NaN	NaN	NaN	NaN	NaN	NaN	NaN	NaN	1.6880615071455654	0.09806400080523081	0.273087453922042	1.7128178413509583	2.3750224342926977e-14	9.357378178208189e-17	1.7128178413509583	2.9685423128737662	328.67527185504173	3.324728144958293	9.174250239034375	NaN	0.087782662769284	0.12909886698731896	-1.1193952739744832	-2.590684512811429	NaN	0.4943346036503843	1	23.466767123005127	11	18	29	43	68	145	0.008924851859885487	1.009418189649077	50.33099155217014	1.0133843331285868	NaN	1	NaN	1	NaN	1	-0.009428035947509161	1.148826853263096	NaN	NaN	800009909	800009909	800009909	800009909	800009909	800019909	899999999	899999999	89999	89999	89	89	8	0	0	80	0	0	1	NaN	0	0	0	0	0	0	0	0	0	NaN	NaN	NaN	NaN	0	0	0	0	0	0	0	0	17010	0	0	0	18000	18000	18000	18000	6	NaN	0.0797095533899085	0.13580518810936584	0.04268299247536357	0.13675907428143877	NaN	NaN	3.9741465713139396e-8	NaN	0.04282087889938116	NaN	NaN	-0.00000942803594750916	NaN	NaN	NaN	96106.70053233507	11.590189836025232	NaN	0	0	0	0	0.0002775055259666664	-1	0	2.1232896668248706	81.52977676349215	1.0001329000459778	-273.1499938964844	9.000829614056482	-273.1499938964844	023
DATA	2025-08-27T040000_AIU-0547.ghg	2025-08-27	04:30:00	239.187	0	18000	18000	0.009667182605051073	1	NaN	73.82842161643626	0	NaN	NaN	NaN	NaN	NaN	NaN	NaN	NaN	NaN	NaN	-0.018005001216963794	1	NaN	NaN	NaN	NaN	NaN	NaN	NaN	NaN	NaN	NaN	NaN	NaN	-2.667358294575498e-13	NaN	NaN	NaN	NaN	NaN	0	NaN	NaN	NaN	NaN	0	0.09155135072407185	2.2682392959567594	2.2682392959567594	-0.1	0	NaN	NaN	NaN	NaN	9	285.9536164330376	285.28714316813154	95734.41907725694	1.1690779917940193	1005.3695202569496	0.0247755961874669	NaN	NaN	NaN	NaN	NaN	NaN	NaN	NaN	1.4569390862141192	0.15886438819678078	0.3023347993788607	1.4964343372467255	9.79458763011522e-14	-2.913510585567103e-15	1.4964343372467255	3.0462693845832733	325.7770632293035	6.2229367706965	11.656090667056136	NaN	0.09093440272789104	0.20829532576554347	-0.8597538498698694	-3.3730584636974155	NaN	0.69075838523351	1	17.21872904887591	8	13	22	32	50	106	0.00957042910227625	1.0101096305861366	72.83668921833723	1.0136158357654916	NaN	1	NaN	1	NaN	1	-0.0156815083004653	1.148167693564882	NaN	NaN	800009909	800009909	800009909	800009909	800009919	800019919	899999999	899999999	89999	89999	89	89	12	9	0	39	0	0	1	NaN	0	0	0	0	0	0	0	0	0	NaN	NaN	NaN	NaN	0	0	0	0	0	0	0	0	15124	0	0	0	18000	18000	18000	18000	6	NaN	0.08786948682355128	0.27897391901933677	0.04974724568819887	0.2061604359122681	NaN	NaN	5.3814007285641844e-8	NaN	0.06196992881731592	NaN	NaN	-0.000015681508300465298	NaN	NaN	NaN	96122.9096187066	11.569999694824219	NaN	0	0	0	0	0.0002776678743895091	-1	0	2.1240361428856844	81.2608481941222	1.0001206100020144	-273.1499938964844	9.000749933534198	-273.1499938964844	190
DATA	2025-08-27T043000_AIU-0547.ghg	2025-08-27	05:00:00	239.208	0	18000	18000	0.022319475643547033	0	NaN	62.96890803115018	0	NaN	NaN	NaN	NaN	NaN	NaN	NaN	NaN	NaN	NaN	-0.0026017774259162523	0	NaN	NaN	NaN	NaN	NaN	NaN	NaN	NaN	NaN	NaN	NaN	NaN	5.300934933252266e-13	NaN	NaN	NaN	NaN	NaN	0	NaN	NaN	NaN	NaN	0	0.09204455716135478	2.279396844491313	2.279396844491313	-0.1	0	NaN	NaN	NaN	NaN	9	285.8635660434299	285.16140525296925	95736.8064315205	1.1696226467678108	1005.3668893088728	0.024764059003461923	NaN	NaN	NaN	NaN	NaN	NaN	NaN	NaN	1.613686241798975	0.4272406717169822	0.3121924928622523	1.6982290867665943	1.3755450696351365e-14	5.759096568806006e-15	1.6982290867665943	3.105343614011211	317.17058581755873	14.829414182441258	10.593168127468717	NaN	0.13813989111585132	0.2409638934089162	-3.533872034034031	-0.8206296017712772	NaN	0.3876472486981985	1	20.846422097310473	9	16	27	40	64	143	0.022110355822278764	1.0094580034328329	62.1365979410336	1.013394844869145	NaN	1	NaN	1	NaN	1	-0.002264834419951152	1.1487715847997257	NaN	NaN	800009909	800009909	800009909	800009909	800009919	810019919	899999999	899999999	89999	89999	89	89	2	2	0	75	0	0	6	NaN	0	0	0	0	0	0	0	0	0	NaN	NaN	NaN	NaN	0	1	0	0	0	0	0	0	15325	0	0	0	18000	18000	18000	18000	6	NaN	0.26717797242193964	0.16459098515299997	0.05015882924289279	0.19232083542120804	NaN	NaN	7.992581611440454e-8	NaN	0.05284174179260117	NaN	NaN	-0.000002264834419951152	NaN	NaN	NaN	96125.35386827256	11.649177824962829	NaN	0	0	0	0	0.0002777014966349169	-1	0	2.134246852729055	79.49758462916479	1.0001284690697987	-273.1499938964844	9.000734396908019	-273.1499938964844	068
DATA	2025-08-27T050000_AIU-0547.ghg	2025-08-27	05:30:00	239.229	0	18000	18000	0.007896995380512903	0	NaN	51.58611814264675	0	NaN	NaN	NaN	NaN	NaN	NaN	NaN	NaN	NaN	NaN	-0.00869428543215744	0	NaN	NaN	NaN	NaN	NaN	NaN	NaN	NaN	NaN	NaN	NaN	NaN	-4.130854537107096e-13	NaN	NaN	NaN	NaN	NaN	0	NaN	NaN	NaN	NaN	0	0.09206944542431297	2.280170145006618	2.280170145006618	-0.1	0	NaN	NaN	NaN	NaN	9	285.8680003607009	285.2153790893555	95748.33525065104	1.1695421303602322	1005.3680175094119	0.024765763869850452	NaN	NaN	NaN	NaN	NaN	NaN	NaN	NaN	1.6888554416149628	0.10579536598054011	0.273425758760417	1.7141140591247888	4.568877434421414e-14	-4.486672552516812e-15	1.7141140591247888	3.357922169606366	328.4154909486226	3.584509051377365	9.178707435548585	NaN	0.08217183898520933	0.1426753620875572	-0.9080163120869466	-3.1937752234150527	NaN	0.5339110453741448	1	23.146601204676596	10	18	29	43	66	141	0.007823341031835775	1.0094146923133485	50.904834523200016	1.013383475770582	NaN	1	NaN	1	NaN	1	-0.007567939486986207	1.1488312567916394	NaN	NaN	800009909	800009909	800009909	800009909	800009919	800019919	899999999	899999999	89999	89999	89	89	3	2	0	55	0	0	1	NaN	0	0	0	0	0	0	0	0	0	NaN	NaN	NaN	NaN	0	0	0	0	0	0	0	0	15619	0	0	0	18000	18000	18000	18000	6	NaN	0.09433623246585453	0.15174645166455067	0.03926804004470924	0.18928477854913636	NaN	NaN	4.246234090288523e-8	NaN	0.04329304108649312	NaN	NaN	-0.000007567939486986207	NaN	NaN	NaN	96136.12063237847	11.653301916334364	NaN	0	0	0	0	0.00027762127830646937	-1	0	2.1353238604134983	81.37462810288538	1.0001476707475052	-273.1499938964844	9.000853801356422	-273.1499938964844	044
DATA	2025-08-27T053000_AIU-0547.ghg	2025-08-27	06:00:00	239.249	1	18000	18000	0.038142671790506476	1	NaN	60.791250432920144	0	NaN	NaN	NaN	NaN	NaN	NaN	NaN	NaN	NaN	NaN	-0.007689319914263472	1	NaN	NaN	NaN	NaN	NaN	NaN	NaN	NaN	NaN	NaN	NaN	NaN	9.525198654459393e-13	NaN	NaN	NaN	NaN	NaN	0	NaN	NaN	NaN	NaN	0	0.09200778334853474	2.2772812300721417	2.2772812300721417	-0.3	0	NaN	NaN	NaN	NaN	9	285.7491249720255	285.08999443308505	95763.47495963542	1.1702415126256096	1005.3653992894316	0.024750962877190197	NaN	NaN	NaN	NaN	NaN	NaN	NaN	NaN	1.7284727192123905	-0.22798710622394228	0.29376308815244717	1.768019460760207	-7.379579793881717e-14	1.0352600951570567e-14	1.768019460760207	3.6532993626850563	339.51398944636196	352.4860105536381	9.564265515066909	NaN	0.1805376584650973	0.32394419150077824	-8.172740606293726	-0.35483813076934634	NaN	0.28620277260062277	1	19.487903281259033	9	15	26	40	65	153	0.03779215650558692	1.0092748156583162	59.99034139713062	1.0133506330708735	NaN	1	NaN	1	NaN	1	-0.00669192166735456	1.1490451168570242	NaN	NaN	800009909	800009909	800009909	800009909	800009919	800009919	899999999	899999999	89999	89999	89	89	1	2	1	57	0	0	5	NaN	0	0	0	0	0	0	0	0	0	NaN	NaN	NaN	NaN	0	0	0	0	0	0	0	0	16513	0	0	0	18000	18000	18000	18000	6	NaN	0.3083364827393797	0.28685666222816564	0.052695238034011126	0.24603802446617556	NaN	NaN	1.1754692306388295e-7	NaN	0.05098963451076399	NaN	NaN	-0.00000669192166735456	NaN	NaN	NaN	96151.08642621528	11.65999984741211	NaN	0	0	0	0	0.00027770033935343633	-1	0	2.132617893922992	80.95673705212283	1.0001330380141735	-273.1499938964844	9.000776034328673	-273.1499938964844	099
DATA	2025-08-27T060000_AIU-0547.ghg	2025-08-27	06:30:00	239.27	1	18000	18000	0.0054984256058359104	1	NaN	37.364672232079236	0	NaN	NaN	NaN	NaN	NaN	NaN	NaN	NaN	NaN	NaN	-0.001646994535736713	2	NaN	NaN	NaN	NaN	NaN	NaN	NaN	NaN	NaN	NaN	NaN	NaN	3.9829589724129574e-13	NaN	NaN	NaN	NaN	NaN	0	NaN	NaN	NaN	NaN	0	0.09180109133974583	2.2717385296300425	2.2717385296300425	-0.1	0	NaN	NaN	NaN	NaN	9	285.78630960930724	285.15354026963973	95802.81897591146	1.1704614084936822	1005.3667250538267	0.024746312886658243	NaN	NaN	NaN	NaN	NaN	NaN	NaN	NaN	1.2716718585590248	0.15293509090581964	0.24082270923465568	1.3032781879416384	-9.485162552134054e-14	4.338683684785904e-15	1.3032781879416384	2.2671471707593014	325.14237136268105	6.857628637318947	10.648438855989287	NaN	0.06853945190711411	0.09682289543139508	-0.7277697903176972	-3.9847765578920877	NaN	0.46327508407826284	1	18.91359163823921	9	15	24	35	54	115	0.005438825137952522	1.01095833500281	36.84896611962392	1.0139951311193147	NaN	1	NaN	1	NaN	1	-0.0014347743930110673	1.1479118555219494	NaN	NaN	800009909	800009909	800009909	800009909	800009919	800019919	899999999	899999999	89999	89999	89	89	5	7	0	50	0	0	9	NaN	0	0	0	0	0	0	0	0	0	NaN	NaN	NaN	NaN	0	0	0	0	0	0	0	0	17307	0	0	0	18000	18000	18000	18000	6	NaN	0.05436264533879572	0.10740688935745084	0.03187625616654359	0.16284689832764365	NaN	NaN	4.5915581648631766e-8	NaN	0.03131437160836828	NaN	NaN	-0.0000014347743930110673	NaN	NaN	NaN	96191.2378140191	11.65999984741211	NaN	0	0	0	0	0.00027775845392413127	-1	0	2.1284075009491707	81.95411322275797	1.0001415539715026	-273.1499938964844	9.000817019436095	-273.1499938964844	239
DATA	2025-08-27T063000_AIU-0547.ghg	2025-08-27	07:00:00	239.291	1	18000	18000	0.03778579949550278	1	NaN	87.88347853294326	0	NaN	NaN	NaN	NaN	NaN	NaN	NaN	NaN	NaN	NaN	-0.016969545985631395	1	NaN	NaN	NaN	NaN	NaN	NaN	NaN	NaN	NaN	NaN	NaN	NaN	1.2403825853306836e-12	NaN	NaN	NaN	NaN	NaN	0	NaN	NaN	NaN	NaN	0	0.09236955035788316	2.2809703665862564	2.2809703665862564	0	1	NaN	NaN	NaN	NaN	9	285.30443611653646	284.6549428710938	95838.04281488716	1.1729426689611928	1005.3563872380578	0.024693964166207394	NaN	NaN	NaN	NaN	NaN	NaN	NaN	NaN	1.3081887171163664	0.5216575811170748	0.31594293656935846	1.4433656122741103	2.42498271038376e-14	1.3428479196064687e-14	1.4433656122741103	3.015050614188792	310.2597033645392	21.74029663546082	12.644034400612789	NaN	0.17948407255289844	0.23233660630701158	-5.557933543730282	-0.521776659829154	NaN	0.4152259587830298	1	13.466518989227701	6	11	18	27	44	103	0.037399937591298185	1.0103171804301185	86.69563596596879	1.0137012959618952	NaN	1	NaN	1	NaN	1	-0.01478104345329615	1.1480614368836872	NaN	NaN	800009909	800009909	800009909	800009909	800009919	800019919	899999999	899999999	89999	89999	89	89	7	1	2	33	0	0	7	NaN	0	0	0	0	0	0	0	0	0	NaN	NaN	NaN	NaN	0	0	0	0	0	0	0	0	13334	0	0	0	18000	18000	18000	18000	6	NaN	0.19498137811768948	0.20517849352177905	0.06451334097455465	0.2523825868777662	NaN	NaN	2.787415915407502e-7	NaN	0.07351913863476167	NaN	NaN	-0.00001478104345329615	NaN	NaN	NaN	96222.71262543403	11.65999984741211	NaN	0	0	0	0	0.0002769301077253961	-1	0	2.1366519727872473	79.614907544083	1.0001357943101061	-273.1499938964844	9.000781119346618	-273.1499938964844	105
DATA	2025-08-27T070000_AIU-0547.ghg	2025-08-27	07:30:00	239.312	1	18000	18000	0.016476728439246333	0	NaN	57.94751784749848	0	NaN	NaN	NaN	NaN	NaN	NaN	NaN	NaN	NaN	NaN	0.0055159434830194766	0	NaN	NaN	NaN	NaN	NaN	NaN	NaN	NaN	NaN	NaN	NaN	NaN	7.343501190183812e-13	NaN	NaN	NaN	NaN	NaN	0	NaN	NaN	NaN	NaN	0	0.09275133683221157	2.2866178062807108	2.2866178062807108	0.9	0	NaN	NaN	NaN	NaN	9	284.86556506277014	284.28275622751255	95870.9728440296	1.1748818522963007	1005.348766738758	0.024653205920009903	NaN	NaN	NaN	NaN	NaN	NaN	NaN	NaN	1.4735468883564193	0.2577405546736337	0.267812499159373	1.5197019972396502	-1.5992610908662813e-14	7.917407382999024e-15	1.5197019972396502	3.0214579262887304	322.0786648305444	9.92133516945557	10.150068883818996	NaN	0.11842363680567311	0.1828635460813946	-2.421733908228739	-1.1974891172585784	NaN	0.414271921440712	1	19.304170430186026	9	15	25	37	58	128	0.016313207809471833	1.0100238182265757	57.17100045204898	1.0135823649981566	NaN	1	NaN	1	NaN	1	0.004803903340203725	1.1482211635810213	NaN	NaN	800009909	800009909	800009909	800009919	800009919	800019919	899999999	899999999	89999	89999	89	89	3	2	0	70	0	0	1	NaN	0	0	0	0	0	0	0	0	0	NaN	NaN	NaN	NaN	0	6	0	0	0	0	0	0	15325	0	0	0	18000	18000	18000	18000	6	NaN	0.1917369914590474	0.12322469431130953	0.05076540639243224	0.14430615692921755	NaN	NaN	7.45543539142399e-8	NaN	0.04840217160208036	NaN	NaN	0.0000048039033402037255	NaN	NaN	NaN	96257.78172569444	11.65999984741211	NaN	0	0	0	0	0.00027641612274843894	-1	0	2.141855858484904	79.22500686143951	1.0001287718978193	-273.1499938964844	9.000740438832176	-273.1499938964844	087
DATA	2025-08-27T073000_AIU-0547.ghg	2025-08-27	08:00:00	239.333	1	18000	18000	0.014742769943349101	1	NaN	48.78830744688678	0	NaN	NaN	NaN	NaN	NaN	NaN	NaN	NaN	NaN	NaN	-0.014821294690335348	1	NaN	NaN	NaN	NaN	NaN	NaN	NaN	NaN	NaN	NaN	NaN	NaN	1.359584576790381e-12	NaN	NaN	NaN	NaN	NaN	0	NaN	NaN	NaN	NaN	0	0.09235477200053961	2.279565432983016	2.279565432983016	-0.1	0	NaN	NaN	NaN	NaN	9	285.20080408138693	284.6672850663927	95885.92392100695	1.173477796087148	1005.356641354569	0.024682703271355563	NaN	NaN	NaN	NaN	NaN	NaN	NaN	NaN	0.9626103050376904	-0.25173128732230654	0.18654438208106625	1.012317167130838	7.626255255163317e-14	1.4721324597958372e-14	1.012317167130838	2.6075678013169004	346.65517277393553	345.34482722606447	10.61884530716941	NaN	0.11208618974272042	0.19593434641094076	-2.4391493883584476	-1.188939067791869	NaN	0.3689509374679649	1	12.287116902152503	6	10	16	24	38	85	0.014554888742970368	1.0129084600848959	48.064952937533405	1.015049520807676	NaN	1	NaN	1	NaN	1	-0.012906055199290209	1.1483985200334856	NaN	NaN	800009909	800009909	800009909	800009909	800009909	800019909	899999999	899999999	89999	89999	89	89	4	4	0	59	0	0	0	NaN	0	0	0	0	0	0	0	0	0	NaN	NaN	NaN	NaN	0	0	0	0	0	0	0	0	16812	0	0	0	18000	18000	18000	18000	6	NaN	0.15662151981483327	0.19471895434554667	0.0405282186615016	0.17375976967634033	NaN	NaN	7.859043321871443e-8	NaN	0.04074116970163508	NaN	NaN	-0.000012906055199290209	NaN	NaN	NaN	96277.60405837673	11.656697549608019	NaN	0	0	0	0	0.000276768978759517	-1	0	2.13635957939095	81.24749028015134	1.0001288577831453	-273.1499938964844	9.00073406651285	-273.1499938964844	193
DATA	2025-08-27T080000_AIU-0547.ghg	2025-08-27	08:30:00	239.354	1	18000	18000	0.02266094673658005	1	NaN	35.258553987231906	0	NaN	NaN	NaN	NaN	NaN	NaN	NaN	NaN	NaN	NaN	-0.013976024323746323	0	NaN	NaN	NaN	NaN	NaN	NaN	NaN	NaN	NaN	NaN	NaN	NaN	2.363391222959542e-13	NaN	NaN	NaN	NaN	NaN	0	NaN	NaN	NaN	NaN	0	0.09124979484953835	2.2613185393588213	2.2613185393588213	-0.4	0	NaN	NaN	NaN	NaN	9	286.3734859390258	285.8527635413277	95900.87480447048	1.1687934045832424	1005.3814715778055	0.02478162874872767	NaN	NaN	NaN	NaN	NaN	NaN	NaN	NaN	0.25123846754966395	-0.5425159021813033	0.14605634556763053	0.6154483957058382	7.391632915225656e-15	2.590023601539635e-15	0.6154483957058382	1.9315038752320146	37.15120167591158	294.8487983240884	13.728239406555746	NaN	0.13924196673424982	0.13648028410712104	-6.471468705665779	-0.448120841171811	NaN	0.21548930418084727	1	5.565935553457121	3	4	8	12	20	48	0.022248355348945037	1.0185448039265779	34.61677099868929	1.0185396549137098	NaN	1	NaN	1	NaN	1	-0.012127164260852568	1.1524560913932715	NaN	NaN	800009909	800009909	800009909	800009909	800009909	800009919	899999999	899999999	89999	89999	89	89	4	1	0	16	0	0	1	NaN	0	0	0	0	0	0	0	0	0	NaN	NaN	NaN	NaN	0	0	0	0	0	0	0	0	17703	0	0	0	18000	18000	18000	18000	6	NaN	0.0666389932219975	0.17596199573327778	0.03035957925896683	0.307172468303845	NaN	NaN	2.7028750963582357e-7	NaN	0.02945899492433429	NaN	NaN	-0.000012127164260852568	NaN	NaN	NaN	96299.10898480903	11.649999618530273	NaN	0	0	0	0	0.00027760992749568285	-1	0	2.1222424286074126	82.34830141088699	1.0001284038523832	-273.1499938964844	9.000768117984135	-273.1499938964844	149
DATA	2025-08-27T083000_AIU-0547.ghg	2025-08-27	09:00:00	239.374	1	18000	18000	0.0134343008245818	1	NaN	19.833507672211642	1	NaN	NaN	NaN	NaN	NaN	NaN	NaN	NaN	NaN	NaN	0.0015802464947729405	2	NaN	NaN	NaN	NaN	NaN	NaN	NaN	NaN	NaN	NaN	NaN	NaN	2.505789786534115e-13	NaN	NaN	NaN	NaN	NaN	0	NaN	NaN	NaN	NaN	0	0.08955951837625582	2.2392925687818335	2.2392925687818335	0	1	NaN	NaN	NaN	NaN	9	287.7612000045777	288.4572886122506	95916.30669883646	1.158426568073205	1005.4389585345092	0.02500340119488091	NaN	NaN	NaN	NaN	NaN	NaN	NaN	NaN	-0.054392903489135204	-0.6285480874106164	0.12608876307816405	0.6433736568372237	-3.3592262931362536e-15	2.797904490739707e-15	0.6433736568372237	1.5202795434183138	66.94590493161041	265.0540950683896	11.302013910230343	NaN	0.10768947997380003	0.07827882336383317	-5.322944551392536	-0.5448112359617443	NaN	0.15812554312606844	1	8.600224197494015	4	7	12	18	29	68	0.013197669033631355	1.0179298170265856	19.480018753663245	1.0181462309158158	NaN	1	NaN	1	NaN	1	0.0013718175450778433	1.1519363492929156	NaN	NaN	800009909	800009909	800009909	800009919	800009919	800109919	899999999	899999999	89999	89999	89	89	3	3	6	12	0	0	0	NaN	0	0	0	0	0	0	0	0	0	NaN	NaN	NaN	NaN	0	16	0	0	0	0	0	0	15509	0	0	0	18000	18000	18000	18000	6	NaN	0.08944118437609211	0.0529786207992781	0.014137841552296148	0.19669768267866358	NaN	NaN	4.0954709324411193e-7	NaN	0.016724962478625503	NaN	NaN	0.0000013718175450778433	NaN	NaN	NaN	96330.55572005209	11.66326992225647	NaN	0	0	0	0	0.0002788640111781814	-1	0	2.1078778801405877	83.1260652693737	1.0001546467906899	-285.30286940680685	9.0009639872445	-273.1499938964844	220
DATA	2025-08-27T090000_AIU-0547.ghg	2025-08-27	09:30:00	239.395	1	18000	18000	0.09612598956198667	0	NaN	48.63861812116573	1	NaN	NaN	NaN	NaN	NaN	NaN	NaN	NaN	NaN	NaN	-0.07691625472893925	1	NaN	NaN	NaN	NaN	NaN	NaN	NaN	NaN	NaN	NaN	NaN	NaN	-1.8248884302537316e-12	NaN	NaN	NaN	NaN	NaN	0	NaN	NaN	NaN	NaN	0	0.09029077804418613	2.2747108944481935	2.2747108944481935	-0.7	0	NaN	NaN	NaN	NaN	9	289.1908958316378	290.6990451749151	95933.61571712117	1.1497006756437875	1005.4916680248035	0.025193169709258733	NaN	NaN	NaN	NaN	NaN	NaN	NaN	NaN	-0.19588464655922444	-0.4679307578049231	0.14006748428240218	0.5262593362693477	-3.634520134939879e-14	-2.0211238287930972e-14	0.5262593362693477	2.844044991860694	84.71510571328986	247.28489428671014	15.435699493916205	NaN	0.2891532103971404	0.3380532462049262	-42.02552807725995	-0.0690056766132391	NaN	0.1455090302464033	0	77.64683836786301	-11.78320728574285	26.653646963592536	66.37134958885788	101.22049590353386	141.96318472540213	212.68671979790616	0.09415639035457202	1.0209183805793487	47.6816063188737	1.0200708800767313	NaN	1	NaN	1	NaN	1	-0.06662060501520481	1.1545415222720457	NaN	NaN	800009909	800009909	800009909	800009919	800009919	800109919	899999999	899999999	89999	89999	89	89	0	1	1	7	0	0	0	NaN	0	0	0	0	0	0	0	0	0	NaN	NaN	NaN	NaN	0	4	0	0	0	0	0	0	6678	0	0	0	18000	18000	18000	18000	6	NaN	0.3279052071279046	0.26467298328781275	0.08352830199413507	0.3632119275709749	NaN	NaN	5.244711965999845e-7	NaN	0.04124654870488727	NaN	NaN	-0.00006662060501520481	NaN	NaN	NaN	96350.8941124132	11.670000076293945	NaN	0	0	0	0	0.00028199351770066025	-1	0	2.1469496063060225	83.31966429583233	1.0001407414608532	-312.71749555799636	9.001002366675271	-273.1499938964844	107
DATA	2025-08-27T093000_AIU-0547.ghg	2025-08-27	10:00:00	239.416	1	18000	18000	0.17269315559496984	0	NaN	37.77311971685768	0	NaN	NaN	NaN	NaN	NaN	NaN	NaN	NaN	NaN	NaN	0.0042285887457202374	2	NaN	NaN	NaN	NaN	NaN	NaN	NaN	NaN	NaN	NaN	NaN	NaN	-6.884483385038177e-13	NaN	NaN	NaN	NaN	NaN	0	NaN	NaN	NaN	NaN	0	0.08959912309044592	2.261017058882955	2.261017058882955	0	1	NaN	NaN	NaN	NaN	9	290.20907275644936	291.23960217500905	95953.40032093256	1.1478034321069337	1005.5048250033954	0.025234812360837158	NaN	NaN	NaN	NaN	NaN	NaN	NaN	NaN	0.6294069207671553	-0.23889320504747025	0.18871968351224175	0.6991696176696849	-9.449693079815955e-14	-7.683650405918179e-15	0.6991696176696849	3.768883965525232	352.78440173076115	339.2155982692388	15.659491149491242	NaN	0.3878857305557529	0.8004093483230847	-130.64973457308557	-0.022196753858521906	NaN	0.08437763994939128	0	79.87503320033211	-12.121344448000716	27.41851414529755	68.27597701846746	104.12517290845825	146.03703552544857	218.79009064918657	0.1698329178781769	1.016841480159015	37.12511499506794	1.0174546185749411	NaN	1	NaN	1	NaN	1	0.0036736925153274067	1.1510459103688424	NaN	NaN	800009909	800009909	800009909	800009919	800009919	800019919	899999999	899999999	89999	89999	89	89	1	0	0	33	0	0	0	NaN	0	0	0	0	0	0	0	0	0	NaN	NaN	NaN	NaN	0	8	0	0	0	0	0	0	7254	0	0	0	18000	18000	18000	18000	6	NaN	0.63900591365794	0.821767967742659	0.14004481524557047	0.09706354404137153	NaN	NaN	2.151783686879484e-7	NaN	0.03216741259691795	NaN	NaN	0.0000036736925153274067	NaN	NaN	NaN	96357.5393641493	11.670000076293945	NaN	0	0	0	0	0.00028301346477948956	-1	0	2.1357288440267266	83.27850569149894	1.0001407912837135	-273.1499938964844	9.00108531996939	-273.1499938964844	074
DATA	2025-08-27T100000_AIU-0547.ghg	2025-08-27	10:30:00	239.437	1	18000	18000	0.07756241995582408	0	NaN	41.75274757453732	0	NaN	NaN	NaN	NaN	NaN	NaN	NaN	NaN	NaN	NaN	0.004471506270650191	2	NaN	NaN	NaN	NaN	NaN	NaN	NaN	NaN	NaN	NaN	NaN	NaN	-7.407929906713805e-13	NaN	NaN	NaN	NaN	NaN	0	NaN	NaN	NaN	NaN	0	0.0893530909294883	2.2566822092352896	2.2566822092352896	0	1	NaN	NaN	NaN	NaN	9	290.79616250779895	291.5556279763116	95977.76325217015	1.1468504096301797	1005.5125974372257	0.0252557822651722	NaN	NaN	NaN	NaN	NaN	NaN	NaN	NaN	1.0646776770418434	0.6505837814545212	0.23580111148350905	1.2698031252362656	2.977644066671767e-14	-8.290625237082918e-15	1.2698031252362656	4.399409629981832	300.5724945058393	31.42750549416071	10.701885627954303	NaN	0.26005923956847177	0.58329638670062	-35.628198351215346	-0.08139620116101311	NaN	0.13922540232330494	0	64.32320123575805	-9.761293948024885	22.080073488421665	54.982504962622215	83.85178925560703	117.60332669179935	176.19121351625128	0.07670829457302661	1.011134720013679	41.172938476245186	1.0140822860779455	NaN	1	NaN	1	NaN	1	0.0038953553999333717	1.1479071385185222	NaN	NaN	800009909	800009909	800009909	800009909	800009909	800019909	899999999	899999999	89999	89999	89	89	3	1	2	56	0	0	0	NaN	0	0	0	0	0	0	0	0	0	NaN	NaN	NaN	NaN	0	0	0	0	0	0	0	0	6913	0	0	0	18000	18000	18000	18000	6	NaN	0.6416028183181093	0.41681854057043877	0.10817141451269205	0.09043681552307407	NaN	NaN	1.315841372668891e-7	NaN	0.035704057504886005	NaN	NaN	0.0000038953553999333715	NaN	NaN	NaN	96375.23738151042	11.670000076293945	NaN	0	0	0	0	0.0002832489211092858	-1	0	2.13290722890695	83.30821390686337	1.00012477246258	-273.1499938964844	9.00103478969468	-273.1499938964844	052
DATA	2025-08-27T103000_AIU-0547.ghg	2025-08-27	11:00:00	239.458	1	18000	18000	0.2989622102235279	1	NaN	84.9908042076507	1	NaN	NaN	NaN	NaN	NaN	NaN	NaN	NaN	NaN	NaN	-0.05345697764914717	1	NaN	NaN	NaN	NaN	NaN	NaN	NaN	NaN	NaN	NaN	NaN	NaN	1.4316823003285839e-12	NaN	NaN	NaN	NaN	NaN	0	NaN	NaN	NaN	NaN	0	0.0895741674281158	2.2685627541415068	2.2685627541415068	-0.1	0	NaN	NaN	NaN	NaN	9	291.34291495598677	292.38112190518285	95982.3394531033	1.1436669779660398	1005.5331800019702	0.025326082499868636	NaN	NaN	NaN	NaN	NaN	NaN	NaN	NaN	0.4800284657411508	0.08719538615275259	0.16398107350927213	0.5147039496228858	5.268987384379308e-14	1.5983205219044026e-14	0.5147039496228858	5.156186063280581	321.70468777021466	10.295312229785349	18.57785658899984	NaN	0.5112794731483801	0.7298495232468363	-133.0113995379634	-0.021802642556003612	NaN	0.1445498330276875	0	97.19112569127827	-14.749128289414186	33.36256834948803	83.07751243687879	126.69844834230344	177.6963752833411	266.2215506935507	0.29273225783450946	1.0212820836183365	83.29925454143621	1.0203069004101717	NaN	1	NaN	1	NaN	1	-0.04628831821362404	1.1548697319794432	NaN	NaN	800009909	800009909	800009909	800009919	800009919	800019919	899999999	899999999	89999	89999	89	89	4	1	0	33	0	0	0	NaN	0	0	0	0	0	0	0	0	0	NaN	NaN	NaN	NaN	0	1	0	0	0	0	0	0	6474	0	0	0	18000	18000	18000	18000	6	NaN	1.0245904950496094	0.28612537100325014	0.14898318044081307	0.1529424561207743	NaN	NaN	8.985888891398092e-8	NaN	0.07243444344478296	NaN	NaN	-0.00004628831821362404	NaN	NaN	NaN	96386.5806592882	11.670000076293945	NaN	0	0	0	0	0.0002841221910267552	-1	0	2.1462373173170617	82.85706124648694	1.0001316082808707	-273.1499938964844	9.00105981461207	-273.1499938964844	223
DATA	2025-08-27T110000_AIU-0547.ghg	2025-08-27	11:30:00	239.479	1	18000	18000	0.17455561057810662	0	NaN	81.9022492784752	0	NaN	NaN	NaN	NaN	NaN	NaN	NaN	NaN	NaN	NaN	-0.028106809075190177	0	NaN	NaN	NaN	NaN	NaN	NaN	NaN	NaN	NaN	NaN	NaN	NaN	2.0494675988824982e-13	NaN	NaN	NaN	NaN	NaN	0	NaN	NaN	NaN	NaN	0	0.08903162894520378	2.257435888702061	2.257435888702061	-0.1	0	NaN	NaN	NaN	NaN	9	291.9599815656874	292.6822216627333	95969.9475340712	1.142342916501381	1005.540788351001	0.025355437336673278	NaN	NaN	NaN	NaN	NaN	NaN	NaN	NaN	0.6221095850672371	0.21176548438610457	0.1786275556434301	0.6810086341926311	3.4814441529914436e-14	2.3019545111815064e-15	0.6810086341926311	4.066003553293814	313.2014768352057	18.798523164794315	15.20649190233323	NaN	0.39090269061550625	0.7463582891809123	-61.68209706050936	-0.04701526274560893	NaN	0.18240258310873034	0	78.58797942486515	-11.926029072088362	26.976710233180334	67.17582280914253	102.44736832367815	143.68389073914696	215.26465096018472	0.1716079082042255	1.0171769611594657	80.4803906641747	1.0176671435434945	NaN	1	NaN	1	NaN	1	-0.024412768804712534	1.1513159076722408	NaN	NaN	800009909	800009909	800009909	800009909	800009909	800019919	899999999	899999999	89999	89999	89	89	0	5	0	26	0	0	0	NaN	0	0	0	0	0	0	0	0	0	NaN	NaN	NaN	NaN	0	0	0	0	0	0	0	0	3007	0	0	0	18000	18000	18000	18000	6	NaN	0.8335906854643005	0.5109989464027268	0.1481269464947975	0.1622556467778467	NaN	NaN	4.18616776260702e-8	NaN	0.0700638327225053	NaN	NaN	-0.000024412768804712535	NaN	NaN	NaN	96362.2839765625	11.670000076293945	NaN	0	0	0	0	0.00028444063412542975	-1	0	2.1362040065924326	82.50892259064429	1.0001194806231393	-280.9423692236992	9.000994446012708	-273.1499938964844	217
DATA	2025-08-27T113000_AIU-0547.ghg	2025-08-27	12:00:00	239.499	1	18000	18000	0.5477665028749422	1	NaN	6.266909698172	2	NaN	NaN	NaN	NaN	NaN	NaN	NaN	NaN	NaN	NaN	-0.02097664903593096	1	NaN	NaN	NaN	NaN	NaN	NaN	NaN	NaN	NaN	NaN	NaN	NaN	2.0661460140935604e-12	NaN	NaN	NaN	NaN	NaN	0	NaN	NaN	NaN	NaN	0	0.08870278559583758	2.2474376439380963	2.2474376439380963	0	0	NaN	NaN	NaN	NaN	9	292.38735645718043	292.4284422166612	95957.56934375	1.1431868138253103	1005.5343721469678	0.02533672002340768	NaN	NaN	NaN	NaN	NaN	NaN	NaN	NaN	0.33339729751031877	0.22468435153872862	0.23362918492895765	0.46499399121287166	-3.8183708313866e-14	2.329291014047382e-14	0.46499399121287166	4.542923456991784	298.02303475753604	33.97696524246397	30.161219362155315	NaN	0.6922120132203394	0.8702455380416728	-4475.79483755816	-0.0006479296092092863	NaN	0.007875899716786917	0	90.68391349642896	-13.761633733860481	31.128852976081625	77.51524532450686	118.21564003796965	165.79911602227213	248.39728835598393	0.5354315992144077	1.0230373098611147	6.135308328912867	1.0214498379224002	NaN	1	NaN	1	NaN	1	-0.018138392440865896	1.1564778468829717	NaN	NaN	800009909	800009909	800009909	800009909	800009909	800109909	899999999	899999999	89999	89999	89	89	18	3	0	26	0	0	0	NaN	0	0	0	0	0	0	0	0	0	NaN	NaN	NaN	NaN	0	0	0	0	0	0	0	0	4414	0	0	0	18000	18000	18000	18000	6	NaN	1.0157155575461858	0.4000326017716751	0.3247429167654847	0.11257022148567139	NaN	NaN	5.055458002143294e-8	NaN	0.005337308007182578	NaN	NaN	-0.000018138392440865894	NaN	NaN	NaN	96332.69320659722	11.670000076293945	NaN	0	0	0	0	0.00028468123086430647	-1	0	2.1258663973278464	82.78808078723485	1.0001113767905367	-288.0483695220975	9.000950837161806	-273.1499938964844	201
DATA	2025-08-27T120000_AIU-0547.ghg	2025-08-27	12:30:00	239.52	1	18000	18000	0.1250170133738244	1	NaN	49.12194969851278	0	NaN	NaN	NaN	NaN	NaN	NaN	NaN	NaN	NaN	NaN	-0.02778242342003242	0	NaN	NaN	NaN	NaN	NaN	NaN	NaN	NaN	NaN	NaN	NaN	NaN	-2.222456725303975e-12	NaN	NaN	NaN	NaN	NaN	0	NaN	NaN	NaN	NaN	0	0.08885641610108092	2.2554976488230736	2.2554976488230736	-0.1	0	NaN	NaN	NaN	NaN	9	292.78530815378826	292.9206379538039	95941.47817370063	1.1410745329619905	1005.5468510178611	0.025383621665061015	NaN	NaN	NaN	NaN	NaN	NaN	NaN	NaN	0.982138173571673	0.5816295604647842	0.270832533741679	1.1731319614289726	-7.154547018648784e-14	-2.5011775433028512e-14	1.1731319614289726	4.167925515184952	301.3656659147747	30.63433408522532	13.347873919444389	NaN	0.3309996643697921	0.7196413830185242	-62.426165937002594	-0.046454879239685117	NaN	0.12933966139569736	0	72.15978554805564	-10.950525851151818	24.77011929132788	61.68109936655528	94.06756837751549	131.9311021650547	197.65683203771505	0.1235705828052658	1.0117052985890502	48.42569490376363	1.0143777966662701	NaN	1	NaN	1	NaN	1	-0.024201283931543215	1.1479731198815306	NaN	NaN	800009909	800009909	800009909	800009919	800019919	800119919	899999999	899999999	89999	89999	89	89	0	0	0	64	0	0	0	NaN	0	0	0	0	0	0	0	0	0	NaN	NaN	NaN	NaN	0	1	0	0	0	0	0	0	2104	0	0	0	18000	18000	18000	18000	6	NaN	0.7987668334541396	0.5090527687333755	0.13146316384953335	0.11386776032513221	NaN	NaN	3.865765080739775e-8	NaN	0.04220457570382261	NaN	NaN	-0.000024201283931543215	NaN	NaN	NaN	96332.71975477431	11.670000076293945	NaN	0	0	0	0	0.0002850534130476363	-1	0	2.134375071717632	82.57161758486784	1.0001158455047343	-273.1499938964844	9.001017700857586	-273.1499938964844	239
DATA	2025-08-27T123000_AIU-0547.ghg	2025-08-27	13:00:00	239.541	1	18000	18000	0.02995323732869733	1	NaN	36.203707246386784	1	NaN	NaN	NaN	NaN	NaN	NaN	NaN	NaN	NaN	NaN	-0.015001879287634235	1	NaN	NaN	NaN	NaN	NaN	NaN	NaN	NaN	NaN	NaN	NaN	NaN	-8.784697405629399e-13	NaN	NaN	NaN	NaN	NaN	0	NaN	NaN	NaN	NaN	0	0.08872347564477887	2.2535773900990796	2.2535773900990796	0	0	NaN	NaN	NaN	NaN	9	293.13309450700547	293.0340861138238	95916.7005251736	1.140338188435093	1005.5497477474688	0.02540001249637357	NaN	NaN	NaN	NaN	NaN	NaN	NaN	NaN	1.2435575670676358	0.4983452830180659	0.23815025224208503	1.3606979776425285	4.1119796253856706e-14	-9.901209732585983e-15	1.3606979776425285	4.444064219617857	310.1619687530447	21.83803124695534	10.079860143101541	NaN	0.16207090212756317	0.9437130135877159	-9.941292701939638	-0.2917125656539801	NaN	0.19480978407030056	1	16.349950003918874	7	13	22	34	56	135	0.029636782807224787	1.0106777622770646	35.70872479287407	1.0138616670403051	NaN	1	NaN	1	NaN	1	-0.013068420593012017	1.1479489186058247	NaN	NaN	800009909	800009909	800009909	800009909	800009909	800009909	899999999	899999999	89999	89999	89	89	0	5	0	22	0	0	2	NaN	0	0	0	0	0	0	0	0	0	NaN	NaN	NaN	NaN	0	0	0	0	0	0	0	0	803	0	0	0	18000	18000	18000	18000	6	NaN	0.9654430800195235	0.7450490297833278	0.17693391737258066	0.08895693227407302	NaN	NaN	2.2216258126008967e-8	NaN	0.031141326745016625	NaN	NaN	-0.000013068420593012017	NaN	NaN	NaN	96302.48371050348	11.676604356977673	NaN	0	0	0	0	0.0002857358374587623	-1	0	2.1323255278534363	82.55076755926342	1.0001074509024621	-273.1499938964844	9.000986459546619	-273.1499938964844	250
DATA	2025-08-27T130000_AIU-0547.ghg	2025-08-27	13:30:00	239.562	1	18000	18000	0.10128176242368087	1	NaN	54.58941955013238	1	NaN	NaN	NaN	NaN	NaN	NaN	NaN	NaN	NaN	NaN	-0.03487279540768568	1	NaN	NaN	NaN	NaN	NaN	NaN	NaN	NaN	NaN	NaN	NaN	NaN	-1.8295264486026962e-12	NaN	NaN	NaN	NaN	NaN	0	NaN	NaN	NaN	NaN	0	0.08859694056764272	2.2506964424059324	2.2506964424059324	-0.1	0	NaN	NaN	NaN	NaN	9	293.0360848676894	292.9934256795246	95889.20022222222	1.140169447884067	1005.548708664126	0.02540377159736743	NaN	NaN	NaN	NaN	NaN	NaN	NaN	NaN	1.0070550479731712	0.47415237208708194	0.22392914564980806	1.1353962321039082	5.697994168951533e-14	-2.0649995777290685e-14	1.1353962321039082	5.479407491939058	306.7875067575611	25.212493242438885	11.374763408018921	NaN	0.2980443719059561	1.016978180810498	-40.99450905449706	-0.07074118136516316	NaN	0.15975521320444755	0	60.72442979169133	-9.215166497238672	20.844731707750878	51.90632925958921	79.16042721345752	111.0236247227621	166.33362098795436	0.10008515440919884	1.0119558991695181	53.80849135408632	1.0145131033484505	NaN	1	NaN	1	NaN	1	-0.030376091900923236	1.1480343001801945	NaN	NaN	800009909	800009909	800009909	800009909	800009909	800009919	899999999	899999999	89999	89999	89	89	5	8	1	66	0	0	4	NaN	0	0	0	0	0	0	0	0	0	NaN	NaN	NaN	NaN	0	0	0	0	0	0	0	0	7410	0	0	0	18000	18000	18000	18000	6	NaN	1.2333240254995423	0.6365581363392551	0.1640741997821985	0.17451474766755848	NaN	NaN	9.29960694255801e-8	NaN	0.0469329987173836	NaN	NaN	-0.000030376091900923237	NaN	NaN	NaN	96276.7512421875	11.6899995803833	NaN	0	0	0	0	0.00028547716621607017	-1	0	2.128933196643988	82.66647126344046	1.0001122381405698	-273.3518689049614	9.000981520228915	-273.1499938964844	120
DATA	2025-08-27T133000_AIU-0547.ghg	2025-08-27	14:00:00	239.583	1	18000	18000	0.17450466330084255	1	NaN	31.65782463918653	1	NaN	NaN	NaN	NaN	NaN	NaN	NaN	NaN	NaN	NaN	-0.008015240841735898	1	NaN	NaN	NaN	NaN	NaN	NaN	NaN	NaN	NaN	NaN	NaN	NaN	1.44058408371125e-13	NaN	NaN	NaN	NaN	NaN	0	NaN	NaN	NaN	NaN	0	0.08818628744781018	2.2425189364633398	2.2425189364633398	0	0	NaN	NaN	NaN	NaN	9	293.3498723907471	293.22300331793895	95867.85237326389	1.1390231197006409	1005.5545884469748	0.02542933829469227	NaN	NaN	NaN	NaN	NaN	NaN	NaN	NaN	1.0578746794961358	0.304671693599487	0.24799189378292696	1.1284607471160615	-1.6604564432645653e-13	1.633569260485999e-15	1.1284607471160615	4.905974764149282	315.93341012075285	16.066589879247122	12.695007817845319	NaN	0.3914148053034099	0.9941129187312642	-160.0868152843709	-0.01811517078935309	NaN	0.07061640896652123	0	91.59307354632028	-13.899602278993411	31.440938200832193	78.29238166092381	119.40082198536199	167.46135055519932	250.8876185850988	0.17243478988548788	1.0120038039697745	31.2041372446988	1.01453933466995	NaN	1	NaN	1	NaN	1	-0.006981626392498441	1.1480478030660657	NaN	NaN	800009909	800009909	800009909	800009909	800009919	801019919	899999999	899999999	89999	89999	89	89	1	1	0	19	0	0	2	NaN	0	0	0	0	0	0	0	0	0	NaN	NaN	NaN	NaN	0	0	0	0	0	0	0	0	2204	0	0	0	18000	18000	18000	18000	6	NaN	1.3047062315112776	0.5822439711984599	0.10127563475279079	0.20185679214812702	NaN	NaN	1.3320947213698588e-7	NaN	0.02724419549080255	NaN	NaN	-0.000006981626392498441	NaN	NaN	NaN	96239.01652387154	11.6899995803833	NaN	0	0	0	0	0.00028594526172188734	-1	0	2.121330518517229	82.53802385011602	1.0001065944400098	-273.1499938964844	9.000969140317705	-273.1499938964844	031
DATA	2025-08-27T140000_AIU-0547.ghg	2025-08-27	14:30:00	239.604	1	18000	18000	0.0867611105430267	0	NaN	18.209948084315318	1	NaN	NaN	NaN	NaN	NaN	NaN	NaN	NaN	NaN	NaN	-0.02133258985123953	0	NaN	NaN	NaN	NaN	NaN	NaN	NaN	NaN	NaN	NaN	NaN	NaN	1.709188193596127e-12	NaN	NaN	NaN	NaN	NaN	0	NaN	NaN	NaN	NaN	0	0.0884288697164021	2.2522849390372652	2.2522849390372652	-0.1	0	NaN	NaN	NaN	NaN	9	293.4853326882256	293.6483344590929	95853.57238693576	1.1372038990313458	1005.5655645365591	0.0254700184030454	NaN	NaN	NaN	NaN	NaN	NaN	NaN	NaN	0.7637241315552867	0.20401089608512485	0.22511651690239443	0.8219321389406422	-4.3369838240604734e-14	1.932839579514721e-14	0.8219321389406422	3.9611029528894965	317.0439923469928	14.956007653007179	15.895696828960782	NaN	0.2762125333660154	0.5227002144725464	-97.79234750618375	-0.029654672108332638	NaN	0.057652294159799805	0	68.81054506363859	-10.442265686189044	23.620433414294524	58.818218974758096	89.7014951431261	125.80762237407478	188.48274346671352	0.08548316934436184	1.0149496235161424	17.918365828995043	1.0162728151720424	NaN	1	NaN	1	NaN	1	-0.018556186321422447	1.1496214513976843	NaN	NaN	800009909	800009909	800009909	800009909	800009909	800009909	899999999	899999999	89999	89999	89	89	0	1	0	18	0	0	0	NaN	0	0	0	0	0	0	0	0	0	NaN	NaN	NaN	NaN	0	0	0	0	0	0	0	0	7106	0	0	0	18000	18000	18000	18000	6	NaN	0.5298357643033398	0.4124699679852548	0.10309469665649837	0.21097271397820275	NaN	NaN	3.035419126110855e-8	NaN	0.015669302559810437	NaN	NaN	-0.000018556186321422446	NaN	NaN	NaN	96249.49314453124	11.6899995803833	NaN	0	0	0	0	0.000286453338485444	-1	0	2.131344633168644	82.4843466903192	1.0000975881252023	-285.3432444085035	9.000909064133962	-273.1499938964844	185
DATA	2025-08-27T143000_AIU-0547.ghg	2025-08-27	15:00:00	239.624	1	18000	18000	0.058403564827117276	0	NaN	33.40671505243517	0	NaN	NaN	NaN	NaN	NaN	NaN	NaN	NaN	NaN	NaN	-0.01893339838263428	0	NaN	NaN	NaN	NaN	NaN	NaN	NaN	NaN	NaN	NaN	NaN	NaN	4.933539523816179e-13	NaN	NaN	NaN	NaN	NaN	0	NaN	NaN	NaN	NaN	0	0.0884575985644856	2.2528150742433173	2.2528150742433173	0.1	0	NaN	NaN	NaN	NaN	9	293.4598074383206	293.53691223483617	95825.77563845486	1.1373056596659357	1005.5626787788971	0.025467739468430346	NaN	NaN	NaN	NaN	NaN	NaN	NaN	NaN	0.42958944016605666	-0.2836524007890883	0.17102523233241393	0.5424531331552618	1.877267318862613e-14	5.577293080389955e-15	0.5424531331552618	2.594520883252338	5.436271292777292	326.5637287072227	18.37778568806441	NaN	0.22661104732796172	0.3650089100118926	-29.430776120735317	-0.0985363073030486	NaN	0.12890398635981606	0	64.18160388138351	-9.739806003212461	22.031467698748717	54.86146967379918	83.66720280328406	117.34444156784278	175.8033564255182	0.057234105772699315	1.0204329051468433	32.75950379664875	1.0197564425824004	NaN	1	NaN	1	NaN	1	-0.016405239901775802	1.1541067668620204	NaN	NaN	800009909	800009909	800009909	800009909	800009909	800009919	899999999	899999999	89999	89999	89	89	1	0	0	21	0	0	0	NaN	0	0	0	0	0	0	0	0	0	NaN	NaN	NaN	NaN	0	0	0	0	0	0	0	0	6915	0	0	0	18000	18000	18000	18000	6	NaN	0.2802903431472937	0.3671383643687414	0.08258911250775011	0.05783474283204825	NaN	NaN	2.6787735951024234e-8	NaN	0.028645141265078937	NaN	NaN	-0.000016405239901775802	NaN	NaN	NaN	96210.11378645833	11.6899995803833	NaN	0	0	0	0	0.0002861306918881988	-1	0	2.131002697838677	82.32924855839764	1.0000884592367543	-273.1499938964844	9.000938236527972	-273.1499938964844	198
DATA	2025-08-27T150000_AIU-0547.ghg	2025-08-27	15:30:00	239.645	1	18000	18000	0.2325754338567843	1	NaN	2.095659978460051	2	NaN	NaN	NaN	NaN	NaN	NaN	NaN	NaN	NaN	NaN	0.03134754624916752	2	NaN	NaN	NaN	NaN	NaN	NaN	NaN	NaN	NaN	NaN	NaN	NaN	-1.096527618684451e-12	NaN	NaN	NaN	NaN	NaN	0	NaN	NaN	NaN	NaN	0	0.0875710747604008	2.24155649332213	2.24155649332213	0	1	NaN	NaN	NaN	NaN	9	294.2458386289808	294.9500893753061	95800.88991943047	1.1315626130961562	1005.599825930287	0.02559699649062376	NaN	NaN	NaN	NaN	NaN	NaN	NaN	NaN	0.6597608273816301	-0.12794498400465487	0.21628104560274142	0.7059969964286387	-2.3735456262992445e-14	-1.2521573152831685e-14	0.7059969964286387	6.615304510386755	342.97493279694345	349.0250672030565	17.83930488406799	NaN	0.4533594000773845	0.9782206592779201	-3756.0798233796327	-0.0007720815681149843	NaN	0.004062322659131543	0	89.63477828829767	-13.602423418437022	30.76871880909692	76.61846032812406	116.84798633475258	163.8809622572953	245.5235444826688	0.22875084886995273	1.0167194351659254	2.0598642909068774	1.0173776921669992	NaN	1	NaN	1	NaN	1	0.027236274923620903	1.1509483707693478	NaN	NaN	800009909	800009909	800009909	800009919	800009919	810109919	899999999	899999999	89999	89999	89	89	2	11	5	16	0	0	2	NaN	0	0	0	0	0	0	0	0	0	NaN	NaN	NaN	NaN	0	7	0	0	0	0	0	0	6612	0	0	0	18000	18000	18000	18000	6	NaN	1.0801323822115134	0.7328984408883327	0.14341049545599419	0.21416064119968348	NaN	NaN	2.243025605300652e-7	NaN	0.001810234466358177	NaN	NaN	0.0000272362749236209	NaN	NaN	NaN	96206.71056206597	11.686697597503663	NaN	0	0	0	0	0.00028794387292065154	-1	0	2.123390744074628	81.81952618110846	1.0000768984986677	-381.35499844020796	9.000636406236225	-331.3707463412783	116
