DATAH	filename	date	time	DOY	daytime	file_records	used_records	Tau	qc_Tau	rand_err_Tau	H	qc_H	rand_err_H	LE	qc_LE	rand_err_LE	co2_flux	qc_co2_flux	rand_err_co2_flux	h2o_flux	qc_h2o_flux	rand_err_h2o_flux	ch4_flux	qc_ch4_flux	rand_err_ch4_flux	none_flux	qc_none_flux	rand_err_none_flux	H_strg	LE_strg	co2_strg	h2o_strg	ch4_strg	none_strg	co2_v-adv	h2o_v-adv	ch4_v-adv	none_v-adv	co2_molar_density	co2_mole_fraction	co2_mixing_ratio	co2_time_lag	co2_def_timelag	h2o_molar_density	h2o_mole_fraction	h2o_mixing_ratio	h2o_time_lag	h2o_def_timelag	ch4_molar_density	ch4_mole_fraction	ch4_mixing_ratio	ch4_time_lag	ch4_def_timelag	none_molar_density	none_mole_fraction	none_mixing_ratio	none_time_lag	none_def_timelag	sonic_temperature	air_temperature	air_pressure	air_density	air_heat_capacity	air_molar_volume	ET	water_vapor_density	e	es	specific_humidity	RH	VPD	Tdew	u_unrot	v_unrot	w_unrot	u_rot	v_rot	w_rot	wind_speed	max_wind_speed	wind_dir	yaw	pitch	roll	u*	TKE	L	(z-d)/L	bowen_ratio	T*	model	x_peak	x_offset	x_10%	x_30%	x_50%	x_70%	x_90%	un_Tau	Tau_scf	un_H	H_scf	un_LE	LE_scf	un_co2_flux	co2_scf	un_h2o_flux	h2o_scf	un_ch4_flux	ch4_scf	un_none_flux	un_none_scf	spikes_hf	amplitude_resolution_hf	drop_out_hf	absolute_limits_hf	skewness_kurtosis_hf	skewness_kurtosis_sf	discontinuities_hf	discontinuities_sf	timelag_hf	timelag_sf	attack_angle_hf	non_steady_wind_hf	u_spikes	v_spikes	w_spikes	ts_spikes	co2_spikes	h2o_spikes	ch4_spikes	none_spikes	head_detect_LI-7200	t_out_LI-7200	t_in_LI-7200	aux_in_LI-7200	delta_p_LI-7200	chopper_LI-7200	detector_LI-7200	pll_LI-7200	sync_LI-7200	chopper_LI-7500	detector_LI-7500	pll_LI-7500	sync_LI-7500	not_ready_LI-7700	no_signal_LI-7700	re_unlocked_LI-7700	bad_temp_LI-7700	laser_temp_unregulated_LI-7700	block_temp_unregulated_LI-7700	motor_spinning_LI-7700	pump_on_LI-7700	top_heater_on_LI-7700	bottom_heater_on_LI-7700	calibrating_LI-7700	motor_failure_LI-7700	bad_aux_tc1_LI-7700	bad_aux_tc2_LI-7700	bad_aux_tc3_LI-7700	box_connected_LI-7700	mean_value_RSSI_LI-7200	mean_value_LI-7500	u_var	v_var	w_var	ts_var	co2_var	h2o_var	ch4_var	none_var	w/ts_cov	w/co2_cov	w/h2o_cov	w/ch4_cov	w/none_cov	co2_mean	h2o_mean	air_p_mean	vin_sf_mean	dew_point_mean	avg_signal_strength_7200_mean	co2_signal_strength_7200_mean	h2o_signal_strength_7200_mean	delta_signal_strength_7200_mean	flowrate_mean	hit_power_mean	hit_vin_mean	ch4_mean	rssi_77_mean	ch4_aux-1_mean	ch4_aux-2_mean	ch4_aux-3_mean	ch4_aux-4_mean	CHK
DATAU		[yyyy-mm-dd]	[HH:MM]	[ddd.ddd]	[1=daytime]	[#]	[#]	[kg+1m-1s-2]	[#]	[kg+1m-1s-2]	[W+1m-2]	[#]	[W+1m-2]	[W+1m-2]	[#]	[W+1m-2]	[µmol+1s-1m-2]	[#]	[µmol+1s-1m-2]	[mmol+1s-1m-2]	[#]	[mmol+1s-1m-2]	[µmol+1s-1m-2]	[#]	[µmol+1s-1m-2]	[µmol+1s-1m-2]	[#]	[µmol+1s-1m-2]	[W+1m-2]	[W+1m-2]	[µmol+1s-1m-2]	[mmol+1s-1m-2]	[µmol+1s-1m-2]	[µmol+1s-1m-2]	[µmol+1s-1m-2]	[mmol+1s-1m-2]	[µmol+1s-1m-2]	[µmol+1s-1m-2]	[mmol+1m-3]	[µmol+1mol_a-1]	[µmol+1mol_d-1]	[s]	[1=default]	[mmol+1m-3]	[mmol+1mol_a-1]	[mmol+1mol_d-1]	[s]	[1=default]	[mmol+1m-3]	[µmol+1mol_a-1]	[µmol+1mol_d-1]	[s]	[1=default]	[mmol+1m-3]	[µmol+1mol_a-1]	[µmol+1mol_d-1]	[s]	[1=default]	[K]	[K]	[Pa]	[kg+1m-3]	[J+1kg-1K-1]	[m+3mol-1]	[mm]	[kg+1m-3]	[Pa]	[Pa]	[kg+1kg-1]	[%]	[Pa]	[K]	[m+1s-1]	[m+1s-1]	[m+1s-1]	[m+1s-1]	[m+1s-1]	[m+1s-1]	[m+1s-1]	[m+1s-1]	[deg_from_north]	[deg]	[deg]	[deg]	[m+1s-1]	[m+2s-2]	[m]	[#]	[#]	[K]	[0=KJ/1=KM/2=HS]	[m]	[m]	[m]	[m]	[m]	[m]	[m]	[kg+1m-1s-2]	[#]	[W+1m-2]	[#]	[W+1m-2]	[#]	[µmol+1s-1m-2]	[#]	[mmol+1s-1m-2]	[#]	[µmol+1s-1m-2]	[#]	[µmol+1s-1m-2]	[#]	8u/v/w/ts/co2/h2o/ch4/none	8u/v/w/ts/co2/h2o/ch4/none	8u/v/w/ts/co2/h2o/ch4/none	8u/v/w/ts/co2/h2o/ch4/none	8u/v/w/ts/co2/h2o/ch4/none	8u/v/w/ts/co2/h2o/ch4/none	8u/v/w/ts/co2/h2o/ch4/none	8u/v/w/ts/co2/h2o/ch4/none	8co2/h2o/ch4/none	8co2/h2o/ch4/none	8aa	8U	[#]	[#]	[#]	[#]	[#]	[#]	[#]	[#]	[#_flagged_recs]	[#_flagged_recs]	[#_flagged_recs]	[#_flagged_recs]	[#_flagged_recs]	[#_flagged_recs]	[#_flagged_recs]	[#_flagged_recs]	[#_flagged_recs]	[#_flagged_recs]	[#_flagged_recs]	[#_flagged_recs]	[#_flagged_recs]	[#_flagged_recs]	[#_flagged_recs]	[#_flagged_recs]	[#_flagged_recs]	[#_flagged_recs]	[#_flagged_recs]	[#_flagged_recs]	[#_flagged_recs]	[#_flagged_recs]	[#_flagged_recs]	[#_flagged_recs]	[#_flagged_recs]	[#_flagged_recs]	[#_flagged_recs]	[#_flagged_recs]	[#_flagged_recs]	[#]	[#]	[m+2s-2]	[m+2s-2]	[m+2s-2]	[K+2]	--	--	--	--	[m+1s-1K+1]	--	--	--	--	--	--	--	--	--	--	--	--	--	--	--	--	--	--	--	--	--	--	207
DATA	2025-02-14T233000_AIU-0547.ghg	2025-02-15	00:00:00	46	0	18000	18000	0.09667685674165365	0	NaN	-10.571254937431386	0	NaN	16.9543109923198	0	NaN	0.8137328278868595	0	NaN	0.37717013738205485	0	NaN	-0.0013451995215325466	0	NaN	NaN	NaN	NaN	NaN	NaN	NaN	NaN	NaN	NaN	-7.365460111606184e-11	-5.877923519591336e-13	-4.120687828207587e-13	NaN	16.85180183989793	403.70023851902164	405.0050371120132	0.1	1	134.48393023830795	3.221684851862062	3.2320976519069493	0.1	1	0.09427926249388191	2.09365344738018	2.100420339771364	0	1	NaN	NaN	NaN	NaN	9	275.05699940321176	275.51641637844506	96600.72109787326	1.2200035087284598	1006.9198307087553	0.023712488475625078	0.024440624902357152	0.00244827792262009	311.3005605271337	722.5294347098763	0.0020067794109639822	43.08482749247897	411.22887418274263	264.21006684716536	-0.4168829415727196	0.7820954975630487	0.12184362999298125	0.8946008184953738	-1.4696694914549e-14	-4.370725564887604e-15	0.8946008184953738	5.163719414256236	213.94089858802883	118.05910141197117	7.827951047549127	NaN	0.2815015049593509	0.5118514570592646	179.3336640965015	0.016170973891658603	-0.6235142756447076	-0.03056960672461409	0	67.0088422611718	-10.16885033490081	23.001967145226953	57.27815051773717	87.35279357368839	122.51353502752895	183.54760036028208	0.09581788833960188	1.0089645933231943	-9.567539382164718	1.0132640863056845	15.455048528488987	1.0970079428134538	0.7417747822316677	1.0970079428134538	0.34381714357941767	1.0970079428134538	0.0009022027717058381	1.1758327948717415	NaN	NaN	800000009	800000009	800000009	800000009	800000009	810100009	899999999	899999999	89999	89999	89	89	42	7	4	0	4	0	0	NaN	0	0	0	0	0	0	0	0	0	NaN	NaN	NaN	NaN	0	0	0	0	0	0	0	0	18000	0	0	0	18000	18000	18000	18000	80	NaN	0.3745179954229712	0.5347606320629609	0.11442428663259716	0.07903310020807355	0.23041847618009856	0.054823519889855475	1.1931760846271913e-8	NaN	-0.0077883289232765366	0.017646191693185067	0.00817911766257767	9.022027717058381e-7	NaN	403.6998367915717	3.2216303166670786	97004.96983940972	11.4399995803833	-8.972938956817014	83.12686704296536	84.85727013439602	81.39646377987332	3.460805313328902	0.0002665285762276552	-1	0	2.090710289074315	87.35948285781012	1.0000714776317279	-273.1499938964844	9.000536836067836	-273.1499938964844	230
DATA	2025-02-15T000000_AIU-0547.ghg	2025-02-15	00:30:00	46.02	0	18000	18000	0.21041849494094733	1	NaN	-8.184817625928295	0	NaN	19.917342302468203	0	NaN	1.1674752796573213	0	NaN	0.4431177520436104	0	NaN	-0.0014496613156171354	2	NaN	NaN	NaN	NaN	NaN	NaN	NaN	NaN	NaN	NaN	1.3142189126551447e-10	1.0441893138363254e-12	7.353748664758238e-13	NaN	16.837245096545118	403.93963340717664	405.2402238105056	0.2	0	133.7773428380791	3.2094306707745246	3.219764281010664	0.1	1	0.09421327562299038	2.0929025503312526	2.0996412032064455	0	1	NaN	NaN	NaN	NaN	9	275.07713130187983	275.590591571384	96580.98280425348	1.2194315875973096	1006.9143300018934	0.023723719844188394	0.028714030332425953	0.002437810851675643	310.0531145882464	726.3568689828728	0.001999137037674209	42.6860580285305	416.3037543946264	264.1588213882354	-0.6953264249035974	0.8012846253779038	0.11585233484077802	1.0672195891775909	-1.6358425649045084e-14	7.80542722469968e-15	1.0672195891775909	5.513209106048953	201.04971258434003	130.95028741565997	6.23204122090831	NaN	0.41539688418788917	0.6390354092720292	744.1546137937671	0.003897039602046595	-0.4109392458909547	-0.016047072326692446	0	80.79025889157593	-12.260233477610281	27.73268150844056	69.05829817388219	105.31826203196462	147.71035998530525	221.29703560969105	0.20870558909931497	1.00820728303935	-7.059561687705877	1.0124509901036185	18.219432398297833	1.0931922502881595	1.06795056345266	1.0931922502881595	0.4053429320659811	1.0931922502881595	-0.00008864941310502717	1.1675614442202524	NaN	NaN	800000009	800000009	800000009	800000009	800000009	810000009	899999999	899999999	89999	89999	89	89	30	20	3	8	19	3	0	NaN	0	0	0	0	0	0	0	0	0	NaN	NaN	NaN	NaN	0	0	0	0	0	0	0	0	18000	17997	0	0	18000	18000	18000	18000	80	NaN	0.4268847890701119	0.6950813120205467	0.15610471745339985	0.03606555299264222	0.24262411083092955	0.03748395426588642	1.0089509015879499e-8	NaN	-0.005749469511444014	0.025417357101943098	0.009647212526168963	-8.864941310502717e-8	NaN	403.9394572529611	3.2093849807946357	96978.26597048611	11.432877874374388	-9.016006921132385	83.12117371135288	84.85261746703254	81.38972636943393	3.4628906406296625	0.00026697375509603365	-1	0	2.089972460409006	86.97285128642054	1.0000212962412172	-273.1499938964844	9.00012907497088	-273.1499938964844	053
DATA	2025-02-15T003000_AIU-0547.ghg	2025-02-15	01:00:00	46.041	0	18000	18000	0.06130720499562567	0	NaN	0.07707697212910061	1	NaN	9.29054092632615	0	NaN	0.4703050341134184	0	NaN	0.20666006566985345	0	NaN	-0.003735449476951557	0	NaN	NaN	NaN	NaN	NaN	NaN	NaN	NaN	NaN	NaN	-7.929715614978572e-11	-6.587357228358837e-13	-4.4276181347148184e-13	NaN	16.849309634662344	404.1469634610224	405.5083854557448	0.2	0	139.97024231877086	3.3573214353935374	3.3686310124997347	0.1	1	0.09407942543984624	2.0884150337780616	2.0954501334278173	0.2	0	NaN	NaN	NaN	NaN	9	274.8980850109524	275.41560909356014	96557.11721093752	1.2198365202274655	1006.991637879763	0.023714516755938123	0.013391572255406502	0.002551134983057266	324.26023540261673	717.3564016943213	0.002091374492199619	45.202110782973115	393.0961662917046	264.73191088368003	-0.3061157807789784	0.8626381827718149	0.09854881966908352	0.920632052166301	7.940576776700308e-15	-4.706255500620386e-15	0.920632052166301	4.052594710547164	222.46226191954435	109.53773808045564	6.144985675091684	NaN	0.22418416984417583	0.44131309785458805	-12419.52703435748	-0.0002335032559595399	0.008296284655578167	0.00027989310965715057	0	58.43242320724984	-8.867345655431679	20.057960016539077	49.947156504154876	76.17256514504712	106.83310568839565	160.05545986192678	0.06047347566519472	1.0137866944352067	0.5605973294349499	1.0155664866809164	8.554614155003172	1.086026880697193	0.4330510068143969	1.086026880697193	0.19029000970692786	1.086026880697193	-0.004077980419992935	1.148868553416941	NaN	NaN	800000009	800000009	800000009	800000009	800000019	810100019	899999999	899999999	89999	89999	89	89	12	7	7	2	4	0	1	NaN	0	0	0	0	0	0	0	0	0	NaN	NaN	NaN	NaN	0	0	0	0	0	0	0	0	18000	18000	0	0	18000	18000	18000	18000	80	NaN	0.3183482694209484	0.4620752658694899	0.10220266041873785	0.026240876237091197	0.21311048645996913	0.04437322352248652	9.384176084976975e-9	NaN	0.00045637676860209867	0.010304199145552553	0.004527841119348083	-0.000004077980419992934	NaN	404.14655750832935	3.3572772578588013	96957.7743420139	11.430000305175781	-8.444326469580322	83.10289903640746	84.83591382344564	81.3698892211914	3.4660301203793944	0.0002666614265957226	-1	0	2.085358907474412	86.80768508882878	1.0000309461918142	-273.1499938964844	9.00017808453242	-273.1499938964844	173
DATA	2025-02-15T010000_AIU-0547.ghg	2025-02-15	01:30:00	46.062	0	18000	18000	0.061731359196161066	0	NaN	1.2145366693280435	1	NaN	16.552734114560142	0	NaN	0.5034610102399946	0	NaN	0.3682305632136322	0	NaN	-0.0022159363762641977	0	NaN	NaN	NaN	NaN	NaN	NaN	NaN	NaN	NaN	NaN	2.217740988246562e-11	1.8181144487312678e-13	1.2396794440457742e-13	NaN	16.829612779165362	403.9179897713231	405.25994266137207	0.1	1	137.96995376157568	3.311338597237875	3.3223399898795094	0.1	1	0.09407466933312525	2.0890922156706746	2.096032890281343	0.1	0	NaN	NaN	NaN	NaN	9	274.9978619418674	275.49930174763995	96526.59430164931	1.21910168702267	1006.9680291268364	0.023729224171858528	0.023861340496243364	0.00251463436446332	319.7179753350623	721.6488594488902	0.0020626945161602082	44.3038149577656	401.9308841138279	264.55115622668325	-0.3276505696720943	0.7698468750128604	0.11200416977217068	0.8441350844621136	-4.9652307479887395e-15	1.3177611495566136e-15	0.8441350844621136	4.336266930655121	218.94516061627962	113.05483938372038	7.62478314642428	NaN	0.22502613118666878	0.3822917943253388	-796.8974634947681	-0.003639113101555304	0.07337377987964604	0.00439665171268353	0	60.03039292287602	-9.10984372478457	20.606491309687524	51.313076982793824	78.25568005937511	109.75470397486147	164.43254647996469	0.06083918422667415	1.0146644794933946	2.0601977194006946	1.0160979565386248	15.239041313114702	1.0862057379104861	0.46350428161840973	1.0862057379104861	0.33900627695264296	1.0862057379104861	-0.0034663034412607107	1.1494260688235125	NaN	NaN	800000009	800000009	800000009	800000009	800000009	800100009	899999999	899999999	89999	89999	89	89	15	4	0	6	19	4	0	NaN	0	0	0	0	0	0	0	0	0	NaN	NaN	NaN	NaN	0	0	0	0	0	0	0	0	18000	604	0	0	18000	18000	18000	18000	80	NaN	0.26155043589090043	0.40677777563429535	0.09625537712548173	0.021395256329063417	0.1693064450003065	0.032624456019611586	1.4785913292162707e-8	NaN	0.0016782369846117273	0.011035147916126656	0.008071089219727344	-0.0000034663034412607107	NaN	403.91772266038026	3.3113011796313296	96925.47932204862	11.430000305175781	-8.619594430155212	83.05543670188055	84.79792258792455	81.31295230844287	3.484976156936751	0.0002668827096866961	-1	0	2.086074472447236	86.85782437498557	1.0000335884888967	-273.1499938964844	9.000202537430658	-273.1499938964844	001
DATA	2025-02-15T013000_AIU-0547.ghg	2025-02-15	02:00:00	46.083	0	18000	18000	0.05271461423782298	0	NaN	-7.282654545900899	1	NaN	25.33332914211943	0	NaN	1.416771532650576	0	NaN	0.5634865381718941	0	NaN	0.000752406522043957	2	NaN	NaN	NaN	NaN	NaN	NaN	NaN	NaN	NaN	NaN	-5.636418647236504e-11	-4.907804271791697e-13	-3.1568389085429134e-13	NaN	16.847763088240857	404.4914551613342	405.9211224936315	0.2	0	146.69869083472548	3.522032368048722	3.534480924268246	0.1	1	0.09436075878598621	2.094314096772103	2.10171640999657	0	1	NaN	NaN	NaN	NaN	9	274.8169094967313	275.35675063408746	96479.2814544271	1.219037705209777	1007.0798669798702	0.023728576646304973	0.03651392767353873	0.002674708445673072	339.8943007270215	714.3511980210292	0.002194114615357855	47.58084002219531	374.45689729400766	265.3372953533609	-0.3261612310777478	0.8818761873253991	0.12454774871023575	0.9484718763034039	-4.2809034822497726e-14	-3.345499706824893e-15	0.9484718763034039	4.227886791433622	221.7031248149419	110.2968751850581	7.545536812077367	NaN	0.2079490530436044	0.3499677916834838	104.84721686429157	0.027659294034991882	-0.287473253319584	-0.0285267115035256	0	58.35362147847731	-8.855387189071433	20.03090993307176	49.879797971618245	76.06983913286072	106.6890309956771	159.83960971838803	0.05225587163614994	1.0087787761893476	-5.889705416648861	1.0135193722788347	23.020750249554574	1.100456278248777	1.2874400924906992	1.100456278248777	0.5120480925135931	1.100456278248777	0.0013078353744624563	1.1816040405656103	NaN	NaN	800000009	800000009	800000009	800000009	800000009	810000009	899999999	899999999	89999	89999	89	89	48	11	1	1	22	1	0	NaN	0	0	0	0	0	0	0	0	0	NaN	NaN	NaN	NaN	0	0	0	0	0	0	0	0	18000	0	0	0	18000	18000	18000	18000	80	NaN	0.2878983434397206	0.3238041645200385	0.08823307540720846	0.03615924073322812	0.29920233110560485	0.05512576273510921	1.8470639710538066e-8	NaN	-0.004797472796760634	0.030657125262933578	0.012193128522559842	0.0000013078353744624563	NaN	404.4911399657769	3.521977448610441	96877.85362847224	11.437575672891407	-7.842077703899682	83.01263683658178	84.7567563612196	81.26852015050252	3.488234994179673	0.00026679442502791054	-1	0	2.091095286753442	87.28394274075825	1.000014793255263	-273.1499938964844	9.000087068451775	-273.1499938964844	229
DATA	2025-02-15T020000_AIU-0547.ghg	2025-02-15	02:30:00	46.104	0	18000	18000	0.046249798557388644	0	NaN	-2.249162990196368	2	NaN	13.208481809804349	0	NaN	0.6591196745262669	0	NaN	0.29380775023728195	0	NaN	-0.0017068277803817782	2	NaN	NaN	NaN	NaN	NaN	NaN	NaN	NaN	NaN	NaN	-8.753480436093152e-11	-7.587224183435026e-13	-4.905033096197493e-13	NaN	16.843055128129922	404.5611696353531	405.98479631179055	0.1	0	145.98997064545077	3.506600959864699	3.5189404799293262	0.1	1	0.0943804506649805	2.095227519365841	2.1026005002983994	-0.1	0	NaN	NaN	NaN	NaN	9	274.9187738138835	275.40296404181584	96423.382078125	1.21813408168384	1007.0721993351159	0.023746317477108154	0.01903874221537587	0.0026609999820118363	338.20902080972996	716.7098267869927	0.002184488573157322	47.18911450201816	378.50080597726276	265.2732429987233	-0.29377728923004703	0.8769796872430592	0.12643741766844582	0.9334799880506993	2.1440742339227267e-14	-5.197085902470146e-15	0.9334799880506993	3.4262310190763183	223.47979115274856	108.52020884725144	7.784490432022899	NaN	0.19485312513969472	0.4117693594108337	279.18783479030697	0.010387272075010497	-0.17028171916978882	-0.009409311611692289	1	7.20721674809086	3	6	12	21	42	147	0.045848533483907036	1.0087519718296432	-1.5390661653142992	1.0128382621886791	12.072923953235161	1.0940582298843102	0.6024539247750685	1.0940582298843102	0.26854854907343484	1.0940582298843102	-0.001696138375434459	1.170213063065967	NaN	NaN	800000009	800000009	800000009	800000009	800000009	810000009	899999999	899999999	89999	89999	89	89	48	3	4	3	29	2	0	NaN	0	0	0	0	0	0	0	0	0	NaN	NaN	NaN	NaN	0	0	0	0	0	0	0	0	18000	0	0	0	18000	18000	18000	18000	80	NaN	0.347811611200351	0.36458484505980454	0.111142262561512	0.020465605561381963	0.11715044706200922	0.02944317829074088	1.0298607739046583e-8	NaN	-0.0012545893288275075	0.01435641789558143	0.006399485565953833	-0.000001696138375434459	NaN	404.5608381568819	3.5065650311673564	96819.25602951388	11.449999809265137	-7.894911967674882	83.01841180780198	84.76237191030714	81.27444947475857	3.4879246002237005	0.0002672402755997609	-1	0	2.0920217772656016	87.33826044739617	1.000021832762493	-273.1499938964844	9.000139254265362	-273.1499938964844	132
DATA	2025-02-15T023000_AIU-0547.ghg	2025-02-15	03:00:00	46.124	0	18000	18000	0.09589351587517239	0	NaN	-2.604531541914954	0	NaN	22.081231050382318	0	NaN	0.741985747265567	0	NaN	0.49112568432204734	0	NaN	-0.002104355578089627	1	NaN	NaN	NaN	NaN	NaN	NaN	NaN	NaN	NaN	NaN	1.2076000272155618e-10	1.0603842785830861e-12	6.779277487296123e-13	NaN	16.854244829135542	404.9444631860579	406.3894973230939	0.2	0	147.99582511946545	3.55578612772848	3.5684748611368584	0.1	1	0.09461709171950841	2.099603445691821	2.1070958278061283	0.1	0	NaN	NaN	NaN	NaN	9	274.7899208611383	275.30362988789875	96386.95228342013	1.2180905295746145	1007.097330215483	0.02374672426780017	0.03182494434406866	0.0026982781455212163	342.823321890086	711.6485233117673	0.002215170449164823	48.173123481617615	368.82520142168136	265.44794944566155	-0.435078681788195	0.7892732683333326	0.11297411871125554	0.9083000071290788	1.4157672974640587e-14	7.164960752961246e-15	0.9083000071290788	4.425498094394303	213.13470587575537	118.86529412424463	7.144937968927994	NaN	0.28057878981410606	0.4213349987958911	719.6407668248878	0.00402978838010391	-0.1179522797425671	-0.007567000667213726	0	65.14252555758526	-9.885629574835628	22.36132101480782	55.68285106986506	84.91986125833651	119.1013128621894	178.4354697683152	0.0950516637604322	1.008856784630956	-1.4296217824039703	1.0126642847981642	20.222811681113452	1.0918971802029134	0.6795381110222115	1.0918971802029134	0.44979114629710715	1.0918971802029134	-0.002509297825720206	1.1665005313894914	NaN	NaN	800000009	800000009	800000009	800000009	800000009	810100009	899999999	899999999	89999	89999	89	89	57	28	14	0	14	0	0	NaN	0	0	0	0	0	0	0	0	0	NaN	NaN	NaN	NaN	0	0	0	0	0	0	0	0	18000	0	0	0	18000	18000	18000	18000	80	NaN	0.3040332732567941	0.41664362834775914	0.1219930959872289	0.0225529109986033	0.18397909696121625	0.04135745286039031	3.427832073751938e-8	NaN	-0.0011653869360384842	0.01619440343323516	0.010719191706371506	-0.0000025092978257202058	NaN	404.94425057848264	3.5557403946076556	96782.69515625	11.449999809265137	-7.725243577930635	83.01553213416206	84.75936300108168	81.27169803407457	3.4876600991421274	0.00026735360822769717	-1	0	2.0963457522988325	87.20164029433508	1.0000289103306002	-273.1499938964844	9.000197473437698	-273.1499938964844	182
DATA	2025-02-15T030000_AIU-0547.ghg	2025-02-15	03:30:00	46.145	0	18000	18000	0.10400827741372018	1	NaN	-3.2667704048246304	1	NaN	16.943337895522916	0	NaN	0.6694467542162311	1	NaN	0.3768681295966203	0	NaN	-0.001749691782775513	1	NaN	NaN	NaN	NaN	NaN	NaN	NaN	NaN	NaN	NaN	5.624462811980891e-11	5.068537873118454e-13	3.1717373817688793e-13	NaN	16.86518685084321	405.36048090522803	406.8466691354612	0.1	0	151.98222683352068	3.652944322713104	3.666337248550348	0.1	1	0.09510587121563158	2.1110700999565735	2.118809994898345	0.2	0	NaN	NaN	NaN	NaN	9	274.85692942470973	275.354716796875	96343.24920811632	1.2172675580581425	1007.1507050489428	0.02376190479629744	0.024421054797860994	0.002770234894359192	352.0309284738599	714.2475535398032	0.0022757814221044674	49.286963144528585	362.21662506594333	265.79040566016454	-0.5127420715337815	0.7058136188100659	0.08507658149570924	0.8765359782333644	-3.9773766800664266e-15	3.3349543421748007e-15	0.8765359782333644	4.122988220878999	206.00326978343884	125.99673021656118	5.569897115911566	NaN	0.29230815249178077	0.4413121954708447	648.5619232383241	0.004471431171167214	-0.19280559857617177	-0.009115850114036468	0	76.9033078549199	-11.670373661844655	26.39841699911214	65.73579088947167	100.25122878562554	140.6037738108477	210.65007453080182	0.1030784995343598	1.0090200952047275	-2.3504308400501754	1.012781481644376	15.513114077100804	1.0921945014594647	0.6129373049595752	1.0921945014594647	0.3450558752063148	1.0921945014594647	-0.001663971112930653	1.1672621214835734	NaN	NaN	800000009	800000009	800000009	800000009	800000009	810101009	899999999	899999999	89999	89999	89	89	12	17	2	4	14	5	1	NaN	0	0	0	0	0	0	0	0	0	NaN	NaN	NaN	NaN	0	0	0	0	0	0	0	0	18000	0	0	0	18000	18000	18000	18000	80	NaN	0.2464476760376026	0.5487374772751779	0.0874392376289089	0.03118118257947693	0.19447863238012955	0.033014796405664217	7.673784676006497e-9	NaN	-0.0019171980040291734	0.014617970843770086	0.008229253926011478	-0.000001663971112930653	NaN	405.36018802812373	3.6529061435706147	96742.08843663195	11.45045537524753	-7.377602891445122	83.00736970350478	84.75074588139852	81.26400210995145	3.486737289879057	0.00026710042182175026	-1	0	2.1077047956850796	87.07057845009697	1.000071079214414	-273.1499938964844	9.000530462053087	-273.1499938964844	087
DATA	2025-02-15T033000_AIU-0547.ghg	2025-02-15	04:00:00	46.166	0	18000	18000	0.05806035622475759	1	NaN	-4.592691879620924	1	NaN	5.735971601341977	1	NaN	0.4652469874228778	0	NaN	0.12758462601319917	1	NaN	0.0005303177630538888	2	NaN	NaN	NaN	NaN	NaN	NaN	NaN	NaN	NaN	NaN	-1.046381363726254e-10	-9.923449611367286e-13	-5.894702785064044e-13	NaN	16.89011544791853	406.0396381726521	407.60922414323034	0.1	0	160.17889403221832	3.8507125884537787	3.865597894929685	0.1	1	0.09514906708233889	2.112225225398858	2.120390238783777	0	1	NaN	NaN	NaN	NaN	9	274.8747896660699	275.35692767503525	96351.68883984376	1.2172732528635855	1007.2579235573477	0.023760014217244885	0.008267483765655306	0.0029204461495014504	371.12218403561945	714.3602206694121	0.0023991705581562894	51.951686739758344	343.23803663379266	266.4758010594946	-0.3384922056368295	0.5046881356022574	0.10288764633167224	0.6163383447930629	1.3289311621138364e-14	-6.195229197531659e-15	0.6163383447930629	3.356800783449945	208.15040925550883	123.84959074449117	9.609586059823965	NaN	0.21839656749919334	0.2314461729680677	192.4235671972711	0.01507091902639422	-0.8006824647713434	-0.017151129643441707	0	74.6883192717245	-11.334240598864106	25.63808309542916	63.84245196311253	97.36376746041981	136.55406824639073	204.5828776422724	0.05743326485880746	1.0109186090585613	-4.23755535322546	1.0141682057889307	5.232810218871533	1.0961550985846666	0.42443536322879427	1.0961550985846666	0.11639285916558144	1.0961550985846666	0.0015189430641431422	1.1758950052501946	NaN	NaN	800000009	800000009	800000009	800000009	800000009	810000009	899999999	899999999	89999	89999	89	89	18	11	0	0	0	0	0	NaN	0	0	0	0	0	0	0	0	0	NaN	NaN	NaN	NaN	0	0	0	0	0	0	0	0	18000	0	0	0	18000	18000	18000	18000	80	NaN	0.14949563259801896	0.2608861160533264	0.052510597284790045	0.018611380938384207	0.27354901124419956	0.0378980505869746	1.2033853280348791e-8	NaN	-0.003456102486165452	0.010123583732717607	0.0027761891626782178	0.0000015189430641431421	NaN	406.0393440165621	3.850674680461035	96749.03500889757	11.460000038146973	-6.69338355578313	82.9774975113339	84.72173954031203	81.23325286822849	3.488486739337444	0.00026716486533405264	-1	0	2.108676493863265	87.01841383255854	1.0000384322173066	-273.1499938964844	9.000265344275368	-273.1499938964844	076
DATA	2025-02-15T040000_AIU-0547.ghg	2025-02-15	04:30:00	46.187	0	18000	18000	0.12442449628779398	1	NaN	-2.316952044508739	0	NaN	13.972408724580376	0	NaN	0.5468072935018392	0	NaN	0.3107866571876114	0	NaN	-0.0006024385616582781	0	NaN	NaN	NaN	NaN	NaN	NaN	NaN	NaN	NaN	NaN	-6.126950206731991e-11	-5.935723471484326e-13	-3.4543393852943644e-13	NaN	16.88307513135639	406.00043369384434	407.603656485012	0.1	0	163.56141627838926	3.9332885406208806	3.9488203906122457	0.8	0	0.0951858092580044	2.1131550832018715	2.121499553082945	0.2	0	NaN	NaN	NaN	NaN	9	274.9136032324897	275.3562769639757	96300.43087890625	1.2165905090433096	1007.3026899576603	0.023772604813754237	0.020138975385757218	0.0029814932470248715	378.8789842556827	714.3270585712519	0.00245069579687041	53.03998773523861	335.44807431556916	266.74535386811294	-0.6268716077430423	0.6121103521209399	0.1353609519225128	0.8865493122626265	1.7681384632748674e-14	-3.629048712430714e-15	0.8865493122626265	4.588486151567687	196.31740924278122	135.68259075721878	8.782438780719865	NaN	0.31980167462727943	0.43567871132240193	1197.1650142217716	0.0024223895332300305	-0.1658233802188121	-0.005911965535402334	0	72.3125696546242	-10.973711428768452	24.822565131026252	61.81169692289931	94.26673789115081	132.21044023985357	198.0753313758255	0.12331881231485718	1.0089660608319335	-1.5652938926621052	1.0126862314014013	12.800286252810707	1.0915700202807805	0.5009365256854398	1.0915700202807805	0.2847152737922107	1.0915700202807805	-0.000717358708548925	1.1660627791857667	NaN	NaN	800000009	800000009	800000009	800000009	800000009	811000009	899999999	899999999	89999	89999	89	89	30	5	4	0	5	0	0	NaN	0	0	0	0	0	0	0	0	0	NaN	NaN	NaN	NaN	0	0	0	0	0	0	0	0	18000	0	0	0	18000	18000	18000	18000	80	NaN	0.29001942983863305	0.45926656104096353	0.12207143176520734	0.01971323057363856	0.2071145355398238	0.021051058081425558	6.4313669774898175e-9	NaN	-0.0012772957670948103	0.011955603514108333	0.006795158175405154	-7.17358708548925e-7	NaN	406.0001970714993	3.9332673260109754	96694.28071831597	11.456212173673844	-6.4174355262650415	82.96288640043471	84.70666538704766	81.21910386615329	3.4875536498957205	0.0002669923262308456	-1	0	2.1095279727843073	87.0109163233439	1.0000332730097903	-273.1499938964844	9.000239381869633	-273.1499938964844	131
DATA	2025-02-15T043000_AIU-0547.ghg	2025-02-15	05:00:00	46.208	0	18000	18000	0.21261222648410366	1	NaN	-9.952888824301123	1	NaN	21.432626467514456	1	NaN	0.9700651894057322	1	NaN	0.4767482987957489	1	NaN	-0.00482224484582204	1	NaN	NaN	NaN	NaN	NaN	NaN	NaN	NaN	NaN	NaN	-5.264434457186507e-11	-5.109491699572103e-13	-2.9711190187065756e-13	NaN	16.894980456489325	406.35783747777185	407.9668502477009	0	0	163.97727639865042	3.9439791957413424	3.9595957590385362	0.1	1	0.09535116860734613	2.117393358369567	2.1257773801315833	-0.1	0	NaN	NaN	NaN	NaN	9	274.97650504302976	275.41123341030544	96271.50833311632	1.215977510004136	1007.3093056878804	0.02378449277693123	0.030893289761964527	0.0029881026680502747	379.79467458964785	717.1326030592954	0.0024573667222184984	52.96017402770975	337.3379284696476	266.7768501447255	-0.9577192844217681	0.5548925562439699	0.04997880739004645	1.1079845928154535	6.0662969471102926e-15	-3.1159754642772904e-15	1.1079845928154535	5.412695396537274	182.0875547495454	149.9124452504546	2.585366919454499	NaN	0.41814927338207303	0.5658698938289249	622.8474591363109	0.004656035691341451	-0.46438026806405497	-0.01943253317868986	0	85.67324622684743	-13.001245644423438	29.408853047395155	73.23220230545603	111.68372919014092	156.63801818311606	234.67229442233386	0.21090839338343156	1.0080785457294463	-8.732000046971473	1.0124373171201726	19.595477143990145	1.0937537427654707	0.886913709618948	1.0937537427654707	0.435882667327225	1.0937537427654707	-0.0027147176188933135	1.1682052986758158	NaN	NaN	800000009	800000009	800000009	800000009	800000009	810001009	899999999	899999999	89999	89999	89	89	11	3	2	16	32	0	0	NaN	0	0	0	0	0	0	0	0	0	NaN	NaN	NaN	NaN	0	0	0	0	0	0	0	0	18000	0	0	0	18000	18000	18000	18000	80	NaN	0.6086523126814952	0.3864918802776877	0.13659559469866692	0.01494045788126774	0.17779678760842113	0.014929903291722758	7.295860807521756e-9	NaN	-0.007128946257868197	0.021178342065919013	0.010408309319321785	-0.0000027147176188933133	NaN	406.3575908762614	3.943964039870743	96667.90228255208	11.449999809265137	-6.383164550688521	82.96252239078946	84.70566091431512	81.21938610945807	3.4862696549826198	0.00026748379996085233	-1	0	2.1137519661519257	86.98831552463108	1.000050173593892	-273.1499938964844	9.000362773683337	-273.1499938964844	093
DATA	2025-02-15T050000_AIU-0547.ghg	2025-02-15	05:30:00	46.229	0	18000	18000	0.19466655825842608	1	NaN	-3.303313665612463	1	NaN	17.564385585519158	1	NaN	0.9440323329030684	1	NaN	0.39073026903289354	1	NaN	-0.0030200821978707327	1	NaN	NaN	NaN	NaN	NaN	NaN	NaN	NaN	NaN	NaN	-3.8166009740754694e-11	-3.8282248194332997e-13	-2.154144107295674e-13	NaN	16.920133441754206	407.18419385100947	408.85405321561564	0.3	0	169.71665424242485	4.084243146112426	4.100992597019059	0.1	1	0.09549965007028416	2.1215458312003257	2.1302462749483153	0.2	0	NaN	NaN	NaN	NaN	9	275.0565175789727	275.48476190355086	96257.63553125001	1.2154132191974945	1007.3865226647017	0.023794271465587276	0.0253193214333315	0.0030931000707630995	393.2450437123003	720.9015074312093	0.002544895860854132	54.54906664206483	327.65646371890904	267.2318816565404	-0.9824127329163616	0.5312101465471794	0.06759241580881818	1.1188778897921634	-1.5905543716129605e-14	-2.2556565450347776e-15	1.1188778897921634	4.790395465477154	180.40097310709373	151.59902689290627	3.4633981565993093	NaN	0.4002060940666842	0.5526331187700646	1645.1428847011382	0.0017627648193772683	-0.18806884246129613	-0.006741336790777742	0	83.49666420860596	-12.670940925848125	28.661702874626204	71.37169273316522	108.84633470129717	152.65853206854052	228.71029906538595	0.19311672614010636	1.0080253644999932	-2.3556071838624426	1.0122907236622423	16.075612224171717	1.0926106788709968	0.8640152903123228	1.0926106788709968	0.35761161462986807	1.0926106788709968	-0.0028609651021219607	1.1660741987716412	NaN	NaN	800000009	800000009	800000009	800000009	800000009	800000009	899999999	899999999	89999	89999	89	89	11	18	1	6	3	0	0	NaN	0	0	0	0	0	0	0	0	0	NaN	NaN	NaN	NaN	0	0	0	0	0	0	0	0	18000	0	0	0	18000	18000	18000	18000	80	NaN	0.5945095327074621	0.37731805479430564	0.1334386500383616	0.011668389378211377	0.1627885756200735	0.015867226646403772	8.46502990245514e-9	NaN	-0.0019239012562238414	0.020642947801668577	0.008544013024823086	-0.0000028609651021219605	NaN	407.18408402263265	4.084227062926121	96655.48244140626	11.457122194502087	-5.927973705503676	82.94530772281139	84.68978957885597	81.20082596197157	3.4889596747159954	0.0002675815778267053	-1	0	2.1177680632935623	86.90886519665187	1.00002367627124	-273.1499938964844	9.000137201070785	-273.1499938964844	236
DATA	2025-02-15T053000_AIU-0547.ghg	2025-02-15	06:00:00	46.249	0	18000	18000	0.19935592823294235	1	NaN	-1.068864138025068	2	NaN	22.08410778318983	1	NaN	1.1657768770456867	1	NaN	0.49127148345631455	1	NaN	-0.0029338064078551435	1	NaN	NaN	NaN	NaN	NaN	NaN	NaN	NaN	NaN	NaN	-1.4165879050045516e-11	-1.4343461213670152e-13	-8.016818521191959e-14	NaN	16.929611301714935	407.47451022200664	409.1626439879601	0.3	0	171.41839359971087	4.125825733991295	4.142918694555124	0.1	1	0.09580882411934255	2.128401329134273	2.1372191227902593	0.1	0	NaN	NaN	NaN	NaN	9	275.0451579530504	275.4789539557563	96251.8722983941	1.2153469324059294	1007.4090107131568	0.023795194508921473	0.03183439212796918	0.003124470403992935	397.2249744943753	720.6031688096075	0.002570846497146012	55.12395610895894	323.3781943152322	267.36387267951136	-1.0159315730637286	0.4802084941599103	0.047321712411655725	1.1247028511907597	2.314292081704333e-15	-8.367515826314654e-16	1.1247028511907597	4.711936131157581	177.29907065645972	154.70092934354028	2.411423614648844	NaN	0.40500878431413134	0.5573775850826205	5269.354977647402	0.0005503519903862611	-0.048399697579753494	-0.002155519534737047	0	87.18463273972947	-13.230604378719773	29.927663128869977	74.52411276464476	113.65397415505569	159.40131476066944	238.8122162340727	0.19698613970598794	1.0120302297942965	0.09834809404237556	1.0145537202597013	20.332084267191444	1.0861703843528479	1.0732909807150277	1.0861703843528479	0.4522968868728817	1.0861703843528479	-0.003814211531746796	1.1480555314773881	NaN	NaN	800000009	800000009	800000009	800000009	800000009	800010009	899999999	899999999	89999	89999	89	89	10	30	4	5	2	0	0	NaN	0	0	0	0	0	0	0	0	0	NaN	NaN	NaN	NaN	0	0	0	0	0	0	0	0	18000	0	0	0	18000	18000	18000	18000	80	NaN	0.724261753096693	0.26782970949687707	0.12266370757167071	0.006985050456443775	0.16367306148043664	0.018586936137635693	4.056211331525934e-9	NaN	0.00008032668558871086	0.025645002845028915	0.010807092539737363	-0.000003814211531746796	NaN	407.47437090226435	4.125806901128937	96649.91030555556	11.45954502773285	-5.79671252955329	82.93928217018976	84.68341078228421	81.19514979807536	3.488260488695569	0.0002673488635983733	-1	0	2.124573000636366	86.84917142338223	1.0000326573865281	-273.1499938964844	9.000196445756488	-273.1499938964844	080
DATA	2025-02-15T060000_AIU-0547.ghg	2025-02-15	06:30:00	46.27	0	18000	18000	0.20125029750155787	1	NaN	9.570017937751544	1	NaN	11.043888241445513	1	NaN	0.31261250957585635	1	NaN	0.24564053996226734	1	NaN	-0.0022101536179545485	1	NaN	NaN	NaN	NaN	NaN	NaN	NaN	NaN	NaN	NaN	1.0901940040304857e-10	1.0962385477823083e-12	6.170485301431856e-13	NaN	16.942554656972792	407.7833607258084	409.46233770946276	0.3	0	170.36492077755796	4.100443017657148	4.117325877804209	0.1	1	0.09589466103560872	2.128807930156788	2.1375729261364973	-0.1	0	NaN	NaN	NaN	NaN	9	274.8802962392171	275.32465921783444	96221.52102994792	1.2156562589069366	1007.3929182440706	0.023789368451415698	0.015917506989554922	0.0031060086607639583	394.6566981482191	712.7173683511322	0.002555005691787201	55.373520510838006	318.0606702029131	267.2788332510486	-1.1527669713518998	0.42646456002055017	0.03816647765999837	1.229715573297455	-2.3491652398207098e-14	6.434649473488999e-15	1.229715573297455	4.552432927691261	172.3018847224495	159.6981152775505	1.7785651985991817	NaN	0.40687674668978036	0.5184104379171485	-596.5707212337953	-0.004861116874797973	0.8665442576498712	0.019206144744234495	0	85.85256879692008	-13.028458536262866	29.470408682831035	73.38548454125136	111.91749427125674	156.96587703320924	235.1634867234781	0.1989898202433671	1.0113597633056113	10.024474383731139	1.014196513508801	10.164569505330912	1.086508212241889	0.28772217830808217	1.086508212241889	0.22608254332051053	1.086508212241889	-0.0057686142949756655	1.147919521297603	NaN	NaN	800000009	800000009	800000009	800000009	800000009	801000109	899999999	899999999	89999	89999	89	89	15	39	4	17	19	7	0	NaN	0	0	0	0	0	0	0	0	0	NaN	NaN	NaN	NaN	0	0	0	0	0	0	0	0	18000	0	0	0	18000	18000	18000	18000	80	NaN	0.7032697262693349	0.20489529232690804	0.1286558572380539	0.009226953626379548	0.059655060798702184	0.005276185948035319	7.89022156523157e-9	NaN	0.008185626537549126	0.006872918481539459	0.0054005113525770025	-0.000005768614294975666	NaN	407.78321331872235	4.100436519692958	96615.94789865451	11.449999809265137	-5.877523997677695	82.95503932762146	84.6997010031806	81.21037751960755	3.489320031258795	0.00026781270611293936	-1	0	2.125002005332046	86.50394858042401	1.0000227326320277	-273.1499938964844	9.000130559338464	-273.1499938964844	227
DATA	2025-02-15T063000_AIU-0547.ghg	2025-02-15	07:00:00	46.291	1	18000	18000	0.18185359816025695	1	NaN	4.921579818289889	1	NaN	17.674051200726613	1	NaN	0.44818414961370356	1	NaN	0.39300312625729444	1	NaN	-0.00042532396103214977	1	NaN	NaN	NaN	NaN	NaN	NaN	NaN	NaN	NaN	NaN	-7.202635911080664e-11	-7.326941896496339e-13	-4.073365928154018e-13	NaN	16.96854460535667	408.11468342233775	409.81606798539184	0.1	0	172.61394568103464	4.151580906570938	4.168888383987526	0.1	1	0.09596360596193329	2.127613760986875	2.136483545280665	0.1	0	NaN	NaN	NaN	NaN	9	274.579597424825	275.03823821173773	96202.29335525175	1.2166554891907995	1007.4164456176475	0.02376937007154577	0.025466602581472677	0.003147390485866264	399.49873683193505	698.28103604164	0.002586920055700896	57.21174086247303	298.782299209705	267.4387535997537	-0.7692436029517414	0.37078001184353365	0.05563915127128059	0.8557506955994636	-3.8491765682060864e-14	-4.244698693137724e-15	0.8557506955994636	5.4980613485208965	177.73434445540542	154.2656555445946	3.7278834686761693	NaN	0.38661361071915057	0.5409195904128913	-995.067914342383	-0.0029143739419198755	0.27846359402237975	0.010386057855504885	0	82.97558957030537	-12.591865839167191	28.482834813248786	70.92628596957381	108.16706128334215	151.70584144149493	227.28299490310985	0.17925063449995443	1.0145213637182589	5.771456040771085	1.0160103549815045	16.271925664013008	1.086168383857268	0.4126286092236311	1.086168383857268	0.36182523087409113	1.086168383857268	-0.0030660357941315296	1.1493308256597379	NaN	NaN	800000009	800000009	800000009	800000009	800000009	801000109	899999999	899999999	89999	89999	89	89	18	39	5	13	19	4	0	NaN	0	0	0	0	0	0	0	0	0	NaN	NaN	NaN	NaN	0	0	0	0	0	0	0	0	18000	0	0	0	18000	18000	18000	18000	80	NaN	0.6950290586996482	0.2603174202661828	0.1264927018599516	0.009141509376153779	0.03708757124264803	0.009165919045857712	9.213597230404505e-9	NaN	0.004708783641728436	0.009848821260863557	0.008636221403199617	-0.0000030660357941315294	NaN	408.11462225247186	4.151567267301287	96597.88322005208	11.449999809265137	-5.71891452652876	82.94835692342123	84.69413300789726	81.20258073425293	3.4915492343637675	0.0002675498433495199	-1	0	2.123757448732853	86.41875996674432	1.0000124868932698	-273.1499938964844	9.000069418562783	-273.1499938964844	010
DATA	2025-02-15T070000_AIU-0547.ghg	2025-02-15	07:30:00	46.312	1	18000	18000	0.07872417004971272	1	NaN	5.93754156620866	1	NaN	14.620295870424581	1	NaN	0.04542449966112589	1	NaN	0.325136925295572	1	NaN	-0.0016475903373866588	1	NaN	NaN	NaN	NaN	NaN	NaN	NaN	NaN	NaN	NaN	1.8836953270068358e-11	2.0009900923301088e-13	1.0678334182119587e-13	NaN	16.978773153000493	408.41943162244104	410.1990847473145	0	0	180.3601483317325	4.3385107160094	4.3574154094574356	0.1	1	0.09624964883160299	2.135296858871199	2.1446012343078107	0.3	0	NaN	NaN	NaN	NaN	9	274.7017265836928	275.1600383690728	96225.95447309027	1.2163299242041872	1007.5198199697851	0.023774049023750913	0.021068872759153062	0.0032884581151451995	417.58931851539097	704.3881239922446	0.0027035905716919295	59.283980562964274	286.7988054768536	268.02139294507185	-0.5835682230866172	0.33383629277213667	0.04100951503937682	0.6735579571885985	-1.9692024691859493e-14	1.1094413654227714e-15	0.6735579571885985	3.0296336579470347	181.77216553845813	150.22783446154187	3.490607197776904	NaN	0.254406585813503	0.24472507572631053	-235.06842420439497	-0.012336833455259875	0.4061163754024788	0.019044664376495983	0	78.7665990891199	-11.953135295258093	27.038024583794922	67.32850421161676	102.68021709606899	144.01046445322467	215.7539178933953	0.07738390311669606	1.017319712227432	6.603653153704971	1.0177577253385466	13.44647419845426	1.087295870623487	0.04177749671308709	1.087295870623487	0.29903261299900735	1.087295870623487	-0.004329497604531171	1.1514318317116699	NaN	NaN	800000009	800000009	800000009	800000009	800000009	800000109	899999999	899999999	89999	89999	89	89	27	12	2	7	10	3	0	NaN	0	0	0	0	0	0	0	0	0	NaN	NaN	NaN	NaN	0	0	0	0	0	0	0	0	18000	0	0	0	18000	18000	18000	18000	80	NaN	0.2675855153232848	0.15947843781823762	0.06238619831109864	0.009912902831046042	0.030864590592095422	0.008512306288514546	9.434915020543638e-9	NaN	0.005388641169359432	0.000997549294156511	0.007140202154177717	-0.000004329497604531171	NaN	408.4195493838742	4.338500679423468	96625.62228776042	11.449999809265137	-5.135343876414835	82.89894093301561	84.64426584773594	81.15361736679077	3.4906431910528077	0.0002673850358599642	-1	0	2.1312551528215407	86.32336622683206	1.000055965638823	-273.1499938964844	9.00038637942738	-273.1499938964844	144
DATA	2025-02-15T073000_AIU-0547.ghg	2025-02-15	08:00:00	46.333	1	18000	18000	0.10398639594004358	0	NaN	10.526874737526388	0	NaN	9.724340958986723	0	NaN	0.047179709316176814	2	NaN	0.21625025686181945	0	NaN	0.0036616843807301706	2	NaN	NaN	NaN	NaN	NaN	NaN	NaN	NaN	NaN	NaN	9.4514272960828e-11	1.0295961736649668e-12	5.374187165034156e-13	NaN	17.000950894905298	409.0038874173671	410.834362066271	-0.1	0	185.20074737616795	4.455505230131211	4.475445601415485	0.1	1	0.09666930637094708	2.144392933899032	2.153990047822757	0	1	NaN	NaN	NaN	NaN	9	274.6587909333971	275.1268751102024	96224.28163064236	1.2164014870802045	1007.5829542251366	0.023771596949369218	0.014013016644645899	0.003377484726567404	428.84279176217547	702.7206443797911	0.0027766200242607124	61.02606991725205	273.87785261761564	268.37261819756117	-0.8219112334934369	0.31068993864424954	0.034652180660618835	0.8793560640275336	-2.4733337185261568e-14	5.559352153011115e-15	0.8793560640275336	3.4682669902356453	172.70704913497443	159.2929508650256	2.258400197727631	NaN	0.29238143409607864	0.3359888129740635	-201.2650698652378	-0.014408858933851609	1.082528346334669	0.029375949241533375	0	77.17093435066184	-11.710987015083122	26.49028451471933	65.96455399279309	100.60010695227521	141.09308040015694	211.3831449649216	0.10252624946420517	1.0142416842854296	10.884527696753748	1.0158403934930793	8.953416026525533	1.0861039998786202	0.0434394029682696	1.0861039998786202	0.19910639946633743	1.0861039998786202	-0.0005313189346651597	1.1491483885219174	NaN	NaN	800000009	800000009	800000009	800000009	801000009	801011119	899999999	899999999	89999	89999	89	89	13	56	2	4	16	8	0	NaN	0	0	0	0	0	0	0	0	0	NaN	NaN	NaN	NaN	0	0	0	0	0	0	0	0	18000	0	0	0	18000	18000	18000	18000	80	NaN	0.3779623836243225	0.20728865738443797	0.08672658493936655	0.02115544861026059	0.12434395685558784	0.008008056370719883	3.356110224695236e-8	NaN	0.00888079478634394	0.0010372466767332434	0.004754265414596855	-5.313189346651597e-7	NaN	409.00387099939115	4.455497309846193	96618.86818771702	11.442877424028186	-4.784748962640737	82.86209325705633	84.60718752627903	81.11699732420179	3.4901896342635155	0.0002675519077521232	-1	0	2.140224887443913	86.28204004412757	1.0000544558664164	-273.1499938964844	9.000353463994132	-273.1499938964844	058
DATA	2025-02-15T080000_AIU-0547.ghg	2025-02-15	08:30:00	46.354	1	18000	18000	0.0787283965304329	0	NaN	7.682220917916874	0	NaN	10.006262092513188	0	NaN	0.01569464454273225	2	NaN	0.22250458520713806	0	NaN	-0.0015367124428371604	0	NaN	NaN	NaN	NaN	NaN	NaN	NaN	NaN	NaN	NaN	-5.1221142216655726e-11	-5.791524243509573e-13	-2.91498900453489e-13	NaN	17.007261087211575	409.0872354092973	410.98826540883385	0	0	192.29943074220225	4.6255091922039195	4.647003951698711	0.1	1	0.09678811701773232	2.146503450424402	2.156478260440859	0.2	0	NaN	NaN	NaN	NaN	9	274.5807316530016	275.05568257988824	96208.68862673611	1.2164408264802042	1007.6744272536465	0.02376929753030323	0.014418297121422546	0.003506695011301278	445.1335439540619	699.1528146580017	0.002882750179840617	63.66756088535578	254.0192707039398	268.86682818466267	-0.437297629977509	0.4261763006184447	0.05547662143921503	0.6131338450281365	-5.847089659500513e-14	-3.0117219906249873e-15	0.6131338450281365	3.1898961697689265	196.26208541928114	135.73791458071886	5.191247173479775	NaN	0.2544018172776631	0.3285576197485256	-181.65758236371363	-0.015964101042551797	0.767741325071308	0.02463515833623054	0	72.59375550561141	-11.016382466477719	24.91908713450904	62.052050359144786	94.63329204681574	132.72453765508573	198.8455429846578	0.07729092963165848	1.0185981318328667	8.07402992381894	1.0185738484922053	9.196908672899257	1.0880027679299318	0.014425188065094146	1.0880027679299318	0.20450737053774437	1.0880027679299318	-0.004491024082607714	1.1525017447434684	NaN	NaN	800000009	800000009	800000009	800000009	800000009	801100009	899999999	899999999	89999	89999	89	89	10	40	4	4	8	0	1	NaN	0	0	0	0	0	0	0	0	0	NaN	NaN	NaN	NaN	0	0	0	0	0	0	0	0	18000	0	0	0	18000	18000	18000	18000	80	NaN	0.27375678736060743	0.3068553025121024	0.07650314962434136	0.017452324116194174	0.06137000423261504	0.006136959616256293	3.4559051411901824e-9	NaN	0.006586870571290942	0.00034447036529039053	0.004883591695014362	-0.000004491024082607714	NaN	409.0871964183422	4.625502573462931	96608.62107725695	11.440455146365695	-4.289237828863998	82.79008840666879	84.53471074210273	81.04546513769361	3.489240859283341	0.00026750370932536	-1	0	2.142171605467796	86.12774203268684	1.0000743656075664	-273.1499938964844	9.00053572069274	-273.1499938964844	055
DATA	2025-02-15T083000_AIU-0547.ghg	2025-02-15	09:00:00	46.374	1	18000	18000	0.04942552428945946	1	NaN	14.238183418035094	1	NaN	9.919990356434841	1	NaN	-1.574667948630625	1	NaN	0.22059720862215648	1	NaN	-0.008550655664169878	1	NaN	NaN	NaN	NaN	NaN	NaN	NaN	NaN	NaN	NaN	-5.152663657579061e-11	-6.099623073660026e-13	-2.9348800878086844e-13	NaN	17.038366756220483	410.01975322073577	412.01958675269015	0.1	1	201.69687352066364	4.8537341336512725	4.87740777424888	0.1	1	0.09704798652646324	2.1529781092502396	2.1634790614180845	-0.2	0	NaN	NaN	NaN	NaN	9	274.5709445054796	275.10822739834254	96230.9768611111	1.2163850782646433	1007.7995359784622	0.023768331957088797	0.01429469911871574	0.0036798665865532274	467.20486625749555	701.7845556542583	0.003025248050397915	66.5738313123649	234.57968939676272	269.5113917506899	0.011932361950252497	-0.24505265185163103	0.042403273918045874	0.24898036284055258	3.1473741887756275e-14	-3.0241535067895465e-15	0.24898036284055258	1.7950213144478016	59.212295365157615	272.7877046348424	9.805710088913829	NaN	0.20157659295292335	0.15532916991199894	-48.767850147348064	-0.05946540582038961	1.435302143091213	0.05761946809440333	0	107.12263496903793	-16.256273138322232	36.77173410136248	91.5668171925505	139.6451737376474	195.85434173551002	293.4254932536051	0.04762678074354099	1.037767481190977	14.338770487639117	1.031173464525009	8.998902104202582	1.1023556253381288	-1.4284573076384697	1.1023556253381288	0.20011437647854524	1.1023556253381288	-0.01287890560488733	1.1707708600177118	NaN	NaN	800000009	800000009	800000009	800000009	800000009	800010009	899999999	899999999	89999	89999	89	89	4	0	0	24	2	1	1	NaN	0	0	0	0	0	0	0	0	0	NaN	NaN	NaN	NaN	0	0	0	0	0	0	0	0	13309	0	0	0	18000	18000	18000	18000	80	NaN	0.11487006167054242	0.17763043995533584	0.01815783819811962	0.02660745756862027	0.3804073044541224	0.007007206238979959	4.968089233808188e-8	NaN	0.011696789529850867	-0.03411769009140177	0.00477959001156027	-0.00001287890560488733	NaN	410.0197036728752	4.853724924257924	96633.37710590278	11.449999809265137	-3.6443024458885227	82.70111319266425	84.44366178067526	80.95856673134698	3.485092181338205	0.0002676098120670455	-1	0	2.1484186658130753	68.4523538182573	1.000020952898595	-273.1499938964844	9.000115986532634	-273.1499938964844	013
DATA	2025-02-15T090000_AIU-0547.ghg	2025-02-15	09:30:00	46.395	1	18000	18000	0.09066141050384346	1	NaN	9.646032500279286	1	NaN	4.080604936167004	1	NaN	0.8341024820677457	1	NaN	0.09074494747679399	1	NaN	-0.009699978428986771	1	NaN	NaN	NaN	NaN	NaN	NaN	NaN	NaN	NaN	NaN	-1.3234487231157642e-10	-1.5846896460046938e-12	-7.530064629645423e-13	NaN	17.03419955528621	410.17116373933345	412.19560688612205	0	0	203.96649444557752	4.91136516976005	4.935605731843093	0.1	1	0.09691997984145746	2.1504231339359223	2.1610367746816648	0.3	0	NaN	NaN	NaN	NaN	9	274.6170969772339	275.1303878941869	96215.79230575608	1.216068632781863	1007.8312745542081	0.023773997907570368	0.00588027259649625	0.003722672232897279	472.6776478855357	702.8971048231906	0.0030612353057584765	67.24706143218997	230.2194569376549	269.6670291184509	-0.6535528561949695	0.41963221269440387	0.05198860704458077	0.7784120663465058	-3.1851970100052166e-14	-7.769362562768964e-15	0.7784120663465058	3.27919885032894	184.70364626059143	147.29635373940857	3.8295227656526127	NaN	0.27304372019055295	0.2809607561131908	-178.8837998079838	-0.016211641317508338	2.363873163703028	0.02882508594247578	0	81.83457041722173	-12.418711780606682	28.091159861322136	69.95095995902703	106.67962757788482	149.61969452026395	224.1575666693649	0.08927285505342326	1.015554061193509	9.715693123716276	1.016646886429805	3.755748728094091	1.0864957247120646	0.7676997369582781	1.0864957247120646	0.08352075890666075	1.0864957247120646	-0.012349341229257337	1.1500549631274524	NaN	NaN	800000009	800000009	800000009	800000019	800000009	801100019	899999999	899999999	89999	89999	89	89	14	24	3	9	14	0	0	NaN	0	0	0	0	0	0	0	0	0	NaN	NaN	NaN	NaN	0	1550	0	0	0	0	0	0	17403	0	0	0	18000	18000	18000	18000	80	NaN	0.23916125610785335	0.25744578335696683	0.06531447276156147	0.015283349525637608	0.4356317297311893	0.0075393807295518825	1.8413772813384311e-7	NaN	0.00792734704758976	0.018341397403817496	0.0019954252383165105	-0.000012349341229257337	NaN	410.17117125447606	4.911357162064848	96604.0252282986	11.449999809265137	-3.4907801121870747	82.63447857666014	84.37498078960841	80.89397732755873	3.4810054677658613	0.0002675457706856024	-1	0	2.214066663761918	73.70373580946104	1.0000466926809815	-273.1499938964844	9.000274513668485	-273.1499938964844	187
DATA	2025-02-15T093000_AIU-0547.ghg	2025-02-15	10:00:00	46.416	1	18000	18000	0.21135528128566725	0	NaN	13.138290823267267	0	NaN	5.8299200551816694	0	NaN	-0.3659595488900085	0	NaN	0.1296140649292586	0	NaN	0.013890168954766685	2	NaN	NaN	NaN	NaN	NaN	NaN	NaN	NaN	NaN	NaN	-1.7142936260454617e-10	-2.059976931153713e-12	-9.787273103146384e-13	NaN	17.002304912327777	409.13574094718115	411.1571416137973	0.1	0	204.30779980574837	4.916370073695438	4.9406601875859835	0.1	1	0.09706983624723942	2.1512586188293326	2.1618872566405836	0	1	NaN	NaN	NaN	NaN	9	274.3253245925904	274.8676133904012	96112.23390287111	1.2159187707303372	1007.8301583249544	0.023776882972434268	0.008398991407415957	0.0037260136389047076	472.65005985205636	689.8047002333486	0.003064360653521856	68.51940262108496	217.15464038129227	269.6662485768451	-1.0046293902405368	0.6497964099725796	0.084550981973238	1.1994433937043425	5.577425789134498e-15	-1.0082713107929782e-14	1.1994433937043425	6.110959677321156	184.8948739625162	147.10512603748379	4.042237848017564	NaN	0.41692147993396866	0.6286862484960153	-467.2097115044908	-0.006207062757025172	2.253597081762703	0.025715364662285453	0	79.13662223493704	-12.009287735194278	27.16504155582208	67.64479443132471	103.16257963783733	144.68698477660791	216.76746861596695	0.20894400141904262	1.0115403163060361	13.277073743869506	1.014290424172923	5.366301248242762	1.0863944802000678	-0.3368569663780087	1.0863944802000678	0.11930663059461528	1.0863944802000678	0.00843503401024188	1.147942769039044	NaN	NaN	800000009	800000009	800000009	800000019	800000019	801000119	899999999	899999999	89999	89999	89	89	17	46	2	23	24	14	1	NaN	0	0	0	0	0	0	0	0	0	NaN	NaN	NaN	NaN	0	4	0	0	0	0	101	0	18000	0	0	21	18000	18000	18000	18000	80	NaN	0.5965255627388443	0.49525017796835286	0.16559675628483359	0.01768872104887379	0.055060394773386576	0.003153598023293645	8.290202702047156e-8	NaN	0.010834539430334666	-0.008048991101716595	0.0028507589388970384	0.00000843503401024188	NaN	409.1357871551064	4.9163651034278155	96516.01021875002	11.449999809265137	-3.4877808086540907	82.53706068208484	84.27803796937732	80.79608341132271	3.48195632051097	0.0002677327891061496	-1	0	2.1466693453470027	79.75753035507557	1.0000462209880352	-273.1499938964844	9.000295473972956	-273.1499938964844	074
DATA	2025-02-15T100000_AIU-0547.ghg	2025-02-15	10:30:00	46.437	1	18000	18000	0.2920175120519424	1	NaN	10.67599822953352	1	NaN	6.848371106708041	1	NaN	-2.2394644786606723	1	NaN	0.15205268223295323	1	NaN	NaN	NaN	NaN	NaN	NaN	NaN	NaN	NaN	NaN	NaN	NaN	NaN	1.902726342767617e-10	2.3642800315868664e-12	NaN	NaN	16.952717921371356	407.0228958509661	409.0919045113917	0.1	1	210.65022101035927	5.057564419165817	5.083273401855935	0.1	1	NaN	NaN	NaN	NaN	0	NaN	NaN	NaN	NaN	9	273.8924515686035	273.45350202702053	95174.1491588701	1.210219656862764	1007.8826821130328	0.023926054106774678	0.009853013808695368	0.003809124228683235	480.7056321252438	622.9551334829987	0.0031474651788069422	77.16536974943524	142.24950135775487	269.8924636448589	-0.9468476032236439	0.8812463187069651	0.10872930167560556	1.2980514315725975	-1.732718937020858e-14	1.1223724429278415e-14	1.2980514315725975	6.100930937249328	194.9448186243397	137.0551813756603	4.804923753268584	NaN	0.49121582201221525	0.865369309840132	-933.8065675595121	-0.0031055682201712306	1.558910588107044	0.01781812332459714	0	84.2300818803766	-12.782239887082806	28.913461427983158	71.99860712801949	109.80241870937141	153.9994534841064	230.71924369377763	0.28884449951046454	1.0109851928870222	10.900953354282091	1.0140082828831383	6.301400082024219	1.0868015072149042	-2.060601189631807	1.0868015072149042	0.13990842046457186	1.0868015072149042	NaN	1	NaN	NaN	800000009	800000019	800000009	800000019	800000009	810000019	899999999	899999999	89999	89999	89	89	18	21	3	32	0	3	0	NaN	0	0	0	0	0	0	0	0	0	NaN	NaN	NaN	NaN	0	15941	0	0	0	0	0	0	18000	0	0	0	18000	18000	18000	18000	80	NaN	0.6632887076510714	0.87076832927987	0.1966815827493226	0.03166120714889644	2.9110426452286253	0.006789619349307216	NaN	NaN	0.008936969908216075	-0.0495523345073381	0.0033644496014740917	NaN	NaN	407.02296940724943	5.057556121797978	96455.14651432291	11.449999809265137	-3.11822349141708	82.1286484294468	83.87152895948628	80.3857690611946	3.485761207951439	0.0002669223067091984	-1	0	9.136677738084554	6.306582983153937	1.000024694411291	-273.1903688981798	9.000151440117094	-273.1499938964844	047
DATA	2025-02-15T103000_AIU-0547.ghg	2025-02-15	11:00:00	46.458	1	18000	18000	0.12684912603738538	1	NaN	12.625667365580268	0	NaN	1.3127205718001445	1	NaN	-0.5409569228115158	2	NaN	0.02913949706198564	1	NaN	NaN	NaN	NaN	NaN	NaN	NaN	NaN	NaN	NaN	NaN	NaN	NaN	-7.067385338972414e-11	-9.246743044518174e-13	NaN	NaN	16.750102140954375	401.36415420419576	403.4829729827182	0.1	1	219.15302907391595	5.251321419734821	5.279043373276617	0.1	1	NaN	NaN	NaN	NaN	0	NaN	NaN	NaN	NaN	9	273.67321305677626	273.2178347373564	95080.18208827294	1.2099793543451027	1007.9849770599179	0.023930529405608622	0.0018882394096166692	0.0039543134211982595	498.59811294816654	612.393797452238	0.0032680833825784726	81.41789074652627	113.79568450407146	270.3831231536373	-0.606565960076348	0.5188544631253303	0.09736316986732563	0.8041217598566425	4.797125788852042e-15	-4.219308801522169e-15	0.8041217598566425	3.8241508973655325	192.54356732210397	139.45643267789603	6.9544442279835055	NaN	0.32378353451602243	0.40763894536215833	-225.9770812591385	-0.012833159822408867	9.617939748035324	0.03197183507895145	0	71.94568370762691	-10.918035070856574	24.696625057834346	61.49808833355752	93.78846500489158	131.5396557164713	197.0703739268549	0.12495120283095049	1.015189315216138	12.510547777246435	1.0164206672417473	1.2083597376701187	1.0863656996146263	-0.49795103343506975	1.0863656996146263	0.02682291706404435	1.0863656996146263	NaN	1	NaN	NaN	800000009	800000019	800000009	800000019	800000019	810000019	899999999	899999999	89999	89999	89	89	29	36	2	27	8	0	0	NaN	0	0	0	0	0	0	0	0	0	NaN	NaN	NaN	NaN	0	17837	0	0	0	0	101	0	18000	0	0	16	18000	18000	18000	18000	80	NaN	0.30383206296357385	0.3847142864311419	0.126731541329601	0.018148725799106515	1.1498117901301919	0.001092857871102107	NaN	NaN	0.010257565674570888	-0.011979049687154476	0.0006452703874275793	NaN	NaN	401.3642108315362	5.251319598817807	96411.41924218749	11.449544243282741	-2.6176419555213664	81.18805952199304	82.89025041707357	79.48587052959864	3.404377049737503	0.0002666843095406269	-1	0	24.270787532436554	0.3355590854577211	1.000004688992792	-273.1499938964844	9.00005258128378	-273.1499938964844	220
DATA	2025-02-15T110000_AIU-0547.ghg	2025-02-15	11:30:00	46.479	1	18000	18000	0.09381616015827789	0	NaN	13.464776277486312	0	NaN	0.7825088197824379	0	NaN	1.8847545138320698	2	NaN	0.01736790082572839	0	NaN	NaN	NaN	NaN	NaN	NaN	NaN	NaN	NaN	NaN	NaN	NaN	NaN	-2.886928721932202e-10	-3.845935238902993e-12	NaN	NaN	16.61834482271482	398.3541524368697	400.4794290703668	0	0	221.38779347189234	5.306830961156896	5.335143666749825	0.1	1	NaN	NaN	NaN	NaN	0	NaN	NaN	NaN	NaN	9	273.5523070068359	273.09232495179583	95232.1998732398	1.2124455525756446	1008.0136086173653	0.02388177405837618	0.0011254399735071995	0.00400427101122338	504.66528177409634	606.834727540717	0.003302639860995781	83.16354665780636	102.1694457666207	270.5459580302785	-0.49396907826610387	0.6478491799670899	0.05055287909854025	0.8162533943894399	3.5058686069117174e-15	-1.737193897906245e-14	0.8162533943894399	3.8556779945029604	204.67536993354287	127.32463006645713	3.5507619185113373	NaN	0.2781683435571934	0.4107195498557785	-134.5169682270105	-0.021558618501615105	17.207187877102704	0.039606165449555523	0	67.58710471538366	-10.256603893278287	23.20046593321164	57.77244056623567	88.10661708547667	123.57078322117877	185.13155081021452	0.09242744819899423	1.0150248869393623	13.311507732935244	1.0163191590246297	0.7203350918659265	1.0863122297088972	1.7350025731894172	1.0863122297088972	0.015987945593121534	1.0863122297088972	NaN	1	NaN	NaN	800000009	800000019	800000009	800000019	800000019	810000019	899999999	899999999	89999	89999	89	89	47	15	2	45	1	0	0	NaN	0	0	0	0	0	0	0	0	0	NaN	NaN	NaN	NaN	0	17914	0	0	0	0	101	0	18000	0	0	16	18000	18000	18000	18000	80	NaN	0.2822611483006602	0.42982189004337895	0.109356061367518	0.0171384626092539	1.9244095397815306	0.0005261869620057848	NaN	NaN	0.010891773682793404	0.04165568598240545	0.0003838546705475952	NaN	NaN	398.3540737982854	5.306829715451967	96370.68050868055	11.4399995803833	-2.481734425677196	80.55701173824734	82.19980773883401	78.9142149607341	3.2855932303931983	0.00026621878233143236	-1	0	25.584296352152048	0.26938709095805774	1.00000867919955	-273.1499938964844	9.000049699227015	-273.1499938964844	043
DATA	2025-02-15T113000_AIU-0547.ghg	2025-02-15	12:00:00	46.499	1	18000	18000	0.08508002188906312	0	NaN	10.164682105206793	0	NaN	-0.5219223527307348	1	NaN	-0.008418660697823715	2	NaN	-0.011582748074277517	1	NaN	NaN	NaN	NaN	NaN	NaN	NaN	NaN	NaN	NaN	NaN	NaN	NaN	1.2697227055798933e-11	1.6963102318268136e-13	NaN	NaN	16.518193576474822	396.17443383158303	398.28245036202907	0.1	1	220.67795316201122	5.292767804682086	5.320930253016209	0.1	1	NaN	NaN	NaN	NaN	0	NaN	NaN	NaN	NaN	9	273.4236373613145	272.965088390174	95232.1998732398	1.2130171302572037	1008.0042637022646	0.02387054088898296	-0.0007505620752131831	0.003995539016819815	503.330164746236	601.2457730880221	0.0032938850714932734	83.71454524513533	97.91560834178614	270.5102748295426	-0.6247638376776803	0.3761954357260894	0.03380260461872803	0.7300653907766723	1.316549251373641e-14	7.686813329202231e-16	0.7300653907766723	3.9338154519090525	183.053837336161	148.94616266383906	2.6537886355929823	NaN	0.26483801826151315	0.35240732469119873	-153.77954101262188	-0.018858165272856255	-19.475468050035516	0.031389483400525255	0	73.63700849599932	-11.17470013266488	25.277202126490742	62.94380732427211	95.99327768511849	134.63193684999055	201.7031745522658	0.08371484198805589	1.0163075013771394	9.983387254387349	1.0171180153983514	-0.4802348333982812	1.0868065297085192	-0.007746236765877358	1.0868065297085192	-0.010657598898843572	1.0868065297085192	NaN	1	NaN	NaN	800000009	800000019	800000009	800000019	800000019	811000019	899999999	899999999	89999	89999	89	89	34	31	3	32	0	0	0	NaN	0	0	0	0	0	0	0	0	0	NaN	NaN	NaN	NaN	0	17955	0	0	0	0	101	0	18000	0	0	16	18000	18000	18000	18000	80	NaN	0.2612036381127471	0.36360780834203066	0.0800032029276196	0.023329970027992388	0.5419634201725276	0.001021518803249379	NaN	NaN	0.00816485759526632	-0.000185889341256397	-0.0002557543873959481	NaN	NaN	396.1743641078747	5.292766041461351	96323.37553168403	11.4399995803833	-2.5238174145619108	80.02437057622274	81.59797218619454	78.4507667312622	3.147205586592362	0.0002665763320983388	-1	0	25.603144431866692	0.2479343340558191	1.0000067110806703	-273.1499938964844	9.000051497803794	-273.1499938964844	035
DATA	2025-02-15T120000_AIU-0547.ghg	2025-02-15	12:30:00	46.52	1	18000	18000	0.05533251528891903	1	NaN	13.106892989250213	0	NaN	-0.4146601256558896	2	NaN	0.8148598119055251	1	NaN	-0.009201111110196798	2	NaN	NaN	NaN	NaN	NaN	NaN	NaN	NaN	NaN	NaN	NaN	NaN	NaN	2.6836388173622484e-11	3.6036025610696716e-13	NaN	NaN	16.417590059945187	394.1628805644913	396.2602214490024	0.1	1	220.45615529127468	5.292837309891496	5.321000499863123	-0.5	0	NaN	NaN	NaN	NaN	0	NaN	NaN	NaN	NaN	9	273.28318749519633	272.8248680570631	95171.82786646746	1.2128711557750764	1008.0024373838456	0.023873413716745465	-0.0005962319999407524	0.003995110673741611	503.01767542514716	595.1391911467377	0.0032939283407960713	84.52101338779468	92.12151572159058	270.5019109147386	-0.4869693519053314	0.3206255544759686	0.02516563289909871	0.583586501692206	-1.0647165399849627e-14	1.634611905622894e-15	0.583586501692206	3.040642342007616	185.36131200954858	146.63868799045142	2.471496166272525	NaN	0.21359096230637578	0.2104226961357151	-62.53206894402444	-0.046376204225641954	-31.60876143689571	0.050192708430964225	0	76.43328255732987	-11.599045509566166	26.237072524446354	65.33402033451156	99.63850333911259	139.74441765997315	209.3626024215983	0.054284060151787425	1.0193142357848686	12.862281980050719	1.0190340344940962	-0.3809700158416989	1.0884324445842732	0.7486544672202976	1.0884324445842732	-0.008453543585528784	1.0884324445842732	NaN	1	NaN	NaN	800000009	800000019	800000009	800000019	800000019	801000019	899999999	899999999	89999	89999	89	89	6	37	3	23	0	0	0	NaN	0	0	0	0	0	0	0	0	0	NaN	NaN	NaN	NaN	0	17913	0	0	0	0	101	0	18000	0	0	21	18000	18000	18000	18000	80	NaN	0.1497350958342661	0.2237028542754603	0.04740744216170378	0.02111373166303327	0.5872507899694268	0.0013359842870759463	NaN	NaN	0.010520630704821935	0.01796790472903847	-0.00020288727633125826	NaN	NaN	394.16282131335583	5.292835277383547	96228.73815321182	11.4399995803833	-2.5372887766096266	79.8050896013048	81.3482698410882	78.26191187879776	3.0863573187192292	0.0002667033690312463	-1	0	26.829480825747524	0.21337699552561507	1.000009002526601	-273.1499938964844	9.000053123023775	-273.1499938964844	241
DATA	2025-02-15T123000_AIU-0547.ghg	2025-02-15	13:00:00	46.541	1	18000	18000	0.00543312047385134	1	NaN	7.355495149324762	0	NaN	1.0988355879107738	2	NaN	0.16724555799468557	2	NaN	0.024382485614850933	2	NaN	NaN	NaN	NaN	NaN	NaN	NaN	NaN	NaN	NaN	NaN	NaN	NaN	3.811015493505195e-11	5.267899201053119e-13	NaN	NaN	16.43596862692799	389.3817176943909	391.48884946546644	0.1	1	227.1914825481149	5.38235450116303	5.411481010336975	0.1	1	NaN	NaN	NaN	NaN	0	NaN	NaN	NaN	NaN	9	273.2842725847033	272.81821052667317	95171.82786646746	1.2128598720056472	1008.0511460132379	0.023873508507760443	0.0015799850678423404	0.004062663422146048	511.510596823554	594.8494866183271	0.003349656061609014	85.98991985879518	83.33888979477308	270.7276056708527	-0.3829936337803798	0.054436707622003026	-0.035089926908013956	0.38843118003510596	-7.336688973254068e-15	2.318704531512301e-15	0.38843118003510596	1.6657092908295923	160.0895364717121	171.9104635282879	-5.183027238953582	NaN	0.06692977327821148	0.09257911947091249	-3.4285179675912345	-0.8458465224370534	6.693899642720739	0.08988751296515037	1	7.3101951894865005	3	6	10	15	24	55	0.005292640926653163	1.0265424292229492	7.25372531621612	1.023746304039527	1.0048891376069813	1.0934893679192457	0.15294667044905066	1.0934893679192457	0.022297871685069352	1.0934893679192457	NaN	1	NaN	NaN	800000009	800000019	800000009	800000019	800000009	800010109	899999999	899999999	89999	89999	89	89	20	6	0	1	2	0	0	NaN	0	0	3402	0	0	0	0	0	0	NaN	NaN	NaN	NaN	0	17959	0	0	0	0	101	0	17802	0	0	21	18000	18000	18000	18000	80	NaN	0.10570438268384794	0.062726365562351	0.01672749069562604	0.044315323960430454	5.622450248061766	0.0025009824720585777	NaN	NaN	0.005932912052467252	0.0036711043591893477	0.0005352049423721922	NaN	NaN	389.38159294473877	5.382351292630784	96173.52773958334	11.447121965620251	-2.3188893433809277	80.05807072406346	81.6237420730591	78.49239916123285	3.1313435555299116	0.00026360650783559925	-1	0	25.86506507478283	0.2653372886695141	1.0000146318260166	-273.1499938964844	9.000118288927608	-273.1499938964844	158
DATA	2025-02-15T130000_AIU-0547.ghg	2025-02-15	13:30:00	46.562	1	18000	18000	0.022326161321261362	1	NaN	1.9635225734756467	2	NaN	-1.6173842601159907	2	NaN	0.7803577057210083	1	NaN	-0.03588772406516711	2	NaN	NaN	NaN	NaN	NaN	NaN	NaN	NaN	NaN	NaN	NaN	NaN	NaN	1.3551067599687603e-10	1.880092320775812e-12	NaN	NaN	16.45122309872992	389.6986472412432	391.81709590080857	0.1	0	228.24635762281056	5.406728500947584	5.436120126570487	0.1	1	NaN	NaN	NaN	NaN	0	NaN	NaN	NaN	NaN	9	273.2558237482707	272.7877028011026	95077.86308772213	1.2117867824151696	1008.0640011112363	0.02389461484369959	-0.002325524519422829	0.0040774563596744345	513.3156838428985	593.5284407816577	0.0033648298684590366	86.48544005184964	80.21275693875918	270.77514623633215	-0.17571844093071964	-0.13704313001758306	-0.036693314506032956	0.2258410708829551	-3.740802959747751e-14	8.237118613225653e-15	0.2258410708829551	2.520812016801739	114.04926712155873	217.95073287844124	-9.350528480468599	NaN	0.13573564896738513	0.1619859432598474	-107.05363102813189	-0.027089225952905128	-1.2140111795911954	0.011842070921079815	1	0.9918639694883246	1	1	2	3	5	16	0.021451037824183786	1.0407963243666918	1.8213400477819999	1.0331910885493114	-1.463916483231457	1.1048336968962655	0.7063123689232274	1.1048336968962655	-0.03248246696854383	1.1048336968962655	NaN	1	NaN	NaN	800000009	800000019	800000009	800000019	800101009	800111009	899999999	899999999	89999	89999	89	89	1	0	2	10	2	1	0	NaN	0	0	17043	0	0	0	0	0	0	NaN	NaN	NaN	NaN	0	17964	0	0	0	0	101	0	18000	0	0	16	18000	18000	18000	18000	80	NaN	0.18370652504750346	0.11966560403155517	0.020599757440636142	0.04699236241226031	0.9291632691247483	0.0030823547757143454	NaN	NaN	0.0014909968293872749	0.016968674155539508	-0.0007803691709343497	NaN	NaN	389.69914161084034	5.406734035454749	96111.57365668402	11.449544243282741	-2.266653369135294	80.07678297254775	81.64391918860541	78.50964579942492	3.1342738690906096	0.00026325090690645296	-1	0	27.021146354486216	0.1837435471240066	1.0000195509278111	-273.1499938964844	9.000133246368833	-273.1499938964844	059
DATA	2025-02-15T133000_AIU-0547.ghg	2025-02-15	14:00:00	46.583	1	18000	18000	0.049524765479353215	1	NaN	13.3577785853093	1	NaN	-3.2604242933901553	1	NaN	-0.22976465040875446	2	NaN	-0.07234668074783171	1	NaN	NaN	NaN	NaN	NaN	NaN	NaN	NaN	NaN	NaN	NaN	NaN	NaN	6.194548350768292e-11	8.404613552990577e-13	NaN	NaN	16.366160329111313	387.9052556515293	389.95760439432934	0.1	1	222.0521095705155	5.2630047976310745	5.290850569562229	0.1	0	NaN	NaN	NaN	NaN	0	NaN	NaN	NaN	NaN	9	273.27206055704755	272.8163394440859	95198.52614764807	1.2132629546673332	1007.9860785931927	0.02386574670229203	-0.004688064912459495	0.003973868878327085	500.3275316388418	594.7699273160865	0.003275356643042552	84.12118848990595	94.44239567724475	270.42971678963886	-0.4442302517662162	-0.008018846538666228	-0.009196120172547697	0.4443977802716592	-3.731302887491111e-14	3.784973522317104e-15	0.4443977802716592	3.324633933490988	150.96586022940562	181.03413977059455	-1.1857315879406132	NaN	0.20203831843347667	0.41365692748473215	-51.94045329883054	-0.05583316694052215	-4.096944870760983	0.054061865031815114	0	87.14158053571907	-13.224071040664729	29.912884700400536	74.48731238818374	113.59785125898841	159.3226016009422	238.69428957738566	0.048370137066780096	1.0238706872171777	12.924105158096362	1.021994360985932	-2.9870665320552754	1.0915137839754758	-0.2105009151344962	1.0915137839754758	-0.06628105096788883	1.0915137839754758	NaN	1	NaN	NaN	800000009	800000019	800000009	800000019	800000009	800101009	899999999	899999999	89999	89999	89	89	2	24	0	20	2	0	0	NaN	0	0	17940	0	0	0	0	0	0	NaN	NaN	NaN	NaN	0	17967	0	0	0	0	101	0	18000	0	0	16	18000	18000	18000	18000	80	NaN	0.5262923834331129	0.2704588244569713	0.03056264707938002	0.027080428777645462	2.2890962368548733	0.007886293998738374	NaN	NaN	0.010567956373526765	-0.0050503040134356695	-0.00159020428725446	NaN	NaN	387.9059510391299	5.262996302557583	96066.54986675348	11.4399995803833	-2.637367594109606	79.67575684780549	81.20361560651999	78.14789757919311	3.0557182758119303	0.00026336610817492736	-1	0	26.300221025241182	0.1924988235909625	1.000010273333225	-273.1499938964844	9.00007730087969	-273.1499938964844	020
DATA	2025-02-15T193000_AIU-0547.ghg	2025-02-15	20:00:00	46.833	0	18000	18000	0.0031371343285329246	2	NaN	-0.43835622514250167	2	NaN	4.076509962668835	2	NaN	2.7892656470849286	2	NaN	0.09069220491585828	2	NaN	0.00505329303365262	2	NaN	NaN	NaN	NaN	NaN	NaN	NaN	NaN	NaN	NaN	-2.3782649658876427e-11	-3.723476149269052e-13	-1.392377936327152e-13	NaN	16.210619646046375	389.1378851304619	391.52322010592775	0.6	0	253.7978588706066	6.092448296733342	6.129793748213975	1.5	0	0.09490662080590385	2.1122596436389673	2.1252073595971503	0	1	NaN	NaN	NaN	NaN	9	275.37015084923644	275.5753020392335	95081.36283279964	1.1992536004136392	1008.4831300573643	0.024096552603932904	0.005876854878547616	0.004556084100190836	579.4336723101094	725.5664655353238	0.00379909978891819	79.8594890796948	146.1327932252144	272.4218653719607	-0.12223369518132493	0.7543510153971508	0.09537822740053194	0.7701191706031344	-5.9015625970637855e-15	-1.4671030582521134e-15	0.7701191706031344	2.736475091463388	232.79589304588825	99.20410695411174	7.114272223720664	NaN	0.051145925542062404	0.1887880806470974	25.65888383795151	0.11302128410241569	-0.10753223447429425	-0.007086576302915355	1	35.995507871553606	16	34	70	133	296	1335	0.003106325479665971	1.009918100684757	-0.22425986147274907	1.0155410625778434	3.6601667246194136	1.1137498014090363	2.5043915999411626	1.1137498014090363	0.0814296036696222	1.1137498014090363	0.0044163052451840585	1.2070748946213734	NaN	NaN	800000009	800000009	800000009	800000019	810001019	810101019	899999999	899999999	89999	89999	89	89	47	0	6	2	21	8	1	NaN	0	0	16730	0	0	0	0	0	0	NaN	NaN	NaN	NaN	0	4	0	0	0	0	0	0	16009	0	0	0	18000	18000	18000	18000	80	NaN	0.23165611052746524	0.10111350849313752	0.04480654227359203	0.02782149962005693	6.7513285492072175	0.016557828249539636	8.031491767115277e-8	NaN	-0.00018542653413297928	0.06071721967662217	0.0019742036885544924	0.000004416305245184058	NaN	389.13805643675084	6.092431054196176	95483.60641167534	11.272999739646895	-0.7347184518724651	78.32071523496845	79.50088043064547	77.14055680741211	2.360325736469695	0.000149175695737035	-1	0	2.106691465832569	84.2670444384681	1.0000371809485886	-273.1499938964844	9.000246256934272	-273.1499938964844	157
DATA	2025-02-15T200000_AIU-0547.ghg	2025-02-15	20:30:00	46.854	0	18000	18000	0.04110114870585701	0	NaN	5.699485881632232	0	NaN	0.4834331462261129	2	NaN	-0.1210817376939374	2	NaN	0.010753634699177313	2	NaN	0.007911053644352014	2	NaN	NaN	NaN	NaN	NaN	NaN	NaN	NaN	NaN	NaN	1.0263113384048442e-10	1.6195639961889205e-12	6.015679723620811e-13	NaN	16.293556424976078	391.761405002384	394.19840482611545	0.2	1	257.1194175519728	6.182165614816249	6.220622533545888	0.2	1	0.09550397948808	2.124205541928149	2.1374194227881502	-0.9	0	NaN	NaN	NaN	NaN	9	275.24923606109616	275.42359063551163	95034.14713498265	1.1992775481327655	1008.530114298901	0.024095252091768687	0.0006968355285066898	0.004623426468561499	587.6744318233326	717.7647847413223	0.003855176373275742	81.87562894091087	130.09035291798966	272.61528012474685	-0.16832557340010815	0.6842171489575686	0.07685539146775618	0.7087971196229357	1.392180228634751e-14	6.298878597379952e-15	0.7087971196229357	3.0620301239365175	228.1790165687987	103.82098343120131	6.224862120401491	NaN	0.18512587672584274	0.2819908551549963	-93.55111310748725	-0.03099909668277268	11.789605090434677	0.025454230940683695	1	5.257599302759413	2	4	8	14	26	78	0.04042721960658704	1.0166701817693187	5.638630360065161	1.0173465458186968	0.4447435430984206	1.0869930631441014	-0.11139145391021299	1.0869930631441014	0.009893011339072102	1.0869930631441014	0.005605740175883778	1.1509093182662462	NaN	NaN	800000009	800000009	800000009	800000009	800000019	810001119	899999999	899999999	89999	89999	89	89	33	5	0	12	2	1	0	NaN	0	0	16175	0	0	0	0	0	0	NaN	NaN	NaN	NaN	0	0	0	0	0	0	0	0	18000	0	0	0	18000	18000	18000	18000	80	NaN	0.20217114495864216	0.2888184480572777	0.0729921172940727	0.025503896472552905	4.568719294849797	0.0013995663467576563	3.7794374048717595e-7	NaN	0.004661922521576279	-0.0027007058522726863	0.00023985784081396577	0.000005605740175883777	NaN	391.76127911578385	6.182163232511278	95431.7044140625	11.4399995803833	-0.5390560148283846	78.58780385801526	79.81487146631878	77.36073567581178	2.454136604746183	0.00015341061982245387	-1	0	2.1185307124720674	84.28424855889213	1.0000214439067576	-273.1499938964844	9.00011821850141	-273.1499938964844	152
DATA	2025-02-15T203000_AIU-0547.ghg	2025-02-15	21:00:00	46.874	0	18000	18000	0.07814517127516037	1	NaN	2.60581588244964	1	NaN	-2.602577697265991	2	NaN	-1.8920910581697494	2	NaN	-0.05789557580814869	2	NaN	0.003046618909941014	1	NaN	NaN	NaN	NaN	NaN	NaN	NaN	NaN	NaN	NaN	-9.551311649755369e-11	-1.5218864012278487e-12	-5.589135578368979e-13	NaN	16.260296125895042	391.97590211733353	394.43943815868727	0.1	1	259.088222239836	6.2456636001053	6.2849170779286	1.1	0	0.09515028189283607	2.116975933141193	2.1302809513369554	-0.9	0	NaN	NaN	NaN	NaN	9	275.3733869272868	275.4788964691162	94996.75912586806	1.1985362116821596	1008.5657326309297	0.02410957559309583	-0.003751633312368035	0.004668139410736398	593.4769518196309	720.6002164220532	0.0038948672265684903	82.35869741566015	127.1232646024223	272.7500316327934	-0.40790925944180545	0.478650147528797	0.04212392073476785	0.6302938619134597	-1.341806728142147e-14	-5.874008428754627e-15	0.6302938619134597	2.905127734174773	201.56211399977343	130.43788600022657	3.8320588617321554	NaN	0.25534390375011684	0.26608436950644815	-536.7831559356187	-0.005402554025647973	-1.0012442222904818	0.008442340508241431	0	82.56750302345999	-12.529937131275432	28.342751907378528	70.57745972715986	107.6350792540475	150.95972908133294	226.16518262811422	0.07674751142137348	1.018211142327641	2.427896517456933	1.0183261828081236	-2.3925264541532956	1.0877947421430003	-1.739382426543313	1.0877947421430003	-0.05322288623503735	1.0877947421430003	0.002207752034379917	1.1521730439102962	NaN	NaN	800000009	800000009	800000009	800000009	800000009	800000019	899999999	899999999	89999	89999	89	89	19	13	1	10	4	0	0	NaN	0	0	7429	0	0	0	0	0	0	NaN	NaN	NaN	NaN	0	0	0	0	0	0	0	0	18000	0	0	0	18000	18000	18000	18000	80	NaN	0.17560668755120196	0.30070022032908383	0.05586183113261052	0.007188859877131872	11.640756038955642	0.004542312185261922	2.8868266811573888e-8	NaN	0.002008513725088103	-0.04219940609067879	-0.0012912480632644885	0.0000022077520343799173	NaN	391.9756400057841	6.245658077415147	95399.33188802082	11.4399995803833	-0.40411660141995637	78.48729415109423	79.70055044258966	77.2740371377733	2.426511780010329	0.00016332436554835703	-1	0	2.1112675875160427	84.93272428385413	1.0000231813639402	-273.1499938964844	9.000131935358047	-273.1499938964844	057
DATA	2025-02-15T230000_AIU-0547.ghg	2025-02-15	23:30:00	46.979	0	18000	18000	0.1243058059264882	0	NaN	5.810759934986655	0	NaN	0.4233299275101892	1	NaN	0.6004996159787999	1	NaN	0.009409376000623226	1	NaN	0.0025904749726754716	2	NaN	NaN	NaN	NaN	NaN	NaN	NaN	NaN	NaN	NaN	5.784994893869116e-11	8.295642267124207e-13	3.4086698661257457e-13	NaN	16.430389101241	394.96259686813005	397.2123025050327	0.1	1	235.61063197826138	5.663736049248322	5.6959966709298655	0.1	1	0.09681213768654398	2.1451559955424235	2.1573747969516583	0	1	NaN	NaN	NaN	NaN	9	274.326095380995	274.6064489339193	94663.58068185762	1.1983913911223731	1008.2342278088274	0.024117807503072398	0.000609727564840385	0.0042317497286245166	536.2933508957733	677.0069029598507	0.0035311916957791244	79.21534456312298	140.71355206407736	271.3676997110932	-0.8041597579636567	0.5201590679760373	0.031999822247871464	0.958260069579093	7.726501559270876e-15	3.52091168275021e-15	0.958260069579093	4.397239796731559	184.89622218034566	147.10377781965434	1.9136722360325176	NaN	0.3220671028053986	0.407317930999729	-481.7656531536057	-0.006019524183629103	13.726315002491278	0.014932291157959828	0	75.76217543691615	-11.49720241489554	26.006703167003668	64.76036806177477	98.76364742790545	138.5174198052188	207.52433604689307	0.12266142062377104	1.0134058882927897	5.755356357407692	1.0153401821300472	0.38979821395300013	1.0860232611564307	0.5529343960269963	1.0860232611564307	0.008664064884396524	1.0860232611564307	0.0005478822019246869	1.1486522103032841	NaN	NaN	800000009	800000009	800000009	800000009	800000009	801000009	899999999	899999999	89999	89999	89	89	18	34	2	7	3	0	0	NaN	0	0	18000	0	0	0	0	0	0	NaN	NaN	NaN	NaN	0	0	0	0	0	0	0	0	18000	0	0	0	18000	18000	18000	18000	80	NaN	0.39451014644917215	0.3099340621464518	0.1101916534038341	0.01594750982190456	0.7620428046523235	0.0005006710506352032	3.8678980426479354e-8	NaN	0.004763345702363728	0.013411545152280628	0.00021014879565151842	5.478822019246869e-7	NaN	394.96252428181236	5.663734763084146	95063.38301649306	11.315000030729516	-1.7859188188645563	78.1379092042711	79.27378222359552	77.00204024802314	2.271744114829436	0.00016767427643773987	-1	0	2.139947534912162	77.90172498575916	1.0000483693447377	-273.1499938964844	9.000327244467206	-273.1499938964844	123
