DATAH	filename	date	time	DOY	daytime	file_records	used_records	Tau	qc_Tau	rand_err_Tau	H	qc_H	rand_err_H	LE	qc_LE	rand_err_LE	co2_flux	qc_co2_flux	rand_err_co2_flux	h2o_flux	qc_h2o_flux	rand_err_h2o_flux	ch4_flux	qc_ch4_flux	rand_err_ch4_flux	none_flux	qc_none_flux	rand_err_none_flux	H_strg	LE_strg	co2_strg	h2o_strg	ch4_strg	none_strg	co2_v-adv	h2o_v-adv	ch4_v-adv	none_v-adv	co2_molar_density	co2_mole_fraction	co2_mixing_ratio	co2_time_lag	co2_def_timelag	h2o_molar_density	h2o_mole_fraction	h2o_mixing_ratio	h2o_time_lag	h2o_def_timelag	ch4_molar_density	ch4_mole_fraction	ch4_mixing_ratio	ch4_time_lag	ch4_def_timelag	none_molar_density	none_mole_fraction	none_mixing_ratio	none_time_lag	none_def_timelag	sonic_temperature	air_temperature	air_pressure	air_density	air_heat_capacity	air_molar_volume	ET	water_vapor_density	e	es	specific_humidity	RH	VPD	Tdew	u_unrot	v_unrot	w_unrot	u_rot	v_rot	w_rot	wind_speed	max_wind_speed	wind_dir	yaw	pitch	roll	u*	TKE	L	(z-d)/L	bowen_ratio	T*	model	x_peak	x_offset	x_10%	x_30%	x_50%	x_70%	x_90%	un_Tau	Tau_scf	un_H	H_scf	un_LE	LE_scf	un_co2_flux	co2_scf	un_h2o_flux	h2o_scf	un_ch4_flux	ch4_scf	un_none_flux	un_none_scf	spikes_hf	amplitude_resolution_hf	drop_out_hf	absolute_limits_hf	skewness_kurtosis_hf	skewness_kurtosis_sf	discontinuities_hf	discontinuities_sf	timelag_hf	timelag_sf	attack_angle_hf	non_steady_wind_hf	u_spikes	v_spikes	w_spikes	ts_spikes	co2_spikes	h2o_spikes	ch4_spikes	none_spikes	head_detect_LI-7200	t_out_LI-7200	t_in_LI-7200	aux_in_LI-7200	delta_p_LI-7200	chopper_LI-7200	detector_LI-7200	pll_LI-7200	sync_LI-7200	chopper_LI-7500	detector_LI-7500	pll_LI-7500	sync_LI-7500	not_ready_LI-7700	no_signal_LI-7700	re_unlocked_LI-7700	bad_temp_LI-7700	laser_temp_unregulated_LI-7700	block_temp_unregulated_LI-7700	motor_spinning_LI-7700	pump_on_LI-7700	top_heater_on_LI-7700	bottom_heater_on_LI-7700	calibrating_LI-7700	motor_failure_LI-7700	bad_aux_tc1_LI-7700	bad_aux_tc2_LI-7700	bad_aux_tc3_LI-7700	box_connected_LI-7700	mean_value_RSSI_LI-7200	mean_value_LI-7500	u_var	v_var	w_var	ts_var	co2_var	h2o_var	ch4_var	none_var	w/ts_cov	w/co2_cov	w/h2o_cov	w/ch4_cov	w/none_cov	co2_mean	h2o_mean	air_p_mean	vin_sf_mean	dew_point_mean	avg_signal_strength_7200_mean	co2_signal_strength_7200_mean	h2o_signal_strength_7200_mean	delta_signal_strength_7200_mean	flowrate_mean	hit_power_mean	hit_vin_mean	ch4_mean	rssi_77_mean	ch4_aux-1_mean	ch4_aux-2_mean	ch4_aux-3_mean	ch4_aux-4_mean	CHK
DATAU		[yyyy-mm-dd]	[HH:MM]	[ddd.ddd]	[1=daytime]	[#]	[#]	[kg+1m-1s-2]	[#]	[kg+1m-1s-2]	[W+1m-2]	[#]	[W+1m-2]	[W+1m-2]	[#]	[W+1m-2]	[µmol+1s-1m-2]	[#]	[µmol+1s-1m-2]	[mmol+1s-1m-2]	[#]	[mmol+1s-1m-2]	[µmol+1s-1m-2]	[#]	[µmol+1s-1m-2]	[µmol+1s-1m-2]	[#]	[µmol+1s-1m-2]	[W+1m-2]	[W+1m-2]	[µmol+1s-1m-2]	[mmol+1s-1m-2]	[µmol+1s-1m-2]	[µmol+1s-1m-2]	[µmol+1s-1m-2]	[mmol+1s-1m-2]	[µmol+1s-1m-2]	[µmol+1s-1m-2]	[mmol+1m-3]	[µmol+1mol_a-1]	[µmol+1mol_d-1]	[s]	[1=default]	[mmol+1m-3]	[mmol+1mol_a-1]	[mmol+1mol_d-1]	[s]	[1=default]	[mmol+1m-3]	[µmol+1mol_a-1]	[µmol+1mol_d-1]	[s]	[1=default]	[mmol+1m-3]	[µmol+1mol_a-1]	[µmol+1mol_d-1]	[s]	[1=default]	[K]	[K]	[Pa]	[kg+1m-3]	[J+1kg-1K-1]	[m+3mol-1]	[mm]	[kg+1m-3]	[Pa]	[Pa]	[kg+1kg-1]	[%]	[Pa]	[K]	[m+1s-1]	[m+1s-1]	[m+1s-1]	[m+1s-1]	[m+1s-1]	[m+1s-1]	[m+1s-1]	[m+1s-1]	[deg_from_north]	[deg]	[deg]	[deg]	[m+1s-1]	[m+2s-2]	[m]	[#]	[#]	[K]	[0=KJ/1=KM/2=HS]	[m]	[m]	[m]	[m]	[m]	[m]	[m]	[kg+1m-1s-2]	[#]	[W+1m-2]	[#]	[W+1m-2]	[#]	[µmol+1s-1m-2]	[#]	[mmol+1s-1m-2]	[#]	[µmol+1s-1m-2]	[#]	[µmol+1s-1m-2]	[#]	8u/v/w/ts/co2/h2o/ch4/none	8u/v/w/ts/co2/h2o/ch4/none	8u/v/w/ts/co2/h2o/ch4/none	8u/v/w/ts/co2/h2o/ch4/none	8u/v/w/ts/co2/h2o/ch4/none	8u/v/w/ts/co2/h2o/ch4/none	8u/v/w/ts/co2/h2o/ch4/none	8u/v/w/ts/co2/h2o/ch4/none	8co2/h2o/ch4/none	8co2/h2o/ch4/none	8aa	8U	[#]	[#]	[#]	[#]	[#]	[#]	[#]	[#]	[#_flagged_recs]	[#_flagged_recs]	[#_flagged_recs]	[#_flagged_recs]	[#_flagged_recs]	[#_flagged_recs]	[#_flagged_recs]	[#_flagged_recs]	[#_flagged_recs]	[#_flagged_recs]	[#_flagged_recs]	[#_flagged_recs]	[#_flagged_recs]	[#_flagged_recs]	[#_flagged_recs]	[#_flagged_recs]	[#_flagged_recs]	[#_flagged_recs]	[#_flagged_recs]	[#_flagged_recs]	[#_flagged_recs]	[#_flagged_recs]	[#_flagged_recs]	[#_flagged_recs]	[#_flagged_recs]	[#_flagged_recs]	[#_flagged_recs]	[#_flagged_recs]	[#_flagged_recs]	[#]	[#]	[m+2s-2]	[m+2s-2]	[m+2s-2]	[K+2]	--	--	--	--	[m+1s-1K+1]	--	--	--	--	--	--	--	--	--	--	--	--	--	--	--	--	--	--	--	--	--	--	207
DATA	2025-05-28T003000_AIU-0547.ghg	2025-05-28	01:00:00	148.041	0	18000	17873	0.2158748583092434	1	NaN	-46.956000708854916	1	NaN	4.682136821308173	1	NaN	0.8205512662729543	1	NaN	0.10542961627286772	1	NaN	NaN	NaN	NaN	NaN	NaN	NaN	NaN	NaN	NaN	NaN	NaN	NaN	-1.0945357817924826e-10	-3.306625143674921e-12	NaN	NaN	16.041033845553756	400.1829374491883	405.080213646582	0.2	0	484.60440240139036	12.089645537874755	12.237593708041503	0.1	1	NaN	NaN	NaN	NaN	0	NaN	NaN	NaN	NaN	9	289.2970571569379	288.1907826129101	95038.44873095855	1.1436707345038164	1011.9950589586726	0.025307817681364243	0.006831839134481828	0.008608226085239536	1144.8775184298083	1704.129062195029	0.0075268395225433745	67.18255933943944	559.2515437652207	282.1175333544262	-0.5354332523799057	-0.2840120080369604	0.0161225604202952	0.5572496055856446	-2.0113812873097975e-15	-6.8233493696908155e-15	0.5572496055856446	17.784378246111633	124.05700004935306	204.59805403864254	1.6579349413288071	NaN	0.4344607311524105	0.3542068285125041	146.9561945035777	0.019733771752842976	-10.028754498407752	-0.09338157006564914	0	112.24962022619724	-17.034312931131872	38.531662231139705	95.94928707790103	146.3287168300415	205.22810595367764	307.4691001759026	0.21341014183131804	1.0115492003181064	-46.193527353928616	1.0147284178006781	4.262539889002753	1.0984382418069496	0.7470162955389585	1.0984382418069496	0.09598137816053655	1.0984382418069496	NaN	1	NaN	NaN	800000009	800000019	800000009	811110019	811110009	811110009	899999999	899999999	89999	89999	89	89	111	166	19	3	7	0	0	NaN	0	0	0	0	0	0	0	0	0	NaN	NaN	NaN	NaN	0	17981	0	0	0	0	101	0	16514	0	0	16	18000	18000	18000	18000	93	NaN	0.39509031498010816	0.23827762449589354	0.07504571754900653	9.552457624471339	0.9679040844318686	0.00255738561860793	NaN	NaN	-0.03991183782622851	0.019135871857746675	0.0024586978412362696	NaN	NaN	400.1828001047561	12.089639123621705	96151.49784461806	11.466968530972798	9.130831384658826	96.45993940777248	96.7188034148746	96.20107844225565	0.5177247345745565	0.0002776160224457271	-1	0	15.166298376889408	0.23463096822154625	1.0001145408037635	-297.9806199391714	9.000716605451371	-273.1499938964844	016
DATA	2025-05-28T020000_AIU-0547.ghg	2025-05-28	02:30:00	148.104	0	18000	17750	0.10555494251166103	1	NaN	4.427092238954074	1	NaN	-1.7244436326685526	1	NaN	0.844973100685662	1	NaN	-0.03889494446442782	1	NaN	NaN	NaN	NaN	NaN	NaN	NaN	NaN	NaN	NaN	NaN	NaN	NaN	6.493493139708943e-11	1.952373393239112e-12	NaN	NaN	16.15553907085546	403.3709570840821	408.3230988486448	0.1	1	485.7423263064679	12.127998093975915	12.276892219412904	0.1	1	NaN	NaN	NaN	NaN	0	NaN	NaN	NaN	NaN	9	291.04323486294186	289.92676332134	95154.41997799365	1.1381936994253463	1012.0529339697341	0.02542954342226152	-0.002520392401294923	0.008594197928330497	1149.8968755781343	1904.1251536749423	0.007550734055784665	60.389773926301274	754.228278096808	282.18234658947046	0.42206697760348494	-0.19022504117715286	0.15727628609232425	0.48691388293865256	6.8961105943356496e-15	4.019360239995448e-15	0.48691388293865256	19.884042190596272	356.2610280681484	334.6581200424198	18.844835218778353	NaN	0.30453078232321756	1.1416046876093668	-537.2781611324801	-0.00539757654375408	-2.5672583058590384	0.012620250258712945	0	83.05456308694322	-12.603850374998762	28.509943865931216	70.99379134379393	108.27001123836102	151.8502302172202	227.4993156002261	0.10326026399762349	1.022222280141472	4.256208266736232	1.020918394094147	-1.5815580783635226	1.0903448038107315	0.7749595336562336	1.0903448038107315	-0.03567215098241477	1.0903448038107315	NaN	1	NaN	NaN	800000009	800000019	800000009	811110019	811110019	811111019	899999999	899999999	89999	89999	89	89	72	82	18	22	4	0	0	NaN	0	0	0	0	0	0	0	0	0	NaN	NaN	NaN	NaN	0	17924	0	0	0	0	101	0	16586	604	0	21	18000	18000	18000	18000	93	NaN	1.0427638708032703	1.162149299975039	0.0782962044404246	14.775802743028935	1.212187907740012	0.0039642889653244825	NaN	NaN	0.00369490660596296	0.01994792854323999	-0.0009182228076137614	NaN	NaN	403.37086363976334	12.127990633747663	96054.33897092014	11.443635774718391	9.162416050063232	96.44658759032356	96.70539771609836	96.18777381536695	0.5176251130666998	0.000277440509513124	-1	0	33.84076216983319	0.2356550685417123	1.0001396258258157	-273.1499938964844	9.000856191423205	-273.1499938964844	220
DATA	2025-05-28T023000_AIU-0547.ghg	2025-05-28	03:00:00	148.124	0	18000	17421	0.3197472567343034	0	NaN	64.38520052003321	0	NaN	7.752941286924057	2	NaN	-3.7972993031691904	1	NaN	0.17483467590306756	2	NaN	NaN	NaN	NaN	NaN	NaN	NaN	NaN	NaN	NaN	NaN	NaN	NaN	5.1137342245398226e-11	1.5317596458833155e-12	NaN	NaN	16.288121097301204	406.85093560501974	411.87029462486146	0.1	1	487.8917344663492	12.186746860230526	12.337095925262076	0.1	1	NaN	NaN	NaN	NaN	0	NaN	NaN	NaN	NaN	9	290.8492781004458	289.7281629755259	95116.13383048793	1.1384905769024571	1012.0810256837389	0.025422825768303223	0.011329286998518777	0.008638110656362896	1154.9804900769705	1880.243001015348	0.007587336102390056	61.427192626339824	725.2625109383775	282.2477358726381	-0.056307858033547736	-0.48049579583447827	0.17240511621790214	0.49455016138679875	6.514956808111918e-16	3.1395482597358162e-15	0.49455016138679875	23.3570173439807	68.68383551970885	255.98667358925104	20.402318132548636	NaN	0.5299546331950155	2.1969640956784726	-194.63991279129968	-0.014899307949801079	8.304616033739853	0.10543932960566109	0	84.08466168143057	-12.76017181085803	28.863543379475896	71.87430412915427	109.61284879305401	153.73357898103941	230.3209152395055	0.3128783361841876	1.021953966624497	63.75731383835733	1.0207438460913543	7.111747917985211	1.0901597436148298	-3.483250345107987	1.0901597436148298	0.16037528162922088	1.0901597436148298	NaN	1	NaN	NaN	800000009	800000019	800000009	811110019	811110019	811110019	899999999	899999999	89999	89999	89	89	25	28	4	32	0	0	0	NaN	0	0	0	0	0	0	0	0	0	NaN	NaN	NaN	NaN	0	17912	0	0	0	0	101	0	15220	0	0	16	18000	18000	18000	18000	93	NaN	2.481874457891125	1.6821359882172457	0.2299177452485745	32.218049614343535	5.468192018776037	0.006057956986037728	NaN	NaN	0.055333136477529014	-0.08964258263623863	0.004127310130449949	NaN	NaN	406.85082858607154	12.186737182253081	96046.18004926216	11.449999809265137	9.232704293727883	96.42549461491903	96.68260397847493	96.1683869205051	0.5142162559496033	0.00027725149466035267	-1	0	30.68151685827887	0.26406330033219827	1.0001396494441561	-273.1499938964844	9.000803928428226	-273.1499938964844	226
DATA	2025-05-28T030000_AIU-0547.ghg	2025-05-28	03:30:00	148.145	0	18000	17051	0.09816983112193407	1	NaN	129.4455389125317	0	NaN	1.1666670587572636	2	NaN	-2.3479341069096287	1	NaN	0.026314144261334136	2	NaN	NaN	NaN	NaN	NaN	NaN	NaN	NaN	NaN	NaN	NaN	NaN	NaN	-7.848354012827583e-11	-2.318150071923565e-12	NaN	NaN	16.252654788912956	404.69184708404833	409.58776803331676	0.1	1	480.0508846350268	11.953288968507904	12.097898646946579	0.1	1	NaN	NaN	NaN	NaN	0	NaN	NaN	NaN	NaN	9	291.0227326634546	289.92237219421526	95116.13383048793	1.1378274141056737	1011.9564115102892	0.025437987247000672	0.0017051565481344519	0.0084675830997011	1132.9392366626294	1903.609337224118	0.007441887051347393	59.515322524878165	770.6701005614887	281.96236626575217	-0.08953693678515046	-0.9478416191870339	0.12395723292020695	0.4948987307625924	3.597062825811652e-14	-4.828967399333111e-15	0.4948987307625924	17.966452882124816	67.3963766731672	301.78695622850137	14.505319859458961	NaN	0.29373170442512514	1.4627638735694566	-16.483588148920383	-0.17593256843109975	110.95328177896562	0.38273489781348935	0	78.89057679264755	-11.971949390077455	27.080582117503216	67.4344784879044	102.8418345539827	144.23713523593372	216.09351203071805	0.09606204481765254	1.021941926265286	127.36461040117194	1.020735997565347	1.0701880601175773	1.0901514436902677	-2.153768745158604	1.0901514436902677	0.024138063031186034	1.0901514436902677	NaN	1	NaN	NaN	800000009	800000019	800000009	811110019	811110009	811110009	899999999	899999999	89999	89999	89	89	24	54	15	1	1	0	0	NaN	0	0	3066	0	0	0	0	0	0	NaN	NaN	NaN	NaN	0	17980	0	0	0	0	101	0	16540	0	0	21	18000	18000	18000	18000	93	NaN	2.537880902058521	0.3048095555417469	0.0828372895386451	44.08353215208485	6.313053099001778	0.009903635064850105	NaN	NaN	0.11061412084951878	-0.05544798926546259	0.0006214256116636618	NaN	NaN	404.69155720850074	11.953275491968899	96001.00196223959	11.456968302090962	8.938946214516978	96.45505338923137	96.71377060996161	96.19634544838799	0.5174183279325565	0.00027676642356285185	-1	0	20.177180844561292	0.20203407350786323	1.0001183649698893	-309.4471204206682	9.000762845489714	-273.1499938964844	101
DATA	2025-05-28T033000_AIU-0547.ghg	2025-05-28	04:00:00	148.166	0	18000	16632	0.23461110995514473	0	NaN	83.9062659133208	0	NaN	2.727433083148194	1	NaN	0.5698945623748317	1	NaN	0.061581369808798546	1	NaN	NaN	NaN	NaN	NaN	NaN	NaN	NaN	NaN	NaN	NaN	NaN	NaN	3.3938011626481584e-10	1.011507359723526e-11	NaN	NaN	16.28935833967323	401.35119333679006	406.210319368566	0.1	1	485.4970888423097	11.962094019002802	12.106918111735752	0.1	1	NaN	NaN	NaN	NaN	0	NaN	NaN	NaN	NaN	9	292.1097611658574	291.00447956805505	95222.90938011286	1.1348651857506076	1011.9853381163263	0.02550437253117733	0.003990472763610146	0.00845176401231782	1135.0433491057906	2038.404704749963	0.007447372708616279	55.68292432120434	903.3613556441724	281.989818643852	-0.2012270359220358	-0.06495887901624875	0.14185385291007324	0.39323664027741234	6.7244601351944775e-15	2.0834468073444315e-14	0.39323664027741234	17.82194801750005	134.10920067664222	250.6427116710829	21.14528448762997	NaN	0.45467612538166535	2.2749411365625654	-94.39680765737626	-0.030721377893687608	30.763822009693566	0.16068441275257098	0	77.82661168617969	-11.810488580367306	26.71535732631439	66.52501711747271	101.45484858050993	142.29186768704415	213.17914676832333	0.2286020870155872	1.026285949607922	82.43966428252304	1.0235776590040397	2.49468914910143	1.0932957655788886	0.5212629375483573	1.0932957655788886	0.05632635902160643	1.0932957655788886	NaN	1	NaN	NaN	800000009	800000019	800000009	811110019	811110019	811111019	899999999	899999999	89999	89999	89	89	23	32	7	3	4	0	0	NaN	0	0	18000	0	0	0	0	0	0	NaN	NaN	NaN	NaN	0	17890	0	0	0	0	101	0	15419	0	0	16	18000	18000	18000	18000	93	NaN	2.2204772571647253	2.1240662012226617	0.20533881473774435	73.8889150530143	2.195486388875441	0.013299033069848306	NaN	NaN	0.07178235804711261	0.013454864186907592	0.0014538987067508615	NaN	NaN	401.3507526820947	11.962077706421379	95989.86749131944	11.459697809007434	8.947878282176115	96.43460823461746	96.69229428333708	96.17692280366686	0.5153715688917371	0.0002741518506211126	-1	0	17.762442096451913	0.26161450517095963	1.0001416059931119	-273.1499938964844	9.000823649671343	-273.1499938964844	139
DATA	2025-05-28T040000_AIU-0547.ghg	2025-05-28	04:30:00	148.187	0	18000	17395	0.4166733803337851	1	NaN	169.32414476343075	1	NaN	-3.535602100092736	1	NaN	0.467680461768594	2	NaN	-0.07974867217473504	1	NaN	NaN	NaN	NaN	NaN	NaN	NaN	NaN	NaN	NaN	NaN	NaN	NaN	-1.8802534006292502e-10	-5.543666778348779e-12	NaN	NaN	16.32024602571185	402.1545282609819	406.980078587367	0.1	1	481.1798541459317	11.85696937092006	11.999244039976254	0.1	1	NaN	NaN	NaN	NaN	0	NaN	NaN	NaN	NaN	9	291.05647671755327	289.9648292101679	95212.4586587066	1.1388540139206411	1011.9043248123618	0.02541519861496044	-0.00516771395692283	0.008406882628061484	1124.9826645835585	1908.7551408957981	0.00738187908660899	58.93802931975826	783.7724763122396	281.85814879416426	0.26259841155237834	-0.2305420043193977	0.14522207572238605	0.37960915438941434	-6.395491050618476e-14	-1.1520986862985958e-14	0.37960915438941434	18.366589174609214	13.280742215132364	320.4207574359259	22.49214894672447	NaN	0.6048725131216398	2.1472417690142955	-110.12000076347898	-0.026334907191190082	-47.89117665672546	0.24291119598985758	0	123.1080689080693	-18.68212441076908	42.259016284729746	105.23092569456735	160.48380135666486	225.08081326872409	337.21207337076635	0.4057074950413759	1.0270290429100672	165.77166402923416	1.0240662737049702	-3.232233231805929	1.0938573569820353	0.4275515987376358	1.0938573569820353	-0.07290591562574714	1.0938573569820353	NaN	1	NaN	NaN	800000009	800000019	800000009	811110019	811110019	811111119	899999999	899999999	89999	89999	89	89	32	37	1	1	1	0	0	NaN	0	0	18000	0	0	0	0	0	0	NaN	NaN	NaN	NaN	0	17268	0	0	0	0	101	0	16014	0	0	21	18000	18000	18000	18000	93	NaN	3.07338742000037	1.1056183291631554	0.11547778886506638	59.407003607466336	3.438089132356875	0.016556892536232274	NaN	NaN	0.14384765555423348	0.010996234796044066	-0.0018750732510609686	NaN	NaN	402.15431177773075	11.856949384559954	95967.61048784721	11.449999809265137	8.813602253701983	96.44445784123738	96.702482085122	96.18642815272014	0.5160547678139473	0.00027418824418499647	-1	0	14.98566123750508	1.5910397638220473	1.0001407345864508	-273.1499938964844	9.000822024875218	-273.1499938964844	129
DATA	2025-05-28T043000_AIU-0547.ghg	2025-05-28	05:00:00	148.208	0	18000	17507	0.812056288157323	1	NaN	164.9855079427209	1	NaN	0.639238325806432	2	NaN	-1.558924882814477	2	NaN	0.01442157850548178	2	NaN	NaN	NaN	NaN	NaN	NaN	NaN	NaN	NaN	NaN	NaN	NaN	NaN	-2.60100447916181e-10	-7.603773966691268e-12	NaN	NaN	16.311019449743725	401.6673659662962	406.4399216645187	0.1	1	476.8361840811755	11.742339873202404	11.881860720103917	0.1	1	NaN	NaN	NaN	NaN	0	NaN	NaN	NaN	NaN	9	291.26161983994564	290.17973200286076	95212.4586587066	1.138059459635987	1011.8458459683884	0.025433111816064547	0.0009345182871552194	0.008319743555994043	1114.1474141717024	1934.9568561345334	0.0073104647437798615	57.579961570690344	820.809441962831	281.71517558444157	0.07952718292758104	-0.10751557980105836	0.10150416530047358	0.22354500452968473	1.2263052763196716e-14	-1.5946302358205307e-14	0.22354500452968473	18.448623740667617	25.51038756801489	304.05031396846925	27.004849153247395	NaN	0.8447157470801628	1.9942139102550758	-307.80315634915365	-0.009421605789871796	258.09702153665955	0.16961173698340634	0	126.24941801057818	-19.15883625647721	43.33733977770952	107.91610365990167	164.57886717834901	230.8242013100203	345.81671523895653	0.7799779250946888	1.0411272704400447	160.28428242640882	1.033411335773363	0.5784409989847016	1.1051054937814644	-1.4106570744482752	1.1051054937814644	0.013049956394781674	1.1051054937814644	NaN	1	NaN	NaN	800000009	800000019	800000009	811110019	811110009	811110009	899999999	899999999	89999	89999	89	89	77	79	16	26	11	0	0	NaN	0	0	18000	0	0	0	0	0	0	NaN	NaN	NaN	NaN	0	18000	0	0	0	0	101	0	17010	0	0	16	18000	18000	18000	18000	93	NaN	3.3410798078011723	0.4358848241115709	0.21146318859740845	52.9720187443495	1.613689224740271	0.0024549498759060748	NaN	NaN	0.1391911526170229	-0.03630219643930754	0.0003358307905931341	NaN	NaN	401.66721656180874	11.742333487620833	95958.62072374133	11.453636003600227	8.66938779645496	96.46405478858948	96.72157020314535	96.20653904681735	0.5150313386221728	0.00027429332559727803	-1	0	8.179302952408818	0.45062280858966974	1.000126814150148	-273.1499938964844	9.000719663937886	-273.1499938964844	098
DATA	2025-05-28T050000_AIU-0547.ghg	2025-05-28	05:30:00	148.229	1	18000	16738	0.51476959608124	1	NaN	-172.7279939333301	1	NaN	-8.659714679024527	1	NaN	1.0511276710334077	1	NaN	-0.19523945442324864	1	NaN	NaN	NaN	NaN	NaN	NaN	NaN	NaN	NaN	NaN	NaN	NaN	NaN	-1.6194479933188603e-10	-4.725839123248521e-12	NaN	NaN	16.300670998057093	401.5362734408286	406.29707863815787	0.1	1	475.6827576781164	11.71754720286629	11.856476020293734	0.1	1	NaN	NaN	NaN	NaN	0	NaN	NaN	NaN	NaN	9	290.5731030716512	289.4960447074626	95231.03851203017	1.140980356681679	1011.8173006293622	0.025368039839579467	-0.01265151664662651	0.00832347337629251	1112.0207630707791	1852.708254937377	0.007295018996207547	60.021363865967466	740.6874918665978	281.6869701883827	-0.03945711376059392	-0.6809560508046366	0.05138330033319249	0.41321984299561826	-3.374048141653275e-14	-9.934854789179447e-15	0.41321984299561826	24.665044625795723	65.31622145615495	292.88695712957406	8.570341045421971	NaN	0.6716876454988172	2.3078584660465262	147.83549977558314	0.01961639798561408	19.94615300105789	-0.2227486601002471	0	95.8380892696133	-14.543799792378604	32.89811473012641	81.9209572539964	124.93462871416058	175.22259317570382	262.5153743141899	0.5076989705995099	1.013926806811093	-171.13898252637765	1.0159132043745318	-7.877360647601753	1.0993167720029373	0.9561644994447506	1.0993167720029373	-0.1776007238273328	1.0993167720029373	NaN	1	NaN	NaN	800000009	800000019	800000009	811110019	811110009	811111009	899999999	899999999	89999	89999	89	89	36	65	4	25	30	0	0	NaN	0	0	18000	0	0	0	0	0	0	NaN	NaN	NaN	NaN	0	18000	0	0	0	0	301	151	15120	0	0	21	18000	18000	18000	18000	93	NaN	3.408870058572113	0.9405436570531731	0.266303216467767	90.040749249857	0.6705893720292648	0.0027219738748445813	NaN	NaN	-0.14824111644111526	0.024542605158294248	-0.004558613547410156	NaN	NaN	401.5360416226059	11.717540612796446	95943.59753776042	11.460000038146973	8.63585459052192	96.46548582670424	96.72301669481065	96.2079540362888	0.5150546951442956	0.0002737306542306518	-1	0	8.04122919216446	0.37287476475074777	1.0001022191709943	-273.1499938964844	9.000709961361355	-273.1499938964844	201
DATA	2025-05-28T120000_AIU-0547.ghg	2025-05-28	12:30:00	148.52	1	18000	18000	0.33138361051321724	1	NaN	25.91257612642891	2	NaN	84.12121874211478	1	NaN	3.807568826568377	2	NaN	1.904603919607173	1	NaN	NaN	NaN	NaN	NaN	NaN	NaN	NaN	NaN	NaN	NaN	NaN	NaN	2.0704005279982117e-10	6.955329295368845e-12	NaN	NaN	15.659640918943829	394.8406161921293	400.14831338489626	-0.1	0	526.0719255312168	13.26432478964754	13.44263222956832	0.1	1	NaN	NaN	NaN	NaN	0	NaN	NaN	NaN	NaN	9	295.11303355153404	293.8752437183551	95217.10328216765	1.1231629356492863	1012.7702036630304	0.025768162193261775	0.1234183339905448	0.009275909357142257	1258.0081656097127	2437.192356184819	0.008258738837192817	51.61710615156363	1179.1841905751062	283.5211313673719	0.1570858174531991	0.07550555017526472	0.17509434153152115	0.24705276883403418	-2.4747795585273792e-14	1.3221251615633154e-14	0.24705276883403418	3.1386819257659506	306.32806618856694	25.671933811433064	45.13188634743079	NaN	0.5431804506121446	0.46217695371928935	-521.282492575986	-0.005563202373571513	0.3080385248086751	0.04193848916922689	0	87.61554405626218	-13.295996833470111	30.075581039565403	74.89244927689128	114.21571057686909	160.18915807940678	239.99254908939054	0.3192519192385077	1.038000370690477	29.996733746513357	1.0313286751531618	76.29728415790919	1.1025453876970603	3.4534349960153836	1.1025453876970603	1.7274607838008473	1.1025453876970603	NaN	1	NaN	NaN	801000009	800000019	800000009	800000019	800000009	801000009	899999999	899999999	89999	89999	89	89	33	195	7	27	3	0	0	NaN	0	0	0	0	0	0	0	0	0	NaN	NaN	NaN	NaN	0	11302	0	0	0	0	101	0	11318	0	0	16	18000	18000	18000	18000	93	NaN	0.4680888449585382	0.23833235483737608	0.21793270764266454	0.17062123873432206	0.3784860740928631	0.03878620248247718	NaN	NaN	0.02637061688550936	0.09018013282386157	0.045109475959708635	NaN	NaN	394.84047677144866	13.264282777234056	96008.63029644097	11.460000038146973	10.489808673222857	96.1768661710951	96.43021779039171	95.92351602427165	0.5067005481819311	0.0002804106502541496	-1	0	0.09454781160298535	17.043669737631102	1.0001550692170857	-273.1499938964844	9.001012867715623	-273.1499938964844	177
DATA	2025-05-28T123000_AIU-0547.ghg	2025-05-28	13:00:00	148.541	1	18000	18000	0.25579513855115255	1	NaN	53.61372428496629	1	NaN	5.376126915965331	2	NaN	1.7920610335513214	1	NaN	0.12161713341909283	2	NaN	NaN	NaN	NaN	NaN	NaN	NaN	NaN	NaN	NaN	NaN	NaN	NaN	1.0956481449338138e-10	3.745777958560986e-12	NaN	NaN	15.675985809800538	395.0297130386505	400.437700097267	0.3	0	535.9271806060763	13.505189589548696	13.690076670478973	0.1	1	NaN	NaN	NaN	NaN	0	NaN	NaN	NaN	NaN	9	294.24103509775796	292.98457058533796	95206.65319798105	1.1263522142954947	1012.8820930808171	0.025694842572773435	0.007880790245557216	0.009471298369864057	1280.6131139778906	2306.668447564066	0.008408824743855205	55.517866702094494	1026.0553335861753	283.78817654289657	-0.5888543839950158	0.04594136157888043	0.13128325579176475	0.6050581686954853	-2.5512146523269338e-14	6.98934126521613e-15	0.6050581686954853	3.71949641282122	156.46107718331433	175.53892281668564	12.531495745649208	NaN	0.47655061526537645	0.4779466203589091	-170.12857948449255	-0.017045930841174978	9.97255554472703	0.0986129229167656	0	101.51298669865464	-15.404987371130028	34.84612337809822	86.77177422299361	132.33243066004118	185.59811559169628	278.05979756107286	0.2510781056989147	1.0187871134327195	53.16392207289494	1.0186952436947276	4.940776270887359	1.0881138147548186	1.6469426352748964	1.0881138147548186	0.11176876147510033	1.0881138147548186	NaN	1	NaN	NaN	800000009	800000009	800000009	800000019	800000009	800010009	899999999	899999999	89999	89999	89	89	16	30	0	38	2	0	0	NaN	0	0	0	0	0	0	0	0	0	NaN	NaN	NaN	NaN	0	6018	0	0	0	0	0	0	11117	0	0	0	18000	18000	18000	18000	93	NaN	0.44186910475244795	0.39793245150665524	0.11609168445871498	0.15476455714746984	0.28702319645692664	0.012023479514039606	NaN	NaN	0.04659978386100245	0.04289490590257487	0.002911036731720489	NaN	NaN	395.02958122584505	13.50517344160857	96004.8976484375	11.460000038146973	10.760260928524861	96.1895916258494	96.44176447211372	95.93741668086582	0.5043469469646613	0.00028006617088976776	-1	0	-0.7268689992772198	25.902557195648736	1.0001575563549996	-273.1499938964844	9.000994381109873	-273.1499938964844	092
DATA	2025-05-28T130000_AIU-0547.ghg	2025-05-28	13:30:00	148.562	1	18000	18000	0.07631737446593827	1	NaN	23.821030748074953	1	NaN	44.831465635087135	1	NaN	-1.432711571698705	1	NaN	1.0146541141784913	1	NaN	NaN	NaN	NaN	NaN	NaN	NaN	NaN	NaN	NaN	NaN	NaN	NaN	2.8580055530518134e-10	9.773948040297012e-12	NaN	NaN	15.642883786907198	394.8060235424046	400.2095612655699	0.1	1	534.9630380192045	13.501770687531565	13.68656352981141	0.1	1	NaN	NaN	NaN	NaN	0	NaN	NaN	NaN	NaN	9	294.7428459769354	293.4845561466935	95206.65319798105	1.1244347784209885	1012.8919320149869	0.025738663624237202	0.06574958659876623	0.009452779503630071	1280.2903178841389	2379.148985086271	0.008406694354388735	53.81295269483571	1098.858667202132	283.7843924884353	0.35057823268167554	0.21735123426053543	0.20143120158408326	0.45904377268008384	2.1270842954628438e-14	1.827032401432216e-14	0.45904377268008384	2.4850385856909805	300.20194542738966	31.798054572610383	26.027729570122116	NaN	0.26052210322579245	0.16813688750161188	-62.561060185645964	-0.04635471316174046	0.5313462410970463	0.08028207566056453	0	85.85165454917559	-13.02831979564045	29.470094851165364	73.38470305603012	111.91630245698559	156.96420549674795	235.16098245726522	0.07458177376783945	1.0232711104927787	25.980184775961867	1.0216024211534582	41.08896324825177	1.091082911102523	-1.3131097161543583	1.091082911102523	0.9299514306875158	1.091082911102523	NaN	1	NaN	NaN	800000009	800000009	800000009	800000019	800000009	800000009	899999999	899999999	89999	89999	89	89	5	45	0	10	15	0	0	NaN	0	0	0	0	0	0	0	0	0	NaN	NaN	NaN	NaN	0	7749	0	0	0	0	101	0	9297	0	0	21	18000	18000	18000	18000	93	NaN	0.21324685736003962	0.07027909520100525	0.05274782244217892	0.10166409218921911	0.40194749243479827	0.030861713526797105	NaN	NaN	0.022811027807402743	-0.03425837841539076	0.024261969604283937	NaN	NaN	394.80595215427013	13.501736059209497	95982.26795008681	11.460000038146973	10.752295676920141	96.17435394053989	96.4292275680966	95.91948160870871	0.509744045154916	0.0002804667203163263	-1	0	0.2583475826923129	36.42292821864253	1.000156454101205	-284.8991193898504	9.001002597384982	-273.1499938964844	206
DATA	2025-05-28T133000_AIU-0547.ghg	2025-05-28	14:00:00	148.583	1	18000	18000	0.06532509879246685	1	NaN	35.37845768674953	1	NaN	3.288175078272333	1	NaN	-0.5908227457978987	1	NaN	0.07395646845491372	1	NaN	-0.003439624694646732	1	NaN	NaN	NaN	NaN	NaN	NaN	NaN	NaN	NaN	NaN	-7.075694201878801e-11	-2.4909922729534834e-12	-3.9777560130670554e-13	NaN	15.547176951438017	393.194668375746	398.71381883041533	0.2	0	547.3370746009517	13.8423856761704	14.036686909994192	0.1	1	0.08740185039141321	2.0559507088596023	2.084809445262245	-0.2	0	NaN	NaN	NaN	NaN	9	294.1326377215916	286.99938706546357	95555.868953125	1.1538645072646165	1012.9784104660281	0.024970867097998697	0.0047923791558784085	0.009989232379457388	1323.0759976282643	1578.2103243612635	0.008657197024924653	83.8339464141918	255.13432673299917	284.2787835016136	-0.807949846625865	-0.04152757287996284	0.1716441824915949	0.8270243160604533	-1.1789784105948256e-14	-4.551111898951111e-15	0.8270243160604533	2.5272389364707486	149.0576605669197	182.94233943308024	11.978480627933381	NaN	0.23793735540715738	0.15198100002756162	-32.17203238192421	-0.09014040411165813	10.75929865186437	0.12721000266735003	0	81.65352899108413	-12.391238045728011	28.029014198221272	69.79620847091988	106.4436217942892	149.28869305308308	223.66166615516352	0.06436713704973972	1.0148827769361075	35.155015522058044	1.0162318109369373	3.0270399054068284	1.0862675025853048	-0.5439017041306557	1.0862675025853048	0.0680831086991907	1.0862675025853048	-0.014016502818658351	1.1495751652898212	NaN	NaN	800000009	800000009	800000009	800000009	800000019	800000019	899999999	899999999	89999	89999	89	89	4	9	0	35	7	0	6	NaN	0	0	0	0	0	0	0	0	0	NaN	NaN	NaN	NaN	0	0	0	0	0	0	0	0	3016	0	0	0	18000	18000	18000	18000	93	NaN	0.15063552785802284	0.10345238961369463	0.04987408258340579	0.13556477712552029	0.40518691011274377	0.015097131080398035	9.949419001273636e-8	NaN	0.03007684584794891	-0.013772391054784184	0.001723964440834676	-0.00001401650281865835	NaN	393.194553376516	13.842365976320167	95960.2461048177	11.460302822854784	11.12418845393923	96.12270707836316	96.37764803413197	95.86776491431365	0.5098850284086334	0.0002811995837853626	-1	0	2.044018783092499	66.85210087437099	1.000171279622449	-273.1499938964844	9.001100803507699	-273.1499938964844	109
DATA	2025-05-28T140000_AIU-0547.ghg	2025-05-28	14:30:00	148.604	1	18000	18000	0.06509370278044758	1	NaN	50.97750399637829	1	NaN	15.334623444354953	1	NaN	-0.4217093111266569	2	NaN	0.3451130511617598	1	NaN	0.017948213762343797	2	NaN	NaN	NaN	NaN	NaN	NaN	NaN	NaN	NaN	NaN	-1.3624887232063641e-11	-4.877265430841263e-13	-7.784066064615825e-14	NaN	15.453110308739909	392.1133480924789	397.69555380911453	0.1	1	553.1709688607708	14.036379494740329	14.236204260302575	0.1	1	0.08828552449516922	2.083040930494026	2.1126955266631096	0	1	NaN	NaN	NaN	NaN	9	292.29692043813077	287.63931018023675	95519.58608465994	1.1507754403425878	1013.0992136464855	0.02503605095942248	0.02236332571528203	0.010102853810248691	1341.1088012338344	1645.0316393657276	0.008779170510661101	81.52480287558016	303.9228381318933	284.48294693044403	-0.397190663122096	-0.02706509921553934	0.1532509388973626	0.4265897241376741	1.6135933240289e-14	-8.816922263447334e-16	0.4265897241376741	1.7033182704225718	148.10181545123123	183.89818454876874	21.05393881281869	NaN	0.23783414011856	0.1173639860621383	-22.293359650040447	-0.1300835784970947	3.3243401236007752	0.1838492271114029	0	79.83629028480361	-12.115465061098142	27.40521495611557	68.24286015698686	104.07466760515196	145.96620111944333	218.68396780127193	0.06352768446944057	1.02465095846143	50.94361768780297	1.0225050014226278	14.041650395057353	1.092081273420162	-0.3861519480193582	1.092081273420162	0.31601407290955597	1.092081273420162	0.00008540958033698185	1.157984262946168	NaN	NaN	800000009	800000009	800000009	800000019	800000019	800001019	899999999	899999999	89999	89999	89	89	2	4	3	11	0	0	0	NaN	0	0	0	0	0	0	0	0	0	NaN	NaN	NaN	NaN	0	3	0	0	0	0	0	0	3312	0	0	0	18000	18000	18000	18000	93	NaN	0.11330431513793032	0.06870861239214683	0.05271504459419946	0.4464447546005522	0.1677826078519869	0.01469655327400652	6.076274991481258e-7	NaN	0.04369655708048823	-0.009805388927137726	0.008024408285962384	8.540958033698185e-8	NaN	392.11323104918586	14.036360412314512	95934.32842274304	11.470000267028809	11.329998651292582	96.0105075240665	96.26403160413108	95.75698695543079	0.5070393150034873	0.00028180929759724275	-1	0	2.0707883337934794	71.9752239349159	1.000153001498845	-273.1499938964844	9.001087454345491	-273.1499938964844	084
DATA	2025-05-28T143000_AIU-0547.ghg	2025-05-28	15:00:00	148.624	1	18000	18000	0.07298365276971533	1	NaN	71.26678720386879	1	NaN	40.31470900267076	1	NaN	-0.8553965962014005	1	NaN	0.9074836829211511	1	NaN	0.024035865110586824	1	NaN	NaN	NaN	NaN	NaN	NaN	NaN	NaN	NaN	NaN	-4.749981821615459e-11	-1.731177319130753e-12	-2.725911085732536e-13	NaN	15.371458003461868	390.56351918800266	396.20326237911934	0.1	1	560.2278167985457	14.234469340941752	14.44001529595475	0.1	1	0.08821344870170116	2.0835023141625255	2.1135881194481896	0	0	NaN	NaN	NaN	NaN	9	290.36852539401593	287.84777877979707	95515.64268674649	1.1498079471627265	1013.2143628203869	0.025055230383821753	0.05880494265329059	0.010237588638750588	1359.9791895983842	1667.330200912951	0.008903737936420537	81.56627816456057	307.3510113145669	284.6940217042206	0.5027000053723697	0.06081272577882301	0.10553009372935118	0.5172447038883469	-2.0648390664899945e-14	-3.0901309560522468e-15	0.5172447038883469	2.4678317826131355	325.1023206767048	6.897679323295193	11.772343781632964	NaN	0.2519417518182465	0.18223533935744915	-18.95608327964043	-0.15298518988438464	1.7677614192662912	0.24280654674107577	0	85.3411109286814	-12.950842831540562	29.29484174741763	72.94829804806774	111.2507572843415	156.0307689289483	233.7625243842885	0.07146848078067142	1.0212005624366607	72.43269977546285	1.020254134312104	36.99794027474564	1.0896473885652793	-0.7850214713290756	1.0896473885652793	0.8328232531406511	1.0896473885652793	-0.002028317178512661	1.154796237389149	NaN	NaN	800000009	800000009	800000009	800000019	800000019	800000019	899999999	899999999	89999	89999	89	89	4	5	0	14	8	0	6	NaN	0	0	0	0	0	0	0	0	0	NaN	NaN	NaN	NaN	0	1	0	0	0	0	0	0	1209	0	0	0	18000	18000	18000	18000	93	NaN	0.21314444218449158	0.10125461943732474	0.050071617093081985	0.5192598380685404	0.5713939884509331	0.021336413912912817	4.239609963240671e-8	NaN	0.062173888407158415	-0.019952990233555862	0.021167974180451136	-0.0000020283171785126607	NaN	390.56343903650986	14.234443105083743	95910.40373242188	11.470000267028809	11.5377599840694	95.96431375821432	96.21674974483913	95.71186811553108	0.5048935651597051	0.00028259288892149926	-1	0	2.070976849510769	65.18564606819385	1.000124009894	-338.79974665323823	9.00094253264533	-273.1499938964844	132
DATA	2025-05-28T150000_AIU-0547.ghg	2025-05-28	15:30:00	148.645	1	18000	18000	0.1113322870087931	1	NaN	2.852632500796779	2	NaN	-40.53340701855155	2	NaN	3.1008099411366503	2	NaN	-0.913027650483614	2	NaN	-0.06910305659109035	1	NaN	NaN	NaN	NaN	NaN	NaN	NaN	NaN	NaN	NaN	-9.25128088794013e-10	-3.4178986799431625e-11	-5.286803879749695e-12	NaN	15.294011892821288	389.2246662252547	394.9033606776305	0.1	1	565.0394112198228	14.379959802396879	14.589759964208822	0.1	1	0.0874002663969582	2.0711065917310303	2.1013235397646772	0	1	NaN	NaN	NaN	NaN	9	289.6735634816488	288.5553716046394	95514.14098325396	1.1469069244932228	1013.3096152652842	0.025117216517097564	-0.059164191751338184	0.0103167036802284	1373.8579319205728	1745.0088743350252	0.00899524055518889	78.73071318586344	371.1509424144524	284.84762326890467	-0.020169505617395746	0.02472422028847883	0.09550973862262015	0.10069859084162497	6.205630071435222e-14	-6.048956253448778e-14	0.10069859084162497	2.324955835162926	202.7931485753693	129.2068514246307	71.52670622114812	NaN	0.31156343108502765	0.22354079081833717	-895.6552801537833	-0.003237852848366028	-0.07037731862735276	0.007878236421140437	0	71.02227387116811	-10.777904065636	24.37964834247759	60.708771493906724	92.58470702152405	129.85136802896238	194.54101132467028	0.10347715037068499	1.0759117989814055	0.5311725109644468	1.05688521090607	-35.71779257900386	1.1348239656439034	2.732414925144129	1.1348239656439034	-0.804554431458062	1.1348239656439034	-0.058928947837237435	1.2107694105447664	NaN	NaN	800000009	800000009	800000009	800000019	800000019	800100019	899999999	899999999	89999	89999	89	89	4	2	4	4	1	0	9	NaN	0	0	0	0	0	0	0	0	0	NaN	NaN	NaN	NaN	0	20	0	0	0	0	0	0	4217	0	0	0	18000	18000	18000	18000	93	NaN	0.039179517440484195	0.28670458644879704	0.12119747774739312	0.06791357275889574	0.6572199814502955	0.03537850782688647	4.665152151216356e-7	NaN	0.00045705162040705774	0.06963223461457099	-0.0205030804128423	-0.00005892894783723744	NaN	389.22465370170164	14.379920416536883	95913.52180598959	11.470000267028809	11.691705091105582	95.90866752878826	96.15942581431072	95.65790985743203	0.5015171065181493	0.0002832688118392576	-1	0	2.0587033743560337	70.5172669390838	1.0001474435478448	-273.1499938964844	9.001128465943866	-273.1499938964844	042
DATA	2025-05-28T153000_AIU-0547.ghg	2025-05-28	16:00:00	148.666	1	18000	18000	0.02391853227627073	0	NaN	17.068011034165824	0	NaN	13.653155950995323	0	NaN	-1.6310671990190888	0	NaN	0.3075361815049579	0	NaN	-0.005578562888261047	1	NaN	NaN	NaN	NaN	NaN	NaN	NaN	NaN	NaN	NaN	-4.7435690622455013e-11	-1.7188395875226095e-12	-2.6886532825884536e-13	NaN	15.339442032000566	390.86613442129453	396.48154007720944	0	0	555.8270548849083	14.163094843763535	14.366569936351643	0.1	1	0.08694390369619781	2.059936120612829	2.08953033695403	0.3	0	NaN	NaN	NaN	NaN	9	289.4658849622939	288.5370522278307	95511.30438183533	1.1470402462297482	1013.1875503788104	0.025116367824188305	0.019928344561521268	0.010161460257470632	1353.098519633113	1742.9584305738915	0.008858852416792467	77.63228863625784	389.8599109407785	284.61735833722514	1.09020572070991	0.24270434280237543	0.1711505727680576	1.1299320466482052	-2.0354014262787317e-14	-3.0924000053910998e-15	1.1299320466482052	4.225468540050238	319.44933818610724	12.550661813892765	8.712112799364482	NaN	0.14440357161854278	0.3191552003500846	-14.902957112403085	-0.19459225294196517	1.250114705744759	0.10170363583511276	1	15.767664594946728	7	13	22	34	57	143	0.023635062974709242	1.0119935919724359	17.66646303130759	1.0145337355604371	12.56986327831652	1.0861817387105175	-1.50165220136682	1.0861817387105175	0.2831351057973554	1.0861817387105175	-0.011134932556166774	1.1480448566140684	NaN	NaN	800000009	800000019	800000009	800000019	800000019	800010019	899999999	899999999	89999	89999	89	89	7	0	0	41	5	0	24	NaN	0	0	0	0	0	0	0	0	0	NaN	NaN	NaN	NaN	0	147	0	0	0	0	0	0	202	0	0	0	18000	18000	18000	18000	93	NaN	0.2814967082706741	0.2858272951716948	0.07098639725780033	0.03994410735557468	0.903377145930838	0.04596745935943399	1.4046359324914798e-7	NaN	0.015201313230403574	-0.038258046723975314	0.007213518614319171	-0.000011134932556166775	NaN	390.86612710401744	14.163045873058596	95896.62937152777	11.470000267028809	11.458870694054497	95.8960120425754	96.14760429106818	95.6444184068044	0.5031833886421389	0.0002829017721540166	-1	0	2.0471378438095766	64.61435989409563	1.000152244432105	-285.222119403412	9.001144667943318	-273.1499938964844	233
DATA	2025-05-28T160000_AIU-0547.ghg	2025-05-28	16:30:00	148.687	1	18000	18000	0.0264972432706988	0	NaN	9.48238260486348	0	NaN	11.025217502917828	1	NaN	-0.8564794333183323	1	NaN	0.24839451888828334	1	NaN	0.00033218889446784064	1	NaN	NaN	NaN	NaN	NaN	NaN	NaN	NaN	NaN	NaN	1.7101928611434284e-10	6.233908989717198e-12	9.667104674640168e-13	NaN	15.307737649831711	389.85379135839423	395.47377196173727	0.1	1	557.9899525701222	14.210754294691236	14.415611000629024	0.1	1	0.08652913104426922	2.052202214766772	2.081785963589479	0	1	NaN	NaN	NaN	NaN	9	289.75839250437417	288.75646302735436	95513.33543648712	1.1461722769532632	1013.2185869696003	0.025134932443080852	0.01609596482396076	0.0101881235351571	1357.6806275482932	1767.656108911906	0.00888882390545949	76.80683028239152	409.97548136361274	284.66844953348425	1.0051882765268534	0.4815081006679335	0.22013607220013998	1.1360956881176765	2.8980139412529655e-14	1.1172081076018634e-14	1.1360956881176765	2.9505423491504748	306.4045166848258	25.595483315174178	11.172612609629184	NaN	0.1520461391096396	0.25264929453759677	-31.31427096143103	-0.0926095326815002	0.8600630874043041	0.05370182317306826	1	15.705093903855623	7	13	23	36	63	170	0.02618431192549646	1.011951100570935	10.009147782113434	1.014510480607167	10.150276900498627	1.086198693000801	-0.7885108303271552	1.086198693000801	0.2286823953010411	1.086198693000801	-0.0032156781822648634	1.148032992437586	NaN	NaN	800000009	800000009	800000009	800000019	800000019	800010119	899999999	899999999	89999	89999	89	89	8	1	0	73	4	0	20	NaN	0	0	0	0	0	0	0	0	0	NaN	NaN	NaN	NaN	0	13	0	0	0	0	0	0	101	0	0	0	18000	18000	18000	18000	93	NaN	0.24806804498470916	0.21040363666222842	0.046826907428255946	0.011346565904053897	0.4891138501970772	0.025081644394414473	5.026336536778604e-8	NaN	0.008618745438720501	-0.020104949587347404	0.005830798832697969	-0.000003215678182264863	NaN	389.8537158755185	14.210724697317545	95899.32423177084	11.469697482320997	11.510641922050066	95.90916786278619	96.16061197535197	95.65772507561577	0.5028856341391803	0.0002832712536393147	-1	0	2.040061870648133	60.39942027404567	1.0001181833412913	-364.84162274678835	9.000870780097113	-273.1499938964844	000
DATA	2025-05-28T163000_AIU-0547.ghg	2025-05-28	17:00:00	148.708	1	18000	18000	0.06389340689114083	1	NaN	17.249656973857626	1	NaN	19.57694821974348	1	NaN	-1.8721612813713828	1	NaN	0.4411568704384892	1	NaN	-0.0035832500434148716	1	NaN	NaN	NaN	NaN	NaN	NaN	NaN	NaN	NaN	NaN	1.3449014101254845e-10	4.976918158525792e-12	7.591776940210581e-13	NaN	15.271595978662896	389.1691734040147	394.85569759792565	0.1	1	565.1379555679491	14.401524983695248	14.611959483254076	0.1	1	0.08620598455630149	2.046804386182032	2.0767122089430705	-0.4	0	NaN	NaN	NaN	NaN	9	289.8936357557509	288.979504384487	95500.01637134085	1.1450448751243119	1013.3299913248352	0.0251578553673801	0.0285869652044141	0.010315485197882925	1375.7147936860254	1793.0767113241916	0.009008804302768503	76.72369982821631	417.36191763816623	284.8680701984712	0.6843414423087321	0.4175969972800491	0.20598125569784928	0.8277310792143784	-3.680800442475409e-14	8.806554416477153e-15	0.8277310792143784	3.142540718820391	300.6077352510632	31.392264748936803	14.409498468191899	NaN	0.23622005665100065	0.3421783145667549	-64.54705631961443	-0.04492846251020674	0.8811208355989436	0.06293471790970799	0	82.75834167770009	-12.558897633316606	28.40826064184914	70.74058573849375	107.88385671396453	151.30864300615087	226.68791926793307	0.06295700950573697	1.0148736001400849	18.154046381214485	1.0162261609138876	18.022264542832765	1.0862646130410394	-1.7234854738848535	1.0862646130410394	0.40612284073532845	1.0862646130410394	-0.009654883944674435	1.149568828058456	NaN	NaN	800000009	800000009	800000009	800000019	800010019	800010019	899999999	899999999	89999	89999	89	89	2	0	0	35	9	3	16	NaN	0	0	0	0	0	0	0	0	0	NaN	NaN	NaN	NaN	0	74	0	0	0	0	0	0	2909	0	0	0	18000	18000	18000	18000	93	NaN	0.42776219796400605	0.20906187748348865	0.04753255368601501	0.030471043450107597	0.3814934941622442	0.023899847355052618	1.5462235878764908e-7	NaN	0.015645881505743787	-0.04399293355872107	0.010366513335836812	-0.000009654883944674435	NaN	389.16904510328504	14.401496837215824	95891.34100086805	11.460000038146973	11.71122084294425	95.88561520152622	96.13641204579672	95.63481442048814	0.5016047029693924	0.0002831316503628235	-1	0	2.034452599707908	62.30911563789573	1.0001331014898087	-337.5481216006784	9.00097519932853	-273.1499938964844	042
DATA	2025-05-28T170000_AIU-0547.ghg	2025-05-28	17:30:00	148.729	1	18000	18000	0.05205068819784887	1	NaN	11.367532296734431	1	NaN	8.823125984528021	1	NaN	-1.0043221785758383	1	NaN	0.19888417333643016	1	NaN	-0.004289838049374641	1	NaN	NaN	NaN	NaN	NaN	NaN	NaN	NaN	NaN	NaN	-1.4121800576939624e-10	-5.215546488057968e-12	-7.967903491570691e-13	NaN	15.250295840065933	389.0552021728646	394.7269611147763	0.1	1	563.2328999205989	14.368815664107803	14.578288402866798	0.1	1	0.0860463117358939	2.0458684742825577	2.0756937349349815	0.1	0	NaN	NaN	NaN	NaN	9	290.16787706587047	289.2897478512738	95508.20867100781	1.1439292389459876	1013.3178101825616	0.0251827041581358	0.012887694432200674	0.010281900667922218	1372.7079604388111	1828.969164055859	0.008988231367698865	75.05364154936005	456.26120361704784	284.8349480982598	0.6349364782106752	0.31926619397285594	0.20314678053389967	0.7391507616297021	-3.3999746597085173e-15	-9.260017461325898e-15	0.7391507616297021	3.191421521012191	305.30529995005077	26.694700049949223	15.952365376471803	NaN	0.21331119938498283	0.2735469527432046	-72.12870775553965	-0.040205905391078815	1.2883792339209719	0.045973514214124024	0	85.02283263216499	-12.90254287211867	29.185587107694488	72.67623854727319	110.83584937970676	155.44885469326005	232.8907108205703	0.051223000587630345	1.0161585147438317	11.725525840082854	1.0170246078807508	8.118889609801856	1.0867404791261042	-0.9241600896135367	1.0867404791261042	0.18300981435453814	1.0867404791261042	-0.007878452456398491	1.1505099065868225	NaN	NaN	800000009	800000019	800000009	800000019	800010019	800010019	899999999	899999999	89999	89999	89	89	1	5	0	37	11	3	28	NaN	0	0	0	0	0	0	0	0	0	NaN	NaN	NaN	NaN	0	162	0	0	0	0	0	0	2137	0	0	0	18000	18000	18000	18000	93	NaN	0.3191612780787245	0.19170203390826027	0.03623059349942452	0.03433415823466244	0.4919088581711129	0.031832354904261534	1.8048003137555373e-7	NaN	0.010115503190928627	-0.023612220787584973	0.004675886993390237	-0.00000787845245639849	NaN	389.0549230757301	14.368779316644716	95903.74470746527	11.463636232482063	11.678585626787617	95.86075614166259	96.11322262615627	95.60829062546625	0.5049287177274622	0.00028372763143852354	-1	0	2.0326632717521087	62.228191550651786	1.0001684050791793	-273.1499938964844	9.001210553407669	-273.1499938964844	036
DATA	2025-05-28T173000_AIU-0547.ghg	2025-05-28	18:00:00	148.749	1	18000	18000	0.06868604777874483	1	NaN	19.567709290976484	1	NaN	6.774720979451932	1	NaN	-0.1192079313140294	2	NaN	0.15274765873489377	1	NaN	0.013322854630243929	1	NaN	NaN	NaN	NaN	NaN	NaN	NaN	NaN	NaN	NaN	-1.6945542763542167e-10	-6.423952501184734e-12	-9.576301304181181e-13	NaN	15.202045398940996	388.2548098947276	394.05470581580295	0.1	1	576.3003223110534	14.718504399199809	14.93837493641838	0.1	1	0.08591012351242587	2.0452852071331646	2.07583844440923	0.9	0	NaN	NaN	NaN	NaN	9	290.50359219699436	289.5418306623291	95507.53124274136	1.1427732451560146	1013.5190893364525	0.02520482676919321	0.009898048286021116	0.010522883424143401	1406.105090413178	1858.5954979073726	0.009208198974510282	75.65417499377018	452.49040749419464	285.19930880865917	0.38517125551877607	0.017947045579758077	0.15226455936587285	0.4145642152451541	4.817945476578269e-14	-1.1146883408677772e-14	0.4145642152451541	1.8710911463631592	329.3322340414174	2.667765958582532	21.548472682752294	NaN	0.24516260751201785	0.23173142990656076	-63.61834947065129	-0.04558433257275625	2.8883417265930693	0.06891182616269209	0	81.41902000759765	-12.355650402742487	27.94851485289021	69.59575371897017	106.13791564963103	148.8599358384656	223.01930971787263	0.06699689144320846	1.0252124583566422	19.600513585845977	1.022873168401981	6.201146353484485	1.0924949345285409	-0.10911531719410014	1.0924949345285409	0.1398154388704887	1.0924949345285409	0.005972710676443762	1.1585134077645152	NaN	NaN	800000009	800000019	800000009	800000019	800011019	800011119	899999999	899999999	89999	89999	89	89	0	5	0	19	13	3	22	NaN	0	0	0	0	0	0	0	0	0	NaN	NaN	NaN	NaN	0	241	0	0	0	0	0	0	1984	0	0	0	18000	18000	18000	18000	93	NaN	0.25075107717883	0.15938064541337335	0.05333113722091821	0.025506407493616007	3.685674521471306	0.08293369552683282	1.3806663307723012e-7	NaN	0.016922925955093735	-0.002791327859516832	0.0035766814389178126	0.000005972710676443762	NaN	388.25372157194096	14.718419052599595	95897.71842317708	11.470000267028809	12.040497736374544	95.81896227857801	96.07061224153307	95.56731429926555	0.5032964396774767	0.0002841560039248886	-1	0	2.030852009329669	64.61795021639347	1.0001027898738781	-384.78687358429886	9.00078703461753	-273.1499938964844	173
DATA	2025-05-28T180000_AIU-0547.ghg	2025-05-28	18:30:00	148.77	1	18000	18000	0.059497320136570955	1	NaN	12.908568206590667	1	NaN	-19.25772345675634	1	NaN	-2.7037665532717297	1	NaN	-0.43422894414289953	1	NaN	0.016815008856632462	1	NaN	NaN	NaN	NaN	NaN	NaN	NaN	NaN	NaN	NaN	7.642318532815864e-11	2.919496658293637e-12	4.2996040079057666e-13	NaN	15.27889639331406	390.1441844311042	396.04693789513635	0.1	1	583.680028137475	14.904176498380311	15.129671797208474	0.1	1	0.08595978286822989	2.047318726808304	2.0782939872091926	-0.9	0	NaN	NaN	NaN	NaN	9	290.58624730173744	289.61517734697645	95503.40765947638	1.1423538470059214	1013.6248221790844	0.025212300204492662	-0.028138035580459887	0.010652469743901053	1423.781455840169	1867.2943298986543	0.009325017613256076	76.24836818936002	443.5128740584853	285.38908506823174	0.44830573808811464	-0.019607045904037234	0.17631671164760532	0.48213074353119545	3.658245733260562e-15	5.0018786279355165e-15	0.48213074353119545	2.3770087456121503	334.5042853881951	357.4957146118048	21.45085960798733	NaN	0.22821720284185995	0.22775191391254146	-77.79075801356112	-0.03727949275792439	-0.6703060325680319	0.0488485649696852	0	83.07654887269923	-12.607186802808942	28.517490874722245	71.01258446278077	108.29867193059049	151.8904272455889	227.55953807358003	0.058194118664908985	1.0223940408680474	11.620033638781047	1.0210304789974074	-17.660109284293284	1.0904645688622074	-2.479463001803758	1.0904645688622074	-0.3982054589778875	1.0904645688622074	0.012739229681709027	1.155884424748752	NaN	NaN	800000009	800000019	800000009	800000019	800001019	800111019	899999999	899999999	89999	89999	89	89	2	0	2	45	36	0	14	NaN	0	0	0	0	0	0	0	0	0	NaN	NaN	NaN	NaN	0	953	0	0	0	0	0	0	4016	0	0	0	18000	18000	18000	18000	93	NaN	0.17945021880110607	0.2321108120369401	0.043942796987036736	0.012150145436110125	15.240725544233529	0.11885982029666149	2.228553963264627e-7	NaN	0.010035280115539112	-0.06345902373968235	-0.010191613932599786	0.000012739229681709027	NaN	390.1402488787761	14.904056962407106	95894.78057942708	11.470000267028809	12.229493614991513	95.8186930809021	96.06976107025147	95.56762495676676	0.5021353709258967	0.00028384539436956404	-1	0	2.0268492156717506	57.29230883736776	1.000080848844515	-422.7797501797073	9.000685341464148	-273.1499938964844	234
DATA	2025-05-28T183000_AIU-0547.ghg	2025-05-28	19:00:00	148.791	1	18000	18000	0.02340186686584681	1	NaN	13.347997768542493	1	NaN	0.5734557217082987	2	NaN	4.50653446878603	1	NaN	0.012928755432668188	2	NaN	-0.004847774331791061	1	NaN	NaN	NaN	NaN	NaN	NaN	NaN	NaN	NaN	NaN	-2.0424970917039871e-10	-8.00229604921179e-12	-1.1503985942976845e-12	NaN	15.477138815641565	395.3106014366748	401.5294362039622	0.1	0	606.3785711155398	15.487867654436299	15.731515281113934	0.1	1	0.08717211304526347	2.0754350141617595	2.108084751802004	-0.7	0	NaN	NaN	NaN	NaN	9	290.4970535786946	289.4788925418978	95487.10457530177	1.1424429254681467	1013.9503723759826	0.025204738622013372	0.0008377833520368985	0.011072972590602454	1479.2883353942298	1851.1594664236964	0.009692363919243498	79.91144805326284	371.8711310294666	285.97183002999856	0.3535959936385645	-0.4808570205746435	0.16029962159704647	0.618020687062576	2.221696967240904e-14	-1.3196864847136933e-14	0.618020687062576	1.9404953067403874	25.671267294056065	306.32873270594393	15.03302865951504	NaN	0.1431225270665662	0.1403604662069497	-18.55491293869141	-0.1562928378905411	23.276422683131333	0.08051131458679911	1	6.263205796056795	3	5	9	14	25	65	0.022977118327323666	1.0184857183774019	13.202952761808662	1.018501937552194	0.5271039380537471	1.087936705283779	4.142276335469846	1.087936705283779	0.011883738612620697	1.087936705283779	-0.008520256019128388	1.152405910222109	NaN	NaN	800000009	800000019	800000009	800000019	800000019	801110019	899999999	899999999	89999	89999	89	89	1	6	2	4	0	0	4	NaN	0	0	0	0	0	0	0	0	0	NaN	NaN	NaN	NaN	0	1762	0	0	0	0	0	0	2135	0	0	0	18000	18000	18000	18000	93	NaN	0.10063708951413225	0.15748592339353393	0.022597919506233233	0.04656217303686167	63.68940564893443	0.15021062818023198	4.7131242067679367e-7	NaN	0.011397769181291515	0.10604788857022171	0.0003042398155327063	-0.00000852025601912839	NaN	395.3084753182633	15.487717624664066	95873.35967751735	11.46969803788927	12.810700651062817	95.80912471771241	96.05916358184814	95.55909317334493	0.50006791766319	0.0002840859444857213	-1	0	2.0601573117550904	51.811381517380624	1.0001110426502096	-284.2127443610342	9.001024068911871	-273.1499938964844	215
DATA	2025-05-28T190000_AIU-0547.ghg	2025-05-28	19:30:00	148.812	0	18000	18000	0.04702863608131706	1	NaN	2.8380365515547714	2	NaN	15.314660025485175	2	NaN	2.0593023547902987	1	NaN	0.34525592476751377	2	NaN	0.06594681421654368	1	NaN	NaN	NaN	NaN	NaN	NaN	NaN	NaN	NaN	NaN	-5.134079117462082e-10	-2.036793819703672e-11	-2.899676709261703e-12	NaN	15.39379748773251	393.135590605395	399.36427151208966	0.3	0	610.7033192796342	15.596490099405552	15.843594565180384	0.1	1	0.08694263376356888	2.0695815898598453	2.1023712014891465	0	1	NaN	NaN	NaN	NaN	9	290.408826874627	289.42376870848744	95463.19502322523	1.1423272011255425	1014.0104256132004	0.025206250560301735	0.02237258392493489	0.01114996281316709	1489.290155226821	1844.6681298631186	0.00976074350867331	80.73485583216164	355.3779746362975	286.07478395036634	0.5669451620207219	-0.15895087490701695	0.18185848285408657	0.6162505214263495	7.467306740370785e-16	-3.335160879928093e-14	0.6162505214263495	2.401938456231729	347.6615711030257	344.3384288969743	17.163821351544293	NaN	0.20290181532927465	0.1733157797579075	-248.61137529067648	-0.011664792074012378	0.18531502147824278	0.012075332922876122	0	80.52581826803429	-12.22010359276938	27.641907599665046	68.83225830620043	104.97353697149127	147.22687818645994	220.572691773102	0.046173226203012216	1.0185261015668219	3.663473171025138	1.0185278614620104	14.076486796427021	1.0879603872020422	1.8928100499010825	1.0879603872020422	0.31734236726708803	1.0879603872020422	0.0587935604267602	1.1524403808451524	NaN	NaN	800000009	800000019	800000009	800000019	800000019	800001019	899999999	899999999	89999	89999	89	89	3	0	1	2	51	0	1	NaN	0	0	0	0	0	0	0	0	0	NaN	NaN	NaN	NaN	0	1012	0	0	0	0	101	0	5826	0	0	16	18000	18000	18000	18000	93	NaN	0.19945844614863403	0.10962215231706635	0.03755096105011463	0.06017735533171833	39.598490190959446	0.06480668490620635	0.0000015041454061636655	NaN	0.003162715134374275	0.04846675846461681	0.008125778847025594	0.0000587935604267602	NaN	393.1309922596622	15.596421454600376	95846.54896983507	11.460000038146973	12.91558324543633	95.83226808145312	96.0815296796163	95.58300672764247	0.49852307506485133	0.0002839642364205146	-1	0	2.053212645742463	51.08196847619275	1.0001012557281388	-321.0347459072514	9.000919107384151	-273.1499938964844	178
DATA	2025-05-28T193000_AIU-0547.ghg	2025-05-28	20:00:00	148.833	0	18000	18000	0.013229037429205382	1	NaN	9.647013467864204	0	NaN	0.9912789907322854	1	NaN	0.8543640362805802	1	NaN	0.022334927417021325	1	NaN	-0.00642904634302908	1	NaN	NaN	NaN	NaN	NaN	NaN	NaN	NaN	NaN	NaN	-6.465004789472799e-11	-2.5712263339192515e-12	-3.6605801257830733e-13	NaN	15.579398645418806	396.5314050631531	402.88515785820516	0.3	0	619.615319217627	15.770630094266703	16.023328074204056	0.1	1	0.08821283032293378	2.0943499627532183	2.12790841930861	0	0	NaN	NaN	NaN	NaN	9	290.0175488874647	288.83734882553154	95467.43077454285	1.1446214079548083	1014.0974243710859	0.0251540624760986	0.0014473032966229819	0.01129784739295829	1505.9853931046837	1776.8380825091629	0.009870379248930097	84.7564788220886	270.8526894044792	286.24528960278843	0.43750284488304714	0.2610378745904565	0.2001193041681911	0.5473547726586825	-1.398235877946653e-14	-4.149713950206841e-15	0.5473547726586825	1.1476799874089783	301.17741100814544	30.822588991854563	21.445232074200025	NaN	0.10750612060058252	0.05176862935880892	-10.879529629451591	-0.2665556415370672	9.73188533001964	0.07730688076428335	1	7.732489193568537	3	6	11	17	28	70	0.012965939670871599	1.0202914532237752	9.56454570257207	1.0196647381985506	0.910225220395944	1.08904803835372	0.7845053718402503	1.08904803835372	0.020508670536502998	1.08904803835372	-0.008904098433952741	1.1539810946727034	NaN	NaN	800000009	800000019	800000009	800000019	800000019	810000019	899999999	899999999	89999	89999	89	89	3	5	0	33	0	0	8	NaN	0	0	0	0	0	0	0	0	0	NaN	NaN	NaN	NaN	0	295	0	0	0	0	0	0	14118	0	0	0	18000	18000	18000	18000	93	NaN	0.05104078813095526	0.03839198273834527	0.01410448784831731	0.015411705617631182	44.54786412148125	0.004186335292102997	1.4228879565187326e-7	NaN	0.008239916347627786	0.020049779610487643	0.000524144689279092	-0.00000890409843395274	NaN	396.530996042947	15.770619560251028	95850.02611414931	11.463636232482063	13.087750775019327	95.92500263680353	96.17507898542615	95.67492560492622	0.5001544509083033	0.00028304616972551843	-1	0	2.08152454816677	47.69642450209891	1.0001275332421065	-304.4002452087351	9.001054688135783	-273.1499938964844	070
DATA	2025-05-28T200000_AIU-0547.ghg	2025-05-28	20:30:00	148.854	0	18000	18000	0.012121528833672667	1	NaN	11.73465091608322	1	NaN	7.519573260093493	1	NaN	9.158643210432604	1	NaN	0.1694210679677176	1	NaN	-0.021105204254980962	1	NaN	NaN	NaN	NaN	NaN	NaN	NaN	NaN	NaN	NaN	-2.3190109407524184e-10	-9.16098419706625e-12	-1.2909104694698403e-12	NaN	15.838169750641242	402.70012408490874	409.2099181664336	0.1	1	625.6685565657602	15.908202104909021	16.165363982237878	0.1	1	0.08816542772199937	2.092978540487897	2.1268123004018973	0.3	0	NaN	NaN	NaN	NaN	9	290.0005937152439	288.8028344021278	95491.83640204632	1.1449909271078884	1014.1744371664549	0.025144628647730524	0.010978485204308101	0.011400677689786613	1519.5109162674923	1772.9149763068901	0.009957002645063202	85.70692540669621	253.4040600393978	286.38220879629995	0.2410741432611323	0.10000979839845055	0.1923213873520909	0.3242008919756594	-3.452041774859788e-15	-1.4641912400632835e-14	0.3242008919756594	1.0145085468474342	309.468843478454	22.531156521546027	36.38560972108004	NaN	0.1028910683758628	0.053071978012699306	-7.842523011003974	-0.3697789596448696	1.5605474553136172	0.09821499363746351	1	3.1951229273297503	2	3	4	7	12	31	0.011761282643358932	1.030629838703617	11.910435537951217	1.026440491855829	6.856920491019333	1.0966399960364206	8.351549499867444	1.0966399960364206	0.1544910531989123	1.0966399960364206	-0.023217475520183762	1.1637199028043483	NaN	NaN	800000009	800000019	800000009	800000019	800000019	800011019	899999999	899999999	89999	89999	89	89	4	0	0	16	4	0	0	NaN	0	0	0	0	0	0	0	0	0	NaN	NaN	NaN	NaN	0	493	0	0	0	0	0	0	13323	0	0	0	18000	18000	18000	18000	93	NaN	0.01907239657965719	0.06994318022078815	0.017128379224953274	0.014798591804254474	164.24073582517255	0.01452836473099094	2.574767913556062e-7	NaN	0.01025682481482578	0.21339220776472312	0.0039474335777494275	-0.00002321747552018376	NaN	402.6988528671446	15.908181441903842	95880.78132552083	11.470000267028809	13.225282428794428	95.94522597100999	96.19526713943482	95.69517462963528	0.5001047244369982	0.0002826656079107326	-1	0	2.0809283855133587	48.90111897870565	1.0001383555730183	-273.1499938964844	9.001160169654423	-273.1499938964844	031
DATA	2025-05-28T203000_AIU-0547.ghg	2025-05-28	21:00:00	148.874	0	18000	18000	0.035577012335638536	1	NaN	8.546861738860889	1	NaN	-0.3198438403381805	1	NaN	-2.062095954416089	1	NaN	-0.007206738633546775	1	NaN	0.010641862677542148	1	NaN	NaN	NaN	NaN	NaN	NaN	NaN	NaN	NaN	NaN	-3.959407906428146e-11	-1.57502039453047e-12	-2.218246797091675e-13	NaN	15.787141806701909	401.25366159010525	407.7621761788078	0.1	0	627.9997137079861	15.96154564823725	16.220449086770646	0.8	0	0.08844700413689019	2.100269245540605	2.1343365559064065	0	1	NaN	NaN	NaN	NaN	9	290.07769030507404	288.8663905213151	95524.21081120952	1.1451038679800278	1014.2057888071139	0.025141638443270848	-0.000466996663453831	0.011440267035833484	1525.1230397788154	1780.1450268507788	0.00999059330400674	85.67408928905539	255.0219870719634	286.43870602123826	-0.15424042188247553	0.15260674752002912	0.1748525413121167	0.27866169154448817	2.7722416372188016e-14	-2.5079954021489247e-15	0.27866169154448817	1.6445520465261063	196.69495641151173	135.30504358848827	38.863891534552494	NaN	0.17626346219775021	0.08083561927559779	-54.14805718348411	-0.053556861517176264	-26.721983233518067	0.0417516281032695	1	0.8894516495690232	1	1	1	2	4	15	0.034389179685872205	1.0345408835167509	8.330473911617236	1.0290299509954421	-0.29083412225575556	1.0997466110833933	-1.8750646136428248	1.0997466110833933	-0.00655309010358959	1.0997466110833933	0.007090928039641795	1.1675617518148897	NaN	NaN	800000009	800000009	800000009	800000019	800001019	800101019	899999999	899999999	89999	89999	89	89	5	10	0	14	16	0	17	NaN	0	0	0	0	0	0	0	0	0	NaN	NaN	NaN	NaN	0	52	0	0	0	0	101	0	16511	0	0	21	18000	18000	18000	18000	93	NaN	0.023403799850677896	0.10518161953139857	0.033085819169119124	0.02029741489897088	51.18916194518799	0.010519354842694935	8.46604751706792e-8	NaN	0.007172965499119944	-0.047907072615282806	-0.00016742855748167777	0.000007090928039641795	NaN	401.25172370907694	15.961529262652142	95913.96467404513	11.470000267028809	13.28187666077083	95.95272057469685	96.20340425406562	95.70203616841634	0.5013765223854117	0.0002825222370770967	-1	0	2.0863957397262256	63.69847867484968	1.0001441711088022	-273.1499938964844	9.001165129846997	-273.1499938964844	092
DATA	2025-05-28T210000_AIU-0547.ghg	2025-05-28	21:30:00	148.895	0	18000	18000	0.0438687739831057	1	NaN	-5.268422072337581	2	NaN	-18.660519130334592	1	NaN	-54.11215373990322	1	NaN	-0.42044390818250527	1	NaN	0.07809707739557138	1	NaN	NaN	NaN	NaN	NaN	NaN	NaN	NaN	NaN	NaN	-7.425756102765582e-10	-2.9129344825303756e-11	-4.099613680024571e-12	NaN	16.02308897894093	407.33812364964734	413.9526037308062	0.1	1	628.5448613916438	15.978834343702346	16.23830350543851	0.1	1	0.08846031820228077	2.100207673667339	2.1343114832968	0.4	0	NaN	NaN	NaN	NaN	9	290.01591517300074	288.82705733169803	95534.7191171279	1.1453782640934922	1014.2148364703482	0.02513544998977466	-0.02724476525022634	0.011455478215991775	1526.9429272832244	1775.6674963308649	0.010001480362523026	85.99261575933612	248.72456904764044	286.45698756670896	-0.06956104638571182	-0.06115599035617229	0.16851214503016929	0.19228920238374744	2.2879210805225468e-14	-4.634409827296858e-14	0.19228920238374744	1.1830798718195563	110.67903228548289	221.32096771451705	61.20484479549337	NaN	0.1957056121961205	0.0736970400747004	120.24501345213677	0.024117424221956094	0.28232987708113755	-0.02317386027179985	1	0.2610275607248395	1	1	1	5	NaN	NaN	0.0428503653411277	1.023766626815677	-6.2163946710084454	1.0211289028324142	-16.833719694981422	1.1085202479579004	-48.8147635007911	1.1085202479579004	-0.37928392283049484	1.1085202479579004	0.0718047572167268	1.1960974620868772	NaN	NaN	800000009	800000019	800000009	800000019	800000019	800000019	899999999	899999999	89999	89999	89	89	0	0	0	9	5	0	12	NaN	0	0	0	0	0	0	0	0	0	NaN	NaN	NaN	NaN	0	827	0	0	0	0	0	0	11116	0	0	0	18000	18000	18000	18000	93	NaN	0.027785667950979205	0.041032777625483206	0.07857563457293838	0.01919582717601937	94.1813407943819	0.004916104689717338	3.1817463350382533e-7	NaN	-0.005351304734032666	-1.2469105686036184	-0.009688321687169881	0.0000718047572167268	NaN	407.33777128107585	15.978823107423718	95925.90747873264	11.470000267028809	13.300715841505255	95.9351531024509	96.18505976782905	95.68524229049683	0.49982418278356394	0.0002825904139867311	-1	0	2.107837681040943	57.95654935958881	1.0001169920994175	-300.927995062937	9.000965470658409	-273.1499938964844	087
DATA	2025-05-28T213000_AIU-0547.ghg	2025-05-28	22:00:00	148.916	0	18000	18000	0.03605432791704443	1	NaN	20.027464162501094	1	NaN	16.142526879243395	1	NaN	-40.527149647691246	1	NaN	0.36365229763038137	1	NaN	0.020157718792961812	1	NaN	NaN	NaN	NaN	NaN	NaN	NaN	NaN	NaN	NaN	3.2289913720553143e-10	1.2247835861152163e-11	1.7331622276888254e-12	NaN	16.507593428578815	419.4321333685281	426.21293117155085	0.1	1	626.1469031029789	15.909413598465981	16.16661496238979	0.1	1	0.08860456440998803	2.101955577372727	2.13593708386016	0	1	NaN	NaN	NaN	NaN	9	289.847651485867	288.66067579165303	95547.16617757111	1.1462180361298566	1014.1725986805154	0.02511769793435449	0.02356466888644871	0.011413770430143876	1520.5071354487584	1756.8364315441493	0.009957765512643525	86.5480193914426	236.32929609539087	286.3922511123965	0.056935177424973386	-0.257236778375522	0.1546094968972814	0.3054774477899208	5.8172465238218e-15	1.9560642718914526e-14	0.3054774477899208	0.9317011654628102	49.5197122695364	282.4802877304636	30.406000779492537	NaN	0.17735567242178127	0.06704510809654438	-23.544033266634454	-0.12317345830927573	1.2406647554202361	0.09714082100827778	1	1.0576691376288845	1	1	2	3	5	12	0.03493259864744571	1.0321112460289508	20.491918898638627	1.0274199535066093	14.704325509242295	1.0978080476453767	-36.91642608615916	1.0978080476453767	0.3312530805456907	1.0978080476453767	0.01125509600742345	1.1651684033048137	NaN	NaN	800000009	800000009	800000009	800000019	800000019	800010019	899999999	899999999	89999	89999	89	89	0	0	0	34	0	0	0	NaN	0	0	0	0	0	0	0	0	0	NaN	NaN	NaN	NaN	0	211	0	0	0	0	0	0	11425	0	0	0	18000	18000	18000	18000	93	NaN	0.05412212673263037	0.05335281510586483	0.02661527435459354	0.026186418234087436	285.2290482127174	0.011998328723333198	4.124778619160856e-7	NaN	0.017628019328002134	-0.9422503102299477	0.008454862807692679	0.00001125509600742345	NaN	419.43242282380976	15.90939537568439	95934.39334027778	11.470000267028809	13.235146537568825	95.94905192989773	96.19880419752333	95.699290342119	0.49952040905919337	0.00028223097450002865	-1	0	2.0894394177220494	53.31367567356398	1.0001390067487954	-273.1499938964844	9.001099988089667	-273.1499938964844	215
DATA	2025-05-28T220000_AIU-0547.ghg	2025-05-28	22:30:00	148.937	0	18000	18000	0.028622779260684773	1	NaN	7.620017632874671	1	NaN	-3.901701821895988	1	NaN	-18.921572123999997	1	NaN	-0.08788502220147451	1	NaN	-0.006302219812142817	1	NaN	NaN	NaN	NaN	NaN	NaN	NaN	NaN	NaN	NaN	-2.0892977282753896e-10	-7.610022077451696e-12	-1.0794428994443888e-12	NaN	17.106670009869415	434.3223921057616	441.30367683899374	0.1	1	623.0904034641626	15.819684039884338	16.073969153154085	0.1	1	0.08838220242805844	2.095346640995032	2.129027178267551	-0.1	0	NaN	NaN	NaN	NaN	9	289.7311985397339	288.53136404364363	95558.77511735553	1.1469102148059414	1014.1195969302106	0.025103395870372247	-0.005694949438655548	0.011355862479925457	1512.1151297003032	1742.322196192193	0.009901265446351337	86.78734237588189	230.2070664918897	286.30747451191223	0.16603852762672028	-0.25352740339825885	0.16523962755937982	0.34517976685529195	-3.061809592686462e-14	-1.2213351441689137e-14	0.34517976685529195	1.538645791735568	28.778668146894688	303.2213318531053	28.600923287061672	NaN	0.15797602805076882	0.1197365296347652	-43.73397687361817	-0.06630999985161147	-1.952998455728175	0.04147116065475627	1	1.7832254054292018	1	1	3	4	8	23	0.02781224138802967	1.029143205732565	7.250818886335464	1.0254590801005092	-3.5616362079471413	1.0954801653212227	-17.272400471487963	1.0954801653212227	-0.08022511496198964	1.0954801653212227	-0.007803965412247638	1.1622759021753037	NaN	NaN	800000009	800000009	800000009	800000019	800000019	800000119	899999999	899999999	89999	89999	89	89	4	0	0	26	0	0	4	NaN	0	0	0	0	0	0	0	0	0	NaN	NaN	NaN	NaN	0	251	0	0	0	0	101	0	14022	0	0	16	18000	18000	18000	18000	93	NaN	0.07027798460625663	0.1484183173981802	0.02077675726509353	0.014238224518571112	139.5407919133934	0.00301216312183783	1.3516226201424199e-7	NaN	0.006234023878015346	-0.44056741347828265	-0.0020463033759057364	-0.000007803965412247638	NaN	434.3221269437252	15.819674411928181	95946.54737413194	11.470000267028809	13.150595647599959	95.9646353547838	96.2141637357076	95.71510510041979	0.49906056653377084	0.00028247968717348866	-1	0	2.082494061973359	57.27275544759883	1.0001500266691048	-273.1499938964844	9.001194199721018	-273.1499938964844	051
DATA	2025-05-28T223000_AIU-0547.ghg	2025-05-28	23:00:00	148.958	0	18000	18000	0.043539861894280905	1	NaN	11.218572604626402	1	NaN	-3.278844884251393	1	NaN	-63.39883183783335	1	NaN	-0.0738542637458566	1	NaN	0.021939625629846065	2	NaN	NaN	NaN	NaN	NaN	NaN	NaN	NaN	NaN	NaN	6.412825718415971e-10	2.3099809694216056e-11	3.2807529787787697e-12	NaN	17.270456770000553	438.4425015260529	445.47804937527326	0.1	1	622.1037062858791	15.793253694737164	16.04668303080165	0.1	1	0.08835434640042715	2.0945198264826073	2.128129922239903	0	1	NaN	NaN	NaN	NaN	9	289.71548213280573	288.51678961241436	95561.25716572338	1.1470094745961803	1014.1044191063361	0.02510147584891764	-0.004785756290731508	0.011337757117083411	1509.628010947295	1740.6929480819622	0.00988462377006521	86.72569235204443	231.06493713466716	286.2822699833238	0.12270415790959548	-0.1456753467155512	0.17481226726984517	0.25852842357664046	9.711435971065872e-15	3.713176671479411e-14	0.25852842357664046	1.0014116860941957	21.89214767560827	310.10785232439173	42.54600691631035	NaN	0.19483187987497597	0.08766621215253373	-55.724958907799774	-0.05204131248976281	-3.421501474043583	0.04950258766191	1	0.5974668116750563	1	1	1	2	5	NaN	0.04200023199815227	1.036657652181454	10.760411274658455	1.0304357522595284	-2.976832104574642	1.1014544217030693	-57.55919681161754	1.1014544217030693	-0.06705158406070322	1.1014544217030693	0.01669353812595745	1.1696633976073711	NaN	NaN	800000009	800000009	800000009	800000019	800000019	800000019	899999999	899999999	89999	89999	89	89	1	0	0	24	0	0	6	NaN	0	0	0	0	0	0	0	0	0	NaN	NaN	NaN	NaN	0	751	0	0	0	0	0	0	13227	0	0	0	18000	18000	18000	18000	93	NaN	0.061209406157814755	0.07891862948552204	0.035204388661730646	0.014223863206802807	226.1341661554632	0.0016022070574216592	2.285244807209039e-7	NaN	0.009250797840431589	-1.4680116887219965	-0.0017101091502473948	0.00001669353812595745	NaN	438.4421236021368	15.793245351475484	95950.9682298177	11.470000267028809	13.125781715393067	95.96419352255927	96.2135724550883	95.71480883492364	0.49876915845440495	0.0002820633828960127	-1	0	2.083271846848284	54.10551302870128	1.0001375847392613	-273.1499938964844	9.001159144586987	-273.1499938964844	177
DATA	2025-05-28T230000_AIU-0547.ghg	2025-05-28	23:30:00	148.979	0	18000	18000	0.04320254942094072	1	NaN	24.490003420405404	1	NaN	28.239097635617718	1	NaN	-12.121144830245942	2	NaN	0.6360787067535922	1	NaN	0.036472044386158864	1	NaN	NaN	NaN	NaN	NaN	NaN	NaN	NaN	NaN	NaN	-7.636033950147159e-10	-2.7337029046190182e-11	-3.873809203666695e-12	NaN	17.415324537538602	442.1475314838614	449.2588030521961	0.1	1	623.4692457363243	15.828897553084703	16.083481331376003	0.1	1	0.08834906303298891	2.0945315904696056	2.1282189502029007	0	1	NaN	NaN	NaN	NaN	9	289.7288260735405	288.5295739749605	95572.2369881543	1.1470748823205885	1014.1247908454089	0.025099704198878855	0.04121790019763277	0.011364147423160944	1513.208941634795	1742.1220157267742	0.009907066747177585	86.86010095587469	228.91307409197907	286.31854768978997	0.03782992205112437	-0.16541449804945935	0.1630596799828451	0.23533278225407292	-7.008627683700332e-16	-4.3846635953798875e-14	0.23533278225407292	0.833625268671806	49.118120785861606	282.8818792141384	43.859297655510986	NaN	0.1940701773829004	0.07739243620966355	-25.23093365650557	-0.11493827535202054	0.8672374640440488	0.10847929985085529	1	0.47896882748359143	1	1	1	2	6	NaN	0.04156125650875995	1.0394909357910012	25.407748209067513	1.0323206840488932	25.584404109162293	1.1037621792998777	-10.981663493792158	1.1037621792998777	0.5762823900679948	1.1037621792998777	0.02386047106204833	1.172497551808811	NaN	NaN	800000009	800000009	800000009	800000019	800000019	800000019	899999999	899999999	89999	89999	89	89	0	3	0	18	0	0	12	NaN	0	0	0	0	0	0	0	0	0	NaN	NaN	NaN	NaN	0	615	0	0	0	0	0	0	11112	0	0	0	18000	18000	18000	18000	93	NaN	0.038939128353277924	0.06931463578805133	0.04653110827799785	0.022864918629284057	128.5066466004484	0.01086981158410115	1.383026361122005e-7	NaN	0.021841527485189683	-0.2800709081816658	0.014697220730418691	0.000023860471062048328	NaN	442.1475882215221	15.828880543933728	95963.52246896701	11.470000267028809	13.162003561973563	95.95954046758015	96.20889641274346	95.71019044346279	0.498706959389978	0.0002820227335113385	-1	0	2.0823266671244944	56.187254249301475	1.000135643909375	-273.1499938964844	9.001162014855279	-273.1499938964844	191
