DATAH	filename	date	time	DOY	daytime	file_records	used_records	Tau	qc_Tau	rand_err_Tau	H	qc_H	rand_err_H	LE	qc_LE	rand_err_LE	co2_flux	qc_co2_flux	rand_err_co2_flux	h2o_flux	qc_h2o_flux	rand_err_h2o_flux	ch4_flux	qc_ch4_flux	rand_err_ch4_flux	none_flux	qc_none_flux	rand_err_none_flux	H_strg	LE_strg	co2_strg	h2o_strg	ch4_strg	none_strg	co2_v-adv	h2o_v-adv	ch4_v-adv	none_v-adv	co2_molar_density	co2_mole_fraction	co2_mixing_ratio	co2_time_lag	co2_def_timelag	h2o_molar_density	h2o_mole_fraction	h2o_mixing_ratio	h2o_time_lag	h2o_def_timelag	ch4_molar_density	ch4_mole_fraction	ch4_mixing_ratio	ch4_time_lag	ch4_def_timelag	none_molar_density	none_mole_fraction	none_mixing_ratio	none_time_lag	none_def_timelag	sonic_temperature	air_temperature	air_pressure	air_density	air_heat_capacity	air_molar_volume	ET	water_vapor_density	e	es	specific_humidity	RH	VPD	Tdew	u_unrot	v_unrot	w_unrot	u_rot	v_rot	w_rot	wind_speed	max_wind_speed	wind_dir	yaw	pitch	roll	u*	TKE	L	(z-d)/L	bowen_ratio	T*	model	x_peak	x_offset	x_10%	x_30%	x_50%	x_70%	x_90%	un_Tau	Tau_scf	un_H	H_scf	un_LE	LE_scf	un_co2_flux	co2_scf	un_h2o_flux	h2o_scf	un_ch4_flux	ch4_scf	un_none_flux	un_none_scf	spikes_hf	amplitude_resolution_hf	drop_out_hf	absolute_limits_hf	skewness_kurtosis_hf	skewness_kurtosis_sf	discontinuities_hf	discontinuities_sf	timelag_hf	timelag_sf	attack_angle_hf	non_steady_wind_hf	u_spikes	v_spikes	w_spikes	ts_spikes	co2_spikes	h2o_spikes	ch4_spikes	none_spikes	head_detect_LI-7200	t_out_LI-7200	t_in_LI-7200	aux_in_LI-7200	delta_p_LI-7200	chopper_LI-7200	detector_LI-7200	pll_LI-7200	sync_LI-7200	chopper_LI-7500	detector_LI-7500	pll_LI-7500	sync_LI-7500	not_ready_LI-7700	no_signal_LI-7700	re_unlocked_LI-7700	bad_temp_LI-7700	laser_temp_unregulated_LI-7700	block_temp_unregulated_LI-7700	motor_spinning_LI-7700	pump_on_LI-7700	top_heater_on_LI-7700	bottom_heater_on_LI-7700	calibrating_LI-7700	motor_failure_LI-7700	bad_aux_tc1_LI-7700	bad_aux_tc2_LI-7700	bad_aux_tc3_LI-7700	box_connected_LI-7700	mean_value_RSSI_LI-7200	mean_value_LI-7500	u_var	v_var	w_var	ts_var	co2_var	h2o_var	ch4_var	none_var	w/ts_cov	w/co2_cov	w/h2o_cov	w/ch4_cov	w/none_cov	co2_mean	h2o_mean	air_p_mean	vin_sf_mean	dew_point_mean	avg_signal_strength_7200_mean	co2_signal_strength_7200_mean	h2o_signal_strength_7200_mean	delta_signal_strength_7200_mean	flowrate_mean	hit_power_mean	hit_vin_mean	ch4_mean	rssi_77_mean	ch4_aux-1_mean	ch4_aux-2_mean	ch4_aux-3_mean	ch4_aux-4_mean	CHK
DATAU		[yyyy-mm-dd]	[HH:MM]	[ddd.ddd]	[1=daytime]	[#]	[#]	[kg+1m-1s-2]	[#]	[kg+1m-1s-2]	[W+1m-2]	[#]	[W+1m-2]	[W+1m-2]	[#]	[W+1m-2]	[µmol+1s-1m-2]	[#]	[µmol+1s-1m-2]	[mmol+1s-1m-2]	[#]	[mmol+1s-1m-2]	[µmol+1s-1m-2]	[#]	[µmol+1s-1m-2]	[µmol+1s-1m-2]	[#]	[µmol+1s-1m-2]	[W+1m-2]	[W+1m-2]	[µmol+1s-1m-2]	[mmol+1s-1m-2]	[µmol+1s-1m-2]	[µmol+1s-1m-2]	[µmol+1s-1m-2]	[mmol+1s-1m-2]	[µmol+1s-1m-2]	[µmol+1s-1m-2]	[mmol+1m-3]	[µmol+1mol_a-1]	[µmol+1mol_d-1]	[s]	[1=default]	[mmol+1m-3]	[mmol+1mol_a-1]	[mmol+1mol_d-1]	[s]	[1=default]	[mmol+1m-3]	[µmol+1mol_a-1]	[µmol+1mol_d-1]	[s]	[1=default]	[mmol+1m-3]	[µmol+1mol_a-1]	[µmol+1mol_d-1]	[s]	[1=default]	[K]	[K]	[Pa]	[kg+1m-3]	[J+1kg-1K-1]	[m+3mol-1]	[mm]	[kg+1m-3]	[Pa]	[Pa]	[kg+1kg-1]	[%]	[Pa]	[K]	[m+1s-1]	[m+1s-1]	[m+1s-1]	[m+1s-1]	[m+1s-1]	[m+1s-1]	[m+1s-1]	[m+1s-1]	[deg_from_north]	[deg]	[deg]	[deg]	[m+1s-1]	[m+2s-2]	[m]	[#]	[#]	[K]	[0=KJ/1=KM/2=HS]	[m]	[m]	[m]	[m]	[m]	[m]	[m]	[kg+1m-1s-2]	[#]	[W+1m-2]	[#]	[W+1m-2]	[#]	[µmol+1s-1m-2]	[#]	[mmol+1s-1m-2]	[#]	[µmol+1s-1m-2]	[#]	[µmol+1s-1m-2]	[#]	8u/v/w/ts/co2/h2o/ch4/none	8u/v/w/ts/co2/h2o/ch4/none	8u/v/w/ts/co2/h2o/ch4/none	8u/v/w/ts/co2/h2o/ch4/none	8u/v/w/ts/co2/h2o/ch4/none	8u/v/w/ts/co2/h2o/ch4/none	8u/v/w/ts/co2/h2o/ch4/none	8u/v/w/ts/co2/h2o/ch4/none	8co2/h2o/ch4/none	8co2/h2o/ch4/none	8aa	8U	[#]	[#]	[#]	[#]	[#]	[#]	[#]	[#]	[#_flagged_recs]	[#_flagged_recs]	[#_flagged_recs]	[#_flagged_recs]	[#_flagged_recs]	[#_flagged_recs]	[#_flagged_recs]	[#_flagged_recs]	[#_flagged_recs]	[#_flagged_recs]	[#_flagged_recs]	[#_flagged_recs]	[#_flagged_recs]	[#_flagged_recs]	[#_flagged_recs]	[#_flagged_recs]	[#_flagged_recs]	[#_flagged_recs]	[#_flagged_recs]	[#_flagged_recs]	[#_flagged_recs]	[#_flagged_recs]	[#_flagged_recs]	[#_flagged_recs]	[#_flagged_recs]	[#_flagged_recs]	[#_flagged_recs]	[#_flagged_recs]	[#_flagged_recs]	[#]	[#]	[m+2s-2]	[m+2s-2]	[m+2s-2]	[K+2]	--	--	--	--	[m+1s-1K+1]	--	--	--	--	--	--	--	--	--	--	--	--	--	--	--	--	--	--	--	--	--	--	207
DATA	2025-09-08T233000_AIU-0547.ghg	2025-09-09	00:00:00	252	0	18000	18000	0.03315521311336681	0	NaN	57.0551479111401	0	NaN	NaN	NaN	NaN	NaN	NaN	NaN	NaN	NaN	NaN	-0.022072695672034195	0	NaN	NaN	NaN	NaN	NaN	NaN	NaN	NaN	NaN	NaN	NaN	NaN	2.6724310899827397e-13	NaN	NaN	NaN	NaN	NaN	0	NaN	NaN	NaN	NaN	0	0.09218814374009766	2.2668890945385898	2.2668890945385898	0	0	NaN	NaN	NaN	NaN	9	284.57941998291017	284.02819460974797	96032.06563107637	1.1779107787620127	1005.3436020323193	0.024589811689120666	NaN	NaN	NaN	NaN	NaN	NaN	NaN	NaN	1.2925524216738205	0.6769854386095943	0.2922426106069253	1.4880883005785137	6.082886181725927e-15	2.898888058226899e-15	1.4880883005785137	3.3118274550587503	304.3563144962911	27.643685503708927	11.325815175403608	NaN	0.16777208969214544	0.2706467853640228	-7.0021072159330595	-0.41416103903709833	NaN	0.28717604314932016	1	16.385809098689943	7	13	22	33	54	127	0.03282235763605763	1.0101411202997654	56.28802887286323	1.0136284580156385	NaN	1	NaN	1	NaN	1	-0.019224590322289535	1.148149078965937	NaN	NaN	800009909	800009909	800009909	800009909	800009909	800009909	899999999	899999999	89999	89999	89	89	5	3	0	33	0	0	0	NaN	0	0	0	0	0	0	0	0	0	NaN	NaN	NaN	NaN	0	0	0	0	0	0	0	0	13533	0	0	0	18000	18000	18000	18000	6	NaN	0.2112533373085147	0.26340306968024885	0.06663716373928205	0.19649196380203365	NaN	NaN	6.126927679336085e-8	NaN	0.047532332471213856	NaN	NaN	-0.000019224590322289536	NaN	NaN	NaN	96418.38812717012	11.40999984741211	NaN	0	0	0	0	0.000275887967025887	-1	0	2.1260711884697283	89.47885700374181	1.0001516421172354	-273.1499938964844	9.000936215003332	-273.1499938964844	109
DATA	2025-09-09T000000_AIU-0547.ghg	2025-09-09	00:30:00	252.02	0	18000	18000	0.028779148798532637	0	NaN	60.836134846883034	0	NaN	NaN	NaN	NaN	NaN	NaN	NaN	NaN	NaN	NaN	-0.022785819953410776	0	NaN	NaN	NaN	NaN	NaN	NaN	NaN	NaN	NaN	NaN	NaN	NaN	-2.513838445132022e-15	NaN	NaN	NaN	NaN	NaN	0	NaN	NaN	NaN	NaN	0	0.09249493010052375	2.272176931739198	2.272176931739198	0	0	NaN	NaN	NaN	NaN	9	284.2539065144857	283.6938638237847	96014.26122938367	1.1790802937952807	1005.336877445763	0.024565421361687503	NaN	NaN	NaN	NaN	NaN	NaN	NaN	NaN	1.3931563904954718	0.7080220584839635	0.32186420674072835	1.5955489748857778	2.2875925940903902e-15	-2.7178121464603253e-17	1.5955489748857778	3.483078536342844	305.0596695675462	26.940330432453774	11.637927109498428	NaN	0.15623102490892762	0.29665660019174833	-5.302055645267798	-0.5469576696329685	NaN	0.32850299811740763	1	18.500692587482146	8	15	24	37	59	136	0.028500847427503428	1.0097646700413774	60.02647218960208	1.0134884264849602	NaN	1	NaN	1	NaN	1	-0.019840895675012377	1.1484269826642572	NaN	NaN	800009909	800009909	800009909	800009909	800009909	800019909	899999999	899999999	89999	89999	89	89	9	0	0	36	0	0	0	NaN	0	0	0	0	0	0	0	0	0	NaN	NaN	NaN	NaN	0	0	0	0	0	0	0	0	14332	0	0	0	18000	18000	18000	18000	6	NaN	0.24603408851368225	0.2748217320606442	0.07245737980917023	0.16232723963113949	NaN	NaN	4.069059818152651e-8	NaN	0.05063931539853624	NaN	NaN	-0.000019840895675012378	NaN	NaN	NaN	96400.1811812066	11.42163789155748	NaN	0	0	0	0	0.0002756547969733623	-1	0	2.1299121978018016	89.06788825416568	1.000139008126325	-273.1499938964844	9.000825855016709	-273.1499938964844	092
DATA	2025-09-09T003000_AIU-0547.ghg	2025-09-09	01:00:00	252.041	0	18000	18000	0.02287609177728027	0	NaN	49.80110813122107	0	NaN	NaN	NaN	NaN	NaN	NaN	NaN	NaN	NaN	NaN	-0.020990236346221325	0	NaN	NaN	NaN	NaN	NaN	NaN	NaN	NaN	NaN	NaN	NaN	NaN	-4.5360669362624646e-13	NaN	NaN	NaN	NaN	NaN	0	NaN	NaN	NaN	NaN	0	0.09222547102271865	2.263546795588281	2.263546795588281	-0.1	0	NaN	NaN	NaN	NaN	9	283.98512323421903	283.42403030819366	96008.14844748264	1.1801276977749215	1005.33149859103	0.02454361870410706	NaN	NaN	NaN	NaN	NaN	NaN	NaN	NaN	1.3468018005120446	0.37846056701389397	0.2835223804534798	1.4274075910072013	1.867443302429448e-14	-4.918453531286447e-15	1.4274075910072013	2.7998066612659103	316.30427183814265	15.695728161857325	11.456709585424244	NaN	0.13922794512343845	0.22263723227006887	-4.583763663064749	-0.632667871462865	NaN	0.30149096349823823	1	17.835630780289446	8	14	23	35	57	129	0.022641005514691108	1.0103832076908696	49.126623081662025	1.0137295219424682	NaN	1	NaN	1	NaN	1	-0.018283620964787976	1.1480349754923251	NaN	NaN	800009909	800009909	800009909	800009909	800009909	800019909	899999999	899999999	89999	89999	89	89	4	1	0	31	0	0	0	NaN	0	0	0	0	0	0	0	0	0	NaN	NaN	NaN	NaN	0	0	0	0	0	0	0	0	14330	0	0	0	18000	18000	18000	18000	6	NaN	0.18273362826875283	0.2090654201738796	0.0534754160975053	0.14635785585522176	NaN	NaN	4.2383669524951867e-8	NaN	0.041407462654054525	NaN	NaN	-0.000018283620964787976	NaN	NaN	NaN	96393.29516167534	11.430000305175781	NaN	0	0	0	0	0.0002752325463904223	-1	0	2.1210858262909786	87.0327699766053	1.0001103085345693	-273.1499938964844	9.000695052809185	-273.1499938964844	159
DATA	2025-09-09T010000_AIU-0547.ghg	2025-09-09	01:30:00	252.062	0	18000	18000	0.017876647115950835	0	NaN	53.89396640402135	0	NaN	NaN	NaN	NaN	NaN	NaN	NaN	NaN	NaN	NaN	-0.012897787713620705	0	NaN	NaN	NaN	NaN	NaN	NaN	NaN	NaN	NaN	NaN	NaN	NaN	5.168532345351475e-13	NaN	NaN	NaN	NaN	NaN	0	NaN	NaN	NaN	NaN	0	0.09313372293205402	2.284802365439385	2.284802365439385	-0.1	0	NaN	NaN	NaN	NaN	9	283.86826315901016	283.30115875244144	96010.0498376736	1.1806629171033074	1005.3290636161505	0.02453249256562276	NaN	NaN	NaN	NaN	NaN	NaN	NaN	NaN	1.442713427374766	0.6429359185016345	0.2942696844051316	1.6066683777266477	-2.903145405316647e-15	5.549582023175637e-15	1.6066683777266477	2.9836597134305283	307.9801659384084	24.01983406159158	10.553596098372461	NaN	0.12304956201070952	0.23927448899847012	-2.924065805651198	-0.991769745535587	NaN	0.3689996160030672	1	21.0987395381337	9	17	27	40	64	142	0.017704398121265105	1.0097291641040786	53.17732034368281	1.0134765357807969	NaN	1	NaN	1	NaN	1	-0.011230502055362513	1.1484604739876318	NaN	NaN	800009909	800009909	800009909	800009909	800009919	800019919	899999999	899999999	89999	89999	89	89	2	0	1	50	0	0	5	NaN	0	0	6211	0	0	0	0	0	0	NaN	NaN	NaN	NaN	0	0	0	0	0	0	0	0	13004	17998	0	0	18000	18000	18000	18000	6	NaN	0.16529214497668102	0.25738451215488634	0.055872320865372936	0.15404081222009708	NaN	NaN	6.768747622695485e-8	NaN	0.04480147248432996	NaN	NaN	-0.000011230502055362513	NaN	NaN	NaN	96397.18487825521	11.393395895640055	NaN	0	0	0	0	0.0002713310557753884	-1	0	2.14076771337186	89.03289482282003	1.000133167770174	-273.1499938964844	9.000836846033732	-273.1499938964844	124
DATA	2025-09-09T013000_AIU-0547.ghg	2025-09-09	02:00:00	252.083	0	18000	18000	0.009370374585971878	0	NaN	43.77593111462746	0	NaN	NaN	NaN	NaN	NaN	NaN	NaN	NaN	NaN	NaN	-0.015859435733578998	0	NaN	NaN	NaN	NaN	NaN	NaN	NaN	NaN	NaN	NaN	NaN	NaN	-3.704318040188489e-13	NaN	NaN	NaN	NaN	NaN	0	NaN	NaN	NaN	NaN	0	0.09312825419401956	2.286086814521827	2.286086814521827	0	0	NaN	NaN	NaN	NaN	9	284.03074164666066	283.48966999308266	96014.31799565972	1.1799302672219696	1005.3328030666011	0.024547725438502133	NaN	NaN	NaN	NaN	NaN	NaN	NaN	NaN	0.9935003743949173	0.31651128914849247	0.2279816919939605	1.067332207874265	-2.848708826443782e-15	-3.977652187563901e-15	1.067332207874265	3.073988930285138	314.3290598207369	17.670940179263063	12.333379644343818	NaN	0.08911489615805666	0.20828454605250132	-1.3674705961364026	-2.1207037344667925	NaN	0.41411302631827857	1	14.249908336693926	6	11	18	27	42	92	0.00925510370092943	1.012454845322897	43.13791505379974	1.0147901459778947	NaN	1	NaN	1	NaN	1	-0.01381240379343269	1.1482024396882748	NaN	NaN	800009909	800009909	800009909	800009909	800009919	800009919	899999999	899999999	89999	89999	89	89	9	2	1	49	0	0	3	NaN	0	0	3944	0	0	0	0	0	0	NaN	NaN	NaN	NaN	0	0	0	0	0	0	0	0	14069	18000	0	0	18000	18000	18000	18000	6	NaN	0.16726751652631053	0.2029427500730393	0.04635882550565279	0.11314720920931029	NaN	NaN	4.134102299799994e-8	NaN	0.03636578408286579	NaN	NaN	-0.00001381240379343269	NaN	NaN	NaN	96404.77077322049	11.392485718727112	NaN	0	0	0	0	0.0002721643387986759	-1	0	2.142484222140577	89.40458133373266	1.0001559118943082	-273.1499938964844	9.000956718524296	-273.1499938964844	042
DATA	2025-09-09T020000_AIU-0547.ghg	2025-09-09	02:30:00	252.104	0	18000	18000	0.022106505070427267	0	NaN	43.3645635607528	0	NaN	NaN	NaN	NaN	NaN	NaN	NaN	NaN	NaN	NaN	-0.016002120429065236	0	NaN	NaN	NaN	NaN	NaN	NaN	NaN	NaN	NaN	NaN	NaN	NaN	2.994378897293935e-13	NaN	NaN	NaN	NaN	NaN	0	NaN	NaN	NaN	NaN	0	0.0932868527772112	2.2901687015297174	2.2901687015297174	0	0	NaN	NaN	NaN	NaN	9	284.0163745083279	283.47935827297636	96002.91666124132	1.1798330705249531	1005.3325979693443	0.024549747722748524	NaN	NaN	NaN	NaN	NaN	NaN	NaN	NaN	1.0557643190592867	0.32219648103998005	0.23594113375718626	1.1287679515258664	2.7106974792373357e-15	3.209861634463269e-15	1.1287679515258664	3.131527171772142	315.02894218434693	16.971057815653065	12.065242303001336	NaN	0.13688307773287528	0.2208752311399036	-5.002416696835012	-0.5797197985995062	NaN	0.267088315051098	1	13.564817335144319	6	11	18	27	44	102	0.021844336562684766	1.0120016694940668	42.74315653950526	1.0145381640373987	NaN	1	NaN	1	NaN	1	-0.013938556402288874	1.1480471841716335	NaN	NaN	800009909	800009909	800009909	800009909	800009919	800019919	899999999	899999999	89999	89999	89	89	3	9	0	47	0	0	2	NaN	0	0	549	0	0	0	0	0	0	NaN	NaN	NaN	NaN	0	0	0	0	0	0	0	0	14726	603	0	0	18000	18000	18000	18000	6	NaN	0.1974988608628998	0.19479982936471324	0.04945177205219416	0.11577614844007697	NaN	NaN	2.5460335331941355e-8	NaN	0.03603597369387321	NaN	NaN	-0.000013938556402288873	NaN	NaN	NaN	96391.47291276042	11.399999618530273	NaN	0	0	0	0	0.0002742953889181889	-1	0	2.14604834189415	88.88822459567038	1.000159578030308	-273.1499938964844	9.00099353533321	-273.1499938964844	157
DATA	2025-09-09T023000_AIU-0547.ghg	2025-09-09	03:00:00	252.124	0	18000	18000	0.024060204627463087	0	NaN	46.94066506674491	0	NaN	NaN	NaN	NaN	NaN	NaN	NaN	NaN	NaN	NaN	-0.01218340523044368	0	NaN	NaN	NaN	NaN	NaN	NaN	NaN	NaN	NaN	NaN	NaN	NaN	3.2694229828276773e-13	NaN	NaN	NaN	NaN	NaN	0	NaN	NaN	NaN	NaN	0	0.09349328468584923	2.2946958947994394	2.2946958947994394	-0.1	0	NaN	NaN	NaN	NaN	9	283.9267167799208	283.3727922092014	95989.43801540798	1.1801110534161168	1005.3304821023501	0.02454396486881325	NaN	NaN	NaN	NaN	NaN	NaN	NaN	NaN	1.1867530905381931	0.587818072808953	0.25792591716914887	1.3492363630477313	-2.7470430985670282e-14	3.496960229617993e-15	1.3492363630477313	3.1154897532614925	305.6500387550814	26.34996124491856	11.020743202571255	NaN	0.14278685211323658	0.22715266808842557	-5.2448917250050275	-0.5529189451469982	NaN	0.27709538348781243	1	16.600328039349293	7	13	22	33	53	123	0.023804742324560837	1.0107315718615728	46.29773784574671	1.0138867955739066	NaN	1	NaN	1	NaN	1	-0.010613291214084837	1.1479384655228486	NaN	NaN	800009909	800009909	800009909	800009909	800009919	800019919	899999999	899999999	89999	89999	89	89	9	1	0	40	0	0	2	NaN	0	0	704	0	0	0	0	0	0	NaN	NaN	NaN	NaN	0	0	0	0	0	0	0	0	13834	0	0	0	18000	18000	18000	18000	6	NaN	0.17618354097879563	0.22267298014955852	0.055448815048497045	0.14013423532031133	NaN	NaN	4.5027338790523434e-8	NaN	0.039023663900207825	NaN	NaN	-0.000010613291214084837	NaN	NaN	NaN	96376.08021267361	11.399999618530273	NaN	0	0	0	0	0.0002736258508521132	-1	0	2.14974615950761	88.28428126036331	1.0001363856858678	-273.1499938990033	9.00083451212777	-273.1499938964844	182
DATA	2025-09-09T030000_AIU-0547.ghg	2025-09-09	03:30:00	252.145	0	18000	18000	0.012564681801839775	0	NaN	47.98196285681508	0	NaN	NaN	NaN	NaN	NaN	NaN	NaN	NaN	NaN	NaN	-0.014208027480917193	0	NaN	NaN	NaN	NaN	NaN	NaN	NaN	NaN	NaN	NaN	NaN	NaN	-2.713074994212709e-13	NaN	NaN	NaN	NaN	NaN	0	NaN	NaN	NaN	NaN	0	0.09343176577771116	2.291584910290195	2.291584910290195	-0.1	0	NaN	NaN	NaN	NaN	9	283.6730670225355	283.117183207194	95969.85791210938	1.1809355641600172	1005.3254345102814	0.02452682865635051	NaN	NaN	NaN	NaN	NaN	NaN	NaN	NaN	1.2748233018014545	0.47563484847013116	0.24022691652600978	1.3817061667803348	-9.2206308445869e-15	-2.9038036171418833e-15	1.3817061667803348	2.920093843154629	311.53952306002634	20.46047693997368	10.012470623094954	NaN	0.10314843580064922	0.21811765401491343	-1.9340406512773134	-1.4994514195369837	NaN	0.39181629334577467	1	18.72518421351485	8	15	24	35	56	122	0.012433121015197415	1.0105814772076576	47.32800598838539	1.0138175453364795	NaN	1	NaN	1	NaN	1	-0.012376643050786045	1.1479710146455937	NaN	NaN	800009909	800009909	800009909	800009909	800009909	800019919	899999999	899999999	89999	89999	89	89	13	2	1	52	0	0	2	NaN	0	0	0	0	0	0	0	0	0	NaN	NaN	NaN	NaN	0	0	0	0	0	0	0	0	14129	0	0	0	18000	18000	18000	18000	6	NaN	0.1914403302502759	0.19207168909294162	0.0527232886866093	0.13053453792358838	NaN	NaN	4.260928889453265e-8	NaN	0.03986440949432516	NaN	NaN	-0.000012376643050786046	NaN	NaN	NaN	96355.57469813369	11.399999618530273	NaN	0	0	0	0	0.00027228651890699306	-1	0	2.145869933781801	87.55674978790978	1.0001241418636508	-273.1499938964844	9.000736407968732	-273.1499938964844	120
DATA	2025-09-09T033000_AIU-0547.ghg	2025-09-09	04:00:00	252.166	0	18000	18000	0.0276530257193052	0	NaN	58.41584166563775	0	NaN	NaN	NaN	NaN	NaN	NaN	NaN	NaN	NaN	NaN	-0.02140652396953114	0	NaN	NaN	NaN	NaN	NaN	NaN	NaN	NaN	NaN	NaN	NaN	NaN	-1.5739302604135855e-13	NaN	NaN	NaN	NaN	NaN	0	NaN	NaN	NaN	NaN	0	0.09340209918919407	2.2897735308282323	2.2897735308282323	0	0	NaN	NaN	NaN	NaN	9	283.5344792471991	282.97211227107556	95966.08173956713	1.1814945021572252	1005.3225870276101	0.02451522557528495	NaN	NaN	NaN	NaN	NaN	NaN	NaN	NaN	1.3135371715688582	0.4815464691028913	0.290254061225687	1.4288157064704228	1.3768449272161047e-14	-1.6851122984136073e-15	1.4288157064704228	3.1080394785211243	311.8669197968368	20.133080203163193	11.720819821624946	NaN	0.1529873338905359	0.24887386976447112	-5.182962036715271	-0.5595256109261202	NaN	0.32146819889923317	1	16.28306876996337	7	13	21	32	52	121	0.027369008495282076	1.010377329674624	57.624827266316416	1.0137269721549986	NaN	1	NaN	1	NaN	1	-0.018646191698959542	1.1480373212469774	NaN	NaN	800009909	800009909	800009909	800009919	800009919	800019919	899999999	899999999	89999	89999	89	89	3	2	1	38	0	0	8	NaN	0	0	13066	0	0	0	0	0	0	NaN	NaN	NaN	NaN	0	1	0	0	0	0	0	0	12605	0	0	0	18000	18000	18000	18000	6	NaN	0.19024763017022436	0.23750943251667392	0.06999067684204399	0.15702784144348345	NaN	NaN	7.806246233786602e-8	NaN	0.0485146040611283	NaN	NaN	-0.000018646191698959543	NaN	NaN	NaN	96351.5319047309	11.399999618530273	NaN	0	0	0	0	0.0002707834742711079	-1	0	2.143766651742988	86.03625061514991	1.0001220297879643	-273.1499938964844	9.000706733968522	-273.1499938964844	129
DATA	2025-09-09T040000_AIU-0547.ghg	2025-09-09	04:30:00	252.187	0	18000	18000	0.009425075046364272	0	NaN	48.87240603581832	0	NaN	NaN	NaN	NaN	NaN	NaN	NaN	NaN	NaN	NaN	-0.015973163430531907	0	NaN	NaN	NaN	NaN	NaN	NaN	NaN	NaN	NaN	NaN	NaN	NaN	3.6866840667770905e-13	NaN	NaN	NaN	NaN	NaN	0	NaN	NaN	NaN	NaN	0	0.09342455869375309	2.288208592944426	2.288208592944426	-0.1	0	NaN	NaN	NaN	NaN	9	283.22882484520807	282.6956005986532	95960.94429730903	1.1825868397065804	1005.3171942516262	0.0244925812327913	NaN	NaN	NaN	NaN	NaN	NaN	NaN	NaN	1.1895486414370804	0.3236304676418914	0.2107803030931297	1.2506762115363694	-4.913569714170295e-15	3.946161607101714e-15	1.2506762115363694	2.8264266310534265	316.78038880206384	15.219611197936139	9.70253966815965	NaN	0.08927418366112022	0.13448429610417156	-1.2309410354318313	-2.3559211339336326	NaN	0.4604703601552915	1	16.542189851860563	7	13	21	31	48	105	0.00932031307023492	1.0112401778073223	48.191206312283384	1.0141353532244182	NaN	1	NaN	1	NaN	1	-0.013914984339727262	1.147910988654766	NaN	NaN	800009909	800009909	800009909	800009909	800009919	800019919	899999999	899999999	89999	89999	89	89	16	21	1	41	0	0	3	NaN	0	0	306	0	0	0	0	0	0	NaN	NaN	NaN	NaN	0	0	0	0	0	0	0	0	12436	0	0	0	18000	18000	18000	18000	6	NaN	0.10768107064332244	0.11531865897527685	0.045968862589743816	0.13492972409494106	NaN	NaN	3.406940317989214e-8	NaN	0.040535137023182795	NaN	NaN	-0.000013914984339727262	NaN	NaN	NaN	96346.30537434896	11.404970843421088	NaN	0	0	0	0	0.00027130799481852176	-1	0	2.1415891594025833	87.40579204036577	1.0001027944021754	-273.1499938964844	9.00057851325141	-273.1499938964844	046
DATA	2025-09-09T043000_AIU-0547.ghg	2025-09-09	05:00:00	252.208	0	18000	18000	0.009189420299745817	0	NaN	50.75623520447721	0	NaN	NaN	NaN	NaN	NaN	NaN	NaN	NaN	NaN	NaN	-0.013657329661263389	0	NaN	NaN	NaN	NaN	NaN	NaN	NaN	NaN	NaN	NaN	NaN	NaN	3.1215381323001235e-13	NaN	NaN	NaN	NaN	NaN	0	NaN	NaN	NaN	NaN	0	0.09338951878628489	2.2858003913463976	2.2858003913463976	0	0	NaN	NaN	NaN	NaN	9	283.04972056070966	282.5146101213621	95964.53585392644	1.1833887428263077	1005.3136890293512	0.024475984254478122	NaN	NaN	NaN	NaN	NaN	NaN	NaN	NaN	1.212799105913263	0.3516358081493518	0.20872406970193938	1.2798809124874886	-3.938654846370857e-15	3.342493004427548e-15	1.2798809124874886	2.80138814897243	315.8311500070703	16.168849992929726	9.385765367513299	NaN	0.08812118748595484	0.14979072849913505	-1.1399479448635765	-2.543975813164923	NaN	0.4841501050618506	1	16.73758024619701	8	13	21	31	49	105	0.009088711772373265	1.0110806162517634	50.0527317835345	1.0140552452558471	NaN	1	NaN	1	NaN	1	-0.011897586310893615	1.1479075927155515	NaN	NaN	800009909	800009909	800009909	800009919	800009919	800019919	899999999	899999999	89999	89999	89	89	11	1	0	58	0	0	1	NaN	0	0	1435	0	0	0	0	0	0	NaN	NaN	NaN	NaN	0	5	0	0	0	0	0	0	11975	0	0	0	18000	18000	18000	18000	6	NaN	0.12697910330330067	0.12680829910893654	0.04579405458603294	0.1370533000433535	NaN	NaN	4.2677208614889704e-8	NaN	0.04207254227922851	NaN	NaN	-0.000011897586310893615	NaN	NaN	NaN	96349.76290950521	11.420000076293945	NaN	0	0	0	0	0.00027031321280002066	-1	0	2.1390146788356486	85.88485812090596	1.0001113000147872	-273.1499938964844	9.000637474801806	-273.1499938964844	224
DATA	2025-09-09T050000_AIU-0547.ghg	2025-09-09	05:30:00	252.229	0	18000	18000	0.014302338483973605	0	NaN	59.17068656535789	0	NaN	NaN	NaN	NaN	NaN	NaN	NaN	NaN	NaN	NaN	-0.020490379204862453	0	NaN	NaN	NaN	NaN	NaN	NaN	NaN	NaN	NaN	NaN	NaN	NaN	-1.530759457537478e-13	NaN	NaN	NaN	NaN	NaN	0	NaN	NaN	NaN	NaN	0	0.09347102329600598	2.28640245016248	2.28640245016248	0	0	NaN	NaN	NaN	NaN	9	282.9588133884006	282.4022058105469	95984.79135698784	1.184109646638303	1005.3115219111297	0.024461082906109342	NaN	NaN	NaN	NaN	NaN	NaN	NaN	NaN	1.2955913379397346	0.277777742415724	0.26264607369421955	1.3508146983035962	-5.606626043060578e-15	-1.6376834269694867e-15	1.3508146983035962	2.7692676230926785	319.89885732696666	12.101142673033358	11.211737829556585	NaN	0.10990249867496242	0.16668846786354793	-1.8972038480424558	-1.5285653162638448	NaN	0.4522790412101947	1	16.706895472169723	7	13	21	32	50	109	0.014150586127920688	1.0107241039120982	58.36045128589441	1.0138832935937099	NaN	1	NaN	1	NaN	1	-0.01784969843737948	1.1479397972322636	NaN	NaN	800009909	800009909	800009909	800009909	800009909	800019919	899999999	899999999	89999	89999	89	89	14	2	0	49	0	0	4	NaN	0	0	11082	0	0	0	0	0	0	NaN	NaN	NaN	NaN	0	0	0	0	0	0	0	0	11048	0	0	0	18000	18000	18000	18000	6	NaN	0.11105440752499655	0.1717709328212248	0.05055159538087448	0.17395711907676506	NaN	NaN	7.469808818051341e-8	NaN	0.049025955000335034	NaN	NaN	-0.00001784969843737948	NaN	NaN	NaN	96369.71643576388	11.41418105422126	NaN	0	0	0	0	0.0002698547952168156	-1	0	2.139725473708575	84.21270325670596	1.0001164357297951	-273.1499938964844	9.00065827258428	-273.1499938964844	238
DATA	2025-09-09T053000_AIU-0547.ghg	2025-09-09	06:00:00	252.249	1	18000	18000	0.009326062700904646	0	NaN	51.587157824843494	0	NaN	NaN	NaN	NaN	NaN	NaN	NaN	NaN	NaN	NaN	-0.018026129368523665	0	NaN	NaN	NaN	NaN	NaN	NaN	NaN	NaN	NaN	NaN	NaN	NaN	8.977863111343509e-14	NaN	NaN	NaN	NaN	NaN	0	NaN	NaN	NaN	NaN	0	0.09332727702914013	2.281070783520621	2.281070783520621	0	0	NaN	NaN	NaN	NaN	9	282.73969383578833	282.20678502146404	95994.71070182291	1.185052065518328	1005.3077721445652	0.024441630101437423	NaN	NaN	NaN	NaN	NaN	NaN	NaN	NaN	1.1910224096790776	0.277712317482819	0.2497078622742627	1.2482037206005436	1.1384749578168825e-14	9.619763264431573e-16	1.2482037206005436	2.5101336505546152	318.874779109579	13.125220890421053	11.54010347765167	NaN	0.0887116076504149	0.15240612529608585	-1.14453236376633	-2.5337859302264953	NaN	0.4881178389135096	1	16.140010044175398	7	13	20	30	47	102	0.009222274820901823	1.011254043283073	50.86776477574615	1.0141424151870804	NaN	1	NaN	1	NaN	1	-0.01570341223997086	1.1479116190200147	NaN	NaN	800009909	800009909	800009909	800009909	800009909	800019909	899999999	899999999	89999	89999	89	89	4	0	0	58	0	0	0	NaN	0	0	5599	0	0	0	0	0	0	NaN	NaN	NaN	NaN	0	0	0	0	0	0	0	0	11603	0	0	0	18000	18000	18000	18000	6	NaN	0.12174071871938132	0.13687056287020372	0.04620096900258668	0.13444458767884124	NaN	NaN	3.480150180610136e-8	NaN	0.042697867246658604	NaN	NaN	-0.00001570341223997086	NaN	NaN	NaN	96382.81737478299	11.40999984741211	NaN	0	0	0	0	0.00026890168477095564	-1	0	2.134531705843078	86.13116550794705	1.0001168087058596	-273.1499938964844	9.000660081068675	-273.1499938964844	196
DATA	2025-09-09T060000_AIU-0547.ghg	2025-09-09	06:30:00	252.27	1	18000	18000	0.02418042333948551	1	NaN	53.90166089273815	0	NaN	NaN	NaN	NaN	NaN	NaN	NaN	NaN	NaN	NaN	-0.017843101750672528	0	NaN	NaN	NaN	NaN	NaN	NaN	NaN	NaN	NaN	NaN	NaN	NaN	2.2498275059652458e-12	NaN	NaN	NaN	NaN	NaN	0	NaN	NaN	NaN	NaN	0	0.09363258032956057	2.287303597599845	2.287303597599845	0	0	NaN	NaN	NaN	NaN	9	282.6484799073537	282.13592900000674	96022.18727734375	1.1856889639482873	1005.3064181560505	0.02442850116432949	NaN	NaN	NaN	NaN	NaN	NaN	NaN	NaN	1.1089824928725938	0.10995866001990193	0.2205215397056204	1.1360294124209462	-1.122189625740527e-14	2.4028254887844384e-14	1.1360294124209462	2.668581214936096	326.33747429741015	5.662525702589844	11.19309019721303	NaN	0.1428060350146067	0.17854712049319296	-4.570398035392248	-0.6345180392479999	NaN	0.3166550025509249	1	12.574056675742805	6	10	17	25	41	94	0.023894842811449338	1.011951554998275	53.1306957679197	1.0145107289425703	NaN	1	NaN	1	NaN	1	-0.015542323216200225	1.148033115929164	NaN	NaN	800009909	800009909	800009909	800009909	800009909	800019919	899999999	899999999	89999	89999	89	89	7	14	0	70	0	0	1	NaN	0	0	375	0	0	0	0	0	0	NaN	NaN	NaN	NaN	0	0	0	0	0	0	0	0	12039	0	0	0	18000	18000	18000	18000	6	NaN	0.14140500075352685	0.1667499209790966	0.04893931925376246	0.13818961851669323	NaN	NaN	3.291399850455815e-8	NaN	0.044573452100374576	NaN	NaN	-0.000015542323216200225	NaN	NaN	NaN	96412.81163823785	11.419151167975532	NaN	0	0	0	0	0.00026967085625316636	-1	0	2.14075698358549	86.04497267756287	1.0001120745076073	-273.1499938964844	9.000660780005985	-273.1499938964844	043
DATA	2025-09-09T063000_AIU-0547.ghg	2025-09-09	07:00:00	252.291	1	18000	18000	0.0036168005312522842	0	NaN	60.22741117492529	0	NaN	NaN	NaN	NaN	NaN	NaN	NaN	NaN	NaN	NaN	-0.0147033483725613	1	NaN	NaN	NaN	NaN	NaN	NaN	NaN	NaN	NaN	NaN	NaN	NaN	-1.750199255767216e-14	NaN	NaN	NaN	NaN	NaN	0	NaN	NaN	NaN	NaN	0	0.09384003373123095	2.2894679793402624	2.2894679793402624	0.1	0	NaN	NaN	NaN	NaN	9	282.33427440388994	281.8231728255911	96037.3795552297	1.1871925980521694	1005.3004773597854	0.02439756134250305	NaN	NaN	NaN	NaN	NaN	NaN	NaN	NaN	1.3046899321857466	0.3096919962782047	0.22601690119560452	1.3598560921405325	-2.055373097097919e-14	-1.8650880505648532e-16	1.3598560921405325	2.6705764086271	318.6469261670375	13.35307383296246	9.567328802772554	NaN	0.05519524797257141	0.1613643298001457	-0.23619671285961724	-12.277901605360636	NaN	0.9142720389495254	1	15.074542638064445	7	12	19	27	42	88	0.0035785753288296485	1.0106816816498696	59.40386632390385	1.0138634890619913	NaN	1	NaN	1	NaN	1	-0.012808373920528459	1.14794808956941	NaN	NaN	800009909	800009909	800009909	800009919	800009919	800019919	899999999	899999999	89999	89999	89	89	2	0	0	53	0	0	9	NaN	0	0	2835	0	0	0	0	0	0	NaN	NaN	NaN	NaN	0	3	0	0	0	0	0	0	10740	0	0	0	18000	18000	18000	18000	6	NaN	0.14579401405364137	0.1244206701850321	0.05251397536161792	0.1437965489875406	NaN	NaN	6.4801756440029e-8	NaN	0.049773438385571446	NaN	NaN	-0.000012808373920528458	NaN	NaN	NaN	96426.66351215278	11.415028851403132	NaN	0	0	0	0	0.0002706833137490321	-1	0	2.1424222464702742	84.95146162938833	1.000105083760288	-273.1499938964844	9.000640002038743	-273.1499938964844	182
DATA	2025-09-09T070000_AIU-0547.ghg	2025-09-09	07:30:00	252.312	1	18000	18000	0.005525447086027494	0	NaN	56.54582622342102	0	NaN	NaN	NaN	NaN	NaN	NaN	NaN	NaN	NaN	NaN	-0.014335235426362163	0	NaN	NaN	NaN	NaN	NaN	NaN	NaN	NaN	NaN	NaN	NaN	NaN	-3.209233083222505e-13	NaN	NaN	NaN	NaN	NaN	0	NaN	NaN	NaN	NaN	0	0.09397176195393106	2.2919328405798454	2.2919328405798454	0.1	0	NaN	NaN	NaN	NaN	9	282.2592321980794	281.77136814214725	96051.10449528047	1.187580563529457	1005.299498945165	0.024389591010365943	NaN	NaN	NaN	NaN	NaN	NaN	NaN	NaN	1.1743830073928514	0.21503997505392286	0.21146500350461817	1.212491272806315	2.7015762890144663e-14	-3.415103661455031e-15	1.212491272806315	2.7212200788422822	321.6235838736781	10.376416126321882	10.044056876309444	NaN	0.06821064740905061	0.15457992019029995	-0.47485698258116693	-6.107101940960308	NaN	0.6943682194235785	1	14.488450782900726	7	11	18	27	41	87	0.005462836311439524	1.0114612210614584	55.75141829115794	1.0142491071368684	NaN	1	NaN	1	NaN	1	-0.012487886964895467	1.147931228610553	NaN	NaN	800009909	800009909	800009909	800009919	800009919	800019919	899999999	899999999	89999	89999	89	89	4	2	1	56	0	0	9	NaN	0	0	874	0	0	0	0	0	0	NaN	NaN	NaN	NaN	0	3	0	0	0	0	0	0	11779	0	0	0	18000	18000	18000	18000	6	NaN	0.15066413923574118	0.10946193639913897	0.04903376474571976	0.14896518116411428	NaN	NaN	3.478457245242927e-8	NaN	0.04669790237316969	NaN	NaN	-0.000012487886964895467	NaN	NaN	NaN	96442.68449001736	11.399999618530273	NaN	0	0	0	0	0.0002699604715097747	-1	0	2.1449173282649787	85.67892726424873	1.0001176344007254	-273.1499938964844	9.000686519728767	-273.1499938964844	096
DATA	2025-09-09T073000_AIU-0547.ghg	2025-09-09	08:00:00	252.333	1	18000	18000	0.010838113695892567	0	NaN	49.463412557013804	0	NaN	NaN	NaN	NaN	NaN	NaN	NaN	NaN	NaN	NaN	-0.007549012269551685	0	NaN	NaN	NaN	NaN	NaN	NaN	NaN	NaN	NaN	NaN	NaN	NaN	-1.0279563944411568e-12	NaN	NaN	NaN	NaN	NaN	0	NaN	NaN	NaN	NaN	0	0.09379922999422502	2.289826563198605	2.289826563198605	0.1	0	NaN	NaN	NaN	NaN	9	282.56417318301726	282.10172244262696	96075.4532860243	1.1864905482891077	1005.3057655708791	0.024411997447522583	NaN	NaN	NaN	NaN	NaN	NaN	NaN	NaN	1.0058683336274312	0.03448658495728636	0.17217055153635025	1.0210793935598839	-2.0222082634613612e-14	-1.0959113358440633e-14	1.0210793935598839	2.5597481436347747	330.03636120354105	1.9636387964589932	9.707373129120992	NaN	0.09557508872108814	0.15879758936994973	-1.4936134829149184	-1.9416000412237806	NaN	0.433887271259933	1	12.78020118526347	6	10	16	24	38	84	0.010700790911437712	1.0128329565161465	48.732145440193115	1.0150058469664165	NaN	1	NaN	1	NaN	1	-0.006573712304102024	1.1483636521240927	NaN	NaN	800009909	800009909	800009909	800009909	800009919	800019919	899999999	899999999	89999	89999	89	89	7	8	0	53	0	0	16	NaN	0	0	5037	0	0	0	0	0	0	NaN	NaN	NaN	NaN	0	0	0	0	0	0	0	0	14124	0	0	0	18000	18000	18000	18000	6	NaN	0.13077589910898105	0.1440554023980822	0.042763877232836194	0.1337511683334689	NaN	NaN	9.40909531780695e-8	NaN	0.040855739471411155	NaN	NaN	-0.0000065737123041020234	NaN	NaN	NaN	96468.90465256077	11.399999618530273	NaN	0	0	0	0	0.00026989834413527396	-1	0	2.144188296073013	87.13604192945711	1.000107483792636	-273.1499938964844	9.00064616476165	-273.1499938964844	092
DATA	2025-09-09T080000_AIU-0547.ghg	2025-09-09	08:30:00	252.354	1	18000	18000	0.006785599229423237	1	NaN	22.80803320620985	0	NaN	NaN	NaN	NaN	NaN	NaN	NaN	NaN	NaN	NaN	0.010533962713485617	1	NaN	NaN	NaN	NaN	NaN	NaN	NaN	NaN	NaN	NaN	NaN	NaN	1.0266707853387333e-13	NaN	NaN	NaN	NaN	NaN	0	NaN	NaN	NaN	NaN	0	0.0932171459454629	2.283058225189239	2.283058225189239	0	1	NaN	NaN	NaN	NaN	9	283.4725327080621	283.0330165286594	96078.43815625	1.1826232509370165	1005.3237809453005	0.024491827142240036	NaN	NaN	NaN	NaN	NaN	NaN	NaN	NaN	0.6124381711935437	-0.23367617710331756	0.14705829942780452	0.6717970026065193	8.869326200055819e-14	1.1013754765023503e-15	0.6717970026065193	1.986501756122387	352.88438576755584	339.11561423244416	12.644602107218393	NaN	0.07574795217589882	0.12086759474685331	-1.6126140529159918	-1.79832241617646	NaN	0.2532588154129117	1	10.34004123028068	5	8	13	20	31	69	0.006669851579136132	1.0173538569657492	22.409603512136194	1.0177794173760317	NaN	1	NaN	1	NaN	1	0.009148354778127178	1.1514597945710732	NaN	NaN	800009909	800009909	800009909	800009909	800009919	800019919	899999999	899999999	89999	89999	89	89	1	2	0	53	0	0	5	NaN	0	0	1495	0	0	0	0	0	0	NaN	NaN	NaN	NaN	0	0	0	0	0	0	0	0	16614	0	0	0	18000	18000	18000	18000	6	NaN	0.048556324238764756	0.1628722099327897	0.030306655322152178	0.13119339929503784	NaN	NaN	4.754960078256356e-7	NaN	0.018848717423938927	NaN	NaN	0.000009148354778127179	NaN	NaN	NaN	96476.31443684896	11.399999618530273	NaN	0	0	0	0	0.0002712153859352431	-1	0	2.1399676427774965	89.15384845998554	1.0001198528359334	-273.1499938964844	9.000718926641676	-273.1499938964844	025
DATA	2025-09-09T083000_AIU-0547.ghg	2025-09-09	09:00:00	252.374	1	18000	18000	0.004003007145874625	0	NaN	19.469022793325774	0	NaN	NaN	NaN	NaN	NaN	NaN	NaN	NaN	NaN	NaN	-0.01073369571430842	1	NaN	NaN	NaN	NaN	NaN	NaN	NaN	NaN	NaN	NaN	NaN	NaN	6.059359509278395e-14	NaN	NaN	NaN	NaN	NaN	0	NaN	NaN	NaN	NaN	0	0.09221168122367919	2.271407953964698	2.271407953964698	-0.5	0	NaN	NaN	NaN	NaN	9	284.660876170688	284.66127809736463	96079.16346354167	1.1758675265487921	1005.3565176642857	0.024632540300994096	NaN	NaN	NaN	NaN	NaN	NaN	NaN	NaN	0.15924511060112018	-0.5820889624477791	0.09117605509215748	0.6103274846146701	-1.790732385044385e-14	6.571140910640292e-16	0.6103274846146701	1.4204613773513648	46.69967122254985	285.30032877745015	8.591504930841056	NaN	0.05834638915164851	0.05271116422169131	-0.8634155575513575	-3.3587534700259356	NaN	0.28226151921588677	1	10.003229083822708	5	8	13	19	29	64	0.0039296666507816795	1.0186632866373937	19.113218217937884	1.018615628793165	NaN	1	NaN	1	NaN	1	-0.009312934936696313	1.1525577905643685	NaN	NaN	800009909	800009909	800009909	800009909	800009909	800009919	899999999	899999999	89999	89999	89	89	0	3	0	23	0	0	1	NaN	0	0	0	0	0	0	0	0	0	NaN	NaN	NaN	NaN	0	0	0	0	0	0	0	0	17008	0	0	0	18000	18000	18000	18000	6	NaN	0.045127046301166436	0.04475362747494564	0.015541654667270532	0.2813791007421162	NaN	NaN	1.53998947654564e-7	NaN	0.01616796363336552	NaN	NaN	-0.000009312934936696313	NaN	NaN	NaN	96487.13294937246	11.38169673903783	NaN	0	0	0	0	0.00027527681120813617	-1	0	2.1326926965514823	89.64208039559263	1.0001382817245192	-273.1499938964844	9.00085724369685	-273.1499938964844	047
DATA	2025-09-09T090000_AIU-0547.ghg	2025-09-09	09:30:00	252.395	1	18000	18000	0.06094115045634439	1	NaN	82.53571997627633	1	NaN	NaN	NaN	NaN	NaN	NaN	NaN	NaN	NaN	NaN	-0.02706585434826367	1	NaN	NaN	NaN	NaN	NaN	NaN	NaN	NaN	NaN	NaN	NaN	NaN	-8.998933589391504e-14	NaN	NaN	NaN	NaN	NaN	0	NaN	NaN	NaN	NaN	0	0.09054548585422163	2.2542722016067867	2.2542722016067867	-0.3	0	NaN	NaN	NaN	NaN	9	286.79449867248553	287.72078668043355	96081.92754730902	1.1633972868430107	1005.4222935197947	0.024896571931108398	NaN	NaN	NaN	NaN	NaN	NaN	NaN	NaN	0.2769204075292077	-0.4442033465501273	0.1374499058677519	0.5411968235453434	3.7141428637719077e-14	-9.93857783686732e-16	0.5411968235453434	2.3229792810867878	30.06021115494832	301.93978884505174	14.71279657213929	NaN	0.22887128132441942	0.2288721170375301	-12.293947750820735	-0.23588842727970746	NaN	0.3083003982280638	0	85.07827539891792	-12.91095652587299	29.204618815395403	72.72363019040614	110.90812462571752	155.55022175344791	233.04257714822853	0.059718735848740684	1.0204695325550748	80.93481367888337	1.01978019377106	NaN	1	NaN	1	NaN	1	-0.023451112885036457	1.1541394423773248	NaN	NaN	800009909	800009909	800009909	800009909	800009909	800009909	899999999	899999999	89999	89999	89	89	5	0	1	0	0	0	0	NaN	0	0	0	0	0	0	0	0	0	NaN	NaN	NaN	NaN	0	0	0	0	0	0	0	0	7226	0	0	0	18000	18000	18000	18000	6	NaN	0.1291767035393681	0.2869263565336811	0.04164117400201101	0.8243411614279624	NaN	NaN	3.020166269311141e-7	NaN	0.06919246677497902	NaN	NaN	-0.000023451112885036455	NaN	NaN	NaN	96502.13338867188	11.389942327181496	NaN	0	0	0	0	0.00027835079950293403	-1	0	2.1236503475440887	90.32973487938776	1.000155323424273	-273.1499938964844	9.001055700831943	-273.1499938964844	051
DATA	2025-09-09T093000_AIU-0547.ghg	2025-09-09	10:00:00	252.416	1	18000	18000	0.29785962481680284	1	NaN	287.95045124042684	0	NaN	NaN	NaN	NaN	NaN	NaN	NaN	NaN	NaN	NaN	-0.21223463694043537	1	NaN	NaN	NaN	NaN	NaN	NaN	NaN	NaN	NaN	NaN	NaN	NaN	1.9809445264015162e-12	NaN	NaN	NaN	NaN	NaN	0	NaN	NaN	NaN	NaN	0	0.08994977518973256	2.251595603435824	2.251595603435824	-0.1	0	NaN	NaN	NaN	NaN	9	288.4928519744874	289.3207139575703	96094.65647984325	1.1571170398196775	1005.458906124642	0.025031697952401726	NaN	NaN	NaN	NaN	NaN	NaN	NaN	NaN	-0.060040611328351604	-0.12117670496732195	0.16838983395356186	0.21597176902161824	-8.684066784120302e-14	2.2022784628678357e-14	0.21597176902161824	2.6895393820188915	88.35748676132556	243.64251323867444	51.23169471383241	NaN	0.5073611096371031	0.44126483422066076	-38.39282385476476	-0.0755349492126533	NaN	0.48781929528892004	0	68.04569791788431	-10.326197181021659	23.35788613957531	58.16443913825792	88.7044396414343	124.40923785615021	186.3877086398403	0.28578236344085733	1.0422603453569832	278.4368514351772	1.034167890335682	NaN	1	NaN	1	NaN	1	-0.1805804905792026	1.1752910641659224	NaN	NaN	800009909	800009909	800009909	800009919	800009919	800119919	899999999	899999999	89999	89999	89	89	3	4	1	0	0	0	0	NaN	0	0	0	0	0	0	0	0	0	NaN	NaN	NaN	NaN	0	2	0	0	0	0	0	0	5481	0	0	0	18000	18000	18000	18000	6	NaN	0.17438318021758262	0.35044584196114753	0.3577006462625914	0.7351122215197451	NaN	NaN	3.214126442585118e-7	NaN	0.2393233644875975	NaN	NaN	-0.00018058049057920262	NaN	NaN	NaN	96498.39023871528	11.420000076293945	NaN	0	0	0	0	0.0002805133889713842	-1	0	2.1251616568918568	90.51482664941858	1.0001342991507716	-290.7534946356862	9.001033723751704	-273.1499938964844	125
DATA	2025-09-09T100000_AIU-0547.ghg	2025-09-09	10:30:00	252.437	1	18000	18000	0.12290858644595067	1	NaN	60.90859681286256	1	NaN	NaN	NaN	NaN	NaN	NaN	NaN	NaN	NaN	NaN	-0.02764620958284609	1	NaN	NaN	NaN	NaN	NaN	NaN	NaN	NaN	NaN	NaN	NaN	NaN	1.1955287050951974e-12	NaN	NaN	NaN	NaN	NaN	0	NaN	NaN	NaN	NaN	0	0.0906544258107983	2.275652142801375	2.275652142801375	-0.3	0	NaN	NaN	NaN	NaN	9	289.47342529805496	290.1576956218813	96100.85439407542	1.1538536652839861	1005.478665860857	0.025102493589786886	NaN	NaN	NaN	NaN	NaN	NaN	NaN	NaN	-0.6929657722232921	-0.11258266536390163	0.11272131846134716	0.7110432572277745	3.697516991145404e-15	1.318775883695236e-14	0.7110432572277745	2.6892974503494917	142.77206904397212	189.22793095602785	9.121552337474409	NaN	0.32637414340505483	0.3062100412009285	-48.31850303613305	-0.06001841567466094	NaN	0.16085673722843163	0	89.3469271284396	-13.558740894391677	30.66990882076785	76.37240948610541	116.47274327579886	163.35467853165596	244.73507556021008	0.12089794091706475	1.0166309327820993	59.87151824540555	1.017321734905839	NaN	1	NaN	1	NaN	1	-0.024021834990273407	1.1508783402283886	NaN	NaN	800009909	800009909	800009909	800009919	800009919	800109919	899999999	899999999	89999	89999	89	89	8	0	4	1	0	0	0	NaN	0	0	0	0	0	0	0	0	0	NaN	NaN	NaN	NaN	0	4	0	0	0	0	0	0	7124	0	0	0	18000	18000	18000	18000	6	NaN	0.3810850465131087	0.15641128757027456	0.07492374831847366	0.396941503702838	NaN	NaN	6.246659580187567e-8	NaN	0.05160558161938868	NaN	NaN	-0.00002402183499027341	NaN	NaN	NaN	96495.96739713542	11.408362032148574	NaN	0	0	0	0	0.00028178198361678773	-1	0	2.1499824109077452	90.36701163842945	1.0001412852439615	-289.94599460177614	9.001111393822564	-273.1499938964844	234
DATA	2025-09-09T103000_AIU-0547.ghg	2025-09-09	11:00:00	252.458	1	18000	18000	0.4417753853324078	1	NaN	65.51495422873687	0	NaN	NaN	NaN	NaN	NaN	NaN	NaN	NaN	NaN	NaN	-0.016150472255795616	1	NaN	NaN	NaN	NaN	NaN	NaN	NaN	NaN	NaN	NaN	NaN	NaN	1.6131340768333181e-12	NaN	NaN	NaN	NaN	NaN	0	NaN	NaN	NaN	NaN	0	0.09034682755583133	2.271126408326246	2.271126408326246	0.1	0	NaN	NaN	NaN	NaN	9	290.2469012705485	290.55749458736835	96097.85685894097	1.1522300540252033	1005.4882514320835	0.025137865598244335	NaN	NaN	NaN	NaN	NaN	NaN	NaN	NaN	0.14377406067877618	0.24058842250300927	0.2013417728145081	0.3450974920898019	-6.431725103809115e-15	1.7854905595179367e-14	0.3450974920898019	5.273323829466696	272.8622619006982	59.13773809930179	35.6924694065249	NaN	0.6192002994918188	1.2675410623900782	-306.75547987757045	-0.00945378384489634	NaN	0.09132571579895567	0	82.09150771954695	-12.457703007504993	28.17935812273118	70.17058610058677	107.01457130134028	150.0894578548641	224.8613577466832	0.4292629261036196	1.0291487069297194	63.888187524431	1.0254627148983337	NaN	1	NaN	1	NaN	1	-0.01389549428936159	1.162281234440177	NaN	NaN	800009909	800009909	800009909	800009909	800009909	801119909	899999999	899999999	89999	89999	89	89	3	34	5	14	0	0	0	NaN	0	0	0	0	0	0	0	0	0	NaN	NaN	NaN	NaN	0	0	0	0	0	0	0	0	5353	0	0	0	18000	18000	18000	18000	6	NaN	0.7316975693314937	1.4701087451960677	0.33327581025259534	0.1839780118724643	NaN	NaN	5.893990519160849e-8	NaN	0.05514477489279016	NaN	NaN	-0.00001389549428936159	NaN	NaN	NaN	96481.93524913194	11.399999618530273	NaN	0	0	0	0	0.00028245487198324154	-1	0	2.1466096846063927	90.25126865630679	1.0000887534866731	-414.78549984402747	9.000727061218685	-273.1499938964844	000
DATA	2025-09-09T110000_AIU-0547.ghg	2025-09-09	11:30:00	252.479	1	18000	18000	0.21835660530741718	0	NaN	34.862853171941275	0	NaN	NaN	NaN	NaN	NaN	NaN	NaN	NaN	NaN	NaN	-0.019177913115803812	0	NaN	NaN	NaN	NaN	NaN	NaN	NaN	NaN	NaN	NaN	NaN	NaN	2.5295325959573005e-12	NaN	NaN	NaN	NaN	NaN	0	NaN	NaN	NaN	NaN	0	0.08999585330401849	2.266890677633842	2.266890677633842	-0.1	0	NaN	NaN	NaN	NaN	9	290.8914118864271	291.1030265655518	96083.46659440105	1.149898537049767	1005.5014843969246	0.0251888347563745	NaN	NaN	NaN	NaN	NaN	NaN	NaN	NaN	1.0587432798658214	0.2689213162686659	0.21616797440582253	1.113545957813763	-7.724624988698417e-15	2.8107212755816516e-14	1.113545957813763	6.127120837611294	317.748232015572	14.251767984427994	11.193658456039488	NaN	0.43576606440127563	1.2829533769540546	-200.90736987985883	-0.014434512789322658	NaN	0.06919381611673803	0	71.09121084283703	-10.788365517047298	24.403312174054324	60.76769778044216	92.67457332651587	129.97740679949263	194.72984037019566	0.2157441157582503	1.0121092041837854	34.36127518994257	1.0145971876545932	NaN	1	NaN	1	NaN	1	-0.016704336354145036	1.1480799182449999	NaN	NaN	800009909	800009909	800009909	800009909	800009909	800019909	899999999	899999999	89999	89999	89	89	0	9	0	38	0	0	0	NaN	0	0	0	0	0	0	0	0	0	NaN	NaN	NaN	NaN	0	0	0	0	0	0	0	0	3916	0	0	0	18000	18000	18000	18000	6	NaN	1.5640739831256254	0.7653202744319755	0.23651249635050836	0.0969462918265002	NaN	NaN	1.3371607038502472e-7	NaN	0.029718510259030464	NaN	NaN	-0.000016704336354145035	NaN	NaN	NaN	96470.6539375	11.4366062502861	NaN	0	0	0	0	0.00028300006577046584	-1	0	2.1436172193619947	90.12855398374136	1.0001210002286567	-297.5768699222077	9.00105047941208	-273.1499938964844	166
DATA	2025-09-09T113000_AIU-0547.ghg	2025-09-09	12:00:00	252.499	1	18000	18000	0.2606378069046599	0	NaN	77.87763491386814	0	NaN	NaN	NaN	NaN	NaN	NaN	NaN	NaN	NaN	NaN	-0.038561958854581184	1	NaN	NaN	NaN	NaN	NaN	NaN	NaN	NaN	NaN	NaN	NaN	NaN	3.620748725967269e-13	NaN	NaN	NaN	NaN	NaN	0	NaN	NaN	NaN	NaN	0	0.08917655203417148	2.2514109569431984	2.2514109569431984	-0.1	0	NaN	NaN	NaN	NaN	9	291.3505600992838	291.7180104234484	96065.87975824653	1.1472643538780751	1005.5166142131587	0.025246669730855736	NaN	NaN	NaN	NaN	NaN	NaN	NaN	NaN	-0.03839718241817725	0.3310720061846375	0.12059116646391209	0.3544365194585703	2.319206789713894e-14	4.060202646744895e-15	0.3544365194585703	4.500337489896362	235.38448653115614	96.61551346884387	19.89109888101387	NaN	0.4766361263228818	1.306973803391202	-117.67832112856354	-0.024643451505666457	NaN	0.14163580218777302	0	74.1857759097251	-11.257977704855998	25.465576221534697	63.41288545578353	96.70865143272509	135.63525870267114	203.20633351676037	0.2534060409105809	1.0285382541319559	75.97372780216227	1.0250600723010945	NaN	1	NaN	1	NaN	1	-0.03319467345793955	1.161691164199655	NaN	NaN	800009909	800009909	800009909	800009909	800009909	800019909	899999999	899999999	89999	89999	89	89	3	12	0	32	0	0	0	NaN	0	0	0	0	0	0	0	0	0	NaN	NaN	NaN	NaN	0	0	0	0	0	0	0	0	4784	0	0	0	18000	18000	18000	18000	6	NaN	1.0847696132209228	1.2748118169598255	0.25436617660165556	0.12346873804168255	NaN	NaN	5.683558411494382e-8	NaN	0.06585832569974934	NaN	NaN	-0.00003319467345793955	NaN	NaN	NaN	96455.83772612848	11.437514204978944	NaN	0	0	0	0	0.0002837223916916022	-1	0	2.130113138874372	89.89934826554195	1.0001228922224707	-273.1499938964844	9.001078816678788	-273.1499938964844	170
DATA	2025-09-09T120000_AIU-0547.ghg	2025-09-09	12:30:00	252.52	1	18000	18000	0.2647282697001316	1	NaN	101.28843464760983	1	NaN	NaN	NaN	NaN	NaN	NaN	NaN	NaN	NaN	NaN	-0.037572393545156825	0	NaN	NaN	NaN	NaN	NaN	NaN	NaN	NaN	NaN	NaN	NaN	NaN	-3.331372665324194e-12	NaN	NaN	NaN	NaN	NaN	0	NaN	NaN	NaN	NaN	0	0.08921633421546885	2.255478619928449	2.255478619928449	0	0	NaN	NaN	NaN	NaN	9	291.9720463333131	291.99886960517034	96027.77148980033	1.145706188095177	1005.5235986967705	0.025281005319958343	NaN	NaN	NaN	NaN	NaN	NaN	NaN	NaN	0.4269059122373197	0.7557908063562674	0.29307501260418456	0.9161666681825201	2.63314687262877e-14	-3.7340389454676575e-14	0.9161666681825201	5.211144442003693	271.45978804543057	60.54021195456944	18.656434870702732	NaN	0.4806882774755293	1.0822982384279909	-92.78100387492093	-0.03125639817294412	NaN	0.18290720020864853	0	83.95686185994334	-12.740777694892476	28.819673836355637	71.76506276392138	109.44624881835787	153.49992014769825	229.9708517289463	0.2611160092037043	1.013833929629375	99.73312121859838	1.015594753377892	NaN	1	NaN	1	NaN	1	-0.0327030203975539	1.1488967406804769	NaN	NaN	800009909	800009909	800009909	800009909	800009909	801019919	899999999	899999999	89999	89999	89	89	21	18	2	25	0	0	0	NaN	0	0	0	0	0	0	0	0	0	NaN	NaN	NaN	NaN	0	0	0	0	0	0	0	0	5214	0	0	0	18000	18000	18000	18000	6	NaN	1.0930100455843885	0.88170887783992	0.1898775534316733	0.1779956908497699	NaN	NaN	7.820210723502603e-8	NaN	0.08657128910299956	NaN	NaN	-0.0000327030203975539	NaN	NaN	NaN	96415.08207812501	11.430000305175781	NaN	0	0	0	0	0.0002839099222716565	-1	0	2.1338586785395943	88.76127644793242	1.0001052521599663	-273.1499938964844	9.001015634854635	-273.1499938964844	242
DATA	2025-09-09T123000_AIU-0547.ghg	2025-09-09	13:00:00	252.541	1	18000	18000	0.4064457518285708	1	NaN	63.90139732397359	1	NaN	NaN	NaN	NaN	NaN	NaN	NaN	NaN	NaN	NaN	-0.01920429752759907	1	NaN	NaN	NaN	NaN	NaN	NaN	NaN	NaN	NaN	NaN	NaN	NaN	-2.1472645142738865e-12	NaN	NaN	NaN	NaN	NaN	0	NaN	NaN	NaN	NaN	0	0.08790056257189906	2.223993370874253	2.223993370874253	-0.1	0	NaN	NaN	NaN	NaN	9	292.2523324695164	292.16542140706383	96005.6961421441	1.1447898363321813	1005.527762704266	0.025301241605309614	NaN	NaN	NaN	NaN	NaN	NaN	NaN	NaN	-0.8240897512076003	0.2902900626159972	0.16339054912029347	0.8888693436275265	-4.516049809248309e-14	-2.4428336422961027e-14	0.8888693436275265	9.355518207077012	171.40508742461705	160.59491257538295	10.592250903893673	NaN	0.5958520142893746	0.9864345175797085	-280.06814818649775	-0.010354622683008158	NaN	0.09316485493678196	0	89.91350691757432	-13.644721563271688	30.864397327882056	76.85671336820921	117.21133725374598	164.39056708754987	246.28702538054853	0.4007815031390668	1.0141330092460343	62.90902638387133	1.0157746987538292	NaN	1	NaN	1	NaN	1	-0.01671276175631233	1.1490798353746472	NaN	NaN	800009909	800009909	800009909	800009909	810009909	810109909	899999999	899999999	89999	89999	89	89	9	23	3	4	0	0	0	NaN	0	0	0	0	0	0	0	0	0	NaN	NaN	NaN	NaN	0	0	0	0	0	0	0	0	2607	0	0	0	18000	18000	18000	18000	6	NaN	1.191961292659537	0.5350966147754763	0.24581112772440347	0.25393901010183606	NaN	NaN	9.242306215297897e-8	NaN	0.054650373299475384	NaN	NaN	-0.000016712761756312327	NaN	NaN	NaN	96389.75315407987	11.41836226103041	NaN	0	0	0	0	0.000284455879248627	-1	0	2.104023192796442	89.7608062212809	1.0000907957603533	-273.1499938964844	9.000863476249906	-273.1499938964844	194
DATA	2025-09-09T130000_AIU-0547.ghg	2025-09-09	13:30:00	252.562	1	18000	18000	0.19635028869552257	0	NaN	91.77236361360903	0	NaN	NaN	NaN	NaN	NaN	NaN	NaN	NaN	NaN	NaN	-0.03866802746482438	0	NaN	NaN	NaN	NaN	NaN	NaN	NaN	NaN	NaN	NaN	NaN	NaN	-1.0401586423405203e-12	NaN	NaN	NaN	NaN	NaN	0	NaN	NaN	NaN	NaN	0	0.0881212012939264	2.2331290292511463	2.2331290292511463	-0.1	0	NaN	NaN	NaN	NaN	9	292.53545987192786	292.53544404602053	95974.33362217882	1.1429683134635722	1005.5370727626484	0.025341563624428947	NaN	NaN	NaN	NaN	NaN	NaN	NaN	NaN	0.2704983831716507	0.49444754387258777	0.19247657440224883	0.5955627428186115	9.407920753751393e-14	-1.180372744660043e-14	0.5955627428186115	5.368243670986177	270.6818323834525	61.318167616547505	18.855612289308308	NaN	0.41447532119555475	1.299706391934472	-65.62142544024884	-0.04419288335393714	NaN	0.1926553007369842	0	68.01334168235267	-10.321286997448578	23.346779290963582	58.136781514779734	88.6622600205389	124.35008033810634	186.29907989789942	0.19268619643605595	1.0190158523404274	90.07515941164947	1.0188420893512187	NaN	1	NaN	1	NaN	1	-0.03354092478704271	1.1528611005908322	NaN	NaN	800009909	800009909	800009909	800009909	800009909	800019919	899999999	899999999	89999	89999	89	89	42	1	0	21	0	0	0	NaN	0	0	0	0	0	0	0	0	0	NaN	NaN	NaN	NaN	0	0	0	0	0	0	0	0	3712	0	0	0	18000	18000	18000	18000	6	NaN	0.9626355747935256	1.3977765339533268	0.23900067512209155	0.22060153383920852	NaN	NaN	4.200523064563871e-8	NaN	0.07837413519482239	NaN	NaN	-0.00003354092478704271	NaN	NaN	NaN	96357.94890581598	11.40999984741211	NaN	0	0	0	0	0.0002850656040180991	-1	0	2.1129306560489862	89.6278466786278	1.0000936227076584	-273.1499938964844	9.000983564297359	-273.1499938964844	004
DATA	2025-09-09T133000_AIU-0547.ghg	2025-09-09	14:00:00	252.583	1	18000	18000	0.27083545364510386	1	NaN	72.03282296398862	1	NaN	NaN	NaN	NaN	NaN	NaN	NaN	NaN	NaN	NaN	-0.0064740718442635545	2	NaN	NaN	NaN	NaN	NaN	NaN	NaN	NaN	NaN	NaN	NaN	NaN	5.108253363271111e-13	NaN	NaN	NaN	NaN	NaN	0	NaN	NaN	NaN	NaN	0	0.08785731829398605	2.2304630395586105	2.2304630395586105	-0.1	0	NaN	NaN	NaN	NaN	9	292.8720188522339	292.99664154730897	95952.34088867187	1.1409076987688351	1005.5487908103016	0.025387333495601228	NaN	NaN	NaN	NaN	NaN	NaN	NaN	NaN	0.48498851159506906	0.2939571173828671	0.18499679041250075	0.5965303476790694	3.4745760306997007e-14	5.814260510636116e-15	0.5965303476790694	6.291059326935786	300.77946435144094	31.220535648559064	18.06654311582407	NaN	0.4872226865000421	1.198197826239925	-135.78369227527236	-0.021357498469852115	NaN	0.12886924203826028	0	81.51018945461765	-12.36948571806175	27.97981037381309	69.67368399104795	106.25676423165436	149.02662266462193	223.2690369577714	0.2657875466118066	1.0189922631727737	70.7017288332611	1.0188268964945213	NaN	1	NaN	1	NaN	1	-0.0056157554089524475	1.1528407797004137	NaN	NaN	800009909	800009909	800009909	800009909	800009919	800019919	899999999	899999999	89999	89999	89	89	23	15	2	16	0	0	4	NaN	0	0	0	0	0	0	0	0	0	NaN	NaN	NaN	NaN	0	0	0	0	0	0	0	0	3913	0	0	0	18000	18000	18000	18000	6	NaN	1.2920823290838763	0.8942683438414407	0.21004497955453294	0.17744678253515503	NaN	NaN	1.5509151890138326e-7	NaN	0.061627758875565736	NaN	NaN	-0.000005615755408952448	NaN	NaN	NaN	96337.29689453126	11.428302488538954	NaN	0	0	0	0	0.0002856921941824517	-1	0	2.111084708690644	90.97481234521538	1.0000963718394438	-273.1903688981798	9.000957353221045	-273.1499938964844	109
DATA	2025-09-09T140000_AIU-0547.ghg	2025-09-09	14:30:00	252.604	1	18000	18000	0.4031299681834608	1	NaN	72.66121891380686	1	NaN	NaN	NaN	NaN	NaN	NaN	NaN	NaN	NaN	NaN	-0.05125123901777349	1	NaN	NaN	NaN	NaN	NaN	NaN	NaN	NaN	NaN	NaN	NaN	NaN	-6.908876048756415e-13	NaN	NaN	NaN	NaN	NaN	0	NaN	NaN	NaN	NaN	0	0.08746179044304629	2.223539368211595	2.223539368211595	-0.2	0	NaN	NaN	NaN	NaN	9	293.2013739183214	293.2953193376737	95915.47741931843	1.1393079799717594	1005.5564470444087	0.025422980217395936	NaN	NaN	NaN	NaN	NaN	NaN	NaN	NaN	0.6741477200625445	0.04915088029718577	0.2116933936703968	0.7083114078025367	-8.034975578301655e-14	-7.899307816314787e-15	0.7083114078025367	5.975269147573716	327.8300474096235	4.169952590376554	17.3897761378481	NaN	0.5948424757345234	1.397288324735533	-244.89670082561446	-0.011841727512960764	NaN	0.10662354368979435	0	91.91940929424091	-13.94912498775174	31.55295870288365	78.57132854999053	119.82623359167985	168.0579963818468	251.78150275652132	0.39651658720096644	1.0166786994440222	71.42191082759807	1.0173519312469852	NaN	1	NaN	1	NaN	1	-0.0445308227974755	1.1509160576453346	NaN	NaN	800009909	800009909	800009909	800009919	800009919	800019919	899999999	899999999	89999	89999	89	89	0	11	3	27	0	0	2	NaN	0	0	0	0	0	0	0	0	0	NaN	NaN	NaN	NaN	0	1	0	0	0	0	0	0	4014	0	0	0	18000	18000	18000	18000	6	NaN	1.6225866152942774	0.9401582695752404	0.23183176460154856	0.11306863726082356	NaN	NaN	2.3893521352382417e-7	NaN	0.06234245078031678	NaN	NaN	-0.0000445308227974755	NaN	NaN	NaN	96298.479625	11.425029080284968	NaN	0	0	0	0	0.0002865575315113853	-1	0	2.1045156470537196	88.70596213425974	1.0000879453536538	-273.1499938964844	9.000902103132672	-273.1499938964844	000
DATA	2025-09-09T143000_AIU-0547.ghg	2025-09-09	15:00:00	252.624	1	18000	18000	0.8375658985839279	1	NaN	111.09669586573904	1	NaN	NaN	NaN	NaN	NaN	NaN	NaN	NaN	NaN	NaN	-0.09966385311339622	1	NaN	NaN	NaN	NaN	NaN	NaN	NaN	NaN	NaN	NaN	NaN	NaN	-5.490761809205534e-12	NaN	NaN	NaN	NaN	NaN	0	NaN	NaN	NaN	NaN	0	0.08825898840419086	2.2492435354821176	2.2492435354821176	-0.1	0	NaN	NaN	NaN	NaN	9	293.60429942321775	293.87689358520504	95873.35494335936	1.1365539698570053	1005.5715071572748	0.0254845832265999	NaN	NaN	NaN	NaN	NaN	NaN	NaN	NaN	0.31509965584823807	-0.012963611514022746	0.2526252389672445	0.40407345829973645	3.854798005283918e-14	-6.221192774224923e-14	0.40407345829973645	5.451416263131419	334.3558946232432	357.64410537675667	38.69659823910179	NaN	0.8584489262759512	1.5062023098728918	-481.2738165214259	-0.006025675822052319	NaN	0.11323577547125367	0	83.72808935771766	-12.706060585069766	28.74114363940914	71.56951146987382	109.14802075639007	153.0816510503824	229.34420840255842	0.8165580522269484	1.0257273151611035	108.57652275439787	1.0232110316982783	NaN	1	NaN	1	NaN	1	-0.08599118578932917	1.1590007998908618	NaN	NaN	800009909	800009909	800009909	800009909	800009909	800119909	899999999	899999999	89999	89999	89	89	22	19	2	4	0	0	2	NaN	0	0	0	0	0	0	0	0	0	NaN	NaN	NaN	NaN	0	0	0	0	0	0	0	0	4712	0	0	0	18000	18000	18000	18000	6	NaN	1.3623616462003834	1.0403123202040627	0.6097306533413375	0.19410379412575904	NaN	NaN	1.1498970212177572e-7	NaN	0.09500203463207635	NaN	NaN	-0.00008599118578932916	NaN	NaN	NaN	96256.06657595487	11.40999984741211	NaN	0	0	0	0	0.0002871627668985942	-1	0	2.129421781539916	87.61465132925247	1.0000719036443366	-273.1499938964844	9.00082914325926	-273.1499938964844	107
DATA	2025-09-09T150000_AIU-0547.ghg	2025-09-09	15:30:00	252.645	1	18000	18000	0.2707614262101831	1	NaN	95.98890375958418	1	NaN	NaN	NaN	NaN	NaN	NaN	NaN	NaN	NaN	NaN	-0.06189488976808805	1	NaN	NaN	NaN	NaN	NaN	NaN	NaN	NaN	NaN	NaN	NaN	NaN	3.846092250657484e-12	NaN	NaN	NaN	NaN	NaN	0	NaN	NaN	NaN	NaN	0	0.0884256029278222	2.258864113726458	2.258864113726458	-0.2	0	NaN	NaN	NaN	NaN	9	293.7641199637519	294.5057747929891	95849.92094878471	1.1338497865368147	1005.5880185919848	0.025545362869284206	NaN	NaN	NaN	NaN	NaN	NaN	NaN	NaN	0.2750450713963769	0.33495778821072286	0.15941510481614302	0.46180048378703015	3.892111926646816e-14	4.3495233544484555e-14	0.46180048378703015	5.7226507887038895	281.3905653867515	50.609434613248446	20.194213566587365	NaN	0.4886699518187079	1.2620450567965018	-102.7323433064159	-0.028228695137910743	NaN	0.17227798512960846	0	76.08059645584248	-11.545524032993765	26.11600679871165	65.03254955953871	99.17874138561605	139.09959498299136	208.39654054940348	0.2646320548991487	1.0231618626601011	93.96570117381424	1.0215312881242433	NaN	1	NaN	1	NaN	1	-0.05351482947064356	1.1565932355636397	NaN	NaN	800009909	800009909	800009909	800009909	800009909	811019919	899999999	899999999	89999	89999	89	89	7	27	1	23	0	0	0	NaN	0	0	0	0	0	0	0	0	0	NaN	NaN	NaN	NaN	0	0	0	0	0	0	0	0	5518	0	0	0	18000	18000	18000	18000	6	NaN	1.2709723047697552	1.0020832249090592	0.25103458391418904	0.17682818759435348	NaN	NaN	5.6470117954375186e-8	NaN	0.08241262472468747	NaN	NaN	-0.00005351482947064356	NaN	NaN	NaN	96231.42621657986	11.404180825339424	NaN	0	0	0	0	0.0002876276800234336	-1	0	2.1396271386345225	87.78825126810429	1.0000695813844602	-273.1499938964844	9.000774270137152	-273.1499938964844	090
DATA	2025-09-09T153000_AIU-0547.ghg	2025-09-09	16:00:00	252.666	1	18000	18000	0.8476242447679277	1	NaN	13.542396831340811	2	NaN	NaN	NaN	NaN	NaN	NaN	NaN	NaN	NaN	NaN	0.005248392932782958	2	NaN	NaN	NaN	NaN	NaN	NaN	NaN	NaN	NaN	NaN	NaN	NaN	-2.1352093622203243e-12	NaN	NaN	NaN	NaN	NaN	0	NaN	NaN	NaN	NaN	0	0.08846099171042442	2.262516671898082	2.262516671898082	0	1	NaN	NaN	NaN	NaN	9	294.2322967732747	294.7674425472684	95818.54003450522	1.1324723689648524	1005.5949580159541	0.025576433500817994	NaN	NaN	NaN	NaN	NaN	NaN	NaN	NaN	-0.5954604780806139	0.13781942677297782	0.19553953819771092	0.6417188530427946	5.745199907301005e-14	-2.413729849660624e-14	0.6417188530427946	5.438244199056399	165.03165334696	166.96834665304	17.740847641315597	NaN	0.8651429596845917	1.4226329026610456	-4039.7164057250775	-0.0007178721743660337	NaN	0.013745386500685852	0	89.88703900231548	-13.640704955017286	30.855311749074207	76.83408899233687	117.17683365302831	164.34217529694808	246.21452566008827	0.8326655515042752	1.0179648278190787	13.300741205431747	1.0181685834027339	NaN	1	NaN	1	NaN	1	0.004556032203453151	1.1519657233337917	NaN	NaN	800009909	800009909	800009909	800009909	800009909	801009909	899999999	899999999	89999	89999	89	89	14	19	2	18	0	0	0	NaN	0	0	0	0	0	0	0	0	0	NaN	NaN	NaN	NaN	0	0	0	0	0	0	0	0	7858	0	0	0	18000	18000	18000	18000	6	NaN	1.6538849790297199	0.6727956150129525	0.5185852112794188	0.18270604457462386	NaN	NaN	4.105871253214705e-8	NaN	0.011679523954146846	NaN	NaN	0.000004556032203453151	NaN	NaN	NaN	96193.67949175347	11.399999618530273	NaN	0	0	0	0	0.0002878278801120663	-1	0	2.1431074230339795	88.78264610243623	1.0000652392175462	-273.1499938964844	9.000724414507548	-273.1499938964844	017
DATA	2025-09-09T160000_AIU-0547.ghg	2025-09-09	16:30:00	252.687	1	18000	18000	0.24782955754907557	0	NaN	29.760747833229907	0	NaN	NaN	NaN	NaN	NaN	NaN	NaN	NaN	NaN	NaN	-0.01254425381852745	0	NaN	NaN	NaN	NaN	NaN	NaN	NaN	NaN	NaN	NaN	NaN	NaN	1.9012073667582614e-13	NaN	NaN	NaN	NaN	NaN	0	NaN	NaN	NaN	NaN	0	0.08834143019221255	2.2634616945807102	2.2634616945807102	-0.1	0	NaN	NaN	NaN	NaN	9	294.277051806132	295.2493559231228	95805.4589828559	1.1304695676168648	1005.6078448722062	0.025621746100961792	NaN	NaN	NaN	NaN	NaN	NaN	NaN	NaN	-0.8033848170834486	0.3315076137105517	0.1561572315047016	0.8830116325505037	2.6344878509174004e-14	2.1521129583499275e-15	0.8830116325505037	5.357212304136494	174.42293526522494	157.5770647347751	10.186112140081763	NaN	0.4682169299117373	0.9702522000252283	-291.36911092595153	-0.009953011116325934	NaN	0.05591253702976759	0	75.3291401439199	-11.431487638522507	25.85805616392009	64.3902160063929	98.19914218825677	137.72569318009855	206.3381852909826	0.2443597717239432	1.0141994969165884	29.297410131050754	1.0158149713611746	NaN	1	NaN	1	NaN	1	-0.010916384441154694	1.149121660761204	NaN	NaN	800009909	800009909	800009909	800009909	800009909	811109909	899999999	899999999	89999	89999	89	89	11	8	3	6	0	0	0	NaN	0	0	0	0	0	0	0	0	0	NaN	NaN	NaN	NaN	0	0	0	0	0	0	0	0	9584	0	0	0	18000	18000	18000	18000	6	NaN	0.8467949602507172	0.8574583837893052	0.2362510560104342	0.18206858817684674	NaN	NaN	3.2046781895671235e-8	NaN	0.02577161901500077	NaN	NaN	-0.000010916384441154694	NaN	NaN	NaN	96183.90356944445	11.399999618530273	NaN	0	0	0	0	0.00028823902289473665	-1	0	2.144956299013562	89.36921482274313	1.0000754790604114	-297.94024493747503	9.000607917149862	-273.1499938964844	103
DATA	2025-09-09T163000_AIU-0547.ghg	2025-09-09	17:00:00	252.708	1	18000	18000	0.12182599836828562	1	NaN	42.44947451191222	0	NaN	NaN	NaN	NaN	NaN	NaN	NaN	NaN	NaN	NaN	-0.025097893865388392	1	NaN	NaN	NaN	NaN	NaN	NaN	NaN	NaN	NaN	NaN	NaN	NaN	-1.9693576282436816e-12	NaN	NaN	NaN	NaN	NaN	0	NaN	NaN	NaN	NaN	0	0.08831150441213201	2.258577439276605	2.258577439276605	0	0	NaN	NaN	NaN	NaN	9	294.08767617373996	294.6857310850355	95796.89330121528	1.132530472646872	1005.5927866583647	0.02557512131982577	NaN	NaN	NaN	NaN	NaN	NaN	NaN	NaN	0.6061020530976462	0.5158293057585193	0.22930567276797864	0.8282636434204497	-4.081755946818946e-14	-2.2300125463304144e-14	0.8282636434204497	4.883481543408864	291.6002178552545	40.399782144745515	16.0723560440582	NaN	0.32797824785711494	1.126140077500712	-70.20605780783485	-0.041306976784507135	NaN	0.11364628179368053	0	57.64754108606135	-8.748236765446723	19.788535383084174	49.27625107198977	75.14939202940616	105.39809084554966	157.90554613340217	0.1200413797869152	1.0148666950058245	41.77185523254113	1.016221910077942	NaN	1	NaN	1	NaN	1	-0.021832531646470504	1.1495640666777998	NaN	NaN	800009909	800009909	800009909	800009909	800009919	800019919	899999999	899999999	89999	89999	89	89	8	1	0	7	0	0	7	NaN	0	0	0	0	0	0	0	0	0	NaN	NaN	NaN	NaN	0	0	0	0	0	0	0	0	5115	0	0	0	18000	18000	18000	18000	6	NaN	0.9878122754407155	1.0381988199528536	0.22626905960785493	0.07065078686414673	NaN	NaN	2.1334553680188118e-8	NaN	0.03667851284106685	NaN	NaN	-0.000021832531646470504	NaN	NaN	NaN	96177.10476519098	11.404970843421088	NaN	0	0	0	0	0.00028789820577367206	-1	0	2.1387385206818577	89.05620130134925	1.000072128901879	-462.8721268632711	9.000521447208193	-376.9541232554178	020
DATA	2025-09-09T170000_AIU-0547.ghg	2025-09-09	17:30:00	252.729	1	18000	18000	0.24254865660959382	1	NaN	84.47192953405028	1	NaN	NaN	NaN	NaN	NaN	NaN	NaN	NaN	NaN	NaN	-0.021654497077008856	0	NaN	NaN	NaN	NaN	NaN	NaN	NaN	NaN	NaN	NaN	NaN	NaN	-4.656774280689354e-12	NaN	NaN	NaN	NaN	NaN	0	NaN	NaN	NaN	NaN	0	0.08805269113609242	2.2541139573945994	2.2541139573945994	0.2	0	NaN	NaN	NaN	NaN	9	294.22533783976246	294.9773941599527	95800.00252148438	1.1314473886004284	1005.6005553631898	0.02559960324109444	NaN	NaN	NaN	NaN	NaN	NaN	NaN	NaN	0.30372707575186586	0.2535073457314369	0.20589070480936192	0.44599001469942584	-1.3268273804930469e-13	-5.2886223244351944e-14	0.44599001469942584	4.326871915156485	292.14976464603757	39.85023535396243	27.493545546969564	NaN	0.4630013470777267	0.83094761150605	-99.25663550215769	-0.029217190219357758	NaN	0.16035048988298858	0	83.78095455825466	-12.714083083206507	28.759290552038053	71.6146998481733	109.21693588451214	153.17830549745497	229.48901437701943	0.2369093156150994	1.023803795894867	82.65755181299438	1.021950537866894	NaN	1	NaN	1	NaN	1	-0.01871299206517293	1.1571905231184494	NaN	NaN	800009909	800009909	800009909	800009909	800009919	800019919	899999999	899999999	89999	89999	89	89	2	6	0	25	0	0	0	NaN	0	0	0	0	0	0	0	0	0	NaN	NaN	NaN	NaN	0	0	0	0	0	0	0	0	6752	0	0	0	18000	18000	18000	18000	6	NaN	0.6646596341092703	0.8201479259679065	0.17708766293492326	0.12644628842312783	NaN	NaN	1.9232743840199223e-7	NaN	0.07264783379375937	NaN	NaN	-0.00001871299206517293	NaN	NaN	NaN	96183.32837261284	11.420000076293945	NaN	0	0	0	0	0.0002886039412179444	-1	0	2.1353039286269087	88.78429901546903	1.0000684794071648	-463.07400187174176	9.000518918686442	-392.61962391324323	085
DATA	2025-09-09T173000_AIU-0547.ghg	2025-09-09	18:00:00	252.749	1	18000	18000	0.08248736852844273	0	NaN	6.319525941067057	1	NaN	NaN	NaN	NaN	NaN	NaN	NaN	NaN	NaN	NaN	-0.004200617614084021	1	NaN	NaN	NaN	NaN	NaN	NaN	NaN	NaN	NaN	NaN	NaN	NaN	2.392172911309106e-12	NaN	NaN	NaN	NaN	NaN	0	NaN	NaN	NaN	NaN	0	0.08839954552694762	2.253685684677085	2.253685684677085	0	0	NaN	NaN	NaN	NaN	9	293.9724683948093	293.7345206753549	95790.3357810069	1.136120208895734	1005.5678017620281	0.02549431302211926	NaN	NaN	NaN	NaN	NaN	NaN	NaN	NaN	0.7879985233688747	0.17768354068666936	0.22211396728680707	0.8377635274506281	4.7652801184612017e-14	2.706091866252727e-14	0.8377635274506281	4.426145069981411	319.2930526198049	12.70694738019512	15.374516070691556	NaN	0.26945210585491997	0.6822246475333789	-261.4809230469559	-0.011090675243942087	NaN	0.02052897543485939	0	63.49925843906149	-9.63625744983453	21.79724058906649	54.27821105252525	82.77769660443363	116.09689647636111	173.9343065459987	0.08128877239724647	1.0147449161286246	6.2191055166683675	1.016147084838735	NaN	1	NaN	1	NaN	1	-0.003654361466106945	1.1494806009321819	NaN	NaN	800009909	800009909	800009909	800009919	800019919	800019919	899999999	899999999	89999	89999	89	89	9	11	0	43	0	0	5	NaN	0	0	0	0	0	0	0	0	0	NaN	NaN	NaN	NaN	0	3	0	0	0	0	0	0	9872	0	0	0	18000	18000	18000	18000	6	NaN	0.5503695546318068	0.6941495320711858	0.11993020836376499	0.07731015122001772	NaN	NaN	4.300222239291655e-8	NaN	0.005443676161157967	NaN	NaN	-0.0000036543614661069454	NaN	NaN	NaN	96165.589578125	11.425819098366631	NaN	0	0	0	0	0.0002870028355812087	-1	0	2.13159608051512	89.35272414351837	1.0000819631881184	-365.0434977552427	9.000729279809528	-336.0542465379395	074
DATA	2025-09-09T180000_AIU-0547.ghg	2025-09-09	18:30:00	252.77	1	18000	18000	0.02700725085735595	1	NaN	22.75042605014117	0	NaN	NaN	NaN	NaN	NaN	NaN	NaN	NaN	NaN	NaN	-0.01086555801849119	1	NaN	NaN	NaN	NaN	NaN	NaN	NaN	NaN	NaN	NaN	NaN	NaN	-2.0132533439696703e-13	NaN	NaN	NaN	NaN	NaN	0	NaN	NaN	NaN	NaN	0	0.08848033623774339	2.2413403236549767	2.2413403236549767	0.3	0	NaN	NaN	NaN	NaN	9	292.3917927966647	291.8559477437336	95789.4166000434	1.1434220384906324	1005.5200386161299	0.025331507755944532	NaN	NaN	NaN	NaN	NaN	NaN	NaN	NaN	0.27307264720422725	0.6776211459693494	0.24204009749264596	0.7696249066332288	1.700759046088556e-14	-2.2753680982406454e-15	0.7696249066332288	2.2258933720901504	263.94880376745795	68.05119623254207	18.330087963796693	NaN	0.15368692098858525	0.17431735806385953	-13.476507431074198	-0.21518928511946392	NaN	0.1287524007469272	1	7.762632829723833	3	6	11	17	29	74	0.0265902028805005	1.0156842720880963	22.37611996977465	1.016727926060109	NaN	1	NaN	1	NaN	1	-0.009447070659857172	1.1501510266734327	NaN	NaN	800009909	800009909	800009909	800009909	800009919	800109919	899999999	899999999	89999	89999	89	89	13	7	1	12	0	0	12	NaN	0	0	0	0	0	0	0	0	0	NaN	NaN	NaN	NaN	0	0	0	0	0	0	0	0	10147	0	0	0	18000	18000	18000	18000	6	NaN	0.12505471136170002	0.19100087339821742	0.03257913136780163	0.3920977768153213	NaN	NaN	2.1182815220794035e-7	NaN	0.019462001124884835	NaN	NaN	-0.000009447070659857173	NaN	NaN	NaN	96164.0905438368	11.430000305175781	NaN	0	0	0	0	0.0002845214345207853	-1	0	2.1153552187879905	89.85585616011821	1.0001075621346633	-273.1499938964844	9.001017548826006	-273.1499938964844	080
DATA	2025-09-09T183000_AIU-0547.ghg	2025-09-09	19:00:00	252.791	0	18000	18000	0.024042613982126943	1	NaN	41.581498814341145	1	NaN	NaN	NaN	NaN	NaN	NaN	NaN	NaN	NaN	NaN	-0.015155422393729174	1	NaN	NaN	NaN	NaN	NaN	NaN	NaN	NaN	NaN	NaN	NaN	NaN	-7.926867763793003e-13	NaN	NaN	NaN	NaN	NaN	0	NaN	NaN	NaN	NaN	0	0.08809646046779859	2.219414725210731	2.219414725210731	0.1	0	NaN	NaN	NaN	NaN	9	290.9728824454413	290.26249266391335	95790.16850933159	1.1497081113716479	1005.4811692823877	0.025193006772638516	NaN	NaN	NaN	NaN	NaN	NaN	NaN	NaN	0.7770738591867026	0.6770464022321839	0.24544637494169627	1.059471347596986	3.7886177710830284e-14	-8.997941258594002e-15	1.059471347596986	2.2312449614541743	290.9351194383826	41.064880561617365	13.395336416540154	NaN	0.14460957312797657	0.12315668735144293	-6.142325087629299	-0.4721339164937114	NaN	0.24873766807842132	1	12.078682864612572	5	10	16	25	40	95	0.023745401131585648	1.0125166489668582	40.974051293235426	1.0148251759817073	NaN	1	NaN	1	NaN	1	-0.01319898143443176	1.1482266619599684	NaN	NaN	800009909	800009909	800009909	800009909	800009919	800009919	899999999	899999999	89999	89999	89	89	4	5	0	44	0	0	5	NaN	0	0	0	0	0	0	0	0	0	NaN	NaN	NaN	NaN	0	0	0	0	0	0	0	0	16509	0	0	0	18000	18000	18000	18000	6	NaN	0.1237237014962676	0.09244238763404004	0.03014728557257821	0.2068174235967456	NaN	NaN	1.2472869853009198e-7	NaN	0.03544437884768953	NaN	NaN	-0.00001319898143443176	NaN	NaN	NaN	96162.39560915799	11.411696552912392	NaN	0	0	0	0	0.0002823474010607848	-1	0	2.090839617424541	89.14159638763856	1.000126530792978	-288.33099453396477	9.001064514928395	-273.1499938964844	219
DATA	2025-09-09T190000_AIU-0547.ghg	2025-09-09	19:30:00	252.812	0	18000	18000	0.027381714254223765	1	NaN	34.06028143241706	1	NaN	NaN	NaN	NaN	NaN	NaN	NaN	NaN	NaN	NaN	-0.024971930743937984	1	NaN	NaN	NaN	NaN	NaN	NaN	NaN	NaN	NaN	NaN	NaN	NaN	-4.582405127111689e-13	NaN	NaN	NaN	NaN	NaN	0	NaN	NaN	NaN	NaN	0	0.08912792524964448	2.234213908587942	2.234213908587942	0	0	NaN	NaN	NaN	NaN	9	289.6595002356636	288.819245619032	95791.10770594618	1.1554646004750413	1005.4472668179826	0.02506749598770509	NaN	NaN	NaN	NaN	NaN	NaN	NaN	NaN	0.8425008813921016	0.8360108130239684	0.2442847008193593	1.2117742486510705	1.4115522245574362e-14	-5.141379779992093e-15	1.2117742486510705	2.63915832702339	287.22153654001477	44.77846345998527	11.630104419997489	NaN	0.1539401816345002	0.14275436772346217	-9.04561196735897	-0.3205974355814322	NaN	0.19044970087666632	1	14.623717286147256	6	12	20	30	50	120	0.02707132770374878	1.0114655089647488	33.58169705245098	1.0142513458810192	NaN	1	NaN	1	NaN	1	-0.02175384555035422	1.1479317845727448	NaN	NaN	800009909	800009909	800009909	800009909	800009909	800019909	899999999	899999999	89999	89999	89	89	1	11	1	54	0	0	1	NaN	0	0	0	0	0	0	0	0	0	NaN	NaN	NaN	NaN	0	0	0	0	0	0	0	0	17802	0	0	0	18000	18000	18000	18000	6	NaN	0.12244991720835889	0.11695518518396901	0.046103633054596416	0.20080944713245655	NaN	NaN	2.4937158291210184e-7	NaN	0.028905913375666843	NaN	NaN	-0.00002175384555035422	NaN	NaN	NaN	96164.62178298611	11.40999984741211	NaN	0	0	0	0	0.00028161130852661	-1	0	2.101405296007793	88.8450059908761	1.000147896721959	-292.1666196950302	9.001082468032838	-273.1499938964844	036
DATA	2025-09-09T193000_AIU-0547.ghg	2025-09-09	20:00:00	252.833	0	18000	18000	0.005135764755640241	0	NaN	31.434661859443036	0	NaN	NaN	NaN	NaN	NaN	NaN	NaN	NaN	NaN	NaN	-0.008706040704123993	0	NaN	NaN	NaN	NaN	NaN	NaN	NaN	NaN	NaN	NaN	NaN	NaN	1.3375358619997489e-13	NaN	NaN	NaN	NaN	NaN	0	NaN	NaN	NaN	NaN	0	0.08979055844899268	2.24212571693809	2.24212571693809	0	0	NaN	NaN	NaN	NaN	9	288.69222762807215	287.7293058666653	95799.85037955729	1.1599474418352351	1005.4224844419823	0.024970617798437837	NaN	NaN	NaN	NaN	NaN	NaN	NaN	NaN	1.047446949948675	0.5444457405264166	0.2857428147578541	1.2145843871546627	4.721995317974528e-14	1.4896174888583222e-15	1.2145843871546627	2.4106049024446365	304.5353292594074	27.464670740592606	13.606934417421014	NaN	0.06654009331514678	0.15375351438983237	-0.7915698073176204	-3.663606132006452	NaN	0.40507783747128484	1	18.72707304038225	8	15	23	35	54	114	0.005077632295363184	1.0114487337592646	30.993237793451055	1.014242592817626	NaN	1	NaN	1	NaN	1	-0.00758412386324101	1.1479296568876898	NaN	NaN	800009909	800009909	800009909	800009909	800009919	800019919	899999999	899999999	89999	89999	89	89	2	8	1	57	0	0	10	NaN	0	0	0	0	0	0	0	0	0	NaN	NaN	NaN	NaN	0	0	0	0	0	0	0	0	16118	0	0	0	18000	18000	18000	18000	6	NaN	0.10762852598227768	0.1594065352426671	0.04047196755471991	0.13345886964489	NaN	NaN	6.627089982546975e-8	NaN	0.026575414300396887	NaN	NaN	-0.0000075841238632410095	NaN	NaN	NaN	96176.01193185763	11.40999984741211	NaN	0	0	0	0	0.00028027603594172327	-1	0	2.1064913154774243	88.45833563465541	1.0001680574930376	-281.467244245743	9.001095649957657	-273.1499938964844	254
DATA	2025-09-09T200000_AIU-0547.ghg	2025-09-09	20:30:00	252.854	0	18000	18000	0.01286424230258116	1	NaN	47.23795955085454	1	NaN	NaN	NaN	NaN	NaN	NaN	NaN	NaN	NaN	NaN	-0.016064756804408286	1	NaN	NaN	NaN	NaN	NaN	NaN	NaN	NaN	NaN	NaN	NaN	NaN	3.936192727689901e-13	NaN	NaN	NaN	NaN	NaN	0	NaN	NaN	NaN	NaN	0	0.09028805506255948	2.2479329082294814	2.2479329082294814	-0.1	0	NaN	NaN	NaN	NaN	9	287.81998897637254	286.91415213189913	95809.58153125174	1.1633611361719713	1005.4044116166733	0.02489734557546861	NaN	NaN	NaN	NaN	NaN	NaN	NaN	NaN	0.9322292697815266	0.25850620923765166	0.25085422552528763	0.9994021783624807	1.5297062535821366e-14	4.3595941068423306e-15	0.9994021783624807	2.527554543951251	316.50136105317904	15.498638946820906	14.536948329152452	NaN	0.10515618700326944	0.11538833348538904	-2.0791453287029804	-1.3948038936792782	NaN	0.38406166636588096	1	12.428702007535772	6	10	16	24	38	84	0.01269887202954828	1.0130224379494563	46.53456671644743	1.0151154912152325	NaN	1	NaN	1	NaN	1	-0.013988161349026884	1.148453781992289	NaN	NaN	800009909	800009909	800009909	800009919	800009919	800019919	899999999	899999999	89999	89999	89	89	12	8	0	27	0	0	10	NaN	0	0	0	0	0	0	0	0	0	NaN	NaN	NaN	NaN	0	39	0	0	0	0	0	0	16317	0	0	0	18000	18000	18000	18000	6	NaN	0.07907654178534251	0.11482238117022824	0.03687774401520733	0.1736247476783122	NaN	NaN	1.555391494834785e-7	NaN	0.03978508924221984	NaN	NaN	-0.000013988161349026884	NaN	NaN	NaN	96188.36233333334	11.40999984741211	NaN	0	0	0	0	0.0002790944399215126	-1	0	2.1107547992633444	87.89337789230066	1.0001433076825408	-302.088776361678	9.000947929859162	-273.1499938964844	197
DATA	2025-09-09T203000_AIU-0547.ghg	2025-09-09	21:00:00	252.874	0	18000	18000	0.005798734601105143	0	NaN	29.236577892180577	0	NaN	NaN	NaN	NaN	NaN	NaN	NaN	NaN	NaN	NaN	-0.032989889953955846	1	NaN	NaN	NaN	NaN	NaN	NaN	NaN	NaN	NaN	NaN	NaN	NaN	-1.1461486392284726e-12	NaN	NaN	NaN	NaN	NaN	0	NaN	NaN	NaN	NaN	0	0.0900718484781683	2.237191017095552	2.237191017095552	0	0	NaN	NaN	NaN	NaN	9	287.11210362752274	286.27107672288685	95823.82449978299	1.1661478273737427	1005.3904327116628	0.024837849504529753	NaN	NaN	NaN	NaN	NaN	NaN	NaN	NaN	0.9933027486600472	0.3448971449456944	0.25217538597215344	1.081294047138639	-6.301027483044699e-15	-1.2724826442373692e-14	1.081294047138639	2.3665714745811437	312.85184415399294	19.148155846007022	13.486502462515611	NaN	0.07051634800242823	0.12103467720922938	-1.013104959689317	-2.8624872203659195	NaN	0.35362940439172824	1	16.995302907297024	8	13	21	32	49	106	0.005728010205519758	1.012347114102072	28.812185177651173	1.0147296260909289	NaN	1	NaN	1	NaN	1	-0.028732803200307928	1.1481612052945218	NaN	NaN	800009909	800009909	800009909	800009909	800009919	800019919	899999999	899999999	89999	89999	89	89	5	3	0	46	0	0	1	NaN	0	0	0	0	0	0	0	0	0	NaN	NaN	NaN	NaN	0	0	0	0	0	0	0	0	16118	0	0	0	18000	18000	18000	18000	6	NaN	0.09537962833806644	0.10928357700551602	0.03740614907487629	0.09765502968829434	NaN	NaN	3.2855418487861727e-7	NaN	0.024574678321005267	NaN	NaN	-0.00002873280320030793	NaN	NaN	NaN	96204.68740993923	11.40999984741211	NaN	0	0	0	0	0.0002785304321247774	-1	0	2.098989051202931	87.76622005102371	1.000162300373117	-273.1499938964844	9.001051030635834	-273.1499938964844	190
DATA	2025-09-09T210000_AIU-0547.ghg	2025-09-09	21:30:00	252.895	0	18000	18000	0.028627783133286743	1	NaN	53.75379614530747	0	NaN	NaN	NaN	NaN	NaN	NaN	NaN	NaN	NaN	NaN	-0.04190182580568149	1	NaN	NaN	NaN	NaN	NaN	NaN	NaN	NaN	NaN	NaN	NaN	NaN	-6.645846580710773e-13	NaN	NaN	NaN	NaN	NaN	0	NaN	NaN	NaN	NaN	0	0.09004218578097838	2.233064790543775	2.233064790543775	0.1	0	NaN	NaN	NaN	NaN	9	286.66773499043785	285.86947707027855	95834.63926302083	1.1679178708855367	1005.381827620889	0.02480020638298982	NaN	NaN	NaN	NaN	NaN	NaN	NaN	NaN	0.9875555207811081	0.5222014321755778	0.29080116503970865	1.1543507092646823	-5.2864775116441745e-14	-7.380814362810286e-15	1.1543507092646823	2.5802556686138494	304.13092680333153	27.86907319666847	14.591010053015584	NaN	0.15656248551989022	0.18815771774938983	-6.03110377989698	-0.48084067292397614	NaN	0.2924004910977308	1	12.136142426843195	5	10	16	25	40	95	0.028293138541032742	1.011827764946214	52.98845072375856	1.014443627075244	NaN	1	NaN	1	NaN	1	-0.03649982333456191	1.1480007840477517	NaN	NaN	800009909	800009909	800009909	800009909	800009919	800019919	899999999	899999999	89999	89999	89	89	7	2	0	23	0	0	5	NaN	0	0	0	0	0	0	0	0	0	NaN	NaN	NaN	NaN	0	0	0	0	0	0	0	0	14829	0	0	0	18000	18000	18000	18000	6	NaN	0.1338796880713087	0.18797786380652162	0.054457883620949325	0.1379114908466854	NaN	NaN	4.427493947837331e-7	NaN	0.04512714795743078	NaN	NaN	-0.00003649982333456191	NaN	NaN	NaN	96217.24937065972	11.382545091787975	NaN	0	0	0	0	0.00027833891174587833	-1	0	2.0944190866135903	87.50530889362761	1.000133079379797	-273.1499938964844	9.000869316789839	-273.1499938964844	137
DATA	2025-09-09T213000_AIU-0547.ghg	2025-09-09	22:00:00	252.916	0	18000	18000	0.03671248992134347	1	NaN	57.10721185091708	0	NaN	NaN	NaN	NaN	NaN	NaN	NaN	NaN	NaN	NaN	-0.02519856077421085	0	NaN	NaN	NaN	NaN	NaN	NaN	NaN	NaN	NaN	NaN	NaN	NaN	-1.2096827596868368e-13	NaN	NaN	NaN	NaN	NaN	0	NaN	NaN	NaN	NaN	0	0.09090106717083188	2.2504078976751756	2.2504078976751756	0	0	NaN	NaN	NaN	NaN	9	286.1418765174019	285.38975013987226	95842.05784006076	1.1699716473553032	1005.3716741765618	0.024756671926039624	NaN	NaN	NaN	NaN	NaN	NaN	NaN	NaN	1.1377724305449273	0.9906847923552179	0.2590180530346661	1.5307099050146407	3.469427826888571e-14	-1.3307684907741072e-15	1.5307099050146407	2.846141905377068	290.95315621818634	41.04684378181368	9.742141772518629	NaN	0.1771410650333863	0.18074494679547054	-8.2229799950648	-0.3526702000662166	NaN	0.27407518960509897	1	16.38574355443733	7	13	22	34	55	131	0.036349562946062106	1.0099843559555282	56.34279404561327	1.0135672683304446	NaN	1	NaN	1	NaN	1	-0.02194521203692	1.1482486809340238	NaN	NaN	800009909	800009909	800009909	800009909	800009919	800019919	899999999	899999999	89999	89999	89	89	7	15	0	57	0	0	1	NaN	0	0	0	0	0	0	0	0	0	NaN	NaN	NaN	NaN	0	0	0	0	0	0	0	0	15223	0	0	0	18000	18000	18000	18000	6	NaN	0.14304996733289985	0.15052876372347834	0.06791116253456288	0.12565381311064305	NaN	NaN	8.142361468558046e-8	NaN	0.0479000975099032	NaN	NaN	-0.000021945212036920002	NaN	NaN	NaN	96224.49116449653	11.387456714736093	NaN	0	0	0	0	0.0002780842149934162	-1	0	2.1097802608278062	86.69992348607384	1.0001569952070712	-273.1499938964844	9.000970250580046	-273.1499938964844	031
DATA	2025-09-09T220000_AIU-0547.ghg	2025-09-09	22:30:00	252.937	0	18000	18000	0.022004319279174726	1	NaN	43.07971219415784	0	NaN	NaN	NaN	NaN	NaN	NaN	NaN	NaN	NaN	NaN	-0.021641793821865613	1	NaN	NaN	NaN	NaN	NaN	NaN	NaN	NaN	NaN	NaN	NaN	NaN	-5.289090551301942e-13	NaN	NaN	NaN	NaN	NaN	0	NaN	NaN	NaN	NaN	0	0.09068510052189234	2.2426335575430367	2.2426335575430367	0	0	NaN	NaN	NaN	NaN	9	285.8613126449585	285.1176168017917	95854.32091536459	1.171238180181035	1005.365975283243	0.024729900994062873	NaN	NaN	NaN	NaN	NaN	NaN	NaN	NaN	1.1101845217113069	0.9027073275472393	0.2587005284536216	1.4540688274208344	-1.5624627036636695e-14	-5.8323699492675755e-15	1.4540688274208344	2.8535577105011822	292.8849336274177	39.1150663725823	10.248332859369587	NaN	0.13706651110322265	0.19399055954063651	-5.0503436395647485	-0.5742183516545677	NaN	0.26691441591382353	1	19.20097449858858	9	15	25	38	61	140	0.021780546680670802	1.01027396611227	42.49820871884376	1.0136830114219906	NaN	1	NaN	1	NaN	1	-0.01885040800849308	1.1480809228168891	NaN	NaN	800009909	800009909	800009909	800009909	800009909	800019909	899999999	899999999	89999	89999	89	89	6	7	0	72	0	0	0	NaN	0	0	0	0	0	0	0	0	0	NaN	NaN	NaN	NaN	0	0	0	0	0	0	0	0	15623	0	0	0	18000	18000	18000	18000	6	NaN	0.12799358874291766	0.20422670299007203	0.05576082734828331	0.10553685881057691	NaN	NaN	1.0789653826163508e-7	NaN	0.03609119156603103	NaN	NaN	-0.00001885040800849308	NaN	NaN	NaN	96238.41284852431	11.40999984741211	NaN	0	0	0	0	0.0002765843045393318	-1	0	2.1021346613632312	86.38005559115942	1.0001606174293491	-273.1499938964844	9.000978665590287	-273.1499938964844	148
DATA	2025-09-09T223000_AIU-0547.ghg	2025-09-09	23:00:00	252.958	0	18000	18000	0.01899297051985835	1	NaN	46.51923053042599	0	NaN	NaN	NaN	NaN	NaN	NaN	NaN	NaN	NaN	NaN	-0.02229874498122591	0	NaN	NaN	NaN	NaN	NaN	NaN	NaN	NaN	NaN	NaN	NaN	NaN	-3.212196401712172e-13	NaN	NaN	NaN	NaN	NaN	0	NaN	NaN	NaN	NaN	0	0.09072715549305495	2.2427796836334464	2.2427796836334464	0	0	NaN	NaN	NaN	NaN	9	285.68735446251765	284.9579318101671	95838.8186623264	1.1717049924797764	1005.3626517302424	0.024720048495349645	NaN	NaN	NaN	NaN	NaN	NaN	NaN	NaN	1.1508160053608438	0.5322138871887442	0.2758907695112322	1.2975919299274152	-1.391808861782872e-14	-3.5405016108523993e-15	1.2975919299274152	2.5014354215504846	307.1810383488363	24.818961651163686	12.275789475404602	NaN	0.12731726682902325	0.19857487577329797	-3.747809060876271	-0.773785417798727	NaN	0.3101731407619169	1	16.64068450125335	7	13	22	33	52	117	0.018786552058778824	1.010987564957832	45.87652578050957	1.0140094468572307	NaN	1	NaN	1	NaN	1	-0.01942551743417057	1.147909962079114	NaN	NaN	800009909	800009909	800009909	800009909	800009909	800019919	899999999	899999999	89999	89999	89	89	7	0	0	54	0	0	4	NaN	0	0	0	0	0	0	0	0	0	NaN	NaN	NaN	NaN	0	0	0	0	0	0	0	0	14329	0	0	0	18000	18000	18000	18000	6	NaN	0.11774627761548222	0.22917764371497287	0.05022583021614084	0.12504523219350266	NaN	NaN	6.953596532047028e-8	NaN	0.038944801400002414	NaN	NaN	-0.00001942551743417057	NaN	NaN	NaN	96224.29012044272	11.404180825339424	NaN	0	0	0	0	0.00027625538004859767	-1	0	2.1015766299962997	86.77100665505729	1.000164211054643	-273.1499938964844	9.000995238886938	-273.1499938964844	218
DATA	2025-09-09T230000_AIU-0547.ghg	2025-09-09	23:30:00	252.979	0	18000	18000	0.02769945475702325	1	NaN	52.33006860874359	0	NaN	NaN	NaN	NaN	NaN	NaN	NaN	NaN	NaN	NaN	-0.021039046630069787	0	NaN	NaN	NaN	NaN	NaN	NaN	NaN	NaN	NaN	NaN	NaN	NaN	6.72437359249794e-13	NaN	NaN	NaN	NaN	NaN	0	NaN	NaN	NaN	NaN	0	0.09082623236155551	2.2446412167201433	2.2446412167201433	0	0	NaN	NaN	NaN	NaN	9	285.56087692684594	284.8426842973497	95825.1385657552	1.1720117473716571	1005.3602624815657	0.024713578427263315	NaN	NaN	NaN	NaN	NaN	NaN	NaN	NaN	1.0913794466824371	0.5344381608430919	0.24380210273482333	1.2394243460994874	4.818974973556334e-14	7.403558881238147e-15	1.2394243460994874	2.567186848963496	305.90944683920077	26.09055316079922	11.344395782920914	NaN	0.1537338940157255	0.23678464511738975	-5.86489634457961	-0.49446739202478934	NaN	0.28888699813875773	1	13.704381902267182	6	11	18	28	45	105	0.027389847037872037	1.0113037403503247	51.59902303626732	1.0141678180992388	NaN	1	NaN	1	NaN	1	-0.018328058112084197	1.1479146618483362	NaN	NaN	800009909	800009909	800009909	800009909	800009919	800019919	899999999	899999999	89999	89999	89	89	5	0	0	59	0	0	8	NaN	0	0	0	0	0	0	0	0	0	NaN	NaN	NaN	NaN	0	0	0	0	0	0	0	0	15028	0	0	0	18000	18000	18000	18000	6	NaN	0.13471740027321677	0.28261647577834553	0.0562354141832172	0.1158232799472746	NaN	NaN	7.149482427639788e-8	NaN	0.04379129603779151	NaN	NaN	-0.000018328058112084197	NaN	NaN	NaN	96210.56987847222	11.399999618530273	NaN	0	0	0	0	0.00027612299703307346	-1	0	2.1027804075015917	86.67577083282116	1.0001622922569513	-273.1499938964844	9.000972402307722	-273.1499938964844	016
