DATAH	filename	date	time	DOY	daytime	file_records	used_records	Tau	qc_Tau	rand_err_Tau	H	qc_H	rand_err_H	LE	qc_LE	rand_err_LE	co2_flux	qc_co2_flux	rand_err_co2_flux	h2o_flux	qc_h2o_flux	rand_err_h2o_flux	ch4_flux	qc_ch4_flux	rand_err_ch4_flux	none_flux	qc_none_flux	rand_err_none_flux	H_strg	LE_strg	co2_strg	h2o_strg	ch4_strg	none_strg	co2_v-adv	h2o_v-adv	ch4_v-adv	none_v-adv	co2_molar_density	co2_mole_fraction	co2_mixing_ratio	co2_time_lag	co2_def_timelag	h2o_molar_density	h2o_mole_fraction	h2o_mixing_ratio	h2o_time_lag	h2o_def_timelag	ch4_molar_density	ch4_mole_fraction	ch4_mixing_ratio	ch4_time_lag	ch4_def_timelag	none_molar_density	none_mole_fraction	none_mixing_ratio	none_time_lag	none_def_timelag	sonic_temperature	air_temperature	air_pressure	air_density	air_heat_capacity	air_molar_volume	ET	water_vapor_density	e	es	specific_humidity	RH	VPD	Tdew	u_unrot	v_unrot	w_unrot	u_rot	v_rot	w_rot	wind_speed	max_wind_speed	wind_dir	yaw	pitch	roll	u*	TKE	L	(z-d)/L	bowen_ratio	T*	model	x_peak	x_offset	x_10%	x_30%	x_50%	x_70%	x_90%	un_Tau	Tau_scf	un_H	H_scf	un_LE	LE_scf	un_co2_flux	co2_scf	un_h2o_flux	h2o_scf	un_ch4_flux	ch4_scf	un_none_flux	un_none_scf	spikes_hf	amplitude_resolution_hf	drop_out_hf	absolute_limits_hf	skewness_kurtosis_hf	skewness_kurtosis_sf	discontinuities_hf	discontinuities_sf	timelag_hf	timelag_sf	attack_angle_hf	non_steady_wind_hf	u_spikes	v_spikes	w_spikes	ts_spikes	co2_spikes	h2o_spikes	ch4_spikes	none_spikes	head_detect_LI-7200	t_out_LI-7200	t_in_LI-7200	aux_in_LI-7200	delta_p_LI-7200	chopper_LI-7200	detector_LI-7200	pll_LI-7200	sync_LI-7200	chopper_LI-7500	detector_LI-7500	pll_LI-7500	sync_LI-7500	not_ready_LI-7700	no_signal_LI-7700	re_unlocked_LI-7700	bad_temp_LI-7700	laser_temp_unregulated_LI-7700	block_temp_unregulated_LI-7700	motor_spinning_LI-7700	pump_on_LI-7700	top_heater_on_LI-7700	bottom_heater_on_LI-7700	calibrating_LI-7700	motor_failure_LI-7700	bad_aux_tc1_LI-7700	bad_aux_tc2_LI-7700	bad_aux_tc3_LI-7700	box_connected_LI-7700	mean_value_RSSI_LI-7200	mean_value_LI-7500	u_var	v_var	w_var	ts_var	co2_var	h2o_var	ch4_var	none_var	w/ts_cov	w/co2_cov	w/h2o_cov	w/ch4_cov	w/none_cov	co2_mean	h2o_mean	air_p_mean	vin_sf_mean	dew_point_mean	avg_signal_strength_7200_mean	co2_signal_strength_7200_mean	h2o_signal_strength_7200_mean	delta_signal_strength_7200_mean	flowrate_mean	hit_power_mean	hit_vin_mean	ch4_mean	rssi_77_mean	ch4_aux-1_mean	ch4_aux-2_mean	ch4_aux-3_mean	ch4_aux-4_mean	CHK
DATAU		[yyyy-mm-dd]	[HH:MM]	[ddd.ddd]	[1=daytime]	[#]	[#]	[kg+1m-1s-2]	[#]	[kg+1m-1s-2]	[W+1m-2]	[#]	[W+1m-2]	[W+1m-2]	[#]	[W+1m-2]	[µmol+1s-1m-2]	[#]	[µmol+1s-1m-2]	[mmol+1s-1m-2]	[#]	[mmol+1s-1m-2]	[µmol+1s-1m-2]	[#]	[µmol+1s-1m-2]	[µmol+1s-1m-2]	[#]	[µmol+1s-1m-2]	[W+1m-2]	[W+1m-2]	[µmol+1s-1m-2]	[mmol+1s-1m-2]	[µmol+1s-1m-2]	[µmol+1s-1m-2]	[µmol+1s-1m-2]	[mmol+1s-1m-2]	[µmol+1s-1m-2]	[µmol+1s-1m-2]	[mmol+1m-3]	[µmol+1mol_a-1]	[µmol+1mol_d-1]	[s]	[1=default]	[mmol+1m-3]	[mmol+1mol_a-1]	[mmol+1mol_d-1]	[s]	[1=default]	[mmol+1m-3]	[µmol+1mol_a-1]	[µmol+1mol_d-1]	[s]	[1=default]	[mmol+1m-3]	[µmol+1mol_a-1]	[µmol+1mol_d-1]	[s]	[1=default]	[K]	[K]	[Pa]	[kg+1m-3]	[J+1kg-1K-1]	[m+3mol-1]	[mm]	[kg+1m-3]	[Pa]	[Pa]	[kg+1kg-1]	[%]	[Pa]	[K]	[m+1s-1]	[m+1s-1]	[m+1s-1]	[m+1s-1]	[m+1s-1]	[m+1s-1]	[m+1s-1]	[m+1s-1]	[deg_from_north]	[deg]	[deg]	[deg]	[m+1s-1]	[m+2s-2]	[m]	[#]	[#]	[K]	[0=KJ/1=KM/2=HS]	[m]	[m]	[m]	[m]	[m]	[m]	[m]	[kg+1m-1s-2]	[#]	[W+1m-2]	[#]	[W+1m-2]	[#]	[µmol+1s-1m-2]	[#]	[mmol+1s-1m-2]	[#]	[µmol+1s-1m-2]	[#]	[µmol+1s-1m-2]	[#]	8u/v/w/ts/co2/h2o/ch4/none	8u/v/w/ts/co2/h2o/ch4/none	8u/v/w/ts/co2/h2o/ch4/none	8u/v/w/ts/co2/h2o/ch4/none	8u/v/w/ts/co2/h2o/ch4/none	8u/v/w/ts/co2/h2o/ch4/none	8u/v/w/ts/co2/h2o/ch4/none	8u/v/w/ts/co2/h2o/ch4/none	8co2/h2o/ch4/none	8co2/h2o/ch4/none	8aa	8U	[#]	[#]	[#]	[#]	[#]	[#]	[#]	[#]	[#_flagged_recs]	[#_flagged_recs]	[#_flagged_recs]	[#_flagged_recs]	[#_flagged_recs]	[#_flagged_recs]	[#_flagged_recs]	[#_flagged_recs]	[#_flagged_recs]	[#_flagged_recs]	[#_flagged_recs]	[#_flagged_recs]	[#_flagged_recs]	[#_flagged_recs]	[#_flagged_recs]	[#_flagged_recs]	[#_flagged_recs]	[#_flagged_recs]	[#_flagged_recs]	[#_flagged_recs]	[#_flagged_recs]	[#_flagged_recs]	[#_flagged_recs]	[#_flagged_recs]	[#_flagged_recs]	[#_flagged_recs]	[#_flagged_recs]	[#_flagged_recs]	[#_flagged_recs]	[#]	[#]	[m+2s-2]	[m+2s-2]	[m+2s-2]	[K+2]	--	--	--	--	[m+1s-1K+1]	--	--	--	--	--	--	--	--	--	--	--	--	--	--	--	--	--	--	--	--	--	--	207
DATA	2025-08-25T233000_AIU-0547.ghg	2025-08-26	00:00:00	238	0	18000	18000	0.034997814494125694	0	NaN	49.13609162898323	0	NaN	NaN	NaN	NaN	NaN	NaN	NaN	NaN	NaN	NaN	-0.01603429825466722	0	NaN	NaN	NaN	NaN	NaN	NaN	NaN	NaN	NaN	NaN	NaN	NaN	-5.821112291753455e-13	NaN	NaN	NaN	NaN	NaN	0	NaN	NaN	NaN	NaN	0	0.09058758796254793	2.2740512960482544	2.2740512960482544	0	0	NaN	NaN	NaN	NaN	9	289.1930077785916	288.1790752682157	95442.30135763889	1.1538146209013511	1005.4326254291973	0.025103343042850713	NaN	NaN	NaN	NaN	NaN	NaN	NaN	NaN	1.256798691639882	0.3762673548957576	0.29664356987607365	1.345034379195116	-1.4026842756239596e-14	-6.425949098192245e-15	1.345034379195116	3.6458658748829293	315.3330602790227	16.666939720977325	12.741174865041451	NaN	0.17416161507408864	0.23604753330885453	-9.056271087440324	-0.3202200963288147	NaN	0.24319752675037665	1	14.226391527288193	6	11	19	30	49	117	0.034625529790104165	1.0107517402990878	48.46264577470049	1.0138961842366911	NaN	1	NaN	1	NaN	1	-0.013967948526893318	1.147935090381772	NaN	NaN	800009909	800009909	800009909	800009909	800009909	800009909	899999999	899999999	89999	89999	89	89	1	1	0	47	0	0	0	NaN	0	0	0	0	0	0	0	0	0	NaN	NaN	NaN	NaN	0	0	0	0	0	0	0	0	16512	0	0	0	18000	18000	18000	18000	6	NaN	0.2522336938735704	0.17596510646653032	0.04389626627760834	0.23360241677056218	NaN	NaN	5.389989643731765e-8	NaN	0.04177515873852196	NaN	NaN	-0.000013967948526893318	NaN	NaN	NaN	95828.68371788194	11.65999984741211	NaN	0	0	0	0	0.0002815386195207894	-1	0	2.1301806497838767	87.3507995766534	1.0001770086685817	-273.1499938964844	9.001109952449799	-273.1499938964844	169
DATA	2025-08-26T000000_AIU-0547.ghg	2025-08-26	00:30:00	238.02	0	18000	18000	0.023099903800836066	0	NaN	60.8995689506616	0	NaN	NaN	NaN	NaN	NaN	NaN	NaN	NaN	NaN	NaN	-0.022366614953168502	0	NaN	NaN	NaN	NaN	NaN	NaN	NaN	NaN	NaN	NaN	NaN	NaN	-3.2068262415067676e-13	NaN	NaN	NaN	NaN	NaN	0	NaN	NaN	NaN	NaN	0	0.09075096546026483	2.2721427782840347	2.2721427782840347	-0.1	0	NaN	NaN	NaN	NaN	9	288.4323982819451	287.42570191616477	95444.57675455729	1.1568664714845867	1005.4157070516654	0.025037119624682	NaN	NaN	NaN	NaN	NaN	NaN	NaN	NaN	1.4885544099642183	0.3531128688444119	0.2987181695337521	1.558754462504269	-1.8765557341919677e-14	-3.5336552346772237e-15	1.558754462504269	2.9201781811226173	318.6550419139711	13.344958086028875	11.048450701109529	NaN	0.1413069323737866	0.24802569745581474	-3.902734107295391	-0.7430688128558445	NaN	0.37052869779794056	1	18.70880732003186	8	15	24	37	58	131	0.022873759154627835	1.009886641049225	60.08652813120823	1.0135311665483147	NaN	1	NaN	1	NaN	1	-0.01947765698897535	1.1483216367260367	NaN	NaN	800009909	800009909	800009909	800009909	800009909	800019919	899999999	899999999	89999	89999	89	89	1	3	1	68	0	0	5	NaN	0	0	0	0	0	0	0	0	0	NaN	NaN	NaN	NaN	0	0	0	0	0	0	0	0	16513	0	0	0	18000	18000	18000	18000	6	NaN	0.2157199194835443	0.22576566002364715	0.054565815404438014	0.2085404134852882	NaN	NaN	6.337277794373157e-8	NaN	0.05165926354351029	NaN	NaN	-0.00001947765698897535	NaN	NaN	NaN	95829.78617773438	11.65999984741211	NaN	0	0	0	0	0.0002807961164669703	-1	0	2.1266517147454946	86.86540985069232	1.0001693288981914	-273.1499938964844	9.001053425841862	-273.1499938964844	021
DATA	2025-08-26T003000_AIU-0547.ghg	2025-08-26	01:00:00	238.041	0	18000	18000	0.028743587771918207	0	NaN	64.23316792920734	0	NaN	NaN	NaN	NaN	NaN	NaN	NaN	NaN	NaN	NaN	-0.01510381826158517	0	NaN	NaN	NaN	NaN	NaN	NaN	NaN	NaN	NaN	NaN	NaN	NaN	-1.573754380271809e-12	NaN	NaN	NaN	NaN	NaN	0	NaN	NaN	NaN	NaN	0	0.09098431269523732	2.2749515107864093	2.2749515107864093	-0.1	0	NaN	NaN	NaN	NaN	9	288.05208193206784	287.04098912811276	95443.92975976563	1.158409133749966	1005.4071977753392	0.025003777501805474	NaN	NaN	NaN	NaN	NaN	NaN	NaN	NaN	1.8445824843628618	0.4799255937166703	0.3388065732968099	1.9358726743336312	-1.2884093676034395e-14	-1.7296985971013318e-14	1.9358726743336312	3.584875429033936	317.4160622543702	14.583937745629797	10.079525520812778	NaN	0.15752137761699503	0.2669750637515974	-5.125617124978309	-0.5657855296814182	NaN	0.35011915938945437	1	23.39153504627653	10	18	31	46	74	168	0.028489901290608972	1.0089044352495828	63.39014264968327	1.0132989964099455	NaN	1	NaN	1	NaN	1	-0.013135847180046638	1.1498168374345799	NaN	NaN	800009909	800009909	800009909	800009909	800009909	800019909	899999999	899999999	89999	89999	89	89	3	0	0	37	0	0	0	NaN	0	0	0	0	0	0	0	0	0	NaN	NaN	NaN	NaN	0	0	0	0	0	0	0	0	16713	0	0	0	18000	18000	18000	18000	6	NaN	0.2829324002581124	0.18930668266388967	0.061711044581192795	0.17818118461793245	NaN	NaN	3.8980008845004606e-8	NaN	0.054427422224366674	NaN	NaN	-0.000013135847180046639	NaN	NaN	NaN	95830.3853374566	11.65999984741211	NaN	0	0	0	0	0.0002807585360779841	-1	0	2.1283649538954097	87.09239117060764	1.000158049179448	-284.61649437798405	9.001010663482878	-273.1499938964844	050
DATA	2025-08-26T010000_AIU-0547.ghg	2025-08-26	01:30:00	238.062	0	18000	18000	0.06790626095779535	1	NaN	57.847728280972454	1	NaN	NaN	NaN	NaN	NaN	NaN	NaN	NaN	NaN	NaN	-0.016077266880769003	1	NaN	NaN	NaN	NaN	NaN	NaN	NaN	NaN	NaN	NaN	NaN	NaN	-4.978278050165913e-13	NaN	NaN	NaN	NaN	NaN	0	NaN	NaN	NaN	NaN	0	0.09085420992854071	2.2706307505326535	2.2706307505326535	-0.1	0	NaN	NaN	NaN	NaN	9	287.8702439052441	286.88762747277156	95437.79133159723	1.1589538427454658	1005.4038301732822	0.024992025711506004	NaN	NaN	NaN	NaN	NaN	NaN	NaN	NaN	1.6352399311130186	0.2543765351218495	0.3080529169619577	1.683334088520756	7.290765739416995e-15	-5.479413726762318e-15	1.683334088520756	3.884604849164415	323.1579843114659	8.8420156885341	10.544646528480238	NaN	0.24205933683983524	0.6120504355669583	-20.651177053109354	-0.14042783094358102	NaN	0.20509628518527126	0	78.62945105428048	-11.932322551850707	26.990946101538608	67.21127213421232	102.5014307811276	143.759714104416	215.37824817818387	0.06726724332560234	1.0094996851454117	57.08246738146029	1.0134062337284444	NaN	1	NaN	1	NaN	1	-0.013995845963482648	1.148717049524345	NaN	NaN	800009909	800009909	800009909	800009909	800009919	800019919	899999999	899999999	89999	89999	89	89	6	3	1	61	0	0	8	NaN	0	0	0	0	0	0	0	0	0	NaN	NaN	NaN	NaN	0	0	0	0	0	0	0	0	16314	17998	0	0	18000	18000	18000	18000	6	NaN	0.6737660361570106	0.4936107332918516	0.056724101685054276	0.17555502593456354	NaN	NaN	6.919399280071432e-8	NaN	0.04898871659552436	NaN	NaN	-0.000013995845963482648	NaN	NaN	NaN	95829.07317838541	11.62044865085096	NaN	0	0	0	0	0.0002803917291878154	-1	0	2.1238365892006295	87.01165695068576	1.0001655173848072	-273.1903688981798	9.001036010848152	-273.1499938964844	072
DATA	2025-08-26T013000_AIU-0547.ghg	2025-08-26	02:00:00	238.083	0	18000	18000	0.08154948295889358	1	NaN	58.837924536595324	1	NaN	NaN	NaN	NaN	NaN	NaN	NaN	NaN	NaN	NaN	-0.015623748493259069	1	NaN	NaN	NaN	NaN	NaN	NaN	NaN	NaN	NaN	NaN	NaN	NaN	-8.663598593951501e-13	NaN	NaN	NaN	NaN	NaN	0	NaN	NaN	NaN	NaN	0	0.09070140661516536	2.271110044603278	2.271110044603278	0	1	NaN	NaN	NaN	NaN	9	288.3872596477933	287.3594913914998	95413.84789583334	1.1567604804226175	1005.4142363042652	0.02503941371316668	NaN	NaN	NaN	NaN	NaN	NaN	NaN	NaN	1.4844783437283529	0.26233802887454083	0.2968856538564439	1.5364368798808208	2.925089867801802e-14	-9.551779754320743e-15	1.5364368798808208	3.9223248012366274	321.9781241078925	10.02187589210751	11.141341945167353	NaN	0.26551489198033446	0.42413471283475207	-26.791781987225598	-0.10824214684124889	NaN	0.19053729137316966	0	86.92154625187224	-13.190679989193272	29.837354051055158	74.29923039177916	113.31101434721053	158.9203087537347	238.09158158491405	0.08074493403408677	1.009964079287837	58.050774718617745	1.0135596780885876	NaN	1	NaN	1	NaN	1	-0.01360642472120448	1.1482625901652737	NaN	NaN	800009909	800009909	800009909	800009909	800009919	800009919	899999999	899999999	89999	89999	89	89	1	0	0	37	0	0	7	NaN	0	0	0	0	0	0	0	0	0	NaN	NaN	NaN	NaN	0	0	0	0	0	0	0	0	16215	18000	0	0	18000	18000	18000	18000	6	NaN	0.5297867179764487	0.26536415686031833	0.053118550832737095	0.22228988645090408	NaN	NaN	1.5573149831491426e-7	NaN	0.04991367497232948	NaN	NaN	-0.00001360642472120448	NaN	NaN	NaN	95811.8329876302	11.626604481167263	NaN	0	0	0	0	0.00028061187311929334	-1	0	2.124894133586354	88.5200549949653	1.0001685964597595	-273.1499938964844	9.001069784826703	-273.1499938964844	063
DATA	2025-08-26T020000_AIU-0547.ghg	2025-08-26	02:30:00	238.104	0	18000	18000	0.024090322378647062	0	NaN	59.24675631236992	0	NaN	NaN	NaN	NaN	NaN	NaN	NaN	NaN	NaN	NaN	-0.009115444989171011	0	NaN	NaN	NaN	NaN	NaN	NaN	NaN	NaN	NaN	NaN	NaN	NaN	-7.562876554721064e-13	NaN	NaN	NaN	NaN	NaN	0	NaN	NaN	NaN	NaN	0	0.09047790777630109	2.266350664195081	2.266350664195081	-0.1	0	NaN	NaN	NaN	NaN	9	288.4270620185004	287.4279856448704	95401.34844444445	1.156333321350202	1005.415757827079	0.025048663479248875	NaN	NaN	NaN	NaN	NaN	NaN	NaN	NaN	1.9463603225396495	0.3567988798968022	0.3807651916840326	2.015094557843525	4.171764366997681e-15	-8.358810167692683e-15	2.015094557843525	3.8629158014011993	321.61210612375794	10.387893876242073	10.891892330937793	NaN	0.144337701658906	0.29891573443627106	-4.273927030928935	-0.6785328759741804	NaN	0.35306613582709573	1	26.044316067185118	12	20	34	51	81	181	0.023881144438414402	1.0087591254586687	58.469236288689224	1.0132979336319996	NaN	1	NaN	1	NaN	1	-0.00792488550628984	1.150230496319	NaN	NaN	800009909	800009909	800009909	800009909	800009909	800019919	899999999	899999999	89999	89999	89	89	4	0	0	41	0	0	4	NaN	0	0	0	0	0	0	0	0	0	NaN	NaN	NaN	NaN	0	0	0	0	0	0	0	0	16911	603	0	0	18000	18000	18000	18000	6	NaN	0.2887589530025979	0.2571206773999449	0.051951838469999304	0.2470580440177657	NaN	NaN	4.697861825416914e-8	NaN	0.05029197523004285	NaN	NaN	-0.00000792488550628984	NaN	NaN	NaN	95794.83113042536	11.640000343322754	NaN	0	0	0	0	0.00028082212409612516	-1	0	2.120348421712716	86.74491165609359	1.0001609519935317	-273.1499938964844	9.001029734452565	-273.1499938964844	095
DATA	2025-08-26T023000_AIU-0547.ghg	2025-08-26	03:00:00	238.124	0	18000	18000	0.05666438247684541	0	NaN	59.50196147092643	0	NaN	NaN	NaN	NaN	NaN	NaN	NaN	NaN	NaN	NaN	-0.015291436088337539	0	NaN	NaN	NaN	NaN	NaN	NaN	NaN	NaN	NaN	NaN	NaN	NaN	-5.184834560255399e-13	NaN	NaN	NaN	NaN	NaN	0	NaN	NaN	NaN	NaN	0	0.09049454175846444	2.2672446095099077	2.2672446095099077	0	0	NaN	NaN	NaN	NaN	9	288.5169291890462	287.50565888637965	95407.04054600695	1.1560898972209979	1005.4174866257338	0.025053937679040628	NaN	NaN	NaN	NaN	NaN	NaN	NaN	NaN	1.8441938105959883	0.27029416607441625	0.3399557534753244	1.8946449961867204	-3.219341434381575e-16	-5.729444516216287e-15	1.8946449961867204	4.188885884617425	323.66181393967895	8.338186060321101	10.336548446187711	NaN	0.22139065089406001	0.3952401297270302	-15.357415025311793	-0.18883386267938168	NaN	0.23122456170499794	0	77.19996493163111	-11.715392517745908	26.50024977373783	65.98936889677091	100.63795124656775	141.1461575609977	211.4626642237861	0.05615966890515287	1.0089871180071404	58.720674920276686	1.0133051357415506	NaN	1	NaN	1	NaN	1	-0.013301370915395154	1.1496135387547957	NaN	NaN	800009909	800009909	800009909	800009909	800019919	810019919	899999999	899999999	89999	89999	89	89	0	1	2	33	0	0	0	NaN	0	0	0	0	0	0	0	0	0	NaN	NaN	NaN	NaN	0	0	0	0	0	0	0	0	15610	0	0	0	18000	18000	18000	18000	6	NaN	0.5168607360055535	0.22394166629031473	0.04967785715819214	0.2644996094807693	NaN	NaN	7.860170865913521e-8	NaN	0.05051879677003808	NaN	NaN	-0.000013301370915395154	NaN	NaN	NaN	95800.28691341146	11.653270014286042	NaN	0	0	0	0	0.000281316304514702	-1	0	2.121494263139036	86.67060121790571	1.0001757576316594	-273.1499938964844	9.001052916871178	-273.1499938964844	110
DATA	2025-08-26T030000_AIU-0547.ghg	2025-08-26	03:30:00	238.145	0	18000	18000	0.06321186480839819	0	NaN	57.59587852610055	1	NaN	NaN	NaN	NaN	NaN	NaN	NaN	NaN	NaN	NaN	-0.01949288650261062	1	NaN	NaN	NaN	NaN	NaN	NaN	NaN	NaN	NaN	NaN	NaN	NaN	5.123633449100903e-13	NaN	NaN	NaN	NaN	NaN	0	NaN	NaN	NaN	NaN	0	0.09035136325851834	2.2694057732712265	2.2694057732712265	-0.1	0	NaN	NaN	NaN	NaN	9	289.24689961836077	288.2463468933108	95410.5471764323	1.153161549961524	1005.4341525475237	0.02511755983999795	NaN	NaN	NaN	NaN	NaN	NaN	NaN	NaN	2.0334396177847647	0.30738628262275125	0.3637789504685281	2.0884678907575593	1.520662830224574e-14	5.6707870964169935e-15	2.0884678907575593	5.031316104724869	323.4039267148539	8.596073285146133	10.031210544607385	NaN	0.2341284687173494	0.45650045888166446	-18.765555923117624	-0.15453845395688162	NaN	0.21217460187129145	0	65.15218258157095	-9.887095065482495	22.36463595864126	55.69110574872147	84.93245016443149	119.11896898198509	178.46192185313538	0.06267046236618384	1.0086388774196515	56.83942838859366	1.0133085458272957	NaN	1	NaN	1	NaN	1	-0.016940918649424954	1.150639283854438	NaN	NaN	800009909	800009909	800009909	800009909	800009909	800009909	899999999	899999999	89999	89999	89	89	16	2	3	16	0	0	0	NaN	0	0	0	0	0	0	0	0	0	NaN	NaN	NaN	NaN	0	0	0	0	0	0	0	0	16113	0	0	0	18000	18000	18000	18000	6	NaN	0.45300406965490203	0.3750840632396879	0.08491278486873893	0.985436573959019	NaN	NaN	2.3898325192980413e-7	NaN	0.049023680735152245	NaN	NaN	-0.000016940918649424953	NaN	NaN	NaN	95809.03993185764	11.65999984741211	NaN	0	0	0	0	0.0002815090385103961	-1	0	2.1253126112951177	86.83172446914946	1.000154923144314	-290.63236963060166	9.000977574374941	-273.1499938964844	024
DATA	2025-08-26T033000_AIU-0547.ghg	2025-08-26	04:00:00	238.166	0	18000	18000	0.01464879124275022	0	NaN	28.039605321124515	0	NaN	NaN	NaN	NaN	NaN	NaN	NaN	NaN	NaN	NaN	-0.001971550390016985	2	NaN	NaN	NaN	NaN	NaN	NaN	NaN	NaN	NaN	NaN	NaN	NaN	2.3630327011051393e-13	NaN	NaN	NaN	NaN	NaN	0	NaN	NaN	NaN	NaN	0	0.090495122493446	2.2733627514716632	2.2733627514716632	-0.1	0	NaN	NaN	NaN	NaN	9	289.2311581853231	288.3137707731459	95418.33600542534	1.1529859925105532	1005.4356858218226	0.025121384322523112	NaN	NaN	NaN	NaN	NaN	NaN	NaN	NaN	1.8294096842855163	-0.2181919400501013	0.3334935365895643	1.8723155328649823	-7.088749782128104e-15	2.6112265898930394e-15	1.8723155328649823	3.8859656149090203	338.80148355059424	353.19851644940576	10.260171416474014	NaN	0.11271685934629753	0.18094649374248106	-4.3014104399842426	-0.6741974616146195	NaN	0.2145876334390353	1	32.36402176707886	14	25	42	63	99	221	0.01451763735185265	1.00903410711529	27.67129724356713	1.0133101124358386	NaN	1	NaN	1	NaN	1	-0.0017151259603597948	1.1495076370970434	NaN	NaN	800009909	800009909	800009909	800009909	800009909	800009909	899999999	899999999	89999	89999	89	89	2	4	0	23	0	0	1	NaN	0	0	0	0	0	0	0	0	0	NaN	NaN	NaN	NaN	0	0	0	0	0	0	0	0	15510	0	0	0	18000	18000	18000	18000	6	NaN	0.13943215311380927	0.1779067409764035	0.04455409339474938	0.20299946400836483	NaN	NaN	1.0736835029176607e-7	NaN	0.023869932608941696	NaN	NaN	-0.0000017151259603597949	NaN	NaN	NaN	95808.58539431424	11.689611250506507	NaN	0	0	0	0	0.00028166483787289416	-1	0	2.1293571683963135	86.97226140615673	1.0001770067065954	-273.1499938964844	9.00109210507075	-273.1499938964844	027
DATA	2025-08-26T040000_AIU-0547.ghg	2025-08-26	04:30:00	238.187	0	18000	18000	0.02134548362589358	0	NaN	32.3736221188556	0	NaN	NaN	NaN	NaN	NaN	NaN	NaN	NaN	NaN	NaN	-0.0007088607319946148	1	NaN	NaN	NaN	NaN	NaN	NaN	NaN	NaN	NaN	NaN	NaN	NaN	-4.847258135816179e-13	NaN	NaN	NaN	NaN	NaN	0	NaN	NaN	NaN	NaN	0	0.09100915050610074	2.2795564566895195	2.2795564566895195	0	1	NaN	NaN	NaN	NaN	9	288.424611875746	287.4843285903931	95424.28256792534	1.1563846197181733	1005.4170115131262	0.02504755229570801	NaN	NaN	NaN	NaN	NaN	NaN	NaN	NaN	2.5294860557052825	0.5000391959017935	0.3791584973404369	2.6061657793684234	-3.662711448609514e-15	-5.326121723871323e-15	2.6061657793684234	4.255465468528459	320.81771147864765	11.182288521352358	8.365375886853883	NaN	0.1358632021254927	0.19081865048946295	-6.524416030481737	-0.44448422455762304	NaN	0.20494669113210445	1	43.67620644483584	19	34	57	86	137	311	0.021174140979298234	1.0080920707367946	31.938230822835425	1.0136322922341985	NaN	1	NaN	1	NaN	1	-0.0006142228347609236	1.1540774648512173	NaN	NaN	800009909	800009909	800009909	800009909	800009909	800009909	899999999	899999999	89999	89999	89	89	5	1	0	52	0	0	2	NaN	0	0	0	0	0	0	0	0	0	NaN	NaN	NaN	NaN	0	0	0	0	0	0	0	0	15713	0	0	0	18000	18000	18000	18000	6	NaN	0.1565992570356486	0.16996678241641136	0.05507126152686594	0.13213390461745808	NaN	NaN	4.196257953530733e-8	NaN	0.027470231498700662	NaN	NaN	-6.142228347609236e-7	NaN	NaN	NaN	95810.74142513021	11.683395299699573	NaN	0	0	0	0	0.00028077757006718054	-1	0	2.1333177405281196	87.55002312293581	1.0001638501236836	-284.1723693593323	9.001032326751286	-273.1499938964844	130
DATA	2025-08-26T043000_AIU-0547.ghg	2025-08-26	05:00:00	238.208	0	18000	18000	0.027757787277094523	0	NaN	30.15612801446877	0	NaN	NaN	NaN	NaN	NaN	NaN	NaN	NaN	NaN	NaN	-0.005387413895008608	0	NaN	NaN	NaN	NaN	NaN	NaN	NaN	NaN	NaN	NaN	NaN	NaN	-1.0537626280101613e-13	NaN	NaN	NaN	NaN	NaN	0	NaN	NaN	NaN	NaN	0	0.09109140401292178	2.279063267484959	2.279063267484959	0	0	NaN	NaN	NaN	NaN	9	288.16740400907736	287.2285715925429	95446.20673198784	1.1576802207332981	1005.4113358289314	0.025019520691125393	NaN	NaN	NaN	NaN	NaN	NaN	NaN	NaN	2.185001777453559	0.2296174391341917	0.34468135442051967	2.223906961164271	1.8360280696343242e-14	-1.156818955014328e-15	2.223906961164271	3.8142787873645916	326.0009207673239	5.999079232676124	8.916164507439502	NaN	0.15484533106808843	0.2123228080698899	-10.370864289897774	-0.27962953895991877	NaN	0.16731892763371325	1	34.0897474384078	15	27	46	70	114	268	0.027525222993069528	1.0084491335123262	29.758717585094757	1.0133544205403886	NaN	1	NaN	1	NaN	1	-0.004678806283994188	1.1514505128024872	NaN	NaN	800009909	800009909	800009909	800009909	800009909	800009909	899999999	899999999	89999	89999	89	89	3	0	1	74	0	0	1	NaN	0	0	0	0	0	0	0	0	0	NaN	NaN	NaN	NaN	0	0	0	0	0	0	0	0	17703	0	0	0	18000	18000	18000	18000	6	NaN	0.16545593018385932	0.21123831220495173	0.04795137375096876	0.11215793725226553	NaN	NaN	3.362611267500447e-8	NaN	0.025567120662071695	NaN	NaN	-0.000004678806283994188	NaN	NaN	NaN	95833.04767990451	11.670000076293945	NaN	0	0	0	0	0.000280635594681371	-1	0	2.132708777725697	86.83191778828304	1.00014028861622	-299.676370010384	9.000924912558661	-273.1499938964844	240
DATA	2025-08-26T050000_AIU-0547.ghg	2025-08-26	05:30:00	238.229	0	18000	18000	0.017302306850492402	0	NaN	36.90469718709652	0	NaN	NaN	NaN	NaN	NaN	NaN	NaN	NaN	NaN	NaN	-0.0055363495798081445	0	NaN	NaN	NaN	NaN	NaN	NaN	NaN	NaN	NaN	NaN	NaN	NaN	1.625256837844257e-13	NaN	NaN	NaN	NaN	NaN	0	NaN	NaN	NaN	NaN	0	0.09114918365923058	2.277421457362345	2.277421457362345	-0.1	0	NaN	NaN	NaN	NaN	9	287.79241634630273	286.8841838150024	95461.00479079862	1.1592496516710133	1005.4037547160136	0.02498564842749102	NaN	NaN	NaN	NaN	NaN	NaN	NaN	NaN	2.3780037408206405	0.3607364929470904	0.36742340811641055	2.4331117051077547	3.117170491225059e-14	1.7830733886991528e-15	2.4331117051077547	3.7997331392878695	323.37415594091664	8.625844059083338	8.685443231834352	NaN	0.12216970293863141	0.1856069431946559	-4.162458242088428	-0.6967036859797984	NaN	0.2591795022351799	1	39.83147439615586	18	31	51	76	121	268	0.017161151865115434	1.0082252628778319	36.41374856353055	1.0134825071005644	NaN	1	NaN	1	NaN	1	-0.004802386834413398	1.1528329080313244	NaN	NaN	800009909	800009909	800009909	800009909	800009909	800019909	899999999	899999999	89999	89999	89	89	5	7	0	115	0	0	0	NaN	0	0	0	0	0	0	0	0	0	NaN	NaN	NaN	NaN	0	0	0	0	0	0	0	0	17703	0	0	0	18000	18000	18000	18000	6	NaN	0.14779893624959659	0.17586915971162667	0.04754579042808855	0.10262666691242635	NaN	NaN	3.772800800413334e-8	NaN	0.03124265349822401	NaN	NaN	-0.000004802386834413398	NaN	NaN	NaN	95847.14738541667	11.670000076293945	NaN	0	0	0	0	0.0002801998080912097	-1	0	2.13067781462272	85.92893416122149	1.0001444856474797	-302.05849511040407	9.00092636794514	-273.1499938964844	121
DATA	2025-08-26T053000_AIU-0547.ghg	2025-08-26	06:00:00	238.249	1	18000	18000	0.019948034286198187	0	NaN	38.29237547068687	0	NaN	NaN	NaN	NaN	NaN	NaN	NaN	NaN	NaN	NaN	0.00014900397732825585	2	NaN	NaN	NaN	NaN	NaN	NaN	NaN	NaN	NaN	NaN	NaN	NaN	-1.1615543551568325e-13	NaN	NaN	NaN	NaN	NaN	0	NaN	NaN	NaN	NaN	0	0.09118366864365006	2.2760219988768964	2.2760219988768964	0	1	NaN	NaN	NaN	NaN	9	287.5402350321875	286.65691269005663	95480.13961371528	1.1604012950597347	1005.398790348753	0.024960851353455563	NaN	NaN	NaN	NaN	NaN	NaN	NaN	NaN	2.364823511929951	0.4960142295234526	0.3489044693926246	2.441342804120031	-3.7613592290202603e-14	-1.2738622742809787e-15	2.441342804120031	3.851819009718802	320.15411461230894	11.845885387691066	8.216559150687416	NaN	0.13111305916698796	0.18275932962851754	-4.9593702262051975	-0.5847516655797277	NaN	0.25033397465916946	1	38.87800319722656	17	30	50	75	120	268	0.0197854382360362	1.0082179655675174	37.78273235376848	1.013488784033576	NaN	1	NaN	1	NaN	1	0.00012924383607184578	1.1528903958361738	NaN	NaN	800009909	800009909	800009909	800009909	800009909	800019909	899999999	899999999	89999	89999	89	89	11	6	0	124	0	0	0	NaN	0	0	0	0	0	0	0	0	0	NaN	NaN	NaN	NaN	0	0	0	0	0	0	0	0	17505	0	0	0	18000	18000	18000	18000	6	NaN	0.14616921321449172	0.15897689353615788	0.06037255250638549	0.14158287582420467	NaN	NaN	1.1148126008596254e-7	NaN	0.03238521604587148	NaN	NaN	1.292438360718458e-7	NaN	NaN	NaN	95865.30726692708	11.670000076293945	NaN	0	0	0	0	0.0002804209673647872	-1	0	2.129227818965912	86.2734852464464	1.0001705546445316	-273.1499938964844	9.001030094305674	-273.1499938964844	252
DATA	2025-08-26T060000_AIU-0547.ghg	2025-08-26	06:30:00	238.27	1	18000	18000	0.014750939077161726	1	NaN	36.77565307527309	0	NaN	NaN	NaN	NaN	NaN	NaN	NaN	NaN	NaN	NaN	-0.0012354179481951057	0	NaN	NaN	NaN	NaN	NaN	NaN	NaN	NaN	NaN	NaN	NaN	NaN	2.3906086310570016e-13	NaN	NaN	NaN	NaN	NaN	0	NaN	NaN	NaN	NaN	0	0.09152307773590636	2.2797971264938037	2.2797971264938037	-0.1	0	NaN	NaN	NaN	NaN	9	287.0242274819833	286.1850769585503	95519.36314518229	1.1627919406976324	1005.3885819232695	0.024909533014965398	NaN	NaN	NaN	NaN	NaN	NaN	NaN	NaN	2.213347364044857	0.3695742422522303	0.3161389744994106	2.266149934505228	1.2513261867701054e-14	2.6120282339665215e-15	2.266149934505228	3.3751290600049777	322.5204756601538	9.479524339846158	8.019196804179378	NaN	0.11263123032820739	0.12194470037347577	-3.2744625403637766	-0.8856415256709043	NaN	0.27929657111428796	1	37.12539478378984	17	29	47	71	111	244	0.01462809792988973	1.0083976158664478	36.29026886073556	1.013375051488326	NaN	1	NaN	1	NaN	1	-0.001072674371709566	1.1517175955515453	NaN	NaN	800009909	800009909	800009909	800009909	800009909	800019909	899999999	899999999	89999	89999	89	89	5	1	0	104	0	0	1	NaN	0	0	0	0	0	0	0	0	0	NaN	NaN	NaN	NaN	0	0	0	0	0	0	0	0	17505	0	0	0	18000	18000	18000	18000	6	NaN	0.09173760224714679	0.10754485815710538	0.04460694034269935	0.11266629888593657	NaN	NaN	4.069931119713895e-8	NaN	0.03104232375254436	NaN	NaN	-0.0000010726743717095659	NaN	NaN	NaN	95904.87813628472	11.650224006525917	NaN	0	0	0	0	0.00027926188350344705	-1	0	2.132475551439656	84.54010715491688	1.0001347795691755	-273.1499938964844	9.00085322629081	-273.1499938964844	022
DATA	2025-08-26T063000_AIU-0547.ghg	2025-08-26	07:00:00	238.291	1	18000	18000	0.021421354405566858	0	NaN	32.96970974024892	0	NaN	NaN	NaN	NaN	NaN	NaN	NaN	NaN	NaN	NaN	-0.003098968860841481	2	NaN	NaN	NaN	NaN	NaN	NaN	NaN	NaN	NaN	NaN	NaN	NaN	-3.0761779004947626e-13	NaN	NaN	NaN	NaN	NaN	0	NaN	NaN	NaN	NaN	0	0.09152245596051217	2.277197341617247	2.277197341617247	0	1	NaN	NaN	NaN	NaN	9	286.7127900031761	285.9276257748074	95541.73767361112	1.164111545006347	1005.3830676386051	0.02488129626459932	NaN	NaN	NaN	NaN	NaN	NaN	NaN	NaN	2.330023387538062	0.5970440826968362	0.31621545908717935	2.4259972876578755	-1.9578406404670066e-15	-3.361118173906953e-15	2.4259972876578755	4.082053999791596	317.6277845864272	14.372215413572809	7.48950142508911	NaN	0.1356519887057836	0.15899189733701302	-6.382011047544589	-0.4544022218695068	NaN	0.2076647557502058	1	39.873372051222	18	31	52	78	126	285	0.021246460953572178	1.0082316510206975	32.53128083046124	1.0134771487194918	NaN	1	NaN	1	NaN	1	-0.0026882489171981684	1.1527834498567886	NaN	NaN	800009909	800009909	800009909	800009909	800009909	800019909	899999999	899999999	89999	89999	89	89	10	9	0	124	0	0	0	NaN	0	0	0	0	0	0	0	0	0	NaN	NaN	NaN	NaN	0	0	0	0	0	0	0	0	17406	0	0	0	18000	18000	18000	18000	6	NaN	0.12478501820275255	0.13207405603472513	0.06112472043654836	0.1127512736450925	NaN	NaN	1.1449238639373379e-7	NaN	0.02779553257536061	NaN	NaN	-0.0000026882489171981683	NaN	NaN	NaN	95928.38799652777	11.643395337846545	NaN	0	0	0	0	0.0002788732278018465	-1	0	2.1299092170000073	86.49854361936796	1.0001198024600744	-273.1903688981798	9.000810591803656	-273.1499938964844	129
DATA	2025-08-26T070000_AIU-0547.ghg	2025-08-26	07:30:00	238.312	1	18000	18000	0.015390087794125254	0	NaN	52.27979388715088	0	NaN	NaN	NaN	NaN	NaN	NaN	NaN	NaN	NaN	NaN	-0.01595187473671516	0	NaN	NaN	NaN	NaN	NaN	NaN	NaN	NaN	NaN	NaN	NaN	NaN	5.025546704450644e-13	NaN	NaN	NaN	NaN	NaN	0	NaN	NaN	NaN	NaN	0	0.09145941172848407	2.273015802660994	2.273015802660994	0	1	NaN	NaN	NaN	NaN	9	286.4584536819458	285.67911196753766	95568.43098119166	1.1654497347986172	1005.3777821593561	0.024852727124562157	NaN	NaN	NaN	NaN	NaN	NaN	NaN	NaN	2.028035642362314	0.5034108527235006	0.31752317832869625	2.113568551551538	4.223432559338872e-14	5.494838212353699e-15	2.113568551551538	3.411992215379281	318.05946870672574	13.940531293274242	8.6403042911034	NaN	0.1149142203725516	0.16345168355301987	-2.447180355767033	-1.1850372994233345	NaN	0.38827306214876794	1	30.01425681063141	13	23	38	57	89	194	0.015258852151748726	1.0086006234985039	51.59285533910483	1.0133146061316243	NaN	1	NaN	1	NaN	1	-0.013861748379701923	1.1507837467367288	NaN	NaN	800009909	800009909	800009909	800009919	800009919	800019919	899999999	899999999	89999	89999	89	89	6	2	1	88	0	0	0	NaN	0	0	0	0	0	0	0	0	0	NaN	NaN	NaN	NaN	0	1	0	0	0	0	0	0	17010	0	0	0	18000	18000	18000	18000	6	NaN	0.12351773654268709	0.13951854155349214	0.0638670890098605	0.1472768463726472	NaN	NaN	7.275626711929082e-8	NaN	0.044031829758006354	NaN	NaN	-0.000013861748379701924	NaN	NaN	NaN	95956.50595247396	11.630000114440918	NaN	0	0	0	0	0.00027874073329924915	-1	0	2.12598529061344	83.42848019017154	1.00016214178337	-273.1499938964844	9.000986795398925	-273.1499938964844	016
DATA	2025-08-26T073000_AIU-0547.ghg	2025-08-26	08:00:00	238.333	1	18000	18000	0.0038310633083426656	2	NaN	46.48274713244719	0	NaN	NaN	NaN	NaN	NaN	NaN	NaN	NaN	NaN	NaN	-0.012216143392972625	1	NaN	NaN	NaN	NaN	NaN	NaN	NaN	NaN	NaN	NaN	NaN	NaN	5.579117500868853e-13	NaN	NaN	NaN	NaN	NaN	0	NaN	NaN	NaN	NaN	0	0.09091172162640009	2.261744280537206	2.261744280537206	0	0	NaN	NaN	NaN	NaN	9	286.84165232086184	286.0595863130358	95596.70158680556	1.1642439244846272	1005.3858891468159	0.024878467155553377	NaN	NaN	NaN	NaN	NaN	NaN	NaN	NaN	1.3907150013033445	0.2592018136905322	0.28312221948331373	1.4427168766725547	7.163474788797458e-14	6.136851663414895e-15	1.4427168766725547	3.3030642082090336	321.4423351446072	10.55766485539275	11.31731016486653	NaN	0.057363768468930744	0.32576493517383465	-0.3424482664275053	-8.468432415364312	NaN	0.6922729256190489	1	18.34090513913667	8	14	23	33	52	108	0.0037919312510807427	1.0103198224521528	45.854430433249114	1.0137024207532732	NaN	1	NaN	1	NaN	1	-0.010640680974478595	1.1480603001135676	NaN	NaN	800009909	800009909	800009909	800009909	800009909	800019919	899999999	899999999	89999	89999	89	89	8	6	0	43	0	0	4	NaN	0	0	0	0	0	0	0	0	0	NaN	NaN	NaN	NaN	0	0	0	0	0	0	0	0	16415	0	0	0	18000	18000	18000	18000	6	NaN	0.41677433900259553	0.18845317600910924	0.0463023553359645	0.18471792990770358	NaN	NaN	7.150236769328447e-8	NaN	0.039174597011429904	NaN	NaN	-0.000010640680974478595	NaN	NaN	NaN	95990.16662890626	11.649904937267301	NaN	0	0	0	0	0.0002790023819672771	-1	0	2.1168945452245813	84.90227670881485	1.000139165636566	-273.1499938964844	9.000906291405359	-273.1499938964844	026
DATA	2025-08-26T080000_AIU-0547.ghg	2025-08-26	08:30:00	238.354	1	18000	18000	0.017606349377681137	1	NaN	50.64718671281342	1	NaN	NaN	NaN	NaN	NaN	NaN	NaN	NaN	NaN	NaN	-0.004091934518090476	2	NaN	NaN	NaN	NaN	NaN	NaN	NaN	NaN	NaN	NaN	NaN	NaN	-8.688586370073732e-14	NaN	NaN	NaN	NaN	NaN	0	NaN	NaN	NaN	NaN	0	0.09021623493798286	2.2539743390644316	2.2539743390644316	0	0	NaN	NaN	NaN	NaN	9	288.13282624647354	287.3428341496787	95619.4237719184	1.1593200043955558	1005.4138667040077	0.024984132186561276	NaN	NaN	NaN	NaN	NaN	NaN	NaN	NaN	0.8316108672775191	-0.018997886804555074	0.19508542882504037	0.854397962788351	1.0083127125498295e-13	-9.630845685420709e-16	0.854397962788351	3.136137303357187	333.3086763059324	358.69132369406765	13.198822890123868	NaN	0.12323469453852663	0.19108917541591852	-3.1167586152765145	-0.9304538329615609	NaN	0.3525933630699007	1	9.228361094540722	4	7	12	18	29	67	0.017354058835371625	1.0145378406690246	49.84859091054341	1.0160204288161956	NaN	1	NaN	1	NaN	1	-0.003560242097989255	1.149341647412548	NaN	NaN	800009909	800009909	800009909	800009909	800009919	800119919	899999999	899999999	89999	89999	89	89	13	9	11	75	0	0	7	NaN	0	0	0	0	0	0	0	0	0	NaN	NaN	NaN	NaN	0	0	0	0	0	0	0	0	17901	0	0	0	18000	18000	18000	18000	6	NaN	0.12180579560451951	0.2251698251768091	0.03520273005050847	0.29785537778519844	NaN	NaN	6.625429930424627e-8	NaN	0.04276659618434869	NaN	NaN	-0.0000035602420979892552	NaN	NaN	NaN	96018.5297124566	11.65999984741211	NaN	0	0	0	0	0.00027981301426189024	-1	0	2.113056596583791	86.70549836945715	1.000146750330925	-286.7159944661476	9.000945953130723	-273.1499938964844	168
DATA	2025-08-26T083000_AIU-0547.ghg	2025-08-26	09:00:00	238.374	1	18000	18000	0.03449512768457563	0	NaN	7.617399710805007	0	NaN	NaN	NaN	NaN	NaN	NaN	NaN	NaN	NaN	NaN	-0.011755166490808128	0	NaN	NaN	NaN	NaN	NaN	NaN	NaN	NaN	NaN	NaN	NaN	NaN	-5.454835186021383e-13	NaN	NaN	NaN	NaN	NaN	0	NaN	NaN	NaN	NaN	0	0.08928597231264991	2.2508405232876316	2.2508405232876316	-0.1	0	NaN	NaN	NaN	NaN	9	289.60095417616105	289.98131162685837	95635.36881315104	1.1489631651538101	1005.4744670929568	0.02520934100830457	NaN	NaN	NaN	NaN	NaN	NaN	NaN	NaN	0.5472787359524209	-0.7495925289534954	0.15691764572840639	0.9412896057162949	1.7322081886156976e-16	-6.109397752785125e-15	0.9412896057162949	3.7669688647965285	25.866756942742597	306.1332430572574	9.596293382280852	NaN	0.1732709775307132	0.319138583661067	-57.61136008323845	-0.050337294516394016	NaN	0.03805430258820813	1	9.62627956228497	4	8	15	24	43	125	0.03403316559420834	1.0135738795466593	7.5015779359357	1.0154396549443914	NaN	1	NaN	1	NaN	1	-0.010233047681843022	1.1487454037437814	NaN	NaN	800009909	800009909	800009909	800009909	800009909	811109909	899999999	899999999	89999	89999	89	89	15	42	8	0	0	0	0	NaN	0	0	0	0	0	0	0	0	0	NaN	NaN	NaN	NaN	0	0	0	0	0	0	0	0	15514	0	0	0	18000	18000	18000	18000	6	NaN	0.18970233748364834	0.3574160021180102	0.09115882772047541	0.2247082458747168	NaN	NaN	1.5370054001526534e-7	NaN	0.006493449587675856	NaN	NaN	-0.000010233047681843022	NaN	NaN	NaN	96051.69695421007	11.630328332779442	NaN	0	0	0	0	0.00028125255732771237	-1	0	2.1166580958101457	85.9144290178942	1.0001693305290407	-273.1499938964844	9.001100377188788	-273.1499938964844	179
DATA	2025-08-26T090000_AIU-0547.ghg	2025-08-26	09:30:00	238.395	1	18000	18000	0.06527573717462189	0	NaN	0.9453213103051282	2	NaN	NaN	NaN	NaN	NaN	NaN	NaN	NaN	NaN	NaN	-0.008867950660996854	1	NaN	NaN	NaN	NaN	NaN	NaN	NaN	NaN	NaN	NaN	NaN	NaN	-1.2449944967853412e-12	NaN	NaN	NaN	NaN	NaN	0	NaN	NaN	NaN	NaN	0	0.08927054709734907	2.2623012323038254	2.2623012323038254	-0.2	0	NaN	NaN	NaN	NaN	9	290.4118775236341	291.56010222201877	95652.40153515626	1.1429450816341644	1005.5127079044506	0.025342078724316517	NaN	NaN	NaN	NaN	NaN	NaN	NaN	NaN	0.5524181383510909	-0.5580928408624803	0.18572944804858088	0.8069255520020131	1.9047862792883523e-14	-1.394630745824467e-14	0.8069255520020131	5.3559163255742535	17.292778441667565	314.70722155833244	13.307036325949337	NaN	0.23898091026873247	0.6126852711052432	-1218.2020333509709	-0.0023805575106641557	NaN	0.00344194011932963	0	66.43993852002006	-10.082516997336356	22.80668090058829	56.79186015640266	86.61117008957514	121.4733975461615	181.98928487532865	0.06430152528269652	1.0151506809153021	0.9300710013108635	1.0163969298825257	NaN	1	NaN	1	NaN	1	-0.007712851040167005	1.1497629883961609	NaN	NaN	800009909	800009909	800009909	800009909	801009909	811109919	899999999	899999999	89999	89999	89	89	8	9	2	13	0	0	0	NaN	0	0	0	0	0	0	0	0	0	NaN	NaN	NaN	NaN	0	0	0	0	0	0	0	0	8286	0	0	0	18000	18000	18000	18000	6	NaN	0.2396333332519004	0.9014929285417098	0.08424428041687607	0.41519281149658244	NaN	NaN	8.562263064871192e-8	NaN	0.0008092881418905262	NaN	NaN	-0.000007712851040167005	NaN	NaN	NaN	96065.13957617187	11.630000114440918	NaN	0	0	0	0	0.00028377980172647065	-1	0	2.1315820139182944	86.49383209582611	1.0001242955658172	-287.2004944864922	9.0010140376091	-273.1499938964844	130
DATA	2025-08-26T093000_AIU-0547.ghg	2025-08-26	10:00:00	238.416	1	18000	18000	0.05136960064702249	0	NaN	35.3268413281581	0	NaN	NaN	NaN	NaN	NaN	NaN	NaN	NaN	NaN	NaN	-0.01632810712271809	0	NaN	NaN	NaN	NaN	NaN	NaN	NaN	NaN	NaN	NaN	NaN	NaN	-1.0881612441084097e-13	NaN	NaN	NaN	NaN	NaN	0	NaN	NaN	NaN	NaN	0	0.08933456424261325	2.268072066969775	2.268072066969775	-0.1	0	NaN	NaN	NaN	NaN	9	291.453844490899	292.1341636488172	95665.43312152778	1.1408545326209718	1005.5269799633074	0.025388516597116707	NaN	NaN	NaN	NaN	NaN	NaN	NaN	NaN	1.1190956068619864	-0.006640951539477664	0.271884704947053	1.1516685166831688	6.452600484969603e-14	-1.2180741612543162e-15	1.1516685166831688	4.456239649297978	332.34000136049235	359.6599986395065	13.655232262166784	NaN	0.2121963741057325	0.7064055210527498	-22.822678411950243	-0.1270665934845545	NaN	0.1451252058996773	0	51.62051565444567	-7.833612403786112	17.71965258667445	44.12444038257649	67.29255566832845	94.378766135385	141.39658973371124	0.05076821129595307	1.0118457856938001	34.823527527073665	1.0144532687187746	NaN	1	NaN	1	NaN	1	-0.01422302552097677	1.1480051905016024	NaN	NaN	800009909	800009909	800009909	800009909	800009909	800019909	899999999	899999999	89999	89999	89	89	0	4	5	54	0	0	0	NaN	0	0	0	0	0	0	0	0	0	NaN	NaN	NaN	NaN	0	0	0	0	0	0	0	0	11021	0	0	0	18000	18000	18000	18000	6	NaN	0.4905127343866068	0.7974717113702239	0.12482659634866884	0.08947484584468932	NaN	NaN	1.1976024612195578e-7	NaN	0.030356294797248412	NaN	NaN	-0.00001422302552097677	NaN	NaN	NaN	96070.74762586805	11.630000114440918	NaN	0	0	0	0	0.00028479934059174	-1	0	2.138681872526805	84.37966987210928	1.000117233544588	-273.1499938964844	9.001011186467277	-273.1499938964844	098
DATA	2025-08-26T100000_AIU-0547.ghg	2025-08-26	10:30:00	238.437	1	18000	18000	0.05874919176471867	0	NaN	43.413194812783686	0	NaN	NaN	NaN	NaN	NaN	NaN	NaN	NaN	NaN	NaN	-0.012237460478089464	1	NaN	NaN	NaN	NaN	NaN	NaN	NaN	NaN	NaN	NaN	NaN	NaN	-9.617437206352537e-13	NaN	NaN	NaN	NaN	NaN	0	NaN	NaN	NaN	NaN	0	0.08930274420021757	2.275227497441956	2.275227497441956	-0.1	0	NaN	NaN	NaN	NaN	9	292.28763485802546	293.22763995530875	95687.43256206597	1.1368615428069726	1005.5547075201274	0.025477688483355843	NaN	NaN	NaN	NaN	NaN	NaN	NaN	NaN	0.7237661626596419	0.22798485384359363	0.20335890040472035	0.7856012946571099	5.701247012899092e-14	-1.0769475554737887e-14	0.7856012946571099	3.5192289461820905	314.5156797951844	17.484320204815663	15.002289592409793	NaN	0.22732497934463358	0.5053888573477933	-22.838130583693868	-0.12698062082500583	NaN	0.16705570352373936	0	59.69680573606925	-9.059220582199039	20.491981623322683	51.02793167283257	77.8208154700962	109.14480020520229	163.51879949399714	0.05785533916962705	1.0154497857573856	42.70505727359254	1.016582053377295	NaN	1	NaN	1	NaN	1	-0.010641470667945446	1.1499783122037357	NaN	NaN	800009909	800009909	800009909	800009909	800009909	800019909	899999999	899999999	89999	89999	89	89	7	3	2	37	0	0	2	NaN	0	0	0	0	0	0	0	0	0	NaN	NaN	NaN	NaN	0	0	0	0	0	0	0	0	8452	0	0	0	18000	18000	18000	18000	6	NaN	0.6046641355195161	0.3065034175597042	0.0996101616163661	0.15936865037218423	NaN	NaN	1.2461575590856033e-7	NaN	0.0373564870900223	NaN	NaN	-0.000010641470667945445	NaN	NaN	NaN	96092.06953342014	11.630000114440918	NaN	0	0	0	0	0.00028548983000089515	-1	0	2.1486085305611287	86.99830478609402	1.0001027536359097	-301.0087450663272	9.000893393039703	-273.1499938964844	024
DATA	2025-08-26T103000_AIU-0547.ghg	2025-08-26	11:00:00	238.458	1	18000	18000	0.06613345057124237	0	NaN	42.07934628639114	0	NaN	NaN	NaN	NaN	NaN	NaN	NaN	NaN	NaN	NaN	-0.012146390962565172	0	NaN	NaN	NaN	NaN	NaN	NaN	NaN	NaN	NaN	NaN	NaN	NaN	7.452884544668981e-13	NaN	NaN	NaN	NaN	NaN	0	NaN	NaN	NaN	NaN	0	0.08921854939021773	2.273213567969971	2.273213567969971	-0.1	0	NaN	NaN	NaN	NaN	9	292.949677019967	293.290072836388	95702.28381532118	1.1367959482733683	1005.5563120992299	0.02547915857752351	NaN	NaN	NaN	NaN	NaN	NaN	NaN	NaN	1.6321775194122683	0.7279387139204757	0.3003896623794626	1.8122174746324953	-1.3766660922171691e-14	8.353514594898967e-15	1.8122174746324953	4.786371199346342	307.96349338242516	24.03650661757486	9.541274840506322	NaN	0.24119557336506403	0.5773167557175319	-28.1467754990497	-0.10303134012981027	NaN	0.15261974999220312	0	57.547911269645546	-8.733117556431331	19.754335691124872	49.191089003400705	75.01951450140419	105.21593576584135	157.6326446309977	0.06553263048312762	1.0091682583727422	41.525810214917875	1.013329928268911	NaN	1	NaN	1	NaN	1	-0.010569123783799284	1.1492334852945498	NaN	NaN	800009909	800009909	800009909	800009909	800009909	800019909	899999999	899999999	89999	89999	89	89	4	6	3	77	0	0	0	NaN	0	0	0	0	0	0	0	0	0	NaN	NaN	NaN	NaN	0	0	0	0	0	0	0	0	7415	0	0	0	18000	18000	18000	18000	6	NaN	0.5635651614844186	0.468168370437066	0.12289997951357913	0.07852754916164595	NaN	NaN	1.705643704758192e-8	NaN	0.03632697217291053	NaN	NaN	-0.000010569123783799285	NaN	NaN	NaN	96091.94659895834	11.630000114440918	NaN	0	0	0	0	0.0002861710049684108	-1	0	2.147155406845941	86.05003758858854	1.000098323399822	-273.1499938964844	9.00087420601315	-273.1499938964844	121
DATA	2025-08-26T110000_AIU-0547.ghg	2025-08-26	11:30:00	238.479	1	18000	18000	0.21690937948667577	1	NaN	70.07028735965778	1	NaN	NaN	NaN	NaN	NaN	NaN	NaN	NaN	NaN	NaN	-0.022363418686538548	1	NaN	NaN	NaN	NaN	NaN	NaN	NaN	NaN	NaN	NaN	NaN	NaN	7.912711314631131e-13	NaN	NaN	NaN	NaN	NaN	0	NaN	NaN	NaN	NaN	0	0.08864421637990527	2.2613601871567792	2.2613601871567792	-0.1	0	NaN	NaN	NaN	NaN	9	293.29409231228294	293.643151043362	95699.69624023438	1.1353983588580512	1005.5654301260199	0.025510521492628436	NaN	NaN	NaN	NaN	NaN	NaN	NaN	NaN	0.6123372513122138	0.1833001163330291	0.24315135619607656	0.6838701806719881	-1.673718069557565e-14	8.92637065087177e-15	0.6838701806719881	3.736618723838997	315.33519012710326	16.664809872896694	20.827274105414656	NaN	0.43708412682412373	0.6182384150436788	-100.58805129092465	-0.028830462095468055	NaN	0.14041395331865847	0	90.55055925457573	-13.741396713175297	31.083076780190506	77.40125612428643	118.04179931534713	165.5553019370104	248.03201042751854	0.21325776454389975	1.0171230105060223	68.856156309583	1.0176328612450563	NaN	1	NaN	1	NaN	1	-0.019424958775083823	1.1512723885532181	NaN	NaN	800009909	800009909	800009909	800009909	800009909	801019919	899999999	899999999	89999	89999	89	89	2	19	0	33	0	0	0	NaN	0	0	0	0	0	0	0	0	0	NaN	NaN	NaN	NaN	0	0	0	0	0	0	0	0	4269	0	0	0	18000	18000	18000	18000	6	NaN	0.7568512067413689	0.34967173297565113	0.12995389037033767	0.12683578538971807	NaN	NaN	6.189521886777735e-8	NaN	0.060309284927297514	NaN	NaN	-0.000019424958775083824	NaN	NaN	NaN	96089.23619314237	11.630000114440918	NaN	0	0	0	0	0.0002865547138790134	-1	0	2.1367966866228327	86.56683754081021	1.0000915022177828	-273.1499938964844	9.00086958217621	-273.1499938964844	181
DATA	2025-08-26T113000_AIU-0547.ghg	2025-08-26	12:00:00	238.499	1	18000	18000	0.0998852269892563	0	NaN	30.85238812492703	0	NaN	NaN	NaN	NaN	NaN	NaN	NaN	NaN	NaN	NaN	-0.011201186790062783	0	NaN	NaN	NaN	NaN	NaN	NaN	NaN	NaN	NaN	NaN	NaN	NaN	7.059606036459705e-13	NaN	NaN	NaN	NaN	NaN	0	NaN	NaN	NaN	NaN	0	0.0885260389936974	2.2536587971175077	2.2536587971175077	-0.1	0	NaN	NaN	NaN	NaN	9	293.11430220540353	293.04218324788405	95702.44414040798	1.137759490186859	1005.5499547882729	0.025457580873780614	NaN	NaN	NaN	NaN	NaN	NaN	NaN	NaN	1.0294394733089753	0.040127038022886294	0.2561597063597001	1.0615901297343469	5.440957286393919e-14	7.974609636563895e-15	1.0615901297343469	4.93954954172566	329.7677691410804	2.2322308589194595	13.96316933132479	NaN	0.2962957329387421	0.7245231248919588	-71.16636986591253	-0.04074958446614614	NaN	0.09101422420672278	0	62.76457099070195	-9.524765795103653	21.545046162496476	53.650211271740886	81.81995731433224	114.75365350421625	171.9218838028087	0.09865208564097228	1.01249990144934	30.401962599540703	1.0148156726366453	NaN	1	NaN	1	NaN	1	-0.009755261945678469	1.1482199916758618	NaN	NaN	800009909	800009909	800009909	800009909	800009919	800009919	899999999	899999999	89999	89999	89	89	2	3	1	37	0	0	6	NaN	0	0	0	0	0	0	0	0	0	NaN	NaN	NaN	NaN	0	0	0	0	0	0	0	0	2110	0	0	0	18000	18000	18000	18000	6	NaN	0.6418842699258623	0.6578648563448717	0.14929712351318342	0.17654504494807607	NaN	NaN	1.5661615488413665e-7	NaN	0.0265734231312345	NaN	NaN	-0.000009755261945678468	NaN	NaN	NaN	96073.27889561633	11.613488940344913	NaN	0	0	0	0	0.0002865171884930332	-1	0	2.128059989975559	84.6228445384808	1.0000844757093323	-273.1903688981798	9.000847730954488	-273.1499938964844	133
DATA	2025-08-26T120000_AIU-0547.ghg	2025-08-26	12:30:00	238.52	1	18000	18000	0.12682853816265102	1	NaN	-32.8530595824594	2	NaN	NaN	NaN	NaN	NaN	NaN	NaN	NaN	NaN	NaN	0.047664868484487095	0	NaN	NaN	NaN	NaN	NaN	NaN	NaN	NaN	NaN	NaN	NaN	NaN	2.268291714367742e-12	NaN	NaN	NaN	NaN	NaN	0	NaN	NaN	NaN	NaN	0	0.08826728605313432	2.254290873398044	2.254290873398044	0	1	NaN	NaN	NaN	NaN	9	293.8299027989705	293.942260304769	95688.96791579861	1.13411584889725	1005.5732124271921	0.025539369954583478	NaN	NaN	NaN	NaN	NaN	NaN	NaN	NaN	-0.07215313198531526	0.18894510703358317	0.19113396109954467	0.2782777731204468	8.112508303123635e-14	2.5697988641027175e-14	0.2782777731204468	4.8540047285538614	221.0994676256067	110.9005323743933	43.3809540422463	NaN	0.3344104063565511	0.5322750468545834	96.07653127719146	0.030184270408693023	NaN	-0.08614397791301895	0	62.525446560020285	-9.488477740199752	21.462962483498963	53.44581130494741	81.50823446810922	114.3164577801046	171.2668849405978	0.12458845627809371	1.0179798510349725	-32.259517035608106	1.018398990480736	NaN	1	NaN	1	NaN	1	0.03997022407259596	1.1925094139556418	NaN	NaN	800009909	800009909	800009909	800009909	800009919	800009919	899999999	899999999	89999	89999	89	89	6	2	4	13	0	0	1	NaN	0	0	0	0	0	0	0	0	0	NaN	NaN	NaN	NaN	0	0	0	0	0	0	0	0	8212	0	0	0	18000	18000	18000	18000	6	NaN	0.19896128174691777	0.6735873128750148	0.19200149908723416	0.4611924838320952	NaN	NaN	2.2968408687883178e-7	NaN	-0.028286990588496024	NaN	NaN	0.00003997022407259596	NaN	NaN	NaN	96100.33527083334	11.579999923706055	NaN	0	0	0	0	0.00028704099938557995	-1	0	2.1306180197861453	84.14360929192439	1.0000811381202053	-354.0614972941051	9.000705631679958	-289.58261958651923	187
DATA	2025-08-26T123000_AIU-0547.ghg	2025-08-26	13:00:00	238.541	1	18000	18000	0.14604290872989031	0	NaN	28.742107789988413	0	NaN	NaN	NaN	NaN	NaN	NaN	NaN	NaN	NaN	NaN	-0.01276837626092869	1	NaN	NaN	NaN	NaN	NaN	NaN	NaN	NaN	NaN	NaN	NaN	NaN	1.5771116469841187e-12	NaN	NaN	NaN	NaN	NaN	0	NaN	NaN	NaN	NaN	0	0.08849974783678984	2.25622974224202	2.25622974224202	-0.1	0	NaN	NaN	NaN	NaN	9	293.63205397457546	293.3735773349338	95673.07442100694	1.1361255120064087	1005.5584618597471	0.02549419402191893	NaN	NaN	NaN	NaN	NaN	NaN	NaN	NaN	1.0195753610913607	-0.023156087308898798	0.28247263283987906	1.0582348083613726	-4.411911021585192e-14	1.7820521363434944e-14	1.0582348083613726	5.235517659116804	333.30104951209876	358.698950487901	15.48155381671203	NaN	0.3585313042827249	0.7866749725060158	-135.31892409171576	-0.021430853219276656	NaN	0.07017103715432331	0	81.26291594902034	-12.331961009600068	27.894929381100727	69.46231831758283	105.93441824324739	148.57452783255036	222.59171651686356	0.14423614139091268	1.012526453644381	28.32207043203946	1.0148307433581474	NaN	1	NaN	1	NaN	1	-0.01112004524249605	1.1482306036070271	NaN	NaN	800009909	800009909	800009909	800009909	800009909	800019909	899999999	899999999	89999	89999	89	89	5	0	0	40	0	0	1	NaN	0	0	0	0	0	0	0	0	0	NaN	NaN	NaN	NaN	0	0	0	0	0	0	0	0	1141	0	0	0	18000	18000	18000	18000	6	NaN	0.6405233286211012	0.8182198617036245	0.11460675468730602	0.06022457119333977	NaN	NaN	1.6263209040537444e-8	NaN	0.02479084678747489	NaN	NaN	-0.00001112004524249605	NaN	NaN	NaN	96044.77925086804	11.55345994901657	NaN	0	0	0	0	0.0002868867283040243	-1	0	2.130729844099945	83.48652927675958	1.000078303385112	-342.2719967990486	9.000691155111348	-302.7448701392282	188
DATA	2025-08-26T130000_AIU-0547.ghg	2025-08-26	13:30:00	238.562	1	18000	18000	0.38181136074298877	1	NaN	41.763952521050214	1	NaN	NaN	NaN	NaN	NaN	NaN	NaN	NaN	NaN	NaN	-0.012446502856178867	2	NaN	NaN	NaN	NaN	NaN	NaN	NaN	NaN	NaN	NaN	NaN	NaN	3.772172765478763e-12	NaN	NaN	NaN	NaN	NaN	0	NaN	NaN	NaN	NaN	0	0.088165526069781	2.254798124601728	2.254798124601728	-0.2	0	NaN	NaN	NaN	NaN	9	294.3277975040013	294.2060987616644	95642.92064409723	1.1325535275364327	1005.5801211955411	0.025574600698430663	NaN	NaN	NaN	NaN	NaN	NaN	NaN	NaN	-0.11644895169904891	-0.5903448568943862	0.17491199601271926	0.6266271736546978	8.374972807352112e-14	4.278512173219694e-14	0.6266271736546978	5.042469004978528	73.15866970690786	258.84133029309214	16.208435141017297	NaN	0.5806240954588847	1.3569858582156291	-395.4495496208804	-0.0073334259775494634	NaN	0.0631584003861642	0	90.46699284135576	-13.72871518756788	31.054391134737354	77.32982481114742	117.93286205576509	165.40251588150377	247.8031090751051	0.3749525958079767	1.0182923521845002	41.01026769853072	1.018377954225022	NaN	1	NaN	1	NaN	1	-0.010801990352383179	1.1522416193820122	NaN	NaN	800009909	800009909	800009909	800009909	800009909	800019909	899999999	899999999	89999	89999	89	89	4	6	0	17	0	0	1	NaN	0	0	0	0	0	0	0	0	0	NaN	NaN	NaN	NaN	0	0	0	0	0	0	0	0	4677	0	0	0	18000	18000	18000	18000	6	NaN	0.840001600910506	1.644116266175389	0.2298538493453631	0.22977163899965064	NaN	NaN	5.1093424461971024e-8	NaN	0.036009508005064035	NaN	NaN	-0.000010801990352383179	NaN	NaN	NaN	96047.75485894099	11.539999961853027	NaN	0	0	0	0	0.0002877055383869448	-1	0	2.1308255918290877	84.79382386275113	1.0000783355153269	-328.1811212073418	9.000681172794765	-273.1499938964844	111
DATA	2025-08-26T133000_AIU-0547.ghg	2025-08-26	14:00:00	238.583	1	18000	18000	0.2651833549447824	1	NaN	83.30902308387891	0	NaN	NaN	NaN	NaN	NaN	NaN	NaN	NaN	NaN	NaN	-0.036148070878119075	0	NaN	NaN	NaN	NaN	NaN	NaN	NaN	NaN	NaN	NaN	NaN	NaN	-2.5489564841315752e-12	NaN	NaN	NaN	NaN	NaN	0	NaN	NaN	NaN	NaN	0	0.08793925686668022	2.253110088431554	2.253110088431554	-0.3	0	NaN	NaN	NaN	NaN	9	294.57622527058925	294.67198773362895	95620.11286393229	1.1304932613189134	1005.5924218397174	0.02562120910172539	NaN	NaN	NaN	NaN	NaN	NaN	NaN	NaN	-0.04853706665760595	-0.30055835087366434	0.15447609718074243	0.34140010796697956	1.33373634519312e-13	-2.898542215333824e-14	0.34140010796697956	4.375809619630236	71.17347844770364	260.82652155229636	26.90279248109384	NaN	0.48432751396737733	1.0844139051420913	-115.04407451838632	-0.025207730273292105	NaN	0.15130836227643812	0	73.67602264839297	-11.18062068080818	25.29059442251132	62.97715603494549	96.04413657307259	134.7032671634919	201.81004035997572	0.2576098520233744	1.0293991198780736	81.22735929517087	1.0256276186591702	NaN	1	NaN	1	NaN	1	-0.031094477249442212	1.1625238330310737	NaN	NaN	800009909	800009909	800009909	800009909	800009909	800119909	899999999	899999999	89999	89999	89	89	7	9	0	9	0	0	0	NaN	0	0	0	0	0	0	0	0	0	NaN	NaN	NaN	NaN	0	0	0	0	0	0	0	0	3653	0	0	0	18000	18000	18000	18000	6	NaN	0.6715667679655175	1.2300527639749075	0.2672082783437577	0.3025330733366537	NaN	NaN	5.713529113182456e-8	NaN	0.07145166687264827	NaN	NaN	-0.00003109447724944221	NaN	NaN	NaN	96002.59262434897	11.609140262195472	NaN	0	0	0	0	0.000288996497760915	-1	0	2.1299336383475196	84.63089235276115	1.0000780264428921	-426.3327503289103	9.00052947669559	-314.81699564615576	097
DATA	2025-08-26T140000_AIU-0547.ghg	2025-08-26	14:30:00	238.604	1	18000	18000	0.9880748548048371	1	NaN	32.7792637282317	1	NaN	NaN	NaN	NaN	NaN	NaN	NaN	NaN	NaN	NaN	-0.027148413595504135	1	NaN	NaN	NaN	NaN	NaN	NaN	NaN	NaN	NaN	NaN	NaN	NaN	4.185657805857298e-12	NaN	NaN	NaN	NaN	NaN	0	NaN	NaN	NaN	NaN	0	0.08792187083905399	2.254607158742284	2.254607158742284	-0.2	0	NaN	NaN	NaN	NaN	9	294.92718249003093	294.90484178839796	95613.22390863716	1.1295192524770976	1005.5986181407652	0.025643302823588354	NaN	NaN	NaN	NaN	NaN	NaN	NaN	NaN	-0.4332661660499958	-0.4964680812207182	0.18443210331055682	0.6842626155550303	1.4248293486078344e-14	4.760655984583612e-14	0.6842626155550303	6.310140120867462	103.11110328122447	228.88889671877553	15.636544546613981	NaN	0.9352939060906866	2.236340339454157	-2105.5440273589884	-0.0013773162481135616	NaN	0.0308555139024787	0	100.493296739433	-15.250245485829106	34.49609681221731	85.90015858250723	131.0031618126571	183.73379713280676	275.2667087863537	0.9714478982707347	1.017115644146948	32.21143471493773	1.0176281813684829	NaN	1	NaN	1	NaN	1	-0.02358134669243341	1.1512664628358693	NaN	NaN	800009909	800009909	800009909	800009909	800009909	800009909	899999999	899999999	89999	89999	89	89	0	11	1	10	0	0	0	NaN	0	0	0	0	0	0	0	0	0	NaN	NaN	NaN	NaN	0	0	0	0	0	0	0	0	4676	0	0	0	18000	18000	18000	18000	6	NaN	2.6828833269363215	1.3311905066259253	0.4586068453460676	0.15202038085646752	NaN	NaN	2.027634850245025e-8	NaN	0.028359055547651904	NaN	NaN	-0.00002358134669243341	NaN	NaN	NaN	96009.32315277777	11.593488797505694	NaN	0	0	0	0	0.0002887442176385472	-1	0	2.1318001220226286	85.51567472067482	1.0000581573628717	-555.1290057373037	9.00048720201298	-429.2801254526789	207
DATA	2025-08-26T143000_AIU-0547.ghg	2025-08-26	15:00:00	238.624	1	18000	18000	0.07168011501546695	1	NaN	42.845032568996956	0	NaN	NaN	NaN	NaN	NaN	NaN	NaN	NaN	NaN	NaN	-0.015378040615105035	0	NaN	NaN	NaN	NaN	NaN	NaN	NaN	NaN	NaN	NaN	NaN	NaN	1.3507473846717467e-12	NaN	NaN	NaN	NaN	NaN	0	NaN	NaN	NaN	NaN	0	0.08788296019730782	2.253776335060583	2.253776335060583	-0.1	0	NaN	NaN	NaN	NaN	9	294.8636719784207	294.84140537346735	95585.57463628473	1.1294355707062265	1005.5969268880931	0.02564520277879334	NaN	NaN	NaN	NaN	NaN	NaN	NaN	NaN	1.482496009228607	0.6514289607712631	0.2755653350445907	1.642586485451582	-1.7313662000997512e-14	1.5369843956543525e-14	1.642586485451582	5.491141114130197	308.27865855830487	23.721341441695152	9.657784026627684	NaN	0.2519234621157086	1.0355187571781763	-31.472711781968314	-0.0921433151388467	NaN	0.14974297679605636	0	52.82297157078375	-8.01608972819503	18.13241679133553	45.15228161431294	68.86007839961141	96.57723905409573	144.69030278015745	0.07099723832601189	1.0096183556650382	42.27678674918511	1.0134410834764493	NaN	1	NaN	1	NaN	1	-0.013388791827936933	1.1485756752911307	NaN	NaN	800009909	800009909	800009909	800009909	800009919	800009919	899999999	899999999	89999	89999	89	89	4	13	0	31	0	0	3	NaN	0	0	0	0	0	0	0	0	0	NaN	NaN	NaN	NaN	0	0	0	0	0	0	0	0	1543	0	0	0	18000	18000	18000	18000	6	NaN	1.1292908048210988	0.7756476330957707	0.166099076439483	0.06258414996501548	NaN	NaN	2.4613108594040347e-8	NaN	0.03722344570102617	NaN	NaN	-0.000013388791827936933	NaN	NaN	NaN	95967.41035633681	11.5600004196167	NaN	0	0	0	0	0.0002892266644404218	-1	0	2.1302934235599307	85.7508127977583	1.0000836743298505	-375.742873204547	9.000544318973589	-273.1499938964844	092
DATA	2025-08-26T150000_AIU-0547.ghg	2025-08-26	15:30:00	238.645	1	18000	18000	0.07624966662604976	1	NaN	-0.9926361950174567	2	NaN	NaN	NaN	NaN	NaN	NaN	NaN	NaN	NaN	NaN	0.004431140770679606	2	NaN	NaN	NaN	NaN	NaN	NaN	NaN	NaN	NaN	NaN	NaN	NaN	3.0074600539684412e-12	NaN	NaN	NaN	NaN	NaN	0	NaN	NaN	NaN	NaN	0	0.08796384366042914	2.2524765789828898	2.2524765789828898	0	1	NaN	NaN	NaN	NaN	9	294.63689728376596	294.3488246409099	95568.82362326389	1.1311273744219763	1005.5838758078335	0.02560684578175356	NaN	NaN	NaN	NaN	NaN	NaN	NaN	NaN	0.9761192144316698	-0.020610262461015046	0.2205626986881355	1.000940261830837	-8.7265305854227e-14	3.4189729880134354e-14	1.000940261830837	4.52243623736132	333.2095916109729	358.7904083890271	12.729914470963719	NaN	0.2596349887570666	0.6220679217394827	1486.854112795573	0.0019504267264980285	NaN	-0.0033612210526365247	0	69.09882950596226	-10.486013962520158	23.719392134473036	59.06464018011155	90.07730302953391	126.33469827824958	189.27239921697225	0.0756111183251083	1.0084451640854704	-0.9804022273742666	1.012478518817685	NaN	1	NaN	1	NaN	1	0.003799131561725438	1.1663562313349134	NaN	NaN	800009909	800009909	800009909	800009909	800009909	800009919	899999999	899999999	89999	89999	89	89	5	1	0	29	0	0	2	NaN	0	0	0	0	0	0	0	0	0	NaN	NaN	NaN	NaN	0	0	0	0	0	0	0	0	1569	0	0	0	18000	18000	18000	18000	6	NaN	0.5979868837036463	0.5560049718123644	0.09014398796295457	0.09820859376916534	NaN	NaN	2.5795364673548682e-8	NaN	-0.0008619349191036449	NaN	NaN	0.000003799131561725438	NaN	NaN	NaN	95944.39897005209	11.626350039958957	NaN	0	0	0	0	0.0002884513073109298	-1	0	2.127485707700253	83.87740083366056	1.0000749559990234	-449.46762630037847	9.000504100349215	-338.8401216549431	167
DATA	2025-08-26T153000_AIU-0547.ghg	2025-08-26	16:00:00	238.666	1	18000	18000	0.29360420115473035	1	NaN	9.659103649782292	2	NaN	NaN	NaN	NaN	NaN	NaN	NaN	NaN	NaN	NaN	0.020328599288025856	2	NaN	NaN	NaN	NaN	NaN	NaN	NaN	NaN	NaN	NaN	NaN	NaN	3.1332782509577604e-12	NaN	NaN	NaN	NaN	NaN	0	NaN	NaN	NaN	NaN	0	0.08777668740448578	2.2545256283721877	2.2545256283721877	0	1	NaN	NaN	NaN	NaN	9	294.84923954772944	295.16047532653795	95541.53878776042	1.1276948817316537	1005.6054577298453	0.025684788239764122	NaN	NaN	NaN	NaN	NaN	NaN	NaN	NaN	0.293850247256099	-0.13485911248047433	0.18750517637840672	0.3737554537397754	1.8110003536321293e-14	3.5696018425931574e-14	0.3737554537397754	3.8527571801996943	356.6521995953566	335.3478004046434	30.111128831879284	NaN	0.5102527195845283	0.648403178971015	-1159.60144457038	-0.0025008592508906535	NaN	0.016692918277715844	0	89.69144158971494	-13.611022293035507	30.788169486851658	76.66689526593062	116.92185267096853	163.98456084411913	245.67875404386513	0.2857841116399764	1.027363625884862	9.43008252490707	1.0242862270049413	NaN	1	NaN	1	NaN	1	0.017516175488731925	1.1605615221829189	NaN	NaN	800009909	800009909	800009909	800009909	800009909	800019919	899999999	899999999	89999	89999	89	89	10	2	0	21	0	0	2	NaN	0	0	0	0	0	0	0	0	0	NaN	NaN	NaN	NaN	0	0	0	0	0	0	0	0	9150	0	0	0	18000	18000	18000	18000	6	NaN	0.5561989264166597	0.5592312714812434	0.18137616004412685	0.2591983664903942	NaN	NaN	1.0774793690844933e-7	NaN	0.008315651157306541	NaN	NaN	0.000017516175488731924	NaN	NaN	NaN	95939.73504513889	11.65999984741211	NaN	0	0	0	0	0.0002890486820930769	-1	0	2.130903117848767	84.07439331361985	1.0000701687981686	-382.48549848767766	9.000576695172875	-314.89774564954274	005
DATA	2025-08-26T160000_AIU-0547.ghg	2025-08-26	16:30:00	238.687	1	18000	18000	0.1185939182303584	1	NaN	20.50430620850794	1	NaN	NaN	NaN	NaN	NaN	NaN	NaN	NaN	NaN	NaN	0.007676966502403885	2	NaN	NaN	NaN	NaN	NaN	NaN	NaN	NaN	NaN	NaN	NaN	NaN	1.7802919485257337e-12	NaN	NaN	NaN	NaN	NaN	0	NaN	NaN	NaN	NaN	0	0.08762578861870701	2.2522100630741058	2.2522100630741058	0	1	NaN	NaN	NaN	NaN	9	295.0237166205513	295.32517226325143	95528.62596028646	1.1269136613189967	1005.6098848485011	0.025702593934695695	NaN	NaN	NaN	NaN	NaN	NaN	NaN	NaN	0.5375802942753353	-0.0622967490866145	0.21660874261405483	0.5829174942620478	9.389433725211005e-15	2.031698631863341e-14	0.5829174942620478	3.9026403526084867	338.610158108891	353.38984189110903	21.813967532940413	NaN	0.3244037658596043	0.5219215588238196	-140.3660800838043	-0.02066026206807643	NaN	0.05577492749055626	0	84.1828929495769	-12.775078784777893	28.89726299507124	71.95827073971745	109.74090317213765	153.913177068467	230.58998590152845	0.11634482987070298	1.0193312273708672	20.121099914539446	1.0190449973210258	NaN	1	NaN	1	NaN	1	0.00665747457607571	1.1531349334763996	NaN	NaN	800009909	800009909	800009909	800009909	800009909	800119909	899999999	899999999	89999	89999	89	89	5	3	0	23	0	0	0	NaN	0	0	0	0	0	0	0	0	0	NaN	NaN	NaN	NaN	0	0	0	0	0	0	0	0	7071	0	0	0	18000	18000	18000	18000	6	NaN	0.39705097098422587	0.5608909494928439	0.08590119717056942	0.23685141748856217	NaN	NaN	1.2451715407505763e-7	NaN	0.017755444132544877	NaN	NaN	0.00000665747457607571	NaN	NaN	NaN	95911.7067061632	11.630346708942492	NaN	0	0	0	0	0.00028914519357365665	-1	0	2.1288689200547015	87.11245688042825	1.0000643710560269	-273.1499938964844	9.00069789457321	-273.1499938964844	020
DATA	2025-08-26T163000_AIU-0547.ghg	2025-08-26	17:00:00	238.708	1	18000	18000	0.22053029108574318	1	NaN	31.620432451850217	1	NaN	NaN	NaN	NaN	NaN	NaN	NaN	NaN	NaN	NaN	0.021629815899998364	2	NaN	NaN	NaN	NaN	NaN	NaN	NaN	NaN	NaN	NaN	NaN	NaN	-2.7230293842885282e-12	NaN	NaN	NaN	NaN	NaN	0	NaN	NaN	NaN	NaN	0	0.0873174998756084	2.2484231063335973	2.2484231063335973	0	1	NaN	NaN	NaN	NaN	9	295.17940998755563	295.82203746880424	95513.28819748265	1.1248402579032715	1005.6233384945137	0.025749971191761988	NaN	NaN	NaN	NaN	NaN	NaN	NaN	NaN	0.6468993835139416	0.25914170222773497	0.25126006900239706	0.7407866470848683	-1.842471823395353e-14	-3.1185379656629285e-14	0.7407866470848683	3.018373684099384	310.1694333931499	21.83056660685013	19.82692756548141	NaN	0.4427807175213258	0.6350024070016159	-231.42160598978072	-0.012531241357507735	NaN	0.06313248879035244	0	101.65965367864916	-15.427244651189028	34.89646940619366	86.89714295154685	132.52362588137635	185.86626960816034	278.4615411417955	0.2170291492172316	1.0161321273254735	31.09162521242561	1.0170080282330585	NaN	1	NaN	1	NaN	1	0.018800530657904473	1.1504896480623725	NaN	NaN	800009909	800009909	800009909	800009909	800009909	800009909	899999999	899999999	89999	89999	89	89	0	2	2	12	0	0	0	NaN	0	0	0	0	0	0	0	0	0	NaN	NaN	NaN	NaN	0	0	0	0	0	0	0	0	4606	0	0	0	18000	18000	18000	18000	6	NaN	0.79222022043704	0.37792428756017327	0.09986030600601854	0.13455255187921453	NaN	NaN	3.483052706347506e-8	NaN	0.02748635990029115	NaN	NaN	0.000018800530657904472	NaN	NaN	NaN	95901.35198111979	11.63990669292874	NaN	0	0	0	0	0.0002897330504331169	-1	0	2.1262524874740167	82.44420433572728	1.0000524611572426	-273.1499938964844	9.000614522986941	-273.1499938964844	155
DATA	2025-08-26T170000_AIU-0547.ghg	2025-08-26	17:30:00	238.729	1	18000	18000	0.17726775570472403	1	NaN	22.967556616987057	1	NaN	NaN	NaN	NaN	NaN	NaN	NaN	NaN	NaN	NaN	0.0020729562680266342	2	NaN	NaN	NaN	NaN	NaN	NaN	NaN	NaN	NaN	NaN	NaN	NaN	-9.627751019627553e-13	NaN	NaN	NaN	NaN	NaN	0	NaN	NaN	NaN	NaN	0	0.08726573613330856	2.244661360918061	2.244661360918061	0	1	NaN	NaN	NaN	NaN	9	295.3126203172472	295.48862131585037	95508.87018598091	1.1260573886569072	1005.6142943674013	0.025722138612216366	NaN	NaN	NaN	NaN	NaN	NaN	NaN	NaN	0.5842392457783485	-0.4529950590166777	0.24985165948699464	0.7803626538665214	-2.0618395177239037e-14	-1.103268183622498e-14	0.7803626538665214	4.2468223960720834	9.788526769315013	322.211473230685	18.67343459428	NaN	0.3967661477636392	0.6085370490409006	-229.23260876433704	-0.012650905190287956	NaN	0.0511196912502974	0	84.11079231395551	-12.764137235156316	28.87251318003565	71.89664020081858	109.6469127116635	153.78135411123282	230.39249109030376	0.17455764510438754	1.0155255909800789	22.591873055551943	1.0166291462647357	NaN	1	NaN	1	NaN	1	0.0018025171388167656	1.1500341513464856	NaN	NaN	800009909	800009909	800009909	800009909	800009919	800109919	899999999	899999999	89999	89999	89	89	1	0	4	14	0	0	11	NaN	0	0	0	0	0	0	0	0	0	NaN	NaN	NaN	NaN	0	0	0	0	0	0	0	0	5347	0	0	0	18000	18000	18000	18000	6	NaN	0.5766426488742633	0.5116578098934452	0.1287736393140926	0.24420115213844915	NaN	NaN	1.2007283121623818e-7	NaN	0.01995079823037596	NaN	NaN	0.0000018025171388167655	NaN	NaN	NaN	95893.40091753472	11.65999984741211	NaN	0	0	0	0	0.00028964444133129717	-1	0	2.1217635749512254	84.06185979381137	1.0000569122102525	-273.1499938964844	9.000656860775418	-273.1499938964844	154
DATA	2025-08-26T173000_AIU-0547.ghg	2025-08-26	18:00:00	238.749	1	18000	18000	0.1186993057222763	1	NaN	24.441161726935317	1	NaN	NaN	NaN	NaN	NaN	NaN	NaN	NaN	NaN	NaN	-0.000010507247380802384	2	NaN	NaN	NaN	NaN	NaN	NaN	NaN	NaN	NaN	NaN	NaN	NaN	-2.1176652511729804e-12	NaN	NaN	NaN	NaN	NaN	0	NaN	NaN	NaN	NaN	0	0.08777629708767765	2.246380099318892	2.246380099318892	0	1	NaN	NaN	NaN	NaN	9	294.1703204193115	294.0169258100721	95516.05244444445	1.1317789483832879	1005.575163389483	0.025592103721065344	NaN	NaN	NaN	NaN	NaN	NaN	NaN	NaN	0.5701446968340612	0.052480374565050864	0.26216442882052227	0.6297216470642026	-1.531920007188148e-13	-2.412570729724102e-14	0.6297216470642026	2.1025024308524327	326.7408882974508	5.25911170254916	24.602341892411086	NaN	0.323849539303996	0.3539572861014756	-117.1390731947259	-0.024756897258177816	NaN	0.06631357038705091	0	98.45072889599956	-14.940277935310906	33.79494936896746	84.15420231120088	128.34046833569363	179.99933167140912	269.67179901647506	0.11657484456290444	1.0182240102256837	24.00111980913098	1.0183342244571825	NaN	1	NaN	1	NaN	1	-0.00000911942048970204	1.1521836713931028	NaN	NaN	800009909	800009909	800009909	800009909	800009919	800009919	899999999	899999999	89999	89999	89	89	3	0	0	16	0	0	1	NaN	0	0	0	0	0	0	0	0	0	NaN	NaN	NaN	NaN	0	0	0	0	0	0	0	0	5872	0	0	0	18000	18000	18000	18000	6	NaN	0.2139139059260016	0.43612096442447235	0.05787970185247731	0.08129773255500851	NaN	NaN	8.155965304110533e-8	NaN	0.021088969322323434	NaN	NaN	-9.11942048970204e-9	NaN	NaN	NaN	95899.22430685764	11.587021186298802	NaN	0	0	0	0	0.00028810067652375434	-1	0	2.119843959358003	84.06969741623492	1.0000803788536126	-273.1499938964844	9.000756607373555	-273.1499938964844	022
DATA	2025-08-26T180000_AIU-0547.ghg	2025-08-26	18:30:00	238.77	1	18000	18000	0.04453433497530039	1	NaN	27.982377148440346	1	NaN	NaN	NaN	NaN	NaN	NaN	NaN	NaN	NaN	NaN	-0.012960462707583232	1	NaN	NaN	NaN	NaN	NaN	NaN	NaN	NaN	NaN	NaN	NaN	NaN	1.48798138120272e-12	NaN	NaN	NaN	NaN	NaN	0	NaN	NaN	NaN	NaN	0	0.08765017893553426	2.2413628001328942	2.2413628001328942	0.1	0	NaN	NaN	NaN	NaN	9	294.2822516352336	293.7777601538764	95514.5607593316	1.132682644666853	1005.5689258378361	0.02557168539018491	NaN	NaN	NaN	NaN	NaN	NaN	NaN	NaN	0.44030837862476185	0.4433031389677429	0.23325481170755755	0.6669309923002027	-3.744628855486515e-14	1.6976364444128676e-14	0.6669309923002027	1.9172947621713123	286.8058123192206	45.19418768077941	20.471630188691	NaN	0.1982865984521666	0.15895405534037702	-23.48452189738796	-0.12348558819596618	NaN	0.12389995614544796	1	4.07718554098687	2	3	6	10	17	47	0.043770578983643754	1.0174490721711047	27.491922904941422	1.0178399395776994	NaN	1	NaN	1	NaN	1	-0.01125491373059532	1.1515381652683443	NaN	NaN	800009909	800009909	800009909	800009909	800009919	800009919	899999999	899999999	89999	89999	89	89	0	2	0	20	0	0	1	NaN	0	0	0	0	0	0	0	0	0	NaN	NaN	NaN	NaN	0	0	0	0	0	0	0	0	9807	0	0	0	18000	18000	18000	18000	6	NaN	0.14590530262128076	0.14346133611411002	0.028541471945363224	0.06343308156903685	NaN	NaN	4.2334690950763397e-8	NaN	0.02413709650914917	NaN	NaN	-0.000011254913730595321	NaN	NaN	NaN	95899.53584809028	11.550000190734863	NaN	0	0	0	0	0.00028753329228493386	-1	0	2.1144729791945887	86.14629382986367	1.0000779300149945	-426.9787503560299	9.00052363192152	-328.42337121752183	067
DATA	2025-08-26T183000_AIU-0547.ghg	2025-08-26	19:00:00	238.791	0	18000	18000	0.20898136439174608	1	NaN	59.32940101173247	0	NaN	NaN	NaN	NaN	NaN	NaN	NaN	NaN	NaN	NaN	-0.0047021327571624355	2	NaN	NaN	NaN	NaN	NaN	NaN	NaN	NaN	NaN	NaN	NaN	NaN	4.6035640490083604e-12	NaN	NaN	NaN	NaN	NaN	0	NaN	NaN	NaN	NaN	0	0.08771225807360328	2.240868470494027	2.240868470494027	0.1	0	NaN	NaN	NaN	NaN	9	294.3220019395616	293.51423003980847	95517.53522222223	1.1337349225221758	1005.5620922301295	0.025547950990084122	NaN	NaN	NaN	NaN	NaN	NaN	NaN	NaN	0.2528129991316884	-0.04368025214084042	0.23694330782106035	0.349234173697569	1.1495285711313231e-14	5.248484248513251e-14	0.349234173697569	3.4418745886088056	341.8026109958259	350.19738900417417	42.72384106119336	NaN	0.4293367039992496	0.6042452034192851	-112.43901592588361	-0.02579175899148381	NaN	0.12121364986295409	0	76.54061667034935	-11.615333875314528	26.27391685211901	65.42576791996089	99.7784241958476	139.94065865103232	209.65660718599548	0.20311639472866613	1.0288749200718863	57.866431792673595	1.025281828751779	NaN	1	NaN	1	NaN	1	-0.004046528493054041	1.1620164704718512	NaN	NaN	800009909	800009909	800009909	800009909	800009919	800119919	899999999	899999999	89999	89999	89	89	4	0	1	0	0	0	1	NaN	0	0	0	0	0	0	0	0	0	NaN	NaN	NaN	NaN	0	0	0	0	0	0	0	0	8846	0	0	0	18000	18000	18000	18000	6	NaN	0.28185423375178104	0.735759348567838	0.19087682451895122	0.33773640428788565	NaN	NaN	7.986621286054115e-8	NaN	0.05075820857494106	NaN	NaN	-0.000004046528493054041	NaN	NaN	NaN	95898.05516731771	11.678578011797017	NaN	0	0	0	0	0.0002871021695739021	-1	0	2.1134300709962854	85.94774673359481	1.000095889452431	-306.9438703155456	9.000813302596411	-273.1499938964844	094
DATA	2025-08-26T190000_AIU-0547.ghg	2025-08-26	19:30:00	238.812	0	18000	18000	0.04841215285472179	1	NaN	73.90295796942355	1	NaN	NaN	NaN	NaN	NaN	NaN	NaN	NaN	NaN	NaN	-0.019807209602138838	1	NaN	NaN	NaN	NaN	NaN	NaN	NaN	NaN	NaN	NaN	NaN	NaN	2.5199580337561415e-13	NaN	NaN	NaN	NaN	NaN	0	NaN	NaN	NaN	NaN	0	0.08809933742545854	2.2408406368855482	2.2408406368855482	0.1	0	NaN	NaN	NaN	NaN	9	293.06383618757474	292.2518758807714	95527.62888563368	1.138752305723565	1005.529930678624	0.02543538580845218	NaN	NaN	NaN	NaN	NaN	NaN	NaN	NaN	0.616361228960792	0.4974530398590452	0.263328696693275	0.8346871832807531	5.032636222023774e-15	2.860359802238349e-15	0.8346871832807531	2.118621185548886	293.093682178254	38.906317821745986	18.3899079709204	NaN	0.20618760936949027	0.18137005823491428	-9.99856536097145	-0.2900416105014329	NaN	0.31302208972050327	0	82.50073152128667	-12.519804298214524	28.319831411405143	70.5203844513795	107.54803585724892	150.83764947968174	225.98228513902467	0.04770685167968464	1.014784064556863	72.72688569544891	1.016171079824586	NaN	1	NaN	1	NaN	1	-0.017231038934576906	1.1495075646537147	NaN	NaN	800009909	800009909	800009909	800009909	800009909	800019919	899999999	899999999	89999	89999	89	89	2	10	0	42	0	0	0	NaN	0	0	0	0	0	0	0	0	0	NaN	NaN	NaN	NaN	0	0	0	0	0	0	0	0	4310	0	0	0	18000	18000	18000	18000	6	NaN	0.17320893819240102	0.15303329433577462	0.03649788394165294	0.3904177270107551	NaN	NaN	5.53891386704847e-8	NaN	0.06351418342908749	NaN	NaN	-0.000017231038934576905	NaN	NaN	NaN	95902.3273843316	11.67669800737169	NaN	0	0	0	0	0.0002860457716451492	-1	0	2.1105067205693993	84.07283144785116	1.0001048105458419	-273.1499938964844	9.00097198006842	-273.1499938964844	232
DATA	2025-08-26T193000_AIU-0547.ghg	2025-08-26	20:00:00	238.833	0	18000	18000	0.10998144552229859	1	NaN	55.758001449928805	1	NaN	NaN	NaN	NaN	NaN	NaN	NaN	NaN	NaN	NaN	-0.009504000249748885	1	NaN	NaN	NaN	NaN	NaN	NaN	NaN	NaN	NaN	NaN	NaN	NaN	1.1629149496447249e-12	NaN	NaN	NaN	NaN	NaN	0	NaN	NaN	NaN	NaN	0	0.08862334042870337	2.2422723960402573	2.2422723960402573	0	0	NaN	NaN	NaN	NaN	9	291.78210322401253	290.8005844150118	95557.55746701389	1.1447939983354438	1005.4941262049766	0.025301149620332173	NaN	NaN	NaN	NaN	NaN	NaN	NaN	NaN	0.9237131167056685	0.44879503464008924	0.2586879801746486	1.059047863025347	-3.5355594502998556e-14	1.3121994093421461e-14	1.059047863025347	2.8635486671707775	306.08674828979497	25.91325171020502	14.138382376027812	NaN	0.30995313957366927	0.4298047136434694	-45.02714508278714	-0.06440559344075768	NaN	0.15628031474280718	0	97.90282940937878	-14.857132074406454	33.606873205212565	83.68586607072474	127.62622601872634	178.99759666628762	268.1710174387855	0.10862150382875566	1.0125200042865077	54.943351924949695	1.0148270809194875	NaN	1	NaN	1	NaN	1	-0.008277101921430852	1.148228007817734	NaN	NaN	800009909	800009909	800009909	800009909	800009909	800019919	899999999	899999999	89999	89999	89	89	0	0	0	28	0	0	0	NaN	0	0	0	0	0	0	0	0	0	NaN	NaN	NaN	NaN	0	0	0	0	0	0	0	0	16907	0	0	0	18000	18000	18000	18000	6	NaN	0.5497458489687082	0.2560996455419419	0.0537639327762886	0.20758750143675309	NaN	NaN	2.8914154163297953e-8	NaN	0.04773185020270196	NaN	NaN	-0.000008277101921430851	NaN	NaN	NaN	95929.00644726562	11.670000076293945	NaN	0	0	0	0	0.0002843115141117273	-1	0	2.108958006832334	84.44010040016128	1.0001297764430443	-273.1499938964844	9.001063807778888	-273.1499938964844	140
DATA	2025-08-26T200000_AIU-0547.ghg	2025-08-26	20:30:00	238.854	0	18000	18000	0.15192534434620777	1	NaN	11.89912137952849	2	NaN	NaN	NaN	NaN	NaN	NaN	NaN	NaN	NaN	NaN	-0.009522696356574526	1	NaN	NaN	NaN	NaN	NaN	NaN	NaN	NaN	NaN	NaN	NaN	NaN	8.249754157869962e-13	NaN	NaN	NaN	NaN	NaN	0	NaN	NaN	NaN	NaN	0	0.08881252307530291	2.244139241808924	2.244139241808924	-0.1	0	NaN	NaN	NaN	NaN	9	291.52103391350636	290.5115268724229	95586.77235546875	1.1462834097735048	1005.4871444761958	0.025268274834463936	NaN	NaN	NaN	NaN	NaN	NaN	NaN	NaN	0.9153760738644632	0.1511945825880976	0.2928172114460859	0.9728900645636025	-1.9867769195942768e-14	9.288953710812956e-15	0.9728900645636025	3.9915828988983395	322.6210162599833	9.378983740016677	17.516273595767732	NaN	0.3640567696979477	0.5405045253864467	-341.9618856044579	-0.008480477275629441	NaN	0.028358108131855953	0	95.48278453373005	-14.489880927933875	32.77615011194249	81.61724810972757	124.47145310625507	174.5729827998758	261.54213959669045	0.14993632807866633	1.0132657394844156	11.720296640572881	1.0152576973467173	NaN	1	NaN	1	NaN	1	-0.008290862788442304	1.1485772469723456	NaN	NaN	800009909	800009909	800009909	800009909	800009919	800009919	899999999	899999999	89999	89999	89	89	1	3	2	21	0	0	1	NaN	0	0	0	0	0	0	0	0	0	NaN	NaN	NaN	NaN	0	0	0	0	0	0	0	0	16569	0	0	0	18000	18000	18000	18000	6	NaN	0.6056951517456451	0.39635290789702116	0.07896099113022718	0.40511759389190966	NaN	NaN	3.120153907412002e-8	NaN	0.010168808636673531	NaN	NaN	-0.000008290862788442304	NaN	NaN	NaN	95968.33494769965	11.643460101604461	NaN	0	0	0	0	0.00028334993787252136	-1	0	2.1106173836721323	84.4679699411569	1.0001142948634094	-362.0557476298051	9.000885141425663	-273.1499938964844	184
DATA	2025-08-26T203000_AIU-0547.ghg	2025-08-26	21:00:00	238.874	0	18000	18000	0.06651594563931876	0	NaN	24.008846802190735	0	NaN	NaN	NaN	NaN	NaN	NaN	NaN	NaN	NaN	NaN	-0.02032040488093036	1	NaN	NaN	NaN	NaN	NaN	NaN	NaN	NaN	NaN	NaN	NaN	NaN	3.8632003475535377e-13	NaN	NaN	NaN	NaN	NaN	0	NaN	NaN	NaN	NaN	0	0.08919051972193695	2.2647759986624134	2.2647759986624134	-0.1	0	NaN	NaN	NaN	NaN	9	292.82159213002524	292.0676827596029	95628.41683506944	1.1406726788456916	1005.5253171140896	0.02539256420663482	NaN	NaN	NaN	NaN	NaN	NaN	NaN	NaN	1.0844169621856494	-0.05697076148765543	0.2670928982582275	1.1182774395651551	-3.233641891907545e-14	4.331402440077227e-15	1.1182774395651551	5.4837054620982375	335.00731748039664	356.9926825196033	13.818271783196952	NaN	0.24148066606878693	0.7639048052158015	-49.47805428646365	-0.05861184401492098	NaN	0.086683190160392	0	50.52200233838108	-7.666908769981812	17.342568513109526	43.18544772220418	65.8605326143838	92.37033344076627	138.38759157281768	0.06572231456536186	1.012075519238867	23.663861417703885	1.0145785752543646	NaN	1	NaN	1	NaN	1	-0.01769962660564027	1.1480696928631782	NaN	NaN	800009909	800009909	800009909	800009909	800009919	800009919	899999999	899999999	89999	89999	89	89	7	3	7	7	0	0	0	NaN	0	0	0	0	0	0	0	0	0	NaN	NaN	NaN	NaN	0	0	0	0	0	0	0	0	16248	0	0	0	18000	18000	18000	18000	6	NaN	0.5880918117177625	0.769129042998113	0.1705887557157276	0.19589434706406966	NaN	NaN	2.6140226151015063e-8	NaN	0.020631536095320018	NaN	NaN	-0.00001769962660564027	NaN	NaN	NaN	96020.43839930555	11.630000114440918	NaN	0	0	0	0	0.00028401619785128993	-1	0	2.134663842002551	84.780697346672	1.0001209994885656	-315.70524568346724	9.000989800188277	-273.1499938964844	128
DATA	2025-08-26T210000_AIU-0547.ghg	2025-08-26	21:30:00	238.895	0	18000	18000	0.061710677363033706	0	NaN	34.614525836666836	0	NaN	NaN	NaN	NaN	NaN	NaN	NaN	NaN	NaN	NaN	-0.007529902435394802	1	NaN	NaN	NaN	NaN	NaN	NaN	NaN	NaN	NaN	NaN	NaN	NaN	-1.7545185619076163e-13	NaN	NaN	NaN	NaN	NaN	0	NaN	NaN	NaN	NaN	0	0.08963741374740872	2.2649527753114382	2.2649527753114382	-0.1	0	NaN	NaN	NaN	NaN	9	291.55212551032173	290.7581765577528	95669.19575	1.1462986081933018	1005.493098800749	0.025267939810199112	NaN	NaN	NaN	NaN	NaN	NaN	NaN	NaN	1.097019677826867	-0.21174688355548638	0.2890261906344646	1.1540472499458194	-1.443501637207402e-14	-1.957350718363778e-15	1.1540472499458194	3.3187507903655455	342.9248858928919	349.07511410710816	14.503888963772832	NaN	0.23202312627566282	0.39524716080233535	-30.450227397484905	-0.09523738401505438	NaN	0.12943456050978952	0	72.23836072633509	-10.962449937600702	24.797091607342086	61.748264247137854	94.16999905825324	132.07476265121733	197.8720616243547	0.06098918886825649	1.0118297768533324	34.121648351650634	1.0144447149779139	NaN	1	NaN	1	NaN	1	-0.006559141175285687	1.148001275497296	NaN	NaN	800009909	800009909	800009909	800009909	800009909	800009909	899999999	899999999	89999	89999	89	89	0	0	0	19	0	0	2	NaN	0	0	0	0	0	0	0	0	0	NaN	NaN	NaN	NaN	0	0	0	0	0	0	0	0	15907	0	0	0	18000	18000	18000	18000	6	NaN	0.3305863140093753	0.39548664584806437	0.06442136174723107	0.3117263071343083	NaN	NaN	5.216470629208727e-8	NaN	0.029604187329470833	NaN	NaN	-0.000006559141175285687	NaN	NaN	NaN	96049.54483680555	11.659649911921182	NaN	0	0	0	0	0.0002835020656057168	-1	0	2.1324695055815908	84.59279761277307	1.0001288744376766	-302.66412013583897	9.001057792690066	-273.1499938964844	107
DATA	2025-08-26T213000_AIU-0547.ghg	2025-08-26	22:00:00	238.916	0	18000	18000	0.08200879238600906	1	NaN	63.801374417527235	1	NaN	NaN	NaN	NaN	NaN	NaN	NaN	NaN	NaN	NaN	-0.011421825606662417	1	NaN	NaN	NaN	NaN	NaN	NaN	NaN	NaN	NaN	NaN	NaN	NaN	-2.5081457691019215e-12	NaN	NaN	NaN	NaN	NaN	0	NaN	NaN	NaN	NaN	0	0.0900454410192496	2.2656554118990733	2.2656554118990733	-0.1	0	NaN	NaN	NaN	NaN	9	290.49197999911826	289.63979097239167	95705.32826497396	1.151159416702043	1005.4663898754093	0.025161245103066672	NaN	NaN	NaN	NaN	NaN	NaN	NaN	NaN	1.4366176190393702	-0.013642446008784486	0.3245890619837901	1.4728931932857334	-2.3956392630615823e-14	-2.7854222720345593e-14	1.4728931932857334	3.658638886322892	332.5440773336993	359.45592266630086	12.731068449537947	NaN	0.266908542133187	0.42119042524251155	-25.15463645388071	-0.11528689771831725	NaN	0.20652114917702943	0	89.39626860765715	-13.566228654223586	30.686846153895253	76.41458584041959	116.53706487729606	163.4448904923233	244.8702295160613	0.08118077706496982	1.0101996476379693	62.942077279601115	1.0136521890453178	NaN	1	NaN	1	NaN	1	-0.009948309732254513	1.148117209261233	NaN	NaN	800009909	800009909	800009909	800009909	800009909	800009909	899999999	899999999	89999	89999	89	89	1	0	0	12	0	0	0	NaN	0	0	0	0	0	0	0	0	0	NaN	NaN	NaN	NaN	0	0	0	0	0	0	0	0	15011	0	0	0	18000	18000	18000	18000	6	NaN	0.48493220422543387	0.30740908136747036	0.050039564892118964	0.39594417304663004	NaN	NaN	5.3910601250590966e-8	NaN	0.05437985478867938	NaN	NaN	-0.000009948309732254513	NaN	NaN	NaN	96083.15674674479	11.653395566728381	NaN	0	0	0	0	0.0002822256857568088	-1	0	2.131178544123966	84.3471504750075	1.0001401911543475	-295.3966198306632	9.00107630446222	-273.1499938964844	219
DATA	2025-08-26T220000_AIU-0547.ghg	2025-08-26	22:30:00	238.937	0	18000	18000	0.04623759089298722	0	NaN	41.39488720233598	0	NaN	NaN	NaN	NaN	NaN	NaN	NaN	NaN	NaN	NaN	-0.011268351098792475	0	NaN	NaN	NaN	NaN	NaN	NaN	NaN	NaN	NaN	NaN	NaN	NaN	1.635086478389221e-12	NaN	NaN	NaN	NaN	NaN	0	NaN	NaN	NaN	NaN	0	0.0901820480569355	2.2610403313409755	2.2610403313409755	-0.1	0	NaN	NaN	NaN	NaN	9	289.5714411451552	288.68756143188483	95730.40076584202	1.1552590614970855	1005.4442351533471	0.02507195589429829	NaN	NaN	NaN	NaN	NaN	NaN	NaN	NaN	1.4914154886495419	-0.17375458802401172	0.3052178992083159	1.5322104237474294	-5.723174521062213e-15	1.813095304019849e-14	1.5322104237474294	3.8380134679881786	338.64518132046794	353.35481867953206	11.490241515283609	NaN	0.2000589141090828	0.3065376171388872	-16.32899037970003	-0.17759824291434692	NaN	0.1781358885000706	0	75.46691701519565	-11.452395810285173	25.90535050537588	64.5079856037251	98.37874825500347	137.97759324246996	206.71557748661624	0.0457807436354974	1.0099790265777944	40.84087069812408	1.0135652471345904	NaN	1	NaN	1	NaN	1	-0.009813478127617578	1.1482525310858462	NaN	NaN	800009909	800009909	800009909	800009909	800009909	800009909	899999999	899999999	89999	89999	89	89	1	0	0	23	0	0	0	NaN	0	0	0	0	0	0	0	0	0	NaN	NaN	NaN	NaN	0	0	0	0	0	0	0	0	16269	0	0	0	18000	18000	18000	18000	6	NaN	0.318914817170377	0.2512254286036106	0.042934988503786846	0.19489152713362745	NaN	NaN	4.41443660232642e-8	NaN	0.035160708714047376	NaN	NaN	-0.000009813478127617579	NaN	NaN	NaN	96111.41281358506	11.640000343322754	NaN	0	0	0	0	0.00028144203523212735	-1	0	2.1250890568097427	84.03002030796476	1.0001727026287053	-273.1499938964844	9.001175793276893	-273.1499938964844	203
DATA	2025-08-26T223000_AIU-0547.ghg	2025-08-26	23:00:00	238.958	0	18000	18000	0.02162246356845236	1	NaN	29.79828419984679	0	NaN	NaN	NaN	NaN	NaN	NaN	NaN	NaN	NaN	NaN	-0.006758637093270785	0	NaN	NaN	NaN	NaN	NaN	NaN	NaN	NaN	NaN	NaN	NaN	NaN	1.1373834477671422e-12	NaN	NaN	NaN	NaN	NaN	0	NaN	NaN	NaN	NaN	0	0.09036182913100851	2.2592400006282918	2.2592400006282918	-0.1	0	NaN	NaN	NaN	NaN	9	288.82201215108233	287.94064166175	95749.30558723958	1.1584845426443753	1005.4272344682539	0.025002149938253213	NaN	NaN	NaN	NaN	NaN	NaN	NaN	NaN	1.595128865991617	-0.15231688630053644	0.32483923758845246	1.6349792241031724	5.657154825710341e-14	1.2586990089788236e-14	1.6349792241031724	3.096953068023074	337.45456494489747	354.5454350551025	11.459835608177528	NaN	0.136617855932588	0.17557324164745047	-7.22465876617739	-0.4014030411479776	NaN	0.18725908809700922	1	24.788948336477578	11	20	33	50	81	187	0.02141598550756982	1.0096413055943447	29.40286919309567	1.0134481775963542	NaN	1	NaN	1	NaN	1	-0.005884490352720644	1.1485509684192083	NaN	NaN	800009909	800009909	800009909	800009909	800009919	800009919	899999999	899999999	89999	89999	89	89	7	1	0	41	0	0	12	NaN	0	0	0	0	0	0	0	0	0	NaN	NaN	NaN	NaN	0	0	0	0	0	0	0	0	17344	0	0	0	18000	18000	18000	18000	6	NaN	0.10968436003536278	0.19359376005358603	0.047868363205952134	0.17938368156486828	NaN	NaN	4.153687013037866e-8	NaN	0.025243456631775036	NaN	NaN	-0.0000058844903527206445	NaN	NaN	NaN	96130.56705555556	11.646634862422943	NaN	0	0	0	0	0.0002802615165419411	-1	0	2.122020598214534	83.76359639803567	1.000172297851907	-273.1499938964844	9.001134424977833	-273.1499938964844	051
DATA	2025-08-26T230000_AIU-0547.ghg	2025-08-26	23:30:00	238.979	0	18000	18000	0.06062385810605522	1	NaN	99.94295735153634	1	NaN	NaN	NaN	NaN	NaN	NaN	NaN	NaN	NaN	NaN	-0.04533955604514777	1	NaN	NaN	NaN	NaN	NaN	NaN	NaN	NaN	NaN	NaN	NaN	NaN	2.333506173972126e-12	NaN	NaN	NaN	NaN	NaN	0	NaN	NaN	NaN	NaN	0	0.09049180236049637	2.256478500612265	2.256478500612265	-0.1	0	NaN	NaN	NaN	NaN	9	287.96547555202903	287.1164440655177	95729.57374262153	1.1615706692060175	1005.4088597899599	0.024935722814128813	NaN	NaN	NaN	NaN	NaN	NaN	NaN	NaN	1.8124703865647105	-0.7186838022868048	0.3365422899300634	1.978589402264915	9.687552009556371e-14	2.5786934430546865e-14	1.978589402264915	3.399145900084447	353.6293993221194	338.37060067788065	9.793169974234315	NaN	0.2284541055403249	0.21749295150738004	-10.07068613929456	-0.28796449019343	NaN	0.3745975080621622	0	72.98997302796083	-11.076510004111228	25.05509578835092	62.39073113793576	95.14980160394506	133.4489496530379	199.93084416273936	0.06009359740703795	1.0088239133933954	98.63148112938113	1.013296730487448	NaN	1	NaN	1	NaN	1	-0.039424458590553824	1.150036238062917	NaN	NaN	800009909	800009909	800009909	800009909	800009919	800009919	899999999	899999999	89999	89999	89	89	33	4	1	59	0	0	1	NaN	0	0	0	0	0	0	0	0	0	NaN	NaN	NaN	NaN	0	0	0	0	0	0	0	0	16612	0	0	0	18000	18000	18000	18000	6	NaN	0.10447280910830807	0.2696537895087157	0.0608593043977363	0.31758368774862283	NaN	NaN	2.0354910177547564e-7	NaN	0.08445535850175723	NaN	NaN	-0.000039424458590553824	NaN	NaN	NaN	96110.7169750434	11.649999618530273	NaN	0	0	0	0	0.0002798663944963158	-1	0	2.117122158666452	83.59232861119727	1.00015125158098	-288.1694945271797	9.001023879157172	-273.1499938964844	228
