DATAH	filename	date	time	DOY	daytime	file_records	used_records	Tau	qc_Tau	rand_err_Tau	H	qc_H	rand_err_H	LE	qc_LE	rand_err_LE	co2_flux	qc_co2_flux	rand_err_co2_flux	h2o_flux	qc_h2o_flux	rand_err_h2o_flux	ch4_flux	qc_ch4_flux	rand_err_ch4_flux	none_flux	qc_none_flux	rand_err_none_flux	H_strg	LE_strg	co2_strg	h2o_strg	ch4_strg	none_strg	co2_v-adv	h2o_v-adv	ch4_v-adv	none_v-adv	co2_molar_density	co2_mole_fraction	co2_mixing_ratio	co2_time_lag	co2_def_timelag	h2o_molar_density	h2o_mole_fraction	h2o_mixing_ratio	h2o_time_lag	h2o_def_timelag	ch4_molar_density	ch4_mole_fraction	ch4_mixing_ratio	ch4_time_lag	ch4_def_timelag	none_molar_density	none_mole_fraction	none_mixing_ratio	none_time_lag	none_def_timelag	sonic_temperature	air_temperature	air_pressure	air_density	air_heat_capacity	air_molar_volume	ET	water_vapor_density	e	es	specific_humidity	RH	VPD	Tdew	u_unrot	v_unrot	w_unrot	u_rot	v_rot	w_rot	wind_speed	max_wind_speed	wind_dir	yaw	pitch	roll	u*	TKE	L	(z-d)/L	bowen_ratio	T*	model	x_peak	x_offset	x_10%	x_30%	x_50%	x_70%	x_90%	un_Tau	Tau_scf	un_H	H_scf	un_LE	LE_scf	un_co2_flux	co2_scf	un_h2o_flux	h2o_scf	un_ch4_flux	ch4_scf	un_none_flux	un_none_scf	spikes_hf	amplitude_resolution_hf	drop_out_hf	absolute_limits_hf	skewness_kurtosis_hf	skewness_kurtosis_sf	discontinuities_hf	discontinuities_sf	timelag_hf	timelag_sf	attack_angle_hf	non_steady_wind_hf	u_spikes	v_spikes	w_spikes	ts_spikes	co2_spikes	h2o_spikes	ch4_spikes	none_spikes	head_detect_LI-7200	t_out_LI-7200	t_in_LI-7200	aux_in_LI-7200	delta_p_LI-7200	chopper_LI-7200	detector_LI-7200	pll_LI-7200	sync_LI-7200	chopper_LI-7500	detector_LI-7500	pll_LI-7500	sync_LI-7500	not_ready_LI-7700	no_signal_LI-7700	re_unlocked_LI-7700	bad_temp_LI-7700	laser_temp_unregulated_LI-7700	block_temp_unregulated_LI-7700	motor_spinning_LI-7700	pump_on_LI-7700	top_heater_on_LI-7700	bottom_heater_on_LI-7700	calibrating_LI-7700	motor_failure_LI-7700	bad_aux_tc1_LI-7700	bad_aux_tc2_LI-7700	bad_aux_tc3_LI-7700	box_connected_LI-7700	mean_value_RSSI_LI-7200	mean_value_LI-7500	u_var	v_var	w_var	ts_var	co2_var	h2o_var	ch4_var	none_var	w/ts_cov	w/co2_cov	w/h2o_cov	w/ch4_cov	w/none_cov	co2_mean	h2o_mean	air_p_mean	vin_sf_mean	dew_point_mean	avg_signal_strength_7200_mean	co2_signal_strength_7200_mean	h2o_signal_strength_7200_mean	delta_signal_strength_7200_mean	flowrate_mean	hit_power_mean	hit_vin_mean	ch4_mean	rssi_77_mean	ch4_aux-1_mean	ch4_aux-2_mean	ch4_aux-3_mean	ch4_aux-4_mean	CHK
DATAU		[yyyy-mm-dd]	[HH:MM]	[ddd.ddd]	[1=daytime]	[#]	[#]	[kg+1m-1s-2]	[#]	[kg+1m-1s-2]	[W+1m-2]	[#]	[W+1m-2]	[W+1m-2]	[#]	[W+1m-2]	[µmol+1s-1m-2]	[#]	[µmol+1s-1m-2]	[mmol+1s-1m-2]	[#]	[mmol+1s-1m-2]	[µmol+1s-1m-2]	[#]	[µmol+1s-1m-2]	[µmol+1s-1m-2]	[#]	[µmol+1s-1m-2]	[W+1m-2]	[W+1m-2]	[µmol+1s-1m-2]	[mmol+1s-1m-2]	[µmol+1s-1m-2]	[µmol+1s-1m-2]	[µmol+1s-1m-2]	[mmol+1s-1m-2]	[µmol+1s-1m-2]	[µmol+1s-1m-2]	[mmol+1m-3]	[µmol+1mol_a-1]	[µmol+1mol_d-1]	[s]	[1=default]	[mmol+1m-3]	[mmol+1mol_a-1]	[mmol+1mol_d-1]	[s]	[1=default]	[mmol+1m-3]	[µmol+1mol_a-1]	[µmol+1mol_d-1]	[s]	[1=default]	[mmol+1m-3]	[µmol+1mol_a-1]	[µmol+1mol_d-1]	[s]	[1=default]	[K]	[K]	[Pa]	[kg+1m-3]	[J+1kg-1K-1]	[m+3mol-1]	[mm]	[kg+1m-3]	[Pa]	[Pa]	[kg+1kg-1]	[%]	[Pa]	[K]	[m+1s-1]	[m+1s-1]	[m+1s-1]	[m+1s-1]	[m+1s-1]	[m+1s-1]	[m+1s-1]	[m+1s-1]	[deg_from_north]	[deg]	[deg]	[deg]	[m+1s-1]	[m+2s-2]	[m]	[#]	[#]	[K]	[0=KJ/1=KM/2=HS]	[m]	[m]	[m]	[m]	[m]	[m]	[m]	[kg+1m-1s-2]	[#]	[W+1m-2]	[#]	[W+1m-2]	[#]	[µmol+1s-1m-2]	[#]	[mmol+1s-1m-2]	[#]	[µmol+1s-1m-2]	[#]	[µmol+1s-1m-2]	[#]	8u/v/w/ts/co2/h2o/ch4/none	8u/v/w/ts/co2/h2o/ch4/none	8u/v/w/ts/co2/h2o/ch4/none	8u/v/w/ts/co2/h2o/ch4/none	8u/v/w/ts/co2/h2o/ch4/none	8u/v/w/ts/co2/h2o/ch4/none	8u/v/w/ts/co2/h2o/ch4/none	8u/v/w/ts/co2/h2o/ch4/none	8co2/h2o/ch4/none	8co2/h2o/ch4/none	8aa	8U	[#]	[#]	[#]	[#]	[#]	[#]	[#]	[#]	[#_flagged_recs]	[#_flagged_recs]	[#_flagged_recs]	[#_flagged_recs]	[#_flagged_recs]	[#_flagged_recs]	[#_flagged_recs]	[#_flagged_recs]	[#_flagged_recs]	[#_flagged_recs]	[#_flagged_recs]	[#_flagged_recs]	[#_flagged_recs]	[#_flagged_recs]	[#_flagged_recs]	[#_flagged_recs]	[#_flagged_recs]	[#_flagged_recs]	[#_flagged_recs]	[#_flagged_recs]	[#_flagged_recs]	[#_flagged_recs]	[#_flagged_recs]	[#_flagged_recs]	[#_flagged_recs]	[#_flagged_recs]	[#_flagged_recs]	[#_flagged_recs]	[#_flagged_recs]	[#]	[#]	[m+2s-2]	[m+2s-2]	[m+2s-2]	[K+2]	--	--	--	--	[m+1s-1K+1]	--	--	--	--	--	--	--	--	--	--	--	--	--	--	--	--	--	--	--	--	--	--	207
DATA	2025-09-24T233000_AIU-0547.ghg	2025-09-25	00:00:00	268	0	18000	18000	0.043822149441257986	1	NaN	1.2284924704603428	2	NaN	-0.19403207999414415	2	NaN	5.48032237849716	1	NaN	-0.004390877126564618	2	NaN	NaN	NaN	NaN	NaN	NaN	NaN	NaN	NaN	NaN	NaN	NaN	NaN	-5.152254577270005e-11	-2.708652085822051e-12	NaN	NaN	16.761460675811364	427.45609859546	437.2828477945454	0.3	0	881.1863765671509	22.472295102922526	22.988908642020128	0.1	1	NaN	NaN	NaN	NaN	0	NaN	NaN	NaN	NaN	9	295.4423348210653	293.3479549277762	95191.56065667052	1.1210260499043212	1017.8975716641455	0.02580383759608223	-0.0002845288378013872	0.01569343176902162	2124.4688351001296	2357.7426312817415	0.013999167789509482	90.10605343065808	233.27379618161194	291.62289331354094	-0.3013382067081612	0.15358712517065826	0.11808848486116312	0.3582437858457055	1.7982605888977257e-14	-3.0738696805256816e-15	0.3582437858457055	1.3679037618889862	179.00719074194782	152.99280925805215	19.24641876840502	NaN	0.19771471153104522	0.08887482508406065	-531.0253883314493	-0.005461132487680441	-6.331388451319073	0.005445198680422585	1	1.1738286524135988	1	1	2	3	6	19	0.04261620231671737	1.028297855251817	1.1960998143985349	1.024901477513676	-0.17722626834823274	1.0948268662571488	5.005652078335062	1.0948268662571488	-0.004010567571816698	1.0948268662571488	NaN	1	NaN	NaN	800000009	800000019	800000009	800000019	800000109	800000109	899999999	899999999	89999	89999	89	89	1	5	1	1	3	1	0	NaN	0	0	17821	0	0	0	0	0	0	NaN	NaN	NaN	NaN	0	17995	0	0	0	0	101	0	18000	0	0	16	18000	18000	18000	18000	87	NaN	0.06387832848365449	0.09059506136102737	0.023276260323439466	0.015445003564704955	136.15437831226185	0.0035470663358545445	NaN	NaN	0.0010482084105389617	0.1321135200495457	-0.00010585038492837029	NaN	NaN	427.4554655602123	22.47228019495422	95674.82978754341	11.442779988288882	18.597237665706206	88.86540524249607	88.69546756193373	89.0353446858724	-0.33987520671553134	0.00028395633919798353	-1	0	15.635828784154542	0.19514426824368644	1.000090672776103	-273.1499938964844	9.000936202843985	-273.1499938964844	058
DATA	2025-09-25T000000_AIU-0547.ghg	2025-09-25	00:30:00	268.02	0	18000	18000	0.06695704145499316	1	NaN	2.8276597792892937	1	NaN	-1.011993155080081	2	NaN	28.91701472652818	0	NaN	-0.022911352964779887	2	NaN	0.005158070074430997	2	NaN	NaN	NaN	NaN	NaN	NaN	NaN	NaN	NaN	NaN	2.276038326300769e-10	1.240922941156933e-11	1.2283758197382026e-12	NaN	16.268986905646244	414.6304462751472	424.22043319611447	0.3	0	887.0043552127045	22.60614098362837	23.128998381858782	0.1	1	0.08780357472720532	2.138923321382329	2.188394475421501	0	1	NaN	NaN	NaN	NaN	9	295.6962933095296	293.81343120390153	95265.4259462567	1.1199352605057729	1018.0747564307194	0.025641672650551162	-0.0014846556721177366	0.015886743156590437	2154.161325822991	2428.715541318869	0.014185412065172268	88.69549723609104	274.554215495878	291.8446020058494	-0.41459126133597257	0.3562046591179538	0.14431879440921658	0.5653278584796875	1.2752579206966303e-14	1.3990043384390807e-14	0.5653278584796875	2.9964333530324128	192.66820545906288	139.33179454093712	14.790376120803176	NaN	0.2445128392856884	0.22448822976610722	-436.61004207528583	-0.006642082683705074	-2.794149115628688	0.010142684076068949	0	68.48282593778048	-10.392533044491596	23.50793804336318	58.538089595037135	89.27428016394983	125.20844729135182	187.58507000879916	0.06565756009210291	1.0197918009908893	2.7355741613413724	1.0193420907249453	-0.929517969324911	1.0887289847823705	26.560342500947097	1.0887289847823705	-0.021044128782297195	1.0887289847823705	0.0038949642842397835	1.153538364293227	NaN	NaN	800000009	800000009	800000009	800000019	800000019	800100119	899999999	899999999	89999	89999	89	89	45	24	9	0	0	10	2	NaN	0	0	15616	0	0	0	0	0	0	NaN	NaN	NaN	NaN	0	24	0	0	0	0	101	0	18000	0	0	16	18000	18000	18000	18000	87	NaN	0.14180950248950452	0.2254078362950848	0.08175912074762516	0.013103322579027295	202.1091844068622	0.007052731046026953	2.790281107971274e-7	NaN	0.002399252221202946	0.6968079725053876	-0.0005520906482818095	0.000003894964284239784	NaN	414.63013780393266	22.606078152126976	95655.44560286458	11.449999809265137	18.688974964353772	88.8800431690216	88.7143971839481	89.04568693372939	-0.33128481371204077	0.0002832262331568119	-1	0	2.124010798991552	49.23665612016569	1.000088090032339	-273.1499938964844	9.00091471584638	-273.1499938964844	141
DATA	2025-09-25T003000_AIU-0547.ghg	2025-09-25	01:00:00	268.041	0	18000	18000	0.10957787380279893	1	NaN	8.137058239840798	0	NaN	-2.0763684255510007	1	NaN	5.016293558799113	1	NaN	-0.047009627735338955	1	NaN	-0.004959800329888899	2	NaN	NaN	NaN	NaN	NaN	NaN	NaN	NaN	NaN	NaN	1.9715795951762078e-11	1.0978437338486493e-12	1.0978509871584604e-13	NaN	15.997145147525506	407.0823849239215	416.524050326877	0	0	890.7763908009298	22.66775566872048	23.193500265849156	0.1	1	0.08907822760439162	2.1702906050786255	2.2206272408044865	-0.9	0	NaN	NaN	NaN	NaN	9	295.69553738149006	293.8354235568576	95241.65953298612	1.119545753204717	1018.1103616971858	0.02564999101685771	-0.003046223877249964	0.015924877473859636	2159.493773782833	2432.0077970704583	0.014224409702126446	88.7946895722995	272.51402328762515	291.8841343330037	-0.6303998013080634	0.21159175137485256	0.14192721933542027	0.6799399343525875	5.135163930055135e-15	1.2324571521945454e-15	0.6799399343525875	4.7095484591809385	170.55416875468032	161.44583124531965	12.048226622456088	NaN	0.3128531349796233	0.26633388863241153	-317.7588038159899	-0.009126419048579228	-3.918889412740654	0.022818663755478384	0	77.42417162773194	-11.749416748874179	26.57721267719094	66.181017408415	100.93022731911948	141.55607890852815	212.07680109983625	0.10772529840986128	1.0171972175550554	7.93362134948205	1.0176800184927062	-1.9097737806194952	1.0872326589788375	4.61381795089799	1.0872326589788375	-0.04323787309653837	1.0872326589788375	-0.006964983908640447	1.151332301793327	NaN	NaN	800000009	800000009	800000009	800000009	800000009	810101009	899999999	899999999	89999	89999	89	89	43	45	10	24	9	0	0	NaN	0	0	8383	0	0	0	0	0	0	NaN	NaN	NaN	NaN	0	0	0	0	0	0	0	0	18000	0	0	0	18000	18000	18000	18000	87	NaN	0.23242411681242336	0.2017571700302137	0.09848649042218599	0.004556028457008524	26.76131839234617	0.015048124155038778	5.557238445921972e-7	NaN	0.006960409075262532	0.12108996296196145	-0.0011347808924265855	-0.0000069649839086404466	NaN	407.0833733163682	22.667727203195348	95635.56926540799	11.420830068906149	18.729060544013976	88.88691136200869	88.72292160203722	89.05089264405922	-0.3279613877203726	0.00028323662855028606	-1	0	2.1500375154415745	43.821349325974346	1.0000759729743003	-273.1499938964844	9.000867969910304	-273.1499938964844	040
DATA	2025-09-25T010000_AIU-0547.ghg	2025-09-25	01:30:00	268.062	0	18000	18000	0.10445768299373746	1	NaN	6.840040089574954	0	NaN	-3.095630083657207	1	NaN	12.851796577143778	0	NaN	-0.07008592644721184	1	NaN	0.013267707218629394	0	NaN	NaN	NaN	NaN	NaN	NaN	NaN	NaN	NaN	NaN	-3.519920073250994e-12	-1.950388038851165e-13	-1.945942955214573e-14	NaN	16.066970445351885	410.5270086750888	420.08275947971356	0.1	1	890.270981302335	22.747305355877817	23.276789596534712	-0.6	0	0.08882419855885125	2.164237228190512	2.2146137227880898	0.1	0	NaN	NaN	NaN	NaN	9	295.75087498135036	293.8339091611645	95198.23185696479	1.1190070855198042	1018.1557575597626	0.025661559811703524	-0.004541568033779328	0.015973559383917448	2166.0841227129463	2431.7809669212493	0.01427476160841052	89.07398125807819	265.696844208303	291.93287406887504	-0.6086281664421822	0.23552167501268712	0.14406951457023243	0.6683223244932301	-2.1722751384886834e-14	-2.1907802004262064e-16	0.6683223244932301	2.9945919323590418	173.15501073408757	158.84498926591243	12.448906095301215	NaN	0.30552994083395635	0.275897327829875	-351.97427846240265	-0.008239238425798132	-2.2095792794125018	0.019649785467953734	0	76.92120698135768	-11.673089923336859	26.404561190003324	65.75109079353871	100.27456210469371	140.63649912260954	210.6991030111536	0.10266901251408422	1.0174217169899036	6.589870922030704	1.01782251234957	-2.8469524494426266	1.0873487136264839	11.819388220252689	1.0873487136264839	-0.0644557956145126	1.0873487136264839	0.010184477568860885	1.1515158261453273	NaN	NaN	800000009	800000009	800000009	800000019	800000019	801001019	899999999	899999999	89999	89999	89	89	38	32	4	29	16	0	6	NaN	0	0	1248	0	0	0	0	0	0	NaN	NaN	NaN	NaN	0	0	0	0	0	0	101	0	18000	17998	0	16	18000	18000	18000	18000	87	NaN	0.20371127643539982	0.25261063976139025	0.09547273946295996	0.003306930231707466	34.719889271890466	0.02890528400931701	1.0134912349905471e-7	NaN	0.0057840208529728356	0.31036581754192605	-0.001692547476098201	0.000010184477568860884	NaN	410.5250960411019	22.747264824324855	95596.4510733507	11.423055701785618	18.778278750631536	88.90001665507423	88.73939767604404	89.06062866380479	-0.3212231133911344	0.0002840037734745744	-1	0	2.144035149176916	49.14399562268798	1.0000732613023784	-356.52437239751634	9.0006672378646	-316.10899570040664	181
DATA	2025-09-25T013000_AIU-0547.ghg	2025-09-25	02:00:00	268.083	0	18000	18000	0.10773056883370902	1	NaN	7.968175963914619	0	NaN	6.4201991957926365	0	NaN	5.784695295318685	0	NaN	0.14534118250126304	0	NaN	0.02041741828426878	0	NaN	NaN	NaN	NaN	NaN	NaN	NaN	NaN	NaN	NaN	2.6004808538617803e-11	1.4453698466804477e-12	1.4489312030167787e-13	NaN	15.918016635383403	408.2369570822507	417.7149787367475	0.1	1	884.7371911842503	22.690164674391692	23.216961350677554	0.1	1	0.08869171622200708	2.1600446279477374	2.210194300590539	0.9	0	NaN	NaN	NaN	NaN	9	295.6315685354162	293.7349014460246	95164.54932248264	1.119012596153273	1018.1211322155701	0.025661992706408995	0.009418108626081844	0.015933165405976356	2159.8785044693013	2416.9914254594914	0.014238593435630963	89.36227417764584	257.1129209901901	291.886983238357	-0.702322003696128	0.09284032575816943	0.12064871421775868	0.7186317799854355	-1.5816247540052014e-15	1.6336714010470972e-15	0.7186317799854355	3.6863114722619743	159.5303003020752	172.46969969792482	9.664969688653326	NaN	0.31027871837959337	0.2290084485223162	-316.366332409852	-0.009166588549135043	1.2411103956301577	0.022540964773838847	0	79.77423121054531	-12.106047357154003	27.383912084151465	68.18981299371096	103.99376733408131	145.8527373389726	218.51397838231892	0.10598186642503846	1.0165000152163524	8.263036590009204	1.0172391591228778	5.906927601341529	1.0868931581850667	5.322229928264686	1.0868931581850667	0.13372168313577296	1.0868931581850667	0.01577654263258458	1.1507750449694256	NaN	NaN	800000009	800000009	800000009	800000009	800000019	810110019	899999999	899999999	89999	89999	89	89	27	47	8	53	0	0	3	NaN	0	0	45	0	0	0	0	0	0	NaN	NaN	NaN	NaN	0	0	0	0	0	0	0	0	18000	18000	0	0	18000	18000	18000	18000	87	NaN	0.25357690566119845	0.11454521287106491	0.08989477851236904	0.0038385340047557568	13.985946214256302	0.024942344760328576	6.318165763884428e-8	NaN	0.007252792437938592	0.1397508458865681	0.003511257233054761	0.00001577654263258458	NaN	408.2362206666375	22.690127575938597	95561.6990891927	11.430000305175781	18.732229188707137	88.9077010207706	88.74815117835999	89.06723405668471	-0.31908053792433616	0.0002853709862942601	-1	0	2.1398783770402274	49.83175206078455	1.0000610113226704	-273.1499938964844	9.000711319287618	-273.1499938964844	143
DATA	2025-09-25T020000_AIU-0547.ghg	2025-09-25	02:30:00	268.104	0	18000	18000	0.16486003116297632	1	NaN	10.021528234978623	0	NaN	-4.998768946498702	0	NaN	-1.1560795298672513	2	NaN	-0.11313024332128514	0	NaN	NaN	NaN	NaN	NaN	NaN	NaN	NaN	NaN	NaN	NaN	NaN	NaN	6.465762305677143e-11	3.5546785977354472e-12	NaN	NaN	16.033430194544618	410.98804403945604	420.4889356849584	0.1	1	881.4690127224566	22.594867163450555	23.117197162529198	0.1	1	NaN	NaN	NaN	NaN	0	NaN	NaN	NaN	NaN	9	295.54474568494163	293.4382795730893	95161.38275126112	1.1202747171214822	1017.9682608231534	0.025820967966042312	-0.007330839767219277	0.015768561186282972	2135.2954069872953	2370.9173393744986	0.01407561997542879	90.06199294787031	235.6219323872033	291.70404640280765	-0.778974142310026	0.33007297603984426	0.1661678575188972	0.8621836467782606	3.096006127119488e-14	4.032675620390402e-15	0.8621836467782606	4.351182703565536	174.96372235900787	157.03627764099213	11.112092967295036	NaN	0.38361485951355845	0.4674356940451165	-475.3737679716132	-0.006100462826070733	-2.004799250022953	0.02290760895542345	0	71.85747177659836	-10.904648569999182	24.666344756446247	61.42268610166668	93.67347184366308	131.37837617279865	196.8287477814526	0.16251278585048493	1.0144434500966029	9.645320697036487	1.015963063594185	-4.60228841863741	1.0861485617145823	-1.0643843490822993	1.0861485617145823	-0.10415724635559888	1.0861485617145823	NaN	1	NaN	NaN	800000009	800000009	800000009	800000019	800000009	811000019	899999999	899999999	89999	89999	89	89	23	27	0	33	9	0	8	NaN	0	0	75	0	0	0	0	0	0	NaN	NaN	NaN	NaN	0	2386	0	0	0	0	101	0	18000	603	0	16	18000	18000	18000	18000	87	NaN	0.3674075718425801	0.38902141111445965	0.17844240513319318	0.005468222947258769	16.075248842187747	0.017259459086508146	NaN	NaN	0.008457809517776272	-0.028114281424717856	-0.0027511736141082204	NaN	NaN	410.98741849811057	22.594837413588408	95533.85333029514	11.442779988288882	18.66062619082133	88.90346918932597	88.74263050376044	89.06430463345846	-0.32167537313948064	0.0002849966388667881	-1	0	4.149605218804208	45.100208297454124	1.0000657106637956	-340.1724967108709	9.000654605560833	-302.9871201493951	059
DATA	2025-09-25T023000_AIU-0547.ghg	2025-09-25	03:00:00	268.124	0	18000	18000	0.23645858681783638	0	NaN	8.415402122471638	0	NaN	5.688959730078993	1	NaN	5.492825666229274	0	NaN	0.12874929259482562	1	NaN	NaN	NaN	NaN	NaN	NaN	NaN	NaN	NaN	NaN	NaN	NaN	NaN	8.94000887928711e-11	4.948059347606117e-12	NaN	NaN	15.870403041870604	406.4575921402577	415.8118437042146	0.1	1	878.3849902380223	22.49635671900419	23.01408989484178	0.1	1	NaN	NaN	NaN	NaN	0	NaN	NaN	NaN	NaN	9	295.52675423685713	293.42954589509526	95117.29379041243	1.1198299705018744	1017.9123421309528	0.02583136395931494	0.0083429541601447	0.015693493988964066	2125.0679186633297	2369.657833552371	0.014014175725204702	89.67826023547143	244.5899148890412	291.6273933522183	-1.2199641420255463	0.19505221789761212	0.11427883259407758	1.2407326573899564	2.4204321410145646e-14	5.633132854723879e-15	1.2407326573899564	4.986228933091749	161.0837721670462	170.9162278329538	5.284771199836532	NaN	0.459516913970098	0.5985784803661596	-972.6595671076217	-0.002981515936376046	1.479251483883291	0.016066116242232045	0	83.50497244763369	-12.672201733173976	28.664554824230194	71.37879449092598	108.85716532997633	152.67372217926015	228.73305661924454	0.2338173189934846	1.0112962882121892	8.687550986926464	1.0141639999007057	5.235809323871653	1.0865483019294244	5.05529819196759	1.0865483019294244	0.11849385100156214	1.0865483019294244	NaN	1	NaN	NaN	800000009	800000019	800000009	800000019	800000009	800010109	899999999	899999999	89999	89999	89	89	21	35	1	10	27	18	0	NaN	0	0	10061	0	0	0	0	0	0	NaN	NaN	NaN	NaN	0	15588	0	0	0	0	101	0	18000	0	0	16	18000	18000	18000	18000	87	NaN	0.7245599603096144	0.29671993188201	0.17587706854069474	0.04043675598814208	12.682469759959138	0.02561751705820335	NaN	NaN	0.007621402528708834	0.13356939503893758	0.003130804829527281	NaN	NaN	406.45684345304034	22.496349772901542	95499.97506922742	11.449999809265137	18.585045853190945	88.83641166220772	88.66044445376926	89.01237863455879	-0.3519315327298317	0.0002842989393716884	-1	0	12.03896885250053	5.678300957661924	1.000094321227736	-273.1499938964844	9.000940454641977	-273.1499938964844	013
DATA	2025-09-25T040000_AIU-0547.ghg	2025-09-25	04:30:00	268.187	0	18000	16525	4.215657438432019	1	NaN	-483.6973598803056	0	NaN	38.414484050931314	0	NaN	36.30278784268221	0	NaN	0.869695453453731	0	NaN	NaN	NaN	NaN	NaN	NaN	NaN	NaN	NaN	NaN	NaN	NaN	NaN	2.9364025275185237e-10	1.5898247866540025e-11	NaN	NaN	16.09282044585261	411.231797521685	420.59632429200695	0.2	0	871.2962406284879	22.264880193818406	22.771893678353315	0.6	0	NaN	NaN	NaN	NaN	0	NaN	NaN	NaN	NaN	9	295.8894329556537	293.81113133364653	95179.9526375816	1.1192085269323544	1017.7888666405805	0.02584603876575128	0.056356265383801764	0.01552319686599654	2104.7436089027215	2426.154382258202	0.013869798605398555	86.7522538670305	321.4107733554806	291.4741013775596	-0.5748902094723406	0.40889437272092666	0.23074079069564407	0.5820938426969995	-2.6928061910247234e-14	1.8246661841525013e-14	0.5820938426969995	21.77417473412016	187.42258570582814	153.71411474451472	23.374729459569807	NaN	1.9407837688316114	4.238525635001679	1275.4922273043812	0.0022736320441002177	-12.591536026853886	-0.21879019698946398	0	88.72627079060166	-13.464553900617293	30.456857584398445	75.84188178350894	115.6636550550526	162.21992079790198	243.03500169511415	4.168106587870831	1.0114082616551987	-478.25985754811563	1.0138661140478542	35.194321740515285	1.0914966435255666	33.25964221513602	1.0914966435255666	0.7967916883780685	1.0914966435255666	NaN	1	NaN	NaN	800000009	800000019	800000009	811110019	811110019	811111019	899999999	899999999	89999	89999	89	89	14	2	12	0	24	9	0	NaN	0	0	10596	0	0	0	0	0	0	NaN	NaN	NaN	NaN	0	17939	0	0	0	0	101	0	18000	0	0	16	18000	18000	18000	18000	87	NaN	3.183139505067058	2.5979682418998857	2.6959435230364144	177.50189922513476	31.089983032357488	0.015976520540340072	NaN	NaN	-0.41985103098823945	0.8790691284249881	0.021059606429561194	NaN	NaN	411.22961683005184	22.264851997146955	95424.40908094618	11.460000038146973	18.407026281462777	88.77729750421312	88.59112274572584	88.96347090975443	-0.3723449567548101	0.0002843915866752568	-1	0	22.34362469866341	0.24447661805616008	1.0001084157096014	-273.1499938964844	9.00102505713039	-273.1499938964844	050
DATA	2025-09-25T053000_AIU-0547.ghg	2025-09-25	06:00:00	268.249	0	18000	17162	0.9007416636305926	1	NaN	101.40011052698242	0	NaN	25.35018020342622	2	NaN	45.640690972531395	1	NaN	0.5736001813280674	2	NaN	0.095972037919216	0	NaN	NaN	NaN	NaN	NaN	NaN	NaN	NaN	NaN	NaN	7.755532470533998e-10	4.142348358343457e-11	4.1903944808812974e-12	NaN	16.348797993735996	418.3623710219046	427.924503797133	0.1	1	873.2142736497132	22.345373285194164	22.856101402885898	0.1	1	0.08833424802523908	2.146427290717334	2.1954862505278907	0.6	0	NaN	NaN	NaN	NaN	9	298.0423839214096	293.22997645836693	94977.27982695731	1.1188807489118775	1017.9140125321038	0.02566839173238684	0.037169291750058765	0.01568713917476653	2122.872056597695	2342.784125751422	0.014020385273428315	90.6132166964725	219.91206915372686	291.6108936135652	-0.026164535027519264	-0.27738910194847977	0.3690840348495243	0.4104933989422379	-2.7205373310969655e-14	4.743793686548401e-14	0.4104933989422379	19.19369775543939	67.38844202252687	237.07855853611164	64.04302102947065	NaN	0.8972391699339464	1.6418611611437217	-600.2572306990365	-0.00483126208512769	3.999975925744213	0.09922824471041536	0	91.76620996727745	-13.925876398838248	31.50037033146022	78.44037606949806	119.6265227963238	167.7778991517383	251.3618660654208	0.8784213005432663	1.0254096332517462	101.3081867069261	1.0230023521239304	23.200818227137805	1.0926416454474146	41.77096046329303	1.0926416454474146	0.5249664276645705	1.0926416454474146	0.05432510261449406	1.1586996085567798	NaN	NaN	800000009	800000009	800000009	811110019	811110019	811110019	899999999	899999999	89999	89999	89	89	20	36	17	17	2	0	11	NaN	0	0	11264	0	0	0	0	0	0	NaN	NaN	NaN	NaN	0	90	0	0	0	0	101	0	18000	0	0	16	18000	18000	18000	18000	87	NaN	0.6330395601634239	2.121023563132791	0.5296591989912285	51.72133245776284	43.10337775954641	0.022936541539175334	3.322306900949591e-7	NaN	0.08895075683596877	1.0967062605443667	0.013783115384700869	0.00005432510261449406	NaN	418.3608649823061	22.34533888848995	95372.68525412327	11.39194089041816	18.455987741735242	88.80472097078959	88.62491587893169	88.98451631948683	-0.35959519496725767	0.00023794186595316514	-1	0	2.13562306872432	53.59632275309744	1.000096905267901	-273.1499938964844	9.000907278908624	-273.1499938964844	232
DATA	2025-09-25T060000_AIU-0547.ghg	2025-09-25	06:30:00	268.27	1	18000	17010	1.0799619305484875	1	NaN	495.43841448679495	1	NaN	7.564594006664239	1	NaN	2.180488076861195	2	NaN	0.17145087814347448	1	NaN	NaN	NaN	NaN	NaN	NaN	NaN	NaN	NaN	NaN	NaN	NaN	NaN	7.746655546647542e-10	4.075480029049162e-11	NaN	NaN	16.52927887958431	426.5824865011576	436.37576645849475	0.1	1	869.5977969161527	22.442309381239628	22.957529357714346	0.1	1	NaN	NaN	NaN	NaN	0	NaN	NaN	NaN	NaN	9	297.0611613948961	294.95809920959744	95171.82786646746	1.1146877856057231	1017.9104035218647	0.02595060482921917	0.011110016903697145	0.015583853426171404	2121.2146444899317	2602.939749601978	0.013980464868647603	81.49303666419064	481.7251051120461	291.59842988052293	0.8002964158890765	-1.6114388655488874	0.7638729037161727	1.9418006041493256	9.470056375318431e-14	4.686626442134516e-14	1.9418006041493256	19.15268972048339	35.58941155094135	296.504246987821	23.165213968084508	NaN	0.9843002652320582	4.176972268508344	-162.4463587412509	-0.017852046807766257	65.49438265296521	0.4436079081416651	0	175.46241072266687	-26.62709776547769	60.23056764560378	149.98262964172253	228.7329735389286	320.8012476667166	480.618726645831	1.070442505524199	1.0088929811504699	492.88715677595064	1.0132984315016669	6.9306582985064304	1.0914683253529356	1.997756624001082	1.0914683253529356	0.15708277937248832	1.0914683253529356	NaN	1	NaN	NaN	800000009	800000019	800000009	811110019	811110009	811110109	899999999	899999999	89999	89999	89	89	48	64	8	25	17	0	0	NaN	0	0	5343	0	0	0	0	0	0	NaN	NaN	NaN	NaN	0	14606	0	0	0	0	101	0	18000	0	0	16	18000	18000	18000	18000	87	NaN	8.0963395098928	0.13151462428984562	0.12609040283404085	58.13048416008908	61.43961088735998	0.04214754939932856	NaN	NaN	0.4343948886683097	0.05302482386681665	0.004169320030612348	NaN	NaN	426.5820394961384	22.442256775423743	95356.2960516493	11.39305567741394	18.52219865671792	88.86055538813274	88.69211876763238	89.02899138387045	-0.3368754400031433	0.00022156541736815895	-1	0	12.608861637769854	9.296064408510476	1.0000799547864332	-273.1499938964844	9.000860174443988	-273.1499938964844	062
DATA	2025-09-25T090000_AIU-0547.ghg	2025-09-25	09:30:00	268.395	1	18000	16265	2.3954729289089545	1	NaN	666.3857322660635	1	NaN	-8.823917434836044	2	NaN	1.3277859807769508	2	NaN	-0.1998973472998806	2	NaN	NaN	NaN	NaN	NaN	NaN	NaN	NaN	NaN	NaN	NaN	NaN	NaN	-3.724236303377682e-12	-1.957511133668232e-13	NaN	NaN	16.496604702219372	425.24300717092467	434.96507346009514	-0.1	0	867.0848126105951	22.351372287969124	22.862377805692358	0.1	1	NaN	NaN	NaN	NaN	0	NaN	NaN	NaN	NaN	9	296.5530203010602	294.4620131307804	95108.01450708821	1.1158547357196036	1017.8494929226654	0.025923596697513464	-0.012953348105032262	0.015536877086537488	2111.264396765305	2525.143968656968	0.013923745259294806	83.60966435859139	413.8795718916631	291.5234240054145	-0.24753653149368063	-0.0496584613533608	0.4055752572011284	0.49862227807331283	5.940833963700171e-14	-2.257577465547587e-16	0.49862227807331283	19.079449723536857	140.65643018790195	246.63660509637958	54.42865270338694	NaN	1.4651827710055236	3.59070881730274	-398.15049764650865	-0.007283677948770812	-75.52039524250665	0.4004448025646326	0	112.38817228487397	-17.05533874057333	38.57922266934523	96.06771929376438	146.5093334318569	205.4814233058514	307.8486157299242	2.344333061805359	1.0218142498336875	657.0586420243005	1.0206527814694752	-8.094847227077388	1.0900659626187763	1.2180785625000854	1.0900659626187763	-0.18338096423050113	1.0900659626187763	NaN	1	NaN	NaN	800000009	800000019	800000009	811110019	811110019	811110019	899999999	899999999	89999	89999	89	89	12	24	0	0	12	3	0	NaN	0	0	191	0	0	0	0	0	0	NaN	NaN	NaN	NaN	0	17560	0	0	0	0	0	0	18000	0	0	0	18000	18000	18000	18000	87	NaN	2.337240588100789	3.9932954259301883	0.8508816205745026	110.6961486098474	10.364667006449107	0.02202337088864018	NaN	NaN	0.578512711767381	0.03229385565731791	-0.004861819731072697	NaN	NaN	425.24212929804963	22.35133843840781	95401.48488823784	11.40999984741211	18.46521395964093	88.90725068473816	88.7507848909166	89.06371624798246	-0.31293258632636756	0.00022151760554374456	-1	0	3.023703863289696	4.030386821881049	1.0000781769090228	-273.1499938964844	9.000775203731324	-273.1499938964844	163
DATA	2025-09-25T093000_AIU-0547.ghg	2025-09-25	10:00:00	268.416	1	18000	18000	0.11198768363652072	1	NaN	8.641403147026741	1	NaN	-2.2971737467989755	2	NaN	4.33989636899276	1	NaN	-0.051982955082098	2	NaN	-0.057858960143942206	0	NaN	NaN	NaN	NaN	NaN	NaN	NaN	NaN	NaN	NaN	-7.36516742644967e-11	-3.918430064337922e-12	-3.86940164627114e-13	NaN	16.433820697552722	425.2754427025046	435.1202930743126	0.1	1	874.3151834128834	22.62558315138528	23.149350710792906	0.8	0	0.08633755240006527	2.0989893141727354	2.1475795539447264	-0.1	0	NaN	NaN	NaN	NaN	9	299.2212258817884	293.32264083075364	95003.4459731816	1.1187158762207712	1018.0762787884883	0.02566943136520857	-0.00336849548931995	0.015883211808355745	2150.0849493992655	2356.2514221636134	0.014197717352516858	91.25023455370324	206.16647276434787	291.81432370550243	-0.2917800637500967	0.264167867566756	0.22756097405009143	0.45464740708312507	-1.7066679841307813e-14	-4.4817133897210345e-15	0.45464740708312507	2.5238983267704516	194.1566341718519	137.8433658281481	30.03453318528398	NaN	0.31639180795202837	0.1688510083072312	-308.9234024478808	-0.009387440307275736	-3.7617542682908547	0.023980537694005252	0	69.31199570771889	-10.518362756037197	23.79256519348767	59.24685144324489	90.35518670265215	126.72443408093378	189.85629446855484	0.10942203828070969	1.0234472451447958	8.38506951920996	1.0217175501202616	-2.1051610141628925	1.0912104733767531	3.9771395847795903	1.0912104733767531	-0.047637881371534706	1.0912104733767531	-0.05529619536190864	1.1568582511846743	NaN	NaN	800000009	800000009	800000009	800000019	800000019	800000019	899999999	899999999	89999	89999	89	89	34	67	2	26	1	0	0	NaN	0	0	1091	0	0	0	0	0	0	NaN	NaN	NaN	NaN	0	3	0	0	0	0	101	0	17665	0	0	16	18000	18000	18000	18000	87	NaN	0.10899166385148762	0.09587413273218494	0.1328362200307899	0.11215212590879074	18.701561598198243	0.03326349473164083	8.208819186403669e-7	NaN	0.007362181971579094	0.10445489853822196	-0.001251152985498063	-0.000055296195361908644	NaN	425.2750913479161	22.625538498945062	95409.00342165798	11.403609701156615	18.661121496094605	88.92036082967122	88.76853473620945	89.07218303468493	-0.3036458657847504	0.0002264766329171833	-1	0	2.0795265879946125	55.414425821088834	1.000075836852193	-335.0448714955591	9.000674000819524	-289.501869583134	086
DATA	2025-09-25T100000_AIU-0547.ghg	2025-09-25	10:30:00	268.437	1	18000	18000	0.14346039121548138	1	NaN	89.57744714154549	1	NaN	6.710438101005578	2	NaN	4.690310910678491	2	NaN	0.1519287354600142	2	NaN	0.11407788039184061	2	NaN	NaN	NaN	NaN	NaN	NaN	NaN	NaN	NaN	NaN	8.164089776004956e-10	4.4324117568790676e-11	4.293609972959262e-12	NaN	16.127728024243627	419.555156516607	429.3346723074038	0.1	1	875.5995250873643	22.77830424977822	23.30924942501518	0.1	1	0.08481799659967992	2.0671540389528684	2.1153378480467486	0.9	0	NaN	NaN	NaN	NaN	9	299.1828878860473	293.85126565382217	95005.28226302084	1.116659897007714	1018.1731401171548	0.025715195665460423	0.00984498205780892	0.015961964861312388	2164.639710701729	2434.381777439584	0.014294383548728912	88.91948381976626	269.74206673785466	291.9222028792617	-0.4049859217167773	0.11084384689245944	0.20226085258322998	0.4660573008445305	1.0438908796100918e-14	5.062144998807322e-14	0.4660573008445305	2.7987000623144325	167.30687532274393	164.69312467725607	25.720585538655357	NaN	0.358430984966663	0.2301564381618478	-43.33106420382598	-0.0669265815018672	13.348971526631333	0.21981158622938773	0	78.73855809164971	-11.94887996570913	27.028399016768784	67.30453518873013	102.6436628238124	143.95919656663173	215.67710925704696	0.14023551058254502	1.0229961770705582	88.73546742501253	1.0214229424121695	6.151347861520069	1.0908890623765426	4.299530605303231	1.0908890623765426	0.1392705644412932	1.0908890623765426	0.07681123481027584	1.1564398393924125	NaN	NaN	800000009	800000009	800000009	800000009	800000009	800001009	899999999	899999999	89999	89999	89	89	39	103	4	47	6	0	0	NaN	0	0	0	0	0	0	0	0	0	NaN	NaN	NaN	NaN	0	0	0	0	0	0	0	0	8711	0	0	0	18000	18000	18000	18000	87	NaN	0.15987339619579935	0.17649433922483343	0.12394514090306281	0.2750969892903452	7.615577271377873	0.04966881470946427	0.0000015554440019384206	NaN	0.07804672536588163	0.11314112505127327	0.0036648717718111147	0.00007681123481027584	NaN	419.5547545915367	22.77824389955071	95419.13773676215	11.399999618530273	18.770126373608917	88.95966534784105	88.82457449467977	89.09475735388862	-0.27018318136864333	0.0002608743891679376	-1	0	2.0479257293277287	58.77006577131483	1.000064681289538	-315.13999565973273	9.000620425568687	-273.1499938964844	005
DATA	2025-09-25T103000_AIU-0547.ghg	2025-09-25	11:00:00	268.458	1	18000	17871	0.6013429156240304	1	NaN	30.127384185774876	1	NaN	24.390457522766255	1	NaN	0.8953068960634358	2	NaN	0.5522662879657465	1	NaN	-0.11359400247617295	1	NaN	NaN	NaN	NaN	NaN	NaN	NaN	NaN	NaN	NaN	-3.219465752750459e-11	-1.7304392381215846e-12	-1.6985158291039053e-13	NaN	16.10059901102272	419.68509529837894	429.3707400545079	0.1	1	865.3953924539483	22.557766174051373	23.078362478521868	0.1	1	0.08494304452505369	2.0709028191458736	2.118695865063915	0	0	NaN	NaN	NaN	NaN	9	296.8187872422885	293.94541501193567	95005.47923090278	1.1163984499597308	1018.048521299284	0.025723381432239636	0.03578685546018037	0.015802391862513813	2143.6862526869263	2448.5321708855113	0.014154795595679854	87.54985040329947	304.84591819858497	291.76669411800094	-0.8373399682910849	0.11284536038784966	0.16510906370273637	0.9081966661934546	-3.283280744682978e-14	-1.9995937732169857e-15	0.9081966661934546	16.667823703373664	159.67530715356577	168.52093478204537	10.474552354679858	NaN	0.7339246713912249	0.9034138776737208	-1106.0084610566237	-0.0026220414238327695	1.2352119330952986	0.03611787879934951	0	98.95179028311138	-15.016315933912328	33.966947528839654	84.58250204868563	128.9936524594475	180.91543169238255	271.0442837831737	0.5930875256565139	1.013919345139452	31.301401666218066	1.0156460277234245	22.458076462691693	1.086043925591077	0.8243744796750896	1.086043925591077	0.5085119256711249	1.086043925591077	-0.11493783779729147	1.1489480851036598	NaN	NaN	800000009	800000009	800000009	811110009	811110009	811110009	899999999	899999999	89999	89999	89	89	4	26	1	0	1	0	0	NaN	0	0	0	0	0	0	0	0	0	NaN	NaN	NaN	NaN	0	0	0	0	0	0	0	0	1906	0	0	0	18000	18000	18000	18000	87	NaN	0.7497698586118013	0.7635424972504409	0.2935153994851993	8.362589341550485	1.0167278635354247	0.07575683001304677	0.0000012119826246292526	NaN	0.0275407703130609	0.02169522630092985	0.013382608967352825	-0.00011493783779729146	NaN	419.68496058195035	22.55768144731418	95399.04858658856	11.438892914772033	18.610794311417447	88.96350592295329	88.83475635443793	89.09225601959228	-0.25749908554636786	0.0002894054197111271	-1	0	2.0517568969991475	60.675822090784685	1.0000571140017775	-273.1499938964844	9.000659763389164	-273.1499938964844	160
DATA	2025-09-25T110000_AIU-0547.ghg	2025-09-25	11:30:00	268.479	1	18000	18000	0.06999531811057155	1	NaN	20.19067524686936	1	NaN	-0.28720578840606514	1	NaN	-0.4570319781309809	1	NaN	-0.006500145109523055	1	NaN	-0.054478269733780255	1	NaN	NaN	NaN	NaN	NaN	NaN	NaN	NaN	NaN	NaN	1.5880351781550107e-10	8.380501575327826e-12	8.366880250093273e-13	NaN	16.191539837998896	421.2046904301738	430.7801307955016	-0.1	0	854.472413369219	22.228138395439125	22.733460910771047	0.1	1	0.08530835887813543	2.075048336607564	2.122221366855792	-0.2	0	NaN	NaN	NaN	NaN	9	295.8880224609375	293.4721207001043	95001.96626516414	1.118298132105919	1017.8512820796384	0.025682912758778906	-0.000421209403097094	0.015596013758676208	2112.2832996726274	2378.118736390795	0.013946203888677369	88.82160791005671	265.8354367181678	291.53111881915015	-0.7766576016087343	0.11622541444706103	0.14735595001401244	0.7990113598094211	-3.550392252613076e-15	9.807808238399612e-15	0.7990113598094211	2.7442798417769305	160.51105165261873	171.48894834738127	10.627485006912071	NaN	0.2501817903362667	0.14686110594219148	-65.36430331122713	-0.04436672393174408	-70.30037715786852	0.07090114029364167	0	82.93023944208653	-12.584983782248067	28.467267581759305	70.88752136206136	108.1079428109859	151.62292694342932	227.1587738760078	0.06894324623401321	1.0152599701062424	19.989247727953575	1.0164643482444724	-0.2643674852366295	1.086388472277495	-0.42068927441107984	1.086388472277495	-0.005983260385574792	1.086388472277495	-0.056123840395619615	1.1498413503777638	NaN	NaN	800000009	800000009	800000009	800000019	800001019	800001019	899999999	899999999	89999	89999	89	89	5	15	1	4	37	0	0	NaN	0	0	0	0	0	0	0	0	0	NaN	NaN	NaN	NaN	0	607	0	0	0	0	0	0	6652	0	0	0	18000	18000	18000	18000	87	NaN	0.17462543828482865	0.06605523031976043	0.05304154327979388	0.02161852830665358	0.25449761764053697	0.02139299606168044	0.0000011403096878622685	NaN	0.017561213495874892	-0.011050217585556745	-0.0001571619082140837	-0.000056123840395619615	NaN	421.2043528887184	22.228105232433325	95381.2189359809	11.4399995803833	18.373682879447944	88.97683733685811	88.84446295717028	89.10921044582791	-0.26474466874367614	0.0002892614586130044	-1	0	2.0696310494144714	53.64707753467386	1.0000661431203286	-273.1499938964844	9.000712466345894	-273.1499938964844	011
DATA	2025-09-25T113000_AIU-0547.ghg	2025-09-25	12:00:00	268.499	1	18000	18000	0.0686958516739583	1	NaN	21.149629219120033	0	NaN	0.33769749552539924	2	NaN	1.054788947914009	1	NaN	0.007643961080154291	2	NaN	-0.05149121113207864	1	NaN	NaN	NaN	NaN	NaN	NaN	NaN	NaN	NaN	NaN	3.7954398895237726e-11	2.0216222781607715e-12	2.0137720880547471e-13	NaN	16.168535051406938	420.3882262616964	430.017069963834	0.1	1	861.2090196809544	22.391770873066633	22.90464646872287	0.1	1	0.08578648467370012	2.088194891782579	2.136024257536652	-0.2	0	NaN	NaN	NaN	NaN	9	295.98429283650717	293.6168638871194	95003.54863961291	1.1176957192172072	1017.9475524926928	0.025695151826567147	0.000495328677993998	0.015703340488884488	2127.8683183533753	2399.4621159154326	0.014049745578235307	88.68105498475687	271.59379756205726	291.64841391598196	-0.6363228297207842	0.21081203668194046	0.15495171376161007	0.688010531919052	-2.3086999546342823e-15	2.3474234848465783e-15	0.688010531919052	2.215616094905845	170.3298943697583	161.67010563024166	13.015642781335941	NaN	0.2479153755685544	0.13560460056514964	-60.722712002493	-0.047758077733434226	62.628919371210756	0.07498084072162181	0	77.53644507724215	-11.766454677991092	26.615752519244165	66.27698706440648	101.07658709982792	141.76135058201297	212.38433547211284	0.06754450933366292	1.017045683678119	20.953773310349646	1.01758389566378	0.31062478556352024	1.0871556656780141	0.9702280742437933	1.0871556656780141	0.007031155998609516	1.0871556656780141	-0.0536736876668044	1.1512093672892267	NaN	NaN	800000009	800000009	800000009	800000019	800000019	800000019	899999999	899999999	89999	89999	89	89	11	33	1	5	0	0	0	NaN	0	0	0	0	0	0	0	0	0	NaN	NaN	NaN	NaN	0	12	0	0	0	0	101	0	15213	0	0	16	18000	18000	18000	18000	87	NaN	0.14452550308647652	0.06506262326961128	0.06162107477421148	0.0314751721638675	0.9117762251249024	0.03570359809859029	0.0000018407055279079018	NaN	0.01841676095349804	0.025501330800391287	0.00018480586141505774	-0.0000536736876668044	NaN	420.38806933043725	22.391723878132375	95395.68306792535	11.4399995803833	18.492907507366624	88.97166283522712	88.83702632141113	89.10629781828986	-0.26926979858179867	0.0002892770603971763	-1	0	2.0691050389135435	43.81864464875826	1.0000717796136935	-273.1499938964844	9.000651174836689	-273.1499938964844	011
DATA	2025-09-25T120000_AIU-0547.ghg	2025-09-25	12:30:00	268.52	1	18000	18000	0.11646279105248679	1	NaN	28.917953574121896	1	NaN	14.31427484557272	1	NaN	-0.19494996571835102	2	NaN	0.3241925723585977	1	NaN	NaN	NaN	NaN	NaN	NaN	NaN	NaN	NaN	NaN	NaN	NaN	NaN	-5.080096749981869e-11	-2.7245603774687925e-12	NaN	NaN	15.968195737584384	415.8160874931372	425.30075016442436	0.1	0	856.4071817420357	22.30107204753417	22.809754015213986	0.1	1	NaN	NaN	NaN	NaN	0	NaN	NaN	NaN	NaN	9	296.2801038597955	294.19569507400985	95124.25384703022	1.1170764190713023	1017.8161990873056	0.025895317796148398	0.02100767868883713	0.01551884121854029	2106.9067773332413	2484.225151049042	0.013892372046884763	84.81142606754197	377.3183737158006	291.4904782174614	-0.8489995882659499	0.28301817200565904	0.1737252149102431	0.91163591244356	1.0952972149799904e-14	-3.1813843175937727e-15	0.91163591244356	3.299469442609731	170.43606087574074	161.56393912425926	10.98571506984716	NaN	0.32288818579308026	0.2290866612285393	-98.20493199544632	-0.029530085109518437	2.020217851487319	0.07877041953157278	0	85.73852119301979	-13.011151372372526	29.431259830987248	73.28799836477144	111.76882170111672	156.75736163966187	234.85109266746457	0.11486815564669722	1.0138823105221104	29.50945873354279	1.0156237567791513	13.180266016476418	1.086038387061285	-0.17950559394669904	1.086038387061285	0.29850931258132735	1.086038387061285	NaN	1	NaN	NaN	800000009	800000009	800000009	800000019	800000009	801000009	899999999	899999999	89999	89999	89	89	4	10	0	1	4	0	0	NaN	0	0	0	0	0	0	0	0	0	NaN	NaN	NaN	NaN	0	5610	0	0	0	0	101	0	7081	0	0	11	18000	18000	18000	18000	87	NaN	0.2588609882353137	0.11801966269628694	0.08129267152547792	0.039204461062745	2.4123923027931027	0.04367608466555111	NaN	NaN	0.025954280915354164	-0.004753642820213496	0.007905083174959113	NaN	NaN	415.81584670370273	22.30101773198284	95379.7502469618	11.4399995803833	18.425393886672136	88.97359649361505	88.84226377783881	89.10492676077949	-0.2626658524895704	0.00028916300236273343	-1	0	2.134326265533756	32.538779719915354	1.0000640779187282	-273.1499938964844	9.000707069741354	-273.1499938964844	003
DATA	2025-09-25T123000_AIU-0547.ghg	2025-09-25	13:00:00	268.541	1	18000	18000	0.10034760772630169	1	NaN	23.161775663488807	1	NaN	2.9976386647615914	1	NaN	-1.200321696152566	1	NaN	0.06787139765987282	1	NaN	-0.02848088212302941	1	NaN	NaN	NaN	NaN	NaN	NaN	NaN	NaN	NaN	NaN	1.1306393435173478e-10	6.096349479124586e-12	6.052469135186402e-13	NaN	15.822005254872446	412.4983945294684	421.88176312529527	0.1	1	853.1144263402165	22.2417023345948	22.74764876728875	0.1	1	0.08469738737727132	2.0642266867004087	2.111182990345534	-0.2	0	NaN	NaN	NaN	NaN	9	296.56363171217174	293.89523000483234	94977.8290142028	1.1163986699996409	1017.8666393736042	0.025726477090719648	0.0043980665683597585	0.015579104807985907	2113.035248659926	2440.9805732148243	0.013954786248527973	86.56501702006636	327.94532455489843	291.5367954940502	-0.7586061851626666	0.230686810228419	0.18632919105362775	0.8145049515006616	-1.658292802458266e-14	7.14599271902759e-15	0.8145049515006616	2.8347763220129716	168.91414799887852	163.08585200112154	13.224298311704663	NaN	0.29980844128076545	0.24668073799389176	-98.04142676512764	-0.029579332897177922	7.7266736434128935	0.06798573598146279	0	81.01058571786807	-12.293668923526448	27.80831257814075	69.24663023116904	105.60548030236586	148.1131876934044	221.90054492124278	0.09885993774664319	1.0150482593208898	23.12746315624457	1.016333597702263	2.759447791330955	1.0863183112863861	-1.1049447327562585	1.0863183112863861	0.06247837024812876	1.0863183112863861	-0.033313229428122634	1.1496907409756727	NaN	NaN	800000009	800000009	800000009	800000019	800001019	801001119	899999999	899999999	89999	89999	89	89	1	7	1	0	6	0	0	NaN	0	0	0	0	0	0	0	0	0	NaN	NaN	NaN	NaN	0	3	0	0	0	0	101	0	1809	0	0	16	18000	18000	18000	18000	87	NaN	0.19032031451073889	0.22227669280202078	0.08076446867502385	0.03671518932252776	0.8673885430198943	0.0694421004802871	0.0000019542463116324996	NaN	0.020352502031348623	-0.029073145045114813	0.0016439217877215995	-0.000033313229428122636	NaN	412.4978175285931	22.241624231728984	95372.07028971353	11.4399995803833	18.381206552505468	88.9686525124444	88.84125928009881	89.09604797342088	-0.2547907775988182	0.0002900043350754358	-1	0	2.0455507555412487	53.16802233286484	1.0000624401155445	-273.1499938964844	9.000689504146576	-273.1499938964844	202
DATA	2025-09-25T130000_AIU-0547.ghg	2025-09-25	13:30:00	268.562	1	18000	18000	0.13659727586056086	1	NaN	22.936578310746274	1	NaN	1.9424850517555545	2	NaN	0.531880464473445	2	NaN	0.04398698274448817	2	NaN	-0.10435732108687208	1	NaN	NaN	NaN	NaN	NaN	NaN	NaN	NaN	NaN	NaN	1.2678020224374588e-10	6.8599641843533155e-12	6.774832021086154e-13	NaN	15.731190691892015	410.15694115051787	419.46625127685854	0.1	1	851.2007617414492	22.19322793670068	22.696946442567672	0.1	1	0.08406373593279226	2.0501193106628484	2.096650758857837	-0.1	0	NaN	NaN	NaN	NaN	9	296.46842214711506	294.03565873718264	94944.41765104167	1.1154935679366986	1017.8413934310263	0.0257478272785437	0.0028503564818428335	0.015532261031004198	2107.6883157133216	2462.163029817899	0.013924115277270352	85.60311767288641	354.4747141045773	291.4963914346717	-0.7322333718990774	0.33214428988927913	0.19430832970214063	0.8271887736305441	1.2035522842320967e-14	8.059161237495482e-15	0.8271887736305441	3.3880657781567995	176.39925378650827	155.60074621349173	13.585848390581058	NaN	0.34993508201953244	0.2556750365502348	-157.38809558674276	-0.018425790014097325	11.807853187862086	0.05772899102068086	0	83.12871858751416	-12.615103758304153	28.535399049608653	71.05717835034547	108.36668042283192	151.98581012294773	227.70243900489947	0.1345944246454329	1.0148806402672634	22.84477739335421	1.016230495345325	1.7882221830018048	1.0862660525185948	0.4896410628319255	1.0862660525185948	0.04049374703600544	1.0862660525185948	-0.10282708299556342	1.149573688800018	NaN	NaN	800000009	800000009	800000009	800000009	800000009	800000009	899999999	899999999	89999	89999	89	89	11	22	3	7	21	0	0	NaN	0	0	0	0	0	0	0	0	0	NaN	NaN	NaN	NaN	0	0	0	0	0	0	0	0	7557	0	0	0	18000	18000	18000	18000	87	NaN	0.26585692481218537	0.14233956691821695	0.10315358137006733	0.023743217511607063	1.810673708591179	0.04455701595228737	9.8722605856551e-7	NaN	0.020120545518272887	0.012893416808165217	0.001066296922974453	-0.00010282708299556342	NaN	410.1566390418974	22.193172675568864	95336.5192892795	11.410831506676143	18.340782318221194	88.96799384774103	88.83988830587599	89.0960994781918	-0.25620891182041833	0.00028989525300373025	-1	0	2.031536323087083	58.93970619116888	1.0000646382487481	-273.1499938964844	9.000683551629384	-273.1499938964844	139
DATA	2025-09-25T133000_AIU-0547.ghg	2025-09-25	14:00:00	268.583	1	18000	18000	0.13023983196000372	1	NaN	36.57204020478176	1	NaN	5.974059027653993	1	NaN	-0.58768282758626	1	NaN	0.13534732786759116	1	NaN	-0.06687875710103723	1	NaN	NaN	NaN	NaN	NaN	NaN	NaN	NaN	NaN	NaN	-4.8849468760658135e-11	-2.679276771490487e-12	-2.624234324027633e-13	NaN	15.614336633412103	407.8739123665339	417.20721774141276	0.1	1	856.409097284324	22.370910612250388	22.882820136070627	0.1	1	0.08388152252194536	2.0506389078393625	2.097563309131479	-0.1	0	NaN	NaN	NaN	NaN	9	296.74927460055886	294.5443117879232	94914.80608572048	1.113144475305389	1017.9523957696514	0.025800415227031807	0.008770506845819906	0.015624702648872595	2123.90020369034	2540.240731566509	0.014036545116559097	83.61019399844747	416.3405278761693	291.6186209878028	-0.8254403595901507	0.23877000718192704	0.1525119213802777	0.8727100261444826	2.7240544084402752e-14	-3.1285010633194838e-15	0.8727100261444826	4.116280975217164	168.1332419379991	163.8667580620009	10.064499677035553	NaN	0.3420551597975216	0.3096416010544828	-92.17189482125451	-0.03146295305769574	6.1218076412518405	0.09435698133599121	0	82.28992633475336	-12.48781379786648	28.247468812514335	70.34019134854819	107.27323000592955	150.45223036583295	225.40485707392122	0.1284012703354341	1.0143188741027762	36.60811490870358	1.0158871905643998	5.500373626967875	1.0861187680712596	-0.5410852338274873	1.0861187680712596	0.12461558703008352	1.0861187680712596	-0.07273488447731698	1.1491982542219905	NaN	NaN	800000009	800000009	800000009	800000009	800001009	800001009	899999999	899999999	89999	89999	89	89	11	21	2	1	5	0	0	NaN	0	0	0	0	0	0	0	0	0	NaN	NaN	NaN	NaN	0	0	0	0	0	0	0	0	9621	0	0	0	18000	18000	18000	18000	87	NaN	0.3447252772678837	0.17346688449647915	0.10109104034460269	0.07128259673874576	0.6352423040539432	0.03538949271850002	9.561072455821765e-7	NaN	0.03230712871560484	-0.014279760644319017	0.003288725406075755	-0.00007273488447731697	NaN	407.87398110048554	22.37086425534128	95315.30915755208	11.422222057978312	18.46451096216837	88.95651553938123	88.83114369964599	89.08188851886325	-0.25074215846839926	0.00029072607897493683	-1	0	2.0319305549561983	58.512124663670846	1.0000530017465352	-273.1499938964844	9.000641307142045	-273.1499938964844	188
DATA	2025-09-25T140000_AIU-0547.ghg	2025-09-25	14:30:00	268.604	1	18000	18000	0.1571823546857952	1	NaN	0.6547767098592195	2	NaN	51.77797669009743	1	NaN	2.4789159481723857	1	NaN	1.1749605710996762	1	NaN	0.04575519073495009	1	NaN	NaN	NaN	NaN	NaN	NaN	NaN	NaN	NaN	NaN	-1.8013743914246246e-10	-9.855570114103629e-12	-9.73428097929995e-13	NaN	15.405655080920894	404.29762824149685	413.44285443261396	0.3	0	842.8648399050244	22.119686174447338	22.620034232935115	0.1	1	0.08324919902367715	2.0505806493972925	2.0969648538840535	0	1	NaN	NaN	NaN	NaN	9	297.46771088748517	296.204143814087	94845.921484375	1.1062094058672993	1017.8416136295906	0.025964651016396285	0.07613744500725901	0.015351515852892916	2098.524774263265	2810.284355724162	0.01387758571882409	74.67304046968981	711.7595814608972	291.42693768327996	-0.5413815577160794	0.1963998951119157	0.18635212883789423	0.6053049031335194	2.7040832606509238e-14	-1.1692942506907956e-14	0.6053049031335194	3.1159425486229364	171.93952451591858	160.06047548408137	17.930606001789254	NaN	0.3769495435911474	0.3729533754761946	-6886.283855890583	-0.0004211269910866826	0.012645853540747681	0.001542738976861645	0	84.12868644891752	-12.766852739172815	28.878655657514727	71.9119358382472	109.67023952383889	153.814070296985	230.44150589823013	0.15428469201480516	1.0187812713831128	3.6734216350105315	1.0186914866173937	47.58522699559204	1.088110322451415	2.278184387211409	1.088110322451415	1.0798175027442027	1.088110322451415	0.038478848855147144	1.1526587765789262	NaN	NaN	800000009	800000009	800000009	800000009	800000019	800000019	899999999	899999999	89999	89999	89	89	6	16	0	7	2	0	0	NaN	0	0	0	0	0	0	0	0	0	NaN	NaN	NaN	NaN	0	0	0	0	0	0	0	0	10811	0	0	0	18000	18000	18000	18000	87	NaN	0.2940729484532432	0.33566400528627205	0.116169797212874	0.24666984412661108	1.6181508104347395	0.15638698802082826	9.877268608756914e-7	NaN	0.003262520355076574	0.06049065580130098	0.028671458400552432	0.00003847884885514714	NaN	404.2975181216326	22.1195268377184	95257.04183398437	11.449999809265137	18.273019267506093	88.89525524987116	88.77428863694932	89.01622001478407	-0.2419307653336891	0.0002918118169925744	-1	0	2.0322230934202654	59.508695918931	1.0000378493186501	-273.1499938964844	9.000511028660668	-273.1499938964844	141
DATA	2025-09-25T143000_AIU-0547.ghg	2025-09-25	15:00:00	268.624	1	18000	18000	0.15596849489743808	1	NaN	40.08652179291525	1	NaN	8.752560806653758	1	NaN	-0.030874545112108052	2	NaN	0.19880777474647957	1	NaN	-0.027040235082817683	1	NaN	NaN	NaN	NaN	NaN	NaN	NaN	NaN	NaN	NaN	5.2893649815105453e-11	2.9547033384912764e-12	2.886959119115327e-13	NaN	15.225258110240624	400.83913333495275	410.0200394179476	0.1	1	850.5013574403056	22.391359446791345	22.904215979638373	0.1	1	0.08310014131354405	2.056538034717426	2.103641426034935	-0.3	0	NaN	NaN	NaN	NaN	9	298.21189839257136	297.20157823181154	94815.09246440972	1.1020243364060882	1018.0173092010224	0.02606055488841909	0.012882743803571874	0.015482874630726461	2123.608299039629	2984.343240778281	0.01404948522390991	71.15831282482833	860.7349417386522	291.6164274168878	-0.720558043068701	0.2945553103742523	0.1778549123886716	0.7984980238932661	-1.3415789646464974e-14	3.4740724546094086e-15	0.7984980238932661	3.6733439882600987	174.2341431418111	157.7658568581889	12.869830768471292	NaN	0.3762035140961719	0.39253903451648037	-111.79639673807335	-0.025940013136509045	4.579976383876271	0.0949793470585529	0	83.36646430633247	-12.651182588363687	28.617009461438528	71.26039981497469	108.67660597889541	152.4204851220556	228.35366136171848	0.15362311325975636	1.0152671143548302	40.23590812963091	1.0164687801004253	8.056547329028017	1.086391036904603	-0.028419366566275504	1.086391036904603	0.18299835693870609	1.086391036904603	-0.037298569208289514	1.149846440378296	NaN	NaN	800000009	800000009	800000009	800000009	800000009	800000019	899999999	899999999	89999	89999	89	89	10	31	3	6	11	1	0	NaN	0	0	0	0	0	0	0	0	0	NaN	NaN	NaN	NaN	0	0	0	0	0	0	0	0	10719	0	0	0	18000	18000	18000	18000	87	NaN	0.31998055153241084	0.34672406986301224	0.11837344763753764	0.1738605019185075	0.5684621866743222	0.10394375584037045	7.012750009019164e-7	NaN	0.03586472129184042	-0.0007575925394459753	0.004878299789839565	-0.00003729856920828951	NaN	400.8392093000798	22.39124891420053	95217.30500520833	11.449999809265137	18.46178889264	88.87219682799446	88.75448037931655	88.9899139099121	-0.23543032572915176	0.00029289675701551853	-1	0	2.0381525456248615	59.25814598602724	1.0000316213270029	-273.1499938964844	9.000399907032648	-273.1499938964844	106
DATA	2025-09-25T150000_AIU-0547.ghg	2025-09-25	15:30:00	268.645	1	18000	18000	0.20426972734211116	1	NaN	67.40563023548994	1	NaN	28.526178324654268	1	NaN	0.28351195403458584	1	NaN	0.6483776841385153	1	NaN	-0.014849564520682585	1	NaN	NaN	NaN	NaN	NaN	NaN	NaN	NaN	NaN	NaN	-1.239730603752599e-11	-6.938626707450161e-13	-6.792267343118836e-14	NaN	15.082222576319385	398.40970859454967	407.4962739820993	0.3	0	844.1342986854378	22.29852385827886	22.80708825998194	0.1	1	0.0826328619755742	2.0512573230036018	2.098040529813279	-0.2	0	NaN	NaN	NaN	NaN	9	298.8211040717231	297.88078059726297	94809.12552322049	1.0994813238063292	1017.9792294953074	0.0261217556455479	0.04201487393217579	0.015382557446110438	2114.6706333590682	3108.186396632927	0.013990740099938283	68.03551536194463	993.5157632738587	291.5491353602284	-1.111401747872202	0.1573876877763972	0.14543680624452446	1.1318730467890714	7.819743287395412e-15	-8.219813740841496e-16	1.1318730467890714	4.319688720785706	160.06016869645427	171.9398313035457	7.382468368711624	NaN	0.43103057349944424	0.48030224428062906	-99.99201209021898	-0.029002316678890715	2.362939383900345	0.1397208837149052	0	88.62614025478001	-13.449358705500279	30.422486011670376	75.75629170750284	115.533124788734	162.03685024342352	242.76072864468264	0.20185151376747895	1.0119801607106986	68.5987401325789	1.0145263773715811	26.2626819748995	1.0861867935619867	0.2610158360560166	1.0861867935619867	0.596930185472296	1.0861867935619867	-0.03549420432436002	1.14804103730786	NaN	NaN	800000009	800000009	800000009	800000009	800000009	801000019	899999999	899999999	89999	89999	89	89	3	4	0	0	4	1	0	NaN	0	0	0	0	0	0	0	0	0	NaN	NaN	NaN	NaN	0	0	0	0	0	0	0	0	10130	0	0	0	18000	18000	18000	18000	87	NaN	0.5888970623667666	0.23835570646508322	0.13335171972940824	0.192602461837299	1.4691349738152955	0.08989658947152193	7.404366100140781e-7	NaN	0.061289963972997345	0.0069737376569144905	0.01594858984756663	-0.00003549420432436002	NaN	398.4098897828307	22.29842461558921	95202.25414973959	11.449999809265137	18.393201865726052	88.83995141516792	88.72414025921293	88.95576301638286	-0.23162369233121446	0.0002938548703613277	-1	0	2.0329501043127642	60.15100945112441	1.0000204018950463	-273.1499938964844	9.00032218360901	-273.1499938964844	175
DATA	2025-09-25T153000_AIU-0547.ghg	2025-09-25	16:00:00	268.666	1	18000	18000	0.2952007604450889	0	NaN	40.95360111134899	0	NaN	27.86146270542674	1	NaN	1.362693889262008	1	NaN	0.6332877004180129	1	NaN	0.005212903534138646	2	NaN	NaN	NaN	NaN	NaN	NaN	NaN	NaN	NaN	NaN	-1.8519311837604645e-10	-1.0481937482336703e-11	-1.0183096450515151e-12	NaN	14.985622937594263	396.75713218919054	405.871574473491	0.1	1	848.1868232640065	22.45646864066309	22.9723464175922	0.1	1	0.08240049364831711	2.0459640805218737	2.092964676137573	0	1	NaN	NaN	NaN	NaN	9	299.06542251417363	297.91084476216633	94778.95332486978	1.0989543069609884	1018.0696902118694	0.026132708544089146	0.041037042987087234	0.015485022195671315	2128.971514062945	3113.7702756170365	0.01409068793632838	68.37278686659246	984.7987615540915	291.6566881432568	-1.238149502592267	0.17420650678797292	0.16912457415738041	1.2617310408167408	-6.717755380484891e-14	-1.2358052724752241e-14	1.2617310408167408	5.53063796215818	160.0088914709996	171.9911085290004	7.703209727619744	NaN	0.5182853322433694	0.8095452792205982	-286.0656060097993	-0.01013753467412877	1.4699013308935938	0.07062623162143623	0	85.23356914278418	-12.934522950631793	29.257926132366325	72.85637294696602	111.11056570503601	155.83414824563474	233.46795077170526	0.2919372792143651	1.0111787067397018	42.31886675744602	1.014104406379611	25.640116846863876	1.086635559105674	1.2540486806667144	1.086635559105674	0.5827967758934957	1.086635559105674	-0.009133126009570003	1.1479079252461157	NaN	NaN	800000009	800000009	800000009	800000009	800001009	800001019	899999999	899999999	89999	89999	89	89	6	22	1	1	12	0	0	NaN	0	0	0	0	0	0	0	0	0	NaN	NaN	NaN	NaN	0	0	0	0	0	0	0	0	5582	0	0	0	18000	18000	18000	18000	87	NaN	0.8923049676292932	0.514217433787549	0.21256815702435408	0.15563947885144566	0.47124313024310605	0.12044473958483208	6.398849411743948e-7	NaN	0.037824821397835495	0.03352473783923427	0.015580024465232867	-0.000009133126009570002	NaN	396.7571259884378	22.456342467825095	95158.13441189236	11.411106513023377	18.497991118007235	88.79175615075738	88.67351825966513	88.90998923562645	-0.23647128423248687	0.0002941470147537378	-1	0	2.02762600742115	60.251773480839184	1.0000283499707778	-273.1499938964844	9.000388546572792	-273.1499938964844	040
DATA	2025-09-25T160000_AIU-0547.ghg	2025-09-25	16:30:00	268.687	1	18000	18000	0.21188221225038745	1	NaN	32.24925366408205	0	NaN	30.10293990788306	0	NaN	2.889796884936187	0	NaN	0.6847244716375893	0	NaN	-0.0016337629137758846	1	NaN	NaN	NaN	NaN	NaN	NaN	NaN	NaN	NaN	NaN	-6.479031938861789e-11	-3.750372885469091e-12	-3.568259243847214e-13	NaN	14.956790031267662	396.53274506197175	405.84826455677126	0.1	1	865.7703853945644	22.95320765994406	23.49243438481636	0.1	1	0.08237296063820373	2.0526481643118366	2.100869866627046	-0.1	0	NaN	NaN	NaN	NaN	9	299.09721377309165	298.64542337199936	94737.8816708801	1.0955685720038761	1018.3687029480864	0.02620850293592739	0.04437014576211579	0.01578177930003182	2175.1215681268036	3252.951674700283	0.014405104074102617	66.86608919043387	1077.8301065734795	291.99950062947926	-0.7070990663342175	0.3309615895465639	0.1935670648196065	0.8043586712088021	-6.603976359592028e-15	-4.3318331843377886e-15	0.8043586712088021	4.374561563096651	177.0822013782751	154.91779862172487	13.924771327686747	NaN	0.43977189065666017	0.5493455537901899	-221.88327684404643	-0.013069934973235062	1.071299140973169	0.06572757242435762	0	78.83062229778609	-11.96285106417631	27.06000167954196	67.38323028744297	102.76367781471185	144.1275192978216	215.92928738078692	0.208712688786533	1.0151860602356388	33.74053940183786	1.0164186549700707	27.70983038550979	1.0863631963487113	2.6600651556025214	1.0863631963487113	0.6302905639098988	1.0863631963487113	-0.012962489967568904	1.14978803606357	NaN	NaN	800000009	800000009	800000009	800000019	800001019	800001019	899999999	899999999	89999	89999	89	89	10	19	2	4	50	0	1	NaN	0	0	0	0	0	0	0	0	0	NaN	NaN	NaN	NaN	0	2	0	0	0	0	0	0	10925	0	0	0	18000	18000	18000	18000	87	NaN	0.4391901483818297	0.47346169901561097	0.18603926018293915	0.12660533990513767	1.5952671000665186	0.05317871711884845	6.218605643776347e-7	NaN	0.03024178433804326	0.07135458128912883	0.016907149504799556	-0.000012962489967568903	NaN	396.53142337636916	22.953143799872556	95125.0442858073	11.413055472903782	18.84319646824731	88.77503468407525	88.6560680686103	88.89400395901998	-0.23793262651852426	0.0002947284041308901	-1	0	2.0337633435428133	60.02058845795514	1.0000364225905884	-273.1499938964844	9.000409872902765	-273.1499938964844	084
DATA	2025-09-25T163000_AIU-0547.ghg	2025-09-25	17:00:00	268.708	1	18000	18000	0.1496265205269864	1	NaN	12.397047051936747	0	NaN	53.07312091531203	1	NaN	9.412560902049002	0	NaN	1.206159827188156	1	NaN	0.020924766160612285	0	NaN	NaN	NaN	NaN	NaN	NaN	NaN	NaN	NaN	NaN	-2.3350704528411526e-10	-1.368484891235604e-11	-1.2815732516936856e-12	NaN	15.017226336278544	397.2762389470567	406.7463768298269	0.1	1	880.0953874628381	23.282660700213853	23.83766496549075	0.1	1	0.08242010669865543	2.0457513294757748	2.0945172642705256	0	1	NaN	NaN	NaN	NaN	9	299.2752610168457	297.7521274939642	94734.09759375	1.098673447955797	1018.5369730919432	0.026131152888589273	0.0781591568017925	0.01605568475280056	2206.253496458912	3084.38994618014	0.014613700533742698	71.529655295085	878.136449721228	292.2271707902703	-0.5410630544159283	0.22998181225372788	0.18948634782075516	0.6176940495357287	-2.6153285658535874e-15	-1.554927921143534e-14	0.6176940495357287	3.7576621098239897	175.02818403806023	156.97181596193977	17.864326805896603	NaN	0.36903705339560616	0.2906011339818513	-341.08160721391766	-0.008502364063803634	0.23358428594614825	0.030019458088646728	0	81.34560191265052	-12.344508923585437	27.923312796701012	69.5329970356549	106.04220774786644	148.72570414540183	222.81820618144607	0.14690969686352356	1.0184931541039577	15.392295618454263	1.0185067105529582	48.783081405253945	1.0879411342309353	8.651718926596827	1.0879411342309353	1.1086627660611337	1.0879411342309353	0.01219184809700674	1.1524122502419027	NaN	NaN	800000009	800000009	800000009	800000009	800001009	800101119	899999999	899999999	89999	89999	89	89	15	24	3	2	33	0	0	NaN	0	0	0	0	0	0	0	0	0	NaN	NaN	NaN	NaN	0	0	0	0	0	0	0	0	7520	0	0	0	18000	18000	18000	18000	87	NaN	0.2568707764766726	0.20321819831556268	0.12111329317146728	0.0996264321776015	18.001427350864347	0.1418235886415288	6.25505411945893e-7	NaN	0.013754916812120623	0.2314700748411524	0.029661418223478116	0.00001219184809700674	NaN	397.2747158269045	23.2825145143901	95125.16583550347	11.420000076293945	19.070334392441616	88.79339852375455	88.67506585354275	88.9117381263309	-0.23667966718764755	0.00029396567446787644	-1	0	2.0264888468772173	59.988958855205155	1.0000431118657191	-273.1499938969311	9.000426113393571	-273.1499938964844	179
DATA	2025-09-25T170000_AIU-0547.ghg	2025-09-25	17:30:00	268.729	1	18000	18000	0.08961080270447518	1	NaN	8.954883860452492	0	NaN	19.985481781999045	0	NaN	7.460455069689838	0	NaN	0.4540331310243463	0	NaN	-0.0029054757270561187	1	NaN	NaN	NaN	NaN	NaN	NaN	NaN	NaN	NaN	NaN	-9.178066551893821e-11	-5.4368751416188366e-12	-5.002937802137793e-13	NaN	15.11812487617483	398.8166263954062	408.4666418149109	0.2	0	895.5628820342769	23.624977982601965	24.19662266020258	0.1	1	0.08240846589290433	2.0422574719122855	2.0916732053351264	0	1	NaN	NaN	NaN	NaN	9	299.03552493625216	297.3788616909451	94737.81131684028	1.0999519498475345	1018.7246272326246	0.026097371490141557	0.029421346890377637	0.016312834827122997	2238.7790742251946	3016.2457006387394	0.014830497667997348	74.22402869073619	777.4666264135449	292.46204401139124	-0.4375936823359995	0.35035897088166607	0.22061992902306268	0.6024224368163837	-7.546989050503613e-15	-6.070902725746002e-15	0.6024224368163837	2.9842685905797106	190.68247696500404	141.31752303499596	21.48276304177347	NaN	0.2854258656347509	0.2172068229451583	-218.4852360749631	-0.013273208076196962	0.44806945152146244	0.02799858682729873	0	71.77710336847741	-10.892452354003526	24.638756882656292	61.35398839518668	93.56870350671626	131.23143709056447	196.60860626045928	0.08795290856194161	1.0188497932546026	10.034251326479911	1.0187355592619376	18.36646692913583	1.0881505876503048	6.856086973954177	1.0881505876503048	0.41725211214080354	1.0881505876503048	-0.006529441832415133	1.1527177721506534	NaN	NaN	800000009	800000009	800000009	800000009	800001009	800001119	899999999	899999999	89999	89999	89	89	20	20	7	0	52	0	0	NaN	0	0	0	0	0	0	0	0	0	NaN	NaN	NaN	NaN	0	0	0	0	0	0	0	0	16248	0	0	0	18000	18000	18000	18000	87	NaN	0.1253821641231005	0.20996907126704942	0.0990624105001667	0.041725078558941295	21.73664633159647	0.10085729112855654	6.121314884984479e-7	NaN	0.008954770408831856	0.1832564393975306	0.011152737223507379	-0.000006529441832415133	NaN	398.81073789981264	23.624868473163392	95125.74132747395	11.439169905662535	19.3052216512892	88.83897722880046	88.72068925412496	88.95726479784648	-0.23657099440155754	0.0002933409339069233	-1	0	2.0227606306506525	59.18041480011416	1.0000344017048677	-273.1499938964844	9.000457646025552	-273.1499938964844	219
DATA	2025-09-25T173000_AIU-0547.ghg	2025-09-25	18:00:00	268.749	1	18000	18000	0.09845379213717974	1	NaN	1.158230826106775	2	NaN	18.370067714695875	0	NaN	6.914569670516742	0	NaN	0.41711110717114247	0	NaN	-0.01946476866445689	1	NaN	NaN	NaN	NaN	NaN	NaN	NaN	NaN	NaN	NaN	-5.615004432678781e-11	-3.296805991950144e-12	-3.038253215948229e-13	NaN	15.237930403437751	401.1631552509688	410.84007468680085	-0.1	0	894.6831807754469	23.553981298462848	24.12215406416892	0.1	1	0.08245174444244031	2.0381679204292267	2.0873329210144678	-0.2	0	NaN	NaN	NaN	NaN	9	298.8213216561211	296.8283034693401	94726.2037608507	1.1018869724444817	1018.6727530529483	0.026052247604838787	0.02702879974469003	0.01629198204733043	2231.7777220674307	2918.1331516862997	0.014785529237347706	76.47963975796495	686.355429618869	292.4117397851531	-0.538389218360787	0.28992976081715915	0.23961606341151495	0.6567633321825064	2.4188332701160606e-14	-3.684886519374054e-15	0.6567633321825064	4.203504307828358	180.30305533537955	151.69694466462045	21.397973355407164	NaN	0.29891499372643743	0.24513079114216324	-1939.9998969150922	-0.0014948454402556723	0.06304989421352006	0.0034520388993942754	0	69.76102719660409	-10.586505016850097	23.946703172983764	59.630676806281684	90.94054459920847	127.54540685386402	191.08626128323056	0.09674597671414831	1.0176525730685158	2.22759702043831	1.0179694477584065	16.89247139265083	1.0874707014562643	6.358396287143401	1.0874707014562643	0.3835607769593945	1.0874707014562643	-0.019274896054879708	1.1517056553836413	NaN	NaN	800000009	800000009	800000009	800000009	800000009	801101009	899999999	899999999	89999	89999	89	89	32	25	5	12	12	0	0	NaN	0	0	0	0	0	0	0	0	0	NaN	NaN	NaN	NaN	0	0	0	0	0	0	0	0	18000	0	0	0	18000	18000	18000	18000	87	NaN	0.15300820942175253	0.22058576560549076	0.11666760725708317	0.05448256565097938	23.36902936894149	0.06374785574365752	8.014242643847322e-7	NaN	0.0019845629985973195	0.1696474593785367	0.010233730077502376	-0.000019274896054879708	NaN	401.1614076843371	23.553906795680373	95111.54947764757	11.449999809265137	19.255017037709557	88.8607980088128	88.74107029533386	88.98052676094903	-0.239458217418028	0.00029303067545859255	-1	0	2.0186323155926336	58.902049895286645	1.0000436144736078	-273.1499938964844	9.000510364850362	-273.1499938964844	209
DATA	2025-09-25T180000_AIU-0547.ghg	2025-09-25	18:30:00	268.77	0	18000	18000	0.5089293142868686	1	NaN	266.15937958854863	1	NaN	7.13236039291977	1	NaN	35.93596540296746	1	NaN	0.16170499276826603	1	NaN	NaN	NaN	NaN	NaN	NaN	NaN	NaN	NaN	NaN	NaN	NaN	NaN	-8.364552594236344e-10	-4.8405909126611775e-11	NaN	NaN	15.437802118199519	404.07613719148725	413.7512990477963	0.1	1	893.3900983097411	23.38400357551841	23.94390800594122	0.1	1	NaN	NaN	NaN	NaN	0	NaN	NaN	NaN	NaN	9	297.47553529866565	295.2817087337527	95170.66724149731	1.1130634772845194	1018.4473231469797	0.025987120529451437	0.010478483531383639	0.01621494582953689	2209.5282778016594	2654.611546997626	0.014567853640383217	83.23358196421027	445.08326919596675	292.25095551389853	-0.10469299931302022	-0.5020165573608958	0.16850932063246948	0.5397931447413707	2.0171207643151197e-14	-5.4182276273482156e-14	0.5397931447413707	8.64666122599457	73.77990679786899	258.220093202131	18.190287562242673	NaN	0.6761900363809299	1.056988775124712	-98.05163056015259	-0.02957625470818572	37.317152376759125	0.3472278128428845	0	100.4893545781812	-15.24964724765019	34.49474359582772	85.8967888823613	130.99802280731924	183.72658960475061	275.25591059594205	0.4987006455527645	1.0205106386472922	263.3600163098604	1.0198068517632346	6.548315010922466	1.0891901780875122	32.99328815658871	1.0891901780875122	0.14846350620990786	1.0891901780875122	NaN	1	NaN	NaN	800000009	800000019	800000009	800000019	800001009	801101019	899999999	899999999	89999	89999	89	89	12	6	6	1	12	3	2	NaN	0	0	0	0	0	0	0	0	0	NaN	NaN	NaN	NaN	0	12978	0	0	0	0	0	0	15415	0	0	0	18000	18000	18000	18000	87	NaN	1.355175129743462	0.5190712808224645	0.23973113968349757	0.844008619653651	42.856542413769155	0.2708348373923318	NaN	NaN	0.23232253443908607	0.8777795099788347	0.003949840437611801	NaN	NaN	404.0725275515793	23.383736897219627	95116.21341232638	11.420831735557979	19.136964970800623	88.89280712424384	88.75934447309706	89.02626917902629	-0.2669241690213521	0.0002912110033632617	-1	0	14.414551296221683	17.329481097770866	1.0000523937940597	-291.3187446594238	9.000578996737799	-282.8399943033846	093
DATA	2025-09-25T183000_AIU-0547.ghg	2025-09-25	19:00:00	268.791	0	18000	18000	0.041903345895750704	1	NaN	8.674608015919112	1	NaN	-4.570379011275336	2	NaN	5.713615812824675	1	NaN	-0.10350824186499658	2	NaN	0.08015085139950305	1	NaN	NaN	NaN	NaN	NaN	NaN	NaN	NaN	NaN	NaN	-2.8057782051329306e-10	-1.6225792016552995e-11	-1.5438172635912485e-12	NaN	15.448199327301007	400.18781482158096	409.66870726555663	0.1	1	893.3680818265692	23.142828035996374	23.691107257232858	0.1	1	0.0850002925008682	2.0753771908637435	2.1245451744917108	0.1	0	NaN	NaN	NaN	NaN	9	296.2653291278415	294.169524478017	94768.68284463008	1.1125191936551326	1018.3868907336521	0.02580731685930377	-0.006707334072851778	0.016159516722626905	2193.803637066406	2482.505005069876	0.014525157691469148	88.37056249981885	288.7013680034702	292.1364640870424	0.22864077733300947	-0.22185452967945987	0.1706631363952743	0.3614165789266444	-3.2928209392353905e-14	-1.8162493541719045e-14	0.3614165789266444	1.3718009439355283	16.136963390694575	315.86303660930537	28.177598978061724	NaN	0.1940754468406641	0.16083994958870793	-70.9089258216966	-0.04089753111325038	-1.8980062691777757	0.03945108500506112	1	1.2725851593307147	1	1	2	3	6	17	0.04075802372534255	1.0281005325019235	8.263950382249984	1.024771705297803	-4.175098692137691	1.0946756827286537	5.219459884760185	1.0946756827286537	-0.0945560803972422	1.0946756827286537	0.07062640872732893	1.1612693023438458	NaN	NaN	800000009	800000009	800000009	800000019	800000019	801000019	899999999	899999999	89999	89999	89	89	2	3	2	16	5	5	0	NaN	0	0	508	0	0	0	0	0	0	NaN	NaN	NaN	NaN	0	36	0	0	0	0	101	0	17901	0	0	16	18000	18000	18000	18000	87	NaN	0.07822494114046272	0.21539865656682838	0.028056301470124754	0.024556610366700052	9.183479238843976	0.03685436512890975	0.0000014534005185388516	NaN	0.007294027366639112	0.13789232956152955	-0.0024980665601536814	0.00007062640872732893	NaN	400.18734935008325	23.142802878415367	95148.88140256076	11.413888825310599	18.97906001371807	88.83881747372945	88.67800898340013	88.9996254908244	-0.32161745207011894	0.00027981810325096874	-1	0	2.0572079923588182	54.31952398626076	1.0000730925814973	-273.1499938964844	9.000831809096866	-273.1499938964844	060
DATA	2025-09-25T190000_AIU-0547.ghg	2025-09-25	19:30:00	268.812	0	18000	18000	0.04917936606375503	1	NaN	1.1355276147234703	2	NaN	4.767684533681311	1	NaN	5.551019937098832	1	NaN	0.10794595896172507	1	NaN	0.053705830723059345	1	NaN	NaN	NaN	NaN	NaN	NaN	NaN	NaN	NaN	NaN	9.319876830192869e-11	5.284740455831538e-12	5.017133368329382e-13	NaN	15.717795660080434	403.1202616372533	412.5505569992068	0	0	891.2614631582152	22.858520493941977	23.393255708985855	0	0	0.08461300349732237	2.062872965606685	2.111130280386276	0	0	NaN	NaN	NaN	NaN	9	295.9266714274089	293.87467151726617	94783.79249457465	1.1139337688840674	1018.2187276819275	0.02577733971907066	0.006994898140719784	0.01597955998747648	2167.1984353761113	2437.8929178424814	0.014345161654884307	88.89637520642486	270.6944824663701	291.94110225079777	0.553858604883161	-0.06342175771910667	0.17676831913018937	0.5848322085892932	7.367470532662795e-14	5.929506294488355e-15	0.5848322085892932	2.343276349960528	338.53242601485647	353.4675739851436	17.59307971399358	NaN	0.21011728390982518	0.24573205119154143	-687.4663259836854	-0.0042183884364815	0.2381717176758518	0.004764699015879979	0	94.00192823634478	-14.2651552716255	32.26782006549136	80.35143441955549	122.54100736069788	171.8655051933634	257.4858447751192	0.0482489955780616	1.01928269126739	1.3992160378806087	1.0190136839398978	4.380400662120646	1.0884128876405503	5.100104932726653	1.0884128876405503	0.09917739874959505	1.0884128876405503	0.04860866492914908	1.1530928287992397	NaN	NaN	800000009	800000009	800000009	800000009	800001019	800001119	899999999	899999999	89999	89999	89	89	8	3	3	26	30	34	7	NaN	0	0	17667	0	0	0	0	0	0	NaN	NaN	NaN	NaN	0	0	0	0	0	0	0	0	17901	0	0	0	18000	18000	18000	18000	87	NaN	0.17475308956475752	0.2893602962724807	0.027350716545844568	0.01780604373710817	13.901106153357501	0.0046477718443781145	5.299219099499616e-7	NaN	0.0012336283008957272	0.1345434260766727	0.0026163514659313	0.00004860866492914908	NaN	403.12015386199903	22.85850231536229	95167.31415896268	11.399999618530273	18.784497003334543	88.73256902821859	88.54965500937568	88.91548495441012	-0.36583320317500234	0.0002706955169010648	-1	0	2.0436058652682445	58.3897271200811	1.0000766240391465	-273.1499938964844	9.00083459941546	-273.1499938964844	147
DATA	2025-09-25T193000_AIU-0547.ghg	2025-09-25	20:00:00	268.833	0	18000	18000	0.024066484714236787	1	NaN	11.947652538992845	1	NaN	10.099818597363834	1	NaN	0.3115485902236183	2	NaN	0.22859454167986284	1	NaN	0.058386539278716176	1	NaN	NaN	NaN	NaN	NaN	NaN	NaN	NaN	NaN	NaN	-6.416154875269053e-11	-3.5305584801084915e-12	-3.399264746681469e-13	NaN	15.976251752975772	409.4773318210342	418.9163260772245	0.1	1	879.1104984736126	22.531932198914202	23.051323046902272	0.1	1	0.08464183054141325	2.0599922113129345	2.107477757250012	0.1	0	NaN	NaN	NaN	NaN	9	295.548521651374	293.5255270717704	94793.7948174479	1.115515409843348	1018.0254463556635	0.025743997661179404	0.014812926300855112	0.015771654057966274	2136.460286877999	2385.974457215212	0.01413844570751478	89.54246263690378	249.51417033721327	291.71275651750136	0.8990259474797674	0.3940330248764035	0.26134329739370643	1.0157804871268798	7.353692004575794e-14	-4.016057692677487e-15	1.0157804871268798	2.452727452230555	308.3326980378054	23.667301962194564	14.908920223856356	NaN	0.14688198825472418	0.15953372162472945	-22.319846841877478	-0.12992920697640686	1.182957141637308	0.07162750663804758	1	13.67685558081211	6	11	19	31	53	138	0.023760486142109797	1.0128784642829627	12.442465541742944	1.015032153870322	9.30002270033792	1.0859993489044768	0.28687732689517637	1.0859993489044768	0.21049233768920955	1.0859993489044768	0.04954708895951536	1.14838450202491	NaN	NaN	800000009	800000009	800000009	800000019	800000019	800011019	899999999	899999999	89999	89999	89	89	0	4	1	26	6	0	8	NaN	0	0	18000	0	0	0	0	0	0	NaN	NaN	NaN	NaN	0	0	0	0	0	0	101	0	17901	0	0	16	18000	18000	18000	18000	87	NaN	0.16247754691123717	0.13290331551002937	0.023686580828192378	0.027425576132140164	6.972059306054567	0.027980047161604252	0.0000010196876496272787	NaN	0.010956509987621193	0.0075556584833389746	0.005543861671300556	0.00004954708895951536	NaN	409.4773754351098	22.531892765468378	95177.93371614584	11.399999618530273	18.55604178216724	88.77738577397665	88.59736433156331	88.95740946875678	-0.3600404027468632	0.00027856236693979766	-1	0	2.0410795757638076	58.27092956791999	1.0001036636994944	-273.1499938964844	9.000985993305843	-273.1499938964844	111
DATA	2025-09-25T200000_AIU-0547.ghg	2025-09-25	20:30:00	268.854	0	18000	18000	0.025866241275648426	0	NaN	8.093797917647265	0	NaN	-7.505180028639067	1	NaN	1.5460891471712834	1	NaN	-0.16984142252661652	1	NaN	NaN	NaN	NaN	NaN	NaN	NaN	NaN	NaN	NaN	NaN	NaN	NaN	1.6348022459021442e-10	8.826821159234816e-12	NaN	NaN	16.09611031341277	412.1654214824337	421.54657450807923	0.1	1	869.0805719893415	22.254131792181617	22.76065030371628	0.1	1	NaN	NaN	NaN	NaN	0	NaN	NaN	NaN	NaN	9	295.4333972532485	293.35929473870857	95113.81395307605	1.1201579067137275	1017.7743899176352	0.025824148592919205	-0.01100572417972475	0.015528855107195226	2102.2729421401755	2359.438910312526	0.01386309467095861	89.10054559800886	257.1659681723504	291.45537847165355	0.9872547038512229	0.17630932739421412	0.29590777995438	1.0456185936756226	-1.1293661119440925e-14	1.015650498207555e-14	1.0456185936756226	2.714133915129284	321.8745497001747	10.125450299825255	16.439205606293758	NaN	0.1519592137377214	0.21652703320552755	-36.57032701387741	-0.07929926355046077	-1.0784282171463024	0.04671910902717424	1	13.932668870715075	6	11	20	33	58	158	0.02554367298644034	1.0126281090968914	7.5966149980761175	1.0148884212454679	-6.91070299506608	1.0860226570288747	1.4236251308062504	1.0860226570288747	-0.1563884707444928	1.0860226570288747	NaN	1	NaN	NaN	800000009	800000009	800000009	800000019	800000009	800011019	899999999	899999999	89999	89999	89	89	3	0	0	13	3	0	2	NaN	0	0	18000	0	0	0	0	0	0	NaN	NaN	NaN	NaN	0	3235	0	0	0	0	0	0	17802	0	0	0	18000	18000	18000	18000	87	NaN	0.1561952763345901	0.2414621869605933	0.03539660311587171	0.018571059093058877	7.327168113696908	0.018255969285559986	NaN	NaN	0.0066632997307157615	0.037594855055981494	-0.004129880656669843	NaN	NaN	412.1653352105102	22.25410188373655	95205.32509266493	11.399999618530273	18.36277519374422	88.80223740471735	88.6238260591295	88.98065149476793	-0.35682114584909486	0.00028448413646159067	-1	0	2.125593610492018	36.756091231641044	1.0001059342953893	-273.1499938964844	9.00100383814176	-273.1499938964844	200
DATA	2025-09-25T203000_AIU-0547.ghg	2025-09-25	21:00:00	268.874	0	18000	18000	0.013441597730795788	1	NaN	10.043101253825677	0	NaN	5.329301609992248	1	NaN	2.0365395468098986	2	NaN	0.12058267250547795	1	NaN	0.03924360190192076	0	NaN	NaN	NaN	NaN	NaN	NaN	NaN	NaN	NaN	NaN	-5.287777812274118e-11	-2.7811375938795422e-12	-2.764402188017028e-13	NaN	16.261577688069504	415.90904478525766	425.21051584232436	0.1	1	855.2871669286843	21.87497888814181	22.364195185678817	0.1	1	0.08501405039591674	2.0652938379661188	2.1114824724741728	0	0	NaN	NaN	NaN	NaN	9	295.1332929077149	293.1975135856504	94845.83260805422	1.1176564005548368	1017.6437657997233	0.025701120027324168	0.00781375717835497	0.015337352064780829	2075.3071158110533	2338.082119216339	0.013722779252341707	88.76108750648328	262.7750034052856	291.24976463844973	0.8088655250178144	0.11502680033063939	0.24937019703086383	0.8542131452534942	2.5046477092784107e-14	-3.2517003661665362e-15	0.8542131452534942	1.843881653879734	323.90637441612927	8.093625583870695	16.97352040810305	NaN	0.10966582048906387	0.1294254877098428	-11.054276412199473	-0.26234191111772515	1.8845060739281907	0.08051790436938985	1	14.954679706089077	7	12	20	32	52	128	0.013248956633662429	1.0145400956814896	10.262982350696916	1.0160218077483893	4.906497319036874	1.0861723269092438	1.8749690968512986	1.0861723269092438	0.11101615233431862	1.0861723269092438	0.03275506831038709	1.149343131379007	NaN	NaN	800000009	800000009	800000009	800000019	800000019	800010019	899999999	899999999	89999	89999	89	89	3	1	2	52	2	0	2	NaN	0	0	18000	0	0	0	0	0	0	NaN	NaN	NaN	NaN	0	0	0	0	0	0	101	0	18000	0	0	11	18000	18000	18000	18000	87	NaN	0.058039696610931515	0.17992743445909154	0.020883844349662558	0.027291999986761947	12.54215200314061	0.021122872646252018	4.4924507605710025e-7	NaN	0.009023385172644663	0.049266805214027765	0.0029170673595904505	0.00003275506831038709	NaN	415.90861433067215	21.874946538498225	95236.73713498264	11.390277545452118	18.094284456253064	88.8296564309862	88.65281216896905	89.00650186199613	-0.3536852588488001	0.0002844848403927043	-1	0	2.0470544588969815	62.505383429860395	1.000106587068902	-273.1499938964844	9.000993162579007	-273.1499938964844	079
DATA	2025-09-25T210000_AIU-0547.ghg	2025-09-25	21:30:00	268.895	0	18000	18000	0.036179884379564965	1	NaN	10.711078266275504	1	NaN	1.5163363254854594	1	NaN	2.509272301316197	2	NaN	0.034303180378525026	1	NaN	0.049129789088717485	1	NaN	NaN	NaN	NaN	NaN	NaN	NaN	NaN	NaN	NaN	5.1676834230037776e-11	2.6633299984575244e-12	2.682343450857863e-13	NaN	16.442915613729816	420.2547851315321	429.5586680050891	0.1	1	847.4379491051927	21.659166876471264	22.13867206924246	0.1	1	0.08534877893866764	2.0714976803222593	2.11735788815911	0	0	NaN	NaN	NaN	NaN	9	294.945624490526	293.01697874535455	94864.53454079862	1.1186575754296277	1017.5171816733351	0.02568023100604747	0.0022228460885284217	0.015198391077923432	2055.237932257164	2312.083342371832	0.01358627645469293	88.89116990691241	256.84541011466763	291.0952109428541	0.6980374837852948	0.0461223894622773	0.25682367138707196	0.7452127224918607	-3.159434422828478e-14	3.1428023742266048e-15	0.7452127224918607	2.196188026672034	328.21971222645044	3.780287773549577	20.159294023867524	NaN	0.17983946558646968	0.19850370845628648	-45.71397104999932	-0.06343793666116089	7.063787951427149	0.052325003976339365	1	6.074973785008906	3	5	9	15	27	77	0.03560797492205021	1.0160612744410973	10.69357021945522	1.0169635317872157	1.395360894740203	1.0866983095206926	2.3090790510412735	1.0866983095206926	0.031566424717873215	1.0866983095206926	0.04184484012489911	1.1504355711406091	NaN	NaN	800000009	800000009	800000009	800000009	800000019	800000019	899999999	899999999	89999	89999	89	89	1	0	0	21	0	0	1	NaN	0	0	18000	0	0	0	0	0	0	NaN	NaN	NaN	NaN	0	0	0	0	0	0	0	0	17801	0	0	0	18000	18000	18000	18000	87	NaN	0.09417074827301068	0.2713236300882726	0.03151303855128967	0.022689518199828475	27.619058891042116	0.0031548974464225745	3.8694446353190126e-7	NaN	0.009394719248722245	0.06061081534532291	0.0008285843392084247	0.000041844840124899113	NaN	420.25464629491194	21.6591512549817	95258.58764192708	11.405277887980144	17.94047719224294	88.84899753358629	88.67583087624443	89.02216701422797	-0.34633476322392676	0.0002839011417915268	-1	0	2.05320034077874	60.84964728207096	1.0001059246692392	-273.1499938964844	9.001017536905076	-273.1499938964844	059
DATA	2025-09-25T213000_AIU-0547.ghg	2025-09-25	22:00:00	268.916	0	18000	18000	0.033260339065641006	1	NaN	8.513114654341328	1	NaN	2.2364516761751707	2	NaN	4.43447827055052	1	NaN	0.050588736982957065	2	NaN	NaN	NaN	NaN	NaN	NaN	NaN	NaN	NaN	NaN	NaN	NaN	NaN	-1.6965449913021084e-10	-8.561534670721228e-12	NaN	NaN	16.681009721794865	425.83712091755206	435.1891932593453	0	0	841.7993263248103	21.489670439081852	21.961618380385215	0.1	1	NaN	NaN	NaN	NaN	0	NaN	NaN	NaN	NaN	9	294.9105541534424	292.91084671896897	95179.9526375816	1.1229718441150214	1017.3355057058678	0.02576053338214835	0.0032781501564956178	0.015032447589598007	2031.9660563070927	2294.9571824900863	0.013386308542263234	88.54047787080535	262.99112618299364	290.9143267034307	0.7428820308851722	0.09835457667375917	0.25398542504582494	0.7912369624205691	-2.6306747845895242e-14	-1.0170517370333151e-14	0.7912369624205691	2.0458096129283465	324.4581327355673	7.541867264432735	18.723286037966297	NaN	0.17209922015132734	0.17633990173081115	-50.524250029696155	-0.057398180048105506	3.806527431391071	0.04329886484333675	1	7.280276129466673	3	6	11	18	33	94	0.032756895006719376	1.0153691019499362	8.561503880856781	1.016532094102262	2.0585376954831305	1.0864273610740387	4.081707097441479	1.0864273610740387	0.046564306823923506	1.0864273610740387	NaN	1	NaN	NaN	800000009	800000009	800000009	800000019	800000009	801000109	899999999	899999999	89999	89999	89	89	0	0	0	34	7	3	0	NaN	0	0	15441	0	0	0	0	0	0	NaN	NaN	NaN	NaN	0	3508	0	0	0	0	0	0	17802	0	0	0	18000	18000	18000	18000	87	NaN	0.12595540661164253	0.20043847341597443	0.02628592343400536	0.01798689617108135	15.940308509730544	0.011459509195429964	NaN	NaN	0.007494056938424241	0.107440668047971	0.0012256882017548456	NaN	NaN	425.8369274809095	21.48964751559541	95270.18747743056	11.4399995803833	17.817444856537723	88.89352387830947	88.72849786207411	89.05855078082614	-0.3300583124955493	0.0002837905800584445	-1	0	2.1520170312504154	45.12081201786016	1.0001086077325874	-273.1499938964844	9.001016128963894	-273.1499938964844	015
DATA	2025-09-25T220000_AIU-0547.ghg	2025-09-25	22:30:00	268.937	0	18000	18000	0.017812550759074536	1	NaN	10.869544519946375	0	NaN	2.180416016926255	1	NaN	5.584901915519281	1	NaN	0.04932061830672384	1	NaN	0.0589167213239689	0	NaN	NaN	NaN	NaN	NaN	NaN	NaN	NaN	NaN	NaN	1.3287009988381184e-10	6.6075593281542305e-12	6.738998739863553e-13	NaN	16.855562823040362	430.170169211036	439.5735860447653	0.1	0	838.2181654116391	21.39213349541829	21.859760408249418	0.1	1	0.08548922347728219	2.0735505901348708	2.118877909229603	0	0	NaN	NaN	NaN	NaN	9	294.84521341959635	292.898525604011	94867.88020054862	1.1192633853313378	1017.3624497279706	0.025668944396395034	0.0031959760662757047	0.015017612186905543	2029.9707298146882	2295.1627164186434	0.01341740682641901	88.44561282270395	265.19198660395523	290.89873325712745	0.8896410394037912	0.16537514914529194	0.26001206908539776	0.941496890603644	-6.748865683107682e-14	7.88286343676331e-15	0.941496890603644	2.2652594881360857	321.4694978859035	10.530502114096585	16.03167928448124	NaN	0.12615280429524406	0.14892973487479608	-15.5487547519489	-0.18651011262728356	4.985078276607615	0.07566698608127403	1	14.781627114684186	7	12	21	32	54	136	0.017574039548402268	1.0135717920752005	10.904099314182021	1.0154384152187992	2.007745521746277	1.0860021817056746	5.1426249501153265	1.0860021817056746	0.04541484274853011	1.0860021817056746	0.05083916854556668	1.1487442189481913	NaN	NaN	800000009	800000009	800000009	800000019	800000019	800010019	899999999	899999999	89999	89999	89	89	2	1	0	21	1	2	3	NaN	0	0	12934	0	0	0	0	0	0	NaN	NaN	NaN	NaN	0	3	0	0	0	0	101	0	17505	0	0	11	18000	18000	18000	18000	87	NaN	0.0969580279178675	0.17512961577357042	0.02577182605815424	0.023059902208592754	23.0922310259718	0.017835286996620556	5.339727305860398e-7	NaN	0.00957594840684568	0.13489215900901863	0.0011912410974607274	0.000050839168545566676	NaN	430.1694532803765	21.392113576353147	95260.34496835215	11.4399995803833	17.743519387086234	88.89772255918714	88.73295124689739	89.0624978052775	-0.3295501053598192	0.0002835983118210505	-1	0	2.0554868016413237	61.84441418284161	1.0001078454686536	-273.1499938964844	9.001034506956737	-273.1499938964844	224
DATA	2025-09-25T223000_AIU-0547.ghg	2025-09-25	23:00:00	268.958	0	18000	18000	0.021686519455413066	1	NaN	12.186281654780528	0	NaN	3.879345921095083	1	NaN	-3.3709211894948248	2	NaN	0.08774783728799801	1	NaN	0.05304837366128131	0	NaN	NaN	NaN	NaN	NaN	NaN	NaN	NaN	NaN	NaN	-2.3029306087761875e-10	-1.1285811732425304e-11	-1.1553450013032845e-12	NaN	17.089338535659063	436.57096478368743	446.1154848560043	0.1	1	837.4853180991911	21.394729383575687	21.86247103502634	0.1	1	0.08573459303337672	2.079257791061419	2.1247155042928525	0	0	NaN	NaN	NaN	NaN	9	294.8291480195787	292.87174623531763	94863.7961111111	1.1193164309496961	1017.363435002817	0.025667702516863903	0.0056860598562622705	0.015020161225742824	2030.1296608532616	2291.3524305226447	0.013419048278420076	88.59962499920627	261.22276966938307	290.89997579354423	0.7994689515212707	0.007644216138286089	0.24588866444967702	0.8364629542255393	-3.831809058597988e-14	-1.3475832338219714e-14	0.8364629542255393	1.8643112648386353	331.45217637921166	0.5478236207890714	17.095329263489653	NaN	0.13919335043319433	0.12972456566750293	-18.628896403851037	-0.1556721309266877	3.141323795981699	0.07688183125672006	1	10.816619248664242	5	9	15	24	41	107	0.021371052090954433	1.0147614335090296	12.299372179468223	1.0161571705281833	3.57138118022895	1.0862312716914722	-3.1033181214214616	1.0862312716914722	0.08078191042259136	1.0862312716914722	0.04488996071395315	1.1494922429933538	NaN	NaN	800000009	800000009	800000009	800000009	800000009	800000119	899999999	899999999	89999	89999	89	89	3	0	0	33	14	2	0	NaN	0	0	17835	0	0	0	0	0	0	NaN	NaN	NaN	NaN	0	0	0	0	0	0	0	0	17901	0	0	0	18000	18000	18000	18000	87	NaN	0.08548833926279464	0.1470546606813393	0.02690613139087194	0.018857589901540732	29.107960948061656	0.0032121032731570642	3.5340226738403917e-7	NaN	0.010800750648134157	-0.0813969798421166	0.0021188299996983562	0.00004488996071395315	NaN	436.57110164872705	21.39479219000156	95255.12918652344	11.4399995803833	17.744759278774257	88.88211777411567	88.71437568749323	89.04985433705647	-0.33548036970198036	0.0002838875887423961	-1	0	2.0610749451981656	61.63404903782756	1.0001028135021528	-273.1499938964844	9.001014322969649	-273.1499938964844	178
DATA	2025-09-25T230000_AIU-0547.ghg	2025-09-25	23:30:00	268.979	0	18000	18000	0.08678702210389504	1	NaN	16.761402369586968	1	NaN	4.90507992761261	1	NaN	-0.2875868774297216	2	NaN	0.11095162334309605	1	NaN	0.0698188773649277	1	NaN	NaN	NaN	NaN	NaN	NaN	NaN	NaN	NaN	NaN	-1.8500674453632772e-10	-9.186347528199396e-12	-9.381817458867959e-13	NaN	16.888131024022584	431.56340896048914	441.013851705581	0.1	1	838.5653240764648	21.428902308948153	21.89815574924485	0.1	1	0.08564085751896106	2.077278979885189	2.1227675585213475	0	0	NaN	NaN	NaN	NaN	9	294.84576500617135	292.89476771291095	94839.08096332467	1.1189222803506298	1017.3832947510106	0.025676409703999897	0.007189665192632624	0.015039050656810044	2032.8425432976996	2294.6276929455094	0.013440657068779924	88.59138890144884	261.7851496478097	290.92117218982065	0.7456931852156143	0.13609004929657434	0.2565269056824057	0.8002405146789124	3.800431446532442e-14	-1.0954838298753379e-14	0.8002405146789124	2.167228967600139	321.6572653035246	10.342734696475414	18.696931216831562	NaN	0.2785014319730602	0.2813400299916303	-108.46680330393446	-0.026736290843512	3.417151731866894	0.052868671220140995	0	95.57008184574968	-14.50312863182804	32.80611645422186	81.69186853904593	124.58525396923174	174.73259012829737	261.7812604589292	0.08548399818733739	1.0152428986031057	16.887386854757377	1.016453759899581	4.515055088240176	1.0863831850885464	-0.2647195587865083	1.0863831850885464	0.10212936362233263	1.0863831850885464	0.05887268324399377	1.1498292109130204	NaN	NaN	800000009	800000009	800000009	800000009	800000009	800000009	899999999	899999999	89999	89999	89	89	4	1	0	43	3	1	0	NaN	0	0	17971	0	0	0	0	0	0	NaN	NaN	NaN	NaN	0	0	0	0	0	0	0	0	17802	0	0	0	18000	18000	18000	18000	87	NaN	0.26522617112722247	0.25135005643090186	0.04610383242513639	0.019636904927355012	141.80247479136125	0.005026066839011241	3.365868575855274e-7	NaN	0.014834671311922606	-0.006945931460519925	0.002679754994602967	0.00005887268324399377	NaN	431.5626614706952	21.42888490541345	95233.8062233073	11.410829840024313	17.76650328959359	88.87773308648003	88.70887083053589	89.04659974543253	-0.33773240398367266	0.00028379380073036175	-1	0	2.059148918827374	60.840764165030585	1.0000956910981071	-273.1499938964844	9.000989036480586	-273.1499938964844	114
