DATAH	filename	date	time	DOY	daytime	file_records	used_records	Tau	qc_Tau	rand_err_Tau	H	qc_H	rand_err_H	LE	qc_LE	rand_err_LE	co2_flux	qc_co2_flux	rand_err_co2_flux	h2o_flux	qc_h2o_flux	rand_err_h2o_flux	ch4_flux	qc_ch4_flux	rand_err_ch4_flux	none_flux	qc_none_flux	rand_err_none_flux	H_strg	LE_strg	co2_strg	h2o_strg	ch4_strg	none_strg	co2_v-adv	h2o_v-adv	ch4_v-adv	none_v-adv	co2_molar_density	co2_mole_fraction	co2_mixing_ratio	co2_time_lag	co2_def_timelag	h2o_molar_density	h2o_mole_fraction	h2o_mixing_ratio	h2o_time_lag	h2o_def_timelag	ch4_molar_density	ch4_mole_fraction	ch4_mixing_ratio	ch4_time_lag	ch4_def_timelag	none_molar_density	none_mole_fraction	none_mixing_ratio	none_time_lag	none_def_timelag	sonic_temperature	air_temperature	air_pressure	air_density	air_heat_capacity	air_molar_volume	ET	water_vapor_density	e	es	specific_humidity	RH	VPD	Tdew	u_unrot	v_unrot	w_unrot	u_rot	v_rot	w_rot	wind_speed	max_wind_speed	wind_dir	yaw	pitch	roll	u*	TKE	L	(z-d)/L	bowen_ratio	T*	model	x_peak	x_offset	x_10%	x_30%	x_50%	x_70%	x_90%	un_Tau	Tau_scf	un_H	H_scf	un_LE	LE_scf	un_co2_flux	co2_scf	un_h2o_flux	h2o_scf	un_ch4_flux	ch4_scf	un_none_flux	un_none_scf	spikes_hf	amplitude_resolution_hf	drop_out_hf	absolute_limits_hf	skewness_kurtosis_hf	skewness_kurtosis_sf	discontinuities_hf	discontinuities_sf	timelag_hf	timelag_sf	attack_angle_hf	non_steady_wind_hf	u_spikes	v_spikes	w_spikes	ts_spikes	co2_spikes	h2o_spikes	ch4_spikes	none_spikes	head_detect_LI-7200	t_out_LI-7200	t_in_LI-7200	aux_in_LI-7200	delta_p_LI-7200	chopper_LI-7200	detector_LI-7200	pll_LI-7200	sync_LI-7200	chopper_LI-7500	detector_LI-7500	pll_LI-7500	sync_LI-7500	not_ready_LI-7700	no_signal_LI-7700	re_unlocked_LI-7700	bad_temp_LI-7700	laser_temp_unregulated_LI-7700	block_temp_unregulated_LI-7700	motor_spinning_LI-7700	pump_on_LI-7700	top_heater_on_LI-7700	bottom_heater_on_LI-7700	calibrating_LI-7700	motor_failure_LI-7700	bad_aux_tc1_LI-7700	bad_aux_tc2_LI-7700	bad_aux_tc3_LI-7700	box_connected_LI-7700	mean_value_RSSI_LI-7200	mean_value_LI-7500	u_var	v_var	w_var	ts_var	co2_var	h2o_var	ch4_var	none_var	w/ts_cov	w/co2_cov	w/h2o_cov	w/ch4_cov	w/none_cov	co2_mean	h2o_mean	air_p_mean	vin_sf_mean	dew_point_mean	avg_signal_strength_7200_mean	co2_signal_strength_7200_mean	h2o_signal_strength_7200_mean	delta_signal_strength_7200_mean	flowrate_mean	hit_power_mean	hit_vin_mean	ch4_mean	rssi_77_mean	ch4_aux-1_mean	ch4_aux-2_mean	ch4_aux-3_mean	ch4_aux-4_mean	CHK
DATAU		[yyyy-mm-dd]	[HH:MM]	[ddd.ddd]	[1=daytime]	[#]	[#]	[kg+1m-1s-2]	[#]	[kg+1m-1s-2]	[W+1m-2]	[#]	[W+1m-2]	[W+1m-2]	[#]	[W+1m-2]	[µmol+1s-1m-2]	[#]	[µmol+1s-1m-2]	[mmol+1s-1m-2]	[#]	[mmol+1s-1m-2]	[µmol+1s-1m-2]	[#]	[µmol+1s-1m-2]	[µmol+1s-1m-2]	[#]	[µmol+1s-1m-2]	[W+1m-2]	[W+1m-2]	[µmol+1s-1m-2]	[mmol+1s-1m-2]	[µmol+1s-1m-2]	[µmol+1s-1m-2]	[µmol+1s-1m-2]	[mmol+1s-1m-2]	[µmol+1s-1m-2]	[µmol+1s-1m-2]	[mmol+1m-3]	[µmol+1mol_a-1]	[µmol+1mol_d-1]	[s]	[1=default]	[mmol+1m-3]	[mmol+1mol_a-1]	[mmol+1mol_d-1]	[s]	[1=default]	[mmol+1m-3]	[µmol+1mol_a-1]	[µmol+1mol_d-1]	[s]	[1=default]	[mmol+1m-3]	[µmol+1mol_a-1]	[µmol+1mol_d-1]	[s]	[1=default]	[K]	[K]	[Pa]	[kg+1m-3]	[J+1kg-1K-1]	[m+3mol-1]	[mm]	[kg+1m-3]	[Pa]	[Pa]	[kg+1kg-1]	[%]	[Pa]	[K]	[m+1s-1]	[m+1s-1]	[m+1s-1]	[m+1s-1]	[m+1s-1]	[m+1s-1]	[m+1s-1]	[m+1s-1]	[deg_from_north]	[deg]	[deg]	[deg]	[m+1s-1]	[m+2s-2]	[m]	[#]	[#]	[K]	[0=KJ/1=KM/2=HS]	[m]	[m]	[m]	[m]	[m]	[m]	[m]	[kg+1m-1s-2]	[#]	[W+1m-2]	[#]	[W+1m-2]	[#]	[µmol+1s-1m-2]	[#]	[mmol+1s-1m-2]	[#]	[µmol+1s-1m-2]	[#]	[µmol+1s-1m-2]	[#]	8u/v/w/ts/co2/h2o/ch4/none	8u/v/w/ts/co2/h2o/ch4/none	8u/v/w/ts/co2/h2o/ch4/none	8u/v/w/ts/co2/h2o/ch4/none	8u/v/w/ts/co2/h2o/ch4/none	8u/v/w/ts/co2/h2o/ch4/none	8u/v/w/ts/co2/h2o/ch4/none	8u/v/w/ts/co2/h2o/ch4/none	8co2/h2o/ch4/none	8co2/h2o/ch4/none	8aa	8U	[#]	[#]	[#]	[#]	[#]	[#]	[#]	[#]	[#_flagged_recs]	[#_flagged_recs]	[#_flagged_recs]	[#_flagged_recs]	[#_flagged_recs]	[#_flagged_recs]	[#_flagged_recs]	[#_flagged_recs]	[#_flagged_recs]	[#_flagged_recs]	[#_flagged_recs]	[#_flagged_recs]	[#_flagged_recs]	[#_flagged_recs]	[#_flagged_recs]	[#_flagged_recs]	[#_flagged_recs]	[#_flagged_recs]	[#_flagged_recs]	[#_flagged_recs]	[#_flagged_recs]	[#_flagged_recs]	[#_flagged_recs]	[#_flagged_recs]	[#_flagged_recs]	[#_flagged_recs]	[#_flagged_recs]	[#_flagged_recs]	[#_flagged_recs]	[#]	[#]	[m+2s-2]	[m+2s-2]	[m+2s-2]	[K+2]	--	--	--	--	[m+1s-1K+1]	--	--	--	--	--	--	--	--	--	--	--	--	--	--	--	--	--	--	--	--	--	--	207
DATA	2025-08-21T233000_AIU-0547.ghg	2025-08-22	00:00:00	234	0	18000	18000	0.013816762216535473	1	NaN	21.711106368557605	0	NaN	NaN	NaN	NaN	NaN	NaN	NaN	NaN	NaN	NaN	-0.00527338729816594	1	NaN	NaN	NaN	NaN	NaN	NaN	NaN	NaN	NaN	NaN	NaN	NaN	1.881827680613246e-13	NaN	NaN	NaN	NaN	NaN	0	NaN	NaN	NaN	NaN	0	0.08664596242971805	2.22532225620708	2.22532225620708	0.3	0	NaN	NaN	NaN	NaN	9	300.133147992452	294.18772682624336	95233.55340367799	1.1277764393240848	1005.5796387748102	0.025682930788749985	NaN	NaN	NaN	NaN	NaN	NaN	NaN	NaN	-0.0418868639534888	0.6013552508416559	0.2751492908705748	0.6626384982426388	-5.688203054153317e-15	2.171858477698451e-15	0.6626384982426388	1.2794255121053513	238.0155490154299	93.98445098457009	24.533982790822023	NaN	0.11068572984387333	0.05044869656768654	-5.253759424599087	-0.551985685987382	NaN	0.1729620537892748	1	8.5991527528631	4	7	12	18	29	68	0.013578671965393193	1.0175341338055062	21.32943429769305	1.0178941487869575	NaN	1	NaN	1	NaN	1	-0.004579151502861176	1.1516079550700575	NaN	NaN	800009909	800009909	800009909	800009919	800009919	800019919	899999999	899999999	89999	89999	89	89	11	2	0	21	0	0	7	NaN	0	0	0	0	0	0	0	0	0	NaN	NaN	NaN	NaN	0	17	0	0	0	0	101	0	17505	0	0	11	18000	18000	18000	18000	6	NaN	0.04330969599735433	0.03303645897746545	0.0245512381605533	0.08191965239097067	NaN	NaN	2.4642527175886225e-8	NaN	0.018807880153133717	NaN	NaN	-0.0000045791515028611765	NaN	NaN	NaN	95624.4369138455	11.66010201712048	NaN	0	0	0	0	0.00028782632165368544	-1	0	2.09782361091651	80.95518547960535	1.000088213801384	-273.1499938964844	9.00078013282352	-273.1499938964844	193
DATA	2025-08-22T000000_AIU-0547.ghg	2025-08-22	00:30:00	234.02	0	18000	18000	0.03060014300460511	1	NaN	22.69906924693411	1	NaN	NaN	NaN	NaN	NaN	NaN	NaN	NaN	NaN	NaN	NaN	NaN	NaN	NaN	NaN	NaN	NaN	NaN	NaN	NaN	NaN	NaN	NaN	NaN	NaN	NaN	NaN	NaN	NaN	NaN	0	NaN	NaN	NaN	NaN	0	NaN	NaN	NaN	NaN	0	NaN	NaN	NaN	NaN	9	299.51832446628146	299.51832446628146	95218.26447343442	1.1075273058290334	1005.7280303978836	0.026152496723014944	NaN	NaN	NaN	3425.3681633962547	NaN	NaN	NaN	NaN	-0.2924258467518384	0.17756937267080705	0.2368928699501253	0.4161273720779222	9.677337826833153e-15	-3.444956889198103e-16	0.4161273720779222	1.6943490040503548	183.267326113194	148.732673886806	34.70001304409344	NaN	0.16622047032211534	0.12107750223487704	-17.019116309951425	-0.1703966261928835	NaN	0.12259945682595096	1	2.2621081333360324	1	2	3	5	9	25	0.029849783452255415	1.0251378558089004	22.192543019440375	1.0228241633710036	NaN	1	NaN	1	NaN	1	NaN	1	NaN	NaN	800009909	800009919	800009909	800009919	800009909	800009909	899999999	899999999	89999	89999	89	89	0	3	0	18	0	0	0	NaN	0	0	0	0	0	0	0	0	0	NaN	NaN	NaN	NaN	0	10771	0	0	0	0	0	0	17010	0	0	0	18000	18000	18000	18000	6	NaN	0.039582807075893116	0.1568013987558672	0.04577079863799373	0.06022038577564412	NaN	NaN	NaN	NaN	0.01992379541336045	NaN	NaN	NaN	NaN	NaN	NaN	95632.56954947917	11.656697549608019	NaN	0	0	0	0	0.0002873627668595872	-1	0	3.272940872033489	28.572745262773154	1.0000850377281507	-325.63749610053117	9.000648724052642	-273.1499938964844	239
DATA	2025-08-22T003000_AIU-0547.ghg	2025-08-22	01:00:00	234.041	0	18000	18000	0.08503544088178606	1	NaN	40.48799382048313	1	NaN	NaN	NaN	NaN	NaN	NaN	NaN	NaN	NaN	NaN	-0.014493386595783692	1	NaN	NaN	NaN	NaN	NaN	NaN	NaN	NaN	NaN	NaN	NaN	NaN	2.6594841044316858e-14	NaN	NaN	NaN	NaN	NaN	0	NaN	NaN	NaN	NaN	0	0.086795623380454	2.226299965832265	2.226299965832265	0.5	0	NaN	NaN	NaN	NaN	9	298.89311038631854	293.8573706652998	95249.07254282362	1.1292282797667583	1005.570998341092	0.02564991043469616	NaN	NaN	NaN	NaN	NaN	NaN	NaN	NaN	-0.48661737092624424	0.2825671494433986	0.24100202570336923	0.6121459270671462	1.3471956592816086e-14	3.064076275798245e-16	0.6121459270671462	3.1929948152646426	182.14271760012852	149.85728239987148	23.18493876590898	NaN	0.2744157986592852	0.1900454974681261	-42.93634858804488	-0.06754184031400078	NaN	0.12993395617016043	0	71.88273753320277	-10.908482746039812	24.675017673089826	61.44428289040228	93.70640830916035	131.4245700339713	196.8979546031128	0.08348094177121596	1.018621005915701	39.74911916187197	1.0185884536359715	NaN	1	NaN	1	NaN	1	-0.012575368894503391	1.1525217842411488	NaN	NaN	800009909	800009909	800009909	800009919	800009919	810009919	899999999	899999999	89999	89999	89	89	24	29	0	21	0	0	7	NaN	0	0	0	0	0	0	0	0	0	NaN	NaN	NaN	NaN	0	121	0	0	0	0	101	0	15714	0	0	11	18000	18000	18000	18000	6	NaN	0.14019535406168265	0.14866436272134362	0.09123127815322594	0.0882575485075053	NaN	NaN	2.840271691623002e-7	NaN	0.035005237128024655	NaN	NaN	-0.000012575368894503392	NaN	NaN	NaN	95643.94335416667	11.649999618530273	NaN	0	0	0	0	0.0002875635985724835	-1	0	2.0959614845187007	74.26214218325063	1.0000633550418747	-515.0770040554538	9.000486756470469	-402.9556243472642	037
DATA	2025-08-22T010000_AIU-0547.ghg	2025-08-22	01:30:00	234.062	0	18000	18000	0.11442257910886498	1	NaN	24.826338428242966	0	NaN	NaN	NaN	NaN	NaN	NaN	NaN	NaN	NaN	NaN	-0.0026334849993279175	2	NaN	NaN	NaN	NaN	NaN	NaN	NaN	NaN	NaN	NaN	NaN	NaN	-1.2855908698159923e-12	NaN	NaN	NaN	NaN	NaN	0	NaN	NaN	NaN	NaN	0	0.087153613212336	2.2317681816685635	2.2317681816685635	0.4	0	NaN	NaN	NaN	NaN	9	298.3165783403185	293.3728006032308	95250.26270377604	1.1311075833043436	1005.5584418442721	0.025607293827637566	NaN	NaN	NaN	NaN	NaN	NaN	NaN	NaN	-0.6595322131867544	0.21361245133319565	0.25492435126753843	0.7386470364556565	5.349523812214626e-14	-1.4750861409312468e-14	0.7386470364556565	3.575349462427246	169.94635009862148	162.05364990137852	20.189326645922225	NaN	0.31805623179613735	0.28028958215500965	-109.02385680803128	-0.026599682719960153	NaN	0.06862739778960888	0	69.81515826136129	-10.594719614765987	23.96528461583616	59.67694722627736	91.01110990918995	127.64437570445783	191.2345346559059	0.11260217776820473	1.0161666619308873	24.410632010561628	1.017029727763766	NaN	1	NaN	1	NaN	1	-0.0022889595624211363	1.1505161744938652	NaN	NaN	800009909	800009909	800009909	800009909	800009919	811009919	899999999	899999999	89999	89999	89	89	26	52	2	18	0	0	1	NaN	0	0	0	0	0	0	0	0	0	NaN	NaN	NaN	NaN	0	0	0	0	0	0	0	0	17802	17998	0	0	18000	18000	18000	18000	6	NaN	0.214343765111901	0.21440348463124517	0.13183191456687318	0.039485223415628656	NaN	NaN	1.303151485623463e-7	NaN	0.02146188153902969	NaN	NaN	-0.0000022889595624211364	NaN	NaN	NaN	95643.21566427952	11.643365099430085	NaN	0	0	0	0	0.0002873109346805398	-1	0	2.099122629271614	76.29935909186486	1.0000765011757613	-393.14449893527035	9.000580988561666	-305.9344952731694	130
DATA	2025-08-22T013000_AIU-0547.ghg	2025-08-22	02:00:00	234.083	0	18000	18000	0.07959444037322129	1	NaN	35.3734328311754	0	NaN	NaN	NaN	NaN	NaN	NaN	NaN	NaN	NaN	NaN	-0.0191992115955868	0	NaN	NaN	NaN	NaN	NaN	NaN	NaN	NaN	NaN	NaN	NaN	NaN	-1.126809910998684e-12	NaN	NaN	NaN	NaN	NaN	0	NaN	NaN	NaN	NaN	0	0.08694004205421171	2.226351563974192	2.226351563974192	0.1	0	NaN	NaN	NaN	NaN	9	298.20506329600016	293.37549513452245	95248.89732806337	1.1310809807127489	1005.5585112807541	0.025607896101383802	NaN	NaN	NaN	NaN	NaN	NaN	NaN	NaN	-0.5151591977694773	0.1600624613963017	0.23926465511380404	0.5901326679497322	-2.965588726749285e-14	-1.2960770254701031e-14	0.5901326679497322	2.515073660419376	169.26027305801142	162.73972694198858	23.91883722757965	NaN	0.26527389669197277	0.16947815884919143	-44.39401378114734	-0.06532412262374737	NaN	0.11724157531376929	0	69.19219335663735	-10.500182287060143	23.751440923159908	59.144446195428756	90.19901223834965	126.50539717415657	189.52813726845233	0.0780988828382439	1.019149538131998	34.71631490988714	1.0189282164018254	NaN	1	NaN	1	NaN	1	-0.016651862873576236	1.152976801535688	NaN	NaN	800009909	800009909	800009909	800009919	800009919	800009919	899999999	899999999	89999	89999	89	89	24	14	1	20	0	0	16	NaN	0	0	0	0	0	0	0	0	0	NaN	NaN	NaN	NaN	0	1	0	0	0	0	0	0	16173	18000	0	0	18000	18000	18000	18000	6	NaN	0.11886407752149611	0.12630724782478117	0.09378499235210555	0.04227832521741529	NaN	NaN	1.7833047622965035e-8	NaN	0.03052337646278696	NaN	NaN	-0.000016651862873576234	NaN	NaN	NaN	95645.69793250869	11.640000343322754	NaN	0	0	0	0	0.0002872770981468623	-1	0	2.0939806431868564	80.06931521474978	1.000059980041451	-273.1499938964844	9.000655632919736	-273.1499938964844	038
DATA	2025-08-22T020000_AIU-0547.ghg	2025-08-22	02:30:00	234.104	0	18000	18000	0.13619424906544472	1	NaN	42.82061864448494	0	NaN	NaN	NaN	NaN	NaN	NaN	NaN	NaN	NaN	NaN	-0.013467538844612964	1	NaN	NaN	NaN	NaN	NaN	NaN	NaN	NaN	NaN	NaN	NaN	NaN	1.1503712907051096e-12	NaN	NaN	NaN	NaN	NaN	0	NaN	NaN	NaN	NaN	0	0.08714132203658423	2.230247302100905	2.230247302100905	0	0	NaN	NaN	NaN	NaN	9	297.8349059973823	293.18908197191024	95242.09405815972	1.1317192954538158	1005.5537177041195	0.025593452680974797	NaN	NaN	NaN	NaN	NaN	NaN	NaN	NaN	-0.3633791548492629	0.11689480191755065	0.2874268563990163	0.47783156307818747	2.598111152196247e-14	1.3201214576732648e-14	0.47783156307818747	2.672763212612541	169.8323727786789	162.16762722132114	36.97907971448634	NaN	0.34690457266624775	0.24691449755109202	-82.01078831356456	-0.03536120136916597	NaN	0.10846732165419694	0	67.96662062823204	-10.31419689723479	23.330741464975116	58.09684506042586	88.60135440781038	124.26465935025787	186.17110369236042	0.13319058358570904	1.0225516353999815	41.934421719182296	1.021132923478405	NaN	1	NaN	1	NaN	1	-0.011649822101275655	1.1560295708840282	NaN	NaN	800009909	800009909	800009909	800009909	800009919	800019919	899999999	899999999	89999	89999	89	89	10	21	0	25	0	0	0	NaN	0	0	0	0	0	0	0	0	0	NaN	NaN	NaN	NaN	0	0	0	0	0	0	0	0	15055	603	0	0	18000	18000	18000	18000	6	NaN	0.12948072857205162	0.19663480814384454	0.16771345838628784	0.060972275348398414	NaN	NaN	1.7862994267930478e-8	NaN	0.03684908105648538	NaN	NaN	-0.000011649822101275655	NaN	NaN	NaN	95635.51426367188	11.620203111094604	NaN	0	0	0	0	0.0002871361627767328	-1	0	2.0970742710232733	81.66236890972989	1.0000700106538005	-273.1499938964844	9.000733248551686	-273.1499938964844	166
DATA	2025-08-22T023000_AIU-0547.ghg	2025-08-22	03:00:00	234.124	0	18000	18000	0.040406682091701535	1	NaN	28.68363535499219	0	NaN	NaN	NaN	NaN	NaN	NaN	NaN	NaN	NaN	NaN	NaN	NaN	NaN	NaN	NaN	NaN	NaN	NaN	NaN	NaN	NaN	NaN	NaN	NaN	NaN	NaN	NaN	NaN	NaN	NaN	0	NaN	NaN	NaN	NaN	0	NaN	NaN	NaN	NaN	0	NaN	NaN	NaN	NaN	9	297.50715077548557	297.50715077548557	95199.68711236304	1.1147967422539138	1005.6700594071814	0.025981959884258603	NaN	NaN	NaN	3039.5167546356806	NaN	NaN	NaN	NaN	-0.5322862818999069	0.43773207473570214	0.15744067513102192	0.7069127395492272	2.0134930139002357e-14	-1.3977068351477148e-14	0.7069127395492272	2.372134137876848	191.4325842442339	140.5674157557661	12.868598475954602	NaN	0.19038325596216754	0.14075920274226972	-20.232896226255043	-0.14333093826858262	NaN	0.1343860631404201	1	4.83482216306951	2	4	7	11	20	53	0.03974284590189212	1.0167032877174458	28.193977032782477	1.0173674796443355	NaN	1	NaN	1	NaN	1	NaN	1	NaN	NaN	800009909	800009909	800009909	800009919	800009909	800009919	899999999	899999999	89999	89999	89	89	6	15	0	17	0	0	0	NaN	0	0	0	0	0	0	0	0	0	NaN	NaN	NaN	NaN	0	4433	0	0	0	0	0	0	14015	0	0	0	18000	18000	18000	18000	6	NaN	0.09427489167209384	0.14097318582431362	0.04627032798813198	0.05337893650472312	NaN	NaN	NaN	NaN	0.02514809719055979	NaN	NaN	NaN	NaN	NaN	NaN	95642.30369444445	11.636511059655087	NaN	0	0	0	0	0.00028727261014864784	-1	0	2.776176335295156	61.855693092249616	1.0000802905211845	-325.2741210852577	9.000641855955124	-297.4557449171217	103
DATA	2025-08-22T030000_AIU-0547.ghg	2025-08-22	03:30:00	234.145	0	18000	18000	0.08552883049704359	1	NaN	25.679586381381483	0	NaN	NaN	NaN	NaN	NaN	NaN	NaN	NaN	NaN	NaN	NaN	NaN	NaN	NaN	NaN	NaN	NaN	NaN	NaN	NaN	NaN	NaN	NaN	NaN	NaN	NaN	NaN	NaN	NaN	NaN	0	NaN	NaN	NaN	NaN	0	NaN	NaN	NaN	NaN	0	NaN	NaN	NaN	NaN	9	297.15886010826955	297.15886010826955	95222.90938011286	1.1163756144110306	1005.6602644040145	0.025945214014392728	NaN	NaN	NaN	2976.7002180918294	NaN	NaN	NaN	NaN	-0.6619412355203564	0.42312740977412044	0.24982725236348569	0.8243886584662867	-3.51473665466875e-15	1.2245180299782541e-14	0.8243886584662867	3.4711898661694276	184.58760923474838	147.41239076525162	17.640613559737886	NaN	0.2767904464143349	0.25519229920240144	-69.46126080446109	-0.0417498900309876	NaN	0.08263714341469756	0	69.83936678717059	-10.598393351954638	23.97359461935972	59.69764031003059	91.04266816756875	127.68863661055052	191.3008455586258	0.08427173801990254	1.0149171300684954	25.268891862267505	1.0162529691192055	NaN	1	NaN	1	NaN	1	NaN	1	NaN	NaN	800009909	800009919	800009909	800009919	800009919	810019919	899999999	899999999	89999	89999	89	89	28	10	2	30	0	0	0	NaN	0	0	0	0	0	0	0	0	0	NaN	NaN	NaN	NaN	0	17151	0	0	0	0	101	0	17207	0	0	16	18000	18000	18000	18000	6	NaN	0.20169105903296194	0.20893765634482045	0.09975588302702047	0.04791850065720991	NaN	NaN	NaN	NaN	0.022507360382901426	NaN	NaN	NaN	NaN	NaN	NaN	95650.21380859375	11.670000076293945	NaN	0	0	0	0	0.00028631571200740945	-1	0	7.298158687401021	2.7054030381699294	1.0000852348870701	-273.1499938964844	9.000818781958685	-273.1499938964844	125
DATA	2025-08-22T033000_AIU-0547.ghg	2025-08-22	04:00:00	234.166	0	18000	18000	0.04168895069729022	1	NaN	32.72300708937317	0	NaN	NaN	NaN	NaN	NaN	NaN	NaN	NaN	NaN	NaN	-0.01793834834019419	1	NaN	NaN	NaN	NaN	NaN	NaN	NaN	NaN	NaN	NaN	NaN	NaN	-2.6027424247615507e-13	NaN	NaN	NaN	NaN	NaN	0	NaN	NaN	NaN	NaN	0	0.08804200283465731	2.24732674968627	2.24732674968627	0.4	0	NaN	NaN	NaN	NaN	9	296.90915520477296	292.5158294986371	95275.90561048989	1.134726745292765	1005.536577202196	0.02552562046897939	NaN	NaN	NaN	NaN	NaN	NaN	NaN	NaN	-0.5498361622038794	0.48375280693906836	0.17506694343577123	0.752984075643333	7.73437507403971e-15	-2.956250813205028e-15	0.752984075643333	3.2701706792490897	193.34172684878519	138.65827315121484	13.444156951997023	NaN	0.19167471954098111	0.19447925554866397	-18.106637774886995	-0.16016225850732793	NaN	0.1496232919630841	1	5.297611130383333	2	4	8	12	21	56	0.04103490557873769	1.0159387504206034	32.17959620326374	1.0168868149456243	NaN	1	NaN	1	NaN	1	-0.015593925740220288	1.1503420395242168	NaN	NaN	800009909	800009909	800009909	800009919	800009919	811019919	899999999	899999999	89999	89999	89	89	44	10	0	40	0	0	0	NaN	0	0	0	0	0	0	0	0	0	NaN	NaN	NaN	NaN	0	19	0	0	0	0	101	0	16910	0	0	11	18000	18000	18000	18000	6	NaN	0.14109201884236103	0.17939311894798132	0.06847337330698557	0.046907309737944256	NaN	NaN	1.9729853526260746e-7	NaN	0.02820274793842816	NaN	NaN	-0.00001559392574022029	NaN	NaN	NaN	95673.06344900174	11.636827727529734	NaN	0	0	0	0	0.0002861567308072053	-1	0	2.1144395377334035	62.32923874753788	1.0000878281013834	-273.1499938964844	9.000861897786459	-273.1499938964844	243
DATA	2025-08-22T040000_AIU-0547.ghg	2025-08-22	04:30:00	234.187	0	18000	18000	0.06562563670540078	1	NaN	20.66433309272538	0	NaN	NaN	NaN	NaN	NaN	NaN	NaN	NaN	NaN	NaN	NaN	NaN	NaN	NaN	NaN	NaN	NaN	NaN	NaN	NaN	NaN	NaN	NaN	NaN	NaN	NaN	NaN	NaN	NaN	NaN	0	NaN	NaN	NaN	NaN	0	NaN	NaN	NaN	NaN	0	NaN	NaN	NaN	NaN	9	296.7461038860745	296.7461038860745	95163.70378890174	1.1172333458745098	1005.6487498104323	0.025925295143846103	NaN	NaN	NaN	2903.7264083389896	NaN	NaN	NaN	NaN	-0.6872006324516383	0.3033343808100071	0.18396269508802157	0.7733684303146683	-1.4020851890856944e-14	2.000090778268934e-15	0.7733684303146683	2.7872762643762727	175.8169439221568	156.1830560778432	13.760978029458151	NaN	0.24236216325513	0.16449951174594632	-57.92321162145556	-0.05006628463477325	NaN	0.07588682202514639	0	73.40801268674487	-11.13994913513903	25.198595275467472	62.748065150734995	95.69475851988535	134.21325947620596	201.07591955333007	0.06461580155070347	1.0156283003609403	20.32504358339255	1.0166931749957013	NaN	1	NaN	1	NaN	1	NaN	1	NaN	NaN	800009909	800009919	800009909	800009919	800009909	801009909	899999999	899999999	89999	89999	89	89	14	39	0	17	0	0	0	NaN	0	0	0	0	0	0	0	0	0	NaN	NaN	NaN	NaN	0	14835	0	0	0	0	0	0	17305	0	0	0	18000	18000	18000	18000	6	NaN	0.15107974960636933	0.11039529414201328	0.06752397974351006	0.03698618371939307	NaN	NaN	NaN	NaN	0.018090112927776156	NaN	NaN	NaN	NaN	NaN	NaN	95659.53950998264	11.619999885559082	NaN	0	0	0	0	0.0002869093410360317	-1	0	16.997163569664117	6.376978298325362	1.000101432926125	-273.1499938964844	9.000943974203533	-273.1499938964844	081
DATA	2025-08-22T043000_AIU-0547.ghg	2025-08-22	05:00:00	234.208	0	18000	18000	0.11885957640950116	1	NaN	20.593261515510576	0	NaN	NaN	NaN	NaN	NaN	NaN	NaN	NaN	NaN	NaN	NaN	NaN	NaN	NaN	NaN	NaN	NaN	NaN	NaN	NaN	NaN	NaN	NaN	NaN	NaN	NaN	NaN	NaN	NaN	NaN	0	NaN	NaN	NaN	NaN	0	NaN	NaN	NaN	NaN	0	NaN	NaN	NaN	NaN	9	297.61333637830967	297.61333637830967	95163.70378890174	1.113977775842798	1005.6730600181007	0.02600106112029903	NaN	NaN	NaN	3058.896684646349	NaN	NaN	NaN	NaN	-0.6462897605445362	0.31111084205638023	0.25389040599529267	0.7608815603536341	-3.7958513986088746e-14	3.60103937649643e-15	0.7608815603536341	3.5802284797618955	177.70522454728606	154.29477545271394	19.492245227587343	NaN	0.32664711424452236	0.26311006965604045	-142.29885575439698	-0.02037964384622531	NaN	0.056274671156521905	0	75.34657769678081	-11.43413385444366	25.864041911538838	64.40512136430874	98.22187379955	137.75757458815053	206.38594944979766	0.11700890070665644	1.0158165378160795	20.252802313890705	1.0168104737479398	NaN	1	NaN	1	NaN	1	NaN	1	NaN	NaN	800009909	800009919	800009909	800009919	800009919	811009919	899999999	899999999	89999	89999	89	89	30	62	1	14	0	0	0	NaN	0	0	0	0	0	0	0	0	0	NaN	NaN	NaN	NaN	0	17752	0	0	0	0	101	0	17901	0	0	21	18000	18000	18000	18000	6	NaN	0.2042545630823678	0.20704815238565602	0.11491742384405709	0.6358559446986048	NaN	NaN	NaN	NaN	0.018078058215295387	NaN	NaN	NaN	NaN	NaN	NaN	95670.35858333333	11.659535490386846	NaN	0	0	0	0	0.0002862281946840489	-1	0	17.518486763465628	0.6058557312077458	1.0001099602778754	-273.1499938964844	9.000928337653479	-273.1499938964844	012
DATA	2025-08-22T050000_AIU-0547.ghg	2025-08-22	05:30:00	234.229	0	18000	18000	0.05500252063710074	1	NaN	22.22330191064496	0	NaN	NaN	NaN	NaN	NaN	NaN	NaN	NaN	NaN	NaN	NaN	NaN	NaN	NaN	NaN	NaN	NaN	NaN	NaN	NaN	NaN	NaN	NaN	NaN	NaN	NaN	NaN	NaN	NaN	NaN	0	NaN	NaN	NaN	NaN	0	NaN	NaN	NaN	NaN	0	NaN	NaN	NaN	NaN	9	299.04647120496963	299.04647120496963	95130.0542832519	1.108247196025275	1005.7142135699726	0.026135508702593454	NaN	NaN	NaN	3331.2038080153015	NaN	NaN	NaN	NaN	-0.4602527618249448	0.4700166688038816	0.29587576677418786	0.7213118209798003	-1.794711331023669e-14	-3.0153776963357e-15	0.7213118209798003	2.7281641088382775	197.60134204330552	134.39865795669448	24.21684671727972	NaN	0.2227783462598778	0.21455516756130794	-41.8223577838411	-0.06934090170115834	NaN	0.08950027741399624	0	61.70925058685322	-9.364616852367432	21.182788817974618	52.7481392630873	80.44424058381179	112.82419122880093	169.03119772017632	0.05411215195435493	1.0164541355423613	21.847300601248058	1.017210424127886	NaN	1	NaN	1	NaN	1	NaN	1	NaN	NaN	800009909	800009919	800009909	800009919	800009919	810009919	899999999	899999999	89999	89999	89	89	55	16	0	30	0	0	0	NaN	0	0	0	0	0	0	0	0	0	NaN	NaN	NaN	NaN	0	17405	0	0	0	0	301	151	17802	0	0	16	18000	18000	18000	18000	6	NaN	0.13745948626305776	0.20359517830169624	0.08805567055786188	0.05851460910758222	NaN	NaN	NaN	NaN	0.01960137580106398	NaN	NaN	NaN	NaN	NaN	NaN	95698.55843880208	11.65999984741211	NaN	0	0	0	0	0.0002858420889339565	-1	0	6.2856605680957625	1.8251282285084638	1.0001303752627637	-273.1499938964844	9.001071734110514	-273.1499938964844	137
DATA	2025-08-22T053000_AIU-0547.ghg	2025-08-22	06:00:00	234.249	1	18000	18000	0.08784310984302485	1	NaN	48.8730921410171	1	NaN	NaN	NaN	NaN	NaN	NaN	NaN	NaN	NaN	NaN	NaN	NaN	NaN	NaN	NaN	NaN	NaN	NaN	NaN	NaN	NaN	NaN	NaN	NaN	NaN	NaN	NaN	NaN	NaN	NaN	0	NaN	NaN	NaN	NaN	0	NaN	NaN	NaN	NaN	0	NaN	NaN	NaN	NaN	9	300.0987465387981	300.0987465387981	95152.09916678468	1.1046171227118038	1005.7452079012979	0.026221397116528558	NaN	NaN	NaN	3544.373802799185	NaN	NaN	NaN	NaN	-0.5727645839259827	0.25740634810067864	0.2571652377790914	0.6785655872238072	-1.1649654921371998e-14	2.1112234268772505e-15	0.6785655872238072	2.7936123884210584	176.19964526652961	155.80035473347039	22.270739500724385	NaN	0.28199925807206017	0.17264994587943167	-38.57957910891202	-0.07516930114279265	NaN	0.15599910566020175	0	72.3048657221849	-10.972542327298829	24.81992062031874	61.805111717321275	94.25669503714279	132.19635499431132	198.05422911133542	0.08635577379842731	1.0172233537976199	48.02324243097102	1.0176966332764321	NaN	1	NaN	1	NaN	1	NaN	1	NaN	NaN	800009909	800009919	800009909	800009919	800009919	811009919	899999999	899999999	89999	89999	89	89	27	32	2	18	0	0	0	NaN	0	0	0	0	0	0	0	0	0	NaN	NaN	NaN	NaN	0	17232	0	0	0	0	101	0	17305	0	0	16	18000	18000	18000	18000	6	NaN	0.13865425413190652	0.11170236894215674	0.09494326868480008	0.5759416357425907	NaN	NaN	NaN	NaN	0.04322666560707053	NaN	NaN	NaN	NaN	NaN	NaN	95725.99251649306	11.65999984741211	NaN	0	0	0	0	0.0002856471798828958	-1	0	18.616302478847036	1.1896188180521892	1.0001337055166561	-273.1499938964844	9.001094465441174	-273.1499938964844	133
DATA	2025-08-22T060000_AIU-0547.ghg	2025-08-22	06:30:00	234.27	1	18000	18000	0.13467111428725684	1	NaN	19.872226479574497	2	NaN	NaN	NaN	NaN	NaN	NaN	NaN	NaN	NaN	NaN	NaN	NaN	NaN	NaN	NaN	NaN	NaN	NaN	NaN	NaN	NaN	NaN	NaN	NaN	NaN	NaN	NaN	NaN	NaN	NaN	0	NaN	NaN	NaN	NaN	0	NaN	NaN	NaN	NaN	0	NaN	NaN	NaN	NaN	9	301.7101716410318	301.7101716410318	95152.09916678468	1.0987173953336602	1005.7939477232006	0.026362196830011366	NaN	NaN	NaN	3893.845824366387	NaN	NaN	NaN	NaN	-0.590005335058553	0.6095061256849895	0.30087859961498115	0.9000732994325005	3.631228812769653e-14	1.747087751920773e-14	0.9000732994325005	4.216993112789623	197.93139133497593	134.06860866502407	19.528902713596743	NaN	0.35010170559398535	0.45758344870090534	-181.56854060977156	-0.015971929885324688	NaN	0.05136381618520277	0	69.38938745535381	-10.530107252320068	23.819131276057362	59.31300474511192	90.45607466202189	126.86593087844233	190.06828245531503	0.1328106830305584	1.0140081446329914	19.565067433140346	1.0156993604792728	NaN	1	NaN	1	NaN	1	NaN	1	NaN	NaN	800009909	800009919	800009909	800009919	800009919	811009919	899999999	899999999	89999	89999	89	89	9	37	0	25	0	0	0	NaN	0	0	0	0	0	0	0	0	0	NaN	NaN	NaN	NaN	0	17843	0	0	0	0	101	0	17406	0	0	16	18000	18000	18000	18000	6	NaN	0.3385443324111681	0.4144255428203682	0.16219702217027435	0.27194526286668935	NaN	NaN	NaN	NaN	0.017704608619395115	NaN	NaN	NaN	NaN	NaN	NaN	95745.90836393229	11.666634443706936	NaN	0	0	0	0	0.0002855004440126423	-1	0	12.373723122549858	0.5349549791915852	1.0001387863987021	-273.1499938964844	9.001067351049848	-273.1499938964844	226
DATA	2025-08-22T063000_AIU-0547.ghg	2025-08-22	07:00:00	234.291	1	18000	18000	0.14444875006318947	1	NaN	20.37320665844791	0	NaN	NaN	NaN	NaN	NaN	NaN	NaN	NaN	NaN	NaN	NaN	NaN	NaN	NaN	NaN	NaN	NaN	NaN	NaN	NaN	NaN	NaN	NaN	NaN	NaN	NaN	NaN	NaN	NaN	NaN	0	NaN	NaN	NaN	NaN	0	NaN	NaN	NaN	NaN	0	NaN	NaN	NaN	NaN	9	303.3693609059652	303.3693609059652	95177.63120363244	1.0930014894866724	1005.8457453691607	0.026500059254216182	NaN	NaN	NaN	4284.635481799952	NaN	NaN	NaN	NaN	-0.6494241284891518	0.6531409733925376	0.27809582981755343	0.962123755215497	1.380258407791121e-14	-5.416332410828487e-15	0.962123755215497	4.04757299945286	197.16349198037517	134.83650801962483	16.800713630507154	NaN	0.3635352406503323	0.4101999917874238	-198.33080360571034	-0.014622035242519952	NaN	0.05097541103099304	0	70.32580314523553	-10.672211945974471	24.140572480025384	60.11343879265395	91.67678708887722	128.5779974140125	192.63327010496883	0.14254316231319883	1.0133684963842997	20.065835671547458	1.015318125391423	NaN	1	NaN	1	NaN	1	NaN	1	NaN	NaN	800009909	800009919	800009909	800009919	800009919	811009919	899999999	899999999	89999	89999	89	89	36	51	2	12	0	0	0	NaN	0	0	0	0	0	0	0	0	0	NaN	NaN	NaN	NaN	0	17656	0	0	0	0	101	0	18000	0	0	16	18000	18000	18000	18000	6	NaN	0.29067049462320976	0.3606101234618028	0.16911936548983494	0.18318204673664587	NaN	NaN	NaN	NaN	0.018251775333231145	NaN	NaN	NaN	NaN	NaN	NaN	95789.08494422743	11.670000076293945	NaN	0	0	0	0	0.0002846649431190194	-1	0	16.6503181705406	0.7522162215896664	1.000127671746744	-323.25537100050235	9.000986364709007	-273.1499938964844	198
DATA	2025-08-22T070000_AIU-0547.ghg	2025-08-22	07:30:00	234.312	1	18000	18000	0.15056261679053548	1	NaN	15.537980257129012	1	NaN	NaN	NaN	NaN	NaN	NaN	NaN	NaN	NaN	NaN	NaN	NaN	NaN	NaN	NaN	NaN	NaN	NaN	NaN	NaN	NaN	NaN	NaN	NaN	NaN	NaN	NaN	NaN	NaN	NaN	0	NaN	NaN	NaN	NaN	0	NaN	NaN	NaN	NaN	0	NaN	NaN	NaN	NaN	9	304.2346609429254	304.2346609429254	95177.63120363244	1.0898927896879083	1005.8734082247139	0.026575645339058908	NaN	NaN	NaN	4501.643747057386	NaN	NaN	NaN	NaN	-0.7323405549797548	0.4572795559803892	0.2243268780490068	0.8920481091291361	-6.205846907449387e-14	-2.8505039177827307e-15	0.8920481091291361	5.336465179122347	183.98099979266584	148.01900020733416	14.564751195371764	NaN	0.37167785609802656	0.480597633561164	-277.92489560562365	-0.010434473650446592	NaN	0.038132982257494195	0	70.57847114389023	-10.7105552895697	24.2273052276388	60.32941559764861	92.00616534381165	129.03995509987828	193.32536689810772	0.14846959956104058	1.0140972780669109	15.297005301879233	1.0157530804555697	NaN	1	NaN	1	NaN	1	NaN	1	NaN	NaN	800009909	800009919	800009909	800009919	800009919	800009919	899999999	899999999	89999	89999	89	89	43	67	3	23	0	0	0	NaN	0	0	0	0	0	0	0	0	0	NaN	NaN	NaN	NaN	0	17817	0	0	0	0	101	0	18000	0	0	16	18000	18000	18000	18000	6	NaN	0.3093832889142705	0.47660967292455936	0.175202305283498	0.16007451236358383	NaN	NaN	NaN	NaN	0.01395337643055219	NaN	NaN	NaN	NaN	NaN	NaN	95813.91450607638	11.650229575168296	NaN	0	0	0	0	0.0002848202945735668	-1	0	5.851107769611265	0.3039966655930861	1.00007815143466	-456.04875157674036	9.000602909988828	-273.1499938964844	209
DATA	2025-08-22T073000_AIU-0547.ghg	2025-08-22	08:00:00	234.333	1	18000	18000	0.1440757878079309	1	NaN	8.307069345835263	1	NaN	NaN	NaN	NaN	NaN	NaN	NaN	NaN	NaN	NaN	NaN	NaN	NaN	NaN	NaN	NaN	NaN	NaN	NaN	NaN	NaN	NaN	NaN	NaN	NaN	NaN	NaN	NaN	NaN	NaN	0	NaN	NaN	NaN	NaN	0	NaN	NaN	NaN	NaN	0	NaN	NaN	NaN	NaN	9	304.34588123067226	304.34588123067226	95133.53471475757	1.0889897280787413	1005.8769961218385	0.026597683604825548	NaN	NaN	NaN	4530.21743407881	NaN	NaN	NaN	NaN	-0.7464891151089807	0.5372155700283117	0.25276301076273755	0.9538006643250205	-2.7145395568364783e-14	1.2095955171900455e-14	0.9538006643250205	3.449150563958772	187.74091461660467	144.25908538339533	15.367316290922512	NaN	0.3637337581771076	0.3435434776181194	-487.0603747967326	-0.005954087316608894	NaN	0.020849496261590317	0	75.3307452591869	-11.431731220956847	25.858607148049792	64.39158803478138	98.20123461811899	137.72862784273187	206.34258195037285	0.14216376897446548	1.0134494101222713	8.181355491058767	1.0153658956530964	NaN	1	NaN	1	NaN	1	NaN	1	NaN	NaN	800009909	800009919	800009909	800009919	800009909	800009919	899999999	899999999	89999	89999	89	89	41	83	5	53	0	0	0	NaN	0	0	0	0	0	0	0	0	0	NaN	NaN	NaN	NaN	0	10999	0	0	0	0	101	0	17901	0	0	21	18000	18000	18000	18000	6	NaN	0.25603262560742285	0.2884858174111098	0.1425685122177062	0.12402126221405367	NaN	NaN	NaN	NaN	0.00746889930397937	NaN	NaN	NaN	NaN	NaN	NaN	95840.6525546875	11.656604214138454	NaN	0	0	0	0	0.00028448135962955547	-1	0	2.864837057307476	11.246043565160432	1.0001510230816073	-285.66624442206637	9.001113411823908	-273.1499938964844	056
DATA	2025-08-22T080000_AIU-0547.ghg	2025-08-22	08:30:00	234.354	1	18000	18000	0.12422707802823404	1	NaN	42.672819997212784	0	NaN	NaN	NaN	NaN	NaN	NaN	NaN	NaN	NaN	NaN	0.007126633512825503	2	NaN	NaN	NaN	NaN	NaN	NaN	NaN	NaN	NaN	NaN	NaN	NaN	-3.731842323736505e-14	NaN	NaN	NaN	NaN	NaN	0	NaN	NaN	NaN	NaN	0	0.08812210328534731	2.231169126274348	2.231169126274348	-0.9	0	NaN	NaN	NaN	NaN	9	303.76950530539614	290.7858031675852	95485.0944747699	1.1439840288559138	1005.4937679821151	0.02531906347093897	NaN	NaN	NaN	NaN	NaN	NaN	NaN	NaN	-0.5136790287526712	0.3731697196191458	0.2039724031142822	0.6668781938653651	-4.328661075414519e-15	-4.2348538954551095e-16	0.6668781938653651	5.50888341848824	187.9970840787242	144.00291592127584	17.810004777038102	NaN	0.3295324251061731	0.4098645412334233	-70.66448902440037	-0.04103900049427419	NaN	0.11257808188190847	0	74.4636236764786	-11.300142175404387	25.560952368720308	63.65038554783253	97.07085405845518	136.1432530352967	203.96740159572076	0.12209648072709461	1.0174501123083282	41.9248553277171	1.017840602278744	NaN	1	NaN	1	NaN	1	0.006188790319508412	1.151539015687897	NaN	NaN	800009909	800009909	800009909	800009919	800009919	811009919	899999999	899999999	89999	89999	89	89	36	71	6	50	0	0	2	NaN	0	0	0	0	0	0	0	0	0	NaN	NaN	NaN	NaN	0	0	0	0	0	0	101	0	16805	0	0	16	18000	18000	18000	18000	6	NaN	0.2353151586705854	0.463959445839413	0.12045447795684812	0.2693684279502391	NaN	NaN	1.2019205203491732e-7	NaN	0.03644787627187523	NaN	NaN	0.000006188790319508412	NaN	NaN	NaN	95878.98986848959	11.670000076293945	NaN	0	0	0	0	0.00028450411011645977	-1	0	2.0971243217552855	63.88620960401366	1.000145596495933	-273.1499938964844	9.001068336751725	-273.1499938964844	096
DATA	2025-08-22T083000_AIU-0547.ghg	2025-08-22	09:00:00	234.374	1	18000	18000	0.046906841400717894	0	NaN	17.98766523022101	1	NaN	NaN	NaN	NaN	NaN	NaN	NaN	NaN	NaN	NaN	NaN	NaN	NaN	NaN	NaN	NaN	NaN	NaN	NaN	NaN	NaN	NaN	NaN	NaN	NaN	NaN	NaN	NaN	NaN	NaN	0	NaN	NaN	NaN	NaN	0	NaN	NaN	NaN	NaN	0	NaN	NaN	NaN	NaN	9	303.62883324178057	303.62883324178057	95135.8550731695	1.0915881033116865	1005.8539937351011	0.026534371479928962	NaN	NaN	NaN	4348.7328224590265	NaN	NaN	NaN	NaN	-0.06511966022403796	0.5683516005658409	0.2530899700174789	0.6255546698226305	-8.089191083569282e-14	3.6300401712319184e-15	0.6255546698226305	2.6009250951645275	235.46376045453468	96.5362395454653	23.865117104664275	NaN	0.2072949383761099	0.23433865009310326	-41.63597448317485	-0.06965130601595247	NaN	0.07903006879103354	0	62.930267622098754	-9.549910898179812	21.601924454119676	53.79184626009715	82.03595960820633	115.05659979263972	172.3757525469086	0.046063140487577446	1.0183161830524339	17.662790760729997	1.0183931562057176	NaN	1	NaN	1	NaN	1	NaN	1	NaN	NaN	800009909	800009919	800009909	800009919	800009909	800009919	899999999	899999999	89999	89999	89	89	16	26	7	26	0	0	0	NaN	0	0	0	0	0	0	0	0	0	NaN	NaN	NaN	NaN	0	13976	0	0	0	0	101	0	16607	0	0	16	18000	18000	18000	18000	6	NaN	0.17936285658514223	0.21671797307247154	0.07259647052859274	0.0991499691134773	NaN	NaN	NaN	NaN	0.01608664899215772	NaN	NaN	NaN	NaN	NaN	NaN	95883.56043359375	11.676635228157044	NaN	0	0	0	0	0.0002845894702315693	-1	0	6.960842348337427	10.616659656971104	1.0001500436564286	-273.1499938964844	9.001152732928594	-273.1499938964844	006
DATA	2025-08-22T090000_AIU-0547.ghg	2025-08-22	09:30:00	234.395	1	18000	18000	0.03283792767462391	0	NaN	27.167202247408905	0	NaN	NaN	NaN	NaN	NaN	NaN	NaN	NaN	NaN	NaN	NaN	NaN	NaN	NaN	NaN	NaN	NaN	NaN	NaN	NaN	NaN	NaN	NaN	NaN	NaN	NaN	NaN	NaN	NaN	NaN	0	NaN	NaN	NaN	NaN	0	NaN	NaN	NaN	NaN	0	NaN	NaN	NaN	NaN	9	303.8748334435357	303.8748334435357	95113.81395307605	1.0904517192436853	1005.861850799216	0.026562023540512743	NaN	NaN	NaN	4410.270053030561	NaN	NaN	NaN	NaN	0.35063771499354607	0.7026164281404238	0.26906716836420963	0.8300685473864555	-6.389749540523261e-16	1.6480593948698652e-14	0.8300685473864555	2.7711962794662304	268.5212931001221	63.47870689987793	18.91411869742095	NaN	0.17353402906264295	0.18733037574271658	-16.170297660187057	-0.17934116371525427	NaN	0.14273007272910407	1	7.352422090407694	3	6	10	16	28	73	0.03235763185519574	1.0148433550878369	26.733911167027163	1.0162075454532127	NaN	1	NaN	1	NaN	1	NaN	1	NaN	NaN	800009909	800009909	800009909	800009919	800009909	800009909	899999999	899999999	89999	89999	89	89	3	36	5	27	0	0	0	NaN	0	0	0	0	0	0	0	0	0	NaN	NaN	NaN	NaN	0	7953	0	0	0	0	101	0	16107	0	0	16	18000	18000	18000	18000	6	NaN	0.171010688117795	0.15041087182846366	0.053239191539174495	0.08838672999431016	NaN	NaN	NaN	NaN	0.024373490139791388	NaN	NaN	NaN	NaN	NaN	NaN	95889.22528949653	11.680000305175781	NaN	0	0	0	0	0.0002843949901450994	-1	0	3.539128548832056	20.79680170620839	1.000128564182255	-273.1499938964844	9.001052600834106	-273.1499938964844	227
DATA	2025-08-22T093000_AIU-0547.ghg	2025-08-22	10:00:00	234.416	1	18000	18000	0.1689060599919654	1	NaN	1.1164732202908174	2	NaN	NaN	NaN	NaN	NaN	NaN	NaN	NaN	NaN	NaN	NaN	NaN	NaN	NaN	NaN	NaN	NaN	NaN	NaN	NaN	NaN	NaN	NaN	NaN	NaN	NaN	NaN	NaN	NaN	NaN	0	NaN	NaN	NaN	NaN	0	NaN	NaN	NaN	NaN	0	NaN	NaN	NaN	NaN	9	303.50180434163406	303.50180434163406	95113.81395307605	1.0917919756101309	1005.8499506122325	0.026529416668552585	NaN	NaN	NaN	4317.249565303262	NaN	NaN	NaN	NaN	0.037568660481669354	0.35398257936993455	0.19868116945134828	0.40766319166970444	3.188000408173828e-14	2.3026500426311565e-14	0.40766319166970444	3.4731749401245486	248.0582019391358	83.94179806086419	29.167601380898645	NaN	0.3933260101425218	0.40523118607060554	-4581.561609953122	-0.0006329719529908652	NaN	0.0025847738238031458	0	92.74674812649472	-14.074676847439898	31.836957351350076	79.27852534020373	120.90475331819124	169.5706356333937	254.04771199429914	0.16469825158709778	1.025548591829722	1.0912718938011188	1.0230935357474638	NaN	1	NaN	1	NaN	1	NaN	1	NaN	NaN	800009909	800009919	800009909	800009919	800009909	800009919	899999999	899999999	89999	89999	89	89	11	15	1	24	0	0	0	NaN	0	0	0	0	0	0	0	0	0	NaN	NaN	NaN	NaN	0	9716	0	0	0	0	101	0	16805	0	0	11	18000	18000	18000	18000	6	NaN	0.5477519473073638	0.1635939921810077	0.09911643265283963	0.16824327974569186	NaN	NaN	NaN	NaN	0.0009937104865925658	NaN	NaN	NaN	NaN	NaN	NaN	95914.10996961806	11.670107258295282	NaN	0	0	0	0	0.0002849720317947988	-1	0	2.9887586137033315	18.967392212230425	1.0001103529731432	-273.1499938964844	9.000943739228779	-273.1499938964844	018
DATA	2025-08-22T100000_AIU-0547.ghg	2025-08-22	10:30:00	234.437	1	18000	18000	0.13906300642403538	1	NaN	53.70445898261031	0	NaN	NaN	NaN	NaN	NaN	NaN	NaN	NaN	NaN	NaN	-0.016607403495030117	0	NaN	NaN	NaN	NaN	NaN	NaN	NaN	NaN	NaN	NaN	NaN	NaN	5.751485596499465e-13	NaN	NaN	NaN	NaN	NaN	0	NaN	NaN	NaN	NaN	0	0.08728133876951177	2.2196718104074256	2.2196718104074256	0.3	0	NaN	NaN	NaN	NaN	9	303.4700265892876	292.18305937449134	95520.74143858507	1.13893838846973	1005.5282046416854	0.025431230108294105	NaN	NaN	NaN	NaN	NaN	NaN	NaN	NaN	-0.355501860221885	0.4073551354933207	0.2307910708348277	0.58786418279321	-6.570907527454401e-15	6.589593695036808e-15	0.58786418279321	3.948912734435645	200.88855438438478	131.11144561561522	23.115908976383285	NaN	0.34942638196895576	0.3615122953707493	-66.96462588758666	-0.04330644667332603	NaN	0.13420236404435115	0	77.3420860966398	-11.73695995284294	26.54903537065099	66.11085193104563	100.8232205389556	141.40600037785433	211.85195611299798	0.13644243537197695	1.0192064224367887	52.70492905321275	1.0189646385518971	NaN	1	NaN	1	NaN	1	-0.014403321049089892	1.153025988827729	NaN	NaN	800009909	800009909	800009909	800009909	800009909	800109909	899999999	899999999	89999	89999	89	89	6	35	0	15	0	0	2	NaN	0	0	0	0	0	0	0	0	0	NaN	NaN	NaN	NaN	0	0	0	0	0	0	0	0	17505	0	0	0	18000	18000	18000	18000	6	NaN	0.16040883973769227	0.4394304933654991	0.12318525763830727	0.10920722533124019	NaN	NaN	2.103560480889838e-8	NaN	0.04602107349509356	NaN	NaN	-0.000014403321049089892	NaN	NaN	NaN	95918.37612955729	11.673302374098036	NaN	0	0	0	0	0.00028489575396330717	-1	0	2.0902673414283326	75.75132601730913	1.0001076274812222	-273.1499938964844	9.000956156969071	-273.1499938964844	240
DATA	2025-08-22T103000_AIU-0547.ghg	2025-08-22	11:00:00	234.458	1	18000	18000	0.18346980726646026	1	NaN	59.53265385963309	1	NaN	NaN	NaN	NaN	NaN	NaN	NaN	NaN	NaN	NaN	-0.010176972831311016	1	NaN	NaN	NaN	NaN	NaN	NaN	NaN	NaN	NaN	NaN	NaN	NaN	-1.6875582278636523e-12	NaN	NaN	NaN	NaN	NaN	0	NaN	NaN	NaN	NaN	0	0.08738567138340972	2.225393220412543	2.225393220412543	0.2	0	NaN	NaN	NaN	NaN	9	303.1173531392416	292.6276885409885	95534.20713476563	1.1373681578298351	1005.5394063819962	0.02546634002099155	NaN	NaN	NaN	NaN	NaN	NaN	NaN	NaN	-0.48785746491791004	0.10453261161440862	0.14849928313948635	0.5205612452536171	4.132648016064304e-15	-1.93116125464024e-14	0.5205612452536171	4.193982204879232	164.0938280368553	167.90617196314471	16.574847975880356	NaN	0.4016352014223312	0.3672539265236505	-91.74392845816128	-0.03160972119612809	NaN	0.12960546453653624	0	85.23607953763151	-12.934903912735042	29.258787869681154	72.8585187947239	111.11383825826164	155.83873804806504	233.47482713211735	0.17967934177932665	1.0210957222438453	58.354707605316726	1.0201859678962566	NaN	1	NaN	1	NaN	1	-0.008813508613032038	1.1547016379223707	NaN	NaN	800009909	800009909	800009909	800009909	800009909	801009909	899999999	899999999	89999	89999	89	89	10	19	0	9	0	0	1	NaN	0	0	0	0	0	0	0	0	0	NaN	NaN	NaN	NaN	0	0	0	0	0	0	0	0	13776	0	0	0	18000	18000	18000	18000	6	NaN	0.17220017481360422	0.4346661685502073	0.12764150968348947	0.2394168012373102	NaN	NaN	1.5538197466685243e-8	NaN	0.051024145099651044	NaN	NaN	-0.000008813508613032038	NaN	NaN	NaN	95936.40273893229	11.680000305175781	NaN	0	0	0	0	0.000285934256674308	-1	0	2.0970070347653493	75.48774681154525	1.0000888219012154	-273.1499938964844	9.000820806503295	-273.1499938964844	062
DATA	2025-08-22T110000_AIU-0547.ghg	2025-08-22	11:30:00	234.479	1	18000	18000	0.23464655833399692	1	NaN	-57.36434209969093	2	NaN	NaN	NaN	NaN	NaN	NaN	NaN	NaN	NaN	NaN	-0.01817227307586992	1	NaN	NaN	NaN	NaN	NaN	NaN	NaN	NaN	NaN	NaN	NaN	NaN	8.556271157806094e-13	NaN	NaN	NaN	NaN	NaN	0	NaN	NaN	NaN	NaN	0	0.0875272654037097	2.2287217953318725	2.2287217953318725	-0.1	0	NaN	NaN	NaN	NaN	9	301.4092216567993	292.6235151994494	95544.73124479166	1.1375096737591388	1005.5393006947223	0.0254631717905517	NaN	NaN	NaN	NaN	NaN	NaN	NaN	NaN	-0.8272934185909957	0.18810773588152407	0.18722224069720456	0.8688216664852035	6.872445686715431e-15	9.775549502593567e-15	0.8688216664852035	4.414464580561448	164.80996270748892	167.19003729251114	12.444266637748695	NaN	0.45418160943497415	0.4878895018859593	137.694944762641	0.021061049154702298	NaN	-0.11042269035025844	0	89.7531606351964	-13.620388396300921	30.809355637939987	76.71965177772229	117.00230968018673	164.09740294353918	245.8478120713191	0.23252570079748233	1.009120959658398	-56.59451090673963	1.013602577009984	NaN	1	NaN	1	NaN	1	-0.015395270452947418	1.1803802428421026	NaN	NaN	800009909	800009909	800009909	800009909	800009909	800109909	899999999	899999999	89999	89999	89	89	17	24	4	5	0	0	0	NaN	0	0	0	0	0	0	0	0	0	NaN	NaN	NaN	NaN	0	0	0	0	0	0	0	0	12848	0	0	0	18000	18000	18000	18000	6	NaN	0.40750813846357264	0.4248138569136674	0.14345700839467856	0.478944845440689	NaN	NaN	1.9419355922109412e-8	NaN	-0.04947891447687802	NaN	NaN	-0.00001539527045294742	NaN	NaN	NaN	95931.50728754341	11.680000305175781	NaN	0	0	0	0	0.0002865614388008706	-1	0	2.100342966212166	75.8457237192225	1.0000850297941102	-273.1499938964844	9.000759265316857	-273.1499938964844	239
DATA	2025-08-22T113000_AIU-0547.ghg	2025-08-22	12:00:00	234.499	1	18000	18000	0.09239430764547675	1	NaN	6.33698614270489	2	NaN	NaN	NaN	NaN	NaN	NaN	NaN	NaN	NaN	NaN	-0.011313207950812032	0	NaN	NaN	NaN	NaN	NaN	NaN	NaN	NaN	NaN	NaN	NaN	NaN	9.531673334615521e-14	NaN	NaN	NaN	NaN	NaN	0	NaN	NaN	NaN	NaN	0	0.08728245025086805	2.227074191313062	2.227074191313062	-0.6	0	NaN	NaN	NaN	NaN	9	300.02713411543095	293.25486930169	95553.69743272569	1.1351672244040407	1005.5554070529572	0.02551571575857442	NaN	NaN	NaN	NaN	NaN	NaN	NaN	NaN	0.01693000785392386	0.11158296724296869	0.29657084982748666	0.3173194805114795	-1.4423086761696628e-14	1.092049238675071e-15	0.3173194805114795	2.520179027798725	250.62744265829662	81.37255734170338	69.1656807263908	NaN	0.2852940314961781	0.24583901237531183	-308.9603394425388	-0.009386318014902846	NaN	0.019459165979423057	0	63.39531682025701	-9.620483908171616	21.761560794876882	54.18936332010606	82.64219820653929	115.90685804670748	173.6495943488417	0.08960265085194913	1.0311559620946962	6.171658358424428	1.0267882268717592	NaN	1	NaN	1	NaN	1	-0.00971730342619145	1.1642332707568928	NaN	NaN	800009909	800009909	800009909	800009909	800009919	801009919	899999999	899999999	89999	89999	89	89	11	0	0	10	0	0	1	NaN	0	0	0	0	0	0	0	0	0	NaN	NaN	NaN	NaN	0	0	0	0	0	0	0	0	8980	0	0	0	18000	18000	18000	18000	6	NaN	0.06479058605788149	0.2918887691150005	0.1349986695777417	0.17087858759344124	NaN	NaN	2.5002241143268336e-8	NaN	0.005406746753161053	NaN	NaN	-0.00000971730342619145	NaN	NaN	NaN	95954.0498344184	11.680000305175781	NaN	0	0	0	0	0.0002860895419014721	-1	0	2.1005030346115428	76.1060733711596	1.000073202184505	-456.00837657503035	9.000497089134322	-347.7629970296231	210
DATA	2025-08-22T120000_AIU-0547.ghg	2025-08-22	12:30:00	234.52	1	18000	18000	0.09473421652508988	1	NaN	101.66317519466547	1	NaN	NaN	NaN	NaN	NaN	NaN	NaN	NaN	NaN	NaN	-0.022507509408652964	0	NaN	NaN	NaN	NaN	NaN	NaN	NaN	NaN	NaN	NaN	NaN	NaN	-5.448793786551143e-13	NaN	NaN	NaN	NaN	NaN	0	NaN	NaN	NaN	NaN	0	0.08700863254814391	2.2238250544871345	2.2238250544871345	0.1	0	NaN	NaN	NaN	NaN	9	299.11992155371763	293.7333219638401	95548.739359375	1.1332593819902	1005.5677706155395	0.025558671471553586	NaN	NaN	NaN	NaN	NaN	NaN	NaN	NaN	-0.3481762598370649	0.32760278699794204	0.18331916018149036	0.5120119221781732	-2.113398058511139e-14	-6.2623599831156955e-15	0.5120119221781732	4.645166966966425	195.25622118259636	136.74377881740364	20.979684036937716	NaN	0.2891270814350457	0.38544655380963266	-20.044689330752636	-0.14467672469988394	NaN	0.30855616553626336	0	64.50943290230549	-9.789555321909827	22.144000793099288	55.141692990167854	84.09456104177514	117.94381757379172	176.70133090303807	0.09275219765243424	1.021368969391785	99.63429682689465	1.0203632527391227	NaN	1	NaN	1	NaN	1	-0.019487881191834974	1.1549490263766158	NaN	NaN	800009909	800009909	800009909	800009909	800109909	801109909	899999999	899999999	89999	89999	89	89	13	19	0	1	0	0	0	NaN	0	0	0	0	0	0	0	0	0	NaN	NaN	NaN	NaN	0	0	0	0	0	0	0	0	8517	0	0	0	18000	18000	18000	18000	6	NaN	0.14996299713831418	0.48818866509633185	0.13274144538461927	1.437948333839717	NaN	NaN	4.890937512731249e-8	NaN	0.08743155279338305	NaN	NaN	-0.000019487881191834973	NaN	NaN	NaN	95951.45376671007	11.670101689061706	NaN	0	0	0	0	0.00028734358804326286	-1	0	2.098516236272123	76.0234437292841	1.0000780871311823	-360.3196225568872	9.000595492018594	-280.37711919996326	020
DATA	2025-08-22T123000_AIU-0547.ghg	2025-08-22	13:00:00	234.541	1	18000	18000	0.04465361902409563	1	NaN	33.353615743156624	0	NaN	NaN	NaN	NaN	NaN	NaN	NaN	NaN	NaN	NaN	-0.013298071686468557	0	NaN	NaN	NaN	NaN	NaN	NaN	NaN	NaN	NaN	NaN	NaN	NaN	6.827359856719413e-13	NaN	NaN	NaN	NaN	NaN	0	NaN	NaN	NaN	NaN	0	0.08680785777079154	2.221138107363221	2.221138107363221	-0.3	0	NaN	NaN	NaN	NaN	9	295.11620358784995	294.0224145838099	95537.51387034522	1.1320121142402204	1005.5753069384405	0.025586832395149518	NaN	NaN	NaN	NaN	NaN	NaN	NaN	NaN	-0.5431082964157061	0.10434419257680076	0.1388564753944435	0.5702065002427255	3.803681028154749e-15	7.8649099655776e-15	0.5702065002427255	2.0116166053918763	162.8753827823599	169.12461721764006	14.094365273659164	NaN	0.1986107695378309	0.14470738930887225	-19.80290782977361	-0.14644313981201584	NaN	0.14752799912479797	1	2.990760074104093	1	2	4	7	12	34	0.043792591280008696	1.0196614933923764	32.72343254389028	1.0192578574518767	NaN	1	NaN	1	NaN	1	-0.011529214469508369	1.1534239146681098	NaN	NaN	800009909	800009909	800009909	800009919	800009919	800009919	899999999	899999999	89999	89999	89	89	10	14	2	10	0	0	0	NaN	0	0	0	0	0	0	0	0	0	NaN	NaN	NaN	NaN	0	1	0	0	0	0	0	0	2907	0	0	0	18000	18000	18000	18000	6	NaN	0.10907570112516614	0.13526207697473366	0.04507700051784468	0.10548085536932493	NaN	NaN	2.0093428851862088e-8	NaN	0.028747042978705686	NaN	NaN	-0.000011529214469508368	NaN	NaN	NaN	95931.38810416666	11.670000076293945	NaN	0	0	0	0	0.0002877880754531361	-1	0	2.096463838345475	76.31838066461356	1.0000613153278828	-273.1499938964844	9.00066683374511	-273.1499938964844	213
DATA	2025-08-22T130000_AIU-0547.ghg	2025-08-22	13:30:00	234.562	1	18000	18000	0.08001523589854745	1	NaN	31.229025004970488	1	NaN	NaN	NaN	NaN	NaN	NaN	NaN	NaN	NaN	NaN	-0.012128845951270279	1	NaN	NaN	NaN	NaN	NaN	NaN	NaN	NaN	NaN	NaN	NaN	NaN	2.316699558905217e-12	NaN	NaN	NaN	NaN	NaN	0	NaN	NaN	NaN	NaN	0	0.08657816217361339	2.2193177244093514	2.2193177244093514	0.2	0	NaN	NaN	NaN	NaN	9	295.5534919959174	294.5623262498644	95537.99045985243	1.1299428537372063	1005.5895148874032	0.0256336894742464	NaN	NaN	NaN	NaN	NaN	NaN	NaN	NaN	-0.4585480440587372	0.1254070107600517	0.15690813089622527	0.5006130128144981	1.1261894637099378e-14	2.6758474663155675e-14	0.5006130128144981	2.7506062052698237	167.29563600655126	164.70436399344874	18.266180154270565	NaN	0.26610810669447416	0.1839316468987507	-50.87296822079233	-0.057004733582947074	NaN	0.10328163493740894	0	78.87143553568485	-11.969044630485923	27.074011543398115	67.41811682934694	102.81688199232394	144.20213891341513	216.04108116242028	0.07831220470064527	1.0217466894772296	30.59842947166663	1.0206087548999132	NaN	1	NaN	1	NaN	1	-0.01049850874199983	1.1552922657241975	NaN	NaN	800009909	800009909	800009909	800009909	800009909	800009909	899999999	899999999	89999	89999	89	89	14	9	2	5	0	0	0	NaN	0	0	0	0	0	0	0	0	0	NaN	NaN	NaN	NaN	0	0	0	0	0	0	0	0	4712	0	0	0	18000	18000	18000	18000	6	NaN	0.19482222289073872	0.10501053309668781	0.06803053781007486	0.1540940268339568	NaN	NaN	3.041333092775764e-8	NaN	0.026929105004786083	NaN	NaN	-0.00001049850874199983	NaN	NaN	NaN	95931.88068077256	11.670000076293945	NaN	0	0	0	0	0.0002878682135811283	-1	0	2.0960842182238895	76.2497525974556	1.0000457152194446	-273.1499938964844	9.000564723915524	-273.1499938964844	239
DATA	2025-08-22T133000_AIU-0547.ghg	2025-08-22	14:00:00	234.583	1	18000	18000	0.1569980300688101	1	NaN	40.41094585984529	1	NaN	NaN	NaN	NaN	NaN	NaN	NaN	NaN	NaN	NaN	-0.02677861387635601	1	NaN	NaN	NaN	NaN	NaN	NaN	NaN	NaN	NaN	NaN	NaN	NaN	-6.804033617333606e-13	NaN	NaN	NaN	NaN	NaN	0	NaN	NaN	NaN	NaN	0	0.0862636278530615	2.2166641384536905	2.2166641384536905	0	0	NaN	NaN	NaN	NaN	9	296.03359322441946	295.245842851245	95526.0092716727	1.1271855746708253	1005.6077504294734	0.025696393643790172	NaN	NaN	NaN	NaN	NaN	NaN	NaN	NaN	-0.04841878335727507	0.5808349934757825	0.23220281440884943	0.6274008409678812	-6.463855519147056e-14	-7.887488373342427e-15	0.6274008409678812	4.168750493000566	237.23480390278166	94.76519609721832	21.721957997071403	NaN	0.3732066644675156	0.4852183070882454	-108.43995520009217	-0.026742910347472507	NaN	0.0955268794762835	0	87.48736168998612	-13.276544664856983	30.03158018119827	74.78288091812657	114.04861191640487	159.95479983218522	239.6414377293886	0.15418035210626221	1.0182752077294903	39.68210531690689	1.0183669827272968	NaN	1	NaN	1	NaN	1	-0.023240743864797575	1.1522270557319465	NaN	NaN	800009909	800009909	800009909	800009919	800009919	810119919	899999999	899999999	89999	89999	89	89	17	11	1	26	0	0	3	NaN	0	0	0	0	0	0	0	0	0	NaN	NaN	NaN	NaN	0	5	0	0	0	0	0	0	3212	0	0	0	18000	18000	18000	18000	6	NaN	0.2602891985574233	0.6068896938090474	0.1032577218100201	0.13440118701772422	NaN	NaN	1.0827824000482491e-7	NaN	0.03500827173408175	NaN	NaN	-0.000023240743864797576	NaN	NaN	NaN	95930.45388368054	11.656730883704293	NaN	0	0	0	0	0.00028916966748915415	-1	0	2.095029579497047	75.8625901426421	1.00004862869117	-273.1499938964844	9.000522611353132	-273.1499938964844	119
DATA	2025-08-22T140000_AIU-0547.ghg	2025-08-22	14:30:00	234.604	1	18000	18000	0.19770913692374129	1	NaN	48.995125296053345	1	NaN	NaN	NaN	NaN	NaN	NaN	NaN	NaN	NaN	NaN	-0.031298970008362854	1	NaN	NaN	NaN	NaN	NaN	NaN	NaN	NaN	NaN	NaN	NaN	NaN	1.5451085434666448e-12	NaN	NaN	NaN	NaN	NaN	0	NaN	NaN	NaN	NaN	0	0.08556053410651342	2.202177759109163	2.202177759109163	-0.1	0	NaN	NaN	NaN	NaN	9	296.60361402638756	295.6796085527209	95510.80589670138	1.1253528460154034	1005.6194669325256	0.02573824231120033	NaN	NaN	NaN	NaN	NaN	NaN	NaN	NaN	-0.7955336776954738	0.20833637365327232	0.1701396572539342	0.8397769822430171	-3.8832856823674726e-14	1.8058659399474473e-14	0.8397769822430171	4.43924444160972	166.67520119968094	165.32479880031906	11.689099857871271	NaN	0.4191495587700405	0.4931483529777061	-126.69224897566731	-0.022890113826592326	NaN	0.10329076021211045	0	88.24062138142104	-13.390854729126723	30.290149857819134	75.42675597295577	115.03056200109424	161.33199878798501	241.704732723684	0.19484118367539183	1.0147194406965188	48.21730892462818	1.0161314762016485	NaN	1	NaN	1	NaN	1	-0.027229206043277065	1.1494631888501436	NaN	NaN	800009909	800009909	800009909	800009909	800009909	800009909	899999999	899999999	89999	89999	89	89	12	13	2	5	0	0	2	NaN	0	0	0	0	0	0	0	0	0	NaN	NaN	NaN	NaN	0	0	0	0	0	0	0	0	2245	0	0	0	18000	18000	18000	18000	6	NaN	0.5792454884409199	0.27956780208670673	0.12748341542778552	0.1079822460025341	NaN	NaN	6.596964869248842e-8	NaN	0.04260696335258148	NaN	NaN	-0.000027229206043277065	NaN	NaN	NaN	95897.23477951388	11.649999618530273	NaN	0	0	0	0	0.00028947160892615404	-1	0	2.0821122700174657	77.29499918326626	1.0000403954105246	-273.1499938964844	9.00052271440294	-273.1499938964844	030
DATA	2025-08-22T143000_AIU-0547.ghg	2025-08-22	15:00:00	234.624	1	18000	18000	0.164537287333536	1	NaN	40.46073305307591	0	NaN	NaN	NaN	NaN	NaN	NaN	NaN	NaN	NaN	NaN	-0.011852283312415468	1	NaN	NaN	NaN	NaN	NaN	NaN	NaN	NaN	NaN	NaN	NaN	NaN	7.39367584118514e-13	NaN	NaN	NaN	NaN	NaN	0	NaN	NaN	NaN	NaN	0	0.08557572539083154	2.2048597796009743	2.2048597796009743	-0.1	0	NaN	NaN	NaN	NaN	9	296.8914206737942	295.9159789476151	95487.83595355993	1.1241835154850588	1005.6258986515995	0.02576501419685541	NaN	NaN	NaN	NaN	NaN	NaN	NaN	NaN	-0.6267694736960218	0.36070585556043583	0.20116271783188885	0.7506098363586053	-2.4269679414819274e-14	8.639921902405852e-15	0.7506098363586053	3.3395966506685872	181.92042844646105	150.07957155353895	15.54523288128175	NaN	0.3825723336756146	0.41217402508890805	-116.63556728505695	-0.0248637706962269	NaN	0.09355058864026002	0	81.55549839047039	-12.376361523880396	27.99536346529627	69.7124133879454	106.31582900560107	149.10946184990465	223.39314515260088	0.1619499854154816	1.015975931775583	39.78791625926334	1.0169100786637935	NaN	1	NaN	1	NaN	1	-0.01030301559954684	1.1503703161370318	NaN	NaN	800009909	800009909	800009909	800009919	800009919	800009919	899999999	899999999	89999	89999	89	89	12	11	2	1	0	0	1	NaN	0	0	0	0	0	0	0	0	0	NaN	NaN	NaN	NaN	0	1	0	0	0	0	0	0	4680	0	0	0	18000	18000	18000	18000	6	NaN	0.41046710262522446	0.2845563716416118	0.1293245759109799	0.15110219456808452	NaN	NaN	8.432366789094906e-8	NaN	0.03519472150365461	NaN	NaN	-0.00001030301559954684	NaN	NaN	NaN	95882.98397265625	11.659896563834224	NaN	0	0	0	0	0.00029012702360180106	-1	0	2.0847703436480627	77.07566974417368	1.0000493758204911	-273.1499938964844	9.000507806248136	-273.1499938964844	017
DATA	2025-08-22T150000_AIU-0547.ghg	2025-08-22	15:30:00	234.645	1	18000	18000	0.08554574046693503	1	NaN	36.908156302804514	0	NaN	NaN	NaN	NaN	NaN	NaN	NaN	NaN	NaN	NaN	-0.010649564454416047	0	NaN	NaN	NaN	NaN	NaN	NaN	NaN	NaN	NaN	NaN	NaN	NaN	4.3213193091259084e-13	NaN	NaN	NaN	NaN	NaN	0	NaN	NaN	NaN	NaN	0	0.08541075411247041	2.2046570336255114	2.2046570336255114	-0.1	0	NaN	NaN	NaN	NaN	9	297.2523432413737	296.3817823588053	95462.5527799479	1.1221195191195272	1005.638670549298	0.025812405668756644	NaN	NaN	NaN	NaN	NaN	NaN	NaN	NaN	-0.5161287556031919	0.43316300086566745	0.22958087686434403	0.7118472144366613	1.276299978323375e-14	5.05945574890431e-15	0.7118472144366613	3.485847413926505	192.00518194536295	139.99481805463708	18.815044949145502	NaN	0.27610841089595095	0.2731923239619518	-48.05781610016716	-0.06034398221416293	NaN	0.11845724626512628	0	68.57137147180359	-10.405970170890459	23.538332859863928	58.613776985750164	89.38970821037458	125.3703367676957	187.8276099444873	0.08414746703412812	1.0166169402608376	36.280043836908966	1.0173128915918384	NaN	1	NaN	1	NaN	1	-0.009253511856869494	1.1508673268203757	NaN	NaN	800009909	800009909	800009909	800009909	800009919	811009919	899999999	899999999	89999	89999	89	89	31	32	0	3	0	0	2	NaN	0	0	0	0	0	0	0	0	0	NaN	NaN	NaN	NaN	0	0	0	0	0	0	0	0	3006	0	0	0	18000	18000	18000	18000	6	NaN	0.18602062790215673	0.25644638811435905	0.10391763190738783	0.11306608722695155	NaN	NaN	3.92645075871674e-8	NaN	0.032150425199267904	NaN	NaN	-0.000009253511856869494	NaN	NaN	NaN	95856.57946397571	11.65999984741211	NaN	0	0	0	0	0.00029032074672027703	-1	0	2.0852423646185136	77.04896654863356	1.0000374448017941	-273.1499938964844	9.000454144795736	-273.1499938964844	054
DATA	2025-08-22T153000_AIU-0547.ghg	2025-08-22	16:00:00	234.666	1	18000	18000	0.14114553669740817	1	NaN	30.3018107695753	0	NaN	NaN	NaN	NaN	NaN	NaN	NaN	NaN	NaN	NaN	-0.0082358758769191	0	NaN	NaN	NaN	NaN	NaN	NaN	NaN	NaN	NaN	NaN	NaN	NaN	4.4938025628580757e-13	NaN	NaN	NaN	NaN	NaN	0	NaN	NaN	NaN	NaN	0	0.08500773861014074	2.197353143504671	2.197353143504671	-0.1	0	NaN	NaN	NaN	NaN	9	297.7173019587199	296.6882697367735	95426.50098312754	1.120537002960816	1005.6471445109482	0.025848860108867125	NaN	NaN	NaN	NaN	NaN	NaN	NaN	NaN	-0.6405252187116067	0.4334844392244184	0.19911527222880865	0.7986414755633667	-4.0341494198679214e-15	5.28634526259707e-15	0.7986414755633667	3.4360548737548275	186.08872897625776	145.91127102374227	14.437127270746604	NaN	0.35491182822605766	0.37036881667801425	-124.28732578207989	-0.02333303079579278	NaN	0.07576633518564393	0	76.16020756822331	-11.557605326439193	26.143334717380075	65.10059994101017	99.2825225110811	139.24514948708554	208.61460772003986	0.1390233293032545	1.0152651170475457	29.810898573598926	1.0164675410492703	NaN	1	NaN	1	NaN	1	-0.007162596486199603	1.1498450167878949	NaN	NaN	800009909	800009909	800009909	800009919	800009919	800109919	899999999	899999999	89999	89999	89	89	3	17	5	3	0	0	0	NaN	0	0	0	0	0	0	0	0	0	NaN	NaN	NaN	NaN	0	1	0	0	0	0	0	0	2610	0	0	0	18000	18000	18000	18000	6	NaN	0.27769425450979374	0.33097230557869156	0.13207107326754325	0.14198391972749955	NaN	NaN	5.023813143279132e-8	NaN	0.026454724280685845	NaN	NaN	-0.000007162596486199603	NaN	NaN	NaN	95819.24338519966	11.65999984741211	NaN	0	0	0	0	0.00029105399043894266	-1	0	2.078383072439168	77.30725204265737	1.00003391831451	-273.1499938964844	9.000420797639423	-273.1499938964844	091
DATA	2025-08-22T160000_AIU-0547.ghg	2025-08-22	16:30:00	234.687	1	18000	18000	0.20527696840632725	1	NaN	54.88888867505994	0	NaN	NaN	NaN	NaN	NaN	NaN	NaN	NaN	NaN	NaN	-0.021432159645770114	0	NaN	NaN	NaN	NaN	NaN	NaN	NaN	NaN	NaN	NaN	NaN	NaN	-4.154100374439463e-13	NaN	NaN	NaN	NaN	NaN	0	NaN	NaN	NaN	NaN	0	0.08482060030817198	2.1948823411675935	2.1948823411675935	0.1	0	NaN	NaN	NaN	NaN	9	297.8450443861219	296.9131696794298	95395.87126801215	1.1193288464421032	1005.6533982161682	0.025876760282208578	NaN	NaN	NaN	NaN	NaN	NaN	NaN	NaN	-0.7438200913151078	0.5538712892140237	0.21546077637481056	0.9520845967746796	7.86746191171486e-15	-4.8975135277829896e-15	0.9520845967746796	5.308979297338849	188.672501906569	143.327498093431	13.079583727245062	NaN	0.4282439779482096	0.5843559711330134	-120.5109514152208	-0.02406420301179137	NaN	0.11386418752156675	0	77.32148470787435	-11.733833612617115	26.541963580547797	66.0932421737843	100.79636454802315	141.36833446871512	211.79552571748016	0.20254938505779763	1.0134662632905616	54.057703603404455	1.0153758856971338	NaN	1	NaN	1	NaN	1	-0.018657988099797105	1.1486854601436463	NaN	NaN	800009909	800009909	800009909	800009909	800009919	810009919	899999999	899999999	89999	89999	89	89	7	10	0	8	0	0	0	NaN	0	0	0	0	0	0	0	0	0	NaN	NaN	NaN	NaN	0	0	0	0	0	0	0	0	4811	0	0	0	18000	18000	18000	18000	6	NaN	0.49691934290870793	0.48664455664503053	0.18514804271228827	0.11516882443243744	NaN	NaN	6.720211116189028e-8	NaN	0.04802325256778971	NaN	NaN	-0.000018657988099797104	NaN	NaN	NaN	95782.68965538194	11.666634999275209	NaN	0	0	0	0	0.0002912886933966851	-1	0	2.0760041082766323	78.08970467463598	1.0000361622770628	-273.1499938964844	9.000446006562974	-273.1499938964844	233
DATA	2025-08-22T163000_AIU-0547.ghg	2025-08-22	17:00:00	234.708	1	18000	18000	0.22107824267253642	1	NaN	41.540426595166544	0	NaN	NaN	NaN	NaN	NaN	NaN	NaN	NaN	NaN	NaN	-0.012309461892638528	0	NaN	NaN	NaN	NaN	NaN	NaN	NaN	NaN	NaN	NaN	NaN	NaN	2.9221122685690095e-13	NaN	NaN	NaN	NaN	NaN	0	NaN	NaN	NaN	NaN	0	0.08506010367135959	2.2013849431421666	2.2013849431421666	-0.1	0	NaN	NaN	NaN	NaN	9	297.7670116907756	296.9484799058702	95393.99624110243	1.11917374869778	1005.6543828051956	0.025880346344832758	NaN	NaN	NaN	NaN	NaN	NaN	NaN	NaN	-0.7276901421693015	0.620151602896673	0.24182739750360663	0.9862055788571867	4.9070494581273906e-17	3.4353499965847183e-15	0.9862055788571867	5.195394575711276	192.43827757015006	139.56172242984994	14.19424006709035	NaN	0.4444513651374222	0.6624833001096863	-178.00543835076687	-0.016291637080690948	NaN	0.08304250517129795	0	78.21621559758721	-11.869612477024909	26.849095741536058	66.85804468110263	101.96273662782221	143.0041878948915	214.24633224141525	0.21821057274140535	1.0131417552096775	40.91906378487402	1.0151851668346874	NaN	1	NaN	1	NaN	1	-0.010717738540668062	1.1485129858253895	NaN	NaN	800009909	800009909	800009909	800009909	800009909	801009909	899999999	899999999	89999	89999	89	89	23	30	3	2	0	0	0	NaN	0	0	0	0	0	0	0	0	0	NaN	NaN	NaN	NaN	0	0	0	0	0	0	0	0	5949	0	0	0	18000	18000	18000	18000	6	NaN	0.4451693858674782	0.6860240869718144	0.1937731273800801	0.11696048693620492	NaN	NaN	3.173584213558993e-8	NaN	0.036356278631309996	NaN	NaN	-0.000010717738540668062	NaN	NaN	NaN	95780.61763194445	11.670000076293945	NaN	0	0	0	0	0.00029139543950764665	-1	0	2.08221083246337	78.12552834380115	1.0000412070900202	-273.1499938964844	9.000455574274064	-273.1499938964844	183
DATA	2025-08-22T170000_AIU-0547.ghg	2025-08-22	17:30:00	234.729	1	18000	18000	0.2011556135402067	1	NaN	28.567462272723752	0	NaN	NaN	NaN	NaN	NaN	NaN	NaN	NaN	NaN	NaN	-0.025259396046241753	1	NaN	NaN	NaN	NaN	NaN	NaN	NaN	NaN	NaN	NaN	NaN	NaN	1.1135187177939011e-12	NaN	NaN	NaN	NaN	NaN	0	NaN	NaN	NaN	NaN	0	0.08487067402733693	2.196103653773492	2.196103653773492	0	0	NaN	NaN	NaN	NaN	9	297.7887035530938	296.87926054382325	95388.20943272571	1.1193667840994654	1005.6524533928368	0.02587588326523865	NaN	NaN	NaN	NaN	NaN	NaN	NaN	NaN	-0.5701797073140153	0.47024909240199736	0.24707689846604303	0.779285635241151	-2.2902519849049493e-14	1.3120182331004414e-14	0.779285635241151	4.813561531854631	191.5137112464519	140.4862887535481	18.48495502737261	NaN	0.4239160604808583	0.5152438176323018	-224.58450773095907	-0.012912733960590256	NaN	0.059864789385601525	0	77.59731755066754	-11.7756923106809	26.63664806954068	66.3290199391375	101.15594051686986	141.87264487771424	212.5510746075493	0.19807723690576767	1.015541294307854	28.099909827705737	1.0166389304408736	NaN	1	NaN	1	NaN	1	-0.021963820920106715	1.1500456199366529	NaN	NaN	800009909	800009909	800009909	800009909	800009909	800009919	899999999	899999999	89999	89999	89	89	21	23	4	1	0	0	0	NaN	0	0	0	0	0	0	0	0	0	NaN	NaN	NaN	NaN	0	0	0	0	0	0	0	0	4874	0	0	0	18000	18000	18000	18000	6	NaN	0.3758319894333883	0.47483894394472403	0.17981670188649113	0.1141040736289603	NaN	NaN	7.035593260391905e-8	NaN	0.024962299709352345	NaN	NaN	-0.000021963820920106716	NaN	NaN	NaN	95775.5703719618	11.650240711960675	NaN	0	0	0	0	0.00029223668229921417	-1	0	2.0769277254475496	76.52913073019337	1.0000370008167294	-273.1499938964844	9.00045289431678	-273.1499938964844	115
DATA	2025-08-22T173000_AIU-0547.ghg	2025-08-22	18:00:00	234.749	1	18000	18000	0.20204683334824125	1	NaN	34.90916421124465	0	NaN	NaN	NaN	NaN	NaN	NaN	NaN	NaN	NaN	NaN	-0.006587323517290619	1	NaN	NaN	NaN	NaN	NaN	NaN	NaN	NaN	NaN	NaN	NaN	NaN	-5.252825563156025e-13	NaN	NaN	NaN	NaN	NaN	0	NaN	NaN	NaN	NaN	0	0.08486711072315344	2.1986580648780443	2.1986580648780443	-0.1	0	NaN	NaN	NaN	NaN	9	297.70225266011556	297.2150685691558	95381.15299985588	1.1180193564634253	1005.6618402782032	0.02590706866468363	NaN	NaN	NaN	NaN	NaN	NaN	NaN	NaN	-0.8531714302629408	0.5806835334543572	0.2119448999023132	1.0535727293531065	-9.942177295432889e-15	-6.189471419960747e-15	1.0535727293531065	3.950457107119071	186.2398942444491	145.7601057555509	11.605256647180003	NaN	0.4251100407644663	0.5114141747293792	-185.33506577544028	-0.015647335747644008	NaN	0.07303596881939549	0	81.80223325661555	-12.41380449172713	28.080059560515057	69.92331864050824	106.63747282308125	149.56057187726748	224.06899017660007	0.19953984806290712	1.012563832786641	34.39828519011751	1.0148518746880415	NaN	1	NaN	1	NaN	1	-0.005736858403745891	1.1482457912835038	NaN	NaN	800009909	800009909	800009909	800009919	800009919	800009919	899999999	899999999	89999	89999	89	89	9	19	4	3	0	0	1	NaN	0	0	0	0	0	0	0	0	0	NaN	NaN	NaN	NaN	0	2	0	0	0	0	0	0	9962	0	0	0	18000	18000	18000	18000	6	NaN	0.38160627017702536	0.48274119621468475	0.15848088306704824	0.07837796406711896	NaN	NaN	6.965879470559681e-8	NaN	0.0305939462265166	NaN	NaN	-0.000005736858403745891	NaN	NaN	NaN	95771.2895360243	11.649999618530273	NaN	0	0	0	0	0.0002910990041273181	-1	0	2.0800486610415923	77.9488889323105	1.0000401253865825	-273.1499938964844	9.000484134515126	-273.1499938964844	068
DATA	2025-08-22T180000_AIU-0547.ghg	2025-08-22	18:30:00	234.77	1	18000	18000	0.04582470505267147	1	NaN	28.84800128014611	0	NaN	NaN	NaN	NaN	NaN	NaN	NaN	NaN	NaN	NaN	0.00488204518837215	2	NaN	NaN	NaN	NaN	NaN	NaN	NaN	NaN	NaN	NaN	NaN	NaN	-9.496449576623255e-13	NaN	NaN	NaN	NaN	NaN	0	NaN	NaN	NaN	NaN	0	0.08510319249083603	2.200756250390767	2.200756250390767	0	1	NaN	NaN	NaN	NaN	9	297.8148314370049	296.68995663791225	95386.46922092015	1.1200605652301256	1005.6471913060202	0.02585985538236707	NaN	NaN	NaN	NaN	NaN	NaN	NaN	NaN	-0.37722705797555606	0.4406474416607482	0.2638729673126501	0.6372592596341442	3.473120603185939e-15	-1.1158746574220278e-14	0.6372592596341442	3.161871437737238	201.43400963403042	130.56599036596958	24.461062461224795	NaN	0.20226888744010704	0.21244122850133895	-24.15880476479843	-0.12003905111338799	NaN	0.12661917835036918	0	59.25219279865907	-8.991748853619354	20.33936038956384	50.64788322113935	77.24121760164762	108.33190595359308	162.30093577635967	0.04501179164798073	1.0180600099424661	28.331534558231564	1.0182293945586682	NaN	1	NaN	1	NaN	1	0.004237717848817798	1.1520458328140228	NaN	NaN	800009909	800009909	800009909	800009909	800009909	810009909	899999999	899999999	89999	89999	89	89	50	28	1	2	0	0	0	NaN	0	0	0	0	0	0	0	0	0	NaN	NaN	NaN	NaN	0	0	0	0	0	0	0	0	4372	0	0	0	18000	18000	18000	18000	6	NaN	0.13049142759389729	0.2140413476648835	0.08034968174389709	0.08619817427103939	NaN	NaN	1.8216890773180042e-7	NaN	0.025152603598337785	NaN	NaN	0.000004237717848817798	NaN	NaN	NaN	95775.80169639757	11.649999618530273	NaN	0	0	0	0	0.0002903340600282212	-1	0	2.0808058381742893	76.7309363969803	1.0000334322353204	-273.1499938964844	9.000411966694726	-273.1499938964844	171
DATA	2025-08-22T183000_AIU-0547.ghg	2025-08-22	19:00:00	234.791	0	18000	18000	0.029888394293451963	1	NaN	31.32750942202672	0	NaN	NaN	NaN	NaN	NaN	NaN	NaN	NaN	NaN	NaN	-0.005798634194551058	0	NaN	NaN	NaN	NaN	NaN	NaN	NaN	NaN	NaN	NaN	NaN	NaN	4.2999246105179414e-15	NaN	NaN	NaN	NaN	NaN	0	NaN	NaN	NaN	NaN	0	0.08599237600082738	2.2149636998323166	2.2149636998323166	0	1	NaN	NaN	NaN	NaN	9	297.07871338144946	295.51867208184126	95386.80065212674	1.124503818457773	1005.6151068037365	0.025757675306134178	NaN	NaN	NaN	NaN	NaN	NaN	NaN	NaN	-0.05396527064704302	0.4946711776695799	0.25492743773507603	0.5591062716185373	-5.571776974984862e-16	5.0003556251039854e-17	0.5591062716185373	2.4757769792132076	235.77404019805613	96.22595980194386	27.12641330913367	NaN	0.16303123734530564	0.11143581777255326	-11.648707544857633	-0.24895465774485995	NaN	0.16992697301082005	1	3.9553881502170607	2	3	6	9	15	40	0.02930345421188182	1.0199614720278596	30.729770892039586	1.019451447655992	NaN	1	NaN	1	NaN	1	-0.005026170260251843	1.1536883739112551	NaN	NaN	800009909	800009909	800009909	800009909	810009919	810009919	899999999	899999999	89999	89999	89	89	7	1	0	13	0	0	8	NaN	0	0	0	0	0	0	0	0	0	NaN	NaN	NaN	NaN	0	0	0	0	0	0	0	0	8057	0	0	0	18000	18000	18000	18000	6	NaN	0.08386713372201612	0.0979953558491529	0.041009145973937504	0.1453120221607079	NaN	NaN	7.036794304460518e-8	NaN	0.0271748151733899	NaN	NaN	-0.000005026170260251843	NaN	NaN	NaN	95771.88562673611	11.66326992225647	NaN	0	0	0	0	0.000289648985503138	-1	0	2.091317732354005	76.44965611754527	1.000042895315422	-273.1499938964844	9.000473303662407	-273.1499938964844	201
DATA	2025-08-22T190000_AIU-0547.ghg	2025-08-22	19:30:00	234.812	0	18000	18000	0.005974589632563214	1	NaN	9.003672426337372	1	NaN	NaN	NaN	NaN	NaN	NaN	NaN	NaN	NaN	NaN	0.002846020942609445	2	NaN	NaN	NaN	NaN	NaN	NaN	NaN	NaN	NaN	NaN	NaN	NaN	-1.869682975120437e-13	NaN	NaN	NaN	NaN	NaN	0	NaN	NaN	NaN	NaN	0	0.08681266864227576	2.229113314360747	2.229113314360747	-0.7	0	NaN	NaN	NaN	NaN	9	296.33249179840084	294.6567272025196	95406.36331349885	1.1280245709022763	1005.5920168789561	0.025677281314160878	NaN	NaN	NaN	NaN	NaN	NaN	NaN	NaN	0.13835211150210674	0.42051753835863676	0.23308727944802315	0.5003058930941886	-6.7440812287420685e-15	-2.153698307357349e-15	0.5003058930941886	1.0735887925461878	260.21143193742716	71.78856806257282	27.76780637074086	NaN	0.07277710245942853	0.03606760916339421	-3.6058640557488957	-0.8042455165153762	NaN	0.10906478530210771	1	9.527073614952627	4	8	13	19	31	71	0.00584736797498994	1.02175708081267	8.821806248436506	1.0206155262062233	NaN	1	NaN	1	NaN	1	0.00246344392262434	1.1553016963250133	NaN	NaN	800009909	800009909	800009909	800009919	800009919	800019919	899999999	899999999	89999	89999	89	89	6	3	0	39	0	0	10	NaN	0	0	0	0	0	0	0	0	0	NaN	NaN	NaN	NaN	0	73	0	0	0	0	0	0	18000	0	0	0	18000	18000	18000	18000	6	NaN	0.01697732526731539	0.039101782897063876	0.01605611016240915	0.039931817925471486	NaN	NaN	4.254219933925975e-7	NaN	0.0077770902468548685	NaN	NaN	0.00000246344392262434	NaN	NaN	NaN	95786.20785221354	11.670000076293945	NaN	0	0	0	0	0.0002881388745089579	-1	0	2.1031021160013155	70.08794344372166	1.00004564057125	-273.1499938964844	9.000547026687197	-273.1499938964844	149
DATA	2025-08-22T193000_AIU-0547.ghg	2025-08-22	20:00:00	234.833	0	18000	18000	0.06293607434008408	1	NaN	5.550512546571519	0	NaN	NaN	NaN	NaN	NaN	NaN	NaN	NaN	NaN	NaN	-0.05191039089250087	1	NaN	NaN	NaN	NaN	NaN	NaN	NaN	NaN	NaN	NaN	NaN	NaN	5.4355415381681064e-12	NaN	NaN	NaN	NaN	NaN	0	NaN	NaN	NaN	NaN	0	0.0869771986055489	2.2301878397052444	2.2301878397052444	0	0	NaN	NaN	NaN	NaN	9	296.00222797139486	294.25729503072296	95411.6114121819	1.1296179139459934	1005.581466595046	0.025641063122984566	NaN	NaN	NaN	NaN	NaN	NaN	NaN	NaN	-0.05988375325451526	0.17797023697326633	0.22262742603513855	0.29124292261814017	-1.0093975722827408e-14	6.24938676493696e-14	0.29124292261814017	1.0049735064990915	223.40284815961218	108.59715184038782	49.85405050570307	NaN	0.23603914866867906	0.07732925304934245	-199.56128135436018	-0.014531877027039536	NaN	0.020701423862419206	0	69.80979581653386	-10.59390584307498	23.96344386205537	59.672363489092774	91.00411942076701	127.63457144504922	191.2198460887418	0.060904832051795164	1.033351085946046	5.398065151029458	1.0282411181185889	NaN	1	NaN	1	NaN	1	-0.044505288357332654	1.166387025193786	NaN	NaN	800009909	800009909	800009909	800009919	800009919	800009919	899999999	899999999	89999	89999	89	89	10	0	2	11	0	0	2	NaN	0	0	0	0	0	0	0	0	0	NaN	NaN	NaN	NaN	0	62	0	0	0	0	0	0	18000	0	0	0	18000	18000	18000	18000	6	NaN	0.05621471463681933	0.025822458254045944	0.07262133320781962	0.02604880526730211	NaN	NaN	2.6440931845523117e-7	NaN	0.004752140697948004	NaN	NaN	-0.000044505288357332656	NaN	NaN	NaN	95797.632156467	11.660098675417098	NaN	0	0	0	0	0.0002877840325624371	-1	0	2.1035952408864533	69.96997575516156	1.0000381910751264	-273.1499938964844	9.000543747213152	-273.1499938964844	204
DATA	2025-08-22T200000_AIU-0547.ghg	2025-08-22	20:30:00	234.854	0	18000	18000	0.058985141228507475	1	NaN	26.598701301902278	1	NaN	NaN	NaN	NaN	NaN	NaN	NaN	NaN	NaN	NaN	-0.09656359762125179	1	NaN	NaN	NaN	NaN	NaN	NaN	NaN	NaN	NaN	NaN	NaN	NaN	-1.2239419212938258e-12	NaN	NaN	NaN	NaN	NaN	0	NaN	NaN	NaN	NaN	0	0.08749104230547436	2.2409531662024604	2.2409531662024604	-0.6	0	NaN	NaN	NaN	NaN	9	295.76435070631237	294.0185332921286	95436.72706592544	1.130832831681896	1005.5752054284164	0.025613515477140945	NaN	NaN	NaN	NaN	NaN	NaN	NaN	NaN	0.02716316667517515	-0.17401241849925905	0.2274418195805161	0.2876594179058028	-1.3198195657084772e-14	-1.3989339811731139e-14	0.2876594179058028	1.0880233163294677	53.12778582405781	278.8722141759422	52.24756555933652	NaN	0.22838738257040012	0.08536010542476546	-37.730455990868336	-0.07686098468308648	NaN	0.1024177804593481	0	64.66509419302186	-9.81317752332114	22.19743427701006	55.274749920247125	84.29748125553387	118.22841605884362	177.1277112942798	0.05706321375050124	1.033680673619427	25.862662874431024	1.0284594989713505	NaN	1	NaN	1	NaN	1	-0.08276561453101897	1.1667115403953365	NaN	NaN	800009909	800009919	800009909	800009919	800009919	800019919	899999999	899999999	89999	89999	89	89	17	0	0	23	0	0	11	NaN	0	0	0	0	0	0	0	0	0	NaN	NaN	NaN	NaN	0	557	0	0	0	0	0	0	17602	0	0	0	18000	18000	18000	18000	6	NaN	0.04726418133107845	0.04112633837832137	0.0823296911401311	0.04150004806204346	NaN	NaN	0.0000011446391490778297	NaN	0.02274365576007187	NaN	NaN	-0.00008276561453101897	NaN	NaN	NaN	95822.60231336806	11.66660444302029	NaN	0	0	0	0	0.0002875184782153357	-1	0	2.1275093913956877	58.953205421319836	1.000062398241626	-273.1499938964844	9.000662751462725	-273.1499938964844	235
DATA	2025-08-22T203000_AIU-0547.ghg	2025-08-22	21:00:00	234.874	0	18000	18000	0.009375974385671835	1	NaN	27.01860149659296	1	NaN	NaN	NaN	NaN	NaN	NaN	NaN	NaN	NaN	NaN	NaN	NaN	NaN	NaN	NaN	NaN	NaN	NaN	NaN	NaN	NaN	NaN	NaN	NaN	NaN	NaN	NaN	NaN	NaN	NaN	0	NaN	NaN	NaN	NaN	0	NaN	NaN	NaN	NaN	0	NaN	NaN	NaN	NaN	9	295.37154401228156	295.37154401228156	95135.8550731695	1.1221041055172005	1005.6111342489351	0.025812760236709937	NaN	NaN	NaN	2671.846792381524	NaN	NaN	NaN	NaN	0.17204729119574141	-0.4726769264662945	0.193665291622562	0.5390083416800316	1.6201024437467461e-15	-9.068998085511637e-15	0.5390083416800316	1.1269656035014128	41.999255082475656	290.00074491752434	21.05716666323787	NaN	0.09140956251808277	0.04805685957662151	-2.3762087489140478	-1.220431496738378	NaN	0.2619437320239411	1	6.695770853017671	3	5	9	13	21	49	0.009187324568442614	1.0205337055226296	26.493453241686808	1.0198218122083023	NaN	1	NaN	1	NaN	1	NaN	1	NaN	NaN	800009909	800009919	800009909	800009919	800009909	800009919	899999999	899999999	89999	89999	89	89	0	0	0	43	0	0	3	NaN	0	0	0	0	0	0	0	0	0	NaN	NaN	NaN	NaN	0	2840	0	0	0	0	0	0	17801	0	0	0	18000	18000	18000	18000	6	NaN	0.02587109336508243	0.04455128112209993	0.025691344666060656	0.05541776393231923	NaN	NaN	NaN	NaN	0.023478770175364403	NaN	NaN	NaN	NaN	NaN	NaN	95831.28054492187	11.680000305175781	NaN	0	0	0	0	0.0002873213256437644	-1	0	2.2479369429189857	46.303851901643625	1.000069881386227	-300.8876200612451	9.000643851386176	-273.1499938964844	103
DATA	2025-08-22T210000_AIU-0547.ghg	2025-08-22	21:30:00	234.895	0	18000	18000	0.01730067115868911	1	NaN	14.957024737077818	0	NaN	NaN	NaN	NaN	NaN	NaN	NaN	NaN	NaN	NaN	0.01710666255454509	1	NaN	NaN	NaN	NaN	NaN	NaN	NaN	NaN	NaN	NaN	NaN	NaN	1.7360384938762754e-12	NaN	NaN	NaN	NaN	NaN	0	NaN	NaN	NaN	NaN	0	0.08811434633548676	2.2509278571390903	2.2509278571390903	-0.3	0	NaN	NaN	NaN	NaN	9	295.221918665568	293.41228512570484	95493.40115927419	1.133842277999654	1005.5594597689441	0.025545532035940014	NaN	NaN	NaN	NaN	NaN	NaN	NaN	NaN	0.1330014815515955	-0.5287103091183794	0.23162475262368926	0.5923461919274465	-1.707645185235453e-16	1.9702109430245088e-14	0.5923461919274465	1.3919327233579417	47.87975385109172	284.1202461489083	23.01856438981875	NaN	0.12352508242786908	0.06644751098641954	-10.62022446605489	-0.2730639083259666	NaN	0.10620125696025305	1	6.980843049276627	3	6	10	15	26	64	0.01697650858448683	1.0190947727908257	14.679682541703336	1.018892928684703	NaN	1	NaN	1	NaN	1	0.01483756432937835	1.152929293163968	NaN	NaN	800009909	800009919	800009909	800009919	800009919	800009919	899999999	899999999	89999	89999	89	89	12	3	0	29	0	0	5	NaN	0	0	0	0	0	0	0	0	0	NaN	NaN	NaN	NaN	0	1415	0	0	0	0	0	0	18000	0	0	0	18000	18000	18000	18000	6	NaN	0.03597365293367222	0.07136256997716019	0.02555879906200667	0.028671952057923368	NaN	NaN	0.0000013213342307839832	NaN	0.012875267509112429	NaN	NaN	0.00001483756432937835	NaN	NaN	NaN	95878.29040516492	11.666730001449583	NaN	0	0	0	0	0.0002871628144122142	-1	0	2.1972953696125948	49.04007431090796	1.0000731436312198	-466.6270020209368	9.000482657909393	-369.6462479485373	016
DATA	2025-08-22T213000_AIU-0547.ghg	2025-08-22	22:00:00	234.916	0	18000	18000	0.015093380177642893	1	NaN	24.898393800976955	1	NaN	NaN	NaN	NaN	NaN	NaN	NaN	NaN	NaN	NaN	-0.008193447535604255	1	NaN	NaN	NaN	NaN	NaN	NaN	NaN	NaN	NaN	NaN	NaN	NaN	-3.9467678048372687e-13	NaN	NaN	NaN	NaN	NaN	0	NaN	NaN	NaN	NaN	0	0.0879092461615175	2.2445299183366516	2.2445299183366516	0.7	0	NaN	NaN	NaN	NaN	9	295.1060978308784	293.3464856103138	95521.26538548792	1.1344275266647323	1005.5577639493545	0.025532353152167057	NaN	NaN	NaN	NaN	NaN	NaN	NaN	NaN	0.07868582618888478	-0.40164749765350705	0.2319051818489792	0.470417033049138	3.58799209684743e-15	-4.4895935037206315e-15	0.470417033049138	1.2191058795148269	50.91569886065582	281.0843011393442	29.53649625165262	NaN	0.11534662125824184	0.05326841750739782	-5.195728956193341	-0.5581507473639828	NaN	0.18922681273771838	1	4.6387571436290065	2	4	6	10	16	39	0.01475650013428444	1.0228292644118075	24.37878416778767	1.0213140093293027	NaN	1	NaN	1	NaN	1	-0.007086009530209171	1.1562851419651412	NaN	NaN	800009909	800009919	800009909	800009919	800009919	800009919	899999999	899999999	89999	89999	89	89	5	4	0	42	0	0	0	NaN	0	0	0	0	0	0	0	0	0	NaN	NaN	NaN	NaN	0	1232	0	0	0	0	101	0	18000	0	0	16	18000	18000	18000	18000	6	NaN	0.027518564344752184	0.05218261453685825	0.0268356561331852	0.043925686015885416	NaN	NaN	0.0000027881211832776446	NaN	0.021371168221902135	NaN	NaN	-0.000007086009530209171	NaN	NaN	NaN	95908.27109483507	11.65999984741211	NaN	0	0	0	0	0.00028645172003760106	-1	0	2.1401824448993914	51.78151858895347	1.0000723292645481	-467.63637706332634	9.000461280690299	-358.9064974975589	196
DATA	2025-08-22T220000_AIU-0547.ghg	2025-08-22	22:30:00	234.937	0	18000	18000	0.06581020058807442	1	NaN	30.956426757886963	1	NaN	NaN	NaN	NaN	NaN	NaN	NaN	NaN	NaN	NaN	-0.044618070528672	1	NaN	NaN	NaN	NaN	NaN	NaN	NaN	NaN	NaN	NaN	NaN	NaN	3.439247163108639e-12	NaN	NaN	NaN	NaN	NaN	0	NaN	NaN	NaN	NaN	0	0.08773731737226943	2.240144534377325	2.240144534377325	0.4	0	NaN	NaN	NaN	NaN	9	295.214641494751	293.3923316760812	95536.00800657444	1.1344253174059662	1005.5589452462503	0.02553240287564745	NaN	NaN	NaN	NaN	NaN	NaN	NaN	NaN	0.4188133637626109	-0.13531936436371753	0.25852359579119627	0.5104413909733004	-3.436100599857243e-14	3.91993654024765e-14	0.5104413909733004	1.4943176438934578	349.90573969464765	342.09426030535235	30.429027791065767	NaN	0.24085665584341653	0.1351877318791733	-38.05192937312866	-0.07621164150609165	NaN	0.1126701127608169	0	83.04513628533836	-12.602419821486391	28.50670794999113	70.98573345556599	108.25772245039123	151.83299501736235	227.47349413017443	0.0644301051974142	1.0214200393811497	30.337645215165303	1.0203964921579458	NaN	1	NaN	1	NaN	1	-0.038630526365695125	1.1549951483004892	NaN	NaN	800009909	800009919	800009909	800009919	800009919	800019919	899999999	899999999	89999	89999	89	89	5	3	0	33	0	0	19	NaN	0	0	0	0	0	0	0	0	0	NaN	NaN	NaN	NaN	0	489	0	0	0	0	0	0	18000	0	0	0	18000	18000	18000	18000	6	NaN	0.11233835747210276	0.10904581836414917	0.04899128792209467	0.04463086534373437	NaN	NaN	4.031966094182822e-7	NaN	0.026594903825747824	NaN	NaN	-0.000038630526365695125	NaN	NaN	NaN	95924.27420746528	11.6797993074264	NaN	0	0	0	0	0.00028631873472477313	-1	0	2.124999837745339	57.036318132049225	1.0000811274647712	-382.6873734961504	9.00055848227607	-296.2444948662642	221
DATA	2025-08-22T223000_AIU-0547.ghg	2025-08-22	23:00:00	234.958	0	18000	18000	0.05830790068534098	1	NaN	33.52999569682483	1	NaN	NaN	NaN	NaN	NaN	NaN	NaN	NaN	NaN	NaN	0.05911755599252828	1	NaN	NaN	NaN	NaN	NaN	NaN	NaN	NaN	NaN	NaN	NaN	NaN	-1.5415052517714548e-12	NaN	NaN	NaN	NaN	NaN	0	NaN	NaN	NaN	NaN	0	0.08743682017152064	2.232003148594503	2.232003148594503	0	1	NaN	NaN	NaN	NaN	9	295.0910717985365	293.34114593366417	95539.41036673388	1.1346636735468703	1005.557626445329	0.025527039343563603	NaN	NaN	NaN	NaN	NaN	NaN	NaN	NaN	-0.04131833530350911	-0.28842431416128106	0.209869341996333	0.35908345901979516	1.8054601168871057e-14	-1.7629932661635652e-14	0.35908345901979516	1.2785146143930202	70.15246218011089	261.8475378198891	35.76473728579985	NaN	0.22668883322957123	0.08258772403991337	-29.289968723837887	-0.09901000671399866	NaN	0.12963708449292385	0	73.44898737173891	-11.146167201668222	25.212660558887016	62.78308969518777	95.7481731600918	134.28817426858058	201.18815556356975	0.05670620899938668	1.0282454375670154	32.71643809724881	1.0248669368333354	NaN	1	NaN	1	NaN	1	0.050901601733679004	1.1614085604188993	NaN	NaN	800009909	800009909	800009909	800009919	800009919	800009919	899999999	899999999	89999	89999	89	89	8	4	0	27	0	0	3	NaN	0	0	0	0	0	0	0	0	0	NaN	NaN	NaN	NaN	0	54	0	0	0	0	0	0	17802	0	0	0	18000	18000	18000	18000	6	NaN	0.07328090320138224	0.032903949345508186	0.05899059553293632	0.054301558336400865	NaN	NaN	1.972249044325325e-7	NaN	0.028674238938555238	NaN	NaN	0.000050901601733679004	NaN	NaN	NaN	95927.07069097222	11.670093411763512	NaN	0	0	0	0	0.0002865026339713949	-1	0	2.106035341876524	66.76748381433853	1.0000743156555627	-456.81587660895883	9.000474418507682	-345.0982469177244	199
DATA	2025-08-22T230000_AIU-0547.ghg	2025-08-22	23:30:00	234.979	0	18000	18000	0.05076723242568247	1	NaN	36.00817513677417	0	NaN	NaN	NaN	NaN	NaN	NaN	NaN	NaN	NaN	NaN	0.024266295541811898	1	NaN	NaN	NaN	NaN	NaN	NaN	NaN	NaN	NaN	NaN	NaN	NaN	1.5044155301142047e-12	NaN	NaN	NaN	NaN	NaN	0	NaN	NaN	NaN	NaN	0	0.08753547078332286	2.234081884212317	2.234081884212317	0.8	0	NaN	NaN	NaN	NaN	9	294.98828310818146	293.2607530449761	95532.01770529513	1.1348869017730188	1005.555558266598	0.025522018265513816	NaN	NaN	NaN	NaN	NaN	NaN	NaN	NaN	0.04173337712922029	-0.31658796571312653	0.22252190010954379	0.3892115245330526	-2.6250225674221378e-14	1.71863533337028e-14	0.3892115245330526	1.2645579549884436	54.4904328505005	277.5095671494995	34.87059251436362	NaN	0.21150247430305955	0.08568716813020066	-22.150441201441247	-0.13092290007348964	NaN	0.149185634334854	0	72.44263831893579	-10.993449850385856	24.86721349446847	61.92287766085391	94.43629553161463	132.448247241488	198.4316095983832	0.04945661237582977	1.0265004007935898	35.17389837151252	1.0237186323918344	NaN	1	NaN	1	NaN	1	0.02092398183774923	1.159736025866394	NaN	NaN	800009909	800009909	800009909	800009909	800009919	801019919	899999999	899999999	89999	89999	89	89	20	1	0	20	0	0	2	NaN	0	0	0	0	0	0	0	0	0	NaN	NaN	NaN	NaN	0	0	0	0	0	0	0	0	17901	0	0	0	18000	18000	18000	18000	6	NaN	0.06264901480476451	0.05557176648486146	0.053153554970775375	0.05400194709374208	NaN	NaN	8.61482313925176e-8	NaN	0.030822073364603905	NaN	NaN	0.00002092398183774923	NaN	NaN	NaN	95920.56693858506	11.649999618530273	NaN	0	0	0	0	0.00028639278853855407	-1	0	2.1066678114102944	70.19395329380922	1.0000661800685855	-491.5383780670124	9.000462531063292	-371.3016230180542	215
