DATAH	filename	date	time	DOY	daytime	file_records	used_records	Tau	qc_Tau	rand_err_Tau	H	qc_H	rand_err_H	LE	qc_LE	rand_err_LE	co2_flux	qc_co2_flux	rand_err_co2_flux	h2o_flux	qc_h2o_flux	rand_err_h2o_flux	ch4_flux	qc_ch4_flux	rand_err_ch4_flux	none_flux	qc_none_flux	rand_err_none_flux	H_strg	LE_strg	co2_strg	h2o_strg	ch4_strg	none_strg	co2_v-adv	h2o_v-adv	ch4_v-adv	none_v-adv	co2_molar_density	co2_mole_fraction	co2_mixing_ratio	co2_time_lag	co2_def_timelag	h2o_molar_density	h2o_mole_fraction	h2o_mixing_ratio	h2o_time_lag	h2o_def_timelag	ch4_molar_density	ch4_mole_fraction	ch4_mixing_ratio	ch4_time_lag	ch4_def_timelag	none_molar_density	none_mole_fraction	none_mixing_ratio	none_time_lag	none_def_timelag	sonic_temperature	air_temperature	air_pressure	air_density	air_heat_capacity	air_molar_volume	ET	water_vapor_density	e	es	specific_humidity	RH	VPD	Tdew	u_unrot	v_unrot	w_unrot	u_rot	v_rot	w_rot	wind_speed	max_wind_speed	wind_dir	yaw	pitch	roll	u*	TKE	L	(z-d)/L	bowen_ratio	T*	model	x_peak	x_offset	x_10%	x_30%	x_50%	x_70%	x_90%	un_Tau	Tau_scf	un_H	H_scf	un_LE	LE_scf	un_co2_flux	co2_scf	un_h2o_flux	h2o_scf	un_ch4_flux	ch4_scf	un_none_flux	un_none_scf	spikes_hf	amplitude_resolution_hf	drop_out_hf	absolute_limits_hf	skewness_kurtosis_hf	skewness_kurtosis_sf	discontinuities_hf	discontinuities_sf	timelag_hf	timelag_sf	attack_angle_hf	non_steady_wind_hf	u_spikes	v_spikes	w_spikes	ts_spikes	co2_spikes	h2o_spikes	ch4_spikes	none_spikes	head_detect_LI-7200	t_out_LI-7200	t_in_LI-7200	aux_in_LI-7200	delta_p_LI-7200	chopper_LI-7200	detector_LI-7200	pll_LI-7200	sync_LI-7200	chopper_LI-7500	detector_LI-7500	pll_LI-7500	sync_LI-7500	not_ready_LI-7700	no_signal_LI-7700	re_unlocked_LI-7700	bad_temp_LI-7700	laser_temp_unregulated_LI-7700	block_temp_unregulated_LI-7700	motor_spinning_LI-7700	pump_on_LI-7700	top_heater_on_LI-7700	bottom_heater_on_LI-7700	calibrating_LI-7700	motor_failure_LI-7700	bad_aux_tc1_LI-7700	bad_aux_tc2_LI-7700	bad_aux_tc3_LI-7700	box_connected_LI-7700	mean_value_RSSI_LI-7200	mean_value_LI-7500	u_var	v_var	w_var	ts_var	co2_var	h2o_var	ch4_var	none_var	w/ts_cov	w/co2_cov	w/h2o_cov	w/ch4_cov	w/none_cov	co2_mean	h2o_mean	air_p_mean	vin_sf_mean	dew_point_mean	avg_signal_strength_7200_mean	co2_signal_strength_7200_mean	h2o_signal_strength_7200_mean	delta_signal_strength_7200_mean	flowrate_mean	hit_power_mean	hit_vin_mean	ch4_mean	rssi_77_mean	ch4_aux-1_mean	ch4_aux-2_mean	ch4_aux-3_mean	ch4_aux-4_mean	CHK
DATAU		[yyyy-mm-dd]	[HH:MM]	[ddd.ddd]	[1=daytime]	[#]	[#]	[kg+1m-1s-2]	[#]	[kg+1m-1s-2]	[W+1m-2]	[#]	[W+1m-2]	[W+1m-2]	[#]	[W+1m-2]	[µmol+1s-1m-2]	[#]	[µmol+1s-1m-2]	[mmol+1s-1m-2]	[#]	[mmol+1s-1m-2]	[µmol+1s-1m-2]	[#]	[µmol+1s-1m-2]	[µmol+1s-1m-2]	[#]	[µmol+1s-1m-2]	[W+1m-2]	[W+1m-2]	[µmol+1s-1m-2]	[mmol+1s-1m-2]	[µmol+1s-1m-2]	[µmol+1s-1m-2]	[µmol+1s-1m-2]	[mmol+1s-1m-2]	[µmol+1s-1m-2]	[µmol+1s-1m-2]	[mmol+1m-3]	[µmol+1mol_a-1]	[µmol+1mol_d-1]	[s]	[1=default]	[mmol+1m-3]	[mmol+1mol_a-1]	[mmol+1mol_d-1]	[s]	[1=default]	[mmol+1m-3]	[µmol+1mol_a-1]	[µmol+1mol_d-1]	[s]	[1=default]	[mmol+1m-3]	[µmol+1mol_a-1]	[µmol+1mol_d-1]	[s]	[1=default]	[K]	[K]	[Pa]	[kg+1m-3]	[J+1kg-1K-1]	[m+3mol-1]	[mm]	[kg+1m-3]	[Pa]	[Pa]	[kg+1kg-1]	[%]	[Pa]	[K]	[m+1s-1]	[m+1s-1]	[m+1s-1]	[m+1s-1]	[m+1s-1]	[m+1s-1]	[m+1s-1]	[m+1s-1]	[deg_from_north]	[deg]	[deg]	[deg]	[m+1s-1]	[m+2s-2]	[m]	[#]	[#]	[K]	[0=KJ/1=KM/2=HS]	[m]	[m]	[m]	[m]	[m]	[m]	[m]	[kg+1m-1s-2]	[#]	[W+1m-2]	[#]	[W+1m-2]	[#]	[µmol+1s-1m-2]	[#]	[mmol+1s-1m-2]	[#]	[µmol+1s-1m-2]	[#]	[µmol+1s-1m-2]	[#]	8u/v/w/ts/co2/h2o/ch4/none	8u/v/w/ts/co2/h2o/ch4/none	8u/v/w/ts/co2/h2o/ch4/none	8u/v/w/ts/co2/h2o/ch4/none	8u/v/w/ts/co2/h2o/ch4/none	8u/v/w/ts/co2/h2o/ch4/none	8u/v/w/ts/co2/h2o/ch4/none	8u/v/w/ts/co2/h2o/ch4/none	8co2/h2o/ch4/none	8co2/h2o/ch4/none	8aa	8U	[#]	[#]	[#]	[#]	[#]	[#]	[#]	[#]	[#_flagged_recs]	[#_flagged_recs]	[#_flagged_recs]	[#_flagged_recs]	[#_flagged_recs]	[#_flagged_recs]	[#_flagged_recs]	[#_flagged_recs]	[#_flagged_recs]	[#_flagged_recs]	[#_flagged_recs]	[#_flagged_recs]	[#_flagged_recs]	[#_flagged_recs]	[#_flagged_recs]	[#_flagged_recs]	[#_flagged_recs]	[#_flagged_recs]	[#_flagged_recs]	[#_flagged_recs]	[#_flagged_recs]	[#_flagged_recs]	[#_flagged_recs]	[#_flagged_recs]	[#_flagged_recs]	[#_flagged_recs]	[#_flagged_recs]	[#_flagged_recs]	[#_flagged_recs]	[#]	[#]	[m+2s-2]	[m+2s-2]	[m+2s-2]	[K+2]	--	--	--	--	[m+1s-1K+1]	--	--	--	--	--	--	--	--	--	--	--	--	--	--	--	--	--	--	--	--	--	--	207
DATA	2025-08-23T233000_AIU-0547.ghg	2025-08-24	00:00:00	236	0	18000	18000	0.03442526830781847	1	NaN	-2.4516173217582	2	NaN	NaN	NaN	NaN	NaN	NaN	NaN	NaN	NaN	NaN	0.017462142932203394	1	NaN	NaN	NaN	NaN	NaN	NaN	NaN	NaN	NaN	NaN	NaN	NaN	-1.3573697476863822e-12	NaN	NaN	NaN	NaN	NaN	0	NaN	NaN	NaN	NaN	0	0.0892535683326038	2.2845977420588865	2.2845977420588865	0	1	NaN	NaN	NaN	NaN	9	295.0700362294515	293.40598771148404	95300.42502898208	1.1315752597678368	1005.5592973572969	0.025596710414370477	NaN	NaN	NaN	NaN	NaN	NaN	NaN	NaN	-0.17285014448923178	0.3326887852434118	0.2142212309824127	0.4317982585424634	1.2020849918950822e-14	-1.5208016587394447e-14	0.4317982585424634	2.0186793360004174	214.54563871362413	117.45436128637587	29.743246274955194	NaN	0.17442026623475254	0.09484466399705886	182.14794185590202	0.015921124172208336	NaN	-0.012352777149882102	1	2.105354913037498	1	2	4	6	12	41	0.03396350658840622	1.013595819919545	-2.414019549685012	1.0155747587371833	NaN	1	NaN	1	NaN	1	0.014812459556920832	1.1788820664860178	NaN	NaN	800009909	800009909	800009909	800009919	800009919	810019919	899999999	899999999	89999	89999	89	89	30	13	5	15	0	0	0	NaN	0	0	0	0	0	0	0	0	0	NaN	NaN	NaN	NaN	0	0	0	0	0	0	101	0	17802	0	0	16	18000	18000	18000	18000	6	NaN	0.06477839229004816	0.08984685313392785	0.03506408257014173	0.09397298434071683	NaN	NaN	2.925327517486624e-7	NaN	-0.002121532325104368	NaN	NaN	0.000014812459556920833	NaN	NaN	NaN	95688.9632248264	11.649906921810576	NaN	0	0	0	0	0.0002870840734685771	-1	0	2.149855255027613	45.5027956185869	1.000081342369318	-380.58787340799984	9.000503624280293	-273.15000578940266	137
DATA	2025-08-24T000000_AIU-0547.ghg	2025-08-24	00:30:00	236.02	0	18000	18000	0.022001292069882585	1	NaN	27.35307379662039	0	NaN	NaN	NaN	NaN	NaN	NaN	NaN	NaN	NaN	NaN	-0.02343795634447757	0	NaN	NaN	NaN	NaN	NaN	NaN	NaN	NaN	NaN	NaN	NaN	NaN	1.0836288742607938e-12	NaN	NaN	NaN	NaN	NaN	0	NaN	NaN	NaN	NaN	0	0.08905937610568114	2.2758635673403314	2.2758635673403314	-0.1	0	NaN	NaN	NaN	NaN	9	294.52709382629394	292.86029099706786	95280.47961150938	1.133446494532755	1005.5453132660207	0.02555445217401599	NaN	NaN	NaN	NaN	NaN	NaN	NaN	NaN	-0.2293036466644724	-0.17775241831820718	0.22523395663962753	0.3672960928394629	-1.7992821654924766e-14	1.2167487822673716e-14	0.3672960928394629	1.0875566291869734	114.21774540285128	217.78225459714872	37.822823566073296	NaN	0.13932324507803692	0.052130283210497216	-8.319165744220644	-0.34859264608529295	NaN	0.17225819255795755	1	2.307193942676867	1	2	3	5	9	23	0.021407366405940022	1.027743985536575	26.69799440420453	1.0245366517985597	NaN	1	NaN	1	NaN	1	-0.020189016723442997	1.1609260948930704	NaN	NaN	800009909	800009909	800009909	800009919	800009919	800009919	899999999	899999999	89999	89999	89	89	1	0	1	2	0	0	0	NaN	0	0	0	0	0	0	0	0	0	NaN	NaN	NaN	NaN	0	0	0	0	0	0	101	0	17602	0	0	11	18000	18000	18000	18000	6	NaN	0.030045766574589374	0.04754730936744716	0.026667490478957907	0.04984999209986971	NaN	NaN	1.2891406513058446e-7	NaN	0.02342480411639846	NaN	NaN	-0.000020189016723442996	NaN	NaN	NaN	95668.9508921441	11.670000076293945	NaN	0	0	0	0	0.0002867477537268618	-1	0	2.1398988286587923	44.37320616361829	1.0000826431877083	-294.02386977301296	9.000668292072085	-273.1499938964844	205
DATA	2025-08-24T003000_AIU-0547.ghg	2025-08-24	01:00:00	236.041	0	18000	18000	0.015443196761439197	1	NaN	22.327871976578436	0	NaN	NaN	NaN	NaN	NaN	NaN	NaN	NaN	NaN	NaN	-0.017605993741468595	0	NaN	NaN	NaN	NaN	NaN	NaN	NaN	NaN	NaN	NaN	NaN	NaN	1.577732264990331e-13	NaN	NaN	NaN	NaN	NaN	0	NaN	NaN	NaN	NaN	0	0.08924244257952317	2.2788764516451674	2.2788764516451674	-0.7	0	NaN	NaN	NaN	NaN	9	294.3108513675266	292.62570559303816	95273.72857334907	1.1342747556737507	1005.5393561637839	0.025535792004062197	NaN	NaN	NaN	NaN	NaN	NaN	NaN	NaN	-0.3263853123830374	-0.26173272403087045	0.2014107348552474	0.4643249671113162	-6.825320954679584e-15	1.7679169455547202e-15	0.4643249671113162	1.0975299721537004	113.27341007479936	218.7265899252006	25.707120499623553	NaN	0.11668350578327716	0.04164064824300732	-5.986482253371907	-0.48442472177488954	NaN	0.16777240276968053	1	4.588755788711783	2	4	6	10	16	40	0.015095055327897755	1.023063276415955	21.858636615088074	1.0214668174302541	NaN	1	NaN	1	NaN	1	-0.015223489268671833	1.1565018656859225	NaN	NaN	800009909	800009909	800009909	800009919	800009919	800009919	899999999	899999999	89999	89999	89	89	7	0	0	7	0	0	0	NaN	0	0	0	0	0	0	0	0	0	NaN	NaN	NaN	NaN	0	0	0	0	0	0	101	0	17602	0	0	16	18000	18000	18000	18000	6	NaN	0.029861112690652482	0.03613982307141763	0.017280360723944524	0.05351319897964626	NaN	NaN	3.2354670233783407e-7	NaN	0.019164863502956615	NaN	NaN	-0.000015223489268671833	NaN	NaN	NaN	95664.9408626302	11.66336547999912	NaN	0	0	0	0	0.00028671448354725723	-1	0	2.142060460911857	41.28423877101478	1.0000959087510903	-273.1499938964844	9.000839086373647	-273.1499938964844	166
DATA	2025-08-24T010000_AIU-0547.ghg	2025-08-24	01:30:00	236.062	0	18000	18000	0.023727082173094192	1	NaN	28.81987237855064	1	NaN	NaN	NaN	NaN	NaN	NaN	NaN	NaN	NaN	NaN	-0.021353943937760855	1	NaN	NaN	NaN	NaN	NaN	NaN	NaN	NaN	NaN	NaN	NaN	NaN	1.5364355580009753e-12	NaN	NaN	NaN	NaN	NaN	0	NaN	NaN	NaN	NaN	0	0.08862027994253137	2.264801253313989	2.264801253313989	0	1	NaN	NaN	NaN	NaN	9	294.4928724755181	292.80395823832	95255.48321288025	1.1333671473792293	1005.5438797572452	0.025556241243907957	NaN	NaN	NaN	NaN	NaN	NaN	NaN	NaN	-0.2898687377261616	-0.2493589750832308	0.2131646576120061	0.4377704362110088	6.174825020812379e-14	1.7337290730714524e-14	0.4377704362110088	1.2643110226582563	111.29630483445374	220.7036951655463	29.139163016883085	NaN	0.14468944717857896	0.05446154721969567	-8.84202440117084	-0.32797918988054237	NaN	0.17477670571793477	1	3.021538220367454	1	2	4	7	12	30	0.023167486959175428	1.0241543338258852	28.19452465935937	1.02217975747939	NaN	1	NaN	1	NaN	1	-0.01844803835986562	1.1575184050038154	NaN	NaN	800009909	800009909	800009909	800009919	800009919	800009919	899999999	899999999	89999	89999	89	89	5	4	0	3	0	0	3	NaN	0	0	0	0	0	0	0	0	0	NaN	NaN	NaN	NaN	0	0	0	0	0	0	101	0	17802	17998	0	16	18000	18000	18000	18000	6	NaN	0.042850718756555634	0.043319040378773044	0.02275333530406266	0.06022085762573032	NaN	NaN	2.9685857098881925e-7	NaN	0.024739626024663324	NaN	NaN	-0.00001844803835986562	NaN	NaN	NaN	95651.80948307291	11.65999984741211	NaN	0	0	0	0	0.000286792239559064	-1	0	2.1289266531798567	44.09774787616756	1.0000716698964436	-320.1464958699479	9.000636988388168	-290.7534946356865	143
DATA	2025-08-24T013000_AIU-0547.ghg	2025-08-24	02:00:00	236.083	0	18000	18000	0.029242571489752494	1	NaN	19.3385278294123	0	NaN	NaN	NaN	NaN	NaN	NaN	NaN	NaN	NaN	NaN	-0.013149230816748136	1	NaN	NaN	NaN	NaN	NaN	NaN	NaN	NaN	NaN	NaN	NaN	NaN	-5.925412646044373e-15	NaN	NaN	NaN	NaN	NaN	0	NaN	NaN	NaN	NaN	0	0.08751043116173944	2.2387909210391124	2.2387909210391124	0.4	0	NaN	NaN	NaN	NaN	9	294.7540613284641	293.0674727472009	95240.99544776419	1.132175846047783	1005.5506016826594	0.025583132105717898	NaN	NaN	NaN	NaN	NaN	NaN	NaN	NaN	-0.3003911514174303	0.11786148591891195	0.20512715614960844	0.3823654324111029	1.317703223576072e-14	-6.771092962726746e-17	0.3823654324111029	1.562527099142008	173.4230586210486	158.5769413789514	32.443582329471894	NaN	0.1607129368713016	0.08270206908622998	-18.055853839628814	-0.1606127312370633	NaN	0.1056950763309018	1	2.052197457478435	1	2	3	5	9	23	0.028477246833128935	1.026874952522911	18.88593122617908	1.0239647490935393	NaN	1	NaN	1	NaN	1	-0.011334627555792136	1.1600937703531966	NaN	NaN	800009909	800009909	800009909	800009919	800009919	800009919	899999999	899999999	89999	89999	89	89	7	0	0	11	0	0	2	NaN	0	0	0	0	0	0	0	0	0	NaN	NaN	NaN	NaN	0	0	0	0	0	0	101	0	17801	18000	0	16	18000	18000	18000	18000	6	NaN	0.03080922503741328	0.10113869829932325	0.03345621483572343	0.034125146946403895	NaN	NaN	5.244085463386772e-7	NaN	0.016589014558375095	NaN	NaN	-0.000011334627555792136	NaN	NaN	NaN	95637.90488519965	11.620450878281895	NaN	0	0	0	0	0.00028727539417256306	-1	0	2.1049276574320253	42.60356581221672	1.0000413647625181	-273.1499938964844	9.000519903421402	-273.1499938964844	202
DATA	2025-08-24T020000_AIU-0547.ghg	2025-08-24	02:30:00	236.104	0	18000	18000	0.01407223293910325	1	NaN	15.12581249378137	0	NaN	NaN	NaN	NaN	NaN	NaN	NaN	NaN	NaN	NaN	-0.030914653904955593	0	NaN	NaN	NaN	NaN	NaN	NaN	NaN	NaN	NaN	NaN	NaN	NaN	-1.812398457647782e-13	NaN	NaN	NaN	NaN	NaN	0	NaN	NaN	NaN	NaN	0	0.08922610717868318	2.283054940502974	2.283054940502974	0.2	0	NaN	NaN	NaN	NaN	9	294.68754299502905	293.051475819439	95220.29355341081	1.1319915417413264	1005.5501924440198	0.025587297403112684	NaN	NaN	NaN	NaN	NaN	NaN	NaN	NaN	-0.2385044289031845	0.11024519158183986	0.1949998770617463	0.32720531311004863	9.643742557605448e-15	-2.0312423291294035e-15	0.32720531311004863	1.2704277896643081	176.8080513804448	155.19194861955515	36.58079304127472	NaN	0.11149616168206028	0.11690704460664796	-7.706947143480519	-0.37628388336011565	NaN	0.1191823269084821	1	2.793473135384338	1	2	4	6	11	27	0.013656970516750896	1.0304066280177595	14.738302003674871	1.0262927500067427	NaN	1	NaN	1	NaN	1	-0.02657033317918302	1.1635026815988971	NaN	NaN	800009909	800009909	800009909	800009919	800009919	800009919	899999999	899999999	89999	89999	89	89	2	2	0	17	0	0	1	NaN	0	0	0	0	0	0	0	0	0	NaN	NaN	NaN	NaN	0	0	0	0	0	0	101	0	16208	603	0	16	18000	18000	18000	18000	6	NaN	0.017228132053480543	0.19784853467769073	0.018737422482124642	0.044712761117866685	NaN	NaN	3.752318721121948e-7	NaN	0.012947935168152538	NaN	NaN	-0.00002657033317918302	NaN	NaN	NaN	95615.2135670573	11.633208761850991	NaN	0	0	0	0	0.0002875442460159927	-1	0	2.1457318469087263	44.83226616393183	1.0000507909754912	-273.1499938964844	9.000575525972579	-273.1499938964844	082
DATA	2025-08-24T023000_AIU-0547.ghg	2025-08-24	03:00:00	236.124	0	18000	18000	0.034800813047217556	1	NaN	33.57945035608856	0	NaN	NaN	NaN	NaN	NaN	NaN	NaN	NaN	NaN	NaN	-0.014513787203314067	1	NaN	NaN	NaN	NaN	NaN	NaN	NaN	NaN	NaN	NaN	NaN	NaN	-4.307911473724605e-14	NaN	NaN	NaN	NaN	NaN	0	NaN	NaN	NaN	NaN	0	0.08841931940657224	2.2615708762799374	2.2615708762799374	-0.4	0	NaN	NaN	NaN	NaN	9	294.56841086832685	292.900195453332	95206.51023167321	1.1324122627856104	1005.546329862725	0.025577791046781498	NaN	NaN	NaN	NaN	NaN	NaN	NaN	NaN	-0.22662762972155753	-0.19213914099221946	0.2181816024630478	0.3686200533174868	-7.265132981840686e-15	-4.872138241548596e-16	0.3686200533174868	1.0443749600562724	111.70809869558741	220.29190130441256	36.29106576756542	NaN	0.17530423721358226	0.06280254275282919	-13.492065546864634	-0.21494114373569131	NaN	0.16821879623737876	1	1.5573179947785574	1	1	2	4	6	16	0.033863978931233524	1.027664620211536	32.77691765978656	1.024484690861783	NaN	1	NaN	1	NaN	1	-0.012502721544412072	1.1608502318281906	NaN	NaN	800009909	800009909	800009909	800009919	800009919	800009919	899999999	899999999	89999	89999	89	89	2	4	0	10	0	0	0	NaN	0	0	0	0	0	0	0	0	0	NaN	NaN	NaN	NaN	0	0	0	0	0	0	101	0	15511	0	0	11	18000	18000	18000	18000	6	NaN	0.04093483727733697	0.049049336094792104	0.0356209121335293	0.056133854656519856	NaN	NaN	1.8604779327814539e-7	NaN	0.028784683677971365	NaN	NaN	-0.000012502721544412072	NaN	NaN	NaN	95600.95689388021	11.65999984741211	NaN	0	0	0	0	0.000287137485911242	-1	0	2.1251418809824507	49.00413660017633	1.000063887813025	-273.1499938964844	9.000713510751725	-273.1499938964844	101
DATA	2025-08-24T030000_AIU-0547.ghg	2025-08-24	03:30:00	236.145	0	18000	18000	0.032359004637895046	1	NaN	30.331287098053703	1	NaN	NaN	NaN	NaN	NaN	NaN	NaN	NaN	NaN	NaN	0.08553574644718748	1	NaN	NaN	NaN	NaN	NaN	NaN	NaN	NaN	NaN	NaN	NaN	NaN	8.761871790161567e-13	NaN	NaN	NaN	NaN	NaN	0	NaN	NaN	NaN	NaN	0	0.08855326357639702	2.266933901135073	2.266933901135073	0	0	NaN	NaN	NaN	NaN	9	294.6907208251953	293.0605464351131	95177.23621475013	1.1314446495518318	1005.5504244728016	0.02559966521368617	NaN	NaN	NaN	NaN	NaN	NaN	NaN	NaN	-0.09713564854499751	-0.09796964069497778	0.2371070393028133	0.2743230446082049	1.0793272492837648e-14	9.894465134650278e-15	0.2743230446082049	1.0305957162533446	106.7550863972341	225.24491360276593	59.806870162809716	NaN	0.16911452908154256	0.057073462264412705	-13.407046512140978	-0.21630416493102012	NaN	0.15764229634154736	1	0.8961210664566494	1	1	1	2	4	11	0.03126552918048461	1.0349738349572848	29.46738620633181	1.0293171876756502	NaN	1	NaN	1	NaN	1	0.07323328165912951	1.167990079228196	NaN	NaN	800009909	800009909	800009909	800009919	800009919	810009919	899999999	899999999	89999	89999	89	89	7	1	0	6	0	0	1	NaN	0	0	0	0	0	0	0	0	0	NaN	NaN	NaN	NaN	0	0	0	0	0	0	101	0	17505	0	0	16	18000	18000	18000	18000	6	NaN	0.023140775677075624	0.03424827089248945	0.056757877959260336	0.05798990816398883	NaN	NaN	0.00000450767818789205	NaN	0.025900279358333726	NaN	NaN	0.00007323328165912951	NaN	NaN	NaN	95574.19519769965	11.65999984741211	NaN	0	0	0	0	0.0002869781661073729	-1	0	2.129857472207809	48.697290343496526	1.0000838165548112	-351.43712218390556	9.000557412518395	-273.1499938964844	074
DATA	2025-08-24T033000_AIU-0547.ghg	2025-08-24	04:00:00	236.166	0	18000	18000	0.051729223529470174	1	NaN	25.044822743633723	0	NaN	NaN	NaN	NaN	NaN	NaN	NaN	NaN	NaN	NaN	-0.09692333310174235	1	NaN	NaN	NaN	NaN	NaN	NaN	NaN	NaN	NaN	NaN	NaN	NaN	2.6186624019545917e-12	NaN	NaN	NaN	NaN	NaN	0	NaN	NaN	NaN	NaN	0	0.08886116294786943	2.2753901128708764	2.2753901128708764	-0.6	0	NaN	NaN	NaN	NaN	9	294.72108307647704	293.0885689509423	95162.32115324846	1.131159181103604	1005.5511416052626	0.025606125751536004	NaN	NaN	NaN	NaN	NaN	NaN	NaN	NaN	-0.11058280965961766	-0.08829620181875884	0.2165694252330524	0.25870271160854885	3.168413673282081e-14	2.946914394414166e-14	0.25870271160854885	1.1149871551240254	113.39395469895885	218.60604530104118	56.838941807949155	NaN	0.2138484552135675	0.07624953486459171	-32.82715885344141	-0.08834148617451798	NaN	0.10296365641074988	0	65.67355207437687	-9.966214897472168	22.54360523402888	56.13676454950928	85.61210795501361	120.07219869710545	179.8900336675822	0.04990094752766264	1.0366381019277044	24.3053863686585	1.0304227369094086	NaN	1	NaN	1	NaN	1	-0.08286567633730149	1.1696439030705514	NaN	NaN	800009909	800009909	800009909	800009919	800009919	800009919	899999999	899999999	89999	89999	89	89	5	0	0	15	0	0	1	NaN	0	0	0	0	0	0	0	0	0	NaN	NaN	NaN	NaN	0	2	0	0	0	0	101	0	16105	0	0	16	18000	18000	18000	18000	6	NaN	0.03182310608214803	0.05123383481074857	0.06944212883628681	0.048540440850847695	NaN	NaN	3.146613420828092e-7	NaN	0.021368529709098607	NaN	NaN	-0.00008286567633730149	NaN	NaN	NaN	95556.7184203559	11.65999984741211	NaN	0	0	0	0	0.0002874186364287097	-1	0	2.137640122479861	45.25923974418631	1.0000803615964122	-405.7818744659505	9.000503863255183	-288.9366195593961	128
DATA	2025-08-24T040000_AIU-0547.ghg	2025-08-24	04:30:00	236.187	0	18000	18000	0.03985922129859781	1	NaN	27.354354829830314	1	NaN	NaN	NaN	NaN	NaN	NaN	NaN	NaN	NaN	NaN	0.011858761605924696	1	NaN	NaN	NaN	NaN	NaN	NaN	NaN	NaN	NaN	NaN	NaN	NaN	3.343637501022497e-13	NaN	NaN	NaN	NaN	NaN	0	NaN	NaN	NaN	NaN	0	0.08893121373813398	2.277195388400885	2.277195388400885	0.9	0	NaN	NaN	NaN	NaN	9	294.63957482740614	293.00928737248876	95136.09700546294	1.1311534457267443	1005.5491138950794	0.025606255584302413	NaN	NaN	NaN	NaN	NaN	NaN	NaN	NaN	0.03070552395155044	-0.20380296632385891	0.21788940117433475	0.29992377269507886	4.0047243299184146e-14	3.75980194183354e-15	0.29992377269507886	1.3863748919609067	53.43209845396791	278.5679015460321	46.59232252347638	NaN	0.18771701670868712	0.09911146873533752	-20.32502192024023	-0.14268127293442662	NaN	0.1281144221607703	1	0.8905927952172352	1	1	1	2	4	12	0.03860148758794541	1.0325825192043938	26.616233992663908	1.027731978813	NaN	1	NaN	1	NaN	1	0.0101736878455701	1.1656305742748263	NaN	NaN	800009909	800009909	800009909	800009919	800009919	800009919	899999999	899999999	89999	89999	89	89	5	0	0	8	0	0	7	NaN	0	0	0	0	0	0	0	0	0	NaN	NaN	NaN	NaN	0	0	0	0	0	0	101	0	15112	0	0	16	18000	18000	18000	18000	6	NaN	0.04071417749761325	0.1092162909778127	0.04829246899524908	0.04798491432878878	NaN	NaN	1.3508007771148926e-7	NaN	0.023400319948351993	NaN	NaN	0.000010173687845570101	NaN	NaN	NaN	95528.70482834202	11.640228061665324	NaN	0	0	0	0	0.0002879789507229968	-1	0	2.138630753477414	47.35567581187348	1.0000669388257795	-510.75687887404115	9.000483240776592	-385.594373618219	133
DATA	2025-08-24T043000_AIU-0547.ghg	2025-08-24	05:00:00	236.208	0	18000	18000	0.04049974279382912	1	NaN	6.08840527705389	1	NaN	NaN	NaN	NaN	NaN	NaN	NaN	NaN	NaN	NaN	-0.005564821442964553	1	NaN	NaN	NaN	NaN	NaN	NaN	NaN	NaN	NaN	NaN	NaN	NaN	4.40006938471021e-13	NaN	NaN	NaN	NaN	NaN	0	NaN	NaN	NaN	NaN	0	0.08869951897348687	2.2722789748919334	2.2722789748919334	-0.1	0	NaN	NaN	NaN	NaN	9	294.74956816270617	293.07541633514813	95115.00287469149	1.130647465126179	1005.5508049546571	0.0256177147428628	NaN	NaN	NaN	NaN	NaN	NaN	NaN	NaN	-0.1355470770930508	-0.08665553446165905	0.22059443080893337	0.27302764450733746	-1.8340911979579055e-14	4.9606462759120855e-15	0.27302764450733746	1.0845627792998147	119.40913231625666	212.59086768374337	53.89674332679734	NaN	0.1892616081038028	0.09290625789700803	-93.57558708035032	-0.030990989108194044	NaN	0.028295006396818152	1	0.7217168082470793	1	1	1	2	5	23	0.039126203874175716	1.0351053458717976	5.914492966307115	1.029404432761607	NaN	1	NaN	1	NaN	1	-0.004763909211264873	1.1681208008342856	NaN	NaN	800009909	800009909	800009909	800009919	800009919	800009919	899999999	899999999	89999	89999	89	89	4	2	1	15	0	0	1	NaN	0	0	0	0	0	0	0	0	0	NaN	NaN	NaN	NaN	0	71	0	0	0	0	101	0	17405	0	0	16	18000	18000	18000	18000	6	NaN	0.03896958467944577	0.09119870357005791	0.05564422754451238	0.04343614951246706	NaN	NaN	4.791118273734363e-7	NaN	0.005202190938310596	NaN	NaN	-0.000004763909211264873	NaN	NaN	NaN	95509.00175434028	11.649906921810576	NaN	0	0	0	0	0.00028755595476508865	-1	0	2.1353155069450533	44.93345368935016	1.0000608499927652	-551.9393806033664	9.00048541533947	-435.6593757205554	063
DATA	2025-08-24T050000_AIU-0547.ghg	2025-08-24	05:30:00	236.229	0	18000	18000	0.03149051813791892	1	NaN	19.200312062604755	0	NaN	NaN	NaN	NaN	NaN	NaN	NaN	NaN	NaN	NaN	-0.00936145179162664	2	NaN	NaN	NaN	NaN	NaN	NaN	NaN	NaN	NaN	NaN	NaN	NaN	9.178791461828416e-13	NaN	NaN	NaN	NaN	NaN	0	NaN	NaN	NaN	NaN	0	0.08959831780054076	2.295831444698618	2.295831444698618	0	1	NaN	NaN	NaN	NaN	9	294.81171999189587	293.1317373217151	95111.43149608465	1.1303877823118937	1005.5522472533146	0.025623599873933815	NaN	NaN	NaN	NaN	NaN	NaN	NaN	NaN	-0.3169614777853786	0.3606906047507357	0.21054462839456814	0.5243008023083378	-1.3683399130848672e-14	1.024437923294696e-14	0.5243008023083378	2.1641760861577066	200.69219748559695	131.30780251440305	23.676501355491883	NaN	0.16690762438546042	0.15292413777639635	-20.351093816724614	-0.14249848318308905	NaN	0.10120454478365536	1	3.5558864434991992	2	3	5	8	15	40	0.030843455019911165	1.020978944077116	18.821802542645695	1.020110163152623	NaN	1	NaN	1	NaN	1	-0.008107988044281103	1.1545961514126377	NaN	NaN	800009909	800009909	800009909	800009919	800009919	800109919	899999999	899999999	89999	89999	89	89	14	7	0	21	0	0	13	NaN	0	0	0	0	0	0	0	0	0	NaN	NaN	NaN	NaN	0	92	0	0	0	0	301	0	17006	0	0	16	18000	18000	18000	18000	6	NaN	0.07026149122894719	0.1949030276943308	0.040683756629514754	0.030600369599234182	NaN	NaN	2.5430940938826707e-7	NaN	0.01655880978055171	NaN	NaN	-0.000008107988044281104	NaN	NaN	NaN	95502.64862847222	11.670000076293945	NaN	0	0	0	0	0.0002877773649395548	-1	0	2.159499828543927	45.37323017406587	1.0000646788080534	-529.8946296776738	9.000490250680182	-414.7047498406342	175
DATA	2025-08-24T053000_AIU-0547.ghg	2025-08-24	06:00:00	236.249	1	18000	18000	0.06607723851429416	1	NaN	6.3233947095278	1	NaN	NaN	NaN	NaN	NaN	NaN	NaN	NaN	NaN	NaN	0.11128224425252914	1	NaN	NaN	NaN	NaN	NaN	NaN	NaN	NaN	NaN	NaN	NaN	NaN	1.5373957701868744e-12	NaN	NaN	NaN	NaN	NaN	0	NaN	NaN	NaN	NaN	0	0.08977943360391201	2.2998864874652725	2.2998864874652725	0.1	0	NaN	NaN	NaN	NaN	9	294.6571839447021	293.03020927386325	95102.70615698195	1.1306756994630343	1005.5496486318658	0.02561707503760703	NaN	NaN	NaN	NaN	NaN	NaN	NaN	NaN	0.003101502348151599	0.009666521694581477	0.20809853460648842	0.20834601283406917	-4.7965989637492955e-14	1.712414200527864e-14	0.20834601283406917	1.6110641130877565	259.7888322295229	72.2111677704771	87.2070926431819	NaN	0.24174467315490028	0.14038152191842612	-187.74068316362644	-0.015446838432309788	NaN	0.023006566075613	0	50.66155815157741	-7.6880869030441294	17.390473507760174	43.30473793233391	66.04245771159162	92.62548597633294	138.769856565976	0.06332424712932133	1.0434745221581654	6.109687332546511	1.034978447398259	NaN	1	NaN	1	NaN	1	0.09458577540874694	1.176521985167742	NaN	NaN	800009909	800009909	800009909	800009919	800009919	800019919	899999999	899999999	89999	89999	89	89	0	2	1	4	0	0	10	NaN	0	0	0	0	0	0	0	0	0	NaN	NaN	NaN	NaN	0	994	0	0	0	0	101	0	16208	0	0	11	18000	18000	18000	18000	6	NaN	0.017122074062753144	0.09385393370663331	0.16978703606746579	0.056462707661327806	NaN	NaN	5.094620168567818e-7	NaN	0.0053737493861314555	NaN	NaN	0.00009458577540874694	NaN	NaN	NaN	95494.62836002604	11.656729772567747	NaN	0	0	0	0	0.00028788381087684284	-1	0	2.1692081083061527	40.56365154174929	1.0000714028643238	-273.1499938964844	9.000699324819777	-273.1499938964844	185
DATA	2025-08-24T060000_AIU-0547.ghg	2025-08-24	06:30:00	236.27	1	18000	18000	0.04977720622061501	1	NaN	38.16585462525712	1	NaN	NaN	NaN	NaN	NaN	NaN	NaN	NaN	NaN	NaN	-0.014848936258106698	1	NaN	NaN	NaN	NaN	NaN	NaN	NaN	NaN	NaN	NaN	NaN	NaN	-1.5222632409158022e-12	NaN	NaN	NaN	NaN	NaN	0	NaN	NaN	NaN	NaN	0	0.08979534654288766	2.2987832043301273	2.2987832043301273	0	1	NaN	NaN	NaN	NaN	9	294.41485595109725	292.8698523267752	95113.13659511784	1.1314188610656528	1005.5455567620037	0.02560024870812423	NaN	NaN	NaN	NaN	NaN	NaN	NaN	NaN	-0.038353044689767045	-0.22371571078876507	0.2001359750139855	0.302612101188119	5.982832646481654e-15	-1.6952584955933606e-14	0.302612101188119	1.0715401106437805	71.7280214073262	260.2719785926738	41.40378677857174	NaN	0.20975076420270497	0.08413374366672172	-20.319164640298215	-0.14272240278266862	NaN	0.15993601628460385	0	66.91115726401937	-10.154026259711797	22.96843504678651	57.194650851403374	87.22545131401698	122.33493569770239	183.28002601914295	0.04821727354850912	1.0323521542655563	37.14150327555725	1.0275796954716692	NaN	1	NaN	1	NaN	1	-0.01274144243646349	1.1654046496032486	NaN	NaN	800009909	800009909	800009909	800009919	800009919	800009919	899999999	899999999	89999	89999	89	89	6	3	0	21	0	0	4	NaN	0	0	0	0	0	0	0	0	0	NaN	NaN	NaN	NaN	0	79	0	0	0	0	101	0	17268	0	0	16	18000	18000	18000	18000	6	NaN	0.05407649289110426	0.05043106787939551	0.06375992656294364	0.05023327342851839	NaN	NaN	2.7149909912249677e-7	NaN	0.03264632591230178	NaN	NaN	-0.00001274144243646349	NaN	NaN	NaN	95504.41443250868	11.649999618530273	NaN	0	0	0	0	0.00028718814906702995	-1	0	2.1605554454358806	42.00767953826584	1.0000688209036985	-273.1499938964844	9.000703819354376	-273.1499938964844	156
DATA	2025-08-24T063000_AIU-0547.ghg	2025-08-24	07:00:00	236.291	1	18000	18000	0.014482522987490684	1	NaN	22.405272153137858	0	NaN	NaN	NaN	NaN	NaN	NaN	NaN	NaN	NaN	NaN	0.019552257903382275	1	NaN	NaN	NaN	NaN	NaN	NaN	NaN	NaN	NaN	NaN	NaN	NaN	-1.071035073650565e-12	NaN	NaN	NaN	NaN	NaN	0	NaN	NaN	NaN	NaN	0	0.09064326547658969	2.319588549042157	2.319588549042157	0.5	0	NaN	NaN	NaN	NaN	9	294.35407540045844	292.79590926550225	95126.08244513659	1.1318586273860374	1005.5436750877841	0.025590302123892857	NaN	NaN	NaN	NaN	NaN	NaN	NaN	NaN	-0.05776413262332295	-0.27265065150317835	0.22111954472904588	0.3557652679000886	-1.4382853956611897e-15	-1.1815936551041178e-14	0.3557652679000886	0.9809523206188083	73.96188328145098	258.038116718549	38.42810524684165	NaN	0.11311651603791639	0.04194279137308313	-5.429244671395	-0.5341442825885518	NaN	0.17403278852854526	1	2.976366246872567	1	2	4	6	11	27	0.01408184051303586	1.0284538426694936	21.858709554243685	1.0250043396906778	NaN	1	NaN	1	NaN	1	0.016832036512163084	1.1616097606046374	NaN	NaN	800009909	800009919	800009909	800009919	800009919	800019919	899999999	899999999	89999	89999	89	89	5	3	0	30	0	0	17	NaN	0	0	0	0	0	0	0	0	0	NaN	NaN	NaN	NaN	0	401	0	0	0	0	101	0	16940	0	0	11	18000	18000	18000	18000	6	NaN	0.02106566912945379	0.03861144983404053	0.024208463782671927	0.0391896824463049	NaN	NaN	0.000015858328275490914	NaN	0.01920575548065803	NaN	NaN	0.000016832036512163085	NaN	NaN	NaN	95520.27338172743	11.649999618530273	NaN	0	0	0	0	0.0002868384994637583	-1	0	2.2194754260394354	38.44029545620509	1.0000678028000725	-273.1499938964844	9.000717658042907	-273.1499938964844	199
DATA	2025-08-24T070000_AIU-0547.ghg	2025-08-24	07:30:00	236.312	1	18000	18000	0.04578002659576477	1	NaN	25.495578276414815	0	NaN	NaN	NaN	NaN	NaN	NaN	NaN	NaN	NaN	NaN	0.026001618372765933	2	NaN	NaN	NaN	NaN	NaN	NaN	NaN	NaN	NaN	NaN	NaN	NaN	1.845670641386208e-12	NaN	NaN	NaN	NaN	NaN	0	NaN	NaN	NaN	NaN	0	0.09024648955553724	2.30998310635256	2.30998310635256	0	1	NaN	NaN	NaN	NaN	9	294.3722800801595	292.85978610351503	95124.25638675768	1.1315900304668627	1005.545300409534	0.025596376299279848	NaN	NaN	NaN	NaN	NaN	NaN	NaN	NaN	0.16145898175602516	-0.12877197406676333	0.19597120705320975	0.28470324565876803	-9.549403681431203e-15	2.0451439723319006e-14	0.28470324565876803	1.52234773345226	10.574190365134314	321.42580963486574	43.49845334808776	NaN	0.20113769274993915	0.11351154995296511	-26.823895628092128	-0.10811255904839147	NaN	0.1113988351505907	0	69.55608975727439	-10.555404969778115	23.876354781827928	59.45549936550612	90.67338794899337	127.17071585332545	190.52490588678398	0.04427649419331539	1.0339578015342592	24.785636347698286	1.0286432802756125	NaN	1	NaN	1	NaN	1	0.022281013744870015	1.1669854285132135	NaN	NaN	800009909	800009909	800009909	800009919	800009919	800019919	899999999	899999999	89999	89999	89	89	2	0	1	15	0	0	12	NaN	0	0	0	0	0	0	0	0	0	NaN	NaN	NaN	NaN	0	841	0	0	0	0	101	0	17503	0	0	11	18000	18000	18000	18000	6	NaN	0.0568740419412291	0.11693381028988435	0.053215247674816786	0.03836250871585422	NaN	NaN	0.000001267026650027741	NaN	0.021782580129446897	NaN	NaN	0.000022281013744870014	NaN	NaN	NaN	95516.68588845486	11.653301916334364	NaN	0	0	0	0	0.0002868300818857581	-1	0	2.178292015340596	41.93625919304871	1.0000808252659108	-291.6417446729847	9.000685421678755	-273.1499938964844	085
DATA	2025-08-24T073000_AIU-0547.ghg	2025-08-24	08:00:00	236.333	1	18000	18000	0.04026274726929049	1	NaN	-1.6706839393200654	2	NaN	NaN	NaN	NaN	NaN	NaN	NaN	NaN	NaN	NaN	0.04978567416831828	1	NaN	NaN	NaN	NaN	NaN	NaN	NaN	NaN	NaN	NaN	NaN	NaN	-1.585418814365553e-12	NaN	NaN	NaN	NaN	NaN	0	NaN	NaN	NaN	NaN	0	0.08924975762323883	2.286510561923405	2.286510561923405	0	1	NaN	NaN	NaN	NaN	9	294.6979811884562	293.1758076069428	95141.93587808886	1.1305803484118258	1005.5533771444873	0.02561923553423795	NaN	NaN	NaN	NaN	NaN	NaN	NaN	NaN	-0.05287022090166704	0.08761720353590863	0.21177617460772527	0.2352045551113487	-4.1054290060108897e-16	-1.776384448076912e-14	0.2352045551113487	1.0849038766673231	210.89225994349698	121.10774005650303	64.20957173346379	NaN	0.18871263829903268	0.10282844617941109	338.1240803929918	0.008576733123028132	NaN	-0.007787297205718875	1	0.4872141193494011	1	1	1	2	7	NaN	0.03941658465601145	1.021467172274399	-1.6395745106487627	1.0189740865506582	NaN	1	NaN	1	NaN	1	0.04222993567285021	1.1789190150324023	NaN	NaN	800009909	800009909	800009909	800009919	800009919	800009919	899999999	899999999	89999	89999	89	89	0	1	0	11	0	0	1	NaN	0	0	0	0	0	0	0	0	0	NaN	NaN	NaN	NaN	0	2	0	0	0	0	101	0	17602	0	0	11	18000	18000	18000	18000	6	NaN	0.02813894181934198	0.11722074718814421	0.06029720335133599	0.047801001106294934	NaN	NaN	2.8349285114135654e-7	NaN	-0.0014421970296462831	NaN	NaN	0.000042229935672850206	NaN	NaN	NaN	95538.59926063368	11.65999984741211	NaN	0	0	0	0	0.00028745815633576257	-1	0	2.148002258211239	45.621054862358015	1.0000729236420658	-450.51737634446664	9.00049031273524	-326.88912115308466	210
DATA	2025-08-24T080000_AIU-0547.ghg	2025-08-24	08:30:00	236.354	1	18000	18000	0.025740073583861222	1	NaN	22.5579226385475	0	NaN	NaN	NaN	NaN	NaN	NaN	NaN	NaN	NaN	NaN	-0.010828229510680505	1	NaN	NaN	NaN	NaN	NaN	NaN	NaN	NaN	NaN	NaN	NaN	NaN	8.375055836451717e-13	NaN	NaN	NaN	NaN	NaN	0	NaN	NaN	NaN	NaN	0	0.08947122539854105	2.2945304862094855	2.2945304862094855	-0.1	0	NaN	NaN	NaN	NaN	9	294.90646561092797	293.4796251456209	95143.15067653335	1.1294243636267887	1005.5611979563897	0.02564545725163278	NaN	NaN	NaN	NaN	NaN	NaN	NaN	NaN	0.18437160410861061	-0.2603223181142544	0.18952787535022214	0.3710544612920492	-3.978076604238545e-14	9.360613760620612e-15	0.3710544612920492	1.6237964812422443	26.692212008710783	305.3077879912892	30.715920833478407	NaN	0.15096501554450112	0.12411577796884773	-12.820489939066649	-0.2262004037118042	NaN	0.1315700768022615	1	2.125005265902812	1	2	3	5	9	22	0.025050653938902174	1.0275210238679007	22.02083438842277	1.0243900045135028	NaN	1	NaN	1	NaN	1	-0.009328952281765064	1.1607122840413728	NaN	NaN	800009909	800009909	800009909	800009919	800009919	800019919	899999999	899999999	89999	89999	89	89	0	2	0	66	0	0	5	NaN	0	0	0	0	0	0	0	0	0	NaN	NaN	NaN	NaN	0	1	0	0	0	0	101	0	17305	0	0	11	18000	18000	18000	18000	6	NaN	0.06127168040898035	0.1621156678187159	0.024844207709999226	0.043756747455687986	NaN	NaN	1.0180670646198236e-7	NaN	0.019389567061499767	NaN	NaN	-0.000009328952281765065	NaN	NaN	NaN	95538.75387065973	11.646730176448823	NaN	0	0	0	0	0.00028759189057422593	-1	0	2.1562930401629887	41.493254214121606	1.000059045680695	-553.1910056559251	9.000488047953006	-444.8648761071102	046
DATA	2025-08-24T083000_AIU-0547.ghg	2025-08-24	09:00:00	236.374	1	18000	18000	0.05378043179284141	1	NaN	18.32349072686417	1	NaN	NaN	NaN	NaN	NaN	NaN	NaN	NaN	NaN	NaN	-0.01247076089276989	1	NaN	NaN	NaN	NaN	NaN	NaN	NaN	NaN	NaN	NaN	NaN	NaN	2.67929979377586e-13	NaN	NaN	NaN	NaN	NaN	0	NaN	NaN	NaN	NaN	0	0.08910476469356668	2.287355116184465	2.287355116184465	-0.4	0	NaN	NaN	NaN	NaN	9	295.07341246880424	293.72682699107673	95130.7600924736	1.1283268726662916	1005.5676018695268	0.025670401847204597	NaN	NaN	NaN	NaN	NaN	NaN	NaN	NaN	-0.5613368300780281	-0.14620648631362657	0.16310767499737783	0.6025607745989454	5.022510009248242e-15	3.0069096787248504e-15	0.6025607745989454	1.7535488924482918	137.40103288040808	194.59896711959192	15.705379268044863	NaN	0.21832058008075997	0.09839569539888049	-47.73236735162845	-0.0607554194544064	NaN	0.07397199507369877	0	89.51915530553059	-13.584877184725794	30.72902918066735	76.51962754148329	116.69726009915128	163.66956656873805	245.2068352198721	0.05278560829850983	1.0188464910493351	17.986541028997344	1.0187334350347632	NaN	1	NaN	1	NaN	1	-0.010818599327523406	1.1527149231826388	NaN	NaN	800009909	800009909	800009909	800009919	800009919	810009919	899999999	899999999	89999	89999	89	89	5	2	0	6	0	0	0	NaN	0	0	0	0	0	0	0	0	0	NaN	NaN	NaN	NaN	0	2	0	0	0	0	101	0	15108	0	0	11	18000	18000	18000	18000	6	NaN	0.09787312069755029	0.06555362788628755	0.03336464221392315	0.042461926695389625	NaN	NaN	1.255372245545663e-7	NaN	0.015852634574293662	NaN	NaN	-0.000010818599327523406	NaN	NaN	NaN	95526.47818250868	11.640000343322754	NaN	0	0	0	0	0.0002881751311360857	-1	0	2.1498405373957428	48.75696530406374	1.000068130215837	-502.0358785078243	9.000486382895046	-400.41199924044935	173
DATA	2025-08-24T090000_AIU-0547.ghg	2025-08-24	09:30:00	236.395	1	18000	18000	0.02462388549154566	1	NaN	20.922928782252033	0	NaN	NaN	NaN	NaN	NaN	NaN	NaN	NaN	NaN	NaN	0.010483857851183559	2	NaN	NaN	NaN	NaN	NaN	NaN	NaN	NaN	NaN	NaN	NaN	NaN	-1.6034254207403623e-12	NaN	NaN	NaN	NaN	NaN	0	NaN	NaN	NaN	NaN	0	0.08900379289341065	2.2950185637743026	2.2950185637743026	0.6	0	NaN	NaN	NaN	NaN	9	295.56988894907636	295.03401363702505	95127.1355001065	1.123284873326468	1005.602069335149	0.025785626535295814	NaN	NaN	NaN	NaN	NaN	NaN	NaN	NaN	-0.5019570540737607	-0.24551379364077636	0.14644443707233462	0.5776537718666819	6.852186182314685e-15	-1.8015248211507075e-14	0.5776537718666819	1.8673950314918852	125.93613528333992	206.06386471666005	14.685665215704043	NaN	0.14805849693700318	0.07222583215476269	-13.038203645949277	-0.22242327844763912	NaN	0.12510454038847166	1	5.053091641450953	2	4	7	11	19	50	0.02415370549744649	1.0194661640694789	20.5301444213802	1.0191320797754733	NaN	1	NaN	1	NaN	1	0.009090686604133258	1.1532525878096895	NaN	NaN	800009909	800009909	800009909	800009919	800109919	800109919	899999999	899999999	89999	89999	89	89	10	6	2	10	0	0	4	NaN	0	0	0	0	0	0	0	0	0	NaN	NaN	NaN	NaN	0	0	0	0	0	0	101	0	13171	0	0	16	18000	18000	18000	18000	6	NaN	0.06889789985248312	0.045446886399127626	0.030106878057914642	0.08335609297552807	NaN	NaN	2.825802061410486e-7	NaN	0.018175063446135963	NaN	NaN	0.000009090686604133259	NaN	NaN	NaN	95538.89513216146	11.669685223242924	NaN	0	0	0	0	0.0002889589712495862	-1	0	2.1603209428750043	51.294969469918094	1.0000727993481688	-332.62237139384104	9.000626713991165	-294.5083697933651	198
DATA	2025-08-24T093000_AIU-0547.ghg	2025-08-24	10:00:00	236.416	1	18000	18000	0.05573741136492239	1	NaN	55.530179333852395	1	NaN	NaN	NaN	NaN	NaN	NaN	NaN	NaN	NaN	NaN	-0.020993828285128247	1	NaN	NaN	NaN	NaN	NaN	NaN	NaN	NaN	NaN	NaN	NaN	NaN	-1.1887136876967789e-13	NaN	NaN	NaN	NaN	NaN	0	NaN	NaN	NaN	NaN	0	0.08868974669202816	2.2905550098616563	2.2905550098616563	-0.4	0	NaN	NaN	NaN	NaN	9	296.4912223620944	295.50413915507005	95127.5423828125	1.1215026060043374	1005.6147138323113	0.02582660448693718	NaN	NaN	NaN	NaN	NaN	NaN	NaN	NaN	-0.8277232606002143	-0.027072467353168404	0.15074080523709663	0.8417728345527006	2.109490111397079e-15	-1.3403056520440213e-15	0.8417728345527006	2.418778768528234	150.12668625494007	181.87331374505982	10.315908984815099	NaN	0.22293243199934137	0.1127720806198958	-16.770179105221512	-0.17292600048004644	NaN	0.22086348262386996	0	89.47561211985742	-13.578269338309205	30.714082214081223	76.48240748128156	116.64049715889895	163.58995573794073	245.08756368834491	0.054930249690642315	1.0146943019342871	54.64944448223018	1.0161160805927056	NaN	1	NaN	1	NaN	1	-0.018264300002114216	1.14944609334593	NaN	NaN	800009909	800009909	800009909	800009909	800009909	800009909	899999999	899999999	89999	89999	89	89	2	8	1	3	0	0	0	NaN	0	0	0	0	0	0	0	0	0	NaN	NaN	NaN	NaN	0	0	0	0	0	0	0	0	6161	0	0	0	18000	18000	18000	18000	6	NaN	0.14400585312137412	0.04670683277784241	0.03483147534057506	0.20981165753150516	NaN	NaN	8.558278418425673e-8	NaN	0.048456701219080245	NaN	NaN	-0.000018264300002114215	NaN	NaN	NaN	95533.23732703993	11.650186604393847	NaN	0	0	0	0	0.00029038071465846665	-1	0	2.1573328838811987	50.132945043457696	1.0000600347071886	-273.1499938964844	9.000692124313778	-273.1499938964844	042
DATA	2025-08-24T100000_AIU-0547.ghg	2025-08-24	10:30:00	236.437	1	18000	18000	0.4493047537028427	1	NaN	59.63095071078481	1	NaN	NaN	NaN	NaN	NaN	NaN	NaN	NaN	NaN	NaN	-0.1263551720821943	1	NaN	NaN	NaN	NaN	NaN	NaN	NaN	NaN	NaN	NaN	NaN	NaN	1.0052705026776655e-11	NaN	NaN	NaN	NaN	NaN	0	NaN	NaN	NaN	NaN	0	0.08764377275915093	2.274843520896196	2.274843520896196	-0.2	0	NaN	NaN	NaN	NaN	9	297.3115142678155	296.94235261034464	95115.5888771719	1.1159304666145677	1005.6542118987625	0.02595556363311253	NaN	NaN	NaN	NaN	NaN	NaN	NaN	NaN	-0.1294092911096655	-0.18109621205011972	0.2051162018725241	0.302680126395771	1.7578726749816967e-13	1.1469959257004995e-13	0.302680126395771	3.8207197809974316	97.54916787488526	234.45083212511474	42.661568285887796	NaN	0.6345296777877287	0.7742403456762643	-360.0884494765141	-0.00805357684817698	NaN	0.08374019782532115	0	91.11581962166808	-13.827177154670014	31.277112372414003	77.8844321842732	118.77867329340447	166.58877816860277	249.58034614647028	0.4352267401431635	1.0323463892752738	58.03070342528255	1.0275758726165134	NaN	1	NaN	1	NaN	1	-0.10842224292617522	1.1653989870715884	NaN	NaN	800009909	800009909	800009909	800009919	800009919	800009919	899999999	899999999	89999	89999	89	89	0	2	0	12	0	0	0	NaN	0	0	0	0	0	0	0	0	0	NaN	NaN	NaN	NaN	0	0	0	0	0	0	101	0	5480	0	0	16	18000	18000	18000	18000	6	NaN	0.22630928529239208	1.0525176517344188	0.2696537543257178	0.22358411005877485	NaN	NaN	2.6138758152731787e-7	NaN	0.05170970062646816	NaN	NaN	-0.00010842224292617523	NaN	NaN	NaN	95525.87661284723	11.609999656677246	NaN	0	0	0	0	0.00029129863706637275	-1	0	2.146088212397364	48.18727045101581	1.0000446712109778	-273.1903688981798	9.000509781837463	-273.1499938964844	225
DATA	2025-08-24T103000_AIU-0547.ghg	2025-08-24	11:00:00	236.458	1	18000	18000	0.1317684988440813	0	NaN	24.054774652128508	1	NaN	NaN	NaN	NaN	NaN	NaN	NaN	NaN	NaN	NaN	0.001402467096677578	2	NaN	NaN	NaN	NaN	NaN	NaN	NaN	NaN	NaN	NaN	NaN	NaN	3.692997707125275e-12	NaN	NaN	NaN	NaN	NaN	0	NaN	NaN	NaN	NaN	0	0.0872325166575792	2.2648585137894455	2.2648585137894455	0	1	NaN	NaN	NaN	NaN	9	297.58085398949515	297.0640215942717	95125.59837163564	1.1155908001067765	1005.657609746531	0.025963466383526184	NaN	NaN	NaN	NaN	NaN	NaN	NaN	NaN	0.6430252295788771	-0.5164064987843467	0.2115562591561888	0.8514183276450014	1.8095517196809937e-14	4.233510448427959e-14	0.8514183276450014	4.611972635498873	10.767565005369192	321.2324349946308	14.387295145827894	NaN	0.3436792699077012	0.9445317779168257	-141.84627066774846	-0.02044466862856601	NaN	0.062386825469745506	0	74.90964590784782	-11.367827769779446	25.7140573674906	64.03163864280542	97.6522890839137	136.95872392573426	205.1891255878482	0.12987565091846087	1.0145743094431827	23.6749634533661	1.0160427364338087	NaN	1	NaN	1	NaN	1	0.0012202095964101145	1.1493657325787876	NaN	NaN	800009909	800009909	800009909	800009919	800019919	800019919	899999999	899999999	89999	89999	89	89	3	5	0	34	0	0	3	NaN	0	0	0	0	0	0	0	0	0	NaN	NaN	NaN	NaN	0	0	0	0	0	0	101	0	3245	0	0	16	18000	18000	18000	18000	6	NaN	1.0815639676455078	0.6784224370557276	0.1290771511324162	0.10024913425781973	NaN	NaN	6.052867481645346e-8	NaN	0.021102516518701687	NaN	NaN	0.0000012202095964101146	NaN	NaN	NaN	95521.58544574652	11.64980993509293	NaN	0	0	0	0	0.0002916471290841905	-1	0	2.1370836232503247	52.716689411375285	1.0000600412289302	-273.1499938964844	9.000539645062553	-273.1499938964844	180
DATA	2025-08-24T110000_AIU-0547.ghg	2025-08-24	11:30:00	236.479	1	18000	18000	0.08300703317117879	0	NaN	21.34741360925053	0	NaN	NaN	NaN	NaN	NaN	NaN	NaN	NaN	NaN	NaN	0.024382124589889257	1	NaN	NaN	NaN	NaN	NaN	NaN	NaN	NaN	NaN	NaN	NaN	NaN	-1.0182968007802102e-12	NaN	NaN	NaN	NaN	NaN	0	NaN	NaN	NaN	NaN	0	0.08751535766755401	2.276439120369217	2.276439120369217	0.8	0	NaN	NaN	NaN	NaN	9	298.22549812147355	297.59184603881835	95117.2486328125	1.113514381632842	1005.672452199352	0.0260118815833075	NaN	NaN	NaN	NaN	NaN	NaN	NaN	NaN	0.909356174739329	0.16991725881258524	0.24405686063502635	0.9567467160130985	-3.4625390884405843e-15	-1.1635635480671067e-14	0.9567467160130985	3.283652519056017	321.4160793507838	10.583920649216212	14.778939247657151	NaN	0.2730294728264697	0.47683473905761853	-80.13490397383025	-0.03618897454406455	NaN	0.06982056352165059	0	74.3608466919868	-11.284545371491612	25.525672355802733	63.562533327307115	96.9368738790119	135.9553439286077	203.68587951237822	0.08190778046986488	1.0134206139515445	21.024708757013965	1.0153488381678015	NaN	1	NaN	1	NaN	1	0.021226568906940507	1.1486606571595737	NaN	NaN	800009909	800009909	800009909	800009909	800019919	800019919	899999999	899999999	89999	89999	89	89	0	2	3	37	0	0	12	NaN	0	0	0	0	0	0	0	0	0	NaN	NaN	NaN	NaN	0	0	0	0	0	0	0	0	3969	0	0	0	18000	18000	18000	18000	6	NaN	0.5272377539802695	0.34345709812523073	0.08297462600973676	0.04292873283695447	NaN	NaN	9.358271715434998e-7	NaN	0.018774898767957075	NaN	NaN	0.000021226568906940508	NaN	NaN	NaN	95513.5739296875	11.670000076293945	NaN	0	0	0	0	0.00029239808876688276	-1	0	2.1492707250052034	53.3003481344646	1.0000404078811407	-273.1499938964844	9.000497034046385	-273.1499938964844	006
DATA	2025-08-24T113000_AIU-0547.ghg	2025-08-24	12:00:00	236.499	1	18000	18000	0.09812503522821299	1	NaN	13.030064193234049	2	NaN	NaN	NaN	NaN	NaN	NaN	NaN	NaN	NaN	NaN	0.005511169275339178	2	NaN	NaN	NaN	NaN	NaN	NaN	NaN	NaN	NaN	NaN	NaN	NaN	4.125682848882168e-12	NaN	NaN	NaN	NaN	NaN	0	NaN	NaN	NaN	NaN	0	0.08733435994407371	2.273280519240156	2.273280519240156	0	1	NaN	NaN	NaN	NaN	9	298.8470570848253	297.75676054382325	95105.09035503471	1.112755399346832	1005.677123564806	0.026029623629186684	NaN	NaN	NaN	NaN	NaN	NaN	NaN	NaN	-0.613696827520366	-0.2800190274048221	0.14984103905647578	0.6910041887013253	-5.61907342084271e-14	4.724008799657009e-14	0.6910041887013253	2.4875193078794346	127.47362322217373	204.5263767778263	12.523811969029943	NaN	0.2969546003876202	0.30598366073169236	-168.89795453597105	-0.017170130970309484	NaN	0.03921012403381065	0	94.01663719574923	-14.267387412962655	32.272869175273655	80.36400741682417	122.56018197484107	171.8923978623367	257.52613489372715	0.09648573520816783	1.0169900764761586	12.80534553578819	1.017548816376553	NaN	1	NaN	1	NaN	1	0.004787472350939351	1.1511647214542828	NaN	NaN	800009909	800009909	800009909	800009909	800009919	800019919	899999999	899999999	89999	89999	89	89	4	7	1	27	0	0	2	NaN	0	0	0	0	0	0	0	0	0	NaN	NaN	NaN	NaN	0	0	0	0	0	0	0	0	3407	0	0	0	18000	18000	18000	18000	6	NaN	0.38640499369288267	0.17095443851189313	0.05460788925860897	0.13916525217233733	NaN	NaN	1.3141922997130415e-7	NaN	0.011442818787870752	NaN	NaN	0.00000478747235093935	NaN	NaN	NaN	95502.47646310764	11.660120950949498	NaN	0	0	0	0	0.0002928438491459625	-1	0	2.1464238059388263	51.66077903715767	1.000033449144827	-273.1499938964844	9.00041013012992	-273.1499938964844	083
DATA	2025-08-24T120000_AIU-0547.ghg	2025-08-24	12:30:00	236.52	1	18000	18000	0.23442562830701086	1	NaN	-24.625717891776073	2	NaN	NaN	NaN	NaN	NaN	NaN	NaN	NaN	NaN	NaN	0.010833096581678598	2	NaN	NaN	NaN	NaN	NaN	NaN	NaN	NaN	NaN	NaN	NaN	NaN	-1.4511814659551236e-12	NaN	NaN	NaN	NaN	NaN	0	NaN	NaN	NaN	NaN	0	0.08651909064679476	2.257628283568759	2.257628283568759	0	1	NaN	NaN	NaN	NaN	9	299.434123614841	298.41985552028154	95081.7671666364	1.110010552982339	1005.696069594909	0.026093989970205456	NaN	NaN	NaN	NaN	NaN	NaN	NaN	NaN	-0.16858854423610398	-0.151864023327714	0.13348053693779643	0.26325241227795704	-2.380572380058003e-14	-1.6772962534701408e-14	0.26325241227795704	2.516124023904912	109.9875742842163	222.0124257157837	30.467127036613633	NaN	0.45955658181654496	0.404345209897098	331.1776130905588	0.008756630537122116	NaN	-0.04800163706126243	0	81.08628328156134	-12.305156320859972	27.83429710218699	69.31133537008414	105.70415972186032	148.25158698233534	222.10789227571377	0.2299061904349475	1.0196577476383444	-24.187117063847897	1.0181336546546818	NaN	1	NaN	1	NaN	1	0.009197927061590675	1.177775873752704	NaN	NaN	800009909	800009909	800009909	800009919	800019919	800019919	899999999	899999999	89999	89999	89	89	11	0	1	12	0	0	1	NaN	0	0	0	0	0	0	0	0	0	NaN	NaN	NaN	NaN	0	0	0	0	0	0	101	0	3250	0	0	16	18000	18000	18000	18000	6	NaN	0.32191855147796916	0.29745184335442343	0.1893200249618035	0.13601588480449323	NaN	NaN	1.7734241114707206e-7	NaN	-0.021666574077598887	NaN	NaN	0.000009197927061590675	NaN	NaN	NaN	95477.97711349826	11.66660444302029	NaN	0	0	0	0	0.0002935112083084985	-1	0	2.1329820224112948	49.37797812790335	1.000040246658855	-273.1499938964844	9.00042838218477	-273.1499938964844	110
DATA	2025-08-24T123000_AIU-0547.ghg	2025-08-24	13:00:00	236.541	1	18000	18000	0.26341162952607927	1	NaN	-45.539073709290754	2	NaN	NaN	NaN	NaN	NaN	NaN	NaN	NaN	NaN	NaN	0.07962748568664985	1	NaN	NaN	NaN	NaN	NaN	NaN	NaN	NaN	NaN	NaN	NaN	NaN	-5.436415357179012e-12	NaN	NaN	NaN	NaN	NaN	0	NaN	NaN	NaN	NaN	0	0.08601481778408451	2.248928754075321	2.248928754075321	0	1	NaN	NaN	NaN	NaN	9	299.96107816569	298.88616311320374	95041.52725208984	1.1078097298825125	1005.7095495464162	0.026145829428141216	NaN	NaN	NaN	NaN	NaN	NaN	NaN	NaN	-0.1963707684275	0.10330331653312294	0.2092455542071089	0.30498648470868966	-6.224179964761005e-14	-6.320324215329469e-14	0.30498648470868966	3.6183945591547584	179.7471794070716	152.2528205929284	43.32071253245657	NaN	0.487623789130268	0.3550907366567687	213.88381541904147	0.01355876317391438	NaN	-0.08382268317486516	0	70.8884210449863	-10.7575913828554	24.333700998720637	60.59435611130119	92.41021634387376	129.60664237253272	194.1743676964853	0.2589080463006617	1.0173945278633314	-44.76449293154605	1.0173034636833527	NaN	1	NaN	1	NaN	1	0.0674926391556134	1.179795110738786	NaN	NaN	800009909	800009909	800009909	800009919	800009919	800009919	899999999	899999999	89999	89999	89	89	9	8	4	6	0	0	2	NaN	0	0	0	0	0	0	0	0	0	NaN	NaN	NaN	NaN	0	0	0	0	0	0	101	0	3075	0	0	16	18000	18000	18000	18000	6	NaN	0.22327826893444316	0.18862702614913207	0.29827617822996216	0.2724741033752252	NaN	NaN	2.623448666059491e-7	NaN	-0.040178703645420984	NaN	NaN	0.0000674926391556134	NaN	NaN	NaN	95442.06857855903	11.680000305175781	NaN	0	0	0	0	0.0002946463637377342	-1	0	2.125028716981412	51.56524671279067	1.000036939515008	-273.1499938964844	9.000373519102732	-273.1499938964844	120
DATA	2025-08-24T130000_AIU-0547.ghg	2025-08-24	13:30:00	236.562	1	18000	18000	0.23716977798531547	1	NaN	-104.13424149843041	2	NaN	NaN	NaN	NaN	NaN	NaN	NaN	NaN	NaN	NaN	-0.04917761286553623	1	NaN	NaN	NaN	NaN	NaN	NaN	NaN	NaN	NaN	NaN	NaN	NaN	-2.07243233675275e-12	NaN	NaN	NaN	NaN	NaN	0	NaN	NaN	NaN	NaN	0	0.08566322247538063	2.2432376573235904	2.2432376573235904	0	0	NaN	NaN	NaN	NaN	9	300.3064568523831	299.220906168597	94999.44646283487	1.1060804585322264	1005.7193059600736	0.026186706412641557	NaN	NaN	NaN	NaN	NaN	NaN	NaN	NaN	-0.09502144135497399	-0.009852578334805741	0.1980708458687903	0.21990499676039704	2.963768841714433e-14	-2.4192789821190317e-14	0.21990499676039704	3.505552577587736	146.08027237898978	185.91972762101025	64.25168076274633	NaN	0.4630589831311258	0.37380728489047665	80.07366966857292	0.03621664914325993	NaN	-0.20215930586430436	0	59.07023702528758	-8.964136363020364	20.27690086064581	50.4923501627689	77.00401987408637	107.99923276805252	161.80253072342848	0.23226752799153896	1.021106049718474	-102.07147812286755	1.0202090085643694	NaN	1	NaN	1	NaN	1	-0.04100457619856386	1.1993201106967817	NaN	NaN	800009909	800009909	800009909	800009919	800009919	801119919	899999999	899999999	89999	89999	89	89	11	5	1	7	0	0	0	NaN	0	0	0	0	0	0	0	0	0	NaN	NaN	NaN	NaN	0	0	0	0	0	0	101	0	4011	0	0	21	18000	18000	18000	18000	6	NaN	0.10944847061710955	0.2138027175540591	0.42436338160978465	0.28735897282095885	NaN	NaN	1.2498847044529996e-7	NaN	-0.09175735738282559	NaN	NaN	-0.00004100457619856386	NaN	NaN	NaN	95389.67097916667	11.686634268760681	NaN	0	0	0	0	0.0002948332198947254	-1	0	2.1198550622065864	44.76407404772474	1.000022896392478	-273.1499938964844	9.000289946423637	-273.1499938964844	116
DATA	2025-08-24T133000_AIU-0547.ghg	2025-08-24	14:00:00	236.583	1	18000	18000	0.13513614180178307	1	NaN	-3.634674049338514	2	NaN	NaN	NaN	NaN	NaN	NaN	NaN	NaN	NaN	NaN	-0.04070145672669072	0	NaN	NaN	NaN	NaN	NaN	NaN	NaN	NaN	NaN	NaN	NaN	NaN	-1.2942517215328224e-12	NaN	NaN	NaN	NaN	NaN	0	NaN	NaN	NaN	NaN	0	0.08568063072578244	2.2450236415480957	2.2450236415480957	0.3	0	NaN	NaN	NaN	NaN	9	300.3706119181315	299.28539979672007	94963.62561143338	1.105425133955946	1005.721193343976	0.026202230568694196	NaN	NaN	NaN	NaN	NaN	NaN	NaN	NaN	-0.2368985610482987	0.04613326380733041	0.14598851098101379	0.2820671047724386	8.366223223458627e-17	-1.5105534478090213e-14	0.2820671047724386	2.714714700314728	163.01977275734137	168.98022724265863	31.169164595607665	NaN	0.3496399828756375	0.23628526893143975	987.3156480451322	0.0029372572041595304	NaN	-0.009350556161935787	0	77.0568825612771	-11.69367921602937	26.45113422613418	65.86706423862401	100.45142892593351	140.88455735420908	211.07073944421776	0.13262309956859059	1.018948752075371	-3.5721762045410586	1.017495734034062	NaN	1	NaN	1	NaN	1	-0.03470371578746355	1.172827053332249	NaN	NaN	800009909	800009909	800009909	800009919	800009919	800019919	899999999	899999999	89999	89999	89	89	0	5	1	3	0	0	2	NaN	0	0	0	0	0	0	0	0	0	NaN	NaN	NaN	NaN	0	1199	0	0	0	0	101	0	2241	0	0	16	18000	18000	18000	18000	6	NaN	0.21255959758668247	0.135530633277481	0.12448030699871604	0.18211515968996714	NaN	NaN	1.7144672823201167e-7	NaN	-0.0032131125340201868	NaN	NaN	-0.00003470371578746355	NaN	NaN	NaN	95348.88140928818	11.6899995803833	NaN	0	0	0	0	0.0002951140657500622	-1	0	2.1560157982044768	47.466472078338505	1.0000034675382905	-273.1499938964844	9.00014544635349	-273.1499938964844	119
DATA	2025-08-24T140000_AIU-0547.ghg	2025-08-24	14:30:00	236.604	1	18000	18000	0.15088665336762705	1	NaN	31.720061615645978	1	NaN	NaN	NaN	NaN	NaN	NaN	NaN	NaN	NaN	NaN	0.0035575546214245426	2	NaN	NaN	NaN	NaN	NaN	NaN	NaN	NaN	NaN	NaN	NaN	NaN	1.7748175420097333e-12	NaN	NaN	NaN	NaN	NaN	0	NaN	NaN	NaN	NaN	0	0.08524019222219688	2.230540756889869	2.230540756889869	0	1	NaN	NaN	NaN	NaN	9	300.5044345991347	298.75975310387486	94921.888329748	1.1068833533390885	1005.7058825319751	0.026167711483750355	NaN	NaN	NaN	NaN	NaN	NaN	NaN	NaN	-0.5712543880167374	0.24663150902157913	0.18821420228578783	0.6500640453160995	2.4937699690232274e-14	2.08213695410645e-14	0.6500640453160995	3.090914304803044	175.35163198328945	156.64836801671055	16.82992665156145	NaN	0.36921087539201786	0.2663387755722229	-133.16948658828662	-0.021776760384800337	NaN	0.07717678639514923	0	86.74790083010895	-13.164328626512368	29.777747196921627	74.15080089697148	113.08465000229042	158.6028295413846	237.61593987252664	0.1482493256100802	1.0177898128486833	31.15745252370952	1.0180569669971682	NaN	1	NaN	1	NaN	1	0.0030886382538656844	1.1518197759067352	NaN	NaN	800009909	800009909	800009909	800009919	800009919	800009919	899999999	899999999	89999	89999	89	89	11	15	1	1	0	0	2	NaN	0	0	0	0	0	0	0	0	0	NaN	NaN	NaN	NaN	0	2	0	0	0	0	101	0	6979	0	0	21	18000	18000	18000	18000	6	NaN	0.2940789413220076	0.13537273025966046	0.1032258795627777	0.12103258136479053	NaN	NaN	1.2661983403984126e-7	NaN	0.027989110421730537	NaN	NaN	0.0000030886382538656843	NaN	NaN	NaN	95300.67769032119	11.670205519787531	NaN	0	0	0	0	0.0002940070218012099	-1	0	2.1050198670493234	49.814839149369135	1.0000249134682946	-273.1499938964844	9.000291766934925	-273.1499938964844	160
DATA	2025-08-24T143000_AIU-0547.ghg	2025-08-24	15:00:00	236.624	1	18000	18000	0.09071201483254504	1	NaN	24.685169257520872	1	NaN	NaN	NaN	NaN	NaN	NaN	NaN	NaN	NaN	NaN	NaN	NaN	NaN	NaN	NaN	NaN	NaN	NaN	NaN	NaN	NaN	NaN	NaN	NaN	NaN	NaN	NaN	NaN	NaN	NaN	0	NaN	NaN	NaN	NaN	0	NaN	NaN	NaN	NaN	0	NaN	NaN	NaN	NaN	9	300.064078672621	300.064078672621	95131.21441293907	1.1045022661848394	1005.7441762867473	0.026224123863858247	NaN	NaN	NaN	3537.1659491191294	NaN	NaN	NaN	NaN	-0.5931632101447155	0.19154744159465778	0.18136657388479416	0.6491739754283605	1.860321142091962e-14	1.352956756207342e-14	0.6491739754283605	2.7609903498072548	169.89658384291795	162.10341615708205	16.223236711888596	NaN	0.2865821265657379	0.16766842724472053	-80.1541634491208	-0.036180279042408364	NaN	0.07754126300522089	0	81.92271089191283	-12.432087437689184	28.12141563406191	70.02630111111537	106.79452758856057	149.7808434189619	224.3989970847885	0.08912485776353263	1.0178082423786132	24.247055490500298	1.0180687410556808	NaN	1	NaN	1	NaN	1	NaN	1	NaN	NaN	800009909	800009909	800009909	800009919	800009909	801009919	899999999	899999999	89999	89999	89	89	22	29	3	0	0	0	0	NaN	0	0	0	0	0	0	0	0	0	NaN	NaN	NaN	NaN	0	8658	0	0	0	0	101	0	13651	0	0	21	18000	18000	18000	18000	6	NaN	0.1707695362639199	0.09280863311009203	0.0717586851154291	0.11052419511374953	NaN	NaN	NaN	NaN	0.021827543811615766	NaN	NaN	NaN	NaN	NaN	NaN	95270.66100108507	11.670000076293945	NaN	0	0	0	0	0.00029409097966789807	-1	0	3.4107040302630214	20.443642270346004	1.0000260732405715	-273.1499938964844	9.00029544655482	-273.1499938964844	050
DATA	2025-08-24T150000_AIU-0547.ghg	2025-08-24	15:30:00	236.645	1	18000	18000	0.22616340377210137	1	NaN	100.92121893886274	1	NaN	NaN	NaN	NaN	NaN	NaN	NaN	NaN	NaN	NaN	-0.2139224404206635	1	NaN	NaN	NaN	NaN	NaN	NaN	NaN	NaN	NaN	NaN	NaN	NaN	3.1747578433792845e-13	NaN	NaN	NaN	NaN	NaN	0	NaN	NaN	NaN	NaN	0	0.08685239269709752	2.26335140689526	2.26335140689526	0.3	0	NaN	NaN	NaN	NaN	9	298.9048647308349	297.4075661508872	94883.74831996844	1.1114691133630596	1005.6672514192575	0.026059747309309277	NaN	NaN	NaN	NaN	NaN	NaN	NaN	NaN	-1.0708666072883513	0.2814845740371374	0.17693116402541328	1.121290993823399	-2.9430145848793647e-14	3.655348741457736e-15	1.121290993823399	4.511483628645343	166.72742772707062	165.27257227292944	9.078780674402775	NaN	0.45108923866878486	0.49398389268012116	-76.3095519312153	-0.03800310611984765	NaN	0.20015586215561634	0	89.28563190343739	-13.5494391075191	30.648868153535236	76.32001524968491	116.39283875937994	163.24261131124257	244.56717844270952	0.22346965289953744	1.0120542133466996	99.47221833813167	1.0145668873675415	NaN	1	NaN	1	NaN	1	-0.18633339554136533	1.1480628032304252	NaN	NaN	800009909	800009909	800009909	800009919	800009919	800009919	899999999	899999999	89999	89999	89	89	14	15	6	0	0	0	1	NaN	0	0	0	0	0	0	0	0	0	NaN	NaN	NaN	NaN	0	769	0	0	0	0	101	0	14080	0	0	16	18000	18000	18000	18000	6	NaN	0.5860028437038601	0.2585950195187292	0.14336992213765296	0.2524082995846633	NaN	NaN	0.000004932436249587741	NaN	0.088991821632518	NaN	NaN	-0.00018633339554136532	NaN	NaN	NaN	95281.67127690972	11.670000076293945	NaN	0	0	0	0	0.0002928342909920805	-1	0	2.1374368391339744	40.495291266730476	1.0000232443246577	-273.1499938964844	9.000333077351252	-273.1499938964844	074
DATA	2025-08-24T153000_AIU-0547.ghg	2025-08-24	16:00:00	236.666	1	18000	18000	0.16879676364736165	1	NaN	71.29279283782837	0	NaN	NaN	NaN	NaN	NaN	NaN	NaN	NaN	NaN	NaN	-0.016931212167877602	0	NaN	NaN	NaN	NaN	NaN	NaN	NaN	NaN	NaN	NaN	NaN	NaN	3.52187252265427e-13	NaN	NaN	NaN	NaN	NaN	0	NaN	NaN	NaN	NaN	0	0.08484983585007652	2.220848669374516	2.220848669374516	-0.2	0	NaN	NaN	NaN	NaN	9	299.6156075965033	298.58099496518446	94842.76816856912	1.1066228639560303	1005.7007131724463	0.02617387113510265	NaN	NaN	NaN	NaN	NaN	NaN	NaN	NaN	-0.5994323668108709	0.4009692153980075	0.18501022851568394	0.7445295553117984	-2.4208342237540963e-15	4.150712240477592e-15	0.7445295553117984	4.090928006061553	185.77915239459534	146.22084760540466	14.388341340971616	NaN	0.39055503254803714	0.4032086429958272	-70.089921472118	-0.041375420874934635	NaN	0.1640193146247482	0	78.92766033814777	-11.977576961176348	27.093311698651632	67.46617694484259	102.89017670086588	144.30493578429838	216.19508960704582	0.1661267480763636	1.0160721593717752	70.10311730820773	1.0169703655885978	NaN	1	NaN	1	NaN	1	-0.014717113041986925	1.15044384857098	NaN	NaN	800009909	800009909	800009909	800009919	800009919	800009919	899999999	899999999	89999	89999	89	89	21	15	3	5	0	0	0	NaN	0	0	0	0	0	0	0	0	0	NaN	NaN	NaN	NaN	0	0	0	0	0	0	101	0	10060	0	0	16	18000	18000	18000	18000	6	NaN	0.3311100273296305	0.32902944464341044	0.14627781401861348	0.22769754406387893	NaN	NaN	1.319544704467312e-7	NaN	0.06298961201755346	NaN	NaN	-0.000014717113041986924	NaN	NaN	NaN	95248.05354383681	11.670000076293945	NaN	0	0	0	0	0.0002950427167460375	-1	0	2.093859388033549	57.89967182636262	1.0000278924653927	-273.1499938964844	9.000312961631352	-273.1499938964844	146
DATA	2025-08-24T160000_AIU-0547.ghg	2025-08-24	16:30:00	236.687	1	18000	18000	0.13885269410195963	1	NaN	6.022555687949938	2	NaN	NaN	NaN	NaN	NaN	NaN	NaN	NaN	NaN	NaN	0.017726529906934595	1	NaN	NaN	NaN	NaN	NaN	NaN	NaN	NaN	NaN	NaN	NaN	NaN	8.597643305570452e-13	NaN	NaN	NaN	NaN	NaN	0	NaN	NaN	NaN	NaN	0	0.08530813717267788	2.236801761717603	2.236801761717603	0	1	NaN	NaN	NaN	NaN	9	300.33697837999136	299.0672140401206	94829.134703125	1.1046649165051312	1005.7148181809798	0.026220262636727654	NaN	NaN	NaN	NaN	NaN	NaN	NaN	NaN	-0.38155594275341215	0.23707476711164208	0.22851196018316047	0.5039911691669193	1.481950390523503e-14	1.0078339054769641e-14	0.5039911691669193	3.6107614116625877	183.85420749315952	148.14579250684048	26.962336115773475	NaN	0.3545372523862536	0.36219814989241916	-620.6129014782794	-0.004672800054739913	NaN	0.015290213141677054	0	68.86540737028635	-10.450591252882974	23.639265868825	58.86511444932357	89.77301370076509	125.90792816806216	188.6330198242154	0.13591252775479093	1.0216327839363952	5.901371069127139	1.0205349938858739	NaN	1	NaN	1	NaN	1	0.015345143646259432	1.1551882677393936	NaN	NaN	800009909	800009909	800009909	800009909	800009919	801009919	899999999	899999999	89999	89999	89	89	13	29	2	12	0	0	3	NaN	0	0	0	0	0	0	0	0	0	NaN	NaN	NaN	NaN	0	0	0	0	0	0	0	0	3010	0	0	0	18000	18000	18000	18000	6	NaN	0.21359642987350166	0.34128492028335855	0.1695149496279781	0.20923043337582878	NaN	NaN	1.597639742373936e-7	NaN	0.005311870918810053	NaN	NaN	0.00001534514364625943	NaN	NaN	NaN	95217.3548268229	11.670000076293945	NaN	0	0	0	0	0.00029574636727274	-1	0	2.1098881864680177	55.174411887274886	1.000030309278104	-273.1499938964844	9.000329143126805	-273.1499938964844	081
DATA	2025-08-24T163000_AIU-0547.ghg	2025-08-24	17:00:00	236.708	1	18000	18000	0.08533018643245852	1	NaN	24.517604382963388	1	NaN	NaN	NaN	NaN	NaN	NaN	NaN	NaN	NaN	NaN	NaN	NaN	NaN	NaN	NaN	NaN	NaN	NaN	NaN	NaN	NaN	NaN	NaN	NaN	NaN	NaN	NaN	NaN	NaN	NaN	0	NaN	NaN	NaN	NaN	0	NaN	NaN	NaN	NaN	0	NaN	NaN	NaN	NaN	9	299.9452239752876	299.9452239752876	95212.4586587066	1.1058835744932924	1005.7406449418855	0.026191368516902628	NaN	NaN	NaN	3512.5515087424787	NaN	NaN	NaN	NaN	-0.4387037927884306	0.21322482124612643	0.16990759359170243	0.5165214734766074	-2.3655063812751036e-14	1.0195106980859237e-14	0.5165214734766074	2.3349608463802687	177.92131315348547	154.0786868465145	19.20480518965925	NaN	0.27777723041091995	0.19165766026538467	-73.53430167257427	-0.03943737730607427	NaN	0.0793571350102407	0	78.60614507651108	-11.928785779809163	26.982945913550736	67.19135053494881	102.47104908527336	143.71710334399316	215.3144094943733	0.08355681129254287	1.021223585635728	24.030527086436614	1.0202691058242201	NaN	1	NaN	1	NaN	1	NaN	1	NaN	NaN	800009909	800009919	800009909	800009919	800009909	800009909	899999999	899999999	89999	89999	89	89	20	6	3	3	0	0	0	NaN	0	0	0	0	0	0	0	0	0	NaN	NaN	NaN	NaN	0	9302	0	0	0	0	101	0	11905	0	0	16	18000	18000	18000	18000	6	NaN	0.13420507592632722	0.17435544212828313	0.07475480247615898	0.10181124718295674	NaN	NaN	NaN	NaN	0.021605677414570226	NaN	NaN	NaN	NaN	NaN	NaN	95223.01383723959	11.660102574057179	NaN	0	0	0	0	0.0002946820070921805	-1	0	7.735217642513074	23.675625284981034	1.0000159528470702	-273.1499938964844	9.000289321660995	-273.1499938964844	018
DATA	2025-08-24T170000_AIU-0547.ghg	2025-08-24	17:30:00	236.729	1	18000	18000	0.12106680481744131	1	NaN	38.62102480555655	0	NaN	NaN	NaN	NaN	NaN	NaN	NaN	NaN	NaN	NaN	0.0042819300797455025	2	NaN	NaN	NaN	NaN	NaN	NaN	NaN	NaN	NaN	NaN	NaN	NaN	5.502331510090573e-13	NaN	NaN	NaN	NaN	NaN	0	NaN	NaN	NaN	NaN	0	0.08523935964052626	2.2378864700709897	2.2378864700709897	0	1	NaN	NaN	NaN	NaN	9	300.21841002909343	299.4099306429592	94815.28365263731	1.1032393065358959	1005.7248446939071	0.02625414455843715	NaN	NaN	NaN	NaN	NaN	NaN	NaN	NaN	-0.5260776117047014	0.23716652578233985	0.1759628498603756	0.6032980515629129	6.363717836638866e-15	6.455153503375852e-15	0.6032980515629129	3.2501951198583434	176.26682367531805	155.73317632468195	16.95785446172803	NaN	0.3312666204096651	0.2739824144564844	-78.93766429229176	-0.03673784911169691	NaN	0.10507447074083295	0	78.0231779292685	-11.840318266113453	26.782832156692255	66.69303898560864	101.71109253096006	142.65125347099828	213.7175721613508	0.11882937658165346	1.0188289150389542	37.911245564373246	1.0187221292948052	NaN	1	NaN	1	NaN	1	0.003714696743175181	1.1526997695336691	NaN	NaN	800009909	800009909	800009909	800009919	800009919	800009919	899999999	899999999	89999	89999	89	89	19	13	4	1	0	0	0	NaN	0	0	0	0	0	0	0	0	0	NaN	NaN	NaN	NaN	0	13	0	0	0	0	101	0	10975	0	0	21	18000	18000	18000	18000	6	NaN	0.2216505131799226	0.21800063274269182	0.10831368299035443	0.1407987079790861	NaN	NaN	2.090330410562499e-7	NaN	0.03416796770454475	NaN	NaN	0.000003714696743175181	NaN	NaN	NaN	95214.01586024306	11.66660444302029	NaN	0	0	0	0	0.0002944806521861917	-1	0	2.1118284912407885	49.51806717636529	1.0000166313184633	-273.1499938964844	9.000272571060393	-273.1499938964844	076
DATA	2025-08-24T173000_AIU-0547.ghg	2025-08-24	18:00:00	236.749	1	18000	18000	0.05644221169046978	1	NaN	37.98158373258931	0	NaN	NaN	NaN	NaN	NaN	NaN	NaN	NaN	NaN	NaN	0.0020591731630113107	2	NaN	NaN	NaN	NaN	NaN	NaN	NaN	NaN	NaN	NaN	NaN	NaN	2.2753544672663518e-12	NaN	NaN	NaN	NaN	NaN	0	NaN	NaN	NaN	NaN	0	0.0852789754548851	2.2434905459768166	2.2434905459768166	0	1	NaN	NaN	NaN	NaN	9	300.39752102491593	300.0043409912205	94810.24948583021	1.1009949554550569	1005.7424003440865	0.026307662985042363	NaN	NaN	NaN	NaN	NaN	NaN	NaN	NaN	-0.30813686587489153	0.17400646213258408	0.22640349094819912	0.4201013183609673	-9.502405035329744e-15	2.6681306325849054e-14	0.4201013183609673	1.9081954242292671	181.453639088609	150.546360911391	32.610551697249	NaN	0.22641716439388412	0.13002865602357497	-25.628378080574624	-0.11315581465524321	NaN	0.1514926748786431	0	64.82203079270694	-9.836993257788627	22.251305533220847	55.40889696525156	84.50206396333557	118.51534621542925	177.55758495436527	0.055068236462985344	1.0249504127194624	37.13849443855092	1.0227012243437428	NaN	1	NaN	1	NaN	1	0.0017778070138027215	1.158265856206039	NaN	NaN	800009909	800009909	800009909	800009919	800009919	800109919	899999999	899999999	89999	89999	89	89	5	16	4	1	0	0	1	NaN	0	0	0	0	0	0	0	0	0	NaN	NaN	NaN	NaN	0	0	0	0	0	0	101	0	8818	0	0	16	18000	18000	18000	18000	6	NaN	0.05916437794314011	0.120466434022193	0.08042650008181686	0.233137044147463	NaN	NaN	1.6617244797689747e-7	NaN	0.03353916183534179	NaN	NaN	0.0000017778070138027216	NaN	NaN	NaN	95209.34851671007	11.680000305175781	NaN	0	0	0	0	0.0002955370627686433	-1	0	2.1181938374439873	51.324038150787416	1.0000116157333057	-273.1499938964844	9.000184895859825	-273.1499938964844	219
DATA	2025-08-24T180000_AIU-0547.ghg	2025-08-24	18:30:00	236.77	1	18000	18000	0.0333711224247331	1	NaN	38.020219027421824	1	NaN	NaN	NaN	NaN	NaN	NaN	NaN	NaN	NaN	NaN	0.0024402461680149276	1	NaN	NaN	NaN	NaN	NaN	NaN	NaN	NaN	NaN	NaN	NaN	NaN	-7.213385877643667e-13	NaN	NaN	NaN	NaN	NaN	0	NaN	NaN	NaN	NaN	0	0.08520030859424557	2.224964211529305	2.224964211529305	0.1	0	NaN	NaN	NaN	NaN	9	299.51562751261395	297.8277843266358	94818.56291215518	1.1091383881408303	1005.6791403646064	0.026114508835001795	NaN	NaN	NaN	NaN	NaN	NaN	NaN	NaN	0.1707894529859814	0.43093581792797997	0.23967574686391294	0.5218421026127545	1.119332441532507e-14	-8.466384684117048e-15	0.5218421026127545	1.5741130193946844	263.6195246471239	68.38047535287609	27.34116448334663	NaN	0.17345728271884933	0.10369774109798757	-11.511423287339124	-0.25192366987230624	NaN	0.19650648927539272	1	3.100982650398787	1	3	4	7	12	32	0.03268296449920152	1.021055554050135	37.26888374438658	1.020159854751443	NaN	1	NaN	1	NaN	1	0.0021133792993171183	1.1546655012677693	NaN	NaN	800009909	800009909	800009909	800009919	800009919	800109919	899999999	899999999	89999	89999	89	89	3	2	3	1	0	0	4	NaN	0	0	0	0	0	0	0	0	0	NaN	NaN	NaN	NaN	0	2	0	0	0	0	0	0	4544	0	0	0	18000	18000	18000	18000	6	NaN	0.10048037829134038	0.07727787787793675	0.029637226026698025	0.10930046950363513	NaN	NaN	7.38760992463809e-7	NaN	0.03341190256367723	NaN	NaN	0.000002113379299317118	NaN	NaN	NaN	95200.86515972222	11.680000305175781	NaN	0	0	0	0	0.00029414914550660677	-1	0	2.0952790170974205	56.15587490498579	1.0000208217518196	-273.1499938964844	9.00026172237926	-273.1499938964844	179
DATA	2025-08-24T183000_AIU-0547.ghg	2025-08-24	19:00:00	236.791	0	18000	18000	0.008370897442827234	1	NaN	6.363819115407868	0	NaN	NaN	NaN	NaN	NaN	NaN	NaN	NaN	NaN	NaN	0.01589836847364336	0	NaN	NaN	NaN	NaN	NaN	NaN	NaN	NaN	NaN	NaN	NaN	NaN	4.689866837970627e-14	NaN	NaN	NaN	NaN	NaN	0	NaN	NaN	NaN	NaN	0	0.08625099898786415	2.2480516066980494	2.2480516066980494	0.3	0	NaN	NaN	NaN	NaN	9	299.1412145097521	297.2415383444893	94815.07166015625	1.111285009307302	1005.6625830418708	0.026064064568276587	NaN	NaN	NaN	NaN	NaN	NaN	NaN	NaN	0.29472908119756425	0.37414512290255797	0.25267565582901363	0.5391611923571086	-1.261474247548297e-14	5.437463789411308e-16	0.5391611923571086	1.1667926699530202	280.22891870658356	51.77108129341644	27.94643164532219	NaN	0.08679071827703112	0.03532492225603258	-8.614884814255353	-0.3366266714560441	NaN	0.06560951030643453	1	10.167187213825319	5	8	14	21	35	86	0.008202506479655447	1.0205292081864785	6.24014630898002	1.019818895311777	NaN	1	NaN	1	NaN	1	0.01377444782110285	1.1541927981524314	NaN	NaN	800009909	800009909	800009909	800009909	800009919	800019919	899999999	899999999	89999	89999	89	89	7	4	0	10	0	0	2	NaN	0	0	0	0	0	0	0	0	0	NaN	NaN	NaN	NaN	0	0	0	0	0	0	0	0	17801	0	0	0	18000	18000	18000	18000	6	NaN	0.02982708586959622	0.028682284561958555	0.012140474080510383	0.04688477558174424	NaN	NaN	6.997306555384693e-7	NaN	0.0055836350468470965	NaN	NaN	0.00001377444782110285	NaN	NaN	NaN	95196.80530685764	11.680000305175781	NaN	0	0	0	0	0.000292498576092637	-1	0	2.1153728486895558	56.78114130698315	1.0000295389841	-273.1499938964844	9.000362138880623	-273.1499938964844	128
DATA	2025-08-24T190000_AIU-0547.ghg	2025-08-24	19:30:00	236.812	0	18000	18000	0.0040644813904555195	1	NaN	10.155345679480215	0	NaN	NaN	NaN	NaN	NaN	NaN	NaN	NaN	NaN	NaN	-0.0031362704268504448	2	NaN	NaN	NaN	NaN	NaN	NaN	NaN	NaN	NaN	NaN	NaN	NaN	-1.3658360817652755e-12	NaN	NaN	NaN	NaN	NaN	0	NaN	NaN	NaN	NaN	0	0.08653300034697838	2.250865952103373	2.250865952103373	0	1	NaN	NaN	NaN	NaN	9	298.8500989778307	296.71074459021463	94836.4795335852	1.1135243776251689	1005.6477681080548	0.026011648077356543	NaN	NaN	NaN	NaN	NaN	NaN	NaN	NaN	0.2853735238561903	0.30737903854661763	0.24500006517313108	0.48574165292958665	2.4135049035357967e-14	-1.578399080453205e-14	0.48574165292958665	1.1372177438287197	284.87391156305694	47.12608843694306	30.29043492554366	NaN	0.060416102505026145	0.054882769377811634	-1.821270552579082	-1.5922950030094873	NaN	0.15010542297270377	1	9.4799520593678	4	7	12	18	29	65	0.003975960237331956	1.0222640941658323	9.94699904383626	1.0209456776587365	NaN	1	NaN	1	NaN	1	-0.0027135881939771033	1.1557650618511306	NaN	NaN	800009909	800009909	800009909	800009919	800009919	800019919	899999999	899999999	89999	89999	89	89	3	9	0	30	0	0	2	NaN	0	0	0	0	0	0	0	0	0	NaN	NaN	NaN	NaN	0	1	0	0	0	0	0	0	18000	0	0	0	18000	18000	18000	18000	6	NaN	0.023159223640751278	0.07422161416641436	0.012384700948457634	0.018865686505012157	NaN	NaN	5.21708058206271e-7	NaN	0.00888272982523026	NaN	NaN	-0.0000027135881939771033	NaN	NaN	NaN	95220.9275625	11.670116168318048	NaN	0	0	0	0	0.0002918931036320928	-1	0	2.1171657727162034	57.929573217657115	1.0000281585637065	-273.1499938964844	9.000378953297933	-273.1499938964844	074
DATA	2025-08-24T193000_AIU-0547.ghg	2025-08-24	20:00:00	236.833	0	18000	18000	0.012621138905404285	1	NaN	14.732009861085725	1	NaN	NaN	NaN	NaN	NaN	NaN	NaN	NaN	NaN	NaN	0.019337508049500594	1	NaN	NaN	NaN	NaN	NaN	NaN	NaN	NaN	NaN	NaN	NaN	NaN	9.74312221685953e-13	NaN	NaN	NaN	NaN	NaN	0	NaN	NaN	NaN	NaN	0	0.08710289539921123	2.2620984132947237	2.2620984132947237	-0.3	0	NaN	NaN	NaN	NaN	9	298.5789370507134	296.3303863542345	94865.28242426216	1.1152922782891603	1005.6372549870842	0.02597041582747671	NaN	NaN	NaN	NaN	NaN	NaN	NaN	NaN	0.49653098908687476	0.39462028664088017	0.268338409641087	0.6886753196106487	-1.9346675618018653e-14	1.1185761589445119e-14	0.6886753196106487	1.558303436687292	293.5239169500068	38.47608304999316	22.932368233459968	NaN	0.1063787604626216	0.0860402064503943	-6.854936866397296	-0.42305276569587635	NaN	0.1234744288738558	1	10.316433387540572	5	8	14	21	35	84	0.012409759159766193	1.017033347941466	14.477551258537396	1.0175760802365161	NaN	1	NaN	1	NaN	1	0.016797705090731332	1.1511994016474714	NaN	NaN	800009909	800009909	800009909	800009909	800009919	800019919	899999999	899999999	89999	89999	89	89	2	0	0	18	0	0	2	NaN	0	0	0	0	0	0	0	0	0	NaN	NaN	NaN	NaN	0	0	0	0	0	0	0	0	18000	0	0	0	18000	18000	18000	18000	6	NaN	0.05090533510857752	0.10089167410599194	0.020283403686219153	0.03904366841008137	NaN	NaN	3.3685892973468355e-7	NaN	0.01290818145939311	NaN	NaN	0.00001679770509073133	NaN	NaN	NaN	95247.28109027777	11.673302374098036	NaN	0	0	0	0	0.000291578835992065	-1	0	2.1273170975711606	58.45842588244547	1.0000374879671468	-273.1499938964844	9.000453296264013	-273.1499938964844	027
DATA	2025-08-24T200000_AIU-0547.ghg	2025-08-24	20:30:00	236.854	0	18000	18000	0.02202789316100569	1	NaN	8.267975573285407	1	NaN	NaN	NaN	NaN	NaN	NaN	NaN	NaN	NaN	NaN	0.002068591545077228	2	NaN	NaN	NaN	NaN	NaN	NaN	NaN	NaN	NaN	NaN	NaN	NaN	-4.69781923576151e-13	NaN	NaN	NaN	NaN	NaN	0	NaN	NaN	NaN	NaN	0	0.08705216229850853	2.255530934463618	2.255530934463618	0	1	NaN	NaN	NaN	NaN	9	297.89372610727935	295.6546829573282	94869.26977464654	1.117888205551854	1005.6187906346482	0.02591010808817396	NaN	NaN	NaN	NaN	NaN	NaN	NaN	NaN	0.639297934406249	0.4128711005290339	0.26526956010281355	0.805935688566557	-6.592552376536196e-14	-5.396556629635836e-15	0.805935688566557	1.7432810168318407	299.1448355759525	32.855164424047466	19.216877997391837	NaN	0.14037419982333024	0.08827838176272043	-28.065219208065887	-0.103330744666571	NaN	0.05239382887626104	1	10.369198808526129	5	8	15	24	42	113	0.021698847689249567	1.0151641910422342	8.134526302425128	1.016405290965805	NaN	1	NaN	1	NaN	1	0.0017991309960162494	1.149772612254269	NaN	NaN	800009909	800009919	800009909	800009919	800009919	800019919	899999999	899999999	89999	89999	89	89	0	0	0	21	0	0	6	NaN	0	0	0	0	0	0	0	0	0	NaN	NaN	NaN	NaN	0	282	0	0	0	0	0	0	18000	0	0	0	18000	18000	18000	18000	6	NaN	0.07408520285636767	0.07905206845369384	0.023419492215379364	0.09047237595001868	NaN	NaN	4.800710222494494e-7	NaN	0.007236032584203729	NaN	NaN	0.0000017991309960162493	NaN	NaN	NaN	95250.32562608508	11.680000305175781	NaN	0	0	0	0	0.00029062359191852423	-1	0	2.124384696385374	59.210344399223416	1.0000480098161433	-273.1499938964844	9.000553290261163	-273.1499938964844	252
DATA	2025-08-24T203000_AIU-0547.ghg	2025-08-24	21:00:00	236.874	0	18000	18000	0.033417823116054866	1	NaN	2.3411308537736595	1	NaN	NaN	NaN	NaN	NaN	NaN	NaN	NaN	NaN	NaN	-0.003440600704081881	1	NaN	NaN	NaN	NaN	NaN	NaN	NaN	NaN	NaN	NaN	NaN	NaN	4.5171365019349134e-13	NaN	NaN	NaN	NaN	NaN	0	NaN	NaN	NaN	NaN	0	0.08790065922186102	2.2723251543661034	2.2723251543661034	0.1	0	NaN	NaN	NaN	NaN	9	297.20074134826666	295.0440074926022	94889.56910775225	1.1204416769241525	1005.6023367629441	0.02585105930355722	NaN	NaN	NaN	NaN	NaN	NaN	NaN	NaN	0.5195140961155293	-0.035031813170871444	0.30809939664851677	0.6050184808846586	-3.141950907250118e-14	5.138910836304052e-15	0.6050184808846586	2.100036867527748	335.8577222136863	356.14227778631374	30.613196165559774	NaN	0.17270084023888416	0.15629183731167193	-184.59615138674278	-0.015709969997826676	NaN	0.01203138735569432	1	4.421318280850023	2	4	7	12	23	73	0.03280154591407107	1.0187880535752258	2.2981647148565347	1.0186958483172983	NaN	1	NaN	1	NaN	1	-0.0029849105200676564	1.1526646045000692	NaN	NaN	800009909	800009909	800009909	800009919	800009919	800009919	899999999	899999999	89999	89999	89	89	4	3	0	31	0	0	9	NaN	0	0	0	0	0	0	0	0	0	NaN	NaN	NaN	NaN	0	235	0	0	0	0	0	0	17802	0	0	0	18000	18000	18000	18000	6	NaN	0.07236059616175028	0.2094629702417381	0.030760108219855493	0.06141207124250037	NaN	NaN	2.473681004335166e-7	NaN	0.002039696842781972	NaN	NaN	-0.0000029849105200676564	NaN	NaN	NaN	95274.4865219184	11.680000305175781	NaN	0	0	0	0	0.00028980452864844756	-1	0	2.1427489019317765	53.67630751622947	1.0000549797515075	-273.1499938964844	9.000649161259334	-273.1499938964844	061
DATA	2025-08-24T210000_AIU-0547.ghg	2025-08-24	21:30:00	236.895	0	18000	18000	0.02515253550850459	1	NaN	29.88226745120991	1	NaN	NaN	NaN	NaN	NaN	NaN	NaN	NaN	NaN	NaN	-0.03735953368158485	1	NaN	NaN	NaN	NaN	NaN	NaN	NaN	NaN	NaN	NaN	NaN	NaN	-1.1326530229280488e-12	NaN	NaN	NaN	NaN	NaN	0	NaN	NaN	NaN	NaN	0	0.08832362100114001	2.2796603123830947	2.2796603123830947	0	0	NaN	NaN	NaN	NaN	9	296.7407866355049	294.6365461263896	94908.11811425177	1.122210494748874	1005.5914815568746	0.02581031310246747	NaN	NaN	NaN	NaN	NaN	NaN	NaN	NaN	0.4251052938271523	-0.230528854604713	0.28571111171370056	0.5616839885575374	1.2742028695884234e-14	-1.2823897051428964e-14	0.5616839885575374	1.7537982684723936	0.4703784102962345	331.5296215897038	30.57519876167923	NaN	0.14971100386413938	0.11169808548395146	-9.422551499062905	-0.30777226320157675	NaN	0.1768739661513733	1	4.504433822709904	2	4	6	10	17	42	0.02466198716118533	1.0198908686519519	29.31341449680114	1.0194058919499414	NaN	1	NaN	1	NaN	1	-0.03238445433873829	1.1536255417740782	NaN	NaN	800009909	800009909	800009909	800009919	800009919	800009919	899999999	899999999	89999	89999	89	89	11	6	1	22	0	0	16	NaN	0	0	0	0	0	0	0	0	0	NaN	NaN	NaN	NaN	0	61	0	0	0	0	0	0	17802	0	0	0	18000	18000	18000	18000	6	NaN	0.05162261766292591	0.13620917079975034	0.035564382505226665	0.07854193755256382	NaN	NaN	3.182769955960427e-7	NaN	0.02597589364458394	NaN	NaN	-0.00003238445433873829	NaN	NaN	NaN	95294.56199851708	11.680000305175781	NaN	0	0	0	0	0.00028956682373730775	-1	0	2.143590844270257	51.84481657826422	1.00006060339676	-273.55374391343855	9.000621034065883	-273.1499938964844	231
DATA	2025-08-24T213000_AIU-0547.ghg	2025-08-24	22:00:00	236.916	0	18000	18000	0.017821566080847347	1	NaN	20.010590890806277	0	NaN	NaN	NaN	NaN	NaN	NaN	NaN	NaN	NaN	NaN	-0.011321652764973583	1	NaN	NaN	NaN	NaN	NaN	NaN	NaN	NaN	NaN	NaN	NaN	NaN	-1.0620600764558172e-13	NaN	NaN	NaN	NaN	NaN	0	NaN	NaN	NaN	NaN	0	0.0887332841502704	2.286551398141249	2.286551398141249	0.8	0	NaN	NaN	NaN	NaN	9	296.295626870897	294.22251477663076	94927.3835940558	1.1240177938238565	1005.5805524263621	0.025768812909809122	NaN	NaN	NaN	NaN	NaN	NaN	NaN	NaN	0.8617464654450756	-0.14971025166865395	0.27251076222573484	0.9161234882321375	1.0949709351160954e-14	-1.1969128457560652e-15	0.9161234882321375	1.77239007551324	341.85556483039	350.14443516961	17.305152380884557	NaN	0.1259175715932271	0.08661837622373927	-8.37294472596851	-0.3463536539308221	NaN	0.14059941754999591	1	12.826243282570186	6	10	17	27	44	105	0.01757837994286959	1.0138343885368346	19.703317105532562	1.0155950281685024	NaN	1	NaN	1	NaN	1	-0.00985436692976111	1.1488970164872927	NaN	NaN	800009909	800009909	800009909	800009919	800009919	800019919	899999999	899999999	89999	89999	89	89	3	5	0	51	0	0	3	NaN	0	0	0	0	0	0	0	0	0	NaN	NaN	NaN	NaN	0	16	0	0	0	0	101	0	17802	0	0	11	18000	18000	18000	18000	6	NaN	0.0654944620058102	0.075927738071169	0.03181455237049936	0.05119747668446352	NaN	NaN	1.28003087792577e-7	NaN	0.01743208339375633	NaN	NaN	-0.00000985436692976111	NaN	NaN	NaN	95313.38395225695	11.640400101480436	NaN	0	0	0	0	0.0002885829092734235	-1	0	2.1463184188416706	48.249618058655024	1.00007670521405	-442.48275100708406	9.000527673778711	-340.49549672445096	148
DATA	2025-08-24T220000_AIU-0547.ghg	2025-08-24	22:30:00	236.937	0	18000	18000	0.0033178670433750006	1	NaN	19.19808675376125	0	NaN	NaN	NaN	NaN	NaN	NaN	NaN	NaN	NaN	NaN	0.0008111982301993822	2	NaN	NaN	NaN	NaN	NaN	NaN	NaN	NaN	NaN	NaN	NaN	NaN	1.5279567176022417e-12	NaN	NaN	NaN	NaN	NaN	0	NaN	NaN	NaN	NaN	0	0.08892001800831573	2.2885128208857646	2.2885128208857646	0	1	NaN	NaN	NaN	NaN	9	295.9587247034709	293.8990204141129	94941.12004217802	1.1254178289036347	1005.5720841117998	0.025736756156209333	NaN	NaN	NaN	NaN	NaN	NaN	NaN	NaN	1.0825701917235986	0.09387876649980072	0.31576553326053947	1.131582659288895	3.723710195181185e-14	1.7183495368380922e-14	1.131582659288895	2.1479995007553945	327.04379992269946	4.956200077300523	16.2033764263284	NaN	0.05429659480659808	0.07627562964822618	-0.69981002713985	-4.143981777243761	NaN	0.31243404875756564	1	20.62219468037717	9	16	26	38	59	125	0.00327858251950826	1.0119821671813929	18.923180697250025	1.0145274761632	NaN	1	NaN	1	NaN	1	0.0007065930603049001	1.1480416038183905	NaN	NaN	800009909	800009909	800009909	800009919	800009919	800019919	899999999	899999999	89999	89999	89	89	8	5	0	49	0	0	10	NaN	0	0	0	0	0	0	0	0	0	NaN	NaN	NaN	NaN	0	258	0	0	0	0	101	0	17802	0	0	16	18000	18000	18000	18000	6	NaN	0.059133858886920965	0.06759397048136073	0.025823429928170664	0.04277097662484363	NaN	NaN	2.3639070646420355e-7	NaN	0.01672118828494454	NaN	NaN	7.065930603049002e-7	NaN	NaN	NaN	95329.2844375	11.649906921810576	NaN	0	0	0	0	0.00028886434315225217	-1	0	2.1546264399332054	45.40146501567802	1.0000726505749755	-273.1499938964844	9.000701771206327	-273.1499938964844	071
DATA	2025-08-24T223000_AIU-0547.ghg	2025-08-24	23:00:00	236.958	0	18000	18000	0.034482581032685165	1	NaN	12.114969382347441	1	NaN	NaN	NaN	NaN	NaN	NaN	NaN	NaN	NaN	NaN	-0.017988486818736448	1	NaN	NaN	NaN	NaN	NaN	NaN	NaN	NaN	NaN	NaN	NaN	NaN	7.338344293069963e-13	NaN	NaN	NaN	NaN	NaN	0	NaN	NaN	NaN	NaN	0	0.08909841196534196	2.2915569645116465	2.2915569645116465	0.7	0	NaN	NaN	NaN	NaN	9	295.7168074239095	293.7072578855791	94943.23049067306	1.126177651539543	1005.5670935958393	0.02571939178223547	NaN	NaN	NaN	NaN	NaN	NaN	NaN	NaN	0.7731648192298586	-0.05190534282633948	0.2792290887589293	0.8236788732981498	6.573031503646515e-15	8.236223442371202e-15	0.8236788732981498	2.050636587474829	335.84070931636643	356.15929068363357	19.816104616298027	NaN	0.17498323060207932	0.12186421373424762	-37.11863841550548	-0.0781278657783037	NaN	0.06113753618210168	1	7.545945139529884	3	6	11	18	32	90	0.03397544083196795	1.0149266702152704	11.921147135962473	1.0162586908939548	NaN	1	NaN	1	NaN	1	-0.01564753092369789	1.1496054493487675	NaN	NaN	800009909	800009909	800009909	800009919	800009919	800019919	899999999	899999999	89999	89999	89	89	1	0	0	49	0	0	15	NaN	0	0	0	0	0	0	0	0	0	NaN	NaN	NaN	NaN	0	81	0	0	0	0	101	0	17901	0	0	11	18000	18000	18000	18000	6	NaN	0.12326344987114243	0.08829723184348395	0.03216774575386885	0.04575993791630858	NaN	NaN	1.6641363229842976e-7	NaN	0.010526890139345428	NaN	NaN	-0.00001564753092369789	NaN	NaN	NaN	95335.43427452257	11.670000076293945	NaN	0	0	0	0	0.00028783067142810776	-1	0	2.1528984450697903	46.41509077579145	1.0000606218145953	-273.1499938964844	9.00071254242791	-273.1499938964844	058
DATA	2025-08-24T230000_AIU-0547.ghg	2025-08-24	23:30:00	236.979	0	18000	18000	0.038478757990213885	1	NaN	10.143863618677347	1	NaN	NaN	NaN	NaN	NaN	NaN	NaN	NaN	NaN	NaN	0.005157941134687102	2	NaN	NaN	NaN	NaN	NaN	NaN	NaN	NaN	NaN	NaN	NaN	NaN	-1.900518336275359e-12	NaN	NaN	NaN	NaN	NaN	0	NaN	NaN	NaN	NaN	0	0.08859851716507058	2.2778155060269945	2.2778155060269945	0	1	NaN	NaN	NaN	NaN	9	295.5219293289185	293.57183033248475	94936.30159138121	1.1266149426163101	1005.5635823390912	0.025709408903346852	NaN	NaN	NaN	NaN	NaN	NaN	NaN	NaN	0.4212410707378261	-0.1502540659683179	0.2407089404540822	0.5078987281248336	1.2622231189435764e-14	-2.145090456462658e-14	0.5078987281248336	1.432722221513799	351.6310007829943	340.36899921700564	28.289768847827947	NaN	0.18480885196839927	0.13089751574914313	-52.22348207520604	-0.05553057522713183	NaN	0.04845020163786473	1	2.8347769591006635	1	2	4	7	13	40	0.037668754601534356	1.0215033227736852	9.940571915043757	1.0204507049866955	NaN	1	NaN	1	NaN	1	0.004465477105296533	1.155070558657491	NaN	NaN	800009909	800009919	800009909	800009919	800009919	800009919	899999999	899999999	89999	89999	89	89	5	0	1	31	0	0	6	NaN	0	0	0	0	0	0	0	0	0	NaN	NaN	NaN	NaN	0	208	0	0	0	0	101	0	17901	0	0	16	18000	18000	18000	18000	6	NaN	0.08282617409198233	0.14484988805943566	0.03411896934686825	0.036357704093716095	NaN	NaN	2.0079203910359705e-7	NaN	0.008774579799470059	NaN	NaN	0.000004465477105296533	NaN	NaN	NaN	95329.20050173611	11.676635228157044	NaN	0	0	0	0	0.0002875893364479352	-1	0	2.142156567106644	47.73646266349565	1.0000603087743123	-273.1499938964844	9.00066110669242	-273.1499938964844	089
