DATAH	filename	date	time	DOY	daytime	file_records	used_records	Tau	qc_Tau	rand_err_Tau	H	qc_H	rand_err_H	LE	qc_LE	rand_err_LE	co2_flux	qc_co2_flux	rand_err_co2_flux	h2o_flux	qc_h2o_flux	rand_err_h2o_flux	ch4_flux	qc_ch4_flux	rand_err_ch4_flux	none_flux	qc_none_flux	rand_err_none_flux	H_strg	LE_strg	co2_strg	h2o_strg	ch4_strg	none_strg	co2_v-adv	h2o_v-adv	ch4_v-adv	none_v-adv	co2_molar_density	co2_mole_fraction	co2_mixing_ratio	co2_time_lag	co2_def_timelag	h2o_molar_density	h2o_mole_fraction	h2o_mixing_ratio	h2o_time_lag	h2o_def_timelag	ch4_molar_density	ch4_mole_fraction	ch4_mixing_ratio	ch4_time_lag	ch4_def_timelag	none_molar_density	none_mole_fraction	none_mixing_ratio	none_time_lag	none_def_timelag	sonic_temperature	air_temperature	air_pressure	air_density	air_heat_capacity	air_molar_volume	ET	water_vapor_density	e	es	specific_humidity	RH	VPD	Tdew	u_unrot	v_unrot	w_unrot	u_rot	v_rot	w_rot	wind_speed	max_wind_speed	wind_dir	yaw	pitch	roll	u*	TKE	L	(z-d)/L	bowen_ratio	T*	model	x_peak	x_offset	x_10%	x_30%	x_50%	x_70%	x_90%	un_Tau	Tau_scf	un_H	H_scf	un_LE	LE_scf	un_co2_flux	co2_scf	un_h2o_flux	h2o_scf	un_ch4_flux	ch4_scf	un_none_flux	un_none_scf	spikes_hf	amplitude_resolution_hf	drop_out_hf	absolute_limits_hf	skewness_kurtosis_hf	skewness_kurtosis_sf	discontinuities_hf	discontinuities_sf	timelag_hf	timelag_sf	attack_angle_hf	non_steady_wind_hf	u_spikes	v_spikes	w_spikes	ts_spikes	co2_spikes	h2o_spikes	ch4_spikes	none_spikes	head_detect_LI-7200	t_out_LI-7200	t_in_LI-7200	aux_in_LI-7200	delta_p_LI-7200	chopper_LI-7200	detector_LI-7200	pll_LI-7200	sync_LI-7200	chopper_LI-7500	detector_LI-7500	pll_LI-7500	sync_LI-7500	not_ready_LI-7700	no_signal_LI-7700	re_unlocked_LI-7700	bad_temp_LI-7700	laser_temp_unregulated_LI-7700	block_temp_unregulated_LI-7700	motor_spinning_LI-7700	pump_on_LI-7700	top_heater_on_LI-7700	bottom_heater_on_LI-7700	calibrating_LI-7700	motor_failure_LI-7700	bad_aux_tc1_LI-7700	bad_aux_tc2_LI-7700	bad_aux_tc3_LI-7700	box_connected_LI-7700	mean_value_RSSI_LI-7200	mean_value_LI-7500	u_var	v_var	w_var	ts_var	co2_var	h2o_var	ch4_var	none_var	w/ts_cov	w/co2_cov	w/h2o_cov	w/ch4_cov	w/none_cov	co2_mean	h2o_mean	air_p_mean	vin_sf_mean	dew_point_mean	avg_signal_strength_7200_mean	co2_signal_strength_7200_mean	h2o_signal_strength_7200_mean	delta_signal_strength_7200_mean	flowrate_mean	hit_power_mean	hit_vin_mean	ch4_mean	rssi_77_mean	ch4_aux-1_mean	ch4_aux-2_mean	ch4_aux-3_mean	ch4_aux-4_mean	CHK
DATAU		[yyyy-mm-dd]	[HH:MM]	[ddd.ddd]	[1=daytime]	[#]	[#]	[kg+1m-1s-2]	[#]	[kg+1m-1s-2]	[W+1m-2]	[#]	[W+1m-2]	[W+1m-2]	[#]	[W+1m-2]	[µmol+1s-1m-2]	[#]	[µmol+1s-1m-2]	[mmol+1s-1m-2]	[#]	[mmol+1s-1m-2]	[µmol+1s-1m-2]	[#]	[µmol+1s-1m-2]	[µmol+1s-1m-2]	[#]	[µmol+1s-1m-2]	[W+1m-2]	[W+1m-2]	[µmol+1s-1m-2]	[mmol+1s-1m-2]	[µmol+1s-1m-2]	[µmol+1s-1m-2]	[µmol+1s-1m-2]	[mmol+1s-1m-2]	[µmol+1s-1m-2]	[µmol+1s-1m-2]	[mmol+1m-3]	[µmol+1mol_a-1]	[µmol+1mol_d-1]	[s]	[1=default]	[mmol+1m-3]	[mmol+1mol_a-1]	[mmol+1mol_d-1]	[s]	[1=default]	[mmol+1m-3]	[µmol+1mol_a-1]	[µmol+1mol_d-1]	[s]	[1=default]	[mmol+1m-3]	[µmol+1mol_a-1]	[µmol+1mol_d-1]	[s]	[1=default]	[K]	[K]	[Pa]	[kg+1m-3]	[J+1kg-1K-1]	[m+3mol-1]	[mm]	[kg+1m-3]	[Pa]	[Pa]	[kg+1kg-1]	[%]	[Pa]	[K]	[m+1s-1]	[m+1s-1]	[m+1s-1]	[m+1s-1]	[m+1s-1]	[m+1s-1]	[m+1s-1]	[m+1s-1]	[deg_from_north]	[deg]	[deg]	[deg]	[m+1s-1]	[m+2s-2]	[m]	[#]	[#]	[K]	[0=KJ/1=KM/2=HS]	[m]	[m]	[m]	[m]	[m]	[m]	[m]	[kg+1m-1s-2]	[#]	[W+1m-2]	[#]	[W+1m-2]	[#]	[µmol+1s-1m-2]	[#]	[mmol+1s-1m-2]	[#]	[µmol+1s-1m-2]	[#]	[µmol+1s-1m-2]	[#]	8u/v/w/ts/co2/h2o/ch4/none	8u/v/w/ts/co2/h2o/ch4/none	8u/v/w/ts/co2/h2o/ch4/none	8u/v/w/ts/co2/h2o/ch4/none	8u/v/w/ts/co2/h2o/ch4/none	8u/v/w/ts/co2/h2o/ch4/none	8u/v/w/ts/co2/h2o/ch4/none	8u/v/w/ts/co2/h2o/ch4/none	8co2/h2o/ch4/none	8co2/h2o/ch4/none	8aa	8U	[#]	[#]	[#]	[#]	[#]	[#]	[#]	[#]	[#_flagged_recs]	[#_flagged_recs]	[#_flagged_recs]	[#_flagged_recs]	[#_flagged_recs]	[#_flagged_recs]	[#_flagged_recs]	[#_flagged_recs]	[#_flagged_recs]	[#_flagged_recs]	[#_flagged_recs]	[#_flagged_recs]	[#_flagged_recs]	[#_flagged_recs]	[#_flagged_recs]	[#_flagged_recs]	[#_flagged_recs]	[#_flagged_recs]	[#_flagged_recs]	[#_flagged_recs]	[#_flagged_recs]	[#_flagged_recs]	[#_flagged_recs]	[#_flagged_recs]	[#_flagged_recs]	[#_flagged_recs]	[#_flagged_recs]	[#_flagged_recs]	[#_flagged_recs]	[#]	[#]	[m+2s-2]	[m+2s-2]	[m+2s-2]	[K+2]	--	--	--	--	[m+1s-1K+1]	--	--	--	--	--	--	--	--	--	--	--	--	--	--	--	--	--	--	--	--	--	--	207
DATA	2025-12-19T040000_AIU-0547.ghg	2025-12-19	04:30:00	353.187	0	18000	16755	1.272570067878941	0	NaN	17.890114615388665	2	NaN	-46.3290801195664	1	NaN	0.2034260832308809	2	NaN	-1.0445180772401756	1	NaN	NaN	NaN	NaN	NaN	NaN	NaN	NaN	NaN	NaN	NaN	NaN	NaN	-1.0047819699599158e-10	-3.019303849485416e-12	NaN	NaN	16.46470074837808	412.6135435209332	417.7936694971073	0.1	0	494.7534473791018	12.39876607610974	12.554425460615871	0.1	1	NaN	NaN	NaN	NaN	0	NaN	NaN	NaN	NaN	9	290.63163787984627	289.49193413500683	95163.70378890174	1.1398989564213904	1012.1931146114686	0.025391103342226565	-0.06768477140516338	0.008799372185929188	1175.5824595060333	1852.1661487793172	0.007719431741172938	63.47068054779044	676.5836892732839	282.5101634049893	0.601504892878275	-3.1077958075096106	0.26539810461627056	2.9234309130872713	-2.759605376072399e-15	-6.1026433781913465e-15	2.9234309130872713	26.369716537870826	51.046007960232714	285.7745172031814	5.208659528259489	NaN	1.0565928657745554	5.449024714202109	-5553.67466627444	-0.0005221767882102826	-0.38615302892303793	0.014674919047898234	0	92.15766235203705	-13.985280808458485	31.63474326776715	78.77498368034736	120.13682051534062	168.4935989584136	252.43411479340054	1.262540990496859	1.0079435657595046	15.139998361937032	1.0139892605501515	-42.047374291039844	1.1018305161908524	0.18462556649288217	1.1018305161908524	-0.9479843423208025	1.1018305161908524	NaN	1	NaN	NaN	800000009	800000019	800000009	811110019	811110019	811110119	899999999	899999999	89999	89999	89	89	7	37	1	28	20	0	0	NaN	0	0	18000	0	0	0	0	0	0	NaN	NaN	NaN	NaN	0	17740	0	0	0	0	301	151	18000	0	0	16	18000	18000	18000	18000	93	NaN	5.2757643525118665	4.895553917751645	0.7267311581407047	67.7904769027427	3.480942418725071	0.23121618970041996	NaN	NaN	0.01312188095456404	0.004746481381167016	-0.024371435202269344	NaN	NaN	412.61253564379876	12.398539553748819	94146.32753081598	11.380000114440918	9.183352706697152	94.00052786148927	93.4883294272952	94.51272577815584	-1.0243986723588463	0.0002793370698248812	-1	0	-2.68001494463312	0.5666031652112612	1.0000767234696282	-330.52287130567095	9.000632069243325	-273.1499938964844	189
DATA	2025-12-19T070000_AIU-0547.ghg	2025-12-19	07:30:00	353.312	0	18000	18000	0.1988381796318637	1	NaN	-50.88457082397638	0	NaN	12.864289045641607	1	NaN	3.1705928450796734	0	NaN	0.28791000575806786	1	NaN	-0.0033017822538401074	0	NaN	NaN	NaN	NaN	NaN	NaN	NaN	NaN	NaN	NaN	1.252904489061556e-10	2.529961162344094e-12	6.993274509733648e-13	NaN	16.457941688744423	414.56011788568816	418.0597448929183	0.1	0	332.33142388878025	8.371116927621214	8.441784089310564	0.1	1	0.09186247243857106	2.1083773896279294	2.1261758563299527	-0.3	0	NaN	NaN	NaN	NaN	9	282.2535054770575	281.8321497306167	93662.37825347223	1.1541316334876	1009.8366819498767	0.025017008286072246	0.018656568373122795	0.006029798923011727	784.2690355306198	1120.330705734227	0.005224533101818417	70.00335093169087	336.06167020360715	276.6370276726654	-1.029554648273357	-1.4607512826202294	0.1258653829308284	1.791541006529901	6.02500527151029e-14	7.612765391667517e-15	1.791541006529901	7.70058124794814	97.17663056023378	234.82336943976625	4.028655166036599	NaN	0.41507083327225486	2.0070113137181456	116.93837356580192	0.0247993871606924	-3.955490322352168	-0.105185872098129	0	73.04197078060818	-11.084400863684076	25.072944934189884	62.43517803482603	95.21758592613341	133.54401812870987	200.07327406304043	0.19740198385050362	1.0072754880844954	-49.662373611607464	1.013433916649227	11.59914607434164	1.1090720785126225	2.85877979123932	1.1090720785126225	0.25959539631020573	1.1090720785126225	0.011910453460719528	1.1871998402725394	NaN	NaN	800000009	800000009	800000009	800000009	800011009	800111019	899999999	899999999	89999	89999	89	89	5	0	4	33	34	0	0	NaN	0	0	0	0	0	0	0	0	0	NaN	NaN	NaN	NaN	0	0	0	0	0	0	0	0	16113	0	0	0	18000	18000	18000	18000	93	NaN	2.3753948361797512	1.4380881262598009	0.20053966499673942	0.2097538877032607	0.8544538867678788	0.039603724977456616	2.193942569789752e-7	NaN	-0.042610927340609145	0.0721220215482941	0.006549138490448796	0.000011910453460719528	NaN	414.5597418698146	8.371076421463698	94061.43896462674	11.341314892292026	3.4800673008097416	95.48746619711982	95.14312671322293	95.83180299419827	-0.688674417103331	0.0002796543536775667	-1	0	2.101006363272667	84.68463450431824	1.0001089312152731	-273.1499938964844	9.000618469847574	-273.1499938964844	177
DATA	2025-12-19T073000_AIU-0547.ghg	2025-12-19	08:00:00	353.333	1	18000	17998	0.33254141703777984	1	NaN	-44.85160864626546	0	NaN	10.987503666242523	1	NaN	1.1357163914273587	0	NaN	0.24587063249300953	1	NaN	0.0063333662445089435	1	NaN	NaN	NaN	NaN	NaN	NaN	NaN	NaN	NaN	NaN	-5.258319438402261e-11	-9.268931489223677e-13	-2.9492606149866913e-13	NaN	16.468760480928566	414.4713668317867	417.5217637837728	0	0	290.2977165962045	7.305959153702591	7.359729033402951	0.1	1	0.0923691822701629	2.1175158550556494	2.1331001979727935	-0.3	0	NaN	NaN	NaN	NaN	9	281.96394296010334	281.6795432434082	93691.4222860243	1.155581713461381	1009.2477585904423	0.024995711084162164	0.015932416985547017	0.005267039043704948	684.6893156830774	1108.809995853122	0.004557911381211009	61.74992273191722	424.1206801700446	274.7280203368843	-2.0930626204678306	-1.8457863202269644	0.08993606586913874	2.791936206238036	-6.379097209634266e-14	-3.192905406871142e-15	2.791936206238036	11.961185943145056	110.59224731513302	221.409926181726	1.8459764869502784	NaN	0.5364417136471111	4.244443276404859	286.4074730927044	0.010125434119036858	-4.082056307663895	-0.07168974383968826	0	60.20243167891064	-9.135951269742593	20.66554664746803	51.46013312390172	78.47994995324962	110.06924568983979	164.9037872860071	0.33025746926882643	1.0069156581802978	-43.76103227556274	1.013922681062131	9.849528284706658	1.1155360285936535	1.0180902833404193	1.1155360285936535	0.22040581943639823	1.1155360285936535	0.019091753625109224	1.1854479680213859	NaN	NaN	800000009	800000009	800000009	800100009	800100009	800100009	899999999	899999999	89999	89999	89	89	4	5	4	35	23	0	0	NaN	0	0	0	0	0	0	0	0	0	NaN	NaN	NaN	NaN	0	0	0	0	0	0	0	0	17405	0	0	0	18000	18000	18000	18000	93	NaN	5.3958312803003246	2.549933695844896	0.5431215766644992	0.04666818731649201	0.14186532702676896	0.15886411376390852	1.3450924771455665e-7	NaN	-0.03752226995698212	0.02563523076739843	0.005549757360605685	0.000019091753625109225	NaN	414.47111951531303	7.305802353488467	94091.8983875868	11.390000343322754	1.5569891431727492	95.62568723297119	95.29673434829711	95.95463924577501	-0.6579013880954871	0.00028071457578334965	-1	0	2.11105904809634	84.81243121030597	1.0001036434802744	-273.1499938964844	9.000558812406329	-273.1499938964844	068
DATA	2025-12-19T080000_AIU-0547.ghg	2025-12-19	08:30:00	353.354	1	18000	18000	0.15259626178452748	1	NaN	-39.5903251060296	0	NaN	-15.491254868422487	2	NaN	0.21941946821566183	2	NaN	-0.34654247376997993	2	NaN	0.003309083797855914	1	NaN	NaN	NaN	NaN	NaN	NaN	NaN	NaN	NaN	NaN	3.967551768767671e-11	6.213249736118281e-13	2.217648953174758e-13	NaN	16.48919433154454	414.45592271149104	417.1634999882467	0.1	1	258.22342920831954	6.490446256280777	6.53284735091236	0.1	1	0.09216576538685659	2.1087093891425464	2.1224852656892508	-0.3	0	NaN	NaN	NaN	NaN	9	281.5291938790216	281.34759065755213	93801.65315885417	1.158664503408778	1008.7947131758741	0.02493691518171386	-0.022455952300294697	0.004690148829149605	608.9778966463869	1084.1099322070852	0.004047892047569629	56.17307604650381	475.13203556069834	273.1043674405316	-0.6568449778749078	-1.862997554168537	0.09300513358932755	1.9775882196937435	-1.2909897475529327e-13	2.406152592414763e-15	1.9775882196937435	8.494088953711993	81.42133841748148	250.57866158251852	2.69559046180946	NaN	0.36290512065669184	2.6274527676341983	100.52841975921231	0.02884756377297224	2.5556564295337285	-0.09333305298185171	0	51.81587688408986	-7.863259224093064	17.786713774930952	44.29143222334396	67.54722876205088	94.73594877044304	141.93171440822604	0.15149113229061173	1.00729501111521	-39.94341931007005	1.0138684521474088	-13.91013313505691	1.113666901532435	0.19702432380250762	1.113666901532435	-0.3111724639505119	1.113666901532435	0.01615932316149422	1.192514063676015	NaN	NaN	800000009	800000009	800000009	800000009	800000009	800111009	899999999	899999999	89999	89999	89	89	28	14	8	19	28	0	0	NaN	0	0	0	0	0	0	0	0	0	NaN	NaN	NaN	NaN	0	0	0	0	0	0	0	0	16809	0	0	0	18000	18000	18000	18000	93	NaN	2.1346250613296753	2.7586074478612215	0.36167302607749996	0.0621050759332908	0.21417681318942278	0.11520349003554954	2.0843795226284467e-8	NaN	-0.03417312849916699	0.00494528456479577	-0.007810387840774558	0.00001615932316149422	NaN	414.45545182841914	6.490330090250742	94199.91020030381	11.377243384679156	-0.06573128758840205	95.71405328602262	95.39339842075772	96.0347165866428	-0.6413111560609602	0.00027996881557757863	-1	0	2.102980190469159	84.95187210146585	1.0000956124299103	-273.1499938964844	9.00050561173757	-273.1499938964844	172
DATA	2025-12-19T083000_AIU-0547.ghg	2025-12-19	09:00:00	353.374	1	18000	18000	0.1461572336671767	1	NaN	-35.278899785011184	1	NaN	31.16462862555658	1	NaN	0.8519545472978268	1	NaN	0.6970345396373148	1	NaN	0.008022326435007507	1	NaN	NaN	NaN	NaN	NaN	NaN	NaN	NaN	NaN	NaN	-1.9498592161829146e-10	-2.670608618126668e-12	-1.0910545640151393e-12	NaN	16.50002468359659	414.55535412579343	416.9226087070041	0	0	225.99122928258677	5.677923268666588	5.710346176091962	0.1	1	0.09232680538158258	2.109813866386309	2.121861633930494	-0.3	0	NaN	NaN	NaN	NaN	9	281.208464160354	281.16071774461534	93821.28052322048	1.1600343859753321	1008.3473543296765	0.024915138594278623	0.045167838168497995	0.004106586791290728	532.8529256057144	1070.4195439659982	0.003540056088801193	49.779820315261404	537.5666183602838	271.28042768946995	-0.5785204131556188	-2.5459199310822735	0.10691795673598348	2.613010833003279	-3.4393025368002814e-14	-1.1817310904518565e-14	2.613010833003279	11.59020889454268	74.80217417373353	257.19782582626647	2.3450566204808854	NaN	0.35495616684792786	4.11462723868948	105.56349541292349	0.027471617803638687	-1.1320173331403247	-0.08496876009310107	0	45.794306821194695	-6.94946273568274	15.719703630067503	39.14428470106146	59.69750402507577	83.72659821420012	125.43770110863868	0.1451035839363728	1.0072613625537046	-33.21139713714359	1.01458917617591	27.79750867218121	1.1211302780074341	0.7599068226147555	1.1211302780074341	0.6217248372563289	1.1211302780074341	0.016212129543858842	1.196459795812971	NaN	NaN	800000009	800000009	800000009	800000009	800000009	800110019	899999999	899999999	89999	89999	89	89	15	17	7	57	19	0	2	NaN	0	0	0	0	0	0	0	0	0	NaN	NaN	NaN	NaN	0	0	0	0	0	0	0	0	17109	0	0	0	18000	18000	18000	18000	93	NaN	3.4254832703970544	4.332568490505025	0.4712027164768817	0.03493992871321779	0.07377720070623651	0.032026156585912055	3.3255174070727044e-8	NaN	-0.02839266248770672	0.0190413280042841	0.015578839671254764	0.000016212129543858842	NaN	414.5554343388875	5.677890920011197	94221.18164344618	11.369999885559082	-1.8787916322896319	95.80033518028259	95.48615679952835	96.11451933627659	-0.6283605074700382	0.00027931714801525235	-1	0	2.1047881290780177	84.84983289086375	1.0000916762219536	-273.1499938964844	9.00049199766583	-273.1499938964844	130
DATA	2025-12-19T090000_AIU-0547.ghg	2025-12-19	09:30:00	353.395	1	18000	18000	0.2443390263275191	1	NaN	-26.488069749506746	1	NaN	8.287967612073214	1	NaN	0.5189321969733045	2	NaN	0.18546526317705553	1	NaN	0.011685545211090099	1	NaN	NaN	NaN	NaN	NaN	NaN	NaN	NaN	NaN	NaN	-1.8737798348563377e-10	-2.532829876008394e-12	-1.04151664535654e-12	NaN	16.501716169696692	415.05515507252903	417.3969157401192	0	0	223.05736748001175	5.610392840200453	5.64204693995646	0.1	1	0.09172268666775346	2.101061759224247	2.1129160482935383	-0.3	0	NaN	NaN	NaN	NaN	9	281.4924318169488	281.6961905534533	93874.04462304688	1.1585100876763181	1008.3203700422366	0.024948558865934112	0.012018149053873198	0.004052309444241208	526.8115415578834	1110.0616541253537	0.0034978628907488653	47.457863227693586	583.2501125674703	271.1259619509068	-0.8810782789695145	-2.8863620368264082	0.1985348509116202	3.0243678394552824	-5.069283603449573e-14	-1.1355060380309392e-14	3.0243678394552824	11.949588751763779	78.97510522577454	253.0248947742255	3.7638922743456042	NaN	0.4592471920315984	4.6552685512985255	304.62648988190256	0.009519854957867486	-3.195966850898543	-0.049374810423208265	0	46.83151654911726	-7.1068633134757295	16.075744165604544	40.03087597632715	61.04961166040409	85.62294839791859	128.27877924409606	0.24264413295771867	1.0069850993269052	-25.728294943033998	1.0142899184676655	7.409236045424471	1.1185994833018444	0.4639124232755212	1.1185994833018444	0.1658013131112893	1.1185994833018444	0.01834527810272957	1.1875247361939556	NaN	NaN	800000009	800000009	800000009	800000009	800000009	800010009	899999999	899999999	89999	89999	89	89	11	3	2	68	18	5	0	NaN	0	0	0	0	0	0	0	0	0	NaN	NaN	NaN	NaN	0	0	0	0	0	0	0	0	13164	0	0	0	18000	18000	18000	18000	93	NaN	4.2876805296976235	4.2770357190604456	0.7458208538389822	0.030086160507155936	0.1418517331805311	0.014119842965743751	1.1464515868768697e-7	NaN	-0.022024834065178057	0.011639264764689624	0.004159848464522311	0.00001834527810272957	NaN	415.0552045491537	5.610371428745636	94294.2359047309	11.379710107803344	-2.027288044965954	95.76158788681032	95.45209870486788	96.07107434633045	-0.6189757831709259	0.00027989955531666056	-1	0	2.09611350354221	84.56387295927827	1.0000896530316936	-273.1499938964844	9.000474499199125	-273.1499938964844	023
DATA	2025-12-19T093000_AIU-0547.ghg	2025-12-19	10:00:00	353.416	1	18000	17999	0.4250428536923491	1	NaN	-13.169847547034106	0	NaN	48.9920163188559	0	NaN	1.7816938835429672	0	NaN	1.0963748633844463	0	NaN	0.002364668425395095	0	NaN	NaN	NaN	NaN	NaN	NaN	NaN	NaN	NaN	NaN	-7.524325505975469e-11	-9.77902463875971e-13	-4.1728476131896737e-13	NaN	16.50716443462294	415.8221995903837	418.08161824459495	0	0	214.536130307016	5.404252556469448	5.433617196092306	0.5	0	0.0915455899094783	2.097190769770561	2.108586101600672	-0.3	0	NaN	NaN	NaN	NaN	9	281.50756654951306	281.7425002797445	93924.29312717014	1.1590302138205282	1008.2089052843745	0.024939310899622744	0.07104509114731213	0.0039048646182772715	507.7267570525913	1113.5500892359628	0.0033690792282330666	45.59532273945185	605.8233321833715	270.62746591854113	-1.8202267489976862	-2.275714091318469	0.12493014640643436	2.9166621022007653	6.971753414013818e-14	-4.55821806087639e-15	2.9166621022007653	11.624043176670476	100.65451877736007	231.3475203250288	2.4549160838812356	NaN	0.6055764540957278	4.6335257949285396	1405.2593761692794	0.0020636759655753845	-0.26881619775190463	-0.018610861640499226	0	60.91587687435917	-9.244219330641087	20.910449296012015	52.06997534639205	79.40999782127952	111.37365104879422	166.85802420749812	0.4221959415455724	1.0067431063793622	-10.441324124820484	1.0136146605977714	44.02111313156065	1.1129208880393213	1.6009169229286826	1.1129208880393213	0.9851327935051836	1.1129208880393213	0.003206106038171579	1.179911216370383	NaN	NaN	800000009	800000009	800000009	800100009	800100009	800100009	899999999	899999999	89999	89999	89	89	8	17	7	37	6	2	0	NaN	0	0	0	0	0	0	0	0	0	NaN	NaN	NaN	NaN	0	0	0	0	0	0	0	0	10381	0	0	0	18000	18000	18000	18000	93	NaN	4.348428584282586	4.246577364356816	0.6720456412176767	0.03121527106378502	0.15890273210006461	0.06646867783909997	1.3697917971471085e-8	NaN	-0.00893532371474548	0.04014276469641824	0.024702065021624767	0.000003206106038171579	NaN	415.82211046176485	5.404187354421401	94322.17860590278	11.383045184135437	-2.53923039842309	95.72312224663628	95.41730552970039	96.028943921619	-0.6116384543958634	0.0002797500115816041	-1	0	2.0924330864349994	84.36363614633348	1.0000916627049445	-273.1499938964844	9.000534588548872	-273.1499938964844	019
DATA	2025-12-19T100000_AIU-0547.ghg	2025-12-19	10:30:00	353.437	1	18000	17999	0.674836273106022	1	NaN	-29.62806902672963	0	NaN	46.7083307477624	0	NaN	-0.4685387314150514	2	NaN	1.0456527038668846	0	NaN	-0.004271114934074997	2	NaN	NaN	NaN	NaN	NaN	NaN	NaN	NaN	NaN	NaN	-3.724583443533846e-11	-4.452503983213197e-13	-2.0682528014541938e-13	NaN	16.492121355462068	416.0476198287912	418.1272115613614	0.1	1	197.15288203386174	4.973586207902149	4.998446412038	0.3	0	0.09158037861810893	2.10128357168308	2.1117867250126334	-0.3	0	NaN	NaN	NaN	NaN	9	281.8946679161919	282.1263693873087	93951.49178081597	1.1579773098032773	1007.9817507619779	0.024966060576858608	0.06775829521057412	0.003589834476532332	467.4011855314583	1142.840370658472	0.0031000905165768666	40.89820394270418	675.4391851270137	269.5170026740239	-1.3161452675287932	-2.2717903959212205	0.17882594609678193	2.6317947602627116	-1.7404922478911004e-14	-2.2584016714746594e-15	2.6317947602627116	13.735675492830776	92.08554615898106	239.91197580126845	3.896152079581795	NaN	0.763394777135761	5.837632857140951	1251.5185400498974	0.0023171850094081533	-0.6343208706542994	-0.0332507499076835	0	67.28751148155872	-10.211139464207259	23.097625270862714	57.51635277599693	87.71606704719392	123.02303123938562	184.31091852800887	0.6703533569523693	1.0066873927118578	-26.82309597836524	1.0131909541440756	42.10834866473071	1.1092415691638022	-0.4223955758962925	1.1092415691638022	0.94267356447446	1.1092415691638022	0.0023146011007277936	1.1773272307448575	NaN	NaN	800000009	800000009	800000009	800100009	800100009	800100119	899999999	899999999	89999	89999	89	89	16	19	8	41	14	5	0	NaN	0	0	0	0	0	0	0	0	0	NaN	NaN	NaN	NaN	0	0	0	0	0	0	0	0	7927	0	0	0	18000	18000	18000	18000	93	NaN	5.966212739542534	4.876236593214092	0.8328163815252764	0.03930648866383298	0.13456797014393912	0.01593955950223055	8.260919087282858e-9	NaN	-0.022980325961250297	-0.010598279129419274	0.023652514690821212	0.0000023146011007277936	NaN	416.0477127972971	4.973566255245155	94355.62914713542	11.390000343322754	-3.6389625815484328	95.69836746576097	95.3960129875607	96.00072200096979	-0.6047148764779169	0.00028046385630861744	-1	0	2.096896846638786	84.31776464716596	1.0001044765594933	-273.1499938964844	9.000595414161682	-273.1499938964844	211
DATA	2025-12-19T103000_AIU-0547.ghg	2025-12-19	11:00:00	353.458	1	18000	17986	0.7535742824353926	1	NaN	-14.068597029730093	0	NaN	37.189509224912435	0	NaN	-0.08390885119586675	2	NaN	0.8325837517606502	0	NaN	0.0040340470554221155	0	NaN	NaN	NaN	NaN	NaN	NaN	NaN	NaN	NaN	NaN	1.7465273186667334e-10	2.0691384175938135e-12	9.700347250449991e-13	NaN	16.510795969842867	416.3390777985328	418.4028223634224	0.1	1	195.60599986683565	4.93243461703278	4.956884123878017	0.3	0	0.09170223252566674	2.104301970830067	2.1147327518611196	-0.4	0	NaN	NaN	NaN	NaN	9	281.92786548120006	282.16096725802953	93998.71286328125	1.1584353223268586	1007.9600472374527	0.024956578769278356	0.053951427114090136	0.0035614846948190154	463.76687247735595	1145.5133400049062	0.003074392351629385	40.485506041803895	681.7464675275503	269.4127910942148	-1.9911919199059647	-2.8978459055807155	0.059998147606831385	3.5155822380401447	-2.1098211095126932e-14	1.0578092793689552e-14	3.5155822380401447	14.440257108231322	96.49405881672925	235.51227482038522	0.9778771481457634	NaN	0.8065422801475624	7.418345918027126	3109.4024853613514	0.0009326550723660927	-0.37829477513798027	-0.014938553335694698	0	60.378105526385205	-9.162610453850899	20.725849794508477	51.61029648649885	78.7089585559491	110.39043351132325	165.3849851706734	0.7483459888999187	1.0069864656362488	-11.944736281849456	1.0146540327206388	33.170710379962586	1.1211550430761195	-0.07484143403185839	1.1211550430761195	0.7426125020820363	1.1211550430761195	0.005724112873184082	1.1860206017084105	NaN	NaN	800000009	800000009	800000009	800100009	800100009	800100109	899999999	899999999	89999	89999	89	89	8	7	2	84	22	12	0	NaN	0	0	0	0	0	0	0	0	0	NaN	NaN	NaN	NaN	0	0	0	0	0	0	0	0	9479	0	0	0	18000	18000	18000	18000	93	NaN	7.732164680647018	5.885698573826692	1.2188285815805426	0.02078400357825808	0.14491468512130745	0.00819560324777464	1.1609195955656817e-8	NaN	-0.010229666048710805	-0.0018770470388851748	0.018624958435174234	0.000005724112873184083	NaN	416.3391208535293	4.93242119534609	94410.83502734374	11.383621864000954	-3.7402122334043266	95.69630619748435	95.3931478714413	95.99946818372938	-0.6063335832506418	0.0002803508474688796	-1	0	2.0999395583073293	83.99968234507244	1.0001180445121394	-273.1499938964844	9.00065999174118	-273.1499938964844	065
DATA	2025-12-19T110000_AIU-0547.ghg	2025-12-19	11:30:00	353.479	1	18000	17998	0.6575620354971254	1	NaN	-16.61465838746917	1	NaN	32.757721143915795	0	NaN	1.117485878720993	0	NaN	0.7332037923442717	0	NaN	0.004907620408869362	1	NaN	NaN	NaN	NaN	NaN	NaN	NaN	NaN	NaN	NaN	-1.327603773656353e-11	-1.5531884161790507e-13	-7.379694203421812e-14	NaN	16.560427779647775	417.38508669698916	419.4332067181358	-0.1	0	193.74353330948435	4.883065976516706	4.907027314642676	0.5	0	0.09205374021728731	2.10998199764775	2.1203357369436118	-0.3	0	NaN	NaN	NaN	NaN	9	281.8041140407986	281.9286326056587	94047.22507899305	1.1600100272237475	1007.9288384690543	0.02492316652101845	0.0475116057439088	0.003530564638738048	459.36199091703025	1127.668803336918	0.003043563896760229	40.73554128284108	668.3068124198878	269.2855079481914	-2.1446119149533174	-2.8970436582044456	0.08789811475476032	3.605978840613599	8.010555668621813e-14	-8.016723911491797e-16	3.605978840613599	17.16024294743076	98.51165824347805	233.4849983164587	1.3967607927232206	NaN	0.7529003411382478	7.014872876664099	2142.5060106662913	0.0013535551291630392	-0.5071982362410172	-0.018873928597797983	0	65.11764502197471	-9.881853857567007	22.3527803320657	55.66158356224109	84.88742696731086	119.05582330785349	178.36731812663788	0.6529581271964263	1.0070508476867677	-14.68947690871093	1.0148619413439428	29.17613908858926	1.1227572313269951	0.9953049934046989	1.1227572313269951	0.6530385838421122	1.1227572313269951	0.007578241307963382	1.187470893828172	NaN	NaN	800000009	800000009	800000009	800100009	800100109	800100109	899999999	899999999	89999	89999	89	89	23	16	1	16	14	11	1	NaN	0	0	0	0	0	0	0	0	0	NaN	NaN	NaN	NaN	0	0	0	0	0	0	0	0	13173	0	0	0	18000	18000	18000	18000	93	NaN	7.218374915239346	5.932114857811108	0.8792559802777442	0.10249574570506283	0.39740648467599704	0.016960874804653678	5.998756387296854e-8	NaN	-0.012563617803541273	0.024927909367265858	0.016355676641044134	0.000007578241307963382	NaN	417.3851588437991	4.883045239592949	94437.95470529514	11.380000114440918	-3.8730647434724714	95.6998816034529	95.39532991875544	96.00443279414706	-0.609098181814562	0.0002799250217908087	-1	0	2.105646703468428	83.7725321795145	1.00011156935162	-273.1499938964844	9.000620448297925	-273.1499938964844	239
DATA	2025-12-19T113000_AIU-0547.ghg	2025-12-19	12:00:00	353.499	1	18000	17991	0.544105950837484	1	NaN	-29.82193960163119	1	NaN	25.74964815479136	1	NaN	1.2321323358614424	1	NaN	0.5758760353520178	1	NaN	0.019073239586161327	1	NaN	NaN	NaN	NaN	NaN	NaN	NaN	NaN	NaN	NaN	2.924988397265507e-10	3.259110904007417e-12	1.6261824009172686e-12	NaN	16.68954496619231	418.5407778012323	420.50179146186423	0.1	0	185.9599786210779	4.6635084569189225	4.685358666684705	0.5	0	0.09278752807604985	2.118170990722624	2.1280953815315264	-0.3	0	NaN	NaN	NaN	NaN	9	280.9309573402405	281.0772217085097	94101.85135590278	1.1642964649253897	1007.7937493597087	0.024833475512041167	0.037316767090810755	0.003383997692662855	438.9624950765565	1064.3520275856922	0.0029064742482746504	41.242228482645054	625.3895325091357	268.68153732720475	-2.0973331960887434	-2.345749555943502	0.04495417037823064	3.1484372959241793	8.932970491328025e-15	1.752587265375179e-14	3.1484372959241793	17.889724376537284	103.79987827422121	228.21587530227606	0.8181111824307766	NaN	0.6836124262954402	7.413544497722697	893.8258496003623	0.0032444798964995436	-1.1581494015902536	-0.037178400251115185	0	54.99174288955501	-8.345209142991868	18.876885803730232	47.006114718173514	71.6872908528392	100.5424447189449	150.6309034211766	0.5403941044041378	1.006868776700366	-28.107190789109694	1.0141124423205103	23.051920155602996	1.1170283421501725	1.103044828289411	1.1170283421501725	0.5155429039907006	1.1170283421501725	0.02516787396423255	1.1836915388833982	NaN	NaN	800000009	800000009	800000009	800100009	800100009	800100019	899999999	899999999	89999	89999	89	89	11	22	3	73	16	12	6	NaN	0	0	0	0	0	0	0	0	0	NaN	NaN	NaN	NaN	0	0	0	0	0	0	0	0	16712	0	0	0	18000	18000	18000	18000	93	NaN	8.459486412374169	5.261581911466816	1.1060206716044094	0.03122370024776424	0.1137851474609883	0.009682284076672574	2.778004316991559e-8	NaN	-0.02395422929430272	0.027520814710953807	0.012862723592365646	0.00002516787396423255	NaN	418.54072790200445	4.663488923194977	94504.70983355035	11.370289336628383	-4.473937922769123	95.8050531578064	95.49543437173631	96.11467714330885	-0.6192439198560187	0.0002789685691419032	-1	0	2.1140017114127128	83.92676167109802	1.0000999734302363	-273.1499938964844	9.000534109698402	-273.1499938964844	245
DATA	2025-12-19T120000_AIU-0547.ghg	2025-12-19	12:30:00	353.52	1	18000	17994	0.4220049545903102	1	NaN	-0.19597994501907037	2	NaN	53.02386091814716	0	NaN	1.304774749238262	1	NaN	1.185919192670946	0	NaN	0.008804753748760271	1	NaN	NaN	NaN	NaN	NaN	NaN	NaN	NaN	NaN	NaN	-3.7092112451500513e-10	-3.9096072571718695e-12	-2.065452675968135e-12	NaN	16.720311256493638	419.9128987168784	421.7796929304334	0	0	176.23652553095712	4.425993581115576	4.445670088390551	0.3	0	0.09310607928545693	2.125793377539816	2.1352439535724437	-0.3	0	NaN	NaN	NaN	NaN	9	280.81856944190133	281.14000381639266	94134.39377387153	1.1645437760034678	1007.6659744614418	0.02483043548720733	0.0768475636850773	0.0032120421625036703	416.7499813980972	1068.911459783128	0.0027581978700078557	38.988260214054755	652.1614783850309	267.9948612855217	-0.5467673417683767	-2.4587605627645486	0.10858480105691887	2.5219553963370203	-2.8430782674876087e-13	-2.2183864811185926e-14	2.5219553963370203	11.83846428976367	74.5371592808562	257.438596301774	2.4676783169396166	NaN	0.6019783408295619	6.0030548865193705	92892.6041418034	0.000031218847041612284	-0.003696070818411437	-0.0002774331501332202	0	55.249465762263576	-8.384319583226599	18.965353726030852	47.226412353481535	72.02325864662951	101.01364432675057	151.33684629748007	0.41859277176543663	1.0081515569666493	2.6209216458356677	1.0135549444045622	48.32222798697834	1.0972975197343093	1.1890801954552759	1.0972975197343093	1.0807635771910746	1.0972975197343093	0.0049589193725907465	1.1534611382158944	NaN	NaN	800000009	800000009	800000009	800100009	800100009	800100109	899999999	899999999	89999	89999	89	89	2	23	4	22	15	18	0	NaN	0	0	0	0	0	0	0	0	0	NaN	NaN	NaN	NaN	0	0	0	0	0	0	0	0	9873	0	0	0	18000	18000	18000	18000	93	NaN	5.377384424997872	5.781051896294236	0.8476734517466329	0.04391624978377914	0.1945135513941308	0.011522737552079908	1.1422700656738675e-8	NaN	0.002233477721834038	0.029656674542704226	0.026955165672482215	0.000004958919372590747	NaN	419.91279636043976	4.425971663447954	94544.81430295139	11.382179873943329	-5.160250768105171	95.76922671720716	95.46358017815484	96.07487852244907	-0.61128601083325	0.0002790738410112682	-1	0	2.12182520121336	83.65371460257636	1.0001039178537	-273.1499938964844	9.000606567727194	-273.1499938964844	181
DATA	2025-12-19T123000_AIU-0547.ghg	2025-12-19	13:00:00	353.541	1	18000	18000	0.5635840016807513	0	NaN	9.770365746131759	0	NaN	34.2711226015429	0	NaN	1.0306744866235702	0	NaN	0.7666071750823651	0	NaN	0.007229260726617366	1	NaN	NaN	NaN	NaN	NaN	NaN	NaN	NaN	NaN	NaN	6.80078558218467e-11	7.057125206675687e-13	3.7905129198054e-13	NaN	16.717522727571403	420.3873950934222	422.2292982465956	0	0	173.47650445409124	4.362329096588716	4.381442390212568	0.2	0	0.09317745004635716	2.128759115861363	2.1380861512901492	0	1	NaN	NaN	NaN	NaN	9	280.8641386210124	281.2865569491916	94164.29302756077	1.1643348060268808	1007.6341485933272	0.024835490813817227	0.04967614494533726	0.0031651950129237038	410.885821549595	1079.6216967118057	0.00271845778082033	38.058314574542756	668.7358751622107	267.8081581994609	-0.45240421336764247	-1.832756138257133	0.10155300320762287	1.8904966667658485	-1.0788762760538117e-13	4.068058224301656e-15	1.8904966667658485	9.93613834469605	75.8659098664715	256.1340901335285	3.07927569832028	NaN	0.6957294512755143	4.758733366950448	-2877.1052252890954	-0.0010079575729485541	0.2850903327483032	0.011969876675274988	0	82.14750794267303	-12.466201257414617	28.198581187165733	70.21845424904306	107.0875732480348	150.19184412309366	225.01475103371195	0.5585593701457344	1.0089956982257873	11.485584160747193	1.0133059794311454	31.413079696823843	1.090982575802908	0.9447213085553139	1.090982575802908	0.7026759107662017	1.090982575802908	0.0014949125132174773	1.149593516853324	NaN	NaN	800000009	800000009	800000009	800000009	800000009	800110019	899999999	899999999	89999	89999	89	89	1	16	8	41	5	7	0	NaN	0	0	0	0	0	0	0	0	0	NaN	NaN	NaN	NaN	0	0	0	0	0	0	0	0	6278	0	0	0	18000	18000	18000	18000	93	NaN	2.853601125763876	6.243834117718358	0.4200314904186628	0.07254219491740316	0.059873030584432864	0.01295465304258316	1.694407158161126e-8	NaN	0.009789766445663765	0.02356544518250933	0.01752778359742186	0.0000014949125132174772	NaN	420.3873874121772	4.362306894997989	94563.22851692708	11.40999984741211	-5.3489874632557175	95.73789566188387	95.43262317381965	96.04317726431952	-0.6105525377574894	0.0002792663073341828	-1	0	2.124840360701084	83.89173990292018	1.000116392340925	-273.1499938964844	9.00064306084315	-273.1499938964844	016
DATA	2025-12-19T130000_AIU-0547.ghg	2025-12-19	13:30:00	353.562	1	18000	17999	0.42886556141607457	1	NaN	-4.522878323639652	0	NaN	39.199556774842925	0	NaN	0.3189031577007763	1	NaN	0.8769543026001373	0	NaN	0.0004944390961282826	2	NaN	NaN	NaN	NaN	NaN	NaN	NaN	NaN	NaN	NaN	-1.4382424484140825e-11	-1.3591966570019616e-13	-7.990352673417872e-14	NaN	16.69760633201611	420.1056114463611	421.78014869859487	0	0	157.7990604535189	3.9701661099997048	3.985991157006008	0.2	0	0.092765836206422	2.120169738608385	2.1286207164378297	0.6	0	NaN	NaN	NaN	NaN	9	281.0620583335029	281.4100949181451	94192.1674516059	1.1643410993089471	1007.423924609675	0.024839045458334118	0.05682663880848889	0.0028802392848790975	374.0588614664239	1088.7233510793055	0.0024737074784945408	34.35756761307643	714.6644896128817	266.5784360030432	0.6225582001705935	-2.242996122135243	0.1409163651554158	2.3321121961100792	-1.206956925988743e-13	-8.613464827329089e-16	2.3321121961100792	13.788449471320138	46.48765865643736	285.516387518737	3.4641704650982823	NaN	0.6069046608389501	6.499737551865069	4126.269411159036	0.0007028140218273854	-0.11538085365654688	-0.0063533377512150786	0	56.74432274471643	-8.611169897508967	19.478489754604173	48.50419361867195	73.97195569919828	103.74671965085602	155.43149116452057	0.42603677804990264	1.006639763306633	-2.403090628204831	1.012679248279563	35.49238206011128	1.1044498706357049	0.28874389520025967	1.1044498706357049	0.7940191093466066	1.1044498706357049	-0.0005951156571833582	1.1730464774963614	NaN	NaN	800000009	800000009	800000009	800100009	800100009	800110009	899999999	899999999	89999	89999	89	89	10	6	4	57	13	16	0	NaN	0	0	0	0	0	0	0	0	0	NaN	NaN	NaN	NaN	0	0	0	0	0	0	0	0	8032	0	0	0	18000	18000	18000	18000	93	NaN	5.018094255199881	7.175405124890678	0.805975723639578	0.03971023567210116	0.08811694335954957	0.014637998607381186	1.9058414354182917e-8	NaN	-0.0020486966709856204	0.007200718455516803	0.019801312338533498	-5.951156571833582e-7	NaN	420.10568472642206	3.970128292626238	94585.92434157986	11.390865017731986	-6.580956305768777	95.72029025120204	95.4203353852166	96.02024624760945	-0.5999254989822709	0.00027979154018491193	-1	0	2.116620525572035	84.00996461762323	1.000110013799535	-273.1499938964844	9.000610659864213	-273.1499938964844	228
DATA	2025-12-19T133000_AIU-0547.ghg	2025-12-19	14:00:00	353.583	1	18000	18000	0.3734724328029048	0	NaN	9.231248453810194	0	NaN	39.78807712692688	0	NaN	2.3284308934288913	0	NaN	0.8904139856468462	0	NaN	0.0025070632636831963	1	NaN	NaN	NaN	NaN	NaN	NaN	NaN	NaN	NaN	NaN	2.2701870647053682e-11	2.0250693964063373e-13	1.262242259821991e-13	NaN	16.66343354621854	419.5236010675041	421.09946732193055	0.2	0	148.64241735020795	3.7422660837081407	3.75632324478655	0.2	0	0.09265003022340024	2.1206219780022604	2.1285877196316356	-0.7	0	NaN	NaN	NaN	NaN	9	281.01556498040094	281.75518590799965	94237.40373763021	1.1635739357642778	1007.307071161769	0.02485756740668476	0.057698826269915626	0.002712881549532401	352.7560375220488	1114.5073612048775	0.002331507664573529	31.651297227924044	761.7513236828287	265.81703490323287	-0.6573474094569818	-1.3840006566160212	0.09898567207962108	1.5353701825652644	2.2790882840427205e-14	1.3623765224667912e-15	1.5353701825652644	8.713454992575006	87.40593116542732	244.59406883457268	3.696435878462774	NaN	0.5665422240656214	3.0105126661944333	-1645.0665180933638	-0.0017628466497276397	0.23201041921080617	0.013901840125736703	0	71.16178198272932	-10.799074959791152	24.427536962700525	60.8280209293962	92.76656993483279	130.1064333507264	194.92314565565982	0.36978645944915084	1.0099678429525103	11.249794261749539	1.0135610883131565	36.56403378826726	1.0881752641770657	2.1397572340424142	1.0881752641770657	0.8182633946565797	1.0881752641770657	-0.0031306226502840076	1.148259899845848	NaN	NaN	800000009	800000009	800000009	800000009	800000009	800100009	899999999	899999999	89999	89999	89	89	4	1	2	28	6	14	0	NaN	0	0	0	0	0	0	0	0	0	NaN	NaN	NaN	NaN	0	0	0	0	0	0	0	0	8926	0	0	0	18000	18000	18000	18000	93	NaN	2.400107446540454	3.22213676751592	0.3987811183324915	0.06303623980059594	0.22428696387481648	0.017742558389048008	1.7902287914889583e-8	NaN	0.00959817608276993	0.05338900915046653	0.02041646181622209	-0.0000031306226502840075	NaN	419.5234937673674	3.742264471897624	94635.92078363715	11.380000114440918	-7.343377495818665	95.69989369795057	95.39978663190206	95.9999978504181	-0.6002131120993035	0.00027988326849784557	-1	0	2.1172737878296113	84.11087572076585	1.0001111926717892	-273.1499938964844	9.000608386781481	-273.1499938964844	121
DATA	2025-12-19T140000_AIU-0547.ghg	2025-12-19	14:30:00	353.604	1	18000	18000	0.7284598991627487	0	NaN	8.960728479645901	1	NaN	9.304655884173567	2	NaN	-0.09510077196325539	2	NaN	0.20814562006489146	2	NaN	-0.000041190065969004616	0	NaN	NaN	NaN	NaN	NaN	NaN	NaN	NaN	NaN	NaN	-3.0013255543452116e-10	-2.380429235382724e-12	-1.6698223876389942e-12	NaN	16.67529077908402	419.2342788136839	420.63290675538553	0.1	1	132.25606139784304	3.3250559317628112	3.3361488131632635	0.2	0	0.0927749201448404	2.118918321832964	2.1259873486775374	-0.2	0	NaN	NaN	NaN	NaN	9	280.3792789086236	281.3405732167562	94318.18381770833	1.1664718355691615	1007.073828076357	0.0247997303493979	0.013487836180204965	0.0024160548551463764	313.69736000700885	1083.5930550329865	0.002071250056344053	28.949738884904477	769.8956950259776	264.3080172945478	-0.7123821127032558	-0.40609565749403403	0.04009688653369976	0.8209809485273317	-4.541887995468534e-14	-1.7998639988394106e-14	0.8209809485273317	11.498392790964685	122.31456198075921	209.68543801924085	2.7994519310120736	NaN	0.7902521681927045	4.351701206408129	-4601.8721434620165	-0.0006301783077828652	0.9630370635078879	0.00965254988954832	0	73.76411061301322	-11.193988369284844	25.320832170242987	63.052452302215016	96.15896813156762	134.86432005703304	202.05132694218	0.7177212380195427	1.014962161594713	9.32425496186893	1.016280532615043	8.565526683049974	1.0862911562211615	-0.08754630047259036	1.0862911562211615	0.1916112626645691	1.0862911562211615	-0.0034865843252936627	1.1496302207219025	NaN	NaN	800000009	800000009	800000009	800000009	800000009	800100009	899999999	899999999	89999	89999	89	89	12	8	4	19	2	13	0	NaN	0	0	0	0	0	0	0	0	0	NaN	NaN	NaN	NaN	0	0	0	0	0	0	0	0	7072	0	0	0	18000	18000	18000	18000	93	NaN	4.363106222788033	3.631035853263459	0.709260336764767	0.1556199209064616	0.09968540900178513	0.05727476964305391	2.8127522669658003e-8	NaN	0.007937405604234714	-0.0021783697891085523	0.004767764983651405	-0.0000034865843252936625	NaN	419.23417136014655	3.324990476763473	94695.0844889323	11.370289336628383	-8.877090284585789	95.74292794609069	95.44310009426542	96.04275509410434	-0.5996648906038865	0.00027939404554975524	-1	0	2.115945845696661	83.83670273346375	1.0001159290439552	-273.1499938964844	9.000688114510643	-273.1499938964844	066
DATA	2025-12-19T143000_AIU-0547.ghg	2025-12-19	15:00:00	353.624	1	18000	18000	0.39563259774952764	0	NaN	7.712673569936449	0	NaN	36.00089620213506	0	NaN	1.031406864516335	0	NaN	0.8050514947448991	0	NaN	0.0027963108024817765	0	NaN	NaN	NaN	NaN	NaN	NaN	NaN	NaN	NaN	NaN	1.017046584102753e-10	7.335814899315515e-13	5.654799619324849e-13	NaN	16.736232891269797	419.3164623851196	420.58852018929304	0.1	0	120.71610929257828	3.024471052136448	3.0336462273334415	0.2	0	0.09305379405602812	2.121205439742419	2.1276404266220927	-0.2	0	NaN	NaN	NaN	NaN	9	279.92049628957113	280.96304561360677	94390.59897873263	1.1690690337229688	1006.9046253536522	0.02474745140411536	0.05216733685946946	0.0022022861426549676	285.5582116313011	1056.1041453562204	0.0018837947795449328	27.038830676588553	770.5459337249193	263.11344590464194	-1.0966786582167336	-0.6005248561256273	0.0787355667441634	1.2528102297168437	7.033176733787323e-14	6.076914624158224e-15	1.2528102297168437	11.674098116672962	123.29554527601869	208.7044547239813	3.6032517640790123	NaN	0.5817360199452412	3.251790592741958	-2133.870825335684	-0.0013590325925861956	0.21423559920930643	0.011262907115150262	0	60.60982156226014	-9.19777425626111	20.80539041130415	51.80836386883756	79.01102381131652	110.81408432694187	166.01969129175626	0.3912396586300279	1.011228256191824	9.533494000102262	1.0141292903258925	33.13166272007442	1.0866009504654948	0.9492048245259542	1.0866009504654948	0.7408897391448247	1.0866009504654948	-0.0021277667413684056	1.1479105235694615	NaN	NaN	800000009	800000009	800000009	800000009	800000009	800001109	899999999	899999999	89999	89999	89	89	13	12	5	22	28	9	0	NaN	0	0	0	0	0	0	0	0	0	NaN	NaN	NaN	NaN	0	0	0	0	0	0	0	0	10030	0	0	0	18000	18000	18000	18000	93	NaN	3.344417135434254	2.5311325099358686	0.6280315401137931	0.0331947924547268	0.0511924568960788	0.016035357760674336	6.9457205475788656e-9	NaN	0.008098854647891639	0.02356168100482243	0.018390770087156404	-0.0000021277667413684057	NaN	419.31649990081786	3.0244507838758157	94771.81249023437	11.379134804248812	-10.052214724752675	95.83718727684021	95.53901286527845	96.1353692656623	-0.5963649682584735	0.00027853152569958986	-1	0	2.118497192621231	83.50027380490253	1.0000797499683167	-273.1499938964844	9.000452200995552	-273.1499938964844	043
DATA	2025-12-19T150000_AIU-0547.ghg	2025-12-19	15:30:00	353.645	1	18000	17998	0.4044647930117272	1	NaN	3.884400558740628	2	NaN	49.582260491560554	0	NaN	0.5168866974702166	1	NaN	1.108595835498239	0	NaN	0.002216399500438156	2	NaN	NaN	NaN	NaN	NaN	NaN	NaN	NaN	NaN	NaN	3.8228057299030576e-11	2.460450999738624e-13	2.1205539815153073e-13	NaN	16.758957362188045	419.33118703173886	420.46599017175623	-0.1	0	107.86473681836357	2.6989177877474564	2.706221657516515	0.2	0	0.09296384977777655	2.117257008949148	2.122986775721295	0.5	0	NaN	NaN	NaN	NaN	9	279.96098095618356	280.81010681321874	94463.01401736111	1.1707473970728082	1006.7263720677929	0.024715019442593904	0.07183701014028589	0.001967811495413547	255.01629589338762	1045.1444591579555	0.0016808164599243346	24.40010025971408	790.1281632645678	261.69185459576494	-0.14151452596752764	-1.038732354370288	0.053208789098475484	1.0488960652272459	-7.837351549773221e-14	2.2810522440543718e-15	1.0488960652272459	12.554763465181619	69.75808303619783	262.2304060461569	2.9077696168298313	NaN	0.5877718214414467	4.623841882401978	-4372.319798656991	-0.0006632634696324748	0.0783425467138957	0.005607129673850621	0	56.02393953782048	-8.501848966606309	19.231205511244017	47.88842088834759	73.03286343252893	102.42962939421045	153.45824995479722	0.3994313557054128	1.0126015077044344	6.477057741680427	1.0148732979542194	45.654740676067625	1.0860265496492405	0.475942966253595	1.0860265496492405	1.0207815231186455	1.0860265496492405	-0.0023177873212015063	1.1482615522008814	NaN	NaN	800000009	800000009	800000009	800100009	800100009	800100009	899999999	899999999	89999	89999	89	89	30	24	3	44	28	23	0	NaN	0	0	0	0	0	0	0	0	0	NaN	NaN	NaN	NaN	0	0	0	0	0	0	0	0	9776	0	0	0	18000	18000	18000	18000	93	NaN	3.9299505005060955	4.537237645814451	0.7804956184834081	0.023557995236300474	0.045440465918048005	0.01202190679050748	6.655340399063654e-9	NaN	0.005495448247875335	0.01179478134861199	0.025296927832887364	-0.0000023177873212015063	NaN	419.33113370698595	2.69886099384789	94853.20552625868	11.399999618530273	-11.471517704672248	95.85674395476447	95.56149015257094	96.15199351437886	-0.5905192734334204	0.0002779929199702261	-1	0	2.114842598544227	83.26370379012249	1.0000842986139986	-273.1499938964844	9.000450428167978	-273.1499938964844	178
DATA	2025-12-19T153000_AIU-0547.ghg	2025-12-19	16:00:00	353.666	1	18000	17995	0.20981137618511475	1	NaN	-14.369378417078352	0	NaN	31.138361000785864	0	NaN	0.9213025437080181	0	NaN	0.695860455633634	0	NaN	0.0017362158789870107	1	NaN	NaN	NaN	NaN	NaN	NaN	NaN	NaN	NaN	NaN	4.446334425770603e-10	2.924527276157187e-12	2.4530061322030416e-12	NaN	16.871067662171782	419.9271619892393	421.09022348172687	0.2	0	110.96758100322975	2.762024448990846	2.7696743572814	0.2	0	0.0930762926698824	2.114641476297572	2.120498344569317	-0.5	0	NaN	NaN	NaN	NaN	9	279.94655020735	280.2782328279283	94488.04109657118	1.1732518236079956	1006.7506702204583	0.024661673590521252	0.04509175752505948	0.0020181793924450285	261.04828430681425	1007.8070202433119	0.0017201587518003623	25.90260625926084	746.7587359364976	261.98421508241273	0.37401587892995136	-0.5337976839297993	0.10928343863629804	0.6596802354577969	-7.440990362333222e-14	2.6354789837872264e-14	0.6596802354577969	12.8616798290017	26.982234422456543	305.1176712555735	9.535648757261683	NaN	0.42288170541532283	3.2097978069009194	440.2613932776287	0.006586995917153383	-0.46146868220571086	-0.028767751562242698	0	50.541845803082985	-7.669920092306903	17.34938013240809	43.20240961737555	65.88640057475142	92.40661362298982	138.44194589690332	0.2076226296115671	1.0105419461146528	-12.538142115928212	1.0136110181282092	28.49351492627386	1.0928227381337636	0.8430484758043614	1.0928227381337636	0.6367551034140903	1.0928227381337636	0.004133828023117928	1.169610861109084	NaN	NaN	800000009	800000009	800000009	800100009	800100009	801110009	899999999	899999999	89999	89999	89	89	6	15	9	42	14	24	0	NaN	0	0	0	0	0	0	0	0	0	NaN	NaN	NaN	NaN	0	0	0	0	0	0	0	0	18000	0	0	0	18000	18000	18000	18000	93	NaN	2.865225187606966	3.031737091904028	0.5226333342908446	0.0067540495559765415	0.10488235551000116	0.012053223174514526	2.46362014730863e-9	NaN	-0.010615000594013213	0.020848586082139475	0.015746951649611898	0.000004133828023117928	NaN	419.92717803537954	2.7620029176906975	94877.54183007813	11.387243268171948	-11.178964169714204	95.96007510672675	95.66326811938815	96.25688409911261	-0.5936264551861421	0.0002764602753692694	-1	0	2.1121695231199267	83.66711122148122	1.0000838025079832	-273.1499938964844	9.00043747051557	-273.1499938964844	002
DATA	2025-12-19T160000_AIU-0547.ghg	2025-12-19	16:30:00	353.687	1	18000	18000	0.32679597462772575	1	NaN	-37.92826286680264	1	NaN	47.64769821873129	0	NaN	2.873614831223287	0	NaN	1.0645833428196054	0	NaN	0.0021066967069173553	1	NaN	NaN	NaN	NaN	NaN	NaN	NaN	NaN	NaN	NaN	-5.728214700660899e-10	-3.3710236914818536e-12	-3.1627155567993135e-12	NaN	16.86974098956299	419.1028798118699	420.13911007920854	0.1	1	99.27752278282819	2.4663980155127243	2.4724961751725325	0.2	0	0.09314279414266738	2.11376537070164	2.118991647495912	-0.1	0	NaN	NaN	NaN	NaN	9	279.7372963875665	280.06429353078215	94511.1973233507	1.174567233737878	1006.587668245204	0.02463681132351538	0.06898500061471043	0.0018039872294115967	233.164756727523	993.1236672836473	0.0015358739607188659	23.477917645973143	759.9589105561242	260.57840914297014	0.585544497356988	-0.6116068644022665	0.16224322624734092	0.8621184254104384	-1.8691742244469626e-13	-3.395555808595309e-14	0.8621184254104384	10.390413815054844	18.247150395013364	313.75284960498664	10.847251956982765	NaN	0.5274719972481491	5.678155411736343	323.7288650816356	0.008958113757538114	-0.7960145880014884	-0.06081826923375192	0	52.76260124108879	-8.006928297753598	18.11169361073232	45.10067796449019	68.78137957763705	96.46686283728422	144.52493909419374	0.3238473803938927	1.0091048883280966	-34.94958090274359	1.0130451296950165	43.54423593985082	1.0942366352356883	2.626136558299693	1.0942366352356883	0.972900475581595	1.0942366352356883	0.010767369064606269	1.1710626039408385	NaN	NaN	800000009	800000009	800000009	800000009	800000109	800010109	899999999	899999999	89999	89999	89	89	20	13	4	42	4	16	0	NaN	0	0	0	0	0	0	0	0	0	NaN	NaN	NaN	NaN	0	0	0	0	0	0	0	0	18000	0	0	0	18000	18000	18000	18000	93	NaN	4.465675510311174	6.160387309167533	0.7302480039939776	0.032095030661789675	0.12920418710428852	0.012924418745336978	7.531909554893421e-9	NaN	-0.02956054830653828	0.06485964350281533	0.02402844505953547	0.000010767369064606269	NaN	419.1027970580274	2.466364209897536	94903.18000694444	11.380000114440918	-12.587184750133142	95.98586905013191	95.68489095454746	96.28684283871121	-0.6019489844110278	0.0002763759483544466	-1	0	2.1115555349985757	83.61602576149835	1.0000882419910695	-273.1499938964844	9.000464752356212	-273.1499938964844	175
DATA	2025-12-19T163000_AIU-0547.ghg	2025-12-19	17:00:00	353.708	0	18000	18000	0.30681140006941915	1	NaN	-11.87052862569482	0	NaN	33.40394784579438	0	NaN	2.8949992098508224	0	NaN	0.7460183330242064	0	NaN	0.002850039438788251	0	NaN	NaN	NaN	NaN	NaN	NaN	NaN	NaN	NaN	NaN	-1.9213454485730037e-11	-1.0754879881848463e-13	-1.0598097545930006e-13	NaN	16.903765747428764	419.0617964036628	420.0471138752025	0.1	1	94.62013731030167	2.3457308454033496	2.3512462362248003	0.2	0	0.09324078521010094	2.1114653612241057	2.1164299362076027	-0.3	0	NaN	NaN	NaN	NaN	9	279.29354476865126	279.61526968383794	94538.75112044271	1.1768501559797266	1006.5147674935539	0.024590142397689654	0.048341987979968574	0.001718984374909071	221.82195002271035	962.9181806025	0.0014606654604026612	23.03642765202708	741.0962305797897	259.96322381721745	-0.5739580395482224	-1.2108801872735484	0.05998462568756403	1.3413637889895977	-9.281227721622981e-14	-1.1366375263838828e-15	1.3413637889895977	9.848729215764582	87.36098387954337	244.63901612045663	2.5630723415706678	NaN	0.5105933586965775	3.785330744096091	938.3834631277751	0.0030904210420906798	-0.3553630451254983	-0.01962698441392013	0	58.482081739820565	-8.874881529333132	20.07500618382279	49.98960387090671	76.23730005761158	106.92389732371157	160.19148227603213	0.304532895697129	1.0074819646891489	-9.974418012029863	1.0122071746828345	30.51050640120858	1.094834264844296	2.644235116501894	1.094834264844296	0.6813984152480859	1.094834264844296	0.004251176783350946	1.1678751482305587	NaN	NaN	800000009	800000009	800000009	800000009	800000109	800110119	899999999	899999999	89999	89999	89	89	7	16	4	87	1	30	0	NaN	0	0	0	0	0	0	0	0	0	NaN	NaN	NaN	NaN	0	0	0	0	0	0	0	0	18000	0	0	0	18000	18000	18000	18000	93	NaN	3.6426024378429718	3.3990290236689544	0.5290300266802557	0.021775209605452633	0.15366601488757584	0.008595116963606467	5.978908869286312e-9	NaN	-0.008420662174838524	0.0651750421637821	0.016795091392205436	0.000004251176783350946	NaN	419.06169570608336	2.3457009817364614	94931.8872795139	11.370289336628383	-13.198477164798318	96.0384580438402	95.73887193192375	96.33804967604743	-0.5991720057245757	0.000275554067322648	-1	0	2.1093635280794567	83.60443924965328	1.0000860290593572	-273.1499938964844	9.000493037594689	-273.1499938964844	017
DATA	2025-12-19T170000_AIU-0547.ghg	2025-12-19	17:30:00	353.729	0	18000	18000	0.317417644574574	1	NaN	-14.81133377357818	0	NaN	33.34823065977751	0	NaN	0.46373780670349685	0	NaN	0.7444364154491024	0	NaN	0.0024730846978916515	1	NaN	NaN	NaN	NaN	NaN	NaN	NaN	NaN	NaN	NaN	1.3436992775519146e-10	7.844660134484627e-13	7.402737500422164e-13	NaN	16.970791788056125	419.49728056083734	420.52718106531637	0.1	1	99.07729803423922	2.4490700027284724	2.4550826720548202	0.2	0	0.09349585794984233	2.1125282698369605	2.117714701386463	-0.3	0	NaN	NaN	NaN	NaN	9	278.83575949605313	279.13984202490917	94651.54784505209	1.1802149158732291	1006.562018165195	0.024519077600234012	0.04823947972110183	0.0017999144553831536	231.87044665274283	931.8231583842281	0.0015250734685482389	24.88352479399673	699.9527117314854	260.5095774884633	-1.0257734319981548	-0.34388235270467576	-0.008722690611215212	1.0819160279922113	7.49604873434082e-14	7.917717065491292e-15	1.0819160279922113	9.896479333881915	133.4666841141505	198.53331588584953	-0.4619385973273288	NaN	0.5186029498837306	3.2211826057062067	788.6945745849627	0.0036769620249081547	-0.44414151757210485	-0.024041277890502134	0	62.41549089234437	-9.47179154341825	21.42521826094614	53.35182285400728	81.36489615011061	114.11542375103149	170.96569933184986	0.31484951140713396	1.0081567005010186	-12.88312304574505	1.0124250697048924	30.50485164221636	1.0932107145089713	0.4241980073455374	1.0932107145089713	0.6809633363166175	1.0932107145089713	0.004818309327312011	1.1674687885899449	NaN	NaN	800000009	800000009	800000009	800000009	800000109	800100109	899999999	899999999	89999	89999	89	89	31	11	8	18	15	26	0	NaN	0	0	0	0	0	0	0	0	0	NaN	NaN	NaN	NaN	0	0	0	0	0	0	0	0	18000	0	0	0	18000	18000	18000	18000	93	NaN	3.6518203626152497	2.326749865232746	0.46379498356441773	0.022741767998985224	0.03609605406673634	0.008899261664295036	1.722503525923359e-8	NaN	-0.010844749306212164	0.010426485903375138	0.016737595424480743	0.00000481830932731201	NaN	419.49728931329724	2.4490234741423804	95044.49158528647	11.37609002494812	-12.652275923464046	96.07653623263042	95.77857150332133	96.37450686624315	-0.5959190226958856	0.0002749343457900168	-1	0	2.11033187699318	83.59169443367146	1.0000655292802387	-273.1499938964844	9.00035117676523	-273.1499938964844	120
DATA	2025-12-19T173000_AIU-0547.ghg	2025-12-19	18:00:00	353.749	0	18000	18000	0.6347421674804088	0	NaN	-29.439156544872244	1	NaN	39.68725906138518	0	NaN	0.6805135769617646	1	NaN	0.885639394543173	0	NaN	-0.0054908438759973	2	NaN	NaN	NaN	NaN	NaN	NaN	NaN	NaN	NaN	NaN	5.980474778075755e-10	3.529214308918159e-12	3.29826062621951e-12	NaN	17.006760784369092	419.4376817689772	420.4784488663141	0.2	0	100.36076688857048	2.4751972429099083	2.4813390464764713	0.3	0	0.09379310432050128	2.1156332680028704	2.1208828714387904	-0.1	0	NaN	NaN	NaN	NaN	9	278.4664137013753	278.77993032158747	94737.74863628473	1.1828031353974489	1006.5698605398832	0.024465182823713058	0.0573894327663976	0.0018231237184226949	234.55751492195995	908.8764661979881	0.0015413585438375454	25.807414279650228	674.3189512760281	260.65209676406835	-0.2115887462850143	-0.3454696907694295	0.06779040483335587	0.4107488816567609	-7.207928035505255e-14	3.516527840841042e-14	0.4107488816567609	8.433272474295583	93.48608972059549	238.5139102794045	9.499616059261642	NaN	0.7325587189508029	3.172822397806667	1119.1322154047261	0.00259129346835149	-0.7417785264368607	-0.033754099935352395	0	71.45089388223403	-10.842948805941838	24.526779722152806	61.075149432702624	93.1434564952467	130.63502211053205	195.71506793933193	0.6257404804207333	1.0143856556213575	-26.92845782576126	1.0153085027682607	36.32297626514313	1.09262134170075	0.6228265465714704	1.09262134170075	0.8105638804058197	1.09262134170075	0.0015797800196701525	1.1693310549129954	NaN	NaN	800000009	800000009	800000009	800000009	800000109	800010109	899999999	899999999	89999	89999	89	89	6	16	10	25	3	26	0	NaN	0	0	0	0	0	0	0	0	0	NaN	NaN	NaN	NaN	0	0	0	0	0	0	0	0	18000	0	0	0	18000	18000	18000	18000	93	NaN	2.7407039835743277	2.944927378065903	0.6600134339731042	0.026522146418004235	0.029239290458632203	0.007542729764008641	3.746675682374717e-9	NaN	-0.0226180465211066	0.015275385062346103	0.019879813182316776	0.0000015797800196701525	NaN	419.4376426516195	2.475106277902729	95130.12688932291	11.390000343322754	-12.509554093148989	96.11148613315159	95.81107878918118	96.41189391411676	-0.600817117671172	0.00027408117981394755	-1	0	2.113407814893457	83.57523541736604	1.000082566448384	-273.1499938964844	9.000544714291891	-273.1499938964844	022
DATA	2025-12-19T180000_AIU-0547.ghg	2025-12-19	18:30:00	353.77	0	18000	17997	0.356494548051414	1	NaN	-21.988980908566813	1	NaN	39.48848989413938	0	NaN	0.8141998801558576	1	NaN	0.8808559179893046	0	NaN	-0.005669324181740916	2	NaN	NaN	NaN	NaN	NaN	NaN	NaN	NaN	NaN	NaN	5.356745223464053e-11	3.062332315977433e-13	2.951824534471714e-13	NaN	17.014539648895095	418.99731902547114	420.00335922436204	0.2	0	97.26834567389879	2.3953146487893946	2.401065957249504	0.2	0	0.09375830561878377	2.1107097341993613	2.1157776874877823	-0.8	0	NaN	NaN	NaN	NaN	9	278.02525010850695	278.3655683339437	94760.53978862848	1.184884595619616	1006.5198188493057	0.024422943772700358	0.05707946348570694	0.0017673369399061095	227.04219441625887	883.0774379688892	0.001491568838382872	25.710338035412196	656.0352435526303	260.24974996569927	0.05497518618616396	-0.9694191940784666	0.07404205141641794	0.9732640506722913	4.0517732029694787e-14	3.1483339155825553e-15	0.9732640506722913	12.985163172681268	58.75426680583081	273.2399322307248	4.363050125632097	NaN	0.5485148876229727	5.0338942021095	629.0797702050128	0.004609908214112353	-0.5568453229666367	-0.03361385315742493	0	54.01133898853406	-8.19642906858948	18.540344870334586	46.16808020935475	70.40923535009031	98.74995370409182	147.94542524629807	0.3534663133389826	1.0085672512433377	-19.65713090062524	1.0126269218383672	36.12868592940811	1.0929954654674128	0.7449252132145581	1.0929954654674128	0.8059099473140193	1.0929954654674128	-0.0009049541610376214	1.1679899981624284	NaN	NaN	800000009	800000009	800000009	800100009	800100009	800110109	899999999	899999999	89999	89999	89	89	18	26	4	24	27	35	0	NaN	0	0	0	0	0	0	0	0	0	NaN	NaN	NaN	NaN	0	0	0	0	0	0	0	0	17901	0	0	0	18000	18000	18000	18000	93	NaN	4.76042356032523	4.562544488577562	0.7448203553162078	0.017430054782153603	0.04041844270802314	0.009981350334991432	4.31047678435451e-9	NaN	-0.01648244918850217	0.01823696157599075	0.019729965481301646	-9.049541610376214e-7	NaN	418.99743203625655	2.3952775158038597	95154.87874348958	11.383621864000954	-12.913326640182085	96.13663787587484	95.83524559169345	96.43803041712442	-0.6028075362410814	0.00027364241639184504	-1	0	2.108557668017016	83.54046452416314	1.0000546069045861	-273.1499938964844	9.000278887748719	-273.1499938964844	139
DATA	2025-12-19T183000_AIU-0547.ghg	2025-12-19	19:00:00	353.791	0	18000	17999	0.29104812256592083	1	NaN	-14.576147875565418	0	NaN	39.591309989906335	0	NaN	1.3302848375534122	0	NaN	0.8828199894779105	0	NaN	-0.005108821941913894	0	NaN	NaN	NaN	NaN	NaN	NaN	NaN	NaN	NaN	NaN	-2.1689301571631627e-11	-1.3217811405481414e-13	-1.19708887368414e-13	NaN	17.03401230259541	419.00092042040615	420.07356121309715	0.1	0	103.80802781996579	2.5534594217103814	2.5599962683012185	0.2	0	0.09401513706788185	2.1128236559622775	2.1182324766371194	0.5	0	NaN	NaN	NaN	NaN	9	277.64053750610344	277.9737847086588	94755.66503190104	1.1864225478848156	1006.598334132737	0.024389824558666003	0.0572067353181686	0.0018865793584094406	242.01964743535598	859.2814201251349	0.0015901411868586637	28.16535325529456	617.2617726897789	261.0403797360907	-0.9634943653133677	-1.6301214941833706	0.10181193636376926	1.8963531444124053	-9.241794653581061e-14	-1.2732937599397475e-15	1.8963531444124053	11.871021397593163	92.58549852902684	239.4086638680477	3.077591486125178	NaN	0.4952935873867565	4.365859928427343	698.687289321036	0.004150640843657161	-0.36816533424333664	-0.024642482752125924	0	53.47981367308926	-8.11576805133294	18.357889429676987	45.713740364123964	69.71633841899167	97.77815590615408	146.48949506024312	0.2890703743238911	1.0068417534887673	-12.34755286438984	1.01241297229056	35.96735047035464	1.1007569218238267	1.2085182579177285	1.1007569218238267	0.8020117538894782	1.1007569218238267	-0.0026860338807325767	1.1719464931594807	NaN	NaN	800000009	800000009	800000009	800100009	800110109	800110119	899999999	899999999	89999	89999	89	89	23	9	9	61	22	37	0	NaN	0	0	0	0	0	0	0	0	0	NaN	NaN	NaN	NaN	0	0	0	0	0	0	0	0	17901	0	0	0	18000	18000	18000	18000	93	NaN	4.176028608315038	3.933193543818166	0.622497704721482	0.023733929162310045	0.055252353465918336	0.010761727612816189	1.4471609674684167e-8	NaN	-0.010339160926034926	0.029551025872627867	0.019611015335568933	-0.0000026860338807325766	NaN	419.0009220983129	2.5533977252852447	95152.7715173611	11.380000114440918	-12.121956505325027	96.15781022771199	95.85415325058831	96.46147381909688	-0.607314209844172	0.0002732871855793443	-1	0	2.1105227674378293	83.48500906527484	1.0000589791685344	-273.1499938964844	9.000367674165302	-273.1499938964844	112
DATA	2025-12-19T190000_AIU-0547.ghg	2025-12-19	19:30:00	353.812	0	18000	18000	0.32258880207436524	1	NaN	-24.6096240988559	0	NaN	33.769163221918184	0	NaN	0.34783848749331864	0	NaN	0.7527448612549107	0	NaN	0.007443894428727529	1	NaN	NaN	NaN	NaN	NaN	NaN	NaN	NaN	NaN	NaN	2.2320288388642368e-10	1.4201510139553564e-12	1.233957461099113e-12	NaN	17.077383697809946	419.13238248493974	420.253101834615	0	0	108.65658790721666	2.6667723445293547	2.6739030351955675	0.2	0	0.09441080985623723	2.1183002645521802	2.1239643940590223	-0.2	0	NaN	NaN	NaN	NaN	9	277.28718793402777	277.6236462300618	94826.74887152777	1.1887590292953278	1006.6535535713425	0.024340842876347645	0.04877786700931821	0.0019742635337614547	252.94918415776766	838.4961536411275	0.001660776898520601	30.167005902096093	585.5469694833598	261.5902462403766	-1.2216803513276078	-1.0559289827828584	0.039755229522794824	1.6152613954944457	2.1860046536985944e-15	1.307008660319835e-14	1.6152613954944457	9.179079397814176	111.16232116031847	220.83767883968156	1.410320894747576	NaN	0.5209280336679599	2.426747465289447	481.7297100379728	0.006019973316097537	-0.7287602579054372	-0.039477840758506515	0	75.68440560820143	-11.485400543350162	25.98000730143396	64.69389158188724	98.66226660166313	138.37523175491356	207.3113124374807	0.3203121093910978	1.0071077321665902	-22.570650619136	1.0123618353672004	30.736480320068917	1.0986672146670327	0.3166004071567169	1.0986672146670327	0.6851436460521316	1.0986672146670327	0.012429949553190128	1.171587677590198	NaN	NaN	800000009	800000009	800000009	800000009	800010009	800110119	899999999	899999999	89999	89999	89	89	13	9	6	43	24	29	0	NaN	0	0	0	0	0	0	0	0	0	NaN	NaN	NaN	NaN	0	0	0	0	0	0	0	0	17801	0	0	0	18000	18000	18000	18000	93	NaN	3.11789098748699	1.4465848688379792	0.28901907425392503	0.029562355367512276	0.03045932358284509	0.0076806781398377055	4.42841098286911e-8	NaN	-0.018861239012204878	0.007726932261786243	0.016721578440729915	0.000012429949553190128	NaN	419.1325096911579	2.6667285273241697	95222.7481484375	11.360579669952392	-11.570177113135667	96.18598746066623	95.87984440464443	96.49213080279033	-0.6122886725780039	0.0002728789909209202	-1	0	2.1158900030122867	83.4518272155126	1.0000484176890718	-273.1499938964844	9.000257088131375	-273.1499938964844	032
DATA	2025-12-19T193000_AIU-0547.ghg	2025-12-19	20:00:00	353.833	0	18000	18000	0.44878583098498415	1	NaN	28.979789733761947	2	NaN	-7.750462668892844	2	NaN	-1.7848499760797434	2	NaN	-0.17270804221694366	2	NaN	-0.0011287889726685132	1	NaN	NaN	NaN	NaN	NaN	NaN	NaN	NaN	NaN	NaN	7.629919830137394e-10	5.02517127058857e-12	4.219024048702584e-12	NaN	17.11543413721428	419.2992382135298	420.4603660342309	0.1	1	112.72462859997219	2.7615630734777468	2.7692104227238308	0.1	1	0.09464113625895319	2.1200961210596656	2.125967113335281	0.8	0	NaN	NaN	NaN	NaN	9	276.939189271715	277.27875842793776	94889.99709830729	1.1909887839577395	1006.6989887689801	0.02429440054868542	-0.011191481135657948	0.002048347203998001	262.11500274912646	818.4582673966448	0.001719871111792673	32.02545727625953	556.3432646475184	262.0352896827692	0.7541628133765826	-0.22328009609796315	0.17364957392468233	0.8054624292405411	4.1340896424950175e-14	4.4579177886861626e-14	0.8054624292405411	8.084861205273898	348.49209981581333	343.50790018418667	12.450138413765572	NaN	0.6138549082268843	2.624005890243116	-669.7118209537356	-0.0043302207147398325	-3.739104485990863	0.039375147478820885	0	85.81008643393425	-13.02201167378176	29.455825862345296	73.34917125632744	111.86211422051716	156.8882057246164	235.04712094964046	0.4420790848675229	1.0151709192925764	28.129270632441624	1.0164092958703292	-7.134345189231329	1.0863593593132401	-1.642964605384415	1.0863593593132401	-0.1589787400792716	1.0863593593132401	-0.00976154618641312	1.1497772290864963	NaN	NaN	800000009	800000009	800000009	800000009	800001009	800111009	899999999	899999999	89999	89999	89	89	12	3	10	1	18	18	0	NaN	0	0	0	0	0	0	0	0	0	NaN	NaN	NaN	NaN	0	0	0	0	0	0	0	0	15955	0	0	0	18000	18000	18000	18000	93	NaN	3.0580332048461627	1.8967726961911013	0.2932058794489678	0.12441663777262016	0.2647624697824032	0.029088904777835108	2.4795921798079823e-8	NaN	0.02346125109022642	-0.04002540253337873	-0.003872991569671339	-0.000009761546186413121	NaN	419.2990613185311	2.7615048844691716	95284.0923094618	11.366089796066284	-11.139365880479108	96.204698319753	95.89510757997301	96.51429171668158	-0.6191895572824615	0.0002723435966294751	-1	0	2.1175972587731144	83.46993857955933	1.0000459255741703	-273.1499938964844	9.000257381068336	-273.1499938964844	047
DATA	2025-12-19T200000_AIU-0547.ghg	2025-12-19	20:30:00	353.854	0	18000	18000	0.1352484890204397	1	NaN	-39.882609013965094	1	NaN	61.828639462086585	1	NaN	2.5615193930809506	1	NaN	1.3776010239840386	1	NaN	0.002762625436485564	1	NaN	NaN	NaN	NaN	NaN	NaN	NaN	NaN	NaN	NaN	2.1258085189119773e-10	1.4037496358492778e-12	1.170234849474246e-12	NaN	17.1111134144592	419.11781517561946	420.2809802986354	0.1	0	112.99098207027822	2.7675892499096797	2.775270057486375	0.5	0	0.09419484893754695	2.1089440094581215	2.114796898620486	-0.1	0	NaN	NaN	NaN	NaN	9	276.79575882297087	277.15495589107934	94856.51660568577	1.1910976605918886	1006.7002258847998	0.024292124418369313	0.0892685463541657	0.0020530093736947494	262.5942948923722	811.369317611549	0.0017236280798961132	32.36433633765922	548.7750227191768	262.05817796807116	2.011667372454696	-0.9971929039864995	0.1739813936084396	2.2519921914789136	-6.012226448260375e-14	1.2423554607005473e-14	2.2519921914789136	12.265315531344886	358.3678295169694	333.6321704830306	4.430895698178323	NaN	0.3369709987515619	3.400259358513609	80.47669370599075	0.036035277624534436	-0.6450507299035938	-0.09870598758164954	0	41.638629416676196	-6.318822656841021	14.293194054624719	35.592074159183525	54.28015881769421	76.12869453341081	114.05465687549275	0.13426166141758245	1.0073500327080567	-36.19547632762911	1.0144136072217436	55.24646926043343	1.1191419160313145	2.2888244613020796	1.1191419160313145	1.2309439975845675	1.1191419160313145	0.010805762045248848	1.1979388336933543	NaN	NaN	800000009	800000009	800000009	800000009	800000009	800011109	899999999	899999999	89999	89999	89	89	7	16	2	3	31	13	0	NaN	0	0	0	0	0	0	0	0	0	NaN	NaN	NaN	NaN	0	0	0	0	0	0	0	0	15572	0	0	0	18000	18000	18000	18000	93	NaN	2.2056205262338415	4.056217952398519	0.5386802383948568	0.13933974887496076	0.37828290941230197	0.04341316824542894	3.6948818756422045e-8	NaN	-0.030186082770033394	0.05575475624078241	0.029985253867978425	0.000010805762045248847	NaN	419.1176095425576	2.767526968070687	95253.13788498264	11.380000114440918	-11.125300150023557	96.20069954405889	95.88963661596509	96.51174868901572	-0.6221113817840817	0.0002725187198908922	-1	0	2.1064532061219214	83.42018313512095	1.0000268255472182	-273.1499938964844	9.000151633024215	-273.1499938964844	092
DATA	2025-12-19T203000_AIU-0547.ghg	2025-12-19	21:00:00	353.874	0	18000	18000	0.29953794457174043	1	NaN	-25.192670893285335	0	NaN	49.47133904457354	0	NaN	1.4466764430625445	0	NaN	1.1021296492228634	0	NaN	0.00009572238984855469	0	NaN	NaN	NaN	NaN	NaN	NaN	NaN	NaN	NaN	NaN	-5.578294242435333e-11	-3.642710100842997e-13	-3.0735256956383164e-13	NaN	17.11182549815268	419.0120542579845	420.16170566696826	0.3	0	111.74279605367397	2.736211781030352	2.7437191777684005	0.6	0	0.09428264821127512	2.1095528038353124	2.11534082431971	-0.4	0	NaN	NaN	NaN	NaN	9	276.6769044859144	277.0224716000027	94888.93721940104	1.1920887491970866	1006.6811804707355	0.024272216513049068	0.07141800126964154	0.0020313982084194954	259.70587257883585	803.8434261100745	0.0017040662532783009	32.30801722613988	544.1375535312386	261.91967533132555	1.2394789290525272	-1.1086813329170093	0.10927272286263613	1.6665601823773741	-6.852216324081682e-14	-3.259905989011834e-15	1.6665601823773741	10.039963561188818	13.811796038234036	318.18820396176596	3.7594565495252943	NaN	0.501269901131855	3.737813256758373	419.4881421290968	0.006913187069558523	-0.5092376996423487	-0.041879553837648145	0	53.16709574936874	-8.068311899934882	18.25054348600127	45.446433786364494	69.30867902187687	97.20640780532666	145.63291221905874	0.2974370564927687	1.0070633030858507	-22.337310899044038	1.0124127441722515	44.99562628292208	1.099469951446152	1.315794434545215	1.099469951446152	1.0024190727297395	1.099469951446152	0.0047958499511591805	1.1723851962593987	NaN	NaN	800000009	800000009	800000009	800000009	800000009	800001109	899999999	899999999	89999	89999	89	89	14	6	2	24	56	17	0	NaN	0	0	0	0	0	0	0	0	0	NaN	NaN	NaN	NaN	0	0	0	0	0	0	0	0	16911	0	0	0	18000	18000	18000	18000	93	NaN	2.850901133652521	3.9776975366011253	0.6470278432630997	0.047374924832152734	0.06481464985359636	0.016009587687706515	9.216739827157629e-9	NaN	-0.0186135988514348	0.032024897809608405	0.024397707973030022	0.000004795849951159181	NaN	419.0121562870233	2.7361550154362084	95283.61963585069	11.380000114440918	-11.246375922070593	96.201480726454	95.88906501515706	96.51390328110588	-0.6248352876951296	0.00027226254934955966	-1	0	2.10708785533905	83.32225396590762	1.000040356695652	-273.1499938964844	9.000208439879946	-273.1499938964844	118
DATA	2025-12-19T210000_AIU-0547.ghg	2025-12-19	21:30:00	353.895	0	18000	18000	0.2804615637513053	0	NaN	-20.472166121136784	1	NaN	44.09468381923117	0	NaN	2.2842353601836587	1	NaN	0.9817856786700451	0	NaN	0.0014953927655393944	2	NaN	NaN	NaN	NaN	NaN	NaN	NaN	NaN	NaN	NaN	-1.359560299462048e-10	-9.380922544276605e-13	-7.487824827751328e-13	NaN	17.182797581775183	419.63427912197074	420.8528429963164	0.1	1	118.56075326147455	2.895463092680903	2.9038711444054295	0.1	1	0.0946348450995154	2.1116388269308617	2.1177707539877924	0	1	NaN	NaN	NaN	NaN	9	276.0776582633124	276.42075828976095	94960.69476844618	1.1955150723181531	1006.7574679446036	0.02420119387315933	0.06361971197781892	0.0021559368557415204	275.0289407756338	770.4336546065466	0.00180335397324692	35.697939612475594	495.4047138309128	262.6393494124233	0.9537181109216479	-0.6620057303765391	0.08257184190678925	1.1638934363707594	2.0541637733730826e-14	-7.91233379193186e-15	1.1638934363707594	8.88649040344862	6.7657307459832055	325.23426925401685	4.06823816321826	NaN	0.4843498255870965	2.484898413463948	465.94408292628003	0.00622392279731735	-0.4642774218557427	-0.03511759239024696	0	57.90157158998995	-8.786786874473844	19.875735834667513	49.49339252599979	75.48054644757393	105.86253962560492	158.6013750395736	0.2782564460863135	1.0079247675876224	-17.94611043494125	1.0124486417142724	40.279486314485766	1.0947181271120963	2.0865968175840384	1.0947181271120963	0.8968387883189888	1.0947181271120963	0.004978999556525241	1.1694038570475485	NaN	NaN	800000009	800000009	800000009	800000009	800010009	800111109	899999999	899999999	89999	89999	89	89	8	31	5	54	27	17	0	NaN	0	0	0	0	0	0	0	0	0	NaN	NaN	NaN	NaN	0	0	0	0	0	0	0	0	16810	0	0	0	18000	18000	18000	18000	93	NaN	1.7916890883055685	2.6900407054389373	0.4880670331833898	0.07836392538649839	0.2647356210129238	0.024644862439520562	1.6707927239986854e-8	NaN	-0.014910438656266279	0.05064481364087977	0.021767613617333762	0.0000049789995565252415	NaN	419.63414856428386	2.8954204026841617	95354.15202430556	11.380000114440918	-10.530330427885074	96.23333179410298	95.91959707874722	96.54706204774645	-0.6274719308416051	0.0002713139265284149	-1	0	2.1090091696778934	83.24519742056175	1.0000272575103575	-273.1499938964844	9.000139790587955	-273.1499938964844	080
DATA	2025-12-19T213000_AIU-0547.ghg	2025-12-19	22:00:00	353.916	0	18000	18000	0.21670423351094914	0	NaN	4.07258900796215	2	NaN	23.85354771303702	0	NaN	0.7930191389371766	0	NaN	0.5309530056753914	0	NaN	-0.005268666985043363	1	NaN	NaN	NaN	NaN	NaN	NaN	NaN	NaN	NaN	NaN	-1.1513095345507849e-10	-7.819850007042608e-13	-6.343210475086926e-13	NaN	17.226124353461437	419.76978637198727	420.9700279691509	0.1	1	117.00216545091969	2.851133138750589	2.8592853419421447	0.4	0	0.09490838837416635	2.1146116319822186	2.120657910025446	0	1	NaN	NaN	NaN	NaN	9	275.7496002532111	276.1123207541571	95035.11086328125	1.1978085632412987	1006.7287450179874	0.024155260239055638	0.03440575476776536	0.0021269661155423544	271.0304354763047	753.7887997250962	0.001775714568099875	35.95575253640654	482.75836424879145	262.45506603840124	0.7657423149090115	-0.42832073165695045	0.11997680725995985	0.8855587932427635	4.9634394725274466e-15	-6.683508785418929e-15	0.8855587932427635	7.189446685720092	1.220624933108752	330.7793750668912	7.786461890378597	NaN	0.4253436867473067	2.3436229801739503	-1587.111157887534	-0.0018272192124589044	0.17073305224682783	0.007940186639763622	0	60.93802193631393	-9.247579929228918	20.918050979167905	52.08890461227797	79.43886614612046	111.4141392848528	166.91868296303645	0.21367633676388617	1.0141704822954205	5.261236857148011	1.0157973894935932	21.962777437760376	1.0860897616722127	0.7301598513516913	1.0860897616722127	0.4888665968620331	1.0860897616722127	-0.0077845226507890315	1.149103323027004	NaN	NaN	800000009	800000009	800000009	800000009	800000009	800110119	899999999	899999999	89999	89999	89	89	3	11	4	64	9	18	0	NaN	0	0	0	0	0	0	0	0	0	NaN	NaN	NaN	NaN	0	0	0	0	0	0	0	0	17307	0	0	0	18000	18000	18000	18000	93	NaN	1.94795477842013	2.408048602444238	0.3312425794835329	0.04193365904997338	0.09638416512431222	0.010437459000304444	2.0978255910901987e-8	NaN	0.004363027709034375	0.01768764458239354	0.011842473394685476	-0.000007784522650789032	NaN	419.7697694995574	2.8511090460990007	95428.8967330729	11.360578558815849	-10.705864423354472	96.26396712260777	95.951804300944	96.57612193467882	-0.6243126296003658	0.0002708775412611431	-1	0	2.112010810527537	83.21023751322429	1.0000310366849106	-273.1499938964844	9.000182875169648	-273.1499938964844	252
DATA	2025-12-19T220000_AIU-0547.ghg	2025-12-19	22:30:00	353.937	0	18000	18000	0.10562415220045197	1	NaN	-12.184945583151219	1	NaN	38.775718342969164	0	NaN	1.722308087867581	0	NaN	0.8627068149087813	0	NaN	-0.00462684921872904	1	NaN	NaN	NaN	NaN	NaN	NaN	NaN	NaN	NaN	NaN	-3.640651520096451e-11	-2.5308285483740417e-13	-2.0095391188155923e-13	NaN	17.274928352554983	420.07090025941307	421.30116583642985	0.3	0	120.088071062083	2.9201570676271214	2.9287093589607163	0.6	0	0.09535283480874365	2.1198001789472656	2.126008457570475	0	1	NaN	NaN	NaN	NaN	9	275.2487901585897	275.62843213568794	95084.89669878472	1.2005086427854428	1006.7585322300824	0.024100302617307234	0.055903401606089025	0.0021834261625601403	277.73731323523265	728.3163418618985	0.0018187508900345056	38.134159193134856	450.5790286266659	262.7628221174761	0.9803329732066306	-0.6879477575322032	0.08504007514023056	1.200648437232795	3.494860936930434e-14	-2.1074770591207654e-15	1.200648437232795	7.303917592775176	7.05922309284216	324.94077690715784	4.061572372139281	NaN	0.29661900417718606	1.2918022744136808	179.96795592364248	0.016113979764433305	-0.3142416466763046	-0.03398865754615703	0	52.64389309915903	-7.988913879236814	18.070944946997813	44.99920803019954	68.62663152547566	96.24982649381658	144.1997791024793	0.10479585416670424	1.0079039198671935	-10.039943330901387	1.0127983119202077	35.30404608276128	1.0983363847891383	1.56810619380349	1.0983363847891383	0.7854668449997732	1.0983363847891383	-0.0029204704650752098	1.1754502606664428	NaN	NaN	800000009	800000009	800000009	800000009	800000009	810111019	899999999	899999999	89999	89999	89	89	16	0	3	44	56	3	0	NaN	0	0	0	0	0	0	0	0	0	NaN	NaN	NaN	NaN	0	0	0	0	0	0	0	0	16113	0	0	0	18000	18000	18000	18000	93	NaN	1.1264005531974621	1.224975768617852	0.23222822701204768	0.07381215243219642	0.20117248547645042	0.018656921784828837	5.1321377519682405e-8	NaN	-0.008306931927290307	0.03790254488016047	0.018985444010185946	-0.00000292047046507521	NaN	420.07059129911136	2.9201297309579624	95478.66633463542	11.369134865760806	-10.403884348114309	96.29712235132853	95.98326840760973	96.61097388203939	-0.6277066695955067	0.00027015259178167787	-1	0	2.1171229300962557	83.17265680705177	1.0000442757109802	-273.1499938964844	9.000254920694562	-273.1499938964844	166
DATA	2025-12-19T223000_AIU-0547.ghg	2025-12-19	23:00:00	353.958	0	18000	18000	0.1202588559993773	1	NaN	-10.196704771435956	0	NaN	38.88998984440663	0	NaN	1.7903370870970148	0	NaN	0.8650182328730895	0	NaN	-0.0024884615870737355	1	NaN	NaN	NaN	NaN	NaN	NaN	NaN	NaN	NaN	NaN	1.2493010928231773e-10	8.754348236448554e-13	6.888078335580834e-13	NaN	17.31233776493471	420.3739559312869	421.61592134776043	0.2	0	121.31441687829295	2.9457270316154562	2.9544299758583574	0.5	0	0.09545236082954653	2.119233253188571	2.125494379437627	-0.1	0	NaN	NaN	NaN	NaN	9	274.95506597985167	275.3474244859484	95140.26387065972	1.2024219509514757	1006.7680749923875	0.024061721021588975	0.0560531814901762	0.002206076696325374	280.3324231185918	713.8760462881029	0.001834694297272024	39.26906142547001	433.5436231695111	262.8801292818832	1.5635513805800214	-0.8268208105847167	0.11003653900182558	1.7721268612729981	-5.933372065754554e-14	7.216247220832158e-15	1.7721268612729981	7.601370111924167	359.8703109994283	332.1296890005717	3.559952587215728	NaN	0.3162496737091649	2.1599688669165236	260.75502978693555	0.011121549610642628	-0.26219355706266667	-0.02663443127323661	0	48.91860135729493	-7.4235864851414135	16.792172842284167	41.81488467953904	63.770337496987686	89.43880506882635	133.99562787724108	0.11942106928630897	1.0070154012024441	-8.080079946801062	1.012609096210958	35.29565681006161	1.1018349949878365	1.6248686012344151	1.1018349949878365	0.7850705748210862	1.1018349949878365	-0.0015728109394221328	1.1751924657554773	NaN	NaN	800000009	800000009	800000009	800000009	800011109	800011109	899999999	899999999	89999	89999	89	89	0	8	3	60	56	11	0	NaN	0	0	0	0	0	0	0	0	0	NaN	NaN	NaN	NaN	0	0	0	0	0	0	0	0	17208	0	0	0	18000	18000	18000	18000	93	NaN	1.4239504106230154	2.57883919600224	0.31714812720779123	0.044199369245154725	0.2409332602364731	0.022058112430134155	2.998058988165179e-8	NaN	-0.006674662740619794	0.03921267580302852	0.01894597379109259	-0.0000015728109394221328	NaN	420.3737679750722	2.945694018205225	95534.03382074652	11.390000343322754	-10.287303105781076	96.30817204602559	95.99218267461988	96.62416307661269	-0.6319768301414123	0.00027007224468333235	-1	0	2.1165327660044033	83.13716489346822	1.0000307449731562	-273.1499938964844	9.000156736214956	-273.1499938964844	126
DATA	2025-12-19T230000_AIU-0547.ghg	2025-12-19	23:30:00	353.979	0	18000	18000	0.1303259133022068	0	NaN	-18.895052262680306	0	NaN	37.78613961037191	0	NaN	2.394570273216853	0	NaN	0.8401809107847571	0	NaN	-0.007107596983758139	2	NaN	NaN	NaN	NaN	NaN	NaN	NaN	NaN	NaN	NaN	4.7497845055971326e-11	3.376645146064112e-13	2.6171944052650573e-13	NaN	17.344662421542427	420.4331091358131	421.6935002502716	0.1	1	123.30405749314929	2.988879633455309	2.9978398158251904	0.8	0	0.09557139570727755	2.1183763735088847	2.124726926546293	-0.7	0	NaN	NaN	NaN	NaN	9	274.58636036343046	274.990686481052	95196.7803342014	1.2046773462668738	1006.7860325990173	0.024016280376050452	0.05444372301885226	0.00224262921128275	284.60804053272733	695.9095331237717	0.0018616015468642649	40.897275721341224	411.30149259104434	263.0713078513048	1.6922258007165567	-0.9593895663654748	0.12913431167286182	1.94954665784457	2.3248441305823562e-14	2.7384704240180556e-15	1.94954665784457	6.916004017877763	1.5506113631729477	330.44938863682705	3.7979456022316858	NaN	0.3289122258431073	1.3587886554347404	158.3722303086234	0.018311291028412665	-0.500052465203241	-0.0473652850535095	0	56.11142390310208	-8.515125056554632	19.26123606285518	47.96320120798089	73.14690813832436	102.58957871565244	153.6978831848998	0.12941371698674356	1.0070486833753232	-16.738127694465533	1.0131446756983344	34.123304489615435	1.1073411609907584	2.1624503428323636	1.1073411609907584	0.7587371809000867	1.1073411609907584	-0.003052540324253023	1.1823280151230433	NaN	NaN	800000009	800000009	800000009	800000009	800001009	800011109	899999999	899999999	89999	89999	89	89	10	12	4	48	53	6	0	NaN	0	0	0	0	0	0	0	0	0	NaN	NaN	NaN	NaN	0	0	0	0	0	0	0	0	16114	0	0	0	18000	18000	18000	18000	93	NaN	0.8658401677039731	1.6082820485446863	0.24345509462082135	0.08569322918545916	0.5379653265046612	0.022073215960051015	3.2694652145950425e-8	NaN	-0.013800631235569214	0.05208974547429731	0.01827668633685487	-0.0000030525403242530233	NaN	420.4325926084639	2.988856565911214	95590.78982899306	11.377243384679156	-10.096375340051136	96.32918905300565	96.0111286830902	96.64725080956353	-0.6361230529397724	0.0002693391464223775	-1	0	2.115640240046714	83.07590752453274	1.0000335222929717	-273.1499938964844	9.000178687519497	-273.1499938964844	225
