DATAH	filename	date	time	DOY	daytime	file_records	used_records	Tau	qc_Tau	rand_err_Tau	H	qc_H	rand_err_H	LE	qc_LE	rand_err_LE	co2_flux	qc_co2_flux	rand_err_co2_flux	h2o_flux	qc_h2o_flux	rand_err_h2o_flux	ch4_flux	qc_ch4_flux	rand_err_ch4_flux	none_flux	qc_none_flux	rand_err_none_flux	H_strg	LE_strg	co2_strg	h2o_strg	ch4_strg	none_strg	co2_v-adv	h2o_v-adv	ch4_v-adv	none_v-adv	co2_molar_density	co2_mole_fraction	co2_mixing_ratio	co2_time_lag	co2_def_timelag	h2o_molar_density	h2o_mole_fraction	h2o_mixing_ratio	h2o_time_lag	h2o_def_timelag	ch4_molar_density	ch4_mole_fraction	ch4_mixing_ratio	ch4_time_lag	ch4_def_timelag	none_molar_density	none_mole_fraction	none_mixing_ratio	none_time_lag	none_def_timelag	sonic_temperature	air_temperature	air_pressure	air_density	air_heat_capacity	air_molar_volume	ET	water_vapor_density	e	es	specific_humidity	RH	VPD	Tdew	u_unrot	v_unrot	w_unrot	u_rot	v_rot	w_rot	wind_speed	max_wind_speed	wind_dir	yaw	pitch	roll	u*	TKE	L	(z-d)/L	bowen_ratio	T*	model	x_peak	x_offset	x_10%	x_30%	x_50%	x_70%	x_90%	un_Tau	Tau_scf	un_H	H_scf	un_LE	LE_scf	un_co2_flux	co2_scf	un_h2o_flux	h2o_scf	un_ch4_flux	ch4_scf	un_none_flux	un_none_scf	spikes_hf	amplitude_resolution_hf	drop_out_hf	absolute_limits_hf	skewness_kurtosis_hf	skewness_kurtosis_sf	discontinuities_hf	discontinuities_sf	timelag_hf	timelag_sf	attack_angle_hf	non_steady_wind_hf	u_spikes	v_spikes	w_spikes	ts_spikes	co2_spikes	h2o_spikes	ch4_spikes	none_spikes	head_detect_LI-7200	t_out_LI-7200	t_in_LI-7200	aux_in_LI-7200	delta_p_LI-7200	chopper_LI-7200	detector_LI-7200	pll_LI-7200	sync_LI-7200	chopper_LI-7500	detector_LI-7500	pll_LI-7500	sync_LI-7500	not_ready_LI-7700	no_signal_LI-7700	re_unlocked_LI-7700	bad_temp_LI-7700	laser_temp_unregulated_LI-7700	block_temp_unregulated_LI-7700	motor_spinning_LI-7700	pump_on_LI-7700	top_heater_on_LI-7700	bottom_heater_on_LI-7700	calibrating_LI-7700	motor_failure_LI-7700	bad_aux_tc1_LI-7700	bad_aux_tc2_LI-7700	bad_aux_tc3_LI-7700	box_connected_LI-7700	mean_value_RSSI_LI-7200	mean_value_LI-7500	u_var	v_var	w_var	ts_var	co2_var	h2o_var	ch4_var	none_var	w/ts_cov	w/co2_cov	w/h2o_cov	w/ch4_cov	w/none_cov	co2_mean	h2o_mean	air_p_mean	vin_sf_mean	dew_point_mean	avg_signal_strength_7200_mean	co2_signal_strength_7200_mean	h2o_signal_strength_7200_mean	delta_signal_strength_7200_mean	flowrate_mean	hit_power_mean	hit_vin_mean	ch4_mean	rssi_77_mean	ch4_aux-1_mean	ch4_aux-2_mean	ch4_aux-3_mean	ch4_aux-4_mean	CHK
DATAU		[yyyy-mm-dd]	[HH:MM]	[ddd.ddd]	[1=daytime]	[#]	[#]	[kg+1m-1s-2]	[#]	[kg+1m-1s-2]	[W+1m-2]	[#]	[W+1m-2]	[W+1m-2]	[#]	[W+1m-2]	[µmol+1s-1m-2]	[#]	[µmol+1s-1m-2]	[mmol+1s-1m-2]	[#]	[mmol+1s-1m-2]	[µmol+1s-1m-2]	[#]	[µmol+1s-1m-2]	[µmol+1s-1m-2]	[#]	[µmol+1s-1m-2]	[W+1m-2]	[W+1m-2]	[µmol+1s-1m-2]	[mmol+1s-1m-2]	[µmol+1s-1m-2]	[µmol+1s-1m-2]	[µmol+1s-1m-2]	[mmol+1s-1m-2]	[µmol+1s-1m-2]	[µmol+1s-1m-2]	[mmol+1m-3]	[µmol+1mol_a-1]	[µmol+1mol_d-1]	[s]	[1=default]	[mmol+1m-3]	[mmol+1mol_a-1]	[mmol+1mol_d-1]	[s]	[1=default]	[mmol+1m-3]	[µmol+1mol_a-1]	[µmol+1mol_d-1]	[s]	[1=default]	[mmol+1m-3]	[µmol+1mol_a-1]	[µmol+1mol_d-1]	[s]	[1=default]	[K]	[K]	[Pa]	[kg+1m-3]	[J+1kg-1K-1]	[m+3mol-1]	[mm]	[kg+1m-3]	[Pa]	[Pa]	[kg+1kg-1]	[%]	[Pa]	[K]	[m+1s-1]	[m+1s-1]	[m+1s-1]	[m+1s-1]	[m+1s-1]	[m+1s-1]	[m+1s-1]	[m+1s-1]	[deg_from_north]	[deg]	[deg]	[deg]	[m+1s-1]	[m+2s-2]	[m]	[#]	[#]	[K]	[0=KJ/1=KM/2=HS]	[m]	[m]	[m]	[m]	[m]	[m]	[m]	[kg+1m-1s-2]	[#]	[W+1m-2]	[#]	[W+1m-2]	[#]	[µmol+1s-1m-2]	[#]	[mmol+1s-1m-2]	[#]	[µmol+1s-1m-2]	[#]	[µmol+1s-1m-2]	[#]	8u/v/w/ts/co2/h2o/ch4/none	8u/v/w/ts/co2/h2o/ch4/none	8u/v/w/ts/co2/h2o/ch4/none	8u/v/w/ts/co2/h2o/ch4/none	8u/v/w/ts/co2/h2o/ch4/none	8u/v/w/ts/co2/h2o/ch4/none	8u/v/w/ts/co2/h2o/ch4/none	8u/v/w/ts/co2/h2o/ch4/none	8co2/h2o/ch4/none	8co2/h2o/ch4/none	8aa	8U	[#]	[#]	[#]	[#]	[#]	[#]	[#]	[#]	[#_flagged_recs]	[#_flagged_recs]	[#_flagged_recs]	[#_flagged_recs]	[#_flagged_recs]	[#_flagged_recs]	[#_flagged_recs]	[#_flagged_recs]	[#_flagged_recs]	[#_flagged_recs]	[#_flagged_recs]	[#_flagged_recs]	[#_flagged_recs]	[#_flagged_recs]	[#_flagged_recs]	[#_flagged_recs]	[#_flagged_recs]	[#_flagged_recs]	[#_flagged_recs]	[#_flagged_recs]	[#_flagged_recs]	[#_flagged_recs]	[#_flagged_recs]	[#_flagged_recs]	[#_flagged_recs]	[#_flagged_recs]	[#_flagged_recs]	[#_flagged_recs]	[#_flagged_recs]	[#]	[#]	[m+2s-2]	[m+2s-2]	[m+2s-2]	[K+2]	--	--	--	--	[m+1s-1K+1]	--	--	--	--	--	--	--	--	--	--	--	--	--	--	--	--	--	--	--	--	--	--	207
DATA	2025-08-20T233000_AIU-0547.ghg	2025-08-21	00:00:00	233	0	18000	18000	0.015020847932681687	1	NaN	13.066103473147843	0	NaN	8.90752415280775	0	NaN	9.28561768707553	0	NaN	0.20192390301043867	0	NaN	0.0015511885837510245	0	NaN	NaN	NaN	NaN	NaN	NaN	NaN	NaN	NaN	NaN	-3.1965363346130296e-10	-1.8175019349832206e-11	-1.6991183893417399e-12	NaN	16.460535533025368	429.1794655313243	439.9144747865622	-0.1	0	935.9210110701089	24.40249155349197	25.01286784992846	0.1	1	0.08749595091326366	2.1464929643126145	2.200182909169767	0	1	NaN	NaN	NaN	NaN	9	297.22732071261936	295.1403803643121	94972.88257291667	1.1107148939676117	1019.1279720058266	0.025836818425143154	0.013084668915076425	0.0170196228534206	2318.1966297471427	2634.483963623483	0.015323124724315518	87.99433444106766	316.2873338763402	293.0232041969648	0.4016405021975055	-0.22652960431199112	0.2640635006361809	0.5313758434511728	3.255923576018494e-14	-1.9419394516051457e-14	0.5313758434511728	1.4438229250507784	1.4234702678376152	330.5765297321624	29.797955125022963	NaN	0.11629095230592959	0.08585563842590582	-10.146243539125841	-0.28582006619662237	1.4668614139013323	0.09925876077461039	1	6.394831014548922	3	5	9	14	23	59	0.01471532956252457	1.0207619115058884	13.431263781249967	1.0199695135777647	8.176877339295956	1.089355237114845	8.52395744814012	1.089355237114845	0.18536093289938524	1.089355237114845	-0.0032241044200298965	1.1544011885551457	NaN	NaN	800000009	800000009	800000009	800000009	800000019	800010019	899999999	899999999	89999	89999	89	89	4	0	0	34	4	0	4	NaN	0	0	0	0	0	0	0	0	0	NaN	NaN	NaN	NaN	0	0	0	0	0	0	0	0	17802	0	0	0	18000	18000	18000	18000	100	NaN	0.04063972741881244	0.10714448124958628	0.023927068183412906	0.03774063745746211	30.239939760989145	0.025165895133157482	9.791048099564282e-7	NaN	0.011865486815703092	0.2257420878864092	0.0049089597478469225	-0.0000032241044200298966	NaN	429.1794860337967	24.402452166646484	95369.63020833333	11.680000305175781	19.86778177070617	98.67276578352187	98.51334883668687	98.8321885164049	-0.3188390188929106	0.00028984245895278746	-1	0	2.1250923577149714	82.27681531783914	1.0000386916647355	-273.1499938964844	9.000533582051595	-273.1499938964844	074
DATA	2025-08-21T000000_AIU-0547.ghg	2025-08-21	00:30:00	233.02	0	18000	18000	0.055496504693182416	1	NaN	11.065622743796434	1	NaN	-8.606301494542079	2	NaN	20.26389778255509	1	NaN	-0.19511956041747194	2	NaN	-0.03860441501060847	1	NaN	NaN	NaN	NaN	NaN	NaN	NaN	NaN	NaN	NaN	-2.3002852210815021e-10	-1.3149434628354e-11	-1.2230841097530762e-12	NaN	16.37687209098665	427.3078616821441	438.0069627128672	0.1	1	936.1735101532179	24.426783000106944	25.038390327303976	0.1	1	0.08707742778318146	2.1374929145371535	2.1910122964531813	-0.4	0	NaN	NaN	NaN	NaN	9	297.34012704552543	295.2676854375203	94970.62806076389	1.1101993597803594	1019.1441887773948	0.025848576416246126	-0.012643747515052182	0.017028815440957686	2320.4491920388614	2655.003305702126	0.015338520321545356	87.39910745328469	334.5541136632646	293.03887351550947	0.42719412957098657	-0.03626856902920079	0.2493144982534359	0.4959515626336106	4.81364444083329e-14	-1.4045937516648928e-14	0.4959515626336106	1.5794730741050678	336.85274608606227	355.1472539139378	30.178744831031334	NaN	0.22357967949410854	0.14906021414314136	-85.13933344266077	-0.03406181235789305	-1.2857582029648857	0.04374283491316856	0	90.95526949745245	-13.80281305391395	31.22200071016536	77.7471963528493	118.56937999142237	166.29524133670074	249.14057448286698	0.054306877175162256	1.0219056513631435	10.424153991090348	1.0207123526905477	-7.8947748935663755	1.090126268395004	18.588578561995103	1.090126268395004	-0.1789880365920794	1.090126268395004	-0.03806238758190131	1.1554369241508566	NaN	NaN	800000009	800000009	800000009	800000009	800000009	800000009	899999999	899999999	89999	89999	89	89	8	1	0	26	0	0	2	NaN	0	0	0	0	0	0	0	0	0	NaN	NaN	NaN	NaN	0	0	0	0	0	0	0	0	17802	0	0	0	18000	18000	18000	18000	100	NaN	0.10323357347050553	0.16126032481215113	0.03362653000362606	0.03265937687754753	46.275763037279376	0.02093216669938006	2.2263304291137026e-7	NaN	0.009213066658373601	0.4925222547866254	-0.004742460057833506	-0.00003806238758190131	NaN	427.3077130146282	24.42674739324118	95368.24635286459	11.680000305175781	19.88367847633362	98.6752293724484	98.51859352133009	98.8318674636417	-0.3132705936614012	0.00029005504141484074	-1	0	2.1161327217022583	82.48122576245555	1.0000444175385768	-273.1499938964844	9.000565746678246	-273.1499938964844	099
DATA	2025-08-21T003000_AIU-0547.ghg	2025-08-21	01:00:00	233.041	0	18000	18000	0.017398369572479006	1	NaN	19.53752161117193	0	NaN	26.36204069105312	0	NaN	3.5339250565093487	2	NaN	0.5977597195856721	0	NaN	0.027641043711059837	1	NaN	NaN	NaN	NaN	NaN	NaN	NaN	NaN	NaN	NaN	-1.9522905216480558e-10	-1.116089975044126e-11	-1.0339068076181545e-12	NaN	16.398194872665197	428.1161377526478	438.8570061719742	0.1	1	937.4558091257761	24.474642692880796	25.08867915073127	0.1	1	0.08684263496390647	2.133253938073888	2.186774461673258	0	1	NaN	NaN	NaN	NaN	9	297.42345743815105	295.41836851586237	94962.15229882812	1.1095137869515552	1019.1743542090231	0.0258640759121799	0.03873482982915155	0.01705195539867006	2324.788179450786	2679.4711436380126	0.0153688539964169	86.76294891141613	354.6829641872264	293.0690189368105	0.11573291787151202	-0.21207705623331918	0.2218720864331367	0.3280213541796255	4.444543923699172e-14	-1.1905520923540226e-14	0.3280213541796255	1.1620615417715037	33.37818886818201	298.621811131818	42.56259345798803	NaN	0.1252241015142233	0.07144894588902041	-8.4718969738268	-0.34230822317118603	0.7411232628057762	0.13797498549271522	1	2.2850688479222594	1	2	3	5	9	23	0.016885938492901327	1.0303466153091283	20.718913372593253	1.0262531991097747	24.043795909286874	1.0964175869115087	3.22315612107613	1.0964175869115087	0.5451934798578865	1.0964175869115087	0.017352635452963425	1.1634437784378981	NaN	NaN	800000009	800000009	800000009	800000009	800000019	801010019	899999999	899999999	89999	89999	89	89	1	0	0	13	1	0	3	NaN	0	0	0	0	0	0	0	0	0	NaN	NaN	NaN	NaN	0	0	0	0	0	0	0	0	17703	0	0	0	18000	18000	18000	18000	100	NaN	0.036334713316113786	0.07859448211514361	0.02796869634678342	0.03281590857143361	48.997099081889075	0.043412930049530514	3.4630003211574195e-7	NaN	0.018322544475198623	0.0854560212014129	0.014454796424211802	0.000017352635452963425	NaN	428.11567488002254	24.474586382542213	95360.24981987847	11.680000305175781	19.913586025979782	98.67590703625149	98.51996632809109	98.8318496017456	-0.3118851610736712	0.0002902666055112301	-1	0	2.111898207803567	82.7279483390384	1.000043815743592	-273.1499938964844	9.00055612956153	-273.1499938964844	005
DATA	2025-08-21T010000_AIU-0547.ghg	2025-08-21	01:30:00	233.062	0	18000	18000	0.030921018744213307	1	NaN	23.394398370467243	1	NaN	57.418649214051015	1	NaN	11.590437652314666	2	NaN	1.3020298196348974	1	NaN	0.03446748298172646	2	NaN	NaN	NaN	NaN	NaN	NaN	NaN	NaN	NaN	NaN	1.3444627700545903e-10	7.6926304179082e-12	7.085224903050868e-13	NaN	16.41304251340915	428.66092961331987	439.4389382038161	0.1	1	939.1072248430133	24.526749119117206	25.14343586250959	0.1	1	0.08649558778493903	2.125243819311771	2.1786797509748315	0	1	NaN	NaN	NaN	NaN	9	297.4478662999471	295.4667280560458	94961.91224511426	1.1093073254183534	1019.2051606426205	0.025868375214657187	0.08437153231234135	0.017085418895917057	2329.731755803999	2687.365391028993	0.01540188052889097	86.6920353883081	357.6336352249941	293.1033047554389	-0.021306352801553134	-0.22333972180410344	0.21722641246869404	0.31228497607035144	-2.571720731688917e-15	8.191429279222236e-15	0.31228497607035144	0.8024906565542225	67.44945971649952	264.5505402835005	44.07529982479892	NaN	0.16695558688666998	0.04954060853732019	-16.76799204619144	-0.17294855531963857	0.4074355403808831	0.12393598693583868	1	1.2398553048234977	1	1	2	3	5	13	0.029975175456850335	1.0315542202154755	26.29044791355905	1.0270514128377708	52.323999717694925	1.0973673557802037	10.56203976841841	1.0973673557802037	1.1865031457120239	1.0973673557802037	0.0204041364558253	1.1646227572568357	NaN	NaN	800000009	800000009	800000009	800000019	800000019	800000019	899999999	899999999	89999	89999	89	89	8	0	0	17	3	0	6	NaN	0	0	0	0	0	0	0	0	0	NaN	NaN	NaN	NaN	0	14	0	0	0	0	0	0	17006	17998	0	0	18000	18000	18000	18000	100	NaN	0.03835917730784679	0.016098443113195037	0.044623596653598545	0.032078370215453275	51.427154388481306	0.05347613065577798	9.976589773759309e-8	NaN	0.023253294417680533	0.2800944569907092	0.031464845958039986	0.0000204041364558253	NaN	428.6596457583481	24.526683264384346	95359.91505208334	11.650494629859924	19.947765676392436	98.67255955462986	98.51635386403402	98.82876648330688	-0.31240828748626787	0.000290443842600022	-1	0	2.1040558494846024	81.22116574254743	1.000039670177632	-273.1499938964844	9.000467920886146	-273.1499938964844	043
DATA	2025-08-21T013000_AIU-0547.ghg	2025-08-21	02:00:00	233.083	0	18000	18000	0.028985576112494534	1	NaN	20.160466838976294	1	NaN	14.247516537638484	1	NaN	0.787327539034639	1	NaN	0.3230040381156917	1	NaN	0.007442307425029577	2	NaN	NaN	NaN	NaN	NaN	NaN	NaN	NaN	NaN	NaN	8.15189827569675e-12	4.624565778157209e-13	4.2984809654470936e-14	NaN	16.469948761968553	430.13154181515574	440.88984035117016	0.1	1	934.3389580765158	24.401330108775795	25.011647577888212	0.1	1	0.08684573685895239	2.131499881439912	2.1848122052867978	0	1	NaN	NaN	NaN	NaN	9	297.31402490997317	295.2308940972222	94932.0919548611	1.1098979529915707	1019.1287559026597	0.02585584709005896	0.020930661669896822	0.017006287767812524	2317.090682078783	2649.05888833824	0.015322388623183343	87.46844746559405	331.968206259457	293.0155060977997	0.6406266504534419	0.08771921926419475	0.25444901287745103	0.694867949220435	-1.494439215706704e-14	4.9495589776943555e-16	0.694867949220435	2.040511926891489	324.203135521004	7.796864478995928	21.48042087290147	NaN	0.16160300908263553	0.1682549808298388	-17.64122163933706	-0.16438770847555537	1.4150162090156013	0.11029073602834297	1	6.188606630208356	3	5	9	14	24	64	0.028503318201993703	1.0169193603033593	20.80360831939016	1.01750397512739	13.106073294145231	1.0870926949571662	0.7242506022595078	1.0870926949571662	0.29712649124959745	1.0870926949571662	-0.00035254498463722006	1.1511079681104326	NaN	NaN	800000009	800000009	800000009	800000009	800000019	800010019	899999999	899999999	89999	89999	89	89	8	1	0	48	1	0	1	NaN	0	0	0	0	0	0	0	0	0	NaN	NaN	NaN	NaN	0	0	0	0	0	0	0	0	17405	18000	0	0	18000	18000	18000	18000	100	NaN	0.11269581363745076	0.19481213441584358	0.029002013606383256	0.03553964313829917	25.01708202738154	0.027396618588756538	1.7436827219539554e-7	NaN	0.018391898528404723	0.019194612540196304	0.007874660866240488	-3.5254498463722006e-7	NaN	430.1312081407818	24.401288463457533	95323.54553407119	11.649999618530273	19.85918191666072	98.70028995853	98.54294471232096	98.857634349823	-0.31468987813592	0.00029059448732813415	-1	0	2.110233081241449	81.64466131619699	1.0000321082356902	-273.1499938964844	9.00036593410704	-273.1499938964844	254
DATA	2025-08-21T020000_AIU-0547.ghg	2025-08-21	02:30:00	233.104	0	18000	18000	0.06071545550668764	1	NaN	24.199668835791794	1	NaN	35.78223501964153	1	NaN	27.8528195419971	0	NaN	0.8112090968613254	1	NaN	0.00724747855264888	1	NaN	NaN	NaN	NaN	NaN	NaN	NaN	NaN	NaN	NaN	-1.7327623063146573e-10	-9.71293935919403e-12	-9.040612155063636e-13	NaN	16.609822398919924	433.7301724426912	444.53804603270225	0.1	1	931.0578671971384	24.312595258080457	24.918426885413588	0.1	1	0.08666102772774376	2.1268750191420334	2.179873398800937	0.9	0	NaN	NaN	NaN	NaN	9	297.263609670851	295.22272803582086	94900.33655230034	1.1095949511537055	1019.077509156589	0.025863783523434925	0.05256634947661388	0.016939245321946177	2307.892374136184	2647.741067172061	0.015266152125452204	87.16457975254905	339.84869303587675	292.9513549689773	0.1662527995652166	0.06533435876220911	0.22373549589400163	0.2862972998843646	-2.50921513487424e-14	-1.0432154328316793e-14	0.2862972998843646	1.3216350397917525	310.5460662986982	21.45393370130183	51.396245394857814	NaN	0.2339200202169477	0.1256091297162963	-44.56180687836553	-0.06507815107039412	0.6763040045572376	0.09148930767512593	0	68.36532331912497	-10.37470156878262	23.46760319675804	58.43765012390963	89.12110363313053	124.99361502891142	187.2632121320997	0.058729928513298515	1.0338077543026385	25.78352256638476	1.0285437478254222	32.55419709990237	1.0991588860211468	25.340121338436997	1.0991588860211468	0.7380271471013867	1.0991588860211468	-0.003095417189745959	1.1668370928321234	NaN	NaN	800000009	800000009	800000009	800000009	800000019	800001019	899999999	899999999	89999	89999	89	89	6	1	0	17	30	0	5	NaN	0	0	0	0	0	0	0	0	0	NaN	NaN	NaN	NaN	0	0	0	0	0	0	0	0	17107	603	0	0	18000	18000	18000	18000	100	NaN	0.05829062552347752	0.11777708391780774	0.07515054999130737	0.03477661393419637	55.181041730036306	0.02295545469648314	1.6046027309290044e-7	NaN	0.022801875070926247	0.6717272256497592	0.0195639524118869	-0.000003095417189745959	NaN	433.72934749308047	24.31255802360334	95300.02503906252	11.649999618530273	19.79654032929738	98.71336084620158	98.55415694469876	98.8725673789978	-0.3184126296142736	0.0002907112376447508	-1	0	2.1057371142043007	83.82630596030117	1.0000340436846018	-273.1499938964844	9.000421116616991	-273.1499938964844	018
DATA	2025-08-21T023000_AIU-0547.ghg	2025-08-21	03:00:00	233.124	0	18000	18000	0.009202205690420736	1	NaN	13.61555822129928	0	NaN	5.6377017098003295	1	NaN	4.141389974975552	1	NaN	0.12781059956835697	1	NaN	0.00997833407112859	1	NaN	NaN	NaN	NaN	NaN	NaN	NaN	NaN	NaN	NaN	-7.693176822061534e-11	-4.311457795978999e-12	-4.0234673708894337e-13	NaN	16.556379392814172	432.47876431886425	443.2212247256671	0.1	1	927.8628667631028	24.2372427300881	24.83927834866491	0.1	1	0.08658848458549213	2.125042499776216	2.1778270219309	0	1	NaN	NaN	NaN	NaN	9	297.22605047776966	295.22137286631266	94887.39177365451	1.1094805956329057	1019.0341566447645	0.025867193186903545	0.008282126852029531	0.016884519256639467	2300.4256457937854	2647.5224283089583	0.01521839978373633	86.88975100630695	347.0967825151729	292.89911530379663	0.16977547963065476	-0.31169821848647405	0.22413205446114293	0.41977931193477835	2.080113154220202e-14	-4.646654102043916e-15	0.41977931193477835	1.0826953479530672	33.423797146879906	298.5762028531201	32.27126052536738	NaN	0.09107225975493738	0.05771088773051181	-4.6735257157166465	-0.6205165385626447	2.4150902126713443	0.13223331532655033	1	5.538902128131207	2	4	7	11	19	45	0.008978063977783732	1.0249654840054208	13.745587693659392	1.0227111038232648	5.161254759855375	1.0923122326087822	3.7913975979968857	1.0923122326087822	0.11700921746807268	1.0923122326087822	0.004535445649474873	1.1582800896266165	NaN	NaN	800000009	800000009	800000009	800000009	800000019	800010019	899999999	899999999	89999	89999	89	89	3	2	0	43	8	0	2	NaN	0	0	0	0	0	0	0	0	0	NaN	NaN	NaN	NaN	0	0	0	0	0	0	0	0	17503	0	0	0	18000	18000	18000	18000	100	NaN	0.025486714514010873	0.06507415067557269	0.02486091027144006	0.02519940288718408	8.817132931248235	0.01725092510897836	0.0000018199051593746968	NaN	0.012157796244398883	0.10050954172636466	0.003101901745068887	0.0000045354456494748735	NaN	432.4782195693949	24.23721049929918	95284.26085959202	11.676537370999654	19.74383278041416	98.72730611038207	98.56835093392266	98.8862608625624	-0.3179077138246762	0.0002901262185251755	-1	0	2.1039891295830406	84.09445681511913	1.0000393790370887	-273.1499938964844	9.00043121623993	-273.1499938964844	130
DATA	2025-08-21T030000_AIU-0547.ghg	2025-08-21	03:30:00	233.145	0	18000	18000	0.009421597658652145	1	NaN	14.891690659559174	0	NaN	12.448540659022886	0	NaN	2.4294511225644646	1	NaN	0.2822047691424306	0	NaN	0.004064794138757994	1	NaN	NaN	NaN	NaN	NaN	NaN	NaN	NaN	NaN	NaN	1.468293853191489e-10	8.290817773460963e-12	7.778377673187464e-13	NaN	16.3704385587637	427.63114156960444	438.21242633141395	0	0	924.36757579103	24.14647355026623	24.74395275089475	0.1	1	0.08672341269358166	2.127878126910737	2.180530242742679	0	1	NaN	NaN	NaN	NaN	9	297.26374025302465	295.17649118804934	94868.11143554687	1.1094622513095533	1018.9811529349203	0.025868516940012548	0.0182868690404295	0.01682042545539373	2291.344807707423	2640.290265285373	0.0151608812607547	86.78382213630461	348.94545757795004	292.8353821751584	0.6949460223540546	-0.011982905145869815	0.2833092009243372	0.7505715604323437	-3.074027510045026e-14	8.969178485480814e-15	0.7505715604323437	1.9468328050898531	332.9878491823561	359.01215081764406	22.176310720903256	NaN	0.09215226452793197	0.10501867916073589	-4.426140748658228	-0.6551983239301928	1.1962599526688662	0.14294182170603534	1	12.880996232876068	6	10	17	26	41	95	0.009273440234912023	1.0159765329788129	15.486737989394316	1.0169104549006323	11.455754868238722	1.086662625222252	2.2356995319201083	1.086662625222252	0.2596986061655632	1.086662625222252	-0.0016880854327786618	1.1503707744736902	NaN	NaN	800000009	800000009	800000009	800000009	800000019	800010019	899999999	899999999	89999	89999	89	89	5	0	0	43	5	0	2	NaN	0	0	0	0	0	0	0	0	0	NaN	NaN	NaN	NaN	0	0	0	0	0	0	0	0	16908	0	0	0	18000	18000	18000	18000	100	NaN	0.04380439137142833	0.13531710777726644	0.030915859172776998	0.030343925797737408	29.916070984009277	0.02565496556487479	1.4432402890926624e-7	NaN	0.013698760386636446	0.0592656720630493	0.006884293800885072	-0.0000016880854327786618	NaN	427.6307436336943	24.14643398767921	95260.47070073785	11.6899995803833	19.679300087398964	98.76050068664551	98.60057694265578	98.92042435709635	-0.31984398972491335	0.0002907062261591718	-1	0	2.1068768723165547	83.34862591404385	1.0000449271500111	-273.1499938964844	9.00052609433068	-273.1499938964844	122
DATA	2025-08-21T033000_AIU-0547.ghg	2025-08-21	04:00:00	233.166	0	18000	18000	0.06530552228908497	0	NaN	18.556100879450288	0	NaN	18.564232048894567	1	NaN	8.088234919923229	1	NaN	0.4208502030180479	1	NaN	0.010936416819379029	2	NaN	NaN	NaN	NaN	NaN	NaN	NaN	NaN	NaN	NaN	1.2250993443898584e-10	7.049683793621758e-12	6.696601006287214e-13	NaN	15.86649127239151	414.4395726914751	424.56477015139546	0.2	0	913.0177637987922	23.848416476736503	24.43105853566251	0.1	1	0.08672893501045927	2.1278850687433213	2.1798715534149515	-0.2	0	NaN	NaN	NaN	NaN	9	297.29298513793947	295.18754046376546	94856.68565407986	1.1094132788785107	1018.8102569424042	0.025872601330027487	0.0272710931555695	0.01661017640987177	2262.7885513873293	2642.0691242918424	0.014972036774846204	85.64456283837116	379.28057290451306	292.6335095322796	1.17672456337652	0.4984506946171263	0.3346205422255923	1.3210241104148646	-1.6371509887127655e-14	7.72129970866081e-15	1.3210241104148646	5.215740781275363	309.0428901073924	22.957109892607576	14.673105717465983	NaN	0.2426209359075127	0.3839250075312465	-64.81693494353867	-0.044741393626930345	0.9995619980711907	0.06766619918618098	0	66.6163005592534	-10.109280617199115	22.86722028158967	56.942611774964426	86.84107581973743	121.7958436016675	182.47236782384095	0.06460336955276347	1.0108686704916843	19.527678614701813	1.0139518215963432	17.07985251241744	1.086908217468386	7.4415068263650195	1.086908217468386	0.38719939389021024	1.086908217468386	0.003090911855483859	1.1479192023142337	NaN	NaN	800000009	800000009	800000009	800000009	800000019	800010019	899999999	899999999	89999	89999	89	89	2	2	1	62	9	0	13	NaN	0	0	0	0	0	0	0	0	0	NaN	NaN	NaN	NaN	0	0	0	0	0	0	0	0	17505	0	0	0	18000	18000	18000	18000	100	NaN	0.43745299190468356	0.24414042475164172	0.08625659840616763	0.027546423664703928	43.991002197494204	0.06209316116489156	1.2329292739679183e-7	NaN	0.017276825647669646	0.19723617151232956	0.010262669623875648	0.000003090911855483859	NaN	414.43823750615866	23.84834361461818	95248.48190646702	11.680157516002655	19.476941635767623	98.77858407168918	98.61713947635226	98.94003106731839	-0.322893393105103	0.000290843140466475	-1	0	2.1071323474954675	84.13166801521511	1.000043996155262	-273.1499938964844	9.000539915190803	-273.1499938964844	025
DATA	2025-08-21T040000_AIU-0547.ghg	2025-08-21	04:30:00	233.187	0	18000	18000	0.06678526690214684	1	NaN	21.79591450164771	0	NaN	-4.507236435494868	2	NaN	1.3727707334135286	0	NaN	-0.10218115587778953	2	NaN	0.018284232911573144	0	NaN	NaN	NaN	NaN	NaN	NaN	NaN	NaN	NaN	NaN	-2.5836298105594937e-10	-1.494513784017682e-11	-1.4418195682975677e-12	NaN	15.603082154565227	407.4821060346008	417.3187297145171	0.1	1	902.5682107340383	23.5710093497252	24.14001384169017	0.1	1	0.08707450689824234	2.1363775829447365	2.1879497673680985	-0.9	0	NaN	NaN	NaN	NaN	9	297.2999665374756	295.2111281348334	94844.00869639756	1.1092937885861838	1018.6515822654509	0.025878127180069616	-0.0066213389008807615	0.016413459629596856	2236.1686834712364	2645.870085382353	0.01479631437449598	84.51543769383859	409.7014019111166	292.44330468009497	1.3357342500397567	0.7216244333819516	0.33225224225059813	1.5541297764549302	-6.746532362362559e-14	-1.655845803390558e-14	1.5541297764549302	5.3818747022305224	303.62006384979225	28.379936150207758	12.344354114696664	NaN	0.24536750247299446	0.676815811877597	-57.06939981636159	-0.050815323261356266	-4.835760185554731	0.0786114501785461	0	57.62174964707371	-8.74432281507634	19.779682016689488	49.254204937859505	75.11577028383003	105.35093586932267	157.83489938625243	0.06613041446052409	1.009902439701382	21.405014107039882	1.0135369206427949	-4.1415282999375576	1.0883027010977626	1.2613868660151493	1.0883027010977626	-0.09389038157740505	1.0883027010977626	0.010279926445488967	1.1483089751028934	NaN	NaN	800000009	800000009	800000009	800000009	800000019	800010019	899999999	899999999	89999	89999	89	89	1	3	2	48	4	0	11	NaN	0	0	0	0	0	0	0	0	0	NaN	NaN	NaN	NaN	0	0	0	0	0	0	0	0	17604	0	0	0	18000	18000	18000	18000	100	NaN	0.8207462513670182	0.40610411942972746	0.12678125295844853	0.036554130213936754	3.6010383832031407	0.052979107052097234	8.994927847075875e-8	NaN	0.01894276070625477	0.0334305325066397	-0.0024883765147325925	0.000010279926445488966	NaN	407.4817401473341	23.570945035047615	95237.47563932292	11.676698562939961	19.287162773980025	98.79819386524625	98.63465622520447	98.96173711374071	-0.3270799256447289	0.00029030543125312157	-1	0	2.115771194432841	83.23888347644291	1.000076450486978	-385.9173736317931	9.000528027587468	-304.5617452155221	024
DATA	2025-08-21T043000_AIU-0547.ghg	2025-08-21	05:00:00	233.208	0	18000	18000	0.02370170949221453	1	NaN	22.36629808279362	1	NaN	18.638165597586266	1	NaN	0.5371731678287038	1	NaN	0.4225469350369181	1	NaN	0.02343313011927492	1	NaN	NaN	NaN	NaN	NaN	NaN	NaN	NaN	NaN	NaN	-8.7215605306399e-12	-5.008067905705911e-13	-4.8833951732509163e-14	NaN	15.586851504723649	407.1374228177866	416.883543495099	0.1	1	895.0234364317728	23.378521002777187	23.938159773817212	0.1	1	0.08727423852295568	2.141372620632613	2.192633140560594	0	0	NaN	NaN	NaN	NaN	9	297.2981557812161	295.2380470473637	94844.0866099799	1.1092750170108525	1018.541794654265	0.02588046562402655	0.02738104139039229	0.016277951170133063	2217.9092419352232	2650.213686707983	0.014674405283188495	83.6879400728718	432.3044447727598	292.31168596502323	1.2837894238874394	0.6413670930720953	0.31125975331291295	1.4684514520382732	-8.885849818331933e-14	-5.595460076075531e-16	1.4684514520382732	3.8454806285933345	305.45379010850496	26.546209891495046	12.237508862465337	NaN	0.1461740296031554	0.47796019351182717	-11.75788374644436	-0.24664302373945257	1.200026792641555	0.13542716987255474	1	21.708180697537305	10	17	29	45	75	181	0.0234619984209828	1.0102169928976448	23.320489761127362	1.0136593118414534	17.134817561851037	1.0877364483344303	0.4938449646063042	1.0877364483344303	0.3884644443825825	1.0877364483344303	0.01333230133072722	1.1481083981148366	NaN	NaN	800000009	800000009	800000009	800000019	800000019	800010019	899999999	899999999	89999	89999	89	89	1	0	1	50	14	0	22	NaN	0	0	0	0	0	0	0	0	0	NaN	NaN	NaN	NaN	0	22	0	0	0	0	0	0	17703	0	0	0	18000	18000	18000	18000	100	NaN	0.5134924430626979	0.340658555705484	0.10176938825547244	0.033415665606402474	2.27839851595089	0.037030758645706215	1.2398448613515723e-7	NaN	0.020640469915463564	0.013086973790666239	0.010294372458152795	0.00001333230133072722	NaN	407.1359875463527	23.378471871403626	95238.68284179688	11.670000076293945	19.15590237416162	98.80944830809699	98.64513671726651	98.9737632759942	-0.32863294325851733	0.0002905118539153287	-1	0	2.1208567984305047	84.83111829717069	1.0000761818157302	-476.68037744310544	9.000506175372335	-364.5589977349186	079
DATA	2025-08-21T050000_AIU-0547.ghg	2025-08-21	05:30:00	233.229	0	18000	18000	0.03388852947698295	1	NaN	27.773704983789685	1	NaN	17.490273795651508	1	NaN	3.1297215719526768	1	NaN	0.39641626567462485	1	NaN	0.028614466945214134	1	NaN	NaN	NaN	NaN	NaN	NaN	NaN	NaN	NaN	NaN	1.2358727174181476e-10	7.011625398708032e-12	6.950458414177139e-13	NaN	15.653461893066646	408.5270030598165	418.2202844819499	0.1	1	888.0866891893631	23.177454039897892	23.72739463862105	0.1	1	0.08803393293846384	2.1571212517651897	2.2083041189891786	0.3	0	NaN	NaN	NaN	NaN	9	297.0180338872274	294.9599272758596	94831.78190229941	1.1102620702367412	1018.4213930655629	0.025859440645099124	0.02568777401571569	0.016151073593859856	2198.5488458681093	2605.635598981227	0.0145470821951217	84.37668132595809	407.08675311311754	292.17108964141255	1.8849529947657855	0.7721707991422747	0.37019256599394795	2.070347331111723	2.886191285966788e-17	7.895203794922514e-15	2.070347331111723	5.5465147567797946	309.72354567106885	22.276454328931173	10.300277821638314	NaN	0.17470832915646467	0.7069117774274922	-16.164466094145062	-0.1794058636462116	1.5879514127843373	0.14059413070913265	1	28.55882819523909	13	23	39	61	102	250	0.03359733166509116	1.0086672898548772	28.630017666095032	1.0133049627755943	16.00741493492324	1.0926357482926945	2.8643777918149254	1.0926357482926945	0.36280733656577485	1.0926357482926945	0.01637558445158735	1.1505358542215574	NaN	NaN	800000009	800000019	800000009	800000019	800001019	800011019	899999999	899999999	89999	89999	89	89	5	7	1	50	62	0	13	NaN	0	0	0	0	0	0	0	0	0	NaN	NaN	NaN	NaN	0	1436	0	0	0	0	0	0	17604	0	0	0	18000	18000	18000	18000	100	NaN	0.7778857420531041	0.4947423233201245	0.14119548948175573	0.06575517929813078	17.345326734535753	0.033596351730900406	0.0000012360147137767004	NaN	0.025320285548596597	0.07582920688838526	0.009604666208376939	0.000016375584451587348	NaN	408.523523644889	23.17740805529643	95219.3048498264	11.683268636173674	19.014163560761347	98.83302200974359	98.66138571927105	99.00465591833327	-0.3432655727995784	0.00029036826430173186	-1	0	2.166737856548507	64.82921500092307	1.0000650063306094	-394.4364989894993	9.000549999713897	-337.6288716040723	165
DATA	2025-08-21T053000_AIU-0547.ghg	2025-08-21	06:00:00	233.249	1	18000	18000	0.047631626544303675	1	NaN	12.262365740548674	1	NaN	-8.722317783554441	2	NaN	2.3566980695075723	0	NaN	-0.1976038503569362	2	NaN	-0.01336983962115809	2	NaN	NaN	NaN	NaN	NaN	NaN	NaN	NaN	NaN	NaN	5.268694025435467e-10	2.948235788190604e-11	2.9713419749498236e-12	NaN	15.653610436146199	407.6700973957155	417.1870725428263	0	0	875.9387863375827	22.812248445531203	23.34479572553222	0.1	1	0.08828037749751373	2.1583336309140475	2.2087194886352823	0	1	NaN	NaN	NaN	NaN	9	296.5158643179999	294.5046181633104	94837.94885486251	1.1122057930913969	1018.2038599222375	0.025817844280425127	-0.012804729503129464	0.01592219395108351	2164.0471784223982	2534.0708817569675	0.01431587036318834	85.3980523592135	370.0237033345693	291.91782349655296	1.220177432078102	0.46535363778134553	0.26275774696961623	1.3320768024184848	1.5813033882556892e-13	3.365801165761334e-14	1.3320768024184848	4.315177452318776	311.1240521811373	20.875947818862702	11.376437991672608	NaN	0.20694509140731446	0.6823193051334825	-60.84618664814305	-0.04766116267515516	-1.4058609242223257	0.052323795998895195	0	56.51763396488505	-8.576769000598645	19.40067483212648	48.31042345918678	73.67644397982097	103.33226026264612	154.8105554765933	0.04712203532246975	1.0108142871662193	11.67477149317409	1.0139257677363156	-8.024484484530745	1.0869630068285316	2.1681492881563553	1.0869630068285316	-0.1817944576913354	1.0869630068285316	-0.015606838788809032	1.1479259843311167	NaN	NaN	800000009	800000019	800000009	800000019	800000019	800010019	899999999	899999999	89999	89999	89	89	5	0	1	61	11	0	1	NaN	0	0	0	0	0	0	0	0	0	NaN	NaN	NaN	NaN	0	1608	0	0	0	0	0	0	17505	0	0	0	18000	18000	18000	18000	100	NaN	0.7942501724821937	0.4757347833212419	0.09465365446352947	0.08164902835719336	1.7085105858369969	0.07215707137217371	0.00000180998252101639	NaN	0.010309283842514285	0.05728406965679754	-0.004803140832827741	-0.000015606838788809032	NaN	407.6703243886134	22.81216756107603	95227.98096440973	11.6899995803833	18.76080123562281	98.88837746429444	98.708169535319	99.06858641963535	-0.36041560220221686	0.00028991002983982787	-1	0	2.1780167851761494	63.189070179368024	1.000068154078391	-273.1499938964844	9.000706150637733	-273.1499938964844	007
DATA	2025-08-21T060000_AIU-0547.ghg	2025-08-21	06:30:00	233.27	1	18000	18000	0.07299335019282105	1	NaN	-0.25641863730237435	2	NaN	51.34938544407113	1	NaN	27.63695248732555	1	NaN	1.163241126776197	1	NaN	0.024013851069222863	1	NaN	NaN	NaN	NaN	NaN	NaN	NaN	NaN	NaN	NaN	-3.2983596901185517e-10	-1.807508931830183e-11	-1.8413286494408956e-12	NaN	15.621500525303404	406.44290927233124	415.70190762008474	0.1	1	856.0619332290263	22.273167810948422	22.780563116060335	0.1	1	0.08720794324121543	2.1309268894048343	2.179470603904631	0	1	NaN	NaN	NaN	NaN	9	296.3590364532471	294.4356024814182	94859.8492078993	1.1129521828882438	1017.8942870013524	0.025805834812845797	0.07537802501509756	0.015553168255978456	2113.396084033103	2523.374495441332	0.013974695854062776	83.75277184782179	409.978411408229	291.5395189129759	0.4989612406712145	0.12701211577429639	0.24921385222837608	0.5720156828166016	-8.731981617109775e-15	-2.1114230894630978e-14	0.5720156828166016	2.97966329331655	317.7184944663269	14.28150553367311	25.8283552906983	NaN	0.25609635409868436	0.24007253000693793	5514.824107557313	0.0005258553932891433	-0.004993606741051675	-0.0008838264810614696	0	71.67216996339246	-10.876528304946214	24.602736640330757	61.264292898771906	93.43191221523797	131.03958535927612	196.32117740702665	0.07158922185817275	1.019613683431705	2.7302551343050236	1.0192269606977198	47.16937594909609	1.08861701921785	25.387213316931387	1.08861701921785	1.068549458846384	1.08861701921785	0.01879899128430806	1.1533821176110126	NaN	NaN	800000009	800000009	800000009	800000009	800001019	800011019	899999999	899999999	89999	89999	89	89	1	3	2	25	12	0	3	NaN	0	0	0	0	0	0	0	0	0	NaN	NaN	NaN	NaN	0	0	0	0	0	0	0	0	17604	0	0	0	18000	18000	18000	18000	100	NaN	0.20703674316482246	0.1930664027747836	0.08004191407426982	0.04396095970671753	33.2537115983893	0.0672232068635631	5.500359403649727e-8	NaN	0.0024100388861093484	0.6700667456266581	0.02820315288219541	0.000018798991284308062	NaN	406.44140083113325	22.273091328356664	95256.44621961805	11.680151960849763	18.383624365064815	98.95607787895203	98.77661033863491	99.13555296177334	-0.35895185480515135	0.0002895245633262675	-1	0	2.111462881867753	82.36024688915187	1.000077180882295	-316.91649573432187	9.000596655077404	-273.1499938964844	005
DATA	2025-08-21T063000_AIU-0547.ghg	2025-08-21	07:00:00	233.291	1	18000	18000	0.10433875845676077	1	NaN	3.921179585401437	1	NaN	41.86189488870909	0	NaN	18.90284056125002	1	NaN	0.948257793732865	0	NaN	0.011721331869908569	2	NaN	NaN	NaN	NaN	NaN	NaN	NaN	NaN	NaN	NaN	6.969783148393567e-10	3.789951426680582e-11	3.910849969963744e-12	NaN	15.553051759034604	404.523576858815	413.62190823396304	0.1	1	845.7266093992632	21.99673468456993	22.49147366340893	0.1	1	0.0872705085791435	2.1315432078974927	2.1794847558203374	-0.3	0	NaN	NaN	NaN	NaN	9	296.2679823498196	294.37143511539034	94882.55192578126	1.1135785810366716	1017.7352013977326	0.02579403759569785	0.06144710503388965	0.015367162443525286	2087.6661650830865	2513.4649598181786	0.013799800665364292	83.0592905991459	425.7987947350921	291.3442912189367	0.6760303572970138	0.17625260791799285	0.24946748475357364	0.7418329001426565	-8.279497130407752e-14	4.4812961831396806e-14	0.7418329001426565	3.8838006303955623	317.3873105892674	14.612689410732628	19.650714136785602	NaN	0.3060993432872678	0.4359918871680461	-615.8764938990695	-0.004708736294902749	0.09366942408665428	0.011303128631201524	0	74.45014954099348	-11.298097423360971	25.556327134030663	63.638868059477694	97.05328916200422	136.1186180182748	203.9304938511341	0.10268397460487727	1.0161153077512926	6.318089327288717	1.0169974624826914	38.521274620075566	1.086721436442099	17.394375345293167	1.086721436442099	0.8725858917787058	1.086721436442099	0.006867622045250373	1.1504767687633715	NaN	NaN	800000009	800000009	800000009	800000009	800001019	800101019	899999999	899999999	89999	89999	89	89	7	8	1	40	6	0	11	NaN	0	0	0	0	0	0	0	0	0	NaN	NaN	NaN	NaN	0	0	0	0	0	0	0	0	17703	0	0	0	18000	18000	18000	18000	100	NaN	0.45114062000014393	0.3168636081888782	0.10397954614707003	0.037819420841244095	17.772291997427637	0.049896684693274684	1.1372059437216836e-7	NaN	0.005574810337575629	0.45876521522626346	0.023013879285615248	0.000006867622045250373	NaN	404.5225690995014	21.996674602671114	95274.75943185764	11.680000305175781	18.18783366605971	99.00298470433553	98.82078984663221	99.18517834642198	-0.36439161348508403	0.00028918072049337855	-1	0	2.1123493910663655	79.70013969082268	1.0000748240881496	-400.8460305086784	9.000510061820348	-310.4716360886921	057
DATA	2025-08-21T070000_AIU-0547.ghg	2025-08-21	07:30:00	233.312	1	18000	18000	0.08968312295546636	0	NaN	21.159851958943474	0	NaN	23.37423970310354	0	NaN	3.376560416360031	0	NaN	0.5296960081513002	0	NaN	-0.014185564775190746	1	NaN	NaN	NaN	NaN	NaN	NaN	NaN	NaN	NaN	NaN	-4.639797932532836e-10	-2.540472652822511e-11	-2.6287037996140246e-12	NaN	15.381894419343748	400.5650262265485	409.5474324675955	0.1	1	842.2194821664131	21.93251752776578	22.424339752434626	0.1	1	0.08714699410049041	2.132615485412263	2.180437979618451	0.1	0	NaN	NaN	NaN	NaN	9	296.6222869067722	294.80374405161535	94912.3147890625	1.1123216284827746	1017.7069568835825	0.025823817841681997	0.03432430132820426	0.015304629820619389	2082.224392582259	2580.89045840881	0.013759176688396468	80.67852650615818	498.66606582655095	291.30273117625546	0.7650434476444747	0.605527165535199	0.2901800313700114	1.0179189926467003	-3.982851349652409e-15	-3.0164021453027163e-14	1.0179189926467003	3.519524218302528	293.6386027974686	38.361397202531364	16.563142336337506	NaN	0.28394888685556346	0.4576016334791293	-91.12276488046545	-0.03182519761998234	0.9052637530765952	0.06582931397333078	0	73.06419088745123	-11.087772850623232	25.08057237782748	62.454171447953755	95.24655207956556	133.58464357075857	200.1341383781542	0.08854443771406334	1.012860042604598	22.356746823784565	1.0150214987436148	21.52331598183872	1.0859962155843745	3.1091824887650312	1.0859962155843745	0.4877512467815284	1.0859962155843745	-0.021120723590447636	1.1483760011552726	NaN	NaN	800000009	800000009	800000009	800000009	800001019	800111019	899999999	899999999	89999	89999	89	89	6	2	0	61	29	0	4	NaN	0	0	0	0	0	0	0	0	0	NaN	NaN	NaN	NaN	0	0	0	0	0	0	0	0	17901	0	0	0	18000	18000	18000	18000	100	NaN	0.5632857903754654	0.2581384003127027	0.09377907627009054	0.033829605817562	4.0270834263462465	0.05392925560506302	1.2920633123554433e-7	NaN	0.01974947173668522	0.08209192783290914	0.012878124811228037	-0.000021120723590447635	NaN	400.5633341638079	21.932454676712634	95313.29260221354	11.680000305175781	18.147698469479874	99.01821829499139	98.83208122465345	99.20435090192159	-0.3722791449262039	0.00028949560499556056	-1	0	2.1134439955684865	78.12893890635124	1.000075370002124	-336.21574654472545	9.000589378873507	-290.39011962043264	224
DATA	2025-08-21T073000_AIU-0547.ghg	2025-08-21	08:00:00	233.333	1	18000	18000	0.039586451760369554	1	NaN	20.57187928390379	0	NaN	NaN	NaN	NaN	NaN	NaN	NaN	NaN	NaN	NaN	-0.0026699038684270537	1	NaN	NaN	NaN	NaN	NaN	NaN	NaN	NaN	NaN	NaN	NaN	NaN	3.8271774837737827e-13	NaN	NaN	NaN	NaN	NaN	0	NaN	NaN	NaN	NaN	0	0.08700821981230565	2.2486091972114144	2.2486091972114144	0.1	0	NaN	NaN	NaN	NaN	9	296.92080886077883	295.14282402886283	94948.5963921441	1.1207632946167556	1005.6049842128	0.02584364100382837	NaN	NaN	NaN	NaN	NaN	NaN	NaN	NaN	1.3410012350126637	1.0564483595886434	0.34107072351124024	1.7408896252260673	-1.5181103205805955e-14	4.398638992993742e-15	1.7408896252260673	5.091539387958161	293.76876017269535	38.231239827304655	11.298325707503983	NaN	0.1879387520165144	0.47732880087592927	-27.08532209453929	-0.10706906086912192	NaN	0.09712170816263734	1	21.350582740417554	9	17	30	48	83	217	0.03921998696495775	1.0093438275677968	20.30054081324545	1.0133660710399055	NaN	1	NaN	1	NaN	1	-0.0023238067370101203	1.148935419587531	NaN	NaN	800009909	800009909	800009909	800009909	800009919	800019919	899999999	899999999	89999	89999	89	89	4	1	0	45	0	0	5	NaN	0	0	0	0	0	0	0	0	0	NaN	NaN	NaN	NaN	0	0	0	0	0	0	0	0	17703	0	0	0	18000	18000	18000	18000	83	NaN	0.5336649153505623	0.31474478711460396	0.10624789928669233	0.04183368451947527	NaN	NaN	4.109613682962925e-8	NaN	0.018012180541102204	NaN	NaN	-0.0000023238067370101202	NaN	396.92307067512905	23.22828903942653	95343.55656835937	11.673365708880956	17.53932080587261	80.80891464555783	80.64801052373245	80.96981657090514	-0.32180716782229896	0.0002898713858578251	-1	0	2.1132671351465913	70.74351930597095	1.000059578920404	-555.0078807322201	9.000492270156188	-444.38037608676507	129
DATA	2025-08-21T080000_AIU-0547.ghg	2025-08-21	08:30:00	233.354	1	18000	18000	0.006942669562312445	2	NaN	33.531419174023014	2	NaN	NaN	NaN	NaN	NaN	NaN	NaN	NaN	NaN	NaN	-0.005100478870339064	2	NaN	NaN	NaN	NaN	NaN	NaN	NaN	NaN	NaN	NaN	NaN	NaN	-1.3445548125321087e-12	NaN	NaN	NaN	NaN	NaN	0	NaN	NaN	NaN	NaN	0	0.08706432146868864	2.2499765765230064	2.2499765765230064	0.3	0	NaN	NaN	NaN	NaN	9	296.95358523432407	295.21854979027637	94976.43969466146	1.1208043855920355	1005.6070169536707	0.025842693523226688	NaN	NaN	NaN	NaN	NaN	NaN	NaN	NaN	1.7063085191170484	1.0052502822584863	0.3684908239506327	2.014398763832022	-6.386028529712401e-15	-1.5443235413207204e-14	2.014398763832022	5.301036060266798	301.4960675355254	30.503932464474573	10.540379853065158	NaN	0.07870427757545462	0.691258192143098	-1.2206575110872917	-2.375768775155323	NaN	0.37800320412238303	1	33.105949848018234	15	26	42	61	95	202	0.006882377669689467	1.0087603289904459	33.091373916591834	1.0132978841718792	NaN	1	NaN	1	NaN	1	-0.004434324716369022	1.1502267417428806	NaN	NaN	800009909	800009909	800009909	800009909	800009919	800019919	899999999	899999999	89999	89999	89	89	7	13	1	57	0	0	3	NaN	0	0	0	0	0	0	0	0	0	NaN	NaN	NaN	NaN	0	0	0	0	0	0	0	0	17703	0	0	0	18000	18000	18000	18000	6	NaN	0.8542505345506806	0.37221931526796365	0.15604653446755182	0.041495159847527316	NaN	NaN	4.4110427756289106e-8	NaN	0.029360042655149653	NaN	NaN	-0.000004434324716369022	NaN	NaN	NaN	95367.08757921007	11.670000076293945	NaN	0	0	0	0	0.0002895402707185389	-1	0	2.1153197125064	66.24208107503271	1.0000620469285382	-511.4432539028646	9.000455031077067	-382.04137346903644	071
DATA	2025-08-21T083000_AIU-0547.ghg	2025-08-21	09:00:00	233.374	1	18000	18000	0.047338188620331914	1	NaN	29.457746301231712	1	NaN	NaN	NaN	NaN	NaN	NaN	NaN	NaN	NaN	NaN	0.006530531294901016	1	NaN	NaN	NaN	NaN	NaN	NaN	NaN	NaN	NaN	NaN	NaN	NaN	4.4424450784679515e-14	NaN	NaN	NaN	NaN	NaN	0	NaN	NaN	NaN	NaN	0	0.08666588537320903	2.246912848621561	2.246912848621561	-0.2	0	NaN	NaN	NaN	NaN	9	297.23334405093726	296.2123439042832	94989.39536436633	1.1171964556468161	1005.6340097766033	0.025926151206390927	NaN	NaN	NaN	NaN	NaN	NaN	NaN	NaN	1.889128511938532	1.255056463732829	0.3958462821615359	2.302317862693531	3.8515881906339055e-14	5.125944377464632e-16	2.302317862693531	6.117671289549735	298.4016311125986	33.59836888740141	9.900273931161548	NaN	0.2058453416833963	0.8259837035486066	-24.86155663492689	-0.1166459543376266	NaN	0.12737640066132702	0	44.05682725458911	-6.685793508211273	15.123283119610141	37.659113300104515	57.432523929931754	80.54993142575907	120.67847539507534	0.04694589626146919	1.0083562651925488	29.068377874595722	1.013394914168096	NaN	1	NaN	1	NaN	1	0.005669103401525065	1.1519513461589386	NaN	NaN	800009909	800009909	800009909	800009909	800009909	800019909	899999999	899999999	89999	89999	89	89	11	16	0	58	0	0	10	NaN	0	0	0	0	0	0	0	0	0	NaN	NaN	NaN	NaN	0	0	0	0	0	0	0	0	17008	0	0	0	18000	18000	18000	18000	6	NaN	1.0179220852787905	0.4594887923667729	0.17455652945164987	0.08710178231377243	NaN	NaN	2.421942155566041e-7	NaN	0.025873268505650755	NaN	NaN	0.000005669103401525065	NaN	NaN	NaN	95398.53917903645	11.699688297647361	NaN	0	0	0	0	0.00029030440954375076	-1	0	2.115217670122783	69.67624684863618	1.0000740294969743	-378.97287334019376	9.000584424389734	-304.9654952324809	180
DATA	2025-08-21T090000_AIU-0547.ghg	2025-08-21	09:30:00	233.395	1	18000	18000	0.062431120136342805	1	NaN	32.63823805340444	0	NaN	NaN	NaN	NaN	NaN	NaN	NaN	NaN	NaN	NaN	-0.0008678799209754008	0	NaN	NaN	NaN	NaN	NaN	NaN	NaN	NaN	NaN	NaN	NaN	NaN	-2.482578165822148e-13	NaN	NaN	NaN	NaN	NaN	0	NaN	NaN	NaN	NaN	0	0.08664983528717937	2.252905558643453	2.252905558643453	0	1	NaN	NaN	NaN	NaN	9	297.83094673665363	297.0355383639866	94982.41070833334	1.1140183735658713	1005.6568135068038	0.0260001135740969	NaN	NaN	NaN	NaN	NaN	NaN	NaN	NaN	2.097512233683814	1.050706086301325	0.4193801905418647	2.3831534978810978	-3.5449552223717525e-15	-2.8650696883545816e-15	2.3831534978810978	6.513193009297425	305.39235227760696	26.60764772239302	10.135518168961246	NaN	0.23673059337322916	0.877086109239674	-34.12936480158589	-0.0849708166811603	NaN	0.12306375570663214	0	49.557359993789774	-7.520520572576098	17.011438011992944	42.36088595475965	64.60302389230952	90.60665957795722	135.74528674287367	0.06191892945170888	1.0082719563979765	32.20519924944725	1.0134462389318901	NaN	1	NaN	1	NaN	1	-0.0007530477188005736	1.152489940953181	NaN	NaN	800009909	800009909	800009909	800009909	800009919	800019919	899999999	899999999	89999	89999	89	89	5	11	1	52	0	0	9	NaN	0	0	0	0	0	0	0	0	0	NaN	NaN	NaN	NaN	0	0	0	0	0	0	0	0	15014	0	0	0	18000	18000	18000	18000	6	NaN	1.003268522962829	0.578865283808025	0.17203841170849385	0.04399043226796379	NaN	NaN	4.840228877497203e-8	NaN	0.02874642461732699	NaN	NaN	-7.530477188005736e-7	NaN	NaN	NaN	95385.51832986111	11.696697511461046	NaN	0	0	0	0	0.00029178307998032943	-1	0	2.1228306545648308	68.48165874671932	1.0000510056863228	-273.1499938964844	9.000627375178867	-273.1499938964844	118
DATA	2025-08-21T093000_AIU-0547.ghg	2025-08-21	10:00:00	233.416	1	18000	18000	0.0834149074486489	1	NaN	29.360898762866004	0	NaN	NaN	NaN	NaN	NaN	NaN	NaN	NaN	NaN	NaN	0.0077780496461735855	0	NaN	NaN	NaN	NaN	NaN	NaN	NaN	NaN	NaN	NaN	NaN	NaN	-9.363898777012334e-13	NaN	NaN	NaN	NaN	NaN	0	NaN	NaN	NaN	NaN	0	0.08675529476236757	2.254558528547936	2.254558528547936	-0.1	0	NaN	NaN	NaN	NaN	9	297.96567758263484	296.9367792070177	94996.69350173611	1.1145564625539781	1005.6540564612296	0.025987561159505283	NaN	NaN	NaN	NaN	NaN	NaN	NaN	NaN	2.2310492547804808	1.129153374257699	0.4225542503571168	2.5359653417088777	-1.7537048147957752e-13	-1.0793460851768296e-14	2.5359653417088777	7.632148513810656	305.1556326676654	26.844367332334638	9.591624712906432	NaN	0.2735714667757831	1.0520305175981945	-58.55719120395194	-0.04952423332429721	NaN	0.0957520018836969	0	52.4295468653791	-7.956386011307647	17.997366821175365	44.81598809344097	68.34720956143546	95.85793321624189	143.61265156036734	0.08274130816013296	1.008141027782789	28.96788442949629	1.0135672432112277	NaN	1	NaN	1	NaN	1	0.006742634746537912	1.1535623593087732	NaN	NaN	800009909	800009909	800009909	800009909	800009919	800009919	899999999	899999999	89999	89999	89	89	3	4	1	47	0	0	12	NaN	0	0	0	0	0	0	0	0	0	NaN	NaN	NaN	NaN	0	0	0	0	0	0	0	0	12519	0	0	0	18000	18000	18000	18000	6	NaN	1.231868595250738	0.6726255932983436	0.1995668466473076	0.03520292628983471	NaN	NaN	3.226994907355659e-8	NaN	0.025844378631503833	NaN	NaN	0.000006742634746537913	NaN	NaN	NaN	95392.25270920139	11.6899995803833	NaN	0	0	0	0	0.00029181217574255746	-1	0	2.124459151859637	71.48131575775133	1.0000395896517569	-273.1499938964844	9.0005287238227	-273.1499938964844	050
DATA	2025-08-21T100000_AIU-0547.ghg	2025-08-21	10:30:00	233.437	1	18000	18000	0.045036959297891206	2	NaN	37.105329925106666	1	NaN	NaN	NaN	NaN	NaN	NaN	NaN	NaN	NaN	NaN	-0.004097718749754427	2	NaN	NaN	NaN	NaN	NaN	NaN	NaN	NaN	NaN	NaN	NaN	NaN	1.1447651593939384e-12	NaN	NaN	NaN	NaN	NaN	0	NaN	NaN	NaN	NaN	0	0.08656508945363257	2.250575583096481	2.250575583096481	0	1	NaN	NaN	NaN	NaN	9	298.1295756030612	297.1098457514445	95011.51504709202	1.114081026889307	1005.6588917586146	0.025998651388236264	NaN	NaN	NaN	NaN	NaN	NaN	NaN	NaN	2.582841478318945	1.2389694250985603	0.4276967879400731	2.8963839318826903	5.923532802022936e-14	1.3224328266963977e-14	2.8963839318826903	7.336793785988373	306.3733198836411	25.626680116358873	8.491679144504113	NaN	0.2010602144791414	1.2809872846932266	-18.396270090011583	-0.15764065138261807	NaN	0.16471861425906004	0	41.099548932051746	-6.23701511351344	14.108145168872671	35.13127626897157	53.57741296052112	75.14308347661503	112.57803191056317	0.0446816491232941	1.0079520380641427	36.594642315262725	1.0139552562215084	NaN	1	NaN	1	NaN	1	-0.003543717993511863	1.1563331950389042	NaN	NaN	800009909	800009909	800009909	800009909	800009919	800009919	899999999	899999999	89999	89999	89	89	5	1	1	38	0	0	13	NaN	0	0	0	0	0	0	0	0	0	NaN	NaN	NaN	NaN	0	0	0	0	0	0	0	0	14975	0	0	0	18000	18000	18000	18000	6	NaN	1.6204262124620255	0.743419970771981	0.19812838615244704	0.1066349420210493	NaN	NaN	1.1600510837854606e-7	NaN	0.03266254571730189	NaN	NaN	-0.0000035437179935118633	NaN	NaN	NaN	95416.55819357639	11.696634176678128	NaN	0	0	0	0	0.0002919909669500258	-1	0	2.121467195259973	72.13407738093979	1.0000420013914506	-273.1499938964844	9.000534568972057	-273.1499938964844	233
DATA	2025-08-21T103000_AIU-0547.ghg	2025-08-21	11:00:00	233.458	1	18000	18000	0.07737493289554939	1	NaN	37.5057282726328	1	NaN	NaN	NaN	NaN	NaN	NaN	NaN	NaN	NaN	NaN	-0.004506022896294313	1	NaN	NaN	NaN	NaN	NaN	NaN	NaN	NaN	NaN	NaN	NaN	NaN	-4.795198105661816e-13	NaN	NaN	NaN	NaN	NaN	0	NaN	NaN	NaN	NaN	0	0.08616697410576876	2.2413579913496284	2.2413579913496284	0	1	NaN	NaN	NaN	NaN	9	298.4792377302382	297.2631168289184	95012.48163758681	1.113517926564691	1005.6631888600995	0.02601179877337218	NaN	NaN	NaN	NaN	NaN	NaN	NaN	NaN	1.2485499187585043	0.609112736211464	0.21856965839270925	1.406295815472975	9.94782303094093e-15	-5.565006959366795e-15	1.406295815472975	5.792081006270969	305.9942819515272	26.005718048472794	8.941286123338356	NaN	0.2636037208175867	1.25604835053997	-41.01565637663473	-0.07070470781620929	NaN	0.12705632805671638	0	43.676700012778234	-6.628107732726188	14.992797738396414	37.33418625111188	56.93698967855308	79.85493759236316	119.63724798819045	0.07657297853328061	1.0104730725855235	36.996330626712805	1.0137688694335591	NaN	1	NaN	1	NaN	1	-0.003925097642687236	1.1480027521581244	NaN	NaN	800009909	800009909	800009909	800009909	800009909	800009909	899999999	899999999	89999	89999	89	89	10	15	6	51	0	0	3	NaN	0	0	0	0	0	0	0	0	0	NaN	NaN	NaN	NaN	0	0	0	0	0	0	0	0	7749	0	0	0	18000	18000	18000	18000	6	NaN	1.2484263236931605	0.9711436279074361	0.2925267494793437	0.04269233202690853	NaN	NaN	6.452931306832295e-8	NaN	0.03303763001509825	NaN	NaN	-0.0000039250976426872356	NaN	NaN	NaN	95397.31374348959	11.699999809265137	NaN	0	0	0	0	0.00029277235680233893	-1	0	2.1131622496181066	73.08187652693846	1.0000504271950987	-273.1499938964844	9.000558315065172	-273.1499938964844	020
DATA	2025-08-21T110000_AIU-0547.ghg	2025-08-21	11:30:00	233.479	1	18000	18000	0.044282175112043826	1	NaN	28.554461453601064	0	NaN	NaN	NaN	NaN	NaN	NaN	NaN	NaN	NaN	NaN	-0.017389262428538506	1	NaN	NaN	NaN	NaN	NaN	NaN	NaN	NaN	NaN	NaN	NaN	NaN	6.898756657844897e-13	NaN	NaN	NaN	NaN	NaN	0	NaN	NaN	NaN	NaN	0	0.08578144258964393	2.2362713078808216	2.2362713078808216	0	1	NaN	NaN	NaN	NaN	9	298.7757642923992	297.86740164777956	94995.24146354166	1.1110572883869687	1005.6802666457821	0.026069406626542304	NaN	NaN	NaN	NaN	NaN	NaN	NaN	NaN	0.9723450725298929	0.7072755157001701	0.2657045276427311	1.2313782892320333	-3.3744987126964005e-15	8.042248357662568e-15	1.2313782892320333	4.24862625312409	295.9681768816262	36.031823118373765	12.461183574249166	NaN	0.19963939550617188	0.6823100693146698	-23.39960517647997	-0.12393371504041123	NaN	0.12800630051456113	1	11.492669144974535	5	9	16	26	45	119	0.04378520757557293	1.0113501240256344	28.154899684155673	1.0141915536523913	NaN	1	NaN	1	NaN	1	-0.015148515580107418	1.1479185756902524	NaN	NaN	800009909	800009909	800009909	800009909	800019909	800019919	899999999	899999999	89999	89999	89	89	15	5	1	25	0	0	0	NaN	0	0	0	0	0	0	0	0	0	NaN	NaN	NaN	NaN	0	0	0	0	0	0	0	0	11219	0	0	0	18000	18000	18000	18000	6	NaN	0.7574767748233504	0.46105722401818044	0.1460861397878085	0.19322373505787943	NaN	NaN	3.1654628087612733e-7	NaN	0.02519750865965823	NaN	NaN	-0.000015148515580107417	NaN	NaN	NaN	95411.22133246527	11.680236932682556	NaN	0	0	0	0	0.00029217124644007216	-1	0	2.1095372452868344	73.69943916257228	1.0000466792533795	-273.1499938964844	9.000535083505843	-273.1499938964844	224
DATA	2025-08-21T113000_AIU-0547.ghg	2025-08-21	12:00:00	233.499	1	18000	18000	0.04677583029357375	2	NaN	37.97352141944232	1	NaN	NaN	NaN	NaN	NaN	NaN	NaN	NaN	NaN	NaN	-0.01596622114323458	1	NaN	NaN	NaN	NaN	NaN	NaN	NaN	NaN	NaN	NaN	NaN	NaN	9.015812265434299e-13	NaN	NaN	NaN	NaN	NaN	0	NaN	NaN	NaN	NaN	0	0.08532368155361875	2.2287898354838513	2.2287898354838513	0	1	NaN	NaN	NaN	NaN	9	299.42855275132916	298.46096114095053	94994.40373394097	1.1088379123246697	1005.6972526745055	0.026121585413344417	NaN	NaN	NaN	NaN	NaN	NaN	NaN	NaN	1.0367362052698887	0.5567189904177084	0.2308743681730403	1.1991917976238793	4.9407601664262935e-14	1.0566600152817623e-14	1.1991917976238793	6.281858786765847	303.76455978954334	28.235440210456705	11.100175528315146	NaN	0.20538878194505725	1.2515316517120085	-19.160094673227945	-0.1513562458567659	NaN	0.16579400515055356	0	39.47203799426231	-5.990034049726509	13.549473330108155	33.74010439794248	51.455788079531054	72.1674744143452	108.1200273083189	0.046242110485231615	1.0115418566051952	37.43847938707207	1.0142912330075833	NaN	1	NaN	1	NaN	1	-0.013908548458458868	1.1479430215828368	NaN	NaN	800009909	800009909	800009909	800009909	800019919	800019919	899999999	899999999	89999	89999	89	89	11	10	1	49	0	0	1	NaN	0	0	0	0	0	0	0	0	0	NaN	NaN	NaN	NaN	0	0	0	0	0	0	0	0	1967	0	0	0	18000	18000	18000	18000	6	NaN	1.5176261703201788	0.756710561143785	0.2287265719600532	0.05777056350599016	NaN	NaN	6.341862786369067e-8	NaN	0.033572437248316586	NaN	NaN	-0.000013908548458458868	NaN	NaN	NaN	95382.87245659722	11.683302288055419	NaN	0	0	0	0	0.00029384125603569886	-1	0	2.1040148707694484	76.03823049873822	1.0000339991897345	-273.1499938964844	9.000398627228208	-273.1499938964844	119
DATA	2025-08-21T120000_AIU-0547.ghg	2025-08-21	12:30:00	233.52	1	18000	18000	0.03177563861411514	1	NaN	17.099806418235463	1	NaN	NaN	NaN	NaN	NaN	NaN	NaN	NaN	NaN	NaN	-0.00024265924600290034	2	NaN	NaN	NaN	NaN	NaN	NaN	NaN	NaN	NaN	NaN	NaN	NaN	-3.115523814915242e-12	NaN	NaN	NaN	NaN	NaN	0	NaN	NaN	NaN	NaN	0	0.0851306872146411	2.2228834656473935	2.2228834656473935	0	1	NaN	NaN	NaN	NaN	9	299.49304335106746	298.37090908813474	95002.6985201823	1.1092694248917279	1005.6946621556086	0.026111423957412786	NaN	NaN	NaN	NaN	NaN	NaN	NaN	NaN	0.6547131229610351	0.363863751711912	0.1475494030873467	0.7634244753338436	3.9450380099501796e-14	-3.6596953658555955e-14	0.7634244753338436	4.5950415255594255	302.93641972199504	29.06358027800495	11.143859619326273	NaN	0.16924997862523752	0.7372531084932941	-23.810526322667165	-0.12179487175969124	NaN	0.09056478986119659	1	6.881489083497034	3	6	10	16	28	75	0.03128207696547643	1.0157777774533137	16.817503956522813	1.0167862283512743	NaN	1	NaN	1	NaN	1	-0.00021096745800044473	1.1502212156454423	NaN	NaN	800009909	800009909	800009909	800009909	800009919	800019919	899999999	899999999	89999	89999	89	89	8	10	2	24	0	0	1	NaN	0	0	0	0	0	0	0	0	0	NaN	NaN	NaN	NaN	0	0	0	0	0	0	0	0	6214	0	0	0	18000	18000	18000	18000	6	NaN	0.7057087313100072	0.6167811913848447	0.15201629429173621	0.09784732621701263	NaN	NaN	1.0039194049263903e-7	NaN	0.015075035755609367	NaN	NaN	-2.1096745800044472e-7	NaN	NaN	NaN	95404.94468923612	11.6899995803833	NaN	0	0	0	0	0.0002932181993997398	-1	0	2.098373975435894	77.46759293492605	1.0000241732729807	-273.1499938964844	9.000337780475617	-273.1499938964844	115
DATA	2025-08-21T123000_AIU-0547.ghg	2025-08-21	13:00:00	233.541	1	18000	18000	0.003890602260734459	2	NaN	18.38171726122234	2	NaN	NaN	NaN	NaN	NaN	NaN	NaN	NaN	NaN	NaN	-0.004645661792284863	2	NaN	NaN	NaN	NaN	NaN	NaN	NaN	NaN	NaN	NaN	NaN	NaN	-1.7846449492322388e-13	NaN	NaN	NaN	NaN	NaN	0	NaN	NaN	NaN	NaN	0	0.08497303199464258	2.2194691171197416	2.2194691171197416	-0.9	0	NaN	NaN	NaN	NaN	9	299.8039103257922	298.4338922780355	94992.68687673612	1.108918445182484	1005.6964734802806	0.026119688388425114	NaN	NaN	NaN	NaN	NaN	NaN	NaN	NaN	1.668162853967052	1.0906670226472903	0.3020880766599572	2.0158321030546134	2.843183738032306e-14	-2.1002486404683755e-15	2.0158321030546134	6.352456256594831	298.8228079170185	33.17719208298146	8.618683438822469	NaN	0.05923230232247794	0.8957839948583837	-0.9493627426234763	-3.0546806502919184	NaN	0.27826650500170463	1	40.58580578519947	18	31	51	74	115	243	0.003856825281770909	1.0087577156069774	18.140485321959606	1.0132979870704295	NaN	1	NaN	1	NaN	1	-0.004038882397642034	1.1502344794681514	NaN	NaN	800009909	800009909	800009909	800009909	800009909	800009919	899999999	899999999	89999	89999	89	89	4	2	3	31	0	0	2	NaN	0	0	0	0	0	0	0	0	0	NaN	NaN	NaN	NaN	0	0	0	0	0	0	0	0	403	0	0	0	18000	18000	18000	18000	6	NaN	1.0686566121664896	0.5566183175388579	0.16629306001141989	0.04583529825010303	NaN	NaN	4.759890935405564e-8	NaN	0.016266059896292557	NaN	NaN	-0.000004038882397642034	NaN	NaN	NaN	95383.83525477431	11.696634176678128	NaN	0	0	0	0	0.00029346178321672294	-1	0	2.0951124976134965	71.38632578500113	1.0000227778123485	-273.1499938964844	9.000341744687821	-273.1499938964844	020
DATA	2025-08-21T130000_AIU-0547.ghg	2025-08-21	13:30:00	233.562	1	18000	18000	0.2194414074630062	1	NaN	50.16111271055954	1	NaN	NaN	NaN	NaN	NaN	NaN	NaN	NaN	NaN	NaN	0.008331981179680599	1	NaN	NaN	NaN	NaN	NaN	NaN	NaN	NaN	NaN	NaN	NaN	NaN	2.8146887703503936e-12	NaN	NaN	NaN	NaN	NaN	0	NaN	NaN	NaN	NaN	0	0.08384864937026239	2.1962961076861185	2.1962961076861185	-0.1	0	NaN	NaN	NaN	NaN	9	300.4669654710558	299.1848172743056	94963.07089301215	1.1057903058983423	1005.718250910009	0.026193577644734883	NaN	NaN	NaN	NaN	NaN	NaN	NaN	NaN	0.9781472146431629	0.913085873578872	0.2813296003069168	1.3673493079870247	-4.7568591688411467e-14	3.356868347301783e-14	1.3673493079870247	7.2243035617877585	288.97028635300745	43.02971364699253	11.873298955918607	NaN	0.445474553180309	1.513026883944286	-147.9642096083545	-0.01959933424221973	NaN	0.10125002780771335	0	81.40850332586503	-12.354054455715945	27.944904816370734	69.58676421760137	106.12420609284017	148.84070799013475	222.99050289730033	0.2171296328152784	1.0106469790316208	49.47599863290546	1.013847402712119	NaN	1	NaN	1	NaN	1	0.007258102753044331	1.1479558037650874	NaN	NaN	800009909	800009909	800009909	800009909	800019919	800019919	899999999	899999999	89999	89999	89	89	2	18	2	24	0	0	4	NaN	0	0	0	0	0	0	0	0	0	NaN	NaN	NaN	NaN	0	0	0	0	0	0	0	0	7613	0	0	0	18000	18000	18000	18000	6	NaN	2.170761551080237	0.6791520377278494	0.1761401790804854	0.09668447898186384	NaN	NaN	2.564262910888751e-7	NaN	0.04448826398970644	NaN	NaN	0.0000072581027530443305	NaN	NaN	NaN	95361.38594184027	11.699999809265137	NaN	0	0	0	0	0.00029467104770851117	-1	0	2.074583678547984	75.46998641565101	1.0000220025722628	-273.1499938964844	9.000307366953956	-273.1499938964844	005
DATA	2025-08-21T133000_AIU-0547.ghg	2025-08-21	14:00:00	233.583	1	18000	18000	0.2777391046344352	1	NaN	40.16233653214507	1	NaN	NaN	NaN	NaN	NaN	NaN	NaN	NaN	NaN	NaN	-0.03240815059893681	1	NaN	NaN	NaN	NaN	NaN	NaN	NaN	NaN	NaN	NaN	NaN	NaN	7.304845645295117e-13	NaN	NaN	NaN	NaN	NaN	0	NaN	NaN	NaN	NaN	0	0.0840107018768102	2.2051891007960274	2.2051891007960274	-0.4	0	NaN	NaN	NaN	NaN	9	300.7840445302328	299.75841595289444	94944.5807391493	1.1034594405535798	1005.7351115794245	0.026248907002700977	NaN	NaN	NaN	NaN	NaN	NaN	NaN	NaN	0.27158192404090864	0.05066650675193764	0.15730264460933183	0.31791187202320326	-9.114795472741915e-15	8.695137026716714e-15	0.31791187202320326	3.8530656878006826	321.4323451520519	10.567654847948132	29.656531937081155	NaN	0.5016956416882049	0.5414146394032705	-263.9392935087047	-0.010987375018886145	NaN	0.0721337741692476	0	87.35173455248561	-13.255962723488437	29.985023773782235	74.66694888089235	113.87180824475067	159.7068301687774	239.26993398761488	0.26935935662866906	1.0311099198878702	39.115689376076695	1.0267577325815587	NaN	1	NaN	1	NaN	1	-0.027837550236080952	1.1641883112592208	NaN	NaN	800009909	800009909	800009909	800009909	800019909	800119919	899999999	899999999	89999	89999	89	89	4	1	2	27	0	0	3	NaN	0	0	0	0	0	0	0	0	0	NaN	NaN	NaN	NaN	0	0	0	0	0	0	0	0	3408	0	0	0	18000	18000	18000	18000	6	NaN	0.650507903962104	0.24499933376995933	0.18732204107447775	0.06408706133854933	NaN	NaN	4.941753773004047e-8	NaN	0.03524609454680499	NaN	NaN	-0.000027837550236080953	NaN	NaN	NaN	95346.35492057292	11.69010230702837	NaN	0	0	0	0	0.00029568282516427444	-1	0	2.084102047271199	81.3029320877921	1.000016825012035	-273.1499938964844	9.000241067515478	-273.1499938964844	004
DATA	2025-08-21T140000_AIU-0547.ghg	2025-08-21	14:30:00	233.604	1	18000	18000	0.10957014922851022	1	NaN	26.420483240326277	1	NaN	NaN	NaN	NaN	NaN	NaN	NaN	NaN	NaN	NaN	-0.005753158035922615	1	NaN	NaN	NaN	NaN	NaN	NaN	NaN	NaN	NaN	NaN	NaN	NaN	6.209337306526807e-12	NaN	NaN	NaN	NaN	NaN	0	NaN	NaN	NaN	NaN	0	0.08388164866706423	2.2046234940330294	2.2046234940330294	0.2	0	NaN	NaN	NaN	NaN	9	301.0287314588759	300.0931400960286	94928.93631597221	1.1020470220468013	1005.7450410214846	0.026282548436588678	NaN	NaN	NaN	NaN	NaN	NaN	NaN	NaN	0.38548461040241944	0.4138024582789271	0.19699147355340577	0.5988626720606716	-7.150422194332655e-14	7.402497930354672e-14	0.5988626720606716	3.1954696464345838	284.97092322855633	47.02907677144367	19.204611140868334	NaN	0.31531604014289977	0.41742242939673263	-99.59846844002642	-0.029116913597383734	NaN	0.07559736665343135	0	87.86522118198596	-13.333886300559211	30.161287117286147	75.10586952868884	114.54118992686912	160.6456474956649	240.67645341820784	0.10753392032961251	1.0189356892472279	25.933186605148773	1.018790464997493	NaN	1	NaN	1	NaN	1	-0.004990629046508528	1.1527921595269752	NaN	NaN	800009909	800009909	800009909	800009909	800019919	800019919	899999999	899999999	89999	89999	89	89	15	10	0	43	0	0	5	NaN	0	0	0	0	0	0	0	0	0	NaN	NaN	NaN	NaN	0	0	0	0	0	0	0	0	1907	0	0	0	18000	18000	18000	18000	6	NaN	0.5120222788235352	0.24990425747100134	0.0729183224989287	0.1126710044106679	NaN	NaN	2.7753309884076398e-8	NaN	0.023397414009415102	NaN	NaN	-0.000004990629046508528	NaN	NaN	NaN	95327.61121484375	11.693301878187391	NaN	0	0	0	0	0.00029547063977548133	-1	0	2.0841327969895467	79.35891586568647	1.0000106177412802	-273.1499938964844	9.000186943637	-273.1499938964844	075
DATA	2025-08-21T143000_AIU-0547.ghg	2025-08-21	15:00:00	233.624	1	18000	18000	0.09463766943554211	1	NaN	42.3784034548074	1	NaN	NaN	NaN	NaN	NaN	NaN	NaN	NaN	NaN	NaN	-0.006623543334557763	1	NaN	NaN	NaN	NaN	NaN	NaN	NaN	NaN	NaN	NaN	NaN	NaN	-2.77226257168895e-12	NaN	NaN	NaN	NaN	NaN	0	NaN	NaN	NaN	NaN	0	0.08385614193665485	2.2059726105537916	2.2059726105537916	0	1	NaN	NaN	NaN	NaN	9	301.47486658732095	300.3120028381348	94911.20168229166	1.1010381327318919	1005.7515695033931	0.026306631328450444	NaN	NaN	NaN	NaN	NaN	NaN	NaN	NaN	0.6742516667369644	0.3336886632889388	0.18901422731853718	0.7756866714299423	-5.546383464987778e-15	-3.3059743838240546e-14	0.7756866714299423	3.1159327002207786	305.66908885349767	26.33091114650229	14.103450773858212	NaN	0.2931776356997669	0.499058619007259	-49.905456424551566	-0.058109878313292236	NaN	0.13053310651042732	0	78.08736910309642	-11.850059524392973	26.804866909443966	66.74790863552879	101.7947722091552	142.7686154094806	213.8934017313425	0.09318454360616377	1.0155940649934376	41.68346408456551	1.0166718238395933	NaN	1	NaN	1	NaN	1	-0.005759180474302984	1.150084350388306	NaN	NaN	800009909	800009909	800009909	800009909	800019919	800119919	899999999	899999999	89999	89999	89	89	0	8	0	33	0	0	7	NaN	0	0	0	0	0	0	0	0	0	NaN	NaN	NaN	NaN	0	0	0	0	0	0	0	0	1543	0	0	0	18000	18000	18000	18000	6	NaN	0.6112457412057745	0.3022078918251129	0.08466360498363067	0.10729731175087344	NaN	NaN	1.0243770707637827e-7	NaN	0.03764182959526075	NaN	NaN	-0.000005759180474302984	NaN	NaN	NaN	95301.04312174479	11.699999809265137	NaN	0	0	0	0	0.0002969285619975482	-1	0	2.085714335726368	75.41907658767667	1.0000075216657585	-273.1499938964844	9.000152586486605	-273.1499938964844	016
DATA	2025-08-21T150000_AIU-0547.ghg	2025-08-21	15:30:00	233.645	1	18000	18000	0.14022608041809212	1	NaN	29.749120430060444	1	NaN	NaN	NaN	NaN	NaN	NaN	NaN	NaN	NaN	NaN	0.01662003389465467	2	NaN	NaN	NaN	NaN	NaN	NaN	NaN	NaN	NaN	NaN	NaN	NaN	-3.666891341550578e-12	NaN	NaN	NaN	NaN	NaN	0	NaN	NaN	NaN	NaN	0	0.08346649204649853	2.2018567852680873	2.2018567852680873	0	1	NaN	NaN	NaN	NaN	9	301.93710402679443	301.071384133233	94886.09913693575	1.0979705516262173	1005.7744420018538	0.026380128495653684	NaN	NaN	NaN	NaN	NaN	NaN	NaN	NaN	0.40876660277432797	0.10421246939381419	0.14276785516666068	0.4453459720146615	-2.3292872186608803e-14	-4.3932496162744934e-14	0.4453459720146615	3.8768540836427734	317.69747709780916	14.30252290219083	18.697847360027822	NaN	0.3573707892960405	0.5841685748086113	-128.73925317365564	-0.022526152113747363	NaN	0.07538132915180665	0	83.52550645474267	-12.675317847973469	28.671603484391184	71.39634665136082	108.88393348211422	152.71126489324104	228.7893024459661	0.13696216231688313	1.0238308014855768	29.10963331329925	1.021968229894158	NaN	1	NaN	1	NaN	1	0.014362088432923843	1.1572156773909483	NaN	NaN	800009909	800009909	800009909	800009909	800019919	800019919	899999999	899999999	89999	89999	89	89	2	3	1	13	0	0	2	NaN	0	0	0	0	0	0	0	0	0	NaN	NaN	NaN	NaN	0	0	0	0	0	0	0	0	1465	0	0	0	18000	18000	18000	18000	6	NaN	0.729537105721565	0.33248924876804076	0.1063107951276168	0.08170118655054051	NaN	NaN	1.3714899518700123e-7	NaN	0.026360002502187146	NaN	NaN	0.000014362088432923843	NaN	NaN	NaN	95286.95368229167	11.68673013830185	NaN	0	0	0	0	0.0002977203438446547	-1	0	2.0832113213936494	79.45082370597356	1.0000047344383267	-273.1499938964844	9.000118532710605	-273.1499938964844	085
DATA	2025-08-21T153000_AIU-0547.ghg	2025-08-21	16:00:00	233.666	1	18000	18000	0.06820356337214782	0	NaN	1.8400501031850462	2	NaN	NaN	NaN	NaN	NaN	NaN	NaN	NaN	NaN	NaN	0.0286144301849862	1	NaN	NaN	NaN	NaN	NaN	NaN	NaN	NaN	NaN	NaN	NaN	NaN	6.948649189094438e-13	NaN	NaN	NaN	NaN	NaN	0	NaN	NaN	NaN	NaN	0	0.08294449949417218	2.186633090583159	2.186633090583159	-0.1	0	NaN	NaN	NaN	NaN	9	301.8632360449897	300.83201598358147	94873.68055815973	1.0987003772039152	1005.7671952520797	0.026362605162706367	NaN	NaN	NaN	NaN	NaN	NaN	NaN	NaN	1.0166452595811226	0.8033250680076448	0.2556656142950774	1.3207057412804093	1.1799418916473108e-13	8.377468345062063e-15	1.3207057412804093	5.144379512161847	293.6851814304481	38.31481856955189	11.161933282107022	NaN	0.24915172360414092	0.5787754109169028	-705.2551800882318	-0.004111986812542365	NaN	0.006683270094658568	0	71.74787621761017	-10.888017021100351	24.628724147552816	61.32900546621659	93.53060296370877	131.17800053725747	196.5285485661905	0.06747014593008903	1.0108702513081673	1.8147299344268082	1.0139525822977267	NaN	1	NaN	1	NaN	1	0.024927219916778917	1.14791903310988	NaN	NaN	800009909	800009909	800009909	800009909	800009919	800109919	899999999	899999999	89999	89999	89	89	6	10	3	18	0	0	15	NaN	0	0	0	0	0	0	0	0	0	NaN	NaN	NaN	NaN	0	0	0	0	0	0	0	0	1442	0	0	0	18000	18000	18000	18000	6	NaN	0.7156458903994217	0.3663448836085736	0.07556004782581027	0.07505874265998404	NaN	NaN	2.969363820343199e-7	NaN	0.001642234846547543	NaN	NaN	0.000024927219916778917	NaN	NaN	NaN	95252.3689188368	11.680000305175781	NaN	0	0	0	0	0.00029720840109964935	-1	0	2.0679543513302465	73.01125109587754	1.0000050450348192	-273.1499938964844	9.000140538189147	-273.1499938964844	074
DATA	2025-08-21T160000_AIU-0547.ghg	2025-08-21	16:30:00	233.687	1	18000	18000	0.4227356079256516	1	NaN	-0.053036786142092986	2	NaN	NaN	NaN	NaN	NaN	NaN	NaN	NaN	NaN	NaN	0.027895492256460958	0	NaN	NaN	NaN	NaN	NaN	NaN	NaN	NaN	NaN	NaN	NaN	NaN	-5.567639902913741e-13	NaN	NaN	NaN	NaN	NaN	0	NaN	NaN	NaN	NaN	0	0.08311081210648015	2.1955632068755024	2.1955632068755024	0	1	NaN	NaN	NaN	NaN	9	302.41296957397464	301.4353273213704	94867.12753298611	1.0964256336992784	1005.7855254687923	0.02641729940098028	NaN	NaN	NaN	NaN	NaN	NaN	NaN	NaN	-0.03624614175007166	0.12124957830980415	0.18252815042152856	0.2221075611688511	-2.2966266172084496e-14	-6.699056069600879e-15	0.2221075611688511	4.0522328034342365	225.35658071494578	106.64341928505422	55.26545962210833	NaN	0.6209331198291693	0.7297031295516462	378728.5265214137	0.000007657199806511092	NaN	-0.00007745470645620679	0	77.09424584275008	-11.699349238141357	26.463959831589797	65.89900180966434	100.50013573690964	140.95286934914913	211.17308326071324	0.4131894248851162	1.0231036480258169	-0.05203426352512393	1.0192665860733285	NaN	1	NaN	1	NaN	1	0.023773042854531697	1.1734085715133191	NaN	NaN	800009909	800009909	800009909	800009909	800009919	800019919	899999999	899999999	89999	89999	89	89	3	7	1	9	0	0	0	NaN	0	0	0	0	0	0	0	0	0	NaN	NaN	NaN	NaN	0	0	0	0	0	0	0	0	6413	0	0	0	18000	18000	18000	18000	6	NaN	0.25070180858752744	0.8165819194777326	0.3921225310380323	0.1587002532602558	NaN	NaN	1.9229626907342464e-7	NaN	-0.000047185096796496934	NaN	NaN	0.000023773042854531695	NaN	NaN	NaN	95249.04877256944	11.66020084516149	NaN	0	0	0	0	0.00029788767191025214	-1	0	2.0778328680131164	80.93093816674558	1.0000016960054636	-273.1499938964844	9.000100904491212	-273.1499938964844	013
DATA	2025-08-21T163000_AIU-0547.ghg	2025-08-21	17:00:00	233.708	1	18000	18000	0.1460728602453679	0	NaN	21.1935781863597	0	NaN	NaN	NaN	NaN	NaN	NaN	NaN	NaN	NaN	NaN	-0.00929732505042125	0	NaN	NaN	NaN	NaN	NaN	NaN	NaN	NaN	NaN	NaN	NaN	NaN	-4.3825456573313663e-13	NaN	NaN	NaN	NaN	NaN	0	NaN	NaN	NaN	NaN	0	0.08321124436911259	2.199382204201823	2.199382204201823	0.2	0	NaN	NaN	NaN	NaN	9	302.31272113376195	301.58347329203286	94863.4398719618	1.0958444405708372	1005.7900596339098	0.026431310105707515	NaN	NaN	NaN	NaN	NaN	NaN	NaN	NaN	-0.23131067470194056	0.5906087507731077	0.19231922041807942	0.6628046524150509	5.447998161996803e-14	-5.266770964139235e-15	0.6628046524150509	5.672035260392062	220.61230961045348	111.38769038954652	16.8675191940764	NaN	0.36509872160400597	0.7318569474350667	-192.658110370776	-0.015052571596486998	NaN	0.05266689635631085	0	71.31987590526187	-10.823066322465724	24.48180549039394	60.96315723656392	92.9726613298522	130.3954794625864	195.35618940232382	0.14355620197032784	1.0175308223573665	20.821047220452595	1.0178920378962095	NaN	1	NaN	1	NaN	1	-0.008073361267271177	1.1516052289288643	NaN	NaN	800009909	800009909	800009909	800009909	800009919	800009919	899999999	899999999	89999	89999	89	89	25	9	0	7	0	0	6	NaN	0	0	0	0	0	0	0	0	0	NaN	NaN	NaN	NaN	0	0	0	0	0	0	0	0	10518	0	0	0	18000	18000	18000	18000	6	NaN	0.5871120373941353	0.7119065462534325	0.16469531122256545	0.09460384211706284	NaN	NaN	4.97022774906801e-8	NaN	0.01889062475651316	NaN	NaN	-0.000008073361267271177	NaN	NaN	NaN	95251.29477126736	11.65999984741211	NaN	0	0	0	0	0.0002975600255336354	-1	0	2.081766921371222	79.72812965986485	1	-273.1499938964844	9.000105780151156	-273.1499938964844	058
DATA	2025-08-21T170000_AIU-0547.ghg	2025-08-21	17:30:00	233.729	1	18000	18000	0.2023968189536729	1	NaN	36.971779252020355	0	NaN	NaN	NaN	NaN	NaN	NaN	NaN	NaN	NaN	NaN	-0.014823249559325033	0	NaN	NaN	NaN	NaN	NaN	NaN	NaN	NaN	NaN	NaN	NaN	NaN	-1.714387536619501e-13	NaN	NaN	NaN	NaN	NaN	0	NaN	NaN	NaN	NaN	0	0.08345071759134122	2.2041760354630355	2.2041760354630355	0	0	NaN	NaN	NaN	NaN	9	302.259897869534	301.39307366684955	94869.60382034635	1.0966079702269729	1005.7842346422432	0.026412906911800354	NaN	NaN	NaN	NaN	NaN	NaN	NaN	NaN	-0.6961941539659349	0.5103874964830661	0.1728970021746497	0.8803834789133512	6.8845445536469e-14	-2.0543712338279334e-15	0.8803834789133512	5.436399621852501	188.24554784751874	143.75445215248126	11.325834797471282	NaN	0.4296117413782996	0.6100382994755464	-179.94357886768265	-0.016116162734167067	NaN	0.0780257563374022	0	83.53068419802231	-12.676103590492017	28.673380836107555	71.40077250844035	108.89068319341533	152.72073145931276	228.8034850869757	0.1995571505072188	1.0142298506429683	36.39552075414708	1.0158332257907758	NaN	1	NaN	1	NaN	1	-0.012899419468024378	1.1491408273116108	NaN	NaN	800009909	800009909	800009909	800009919	800009919	810009919	899999999	899999999	89999	89999	89	89	15	15	2	6	0	0	1	NaN	0	0	0	0	0	0	0	0	0	NaN	NaN	NaN	NaN	0	2	0	0	0	0	0	0	5278	0	0	0	18000	18000	18000	18000	6	NaN	0.5638512675614291	0.5026136490802218	0.15361168230944197	0.09237419285223485	NaN	NaN	3.311743317344609e-8	NaN	0.03299831133833606	NaN	NaN	-0.000012899419468024378	NaN	NaN	NaN	95258.51047916667	11.65999984741211	NaN	0	0	0	0	0.0002975276853669332	-1	0	2.085934948527151	80.14211941645584	1.0000087947398424	-273.1499938964844	9.0001614493529	-273.1499938964844	050
DATA	2025-08-21T173000_AIU-0547.ghg	2025-08-21	18:00:00	233.749	1	18000	18000	0.11826474903206048	1	NaN	-18.70991362563803	2	NaN	NaN	NaN	NaN	NaN	NaN	NaN	NaN	NaN	NaN	0.0038944220565513958	2	NaN	NaN	NaN	NaN	NaN	NaN	NaN	NaN	NaN	NaN	NaN	NaN	-2.4032372247855782e-12	NaN	NaN	NaN	NaN	NaN	0	NaN	NaN	NaN	NaN	0	0.08407412015170686	2.206959268449523	2.206959268449523	0	1	NaN	NaN	NaN	NaN	9	301.50656631893594	299.62035683525926	94896.31542013888	1.1034066878922402	1005.7310355205258	0.02625016193410283	NaN	NaN	NaN	NaN	NaN	NaN	NaN	NaN	-0.3786135643728728	0.01141074568156095	0.2001615718142605	0.428419293537559	-2.7799221300774507e-14	-2.858474427623003e-14	0.428419293537559	3.2801173487091817	153.72627129601844	178.27372870398156	27.8533122650387	NaN	0.32738580968504694	0.2584249328752873	157.380301854326	0.018426702489643787	NaN	-0.0514984866911835	0	69.62295222413059	-10.56555160708059	23.899306503033326	59.51265239652924	90.7605499274432	127.29296176742864	190.7080525422327	0.11667540323298951	1.013621943914753	-18.42062446190084	1.0157046339191989	NaN	1	NaN	1	NaN	1	0.003298292490643299	1.1807388421734022	NaN	NaN	800009909	800009909	800009909	800009909	800009909	800109919	899999999	899999999	89999	89999	89	89	16	7	1	2	0	0	3	NaN	0	0	0	0	0	0	0	0	0	NaN	NaN	NaN	NaN	0	0	0	0	0	0	0	0	3713	0	0	0	18000	18000	18000	18000	6	NaN	0.17731594423906766	0.19888847585096053	0.1406454456605464	0.23405389810311888	NaN	NaN	3.2008515514106316e-8	NaN	-0.016599189567435762	NaN	NaN	0.000003298292490643299	NaN	NaN	NaN	95275.17343359375	11.65336469554901	NaN	0	0	0	0	0.0002957614967405486	-1	0	2.0844769705600212	84.36367864686383	1.0000053754374385	-273.1499938964844	9.000155306021373	-273.1499938964844	117
DATA	2025-08-21T180000_AIU-0547.ghg	2025-08-21	18:30:00	233.77	1	18000	18000	0.10803100263660485	1	NaN	-7.398538045640411	1	NaN	NaN	NaN	NaN	NaN	NaN	NaN	NaN	NaN	NaN	0.01141740819959246	2	NaN	NaN	NaN	NaN	NaN	NaN	NaN	NaN	NaN	NaN	NaN	NaN	1.6227311172285716e-12	NaN	NaN	NaN	NaN	NaN	0	NaN	NaN	NaN	NaN	0	0.08300884656401142	2.1720415436554634	2.1720415436554634	0	1	NaN	NaN	NaN	NaN	9	300.6707641465929	298.66527202860516	94896.6756547309	1.106939411847328	1005.7031479444995	0.0261663862776423	NaN	NaN	NaN	NaN	NaN	NaN	NaN	NaN	-0.20456893872749557	-0.04773254464870257	0.19435675809124048	0.2861841992955954	-5.969515072003611e-14	1.954889369504995e-14	0.2861841992955954	3.19456908934949	138.8660328682854	193.1339671317146	42.77582721794738	NaN	0.31240090128274456	0.3221347779705668	345.79814582677636	0.008386395459311462	NaN	-0.02127355024060928	0	58.83153076139883	-8.927911766540586	20.19496072477645	50.28830763866057	76.69284215051147	107.56280158620578	161.14867728484825	0.1060723914701132	1.0184648534773868	-7.270924351038643	1.017551233989051	NaN	1	NaN	1	NaN	1	0.009703290822687368	1.176653200262461	NaN	NaN	800009909	800009909	800009909	800009909	800109919	811109919	899999999	899999999	89999	89999	89	89	13	20	5	5	0	0	3	NaN	0	0	0	0	0	0	0	0	0	NaN	NaN	NaN	NaN	0	0	0	0	0	0	0	0	15441	0	0	0	18000	18000	18000	18000	6	NaN	0.12457766260818189	0.3245788771493061	0.19511301618364554	0.044964256683368405	NaN	NaN	9.923258573074803e-8	NaN	-0.006531244861840144	NaN	NaN	0.000009703290822687367	NaN	NaN	NaN	95277.96874457465	11.649999618530273	NaN	0	0	0	0	0.00029383294847987917	-1	0	2.049085226549044	82.62767559837413	1.0000269552684493	-273.1499938964844	9.000330918921364	-273.1499938964844	209
DATA	2025-08-21T183000_AIU-0547.ghg	2025-08-21	19:00:00	233.791	0	18000	18000	0.15461422958571913	1	NaN	8.790307811439554	2	NaN	NaN	NaN	NaN	NaN	NaN	NaN	NaN	NaN	NaN	0.06742127940102344	1	NaN	NaN	NaN	NaN	NaN	NaN	NaN	NaN	NaN	NaN	NaN	NaN	-2.7670439351092893e-13	NaN	NaN	NaN	NaN	NaN	0	NaN	NaN	NaN	NaN	0	0.0844225487622623	2.2052017211773083	2.2052017211773083	0.6	0	NaN	NaN	NaN	NaN	9	300.216579510159	298.17649367099347	94905.97615212674	1.1088625997520323	1005.6890858658772	0.02612100384918792	NaN	NaN	NaN	NaN	NaN	NaN	NaN	NaN	-0.2035132531829215	0.03038709939421154	0.2576562558864083	0.32973893647565244	4.4999732077784836e-14	-3.2776124100462896e-15	0.32973893647565244	2.952420081814295	160.49224504744654	171.50775495255348	51.38845037939868	NaN	0.37340992975692394	0.405572901130403	-497.0608502236529	-0.0058342957380271305	NaN	0.021109441728156902	0	56.728289799195295	-8.608736836170635	19.47298616323214	48.49048889798415	73.95105513543346	103.7174063129977	155.38757444281924	0.15007875083998898	1.0302206589563487	8.566129525670254	1.0261703124027604	NaN	1	NaN	1	NaN	1	0.05795584073801486	1.1633215659107838	NaN	NaN	800009909	800009909	800009909	800009909	800009919	800109919	899999999	899999999	89999	89999	89	89	10	13	8	16	0	0	0	NaN	0	0	0	0	0	0	0	0	0	NaN	NaN	NaN	NaN	0	0	0	0	0	0	0	0	16511	0	0	0	18000	18000	18000	18000	6	NaN	0.15336694600298933	0.3524558319810962	0.3053230242767205	0.047815835597586925	NaN	NaN	2.8955010636790326e-7	NaN	0.007681449226943885	NaN	NaN	0.00005795584073801486	NaN	NaN	NaN	95288.13990277778	11.66980019244961	NaN	0	0	0	0	0.0002933601531969746	-1	0	2.0792806754112236	82.06219439749002	1.000033763880531	-273.1499938964844	9.000385450734033	-273.1499938964844	251
DATA	2025-08-21T190000_AIU-0547.ghg	2025-08-21	19:30:00	233.812	0	18000	18000	0.23742928019346332	1	NaN	8.212746799715411	2	NaN	NaN	NaN	NaN	NaN	NaN	NaN	NaN	NaN	NaN	-0.4032565983559795	2	NaN	NaN	NaN	NaN	NaN	NaN	NaN	NaN	NaN	NaN	NaN	NaN	1.6952368394442557e-12	NaN	NaN	NaN	NaN	NaN	0	NaN	NaN	NaN	NaN	0	0.08490198092634992	2.2140978897563404	2.2140978897563404	0.8	0	NaN	NaN	NaN	NaN	9	299.8054440756903	297.7885823369803	94937.77903976511	1.110679111249199	1005.6780268094049	0.0260782830459163	NaN	NaN	NaN	NaN	NaN	NaN	NaN	NaN	-0.06455435578983426	0.11402830726060609	0.25229782497847253	0.28429546636731623	1.4448374363013392e-14	1.9966988060205876e-14	0.28429546636731623	3.180225049753271	212.48468437856533	119.51531562143471	62.55446199829134	NaN	0.4623521014506371	0.5793221265600849	-1010.1485485546003	-0.0028708648882875168	NaN	0.01590259623531274	0	57.498991764847915	-8.725693832845634	19.73754320816076	49.14927334647396	74.95574298618148	105.12649530899546	157.4986465284574	0.22962292333401405	1.033996417892886	7.983858131475391	1.028668929791933	NaN	1	NaN	1	NaN	1	-0.34554281404100795	1.1670235408458596	NaN	NaN	800009909	800009909	800009909	800009919	800009919	800119919	899999999	899999999	89999	89999	89	89	12	9	7	18	0	0	2	NaN	0	0	0	0	0	0	0	0	0	NaN	NaN	NaN	NaN	0	832	0	0	0	0	0	0	16104	0	0	0	18000	18000	18000	18000	6	NaN	0.15268048559550146	0.553397525366224	0.4525662421584442	0.08471620303646164	NaN	NaN	0.0000043615780723132454	NaN	0.007147682383490511	NaN	NaN	-0.00034554281404100795	NaN	NaN	NaN	95323.50469921876	11.666697778489855	NaN	0	0	0	0	0.0002929420542010727	-1	0	2.098414159841004	73.59171633149435	1.0000312634292576	-273.1499938964844	9.000419058243434	-273.1499938964844	107
DATA	2025-08-21T193000_AIU-0547.ghg	2025-08-21	20:00:00	233.833	0	18000	18000	0.22820269305470162	1	NaN	87.24350096873141	1	NaN	NaN	NaN	NaN	NaN	NaN	NaN	NaN	NaN	NaN	NaN	NaN	NaN	NaN	NaN	NaN	NaN	NaN	NaN	NaN	NaN	NaN	NaN	NaN	NaN	NaN	NaN	NaN	NaN	NaN	0	NaN	NaN	NaN	NaN	0	NaN	NaN	NaN	NaN	0	NaN	NaN	NaN	NaN	9	298.6421947191025	298.6421947191025	95141.6562168046	1.1098827904347783	1005.7024808190869	0.026096993742012124	NaN	NaN	NaN	3252.328263352609	NaN	NaN	NaN	NaN	0.3746966637659902	0.46406952560094733	0.24721642245486794	0.6456578613786419	2.5160412386870946e-13	4.131830469450906e-14	0.6456578613786419	6.380630923283032	280.9179242418977	51.082075758102285	22.5128576809262	NaN	0.45344208335331754	1.0306736321927994	-89.83866876558322	-0.032280086513380934	NaN	0.1723711670948385	0	89.54891456177039	-13.589393266672129	30.739244570326317	76.5450653061227	116.73605429525288	163.7239759803724	245.28835043319322	0.22419377164233933	1.0178815021621466	85.6911579746605	1.0181155562692938	NaN	1	NaN	1	NaN	1	NaN	1	NaN	NaN	800009909	800009919	800009909	800009919	800009909	810109909	899999999	899999999	89999	89999	89	89	16	3	1	11	0	0	0	NaN	0	0	0	0	0	0	0	0	0	NaN	NaN	NaN	NaN	0	8025	0	0	0	0	101	0	16206	0	0	16	18000	18000	18000	18000	6	NaN	0.7436409102690363	1.1738993991029458	0.14380695501361657	0.595683913528939	NaN	NaN	NaN	NaN	0.07676961680453176	NaN	NaN	NaN	NaN	NaN	NaN	95375.29031011285	11.65999984741211	NaN	0	0	0	0	0.0002916980330806433	-1	0	2.506090847253727	36.559961286267445	1.0000470540473858	-273.1499938964844	9.000500161859724	-273.1499938964844	166
DATA	2025-08-21T200000_AIU-0547.ghg	2025-08-21	20:30:00	233.854	0	18000	18000	0.1511221688056003	1	NaN	47.23187424475662	1	NaN	NaN	NaN	NaN	NaN	NaN	NaN	NaN	NaN	NaN	NaN	NaN	NaN	NaN	NaN	NaN	NaN	NaN	NaN	NaN	NaN	NaN	NaN	NaN	NaN	NaN	NaN	NaN	NaN	NaN	0	NaN	NaN	NaN	NaN	0	NaN	NaN	NaN	NaN	0	NaN	NaN	NaN	NaN	9	297.26946339925126	297.26946339925126	95141.6562168046	1.115008008647143	1005.6633670934154	0.025977036946565592	NaN	NaN	NaN	2996.524326410471	NaN	NaN	NaN	NaN	0.23277526117374933	-0.31444539902145974	0.15279640152661078	0.42000829932235784	5.29361201225621e-14	5.0029044417915294e-14	0.42000829932235784	4.101914655283605	25.488474015101815	306.51152598489824	21.33336792632541	NaN	0.36815024637697547	0.4092705453661557	-88.80841865314669	-0.03265456185326689	NaN	0.11441407840552656	0	76.6049520250156	-11.62509701359252	26.29600109748684	65.4807608134931	99.86229182832733	140.05828419807122	209.83283168964073	0.14744276925137562	1.024954764298761	46.18332449557677	1.0227040768639397	NaN	1	NaN	1	NaN	1	NaN	1	NaN	NaN	800009909	800009919	800009909	800009919	800009919	800019919	899999999	899999999	89999	89999	89	89	12	13	1	36	0	0	0	NaN	0	0	0	0	0	0	0	0	0	NaN	NaN	NaN	NaN	0	17637	0	0	0	0	101	0	17505	0	0	11	18000	18000	18000	18000	6	NaN	0.3887720584495971	0.28971515500851625	0.1400538772741981	0.07547363007674814	NaN	NaN	NaN	NaN	0.04118647036506635	NaN	NaN	NaN	NaN	NaN	NaN	95424.79713498263	11.646730176448823	NaN	0	0	0	0	0.00028944993069227265	-1	0	22.785407323493295	1.2544482598925846	1.000083136867318	-295.19474482218203	9.0008174270259	-285.18174440171845	209
DATA	2025-08-21T203000_AIU-0547.ghg	2025-08-21	21:00:00	233.874	0	18000	18000	0.1398232682304556	1	NaN	-83.26086099651036	2	NaN	NaN	NaN	NaN	NaN	NaN	NaN	NaN	NaN	NaN	NaN	NaN	NaN	NaN	NaN	NaN	NaN	NaN	NaN	NaN	NaN	NaN	NaN	NaN	NaN	NaN	NaN	NaN	NaN	NaN	0	NaN	NaN	NaN	NaN	0	NaN	NaN	NaN	NaN	0	NaN	NaN	NaN	NaN	9	298.80142343817823	298.80142343817823	95182.27412815181	1.1097649224767374	1005.7070902925642	0.02609976549961689	NaN	NaN	NaN	3283.197692628308	NaN	NaN	NaN	NaN	-0.14150366646442278	0.05887821366118248	0.21248082644827948	0.26198861287266556	-5.36225236549117e-14	-5.811043759023952e-14	0.26198861287266556	1.9302861000228417	174.59169008303985	157.40830991696015	54.196763031955605	NaN	0.3549557598266625	0.20983758295666433	45.169683887629894	0.06420235322466336	NaN	-0.21016682547297394	0	67.08435561174862	-10.180309777183213	23.027888434871446	57.34269819405099	87.45123285278062	122.6515975161313	183.75444312648776	0.137366939096778	1.0178815161044468	-81.63489420305358	1.0199175464037775	NaN	1	NaN	1	NaN	1	NaN	1	NaN	NaN	800009909	800009919	800009909	800009919	800009919	800009919	899999999	899999999	89999	89999	89	89	2	26	0	11	0	0	0	NaN	0	0	0	0	0	0	0	0	0	NaN	NaN	NaN	NaN	0	17820	0	0	0	0	101	0	17406	0	0	21	18000	18000	18000	18000	6	NaN	0.07524548762216032	0.1630108397163045	0.18141883857486382	0.8156763968907673	NaN	NaN	NaN	NaN	-0.07314309425223234	NaN	NaN	NaN	NaN	NaN	NaN	95486.88999348959	11.640000343322754	NaN	0	0	0	0	0.0002885694752266216	-1	0	28.82177273429762	0.4758497861035163	1.0000868567758137	-273.1499938964844	9.000885320425034	-273.1499938964844	211
DATA	2025-08-21T210000_AIU-0547.ghg	2025-08-21	21:30:00	233.895	0	18000	18000	0.1269168878792281	1	NaN	51.06694290227977	1	NaN	NaN	NaN	NaN	NaN	NaN	NaN	NaN	NaN	NaN	NaN	NaN	NaN	NaN	NaN	NaN	NaN	NaN	NaN	NaN	NaN	NaN	NaN	NaN	NaN	NaN	NaN	NaN	NaN	NaN	0	NaN	NaN	NaN	NaN	0	NaN	NaN	NaN	NaN	0	NaN	NaN	NaN	NaN	9	298.1696268556382	298.1696268556382	95182.27412815181	1.1121164218324482	1005.6888893203925	0.026044579207470043	NaN	NaN	NaN	3162.19738174662	NaN	NaN	NaN	NaN	-0.10766021112452592	0.29525684154526655	0.16687444593584003	0.35582917846215867	-5.745146309168557e-14	-1.3470363942850131e-14	0.35582917846215867	2.7841075995455493	221.96650582095538	110.03349417904464	27.967683116872156	NaN	0.3378193953563887	0.35548553725486565	-63.485023778065205	-0.04568006479981792	NaN	0.13515788080541577	0	70.83891587862666	-10.750078782868172	24.316707477094265	60.55203983967988	92.34568135965496	129.5161311395643	194.03876537619252	0.12340601194886539	1.0284497965286934	49.82132662017101	1.025001668293683	NaN	1	NaN	1	NaN	1	NaN	1	NaN	NaN	800009909	800009919	800009909	800009919	800009919	800009919	899999999	899999999	89999	89999	89	89	12	20	0	18	0	0	0	NaN	0	0	0	0	0	0	0	0	0	NaN	NaN	NaN	NaN	0	17844	0	0	0	0	101	0	17703	0	0	21	18000	18000	18000	18000	6	NaN	0.2197346808280136	0.3478273786162575	0.14340901506546028	0.13634698765633838	NaN	NaN	NaN	NaN	0.04454524805539557	NaN	NaN	NaN	NaN	NaN	NaN	95501.21649913196	11.679518129810946	NaN	0	0	0	0	0.0002884411107806955	-1	0	19.074169095340988	0.5904490502116664	1.0000885959913333	-273.1499938964844	9.000917009274165	-273.1499938964844	052
DATA	2025-08-21T213000_AIU-0547.ghg	2025-08-21	22:00:00	233.916	0	18000	18000	0.06044146081120287	1	NaN	-25.51359807376948	2	NaN	NaN	NaN	NaN	NaN	NaN	NaN	NaN	NaN	NaN	NaN	NaN	NaN	NaN	NaN	NaN	NaN	NaN	NaN	NaN	NaN	NaN	NaN	NaN	NaN	NaN	NaN	NaN	NaN	NaN	0	NaN	NaN	NaN	NaN	0	NaN	NaN	NaN	NaN	0	NaN	NaN	NaN	NaN	9	299.0846961415608	299.0846961415608	95177.63120363244	1.1086597462609624	1005.7153279469503	0.0261257832567915	NaN	NaN	NaN	3338.747168959241	NaN	NaN	NaN	NaN	-0.18278195535160457	0.277343028278738	0.16125439696721527	0.36923079378384716	1.2412328906637919e-14	1.899484977778095e-14	0.36923079378384716	3.066613302598726	208.61325986879768	123.3867401312023	25.89546774016878	NaN	0.2334900276031853	0.24434563339484966	41.95531599188341	0.06912115738947189	NaN	-0.09800089110527631	0	71.771197112864	-10.89155605692771	24.636729456230366	61.348939816721426	93.56100410601059	131.22063857159952	196.592428111302	0.05958368270852889	1.014396191434995	-25.05415110849517	1.018338157349044	NaN	1	NaN	1	NaN	1	NaN	1	NaN	NaN	800009909	800009919	800009909	800009919	800009919	801109919	899999999	899999999	89999	89999	89	89	17	1	2	18	0	0	0	NaN	0	0	0	0	0	0	0	0	0	NaN	NaN	NaN	NaN	0	16610	0	0	0	0	101	0	17604	0	0	16	18000	18000	18000	18000	6	NaN	0.15992099185598196	0.2624649732369139	0.06630530169680346	1.4903055508216008	NaN	NaN	NaN	NaN	-0.022470169269582466	NaN	NaN	NaN	NaN	NaN	NaN	95534.32956857639	11.666791428883872	NaN	0	0	0	0	0.00028862707554556743	-1	0	31.972589152720765	2.928979774750802	1.0000799810489018	-273.1499938964844	9.000870222356584	-273.1499938964844	045
DATA	2025-08-21T220000_AIU-0547.ghg	2025-08-21	22:30:00	233.937	0	18000	18000	0.053494181184887024	1	NaN	-18.925846447708253	2	NaN	NaN	NaN	NaN	NaN	NaN	NaN	NaN	NaN	NaN	NaN	NaN	NaN	NaN	NaN	NaN	NaN	NaN	NaN	NaN	NaN	NaN	NaN	NaN	NaN	NaN	NaN	NaN	NaN	NaN	0	NaN	NaN	NaN	NaN	0	NaN	NaN	NaN	NaN	0	NaN	NaN	NaN	NaN	9	300.0921214820014	300.0921214820014	95191.56065667052	1.1050996261187505	1005.7450107037095	0.026209948453308877	NaN	NaN	NaN	3542.9953881811807	NaN	NaN	NaN	NaN	0.03871325101033328	0.4827660572873936	0.27616272775763634	0.5575191782127826	3.9255499707285535e-14	-3.939706730807749e-14	0.5575191782127826	1.8822602959186374	246.58476647101546	85.41523352898454	29.692312182552868	NaN	0.2200151344388924	0.11584417211058498	47.32757462072883	0.06127506053796045	NaN	-0.07739509492252657	0	71.91701527650426	-10.913684525830194	24.68678411313904	61.47358298982167	93.75109280950012	131.4872406810519	196.9918466525267	0.052884867490667065	1.0115215131119972	-18.618868502329025	1.0164874651400448	NaN	1	NaN	1	NaN	1	NaN	1	NaN	NaN	800009909	800009919	800009909	800009919	800009919	800009919	899999999	899999999	89999	89999	89	89	16	5	0	18	0	0	0	NaN	0	0	0	0	0	0	0	0	0	NaN	NaN	NaN	NaN	0	17766	0	0	0	0	101	0	17208	0	0	16	18000	18000	18000	18000	6	NaN	0.10493352106767913	0.06817972392364381	0.05857509922984702	0.3136918049023723	NaN	NaN	NaN	NaN	-0.016751895914372643	NaN	NaN	NaN	NaN	NaN	NaN	95570.29843880209	11.640000343322754	NaN	0	0	0	0	0.0002883803409381977	-1	0	34.38817094332622	0.552028619913148	1.000096201247639	-273.1499938964844	9.00096641116672	-273.1499938964844	024
DATA	2025-08-21T223000_AIU-0547.ghg	2025-08-21	23:00:00	233.958	0	18000	18000	0.04955431249704618	1	NaN	18.203039227003202	0	NaN	NaN	NaN	NaN	NaN	NaN	NaN	NaN	NaN	NaN	NaN	NaN	NaN	NaN	NaN	NaN	NaN	NaN	NaN	NaN	NaN	NaN	NaN	NaN	NaN	NaN	NaN	NaN	NaN	NaN	0	NaN	NaN	NaN	NaN	0	NaN	NaN	NaN	NaN	0	NaN	NaN	NaN	NaN	9	300.51756307050914	300.51756307050914	95191.56065667052	1.103535140716994	1005.7577271179546	0.026247106383512485	NaN	NaN	NaN	3632.4668878885013	NaN	NaN	NaN	NaN	0.044926222235649495	0.5367796587349449	0.28853574848876246	0.6110676277073837	-2.3089235739997622e-14	1.4440611061180731e-15	0.6110676277073837	1.91084939317909	246.78426769811364	85.21573230188635	28.176093645392005	NaN	0.21190814216736598	0.15162286628035976	-43.965944828267816	-0.06596014281798059	NaN	0.07739567920081393	0	72.97823731306774	-11.074729064099524	25.05106729719531	62.38069962535627	95.13450291431094	133.42749302329904	199.8986982214807	0.0486472337536489	1.0186460498039982	17.87056540737672	1.0186045495510312	NaN	1	NaN	1	NaN	1	NaN	1	NaN	NaN	800009909	800009919	800009909	800009919	800009919	800009919	899999999	899999999	89999	89999	89	89	3	1	0	29	0	0	0	NaN	0	0	0	0	0	0	0	0	0	NaN	NaN	NaN	NaN	0	17734	0	0	0	0	101	0	17703	0	0	21	18000	18000	18000	18000	6	NaN	0.13532869651756063	0.11553300413106282	0.05238403191209608	0.04241521586821168	NaN	NaN	NaN	NaN	0.016101218670636092	NaN	NaN	NaN	NaN	NaN	NaN	95588.98846831598	11.659905166149137	NaN	0	0	0	0	0.00028803316023873367	-1	0	14.01818675882732	0.7137091744761044	1.0000827239784928	-273.1499938964844	9.000896738423242	-273.1499938964844	187
DATA	2025-08-21T230000_AIU-0547.ghg	2025-08-21	23:30:00	233.979	0	18000	18000	0.02760620302514399	1	NaN	27.93425122359537	1	NaN	NaN	NaN	NaN	NaN	NaN	NaN	NaN	NaN	NaN	NaN	NaN	NaN	NaN	NaN	NaN	NaN	NaN	NaN	NaN	NaN	NaN	NaN	NaN	NaN	NaN	NaN	NaN	NaN	NaN	0	NaN	NaN	NaN	NaN	0	NaN	NaN	NaN	NaN	0	NaN	NaN	NaN	NaN	9	300.7075210630629	300.7075210630629	95260.07679157711	1.1036318246612076	1005.7634396971157	0.026244806999141133	NaN	NaN	NaN	3673.046773127172	NaN	NaN	NaN	NaN	-0.1260775500457357	0.3261502548542122	0.26566682447705264	0.4391450773886921	-3.79962941460049e-15	-1.5952282068772465e-14	0.4391450773886921	1.7662017189552575	220.86535333132338	111.13464666867662	37.22622875503433	NaN	0.15815802427264875	0.08914622497050091	-11.917347957722743	-0.24334273114184993	NaN	0.15912035662337679	1	2.6741727425379143	1	2	4	6	11	28	0.026956684133706776	1.0240949104947612	27.3291575223694	1.0221409569881799	NaN	1	NaN	1	NaN	1	NaN	1	NaN	NaN	800009909	800009919	800009909	800009919	800009919	800009919	899999999	899999999	89999	89999	89	89	5	15	0	28	0	0	0	NaN	0	0	0	0	0	0	0	0	0	NaN	NaN	NaN	NaN	0	17974	0	0	0	0	101	0	17505	0	0	16	18000	18000	18000	18000	6	NaN	0.04667089493704363	0.08690928949484025	0.04471226550911795	0.06147506519713879	NaN	NaN	NaN	NaN	0.0246210281009252	NaN	NaN	NaN	NaN	NaN	NaN	95617.79147808159	11.670000076293945	NaN	0	0	0	0	0.00028807702280270566	-1	0	6.519117966466433	0.5985594803948041	1.0000701105379397	-273.1499938964844	9.000799751255247	-273.1499938964844	107
