DATAH	filename	date	time	DOY	daytime	file_records	used_records	Tau	qc_Tau	rand_err_Tau	H	qc_H	rand_err_H	LE	qc_LE	rand_err_LE	co2_flux	qc_co2_flux	rand_err_co2_flux	h2o_flux	qc_h2o_flux	rand_err_h2o_flux	ch4_flux	qc_ch4_flux	rand_err_ch4_flux	none_flux	qc_none_flux	rand_err_none_flux	H_strg	LE_strg	co2_strg	h2o_strg	ch4_strg	none_strg	co2_v-adv	h2o_v-adv	ch4_v-adv	none_v-adv	co2_molar_density	co2_mole_fraction	co2_mixing_ratio	co2_time_lag	co2_def_timelag	h2o_molar_density	h2o_mole_fraction	h2o_mixing_ratio	h2o_time_lag	h2o_def_timelag	ch4_molar_density	ch4_mole_fraction	ch4_mixing_ratio	ch4_time_lag	ch4_def_timelag	none_molar_density	none_mole_fraction	none_mixing_ratio	none_time_lag	none_def_timelag	sonic_temperature	air_temperature	air_pressure	air_density	air_heat_capacity	air_molar_volume	ET	water_vapor_density	e	es	specific_humidity	RH	VPD	Tdew	u_unrot	v_unrot	w_unrot	u_rot	v_rot	w_rot	wind_speed	max_wind_speed	wind_dir	yaw	pitch	roll	u*	TKE	L	(z-d)/L	bowen_ratio	T*	model	x_peak	x_offset	x_10%	x_30%	x_50%	x_70%	x_90%	un_Tau	Tau_scf	un_H	H_scf	un_LE	LE_scf	un_co2_flux	co2_scf	un_h2o_flux	h2o_scf	un_ch4_flux	ch4_scf	un_none_flux	un_none_scf	spikes_hf	amplitude_resolution_hf	drop_out_hf	absolute_limits_hf	skewness_kurtosis_hf	skewness_kurtosis_sf	discontinuities_hf	discontinuities_sf	timelag_hf	timelag_sf	attack_angle_hf	non_steady_wind_hf	u_spikes	v_spikes	w_spikes	ts_spikes	co2_spikes	h2o_spikes	ch4_spikes	none_spikes	head_detect_LI-7200	t_out_LI-7200	t_in_LI-7200	aux_in_LI-7200	delta_p_LI-7200	chopper_LI-7200	detector_LI-7200	pll_LI-7200	sync_LI-7200	chopper_LI-7500	detector_LI-7500	pll_LI-7500	sync_LI-7500	not_ready_LI-7700	no_signal_LI-7700	re_unlocked_LI-7700	bad_temp_LI-7700	laser_temp_unregulated_LI-7700	block_temp_unregulated_LI-7700	motor_spinning_LI-7700	pump_on_LI-7700	top_heater_on_LI-7700	bottom_heater_on_LI-7700	calibrating_LI-7700	motor_failure_LI-7700	bad_aux_tc1_LI-7700	bad_aux_tc2_LI-7700	bad_aux_tc3_LI-7700	box_connected_LI-7700	mean_value_RSSI_LI-7200	mean_value_LI-7500	u_var	v_var	w_var	ts_var	co2_var	h2o_var	ch4_var	none_var	w/ts_cov	w/co2_cov	w/h2o_cov	w/ch4_cov	w/none_cov	co2_mean	h2o_mean	air_p_mean	vin_sf_mean	dew_point_mean	avg_signal_strength_7200_mean	co2_signal_strength_7200_mean	h2o_signal_strength_7200_mean	delta_signal_strength_7200_mean	flowrate_mean	hit_power_mean	hit_vin_mean	ch4_mean	rssi_77_mean	ch4_aux-1_mean	ch4_aux-2_mean	ch4_aux-3_mean	ch4_aux-4_mean	CHK
DATAU		[yyyy-mm-dd]	[HH:MM]	[ddd.ddd]	[1=daytime]	[#]	[#]	[kg+1m-1s-2]	[#]	[kg+1m-1s-2]	[W+1m-2]	[#]	[W+1m-2]	[W+1m-2]	[#]	[W+1m-2]	[µmol+1s-1m-2]	[#]	[µmol+1s-1m-2]	[mmol+1s-1m-2]	[#]	[mmol+1s-1m-2]	[µmol+1s-1m-2]	[#]	[µmol+1s-1m-2]	[µmol+1s-1m-2]	[#]	[µmol+1s-1m-2]	[W+1m-2]	[W+1m-2]	[µmol+1s-1m-2]	[mmol+1s-1m-2]	[µmol+1s-1m-2]	[µmol+1s-1m-2]	[µmol+1s-1m-2]	[mmol+1s-1m-2]	[µmol+1s-1m-2]	[µmol+1s-1m-2]	[mmol+1m-3]	[µmol+1mol_a-1]	[µmol+1mol_d-1]	[s]	[1=default]	[mmol+1m-3]	[mmol+1mol_a-1]	[mmol+1mol_d-1]	[s]	[1=default]	[mmol+1m-3]	[µmol+1mol_a-1]	[µmol+1mol_d-1]	[s]	[1=default]	[mmol+1m-3]	[µmol+1mol_a-1]	[µmol+1mol_d-1]	[s]	[1=default]	[K]	[K]	[Pa]	[kg+1m-3]	[J+1kg-1K-1]	[m+3mol-1]	[mm]	[kg+1m-3]	[Pa]	[Pa]	[kg+1kg-1]	[%]	[Pa]	[K]	[m+1s-1]	[m+1s-1]	[m+1s-1]	[m+1s-1]	[m+1s-1]	[m+1s-1]	[m+1s-1]	[m+1s-1]	[deg_from_north]	[deg]	[deg]	[deg]	[m+1s-1]	[m+2s-2]	[m]	[#]	[#]	[K]	[0=KJ/1=KM/2=HS]	[m]	[m]	[m]	[m]	[m]	[m]	[m]	[kg+1m-1s-2]	[#]	[W+1m-2]	[#]	[W+1m-2]	[#]	[µmol+1s-1m-2]	[#]	[mmol+1s-1m-2]	[#]	[µmol+1s-1m-2]	[#]	[µmol+1s-1m-2]	[#]	8u/v/w/ts/co2/h2o/ch4/none	8u/v/w/ts/co2/h2o/ch4/none	8u/v/w/ts/co2/h2o/ch4/none	8u/v/w/ts/co2/h2o/ch4/none	8u/v/w/ts/co2/h2o/ch4/none	8u/v/w/ts/co2/h2o/ch4/none	8u/v/w/ts/co2/h2o/ch4/none	8u/v/w/ts/co2/h2o/ch4/none	8co2/h2o/ch4/none	8co2/h2o/ch4/none	8aa	8U	[#]	[#]	[#]	[#]	[#]	[#]	[#]	[#]	[#_flagged_recs]	[#_flagged_recs]	[#_flagged_recs]	[#_flagged_recs]	[#_flagged_recs]	[#_flagged_recs]	[#_flagged_recs]	[#_flagged_recs]	[#_flagged_recs]	[#_flagged_recs]	[#_flagged_recs]	[#_flagged_recs]	[#_flagged_recs]	[#_flagged_recs]	[#_flagged_recs]	[#_flagged_recs]	[#_flagged_recs]	[#_flagged_recs]	[#_flagged_recs]	[#_flagged_recs]	[#_flagged_recs]	[#_flagged_recs]	[#_flagged_recs]	[#_flagged_recs]	[#_flagged_recs]	[#_flagged_recs]	[#_flagged_recs]	[#_flagged_recs]	[#_flagged_recs]	[#]	[#]	[m+2s-2]	[m+2s-2]	[m+2s-2]	[K+2]	--	--	--	--	[m+1s-1K+1]	--	--	--	--	--	--	--	--	--	--	--	--	--	--	--	--	--	--	--	--	--	--	207
DATA	2025-08-28T233000_AIU-0547.ghg	2025-08-29	00:00:00	241	0	18000	18000	0.02909474693702693	0	NaN	41.81736548857246	0	NaN	NaN	NaN	NaN	NaN	NaN	NaN	NaN	NaN	NaN	-0.007394742654170549	0	NaN	NaN	NaN	NaN	NaN	NaN	NaN	NaN	NaN	NaN	NaN	NaN	5.120047715869821e-13	NaN	NaN	NaN	NaN	NaN	0	NaN	NaN	NaN	NaN	0	0.08940452292237293	2.242333299915293	2.242333299915293	0	0	NaN	NaN	NaN	NaN	9	289.2655566491021	288.1460820456611	95517.30546354166	1.1548535730542129	1005.431877440699	0.025080759078175932	NaN	NaN	NaN	NaN	NaN	NaN	NaN	NaN	1.2556953900333332	0.32807657064674867	0.35088694414476296	1.3444429316001383	2.363123569049108e-14	5.726832992907298e-15	1.3444429316001383	3.1887026012058444	317.3576025045545	14.642397495445453	15.128847928992087	NaN	0.15872445000000784	0.27953247292622935	-8.059549773029907	-0.35982158826097477	NaN	0.22689935684512963	1	15.857874194502358	7	13	21	33	53	127	0.02878517483718072	1.0107545672936593	41.24417402648792	1.0138975134213242	NaN	1	NaN	1	NaN	1	-0.006441780243052149	1.1479346353279014	NaN	NaN	800009909	800009909	800009909	800009909	800009919	800019919	899999999	899999999	89999	89999	89	89	7	0	0	39	0	0	5	NaN	0	0	0	0	0	0	0	0	0	NaN	NaN	NaN	NaN	0	0	0	0	0	0	0	0	15323	0	0	0	18000	18000	18000	18000	6	NaN	0.21429950809957543	0.29274297452795267	0.0520224632249305	0.11850612878438448	NaN	NaN	6.142606484159409e-8	NaN	0.03552082448557395	NaN	NaN	-0.000006441780243052149	NaN	NaN	NaN	95908.13612087673	11.6633021452162	NaN	0	0	0	0	0.0002809161638013191	-1	0	2.1019289075239938	70.21874324464791	1.000182090494368	-273.1499938964844	9.001145675632689	-273.1499938964844	121
DATA	2025-08-29T000000_AIU-0547.ghg	2025-08-29	00:30:00	241.02	0	18000	18000	0.02844457783986391	0	NaN	44.24136400083269	0	NaN	NaN	NaN	NaN	NaN	NaN	NaN	NaN	NaN	NaN	-0.015415674554087226	0	NaN	NaN	NaN	NaN	NaN	NaN	NaN	NaN	NaN	NaN	NaN	NaN	-8.676673595233017e-13	NaN	NaN	NaN	NaN	NaN	0	NaN	NaN	NaN	NaN	0	0.08944515955307246	2.2431600888119823	2.2431600888119823	-0.1	0	NaN	NaN	NaN	NaN	9	289.2050819880168	288.0979922739665	95509.55592230902	1.15495263143855	1005.4307883578392	0.025078607942792017	NaN	NaN	NaN	NaN	NaN	NaN	NaN	NaN	1.237329584203101	0.2347883920492551	0.3647273488123937	1.3111583153673596	1.2331505080439605e-14	-9.700551308296001e-15	1.3111583153673596	3.3653540134149	321.2556303053441	10.744369694655905	16.151125924406372	NaN	0.15693422243929306	0.26588218352808285	-7.362660918796661	-0.3938793368300289	NaN	0.24276970773029005	1	15.237943662452125	7	12	20	31	51	120	0.02813736649680546	1.0109182692379306	43.631583659488975	1.0139756637325517	NaN	1	NaN	1	NaN	1	-0.013429286326979133	1.1479146530011415	NaN	NaN	800009909	800009909	800009909	800009909	800009909	800019919	899999999	899999999	89999	89999	89	89	16	1	0	17	0	0	3	NaN	0	0	0	0	0	0	0	0	0	NaN	NaN	NaN	NaN	0	0	0	0	0	0	0	0	15324	0	0	0	18000	18000	18000	18000	6	NaN	0.1877877460670046	0.28930065866248755	0.05467596232667351	0.13315230042461393	NaN	NaN	4.767118068633473e-8	NaN	0.03757375711979271	NaN	NaN	-0.000013429286326979133	NaN	NaN	NaN	95897.59969618055	11.670000076293945	NaN	0	0	0	0	0.00028156523895773316	-1	0	2.1023957357671526	68.59841561698909	1.0001789008246529	-273.1499938964844	9.001172870397568	-273.1499938964844	058
DATA	2025-08-29T003000_AIU-0547.ghg	2025-08-29	01:00:00	241.041	0	18000	18000	0.0401758645005973	1	NaN	50.2517669039183	0	NaN	NaN	NaN	NaN	NaN	NaN	NaN	NaN	NaN	NaN	-0.03304197674748021	1	NaN	NaN	NaN	NaN	NaN	NaN	NaN	NaN	NaN	NaN	NaN	NaN	5.247504710877118e-13	NaN	NaN	NaN	NaN	NaN	0	NaN	NaN	NaN	NaN	0	0.09056475961684113	2.2676245899029004	2.2676245899029004	0.1	0	NaN	NaN	NaN	NaN	9	288.66256163533524	287.59873280414865	95495.97546108342	1.1567930740130574	1005.4195629264298	0.025038708207217725	NaN	NaN	NaN	NaN	NaN	NaN	NaN	NaN	1.2148074102975017	0.3259097669389573	0.34087736212600395	1.3031391316010492	-1.1062543312471099e-14	5.7942015559673705e-15	1.3031391316010492	2.910185474759268	316.98226292142374	15.017737078576262	15.163935923862145	NaN	0.18636088983752533	0.2699586975101691	-10.8536140702263	-0.2671921058954268	NaN	0.2318427663496536	1	12.702231445484486	6	10	17	27	45	110	0.03974034817181979	1.010959046631764	49.55817648856121	1.0139954789401338	NaN	1	NaN	1	NaN	1	-0.028784421108872336	1.1479118034892684	NaN	NaN	800009909	800009909	800009909	800009919	800009919	800019919	899999999	899999999	89999	89999	89	89	7	0	0	40	0	0	9	NaN	0	0	0	0	0	0	0	0	0	NaN	NaN	NaN	NaN	0	65	0	0	0	0	0	0	15622	0	0	0	18000	18000	18000	18000	6	NaN	0.16439819433987862	0.3139420797668375	0.0615771209136221	0.16420640547393184	NaN	NaN	5.670460611673975e-7	NaN	0.04261007582053117	NaN	NaN	-0.000028784421108872335	NaN	NaN	NaN	95881.18531640625	11.683269747257233	NaN	0	0	0	0	0.00028092925284484713	-1	0	2.1251924957752215	68.79654478387783	1.0001588477177752	-287.90705701616173	9.001033657550812	-273.1499938964844	092
DATA	2025-08-29T010000_AIU-0547.ghg	2025-08-29	01:30:00	241.062	0	18000	18000	0.02649737857168408	0	NaN	47.31831118102658	0	NaN	NaN	NaN	NaN	NaN	NaN	NaN	NaN	NaN	NaN	-0.006930060622670018	1	NaN	NaN	NaN	NaN	NaN	NaN	NaN	NaN	NaN	NaN	NaN	NaN	-4.495012629361098e-13	NaN	NaN	NaN	NaN	NaN	0	NaN	NaN	NaN	NaN	0	0.09118117307566792	2.2783231770382306	2.2783231770382306	-0.1	0	NaN	NaN	NaN	NaN	9	287.9777231996324	286.98499819268125	95490.25702560764	1.1591975267422439	1005.4059666740253	0.024986771941917587	NaN	NaN	NaN	NaN	NaN	NaN	NaN	NaN	1.316013634320636	0.22489205975897356	0.3417900467564567	1.3781468573132207	9.604142090666898e-16	-4.929759595910059e-15	1.3781468573132207	2.941517677801861	322.3024649352634	9.69753506473655	14.359607099712278	NaN	0.15118988349619855	0.26193573124591596	-6.154260912692306	-0.4712182406857587	NaN	0.26853914356091524	1	16.48558523207824	7	13	22	33	54	125	0.026219516831983036	1.0105975156400329	46.6730628744722	1.0138248545695359	NaN	1	NaN	1	NaN	1	-0.006036812101290215	1.147966924660268	NaN	NaN	800009909	800009909	800009909	800009909	800009919	800019919	899999999	899999999	89999	89999	89	89	6	0	0	38	0	0	6	NaN	0	0	0	0	0	0	0	0	0	NaN	NaN	NaN	NaN	0	0	0	0	0	0	0	0	14924	17998	0	0	18000	18000	18000	18000	6	NaN	0.21174821044178185	0.25055434985868774	0.061568902191362324	0.1640717713213286	NaN	NaN	1.238023661876937e-7	NaN	0.040046761179851335	NaN	NaN	-0.000006036812101290215	NaN	NaN	NaN	95876.85343337673	11.6899995803833	NaN	0	0	0	0	0.0002800630995673903	-1	0	2.1323434202715204	70.44775356186764	1.0001674027062124	-273.14999389915147	9.001070363442103	-273.1499938964844	002
DATA	2025-08-29T013000_AIU-0547.ghg	2025-08-29	02:00:00	241.083	0	18000	18000	0.01792925488737774	0	NaN	47.10014635550392	0	NaN	NaN	NaN	NaN	NaN	NaN	NaN	NaN	NaN	NaN	-0.01481910162301987	0	NaN	NaN	NaN	NaN	NaN	NaN	NaN	NaN	NaN	NaN	NaN	NaN	-2.0685123290215332e-13	NaN	NaN	NaN	NaN	NaN	0	NaN	NaN	NaN	NaN	0	0.09178155136431103	2.289449298937923	2.289449298937923	-0.1	0	NaN	NaN	NaN	NaN	9	287.3704952223036	286.48105963897706	95483.93280208333	1.1611597219899692	1005.3949701988121	0.02494454784110534	NaN	NaN	NaN	NaN	NaN	NaN	NaN	NaN	1.2401110643846576	-0.0342701889135961	0.318469886110763	1.2808094964579464	-1.260485565409738e-14	-2.2537343270772692e-15	1.2808094964579464	2.907305491999796	333.5829530391619	358.41704696083815	14.397483713505567	NaN	0.12426108440201666	0.2501936414444775	-3.4323756877512466	-0.8448958575102722	NaN	0.32468217486357065	1	16.423465921619318	7	13	21	32	51	115	0.01773285157087831	1.0110756758840733	46.44743057799615	1.0140527854691919	NaN	1	NaN	1	NaN	1	-0.012909662903489381	1.147907713300119	NaN	NaN	800009909	800009909	800009909	800009909	800009919	800019919	899999999	899999999	89999	89999	89	89	5	2	3	34	0	0	6	NaN	0	0	0	0	0	0	0	0	0	NaN	NaN	NaN	NaN	0	0	0	0	0	0	0	0	13933	18000	0	0	18000	18000	18000	18000	6	NaN	0.17385245523782972	0.27753053127861776	0.04900429637250751	0.1698440586680682	NaN	NaN	1.3999114918493668e-7	NaN	0.039786251477910095	NaN	NaN	-0.000012909662903489381	NaN	NaN	NaN	95871.76150086806	11.640575212987937	NaN	0	0	0	0	0.0002797675852715556	-1	0	2.141415235940175	70.30315559154087	1.0001630881610843	-273.1499938964844	9.001048454099232	-273.1499938964844	165
DATA	2025-08-29T020000_AIU-0547.ghg	2025-08-29	02:30:00	241.104	0	18000	18000	0.007513083132917743	1	NaN	37.70609809858926	0	NaN	NaN	NaN	NaN	NaN	NaN	NaN	NaN	NaN	NaN	-0.009607680382810641	0	NaN	NaN	NaN	NaN	NaN	NaN	NaN	NaN	NaN	NaN	NaN	NaN	-8.270032005159067e-13	NaN	NaN	NaN	NaN	NaN	0	NaN	NaN	NaN	NaN	0	0.09174570450787443	2.285336891773235	2.285336891773235	-0.1	0	NaN	NaN	NaN	NaN	9	286.858835589091	286.0531798960368	95475.58094292534	1.162794873272788	1005.385751929198	0.024909470192984208	NaN	NaN	NaN	NaN	NaN	NaN	NaN	NaN	1.2550249967701617	0.2032966864707201	0.25827775846560075	1.2973529534270687	4.207546663353715e-14	-9.014080876613966e-15	1.2973529534270687	3.2185524697589654	322.798799237779	9.201200762220957	11.483198110871895	NaN	0.0803817659170545	0.24069895936717955	-1.1604904899810828	-2.4989433563107206	NaN	0.401252928906171	1	19.109295419801356	9	15	24	36	56	119	0.007431420741688254	1.0109887993249238	37.18513243294669	1.014010052716149	NaN	1	NaN	1	NaN	1	-0.008369716508713994	1.1479098931018465	NaN	NaN	800009909	800009909	800009909	800009909	800009919	800019919	899999999	899999999	89999	89999	89	89	8	0	0	38	0	0	3	NaN	0	0	0	0	0	0	0	0	0	NaN	NaN	NaN	NaN	0	0	0	0	0	0	0	0	16514	603	0	0	18000	18000	18000	18000	6	NaN	0.2720376712521187	0.1657481338751905	0.04361211360704993	0.10471440004803777	NaN	NaN	1.300381335992034e-7	NaN	0.031807790187556466	NaN	NaN	-0.000008369716508713994	NaN	NaN	NaN	95863.72386905362	11.653209219614663	NaN	0	0	0	0	0.00027910828980707767	-1	0	2.1364280869201373	71.93761482514259	1.0001515978872777	-281.0231192270926	9.001000598827998	-273.1499938964844	103
DATA	2025-08-29T023000_AIU-0547.ghg	2025-08-29	03:00:00	241.124	0	18000	18000	0.05032351438413294	0	NaN	43.580542458837684	0	NaN	NaN	NaN	NaN	NaN	NaN	NaN	NaN	NaN	NaN	-0.020982199071561267	0	NaN	NaN	NaN	NaN	NaN	NaN	NaN	NaN	NaN	NaN	NaN	NaN	-3.7224277576740366e-13	NaN	NaN	NaN	NaN	NaN	0	NaN	NaN	NaN	NaN	0	0.09154200096304668	2.2822550229174348	2.2822550229174348	0.1	0	NaN	NaN	NaN	NaN	9	287.1610417811076	286.3146759287516	95479.43918945313	1.1617798196400477	1005.3913726834883	0.024931233738693635	NaN	NaN	NaN	NaN	NaN	NaN	NaN	NaN	0.6970685092779031	0.4448801426688034	0.22660567145952956	0.8574222870357254	1.8936204447076812e-14	-4.066360488642467e-15	0.8574222870357254	2.7938242772655557	299.4533373986425	32.5466626013575	15.324597982481832	NaN	0.20812467237525323	0.24296603857663657	-17.42904448020131	-0.16638892644368902	NaN	0.17927101686591526	0	72.97418046186496	-11.074113421278069	25.049674711456912	62.377231889965245	95.12921439903866	133.420075805434	199.88758587752486	0.04960420034602774	1.0145010711409	42.8943179811259	1.015998027477992	NaN	1	NaN	1	NaN	1	-0.018256234015260043	1.1493169431341996	NaN	NaN	800009909	800009909	800009909	800009909	800009919	800009919	899999999	899999999	89999	89999	89	89	2	5	0	30	0	0	5	NaN	0	0	0	0	0	0	0	0	0	NaN	NaN	NaN	NaN	0	0	0	0	0	0	0	0	16415	0	0	0	18000	18000	18000	18000	6	NaN	0.2540879264988706	0.18130695646240508	0.050537194191997495	0.13365539992573605	NaN	NaN	6.205697024683917e-8	NaN	0.03672322252850566	NaN	NaN	-0.000018256234015260043	NaN	NaN	NaN	95871.73228125	11.680000305175781	NaN	0	0	0	0	0.00027938772978894935	-1	0	2.1342290540933613	73.02520998382563	1.0001697164873282	-273.1499938964844	9.001042742596733	-273.1499938964844	001
DATA	2025-08-29T030000_AIU-0547.ghg	2025-08-29	03:30:00	241.145	0	18000	18000	0.17952668534152494	1	NaN	66.85081373158992	1	NaN	NaN	NaN	NaN	NaN	NaN	NaN	NaN	NaN	NaN	-0.04179961497433414	1	NaN	NaN	NaN	NaN	NaN	NaN	NaN	NaN	NaN	NaN	NaN	NaN	9.094060791433961e-13	NaN	NaN	NaN	NaN	NaN	0	NaN	NaN	NaN	NaN	0	0.09143539590703012	2.2876485969492193	2.2876485969492193	0	0	NaN	NaN	NaN	NaN	9	288.2400405782064	287.2844685524249	95465.6652928201	1.157690940458407	1005.4125729569332	0.02501928902101829	NaN	NaN	NaN	NaN	NaN	NaN	NaN	NaN	0.8855002289968698	0.37391397855268993	0.31003901641557857	1.009973519757131	-3.991756305591713e-14	9.945886602471367e-15	1.009973519757131	4.508620134299616	309.10746572792544	22.892534272074545	17.8771669395427	NaN	0.39379317857138924	0.7087217968916257	-76.95871335453879	-0.03768254267245967	NaN	0.1458483641980488	0	94.05354392850555	-14.272988152045514	32.28553806232874	80.39555473688823	122.60829362845504	171.95987514061395	257.6272281525564	0.17723523357947096	1.0129288726387833	65.85888984937422	1.0150613513905917	NaN	1	NaN	1	NaN	1	-0.03639787278009339	1.14840818382098	NaN	NaN	800009909	800009909	800009909	800009919	800009919	800009919	899999999	899999999	89999	89999	89	89	0	0	0	8	0	0	4	NaN	0	0	0	0	0	0	0	0	0	NaN	NaN	NaN	NaN	0	1	0	0	0	0	0	0	14316	0	0	0	18000	18000	18000	18000	6	NaN	0.6761714982216076	0.6453352301171006	0.09593686544454325	0.5925826150809232	NaN	NaN	1.805685359050073e-7	NaN	0.056581891181557584	NaN	NaN	-0.00003639787278009339	NaN	NaN	NaN	95861.86779839409	11.680000305175781	NaN	0	0	0	0	0.0002799866700208643	-1	0	2.1412726930313637	71.96506427341032	1.000172616571188	-273.1499938964844	9.001052800231509	-273.1499938964844	243
DATA	2025-08-29T033000_AIU-0547.ghg	2025-08-29	04:00:00	241.166	0	18000	18000	0.14273008940872736	0	NaN	52.081958706475596	0	NaN	NaN	NaN	NaN	NaN	NaN	NaN	NaN	NaN	NaN	-0.007620324123666876	2	NaN	NaN	NaN	NaN	NaN	NaN	NaN	NaN	NaN	NaN	NaN	NaN	6.820414068615863e-13	NaN	NaN	NaN	NaN	NaN	0	NaN	NaN	NaN	NaN	0	0.0909129868871303	2.2807310252058546	2.2807310252058546	-0.3	0	NaN	NaN	NaN	NaN	9	288.90346092563203	288.04050095621403	95458.6820115867	1.1545678363769047	1005.429488163776	0.02508696615630298	NaN	NaN	NaN	NaN	NaN	NaN	NaN	NaN	0.7002353121636464	0.1052173643341238	0.2790815929415508	0.7611088763620548	-3.914825907668654e-14	7.502133965836475e-15	0.7611088763620548	4.759347283516102	323.4546653416867	8.54533465831329	21.510862958975714	NaN	0.3515993321546545	0.8093128663157394	-70.30745350208949	-0.04124740487029322	NaN	0.1276051475551139	0	75.28103011282305	-11.424186755693873	25.84154154708292	64.34909227541068	98.13642590375737	137.6377326993461	206.2064044623172	0.1405082239943266	1.015813063116437	51.22102043771081	1.016808299823151	NaN	1	NaN	1	NaN	1	-0.006624942841603494	1.1502475275428128	NaN	NaN	800009909	800009909	800009909	800009919	800009919	800119919	899999999	899999999	89999	89999	89	89	2	0	4	1	0	0	2	NaN	0	0	0	0	0	0	0	0	0	NaN	NaN	NaN	NaN	0	399	0	0	0	0	0	0	13516	0	0	0	18000	18000	18000	18000	6	NaN	0.4546461317801789	1.0305447551122662	0.1334348457390338	0.5038231444342822	NaN	NaN	4.0771439338775034e-7	NaN	0.04412423134987935	NaN	NaN	-0.000006624942841603495	NaN	NaN	NaN	95854.91179774306	11.680000305175781	NaN	0	0	0	0	0.00028107240369233	-1	0	2.1341996992142405	69.03161321586825	1.0001374304708508	-286.67561946444937	9.000886130597856	-273.1499938964844	072
DATA	2025-08-29T040000_AIU-0547.ghg	2025-08-29	04:30:00	241.187	0	18000	18000	0.19905560736415134	0	NaN	-95.82490798428965	1	NaN	NaN	NaN	NaN	NaN	NaN	NaN	NaN	NaN	NaN	-0.0445287123330484	0	NaN	NaN	NaN	NaN	NaN	NaN	NaN	NaN	NaN	NaN	NaN	NaN	-6.826371844851638e-13	NaN	NaN	NaN	NaN	NaN	0	NaN	NaN	NaN	NaN	0	0.09161432673829645	2.307154504225771	2.307154504225771	0	1	NaN	NaN	NaN	NaN	9	289.8680068876478	289.1463571528535	95458.46810315487	1.1501495506666493	1005.4548422701871	0.025183337436035957	NaN	NaN	NaN	NaN	NaN	NaN	NaN	NaN	0.5762876302242479	-0.9417919686610331	0.2672054904153504	1.1359922178836228	-4.0386901043458576e-14	-7.451205600573486e-15	1.1359922178836228	5.045220916170695	30.53730943745802	301.462690562542	13.604456498042444	NaN	0.41601601634206914	0.7282158067539304	63.30041416357153	0.04581328634764143	NaN	-0.19918263610013717	0	78.08481143334271	-11.849671388140292	26.803988944183587	66.74572237789197	101.79143802831447	142.76393917344384	213.8863958776377	0.19738678091392114	1.0084546008729833	-94.4667061961118	1.0143775711345142	NaN	1	NaN	1	NaN	1	-0.03714737218486349	1.1987042343520762	NaN	NaN	800009909	800009909	800009909	800009919	800009919	800109919	899999999	899999999	89999	89999	89	89	18	7	3	3	0	0	1	NaN	0	0	0	0	0	0	0	0	0	NaN	NaN	NaN	NaN	0	4	0	0	0	0	0	0	10325	0	0	0	18000	18000	18000	18000	6	NaN	0.5671429765670153	0.718801842462033	0.1704867944788125	0.87431748646512	NaN	NaN	6.251269665479337e-7	NaN	-0.08168868195913885	NaN	NaN	-0.00003714737218486349	NaN	NaN	NaN	95855.20666493055	11.67011561146715	NaN	0	0	0	0	0.0002815856751403771	-1	0	2.1637606536414884	60.321075921535034	1.0001749354120757	-273.1499938964844	9.001109736998876	-273.1499938964844	032
DATA	2025-08-29T043000_AIU-0547.ghg	2025-08-29	05:00:00	241.208	0	18000	18000	0.15937099537170157	0	NaN	24.2640182883404	0	NaN	NaN	NaN	NaN	NaN	NaN	NaN	NaN	NaN	NaN	-0.03973820169269778	0	NaN	NaN	NaN	NaN	NaN	NaN	NaN	NaN	NaN	NaN	NaN	NaN	-5.198029983655002e-13	NaN	NaN	NaN	NaN	NaN	0	NaN	NaN	NaN	NaN	0	0.09248994372981345	2.3199780736838056	2.3199780736838056	0.2	0	NaN	NaN	NaN	NaN	9	288.87454657151966	287.99373297513716	95456.1012264481	1.154724109836924	1005.428431932642	0.025083571036231236	NaN	NaN	NaN	NaN	NaN	NaN	NaN	NaN	1.001912196208541	-0.24953763862294923	0.3079661974583818	1.0774693781160847	1.0128761037510983e-13	-5.6201028717670794e-15	1.0774693781160847	4.3980074342029924	345.98561704077923	346.01438295922077	16.60808655917809	NaN	0.3715057378033547	0.8889333243088346	-178.0203151349186	-0.01629027562276889	NaN	0.0562558645035469	0	79.78215071385605	-12.107249172335049	27.386630593363286	68.19658246602762	104.00409120649225	145.86721671682065	218.53567112882342	0.15742269113426177	1.0123762605212876	23.911420122033636	1.0147460152725039	NaN	1	NaN	1	NaN	1	-0.034609971260172	1.1481720511691722	NaN	NaN	800009909	800009909	800009909	800009919	800009919	800109919	899999999	899999999	89999	89999	89	89	0	0	2	5	0	0	2	NaN	0	0	0	0	0	0	0	0	0	NaN	NaN	NaN	NaN	0	41	0	0	0	0	0	0	13817	0	0	0	18000	18000	18000	18000	6	NaN	0.5663860572113105	1.082639688295513	0.12884090311084598	0.33984125146138594	NaN	NaN	4.813926050174216e-7	NaN	0.02059567234914773	NaN	NaN	-0.000034609971260172	NaN	NaN	NaN	95843.56594726563	11.666697778489855	NaN	0	0	0	0	0.0002814827338960539	-1	0	2.173050319148434	68.24388696657279	1.000170968522628	-273.1499938964844	9.001076953755485	-273.1499938964844	208
DATA	2025-08-29T050000_AIU-0547.ghg	2025-08-29	05:30:00	241.229	0	18000	18000	0.11327401389824727	0	NaN	-22.423987359422796	1	NaN	NaN	NaN	NaN	NaN	NaN	NaN	NaN	NaN	NaN	0.025904182154745065	0	NaN	NaN	NaN	NaN	NaN	NaN	NaN	NaN	NaN	NaN	NaN	NaN	7.47704548723356e-13	NaN	NaN	NaN	NaN	NaN	0	NaN	NaN	NaN	NaN	0	0.09177154300982664	2.308873000941572	2.308873000941572	-0.1	0	NaN	NaN	NaN	NaN	9	289.61278196377225	288.87880151875817	95462.69315386284	1.151265757083301	1005.4486413137467	0.025158921003369684	NaN	NaN	NaN	NaN	NaN	NaN	NaN	NaN	1.063788923594026	-1.1490013262700358	0.2728247112470344	1.5894289052356925	1.506252126661339e-14	8.147455346188239e-15	1.5894289052356925	4.757058993686835	19.205315113294034	312.79468488670597	9.883739591330947	NaN	0.31367315443570876	0.8224422646016996	115.95382237979356	0.02500995603664862	NaN	-0.061758965064199894	0	61.352945349272225	-9.31054615793011	21.06048075993405	52.44357490501529	79.97976072089567	112.17275161677578	168.05522247352314	0.11243775053766548	1.007437567512538	-22.12887022828264	1.0133362945372137	NaN	1	NaN	1	NaN	1	0.02184011686166988	1.1860825799979007	NaN	NaN	800009909	800009909	800009909	800009909	800009909	800019919	899999999	899999999	89999	89999	89	89	2	2	3	0	0	0	1	NaN	0	0	0	0	0	0	0	0	0	NaN	NaN	NaN	NaN	0	0	0	0	0	0	0	0	9489	0	0	0	18000	18000	18000	18000	6	NaN	0.5837405101500921	0.8840298853907957	0.1771141336625112	0.8701035978792214	NaN	NaN	1.9253699683528766e-7	NaN	-0.019117177082085553	NaN	NaN	0.00002184011686166988	NaN	NaN	NaN	95856.41947699653	11.65999984741211	NaN	0	0	0	0	0.00028175033690705384	-1	0	2.1648829162451952	69.9470509144465	1.0001810165031089	-273.1499938964844	9.001143960740832	-273.1499938964844	234
DATA	2025-08-29T053000_AIU-0547.ghg	2025-08-29	06:00:00	241.249	1	18000	18000	0.07678431843733347	0	NaN	-53.455266556232935	1	NaN	NaN	NaN	NaN	NaN	NaN	NaN	NaN	NaN	NaN	0.03526304722313254	1	NaN	NaN	NaN	NaN	NaN	NaN	NaN	NaN	NaN	NaN	NaN	NaN	-1.6263928613934655e-13	NaN	NaN	NaN	NaN	NaN	0	NaN	NaN	NaN	NaN	0	0.09153512876816434	2.301355160163841	2.301355160163841	0.7	0	NaN	NaN	NaN	NaN	9	289.3754574381511	288.6721016964383	95459.46238085938	1.1520511150933588	1005.4438799118661	0.02514177006286406	NaN	NaN	NaN	NaN	NaN	NaN	NaN	NaN	0.8646051014115179	-1.4942244270367335	0.2332361326546535	1.7420240277664696	-3.178395030021154e-15	-1.776796387660865e-15	1.7420240277664696	4.845149483559838	31.94498003034755	300.05501996965245	7.694323892733335	NaN	0.2581668005087089	0.6328189748871491	27.11839499592252	0.10693848217920121	NaN	-0.17875595697990013	0	52.13859043305935	-7.912232250186025	17.897490893296673	44.56728291122696	67.96791846620502	95.32597206216677	142.81567681554887	0.07610402536819129	1.0089389893090532	-52.53414006815234	1.0175338643953364	NaN	1	NaN	1	NaN	1	0.02831093910416967	1.2455626107414768	NaN	NaN	800009909	800009909	800009909	800009909	800009909	800019909	899999999	899999999	89999	89999	89	89	4	5	1	0	0	0	0	NaN	0	0	0	0	0	0	0	0	0	NaN	NaN	NaN	NaN	0	0	0	0	0	0	0	0	9629	0	0	0	18000	18000	18000	18000	6	NaN	0.4804359178679437	0.6049875746338854	0.1802144572724691	0.9316362988631158	NaN	NaN	3.7256952139488614e-7	NaN	-0.04535362910284751	NaN	NaN	0.00002831093910416967	NaN	NaN	NaN	95849.61730989584	11.673270151138306	NaN	0	0	0	0	0.00028187001520806607	-1	0	2.157271204418606	70.62345212760499	1.0001808558205763	-273.1499938964844	9.00116971119245	-273.1499938964844	050
DATA	2025-08-29T060000_AIU-0547.ghg	2025-08-29	06:30:00	241.27	1	18000	18000	0.08216708400105348	1	NaN	15.302722918198794	1	NaN	NaN	NaN	NaN	NaN	NaN	NaN	NaN	NaN	NaN	-0.002390261217238877	1	NaN	NaN	NaN	NaN	NaN	NaN	NaN	NaN	NaN	NaN	NaN	NaN	-1.0645010194188867e-12	NaN	NaN	NaN	NaN	NaN	0	NaN	NaN	NaN	NaN	0	0.09161395316348404	2.3087863535792588	2.3087863535792588	0	1	NaN	NaN	NaN	NaN	9	290.1143157619901	289.40071066557005	95474.52142000063	1.149331938744984	1005.4607767117454	0.025201252362282156	NaN	NaN	NaN	NaN	NaN	NaN	NaN	NaN	1.8220216778545604	-1.4615279785947866	0.3038195344466653	2.35544758725356	-3.803270391044014e-14	-1.1619420215600749e-14	2.35544758725356	7.459758789205278	10.734714488297072	321.2652855117029	7.410995480944386	NaN	0.26737832581213367	1.302486319697747	-105.24934456840225	-0.027553615767319774	NaN	0.04952584638540453	0	44.01081460280298	-6.678810910784781	15.107488465219244	37.61978237741145	57.37254179119272	80.46580562331143	120.55243961328046	0.08149074116117283	1.0082996280343428	15.099966436931235	1.0134276113867156	NaN	1	NaN	1	NaN	1	-0.002074334394803096	1.1523027450286143	NaN	NaN	800009909	800009909	800009909	800009919	800009919	800009919	899999999	899999999	89999	89999	89	89	6	8	2	4	0	0	0	NaN	0	0	0	0	0	0	0	0	0	NaN	NaN	NaN	NaN	0	69	0	0	0	0	0	0	11368	0	0	0	18000	18000	18000	18000	6	NaN	0.9964393321260085	1.3132486109524684	0.2952846963170172	0.9784486080563812	NaN	NaN	2.088873562243352e-7	NaN	0.013066683542239986	NaN	NaN	-0.0000020743343948030963	NaN	NaN	NaN	95866.38762912326	11.680000305175781	NaN	0	0	0	0	0.00028223961715896927	-1	0	2.1825547025190484	67.21357008232675	1.000182176080015	-273.1499938964844	9.001191044410069	-273.1499938964844	094
DATA	2025-08-29T063000_AIU-0547.ghg	2025-08-29	07:00:00	241.291	1	18000	18000	0.21550941766353265	0	NaN	-75.17902354757041	2	NaN	NaN	NaN	NaN	NaN	NaN	NaN	NaN	NaN	NaN	0.10443451947486132	1	NaN	NaN	NaN	NaN	NaN	NaN	NaN	NaN	NaN	NaN	NaN	NaN	2.5416913073523034e-13	NaN	NaN	NaN	NaN	NaN	0	NaN	NaN	NaN	NaN	0	0.09119767470914043	2.296403096416518	2.296403096416518	-0.6	0	NaN	NaN	NaN	NaN	9	289.99952206675204	289.25568208058667	95505.31920052084	1.150279129716833	1005.4573882683376	0.025180500530748266	NaN	NaN	NaN	NaN	NaN	NaN	NaN	NaN	1.7995758377005617	-0.45089193991252263	0.35717871304056414	1.8892732386193576	3.5452594012417734e-14	2.787013282365585e-15	1.8892732386193576	6.391255576130328	346.06614468634183	345.93385531365817	10.89770696043933	NaN	0.43284410446871746	1.432517882948695	90.90879508085126	0.03190010380646709	NaN	-0.15017521560626615	0	76.02574650519001	-11.53720034136979	26.09717858559452	64.98566464669217	99.10723893526485	138.99931177970416	208.24629803688697	0.2139328241635185	1.0073695726973113	-74.14810768179184	1.013903468315102	NaN	1	NaN	1	NaN	1	0.08750030599774651	1.1935331915016496	NaN	NaN	800009909	800009909	800009909	800009909	800009909	800109909	899999999	899999999	89999	89999	89	89	1	2	0	21	0	0	2	NaN	0	0	0	0	0	0	0	0	0	NaN	NaN	NaN	NaN	0	0	0	0	0	0	0	0	10513	0	0	0	18000	18000	18000	18000	6	NaN	1.6560614012569839	1.0116647092925317	0.19730965534787487	1.167123743122489	NaN	NaN	0.0000012083871073919904	NaN	-0.06411109020123136	NaN	NaN	0.00008750030599774651	NaN	NaN	NaN	95891.16465342882	11.650359588199986	NaN	0	0	0	0	0.0002823342477754019	-1	0	2.154916673596257	67.37330000495894	1.000159310678641	-273.1499938964844	9.00107407922215	-273.1499938964844	204
DATA	2025-08-29T070000_AIU-0547.ghg	2025-08-29	07:30:00	241.312	1	18000	18000	0.0536616716842724	0	NaN	1.2447716183496487	2	NaN	NaN	NaN	NaN	NaN	NaN	NaN	NaN	NaN	NaN	0.014513083923133033	1	NaN	NaN	NaN	NaN	NaN	NaN	NaN	NaN	NaN	NaN	NaN	NaN	4.447051604977967e-13	NaN	NaN	NaN	NaN	NaN	0	NaN	NaN	NaN	NaN	0	0.09231879310723631	2.316422155611721	2.316422155611721	0.1	0	NaN	NaN	NaN	NaN	9	289.10008721584745	288.3147970920139	95532.10788975694	1.1543566441246629	1005.4357091820383	0.025091555875530077	NaN	NaN	NaN	NaN	NaN	NaN	NaN	NaN	1.2085538291820783	-0.40433301188540655	0.28416633540241415	1.3056944698921735	-8.313808558120854e-14	4.817059945543623e-15	1.3056944698921735	4.321266146206997	350.49814778430425	341.50185221569575	12.570231348723707	NaN	0.21560662203829994	0.643281803189266	-678.7069122569193	-0.004272831096351392	NaN	0.004974314838528011	0	63.28069251205527	-9.603089227178591	21.72221397910853	54.091384185463184	82.49277384409697	115.69728825376662	173.33562061040004	0.053080651118634685	1.0109459954501903	1.2275986116092614	1.0139891057044086	NaN	1	NaN	1	NaN	1	0.01264301944813536	1.147912805376051	NaN	NaN	800009909	800009909	800009909	800009909	800009909	800109919	899999999	899999999	89999	89999	89	89	0	3	0	21	0	0	8	NaN	0	0	0	0	0	0	0	0	0	NaN	NaN	NaN	NaN	0	0	0	0	0	0	0	0	11316	0	0	0	18000	18000	18000	18000	6	NaN	0.3741499020075928	0.8349616055969675	0.07745209877397186	0.5376116242756782	NaN	NaN	5.427384322075328e-7	NaN	0.0010576989567801754	NaN	NaN	0.00001264301944813536	NaN	NaN	NaN	95917.21476280382	11.663208494822182	NaN	0	0	0	0	0.00028151433056013456	-1	0	2.172039617485472	67.37339070669815	1.000179531344109	-273.1499938964844	9.001218990829257	-273.1499938964844	146
DATA	2025-08-29T073000_AIU-0547.ghg	2025-08-29	08:00:00	241.333	1	18000	18000	0.04737438742584385	1	NaN	52.58397053252693	0	NaN	NaN	NaN	NaN	NaN	NaN	NaN	NaN	NaN	NaN	-0.014701039464156823	1	NaN	NaN	NaN	NaN	NaN	NaN	NaN	NaN	NaN	NaN	NaN	NaN	1.001473519530973e-12	NaN	NaN	NaN	NaN	NaN	0	NaN	NaN	NaN	NaN	0	0.09293219537287954	2.3275812439264754	2.3275812439264754	0	1	NaN	NaN	NaN	NaN	9	288.72908733283145	287.83536526065404	95546.66240364584	1.1564555552308897	1005.4248649353422	0.025046015910711334	NaN	NaN	NaN	NaN	NaN	NaN	NaN	NaN	1.4371756558633269	0.38262505531802427	0.30683672285797287	1.5185600328131728	-3.6076628637831886e-14	1.0776389339697376e-14	1.5185600328131728	3.5965408815296374	317.09172829827196	14.908271701727998	11.657312631246478	NaN	0.2023985190049861	0.2926603643975437	-13.292198958065557	-0.21817308100405106	NaN	0.22344337236133752	0	75.07926556952712	-11.393568207836125	25.772282308460706	64.17662697844281	97.87340544397499	137.2688427647005	205.65374011967097	0.046904036133673034	1.0100279492116702	51.87924502337397	1.0135839584565167	NaN	1	NaN	1	NaN	1	-0.012803347935038439	1.1482183830937722	NaN	NaN	800009909	800009909	800009909	800009909	800009919	800009919	899999999	899999999	89999	89999	89	89	4	1	0	28	0	0	2	NaN	0	0	0	0	0	0	0	0	0	NaN	NaN	NaN	NaN	0	0	0	0	0	0	0	0	17604	0	0	0	18000	18000	18000	18000	6	NaN	0.3451154296184012	0.19569078075587432	0.044514518420811944	0.1505444208809396	NaN	NaN	6.288457980724011e-7	NaN	0.04461851163891967	NaN	NaN	-0.000012803347935038439	NaN	NaN	NaN	95934.82466840278	11.6899995803833	NaN	0	0	0	0	0.00028031744731318517	-1	0	2.1816649494998988	65.92462800725303	1.0001582874092791	-291.3187446594238	9.001060306310654	-273.1499938964844	139
DATA	2025-08-29T080000_AIU-0547.ghg	2025-08-29	08:30:00	241.354	1	18000	18000	0.06635956232740611	1	NaN	24.505527587938637	1	NaN	NaN	NaN	NaN	NaN	NaN	NaN	NaN	NaN	NaN	0.026543061537709405	1	NaN	NaN	NaN	NaN	NaN	NaN	NaN	NaN	NaN	NaN	NaN	NaN	-1.5740818856795855e-13	NaN	NaN	NaN	NaN	NaN	0	NaN	NaN	NaN	NaN	0	0.09125420092771423	2.292431300060952	2.292431300060952	0	1	NaN	NaN	NaN	NaN	9	289.49345833248555	288.71172274310794	95550.06247135258	1.152986270386695	1005.44479062853	0.025121378268128942	NaN	NaN	NaN	NaN	NaN	NaN	NaN	NaN	0.2859838467454957	-0.41544186983568815	0.21006011949120887	0.5463551606899876	-1.304767797772874e-13	-1.724941832460374e-15	0.5463551606899876	2.8274741657591664	27.457068865099586	304.5429311349004	22.611176379211194	NaN	0.23990521496425277	0.3972369408578583	-47.50101262307679	-0.061051330063459135	NaN	0.0881134090884272	0	81.50057285913738	-12.368026362596556	27.9765093077773	69.66546386986991	106.24422802819937	149.00904046102818	223.24269561289097	0.0650379831098666	1.0203201137911522	24.032488512999173	1.0196833163858	NaN	1	NaN	1	NaN	1	0.023000790486762963	1.1540064917762296	NaN	NaN	800009909	800009909	800009909	800009919	800009919	811109919	899999999	899999999	89999	89999	89	89	1	0	0	18	0	0	0	NaN	0	0	0	0	0	0	0	0	0	NaN	NaN	NaN	NaN	0	1	0	0	0	0	0	0	17703	0	0	0	18000	18000	18000	18000	6	NaN	0.132087183964537	0.6114460126383809	0.05094068511279865	0.3225732911162845	NaN	NaN	7.733841282232826e-7	NaN	0.020730815154961623	NaN	NaN	0.000023000790486762965	NaN	NaN	NaN	95946.8608671875	11.683365061283112	NaN	0	0	0	0	0.00028103657042245474	-1	0	2.150866958833844	73.30530204233258	1.0001676399757464	-289.7441195933068	9.001111619472503	-273.1499938964844	236
DATA	2025-08-29T083000_AIU-0547.ghg	2025-08-29	09:00:00	241.374	1	18000	18000	0.045360365928725305	1	NaN	26.107857610926075	1	NaN	NaN	NaN	NaN	NaN	NaN	NaN	NaN	NaN	NaN	-0.007355833643116458	1	NaN	NaN	NaN	NaN	NaN	NaN	NaN	NaN	NaN	NaN	NaN	NaN	-3.9785804137457226e-13	NaN	NaN	NaN	NaN	NaN	0	NaN	NaN	NaN	NaN	0	0.09083770474640357	2.300922066436496	2.300922066436496	-0.1	0	NaN	NaN	NaN	NaN	9	291.28454047393797	291.1105400068496	95550.33037890625	1.1434886066316077	1005.5016678856286	0.02533003308328961	NaN	NaN	NaN	NaN	NaN	NaN	NaN	NaN	1.2141993426658577	-0.3650599972155406	0.2803223636554087	1.2985104823844826	1.6873405970394715e-13	-4.3798777444376606e-15	1.2985104823844826	4.767971059978205	348.73387984371243	343.26612015628757	12.467156498492864	NaN	0.19916928019536942	1.0784177374361177	-25.51344603985805	-0.11366555483996606	NaN	0.11400771581486473	1	12.608781454654327	6	10	18	29	50	132	0.04486759301020814	1.0109828249178656	25.747213271179476	1.014007121312437	NaN	1	NaN	1	NaN	1	-0.00640802165312796	1.147910235216799	NaN	NaN	800009909	800009909	800009909	800009909	800009909	800009919	899999999	899999999	89999	89999	89	89	8	0	3	48	0	0	2	NaN	0	0	0	0	0	0	0	0	0	NaN	NaN	NaN	NaN	0	0	0	0	0	0	0	0	16971	0	0	0	18000	18000	18000	18000	6	NaN	0.6683807570060926	1.317359242249089	0.17109547561705404	0.05037100504093722	NaN	NaN	1.340551911215481e-7	NaN	0.02239317083510737	NaN	NaN	-0.00000640802165312796	NaN	NaN	NaN	95960.69181032987	11.680000305175781	NaN	1.7241111749579342e-7	3.4482223499158684e-7	0	3.4482223499158684e-7	0.00028315087899358736	-1	0	2.1647501379052767	73.44713564760075	1.0001573168122107	-273.1499938964844	9.00114832854271	-273.1499938964844	059
DATA	2025-08-29T090000_AIU-0547.ghg	2025-08-29	09:30:00	241.395	1	18000	18000	0.05562349668635498	0	NaN	0.8213347700641541	2	NaN	NaN	NaN	NaN	NaN	NaN	NaN	NaN	NaN	NaN	0.00128544428149301	2	NaN	NaN	NaN	NaN	NaN	NaN	NaN	NaN	NaN	NaN	NaN	NaN	1.3832863254090256e-13	NaN	NaN	NaN	NaN	NaN	0	NaN	NaN	NaN	NaN	0	0.09050134851991892	2.3037275844694234	2.3037275844694234	0.3	0	NaN	NaN	NaN	NaN	9	291.7577228520711	292.4717271114263	95525.17409436649	1.1378670639734325	1005.5354637931632	0.025455174117791007	NaN	NaN	NaN	NaN	NaN	NaN	NaN	NaN	0.7705533431560225	-0.7003742450360431	0.22726806029313243	1.0657989064490885	-5.718894338269657e-14	1.5284704018576815e-15	1.0657989064490885	4.397359307042584	14.268445214223675	317.7315547857763	12.312132940134994	NaN	0.22109726988750408	0.7531131661602637	-1109.2672070567407	-0.0026143385304742543	NaN	0.003246742975691517	0	61.321699765205565	-9.305804520001761	21.049755162029623	52.4168666497046	79.93902894635723	112.115624723834	167.9696359780135	0.054938586689164105	1.0124668295721915	0.8093587454450902	1.0147969298984691	NaN	1	NaN	1	NaN	1	0.0011195230678400414	1.1482070521093324	NaN	NaN	800009909	800009909	800009909	800009919	800009919	800019919	899999999	899999999	89999	89999	89	89	6	1	1	33	0	0	3	NaN	0	0	0	0	0	0	0	0	0	NaN	NaN	NaN	NaN	0	5	0	0	0	0	0	0	10023	0	0	0	18000	18000	18000	18000	6	NaN	0.49625874441922324	0.9218589765595948	0.08810861134170944	0.29269614458333887	NaN	NaN	3.716243698648706e-7	NaN	0.0007073789709076537	NaN	NaN	0.0000011195230678400415	NaN	NaN	NaN	95940.4056080729	11.689882385844557	NaN	2.959078021920853e-10	5.918155615274898e-10	0	5.918155615274898e-10	0.0002849638560437597	-1	0	2.170236714277003	75.02794930691182	1.0001223257813188	-294.1046197764133	9.001041643619537	-273.1499938964844	245
DATA	2025-08-29T093000_AIU-0547.ghg	2025-08-29	10:00:00	241.416	1	18000	18000	0.0335261832262709	1	NaN	25.853870132598967	1	NaN	NaN	NaN	NaN	NaN	NaN	NaN	NaN	NaN	NaN	0.002049697772246376	2	NaN	NaN	NaN	NaN	NaN	NaN	NaN	NaN	NaN	NaN	NaN	NaN	7.201532241915788e-13	NaN	NaN	NaN	NaN	NaN	0	NaN	NaN	NaN	NaN	0	0.08996741590648887	2.2970698349773335	2.2970698349773335	0	1	NaN	NaN	NaN	NaN	9	292.6842050230238	293.3413621249729	95520.01288302951	1.134432465316696	1005.5576320122238	0.025532241999313202	NaN	NaN	NaN	NaN	NaN	NaN	NaN	NaN	0.9043834134397774	-0.34794477117402023	0.2241444460618776	0.9945932108117174	1.175988573160268e-13	8.004600520482862e-15	0.9945932108117174	4.444954787046897	353.04330550024054	338.95669449975946	13.024221012884176	NaN	0.17191063073467858	0.7174503942812633	-16.564628536376212	-0.17507184019439673	NaN	0.1318369708602896	1	10.05891791356121	4	8	14	22	38	97	0.03309379424879455	1.0130655606977461	25.468264382250354	1.0151406371695024	NaN	1	NaN	1	NaN	1	0.0017847128703551813	1.1484748086332	NaN	NaN	800009909	800009909	800009909	800009909	800009919	800019919	899999999	899999999	89999	89999	89	89	10	8	0	28	0	0	3	NaN	0	0	0	0	0	0	0	0	0	NaN	NaN	NaN	NaN	0	0	0	0	0	0	0	0	10059	0	0	0	18000	18000	18000	18000	6	NaN	0.5570580903810555	0.7406469987838848	0.1371956993975862	0.03551244413378202	NaN	NaN	1.5276829638853758e-7	NaN	0.022326144757573614	NaN	NaN	0.0000017847128703551814	NaN	NaN	NaN	95926.34640863715	11.686697597503663	NaN	0	0	0	0	0.00028621129144125413	-1	0	2.1660779627296654	74.35699143300256	1.0000976914167403	-273.1499938964844	9.00089343878958	-273.1499938964844	083
DATA	2025-08-29T100000_AIU-0547.ghg	2025-08-29	10:30:00	241.437	1	18000	18000	0.15049939383940586	1	NaN	74.69922985637493	0	NaN	NaN	NaN	NaN	NaN	NaN	NaN	NaN	NaN	NaN	-0.07619502876319086	1	NaN	NaN	NaN	NaN	NaN	NaN	NaN	NaN	NaN	NaN	NaN	NaN	2.030408274988045e-12	NaN	NaN	NaN	NaN	NaN	0	NaN	NaN	NaN	NaN	0	0.0907143064220788	2.321685368534216	2.321685368534216	0	0	NaN	NaN	NaN	NaN	9	293.1799709650676	294.06640125473467	95527.37565784219	1.1317226785767076	1005.5764579772497	0.025593376173012827	NaN	NaN	NaN	NaN	NaN	NaN	NaN	NaN	0.29399619712638014	-0.31951017336673065	0.20207085820541823	0.47890828615242154	-3.0031360123317634e-14	2.238244831571426e-14	0.47890828615242154	3.480853833699888	19.38139545569595	312.61860454430405	24.957167568603097	NaN	0.364667757151461	0.5449657274226438	-54.727683796996374	-0.052989635204681564	NaN	0.1799963266713465	0	75.11110316241073	-11.398399685386432	25.783211123834615	64.2038412739861	97.91490896179738	137.32705203857117	205.74094821904774	0.14718594109466127	1.0225120192873147	73.15513433374421	1.0211071380934977	NaN	1	NaN	1	NaN	1	-0.06591306656650936	1.155992775519047	NaN	NaN	800009909	800009909	800009909	800009919	800019919	800019919	899999999	899999999	89999	89999	89	89	5	2	0	27	0	0	0	NaN	0	0	0	0	0	0	0	0	0	NaN	NaN	NaN	NaN	0	2	0	0	0	0	0	0	7975	0	0	0	18000	18000	18000	18000	6	NaN	0.38967547847121264	0.5559044307455644	0.14435154562851066	0.1339945426376715	NaN	NaN	2.0767876583166384e-7	NaN	0.06428204670598572	NaN	NaN	-0.00006591306656650936	NaN	NaN	NaN	95935.06157855903	11.680000305175781	NaN	0	0	0	0	0.00028683358359396353	-1	0	2.1912538614935344	75.24180334473895	1.0000942872911691	-273.1499938964844	9.00095272930463	-273.1499938964844	004
DATA	2025-08-29T103000_AIU-0547.ghg	2025-08-29	11:00:00	241.458	1	18000	18000	0.11271036946370262	1	NaN	-4.06265545251927	2	NaN	NaN	NaN	NaN	NaN	NaN	NaN	NaN	NaN	NaN	0.02456876764670072	2	NaN	NaN	NaN	NaN	NaN	NaN	NaN	NaN	NaN	NaN	NaN	NaN	1.7830779855040535e-12	NaN	NaN	NaN	NaN	NaN	0	NaN	NaN	NaN	NaN	0	0.09031510011820745	2.313786612535845	2.313786612535845	0	1	NaN	NaN	NaN	NaN	9	293.9604365649754	294.3155835079617	95512.5283923611	1.1305887575443305	1005.5830002695128	0.025619044982594083	NaN	NaN	NaN	NaN	NaN	NaN	NaN	NaN	0.5175126368696976	-0.5238228404989765	0.23114351057148855	0.7717752393200045	-7.62077271973287e-14	1.9742855659466698e-14	0.7717752393200045	3.2436841531717775	17.347192253029675	314.6528077469703	17.427327508202684	NaN	0.31574000057034657	0.5973195386025314	653.0772353753379	0.004440516133338052	NaN	-0.01131769018540529	0	74.02863524935609	-11.234131003392452	25.41163491789451	63.27856398277566	96.50380271121239	135.34795545807347	202.77590090284735	0.11163314712956715	1.0096496637587866	-4.010032974158036	1.0131227046511466	NaN	1	NaN	1	NaN	1	0.021030444618948204	1.1682476567596922	NaN	NaN	800009909	800009909	800009909	800009909	800019919	800019919	899999999	899999999	89999	89999	89	89	5	6	1	27	0	0	4	NaN	0	0	0	0	0	0	0	0	0	NaN	NaN	NaN	NaN	0	0	0	0	0	0	0	0	6713	0	0	0	18000	18000	18000	18000	6	NaN	0.48272609324488175	0.5996990182083723	0.1122139657518087	0.10727041300358968	NaN	NaN	1.3923468886595974e-7	NaN	-0.0035271616055878785	NaN	NaN	0.000021030444618948203	NaN	NaN	NaN	95907.82125173611	11.680000305175781	NaN	0	0	0	0	0.00028760171551322046	-1	0	2.1841257811665513	74.90014343897491	1.0000972073939112	-273.1499938964844	9.000950288931529	-273.1499938964844	151
DATA	2025-08-29T110000_AIU-0547.ghg	2025-08-29	11:30:00	241.479	1	18000	18000	0.25812718987351085	0	NaN	60.411685337093076	1	NaN	NaN	NaN	NaN	NaN	NaN	NaN	NaN	NaN	NaN	-0.02337014757111451	0	NaN	NaN	NaN	NaN	NaN	NaN	NaN	NaN	NaN	NaN	NaN	NaN	2.4695991625266327e-13	NaN	NaN	NaN	NaN	NaN	0	NaN	NaN	NaN	NaN	0	0.08869249944006637	2.276952808421909	2.276952808421909	-0.1	0	NaN	NaN	NaN	NaN	9	294.84285748121476	294.86342901441793	95491.29788498263	1.1282373246875017	1005.5975137803778	0.025672439302046636	NaN	NaN	NaN	NaN	NaN	NaN	NaN	NaN	1.1244246102231212	0.2967380577116178	0.30982184473568297	1.203484006726039	-3.071467423827077e-14	2.7844509717481303e-15	1.203484006726039	5.318887717791854	317.21656430802244	14.78343569197753	14.91806320784834	NaN	0.47831791264357926	1.2709395823935918	-152.66941442193243	-0.018995291302980114	NaN	0.11132165452580402	0	84.16616995890418	-12.772541006425596	28.891522533528498	71.9439761788127	109.7191030648253	153.88260210799294	230.54417903925105	0.25518852313415835	1.011515669683184	59.56129902557145	1.0142774977281226	NaN	1	NaN	1	NaN	1	-0.02035835546211993	1.147938870337465	NaN	NaN	800009909	800009909	800009909	800009909	800019909	800019909	899999999	899999999	89999	89999	89	89	4	6	3	13	0	0	1	NaN	0	0	0	0	0	0	0	0	0	NaN	NaN	NaN	NaN	0	0	0	0	0	0	0	0	7151	0	0	0	18000	18000	18000	18000	6	NaN	1.385911773293222	0.9691245616559657	0.18684282983799622	0.11478521919940923	NaN	NaN	3.056561252866062e-7	NaN	0.05249760696069898	NaN	NaN	-0.00002035835546211993	NaN	NaN	NaN	95881.23609027777	11.680000305175781	NaN	0	0	0	0	0.00028815986583746663	-1	0	2.1503107782337385	74.63245986655204	1.0000842046274079	-273.1499938964844	9.00087185854382	-273.1499938964844	163
DATA	2025-08-29T113000_AIU-0547.ghg	2025-08-29	12:00:00	241.499	1	18000	18000	0.2334240199924576	0	NaN	42.58206351192471	0	NaN	NaN	NaN	NaN	NaN	NaN	NaN	NaN	NaN	NaN	-0.015533680450387331	0	NaN	NaN	NaN	NaN	NaN	NaN	NaN	NaN	NaN	NaN	NaN	NaN	-1.835586720147179e-14	NaN	NaN	NaN	NaN	NaN	0	NaN	NaN	NaN	NaN	0	0.08735029300547444	2.246218369680874	2.246218369680874	0.9	0	NaN	NaN	NaN	NaN	9	295.442051399231	295.2864531360141	95469.78289635883	1.1263671871723016	1005.6088426130954	0.025715063938481567	NaN	NaN	NaN	NaN	NaN	NaN	NaN	NaN	0.9320751486753683	0.07019649308324691	0.24798905823075806	0.9670523271372826	4.964449162886888e-14	-2.1014087726438863e-16	0.9670523271372826	6.386697579156976	327.693067768992	4.306932231007887	14.858815858312667	NaN	0.4552319939561872	1.2069044163426195	-186.69371726594431	-0.015533463270587534	NaN	0.08258189655928978	0	76.07504816849182	-11.544682058982872	26.11410225120649	65.02780696696044	99.17150863269457	139.08945094417888	208.38134293077647	0.23035544345866005	1.0133210506672843	41.940777471263395	1.0152902754628406	NaN	1	NaN	1	NaN	1	-0.013523936771972878	1.148606408939996	NaN	NaN	800009909	800009909	800009909	800009919	800009919	800009919	899999999	899999999	89999	89999	89	89	4	1	1	29	0	0	9	NaN	0	0	0	0	0	0	0	0	0	NaN	NaN	NaN	NaN	0	1	0	0	0	0	0	0	8216	0	0	0	18000	18000	18000	18000	6	NaN	1.2157232580764086	0.9801906965595929	0.21789487804923766	0.07567036735738472	NaN	NaN	4.8486918142210595e-8	NaN	0.03702775683361207	NaN	NaN	-0.000013523936771972878	NaN	NaN	NaN	95860.08772699654	11.680000305175781	NaN	0	0	0	0	0.00028887477889010264	-1	0	2.1219097706344394	74.75402699120485	1.000086057851712	-308.3721360005279	9.000666480726666	-273.1903688981798	128
DATA	2025-08-29T120000_AIU-0547.ghg	2025-08-29	12:30:00	241.52	1	18000	18000	0.3873590701584345	1	NaN	63.36496432532784	0	NaN	NaN	NaN	NaN	NaN	NaN	NaN	NaN	NaN	NaN	-0.040080026135649885	0	NaN	NaN	NaN	NaN	NaN	NaN	NaN	NaN	NaN	NaN	NaN	NaN	-1.6710680615272006e-12	NaN	NaN	NaN	NaN	NaN	0	NaN	NaN	NaN	NaN	0	0.08776415458186247	2.256544554335982	2.256544554335982	-0.2	0	NaN	NaN	NaN	NaN	9	295.6926482662625	295.2227093641493	95462.55253103298	1.1265250662639548	1005.6071287097718	0.025711460049799465	NaN	NaN	NaN	NaN	NaN	NaN	NaN	NaN	0.0592593312988247	-0.2887609504602414	0.21927640944145046	0.36739175085218	1.5876591660459026e-13	-1.9040439339827552e-14	0.36739175085218	4.827402723309679	50.402813949384154	281.59718605061585	36.644363301021556	NaN	0.586389837326943	0.9860993985705074	-268.1291062546365	-0.010815685176848841	NaN	0.09538795907379635	0	74.10120863077717	-11.245144294012999	25.436547011265105	63.340598617673784	96.5984094435823	135.48064274540405	202.974690638058	0.3769043952533934	1.0277382674139748	61.84766263992315	1.0245328864606964	NaN	1	NaN	1	NaN	1	-0.03452434762216946	1.1609205936135605	NaN	NaN	800009909	800009909	800009909	800009909	800009909	810119909	899999999	899999999	89999	89999	89	89	1	2	4	25	0	0	5	NaN	0	0	0	0	0	0	0	0	0	NaN	NaN	NaN	NaN	0	0	0	0	0	0	0	0	5276	0	0	0	18000	18000	18000	18000	6	NaN	0.5255128859448394	1.060588669745816	0.3860972414503594	0.08135443820339526	NaN	NaN	1.0092711824316838e-7	NaN	0.05459515311164034	NaN	NaN	-0.00003452434762216946	NaN	NaN	NaN	95843.94920399305	11.67669800737169	NaN	0	0	0	0	0.0002892367803498119	-1	0	2.13137525481648	74.86848694708496	1.0000729725609223	-460.89375178019384	9.000490170823204	-369.4443729400668	076
DATA	2025-08-29T123000_AIU-0547.ghg	2025-08-29	13:00:00	241.541	1	18000	18000	0.29236292701821953	0	NaN	43.83536889756887	0	NaN	NaN	NaN	NaN	NaN	NaN	NaN	NaN	NaN	NaN	0.03346397362898906	2	NaN	NaN	NaN	NaN	NaN	NaN	NaN	NaN	NaN	NaN	NaN	NaN	-1.0452243686840232e-12	NaN	NaN	NaN	NaN	NaN	0	NaN	NaN	NaN	NaN	0	0.08740694322561222	2.248817178307099	2.248817178307099	0	1	NaN	NaN	NaN	NaN	9	295.9209418351915	295.3809081692166	95451.82227604167	1.1257951702166609	1005.6113867038563	0.025728129772282723	NaN	NaN	NaN	NaN	NaN	NaN	NaN	NaN	0.5376689553865001	-0.33473723450982407	0.20941930928094085	0.6670782329333245	2.0667597253637085e-14	-1.1958138908783494e-14	0.6670782329333245	5.122370315637593	3.9052059813517417	328.09479401864826	18.296542119626867	NaN	0.5096023945578166	1.4073218647485397	-254.37272772182607	-0.011400593239584032	NaN	0.07598076156704078	0	83.327640952896	-12.645290994698247	28.603682660525706	71.2272141963802	108.62599581665211	152.3495036499002	228.24731818191202	0.2873497733709826	1.0174461722674293	43.06713341010518	1.0178380919888073	NaN	1	NaN	1	NaN	1	0.029060298240729865	1.1515357947045142	NaN	NaN	800009909	800009909	800009909	800009909	800009919	800109919	899999999	899999999	89999	89999	89	89	2	4	7	18	0	0	1	NaN	0	0	0	0	0	0	0	0	0	NaN	NaN	NaN	NaN	0	0	0	0	0	0	0	0	6213	0	0	0	18000	18000	18000	18000	6	NaN	1.1256714411359712	1.4715133514337573	0.2174589369273508	0.09035675073064188	NaN	NaN	3.165338058143937e-7	NaN	0.0380413921817698	NaN	NaN	0.000029060298240729865	NaN	NaN	NaN	95845.67449869792	11.670000076293945	NaN	0	0	0	0	0.00028959427105211137	-1	0	2.1242457948591986	74.66961763327916	1.0000654398169782	-529.208254648849	9.000477404077849	-421.2455001152901	037
DATA	2025-08-29T130000_AIU-0547.ghg	2025-08-29	13:30:00	241.562	1	18000	18000	0.2097360830964882	0	NaN	50.74468345209685	0	NaN	NaN	NaN	NaN	NaN	NaN	NaN	NaN	NaN	NaN	-0.05790262565092662	1	NaN	NaN	NaN	NaN	NaN	NaN	NaN	NaN	NaN	NaN	NaN	NaN	-1.8321666182113973e-12	NaN	NaN	NaN	NaN	NaN	0	NaN	NaN	NaN	NaN	0	0.08645664219396229	2.230773447148935	2.230773447148935	-0.1	0	NaN	NaN	NaN	NaN	9	296.4948308325873	296.17170579189724	95432.54038302951	1.1225624134767076	1005.6328944748473	0.025802221674816803	NaN	NaN	NaN	NaN	NaN	NaN	NaN	NaN	0.9384666361171534	0.08239325377508067	0.2085498608676365	0.96488409658395	2.3557537923123578e-15	-2.119173925470063e-14	0.96488409658395	6.721080353798518	326.9825471378848	5.017452862115177	12.482405766853867	NaN	0.43224634355853286	1.711504787587015	-134.07595909480858	-0.021629530152749717	NaN	0.10399423200035353	0	72.06922898638217	-10.936783543548419	24.739034154111522	61.6036929796536	93.94951875344088	131.76553588878159	197.40878358573224	0.20697467673898504	1.0133417594896672	49.97986712274334	1.015302488249423	NaN	1	NaN	1	NaN	1	-0.0504107120717867	1.1486174916250174	NaN	NaN	800009909	800009909	800009909	800009909	800009909	800019909	899999999	899999999	89999	89999	89	89	9	23	1	21	0	0	3	NaN	0	0	0	0	0	0	0	0	0	NaN	NaN	NaN	NaN	0	0	0	0	0	0	0	0	5112	0	0	0	18000	18000	18000	18000	6	NaN	1.7949009016946829	1.4032161464590065	0.22489252702034085	0.09937500723209083	NaN	NaN	3.2666943042977255e-7	NaN	0.04427362983305101	NaN	NaN	-0.0000504107120717867	NaN	NaN	NaN	95831.71824913194	11.676635228157044	NaN	0	0	0	0	0.00029029353014710873	-1	0	2.1087902001341194	74.41255898102482	1.0000770976162618	-349.8221221160774	9.000564331902398	-273.3518689049614	245
DATA	2025-08-29T133000_AIU-0547.ghg	2025-08-29	14:00:00	241.583	1	18000	18000	0.08209032178302768	1	NaN	20.64816220327702	0	NaN	NaN	NaN	NaN	NaN	NaN	NaN	NaN	NaN	NaN	-0.004083360222445741	0	NaN	NaN	NaN	NaN	NaN	NaN	NaN	NaN	NaN	NaN	NaN	NaN	4.319753738145844e-13	NaN	NaN	NaN	NaN	NaN	0	NaN	NaN	NaN	NaN	0	0.08677248799084418	2.240481689223136	2.240481689223136	-0.1	0	NaN	NaN	NaN	NaN	9	296.68683959028454	296.30480534362795	95409.00483854166	1.1217814389409855	1005.6365510135525	0.025820184958388434	NaN	NaN	NaN	NaN	NaN	NaN	NaN	NaN	1.430541262047752	0.48243405157416364	0.31247750369872357	1.541698124425543	8.934914262094923e-14	4.9782527136961244e-15	1.541698124425543	6.200595045261279	313.363896415622	18.63610358437808	11.693954623124778	NaN	0.2705153129609806	1.3673071724341956	-80.75449968673804	-0.03591131158325106	NaN	0.06766128621941876	0	48.19217815317311	-7.313348961357271	16.542815263330404	41.19394905043064	62.82337148391333	88.11067177089356	132.00584217936392	0.0812819365668665	1.0099454472949985	20.372063969869785	1.0135527864930909	NaN	1	NaN	1	NaN	1	-0.003556078927754565	1.1482760381317296	NaN	NaN	800009909	800009909	800009909	800009909	800019919	800119919	899999999	899999999	89999	89999	89	89	7	3	5	8	0	0	8	NaN	0	0	0	0	0	0	0	0	0	NaN	NaN	NaN	NaN	0	0	0	0	0	0	0	0	3746	0	0	0	18000	18000	18000	18000	6	NaN	1.2191333925304113	1.2745850698686476	0.24089588246933252	0.02861304929774997	NaN	NaN	3.4934577557346676e-8	NaN	0.01805866873526998	NaN	NaN	-0.000003556078927754565	NaN	NaN	NaN	95789.72440711806	11.680000305175781	NaN	0	0	0	0	0.00029100775174447334	-1	0	2.1178357153402434	74.01958587270671	1.0000563953783776	-273.1499938964844	9.000628055837419	-273.1499938964844	108
DATA	2025-08-29T140000_AIU-0547.ghg	2025-08-29	14:30:00	241.604	1	18000	18000	0.18127755677116772	0	NaN	39.54359134196106	0	NaN	NaN	NaN	NaN	NaN	NaN	NaN	NaN	NaN	NaN	-0.013839571908794361	1	NaN	NaN	NaN	NaN	NaN	NaN	NaN	NaN	NaN	NaN	NaN	NaN	1.090423165293821e-12	NaN	NaN	NaN	NaN	NaN	0	NaN	NaN	NaN	NaN	0	0.08668200178682597	2.24483325367485	2.24483325367485	-0.1	0	NaN	NaN	NaN	NaN	9	297.13053813171393	297.15103309800884	95396.42718185764	1.1184393638410899	1005.6600451130271	0.025897339786816298	NaN	NaN	NaN	NaN	NaN	NaN	NaN	NaN	0.9042807608949532	0.28440077423267673	0.20717366735511586	0.970323875494308	2.7829448861969333e-14	1.257957987605617e-14	0.970323875494308	7.637734363551878	314.54138029391214	17.458619706087855	12.328115873018875	NaN	0.4025926090689375	1.58746076198252	-138.98346041998212	-0.020865792168627405	NaN	0.08732662419484515	0	67.9053537246007	-10.304899408239509	23.309710519552645	58.04447503268723	88.52148681115878	124.1526439103431	186.00328415148243	0.17889998069118143	1.0132899739329233	38.94876717328442	1.015271963963076	NaN	1	NaN	1	NaN	1	-0.012049184274768004	1.1485899454434918	NaN	NaN	800009909	800009909	800009909	800009909	800019919	800019919	899999999	899999999	89999	89999	89	89	3	6	3	25	0	0	11	NaN	0	0	0	0	0	0	0	0	0	NaN	NaN	NaN	NaN	0	0	0	0	0	0	0	0	9477	0	0	0	18000	18000	18000	18000	6	NaN	1.465728247562487	1.482802560076207	0.226390716326346	0.117972909005083	NaN	NaN	6.132691660599289e-8	NaN	0.03462821265993702	NaN	NaN	-0.000012049184274768004	NaN	NaN	NaN	95799.7506391059	11.670113940894593	NaN	0	0	0	0	0.00029107942829594116	-1	0	2.1238762808817406	74.40700943759042	1.000063246531619	-273.1499938964844	9.000669467661115	-273.1499938964844	102
DATA	2025-08-29T143000_AIU-0547.ghg	2025-08-29	15:00:00	241.624	1	18000	18000	0.1575658193978737	0	NaN	41.50252137174272	0	NaN	NaN	NaN	NaN	NaN	NaN	NaN	NaN	NaN	NaN	-0.016259007294530677	0	NaN	NaN	NaN	NaN	NaN	NaN	NaN	NaN	NaN	NaN	NaN	NaN	5.033676703107302e-13	NaN	NaN	NaN	NaN	NaN	0	NaN	NaN	NaN	NaN	0	0.08636624481536667	2.23757236834602	2.23757236834602	0.9	0	NaN	NaN	NaN	NaN	9	297.41505194600416	297.2370729256547	95384.96896332096	1.1179813157530882	1005.6624577093365	0.02590795018504615	NaN	NaN	NaN	NaN	NaN	NaN	NaN	NaN	1.2547878282532803	0.27223555537327626	0.2811916616657748	1.3144099216500735	3.3939968367565123e-14	5.828291728867303e-15	1.3144099216500735	7.219787162799371	319.7589652089632	12.241034791036734	12.352757975653208	NaN	0.37541682584239766	1.6041875634665999	-107.36737859274872	-0.027010066167302862	NaN	0.09832726632919955	0	60.088293992220756	-9.11863043544139	20.62636687311765	51.362569946008136	78.33115995109527	109.86056559622257	164.59114647927672	0.1558665799465527	1.010901884495725	40.93081029338457	1.0139677439625612	NaN	1	NaN	1	NaN	1	-0.014163934813772304	1.1479159928582294	NaN	NaN	800009909	800009909	800009909	800009919	800009919	800009919	899999999	899999999	89999	89999	89	89	14	3	0	17	0	0	12	NaN	0	0	0	0	0	0	0	0	0	NaN	NaN	NaN	NaN	0	18	0	0	0	0	0	0	5015	0	0	0	18000	18000	18000	18000	6	NaN	1.5948098145672516	1.3463016963389034	0.2672636160270448	0.11779369098785497	NaN	NaN	4.548921806949813e-8	NaN	0.03640521154530053	NaN	NaN	-0.000014163934813772304	NaN	NaN	NaN	95768.80653993055	11.666697778489855	NaN	0	0	0	0	0.0002918893899283528	-1	0	2.116987151588297	74.33797551288599	1.0000477423104974	-273.1499938964844	9.000580882602268	-273.1499938964844	252
DATA	2025-08-29T150000_AIU-0547.ghg	2025-08-29	15:30:00	241.645	1	18000	18000	0.08788772187090539	0	NaN	15.833397327672737	0	NaN	NaN	NaN	NaN	NaN	NaN	NaN	NaN	NaN	NaN	-0.005419159478480424	2	NaN	NaN	NaN	NaN	NaN	NaN	NaN	NaN	NaN	NaN	NaN	NaN	-1.0958079091281175e-12	NaN	NaN	NaN	NaN	NaN	0	NaN	NaN	NaN	NaN	0	0.08635713845574192	2.2356307539295828	2.2356307539295828	0	0	NaN	NaN	NaN	NaN	9	297.2204772042169	296.97027287801103	95372.06058550347	1.1188342860094946	1005.6549908495429	0.025888198635430057	NaN	NaN	NaN	NaN	NaN	NaN	NaN	NaN	1.293068652422808	0.4712258470626661	0.3134335338980764	1.4114959861757599	6.9209919904165305e-15	-1.2689256831845115e-14	1.4114959861757599	6.07902268737255	311.9770224452884	20.02297755471157	12.829919657258804	NaN	0.28027297301559867	0.944026672559641	-117.09274605360743	-0.024766692196904506	NaN	0.05020859978954418	0	56.9709364884902	-8.645559407408056	19.556278919631453	48.69789963846366	74.26736960149609	104.16104184922112	156.05222131706103	0.08697874862882835	1.0104505210342354	15.618502650152212	1.013758980763654	NaN	1	NaN	1	NaN	1	-0.004720480382387065	1.1480101683507156	NaN	NaN	800009909	800009909	800009909	800009909	800009919	800119919	899999999	899999999	89999	89999	89	89	4	7	5	3	0	0	5	NaN	0	0	0	0	0	0	0	0	0	NaN	NaN	NaN	NaN	0	0	0	0	0	0	0	0	8555	0	0	0	18000	18000	18000	18000	6	NaN	0.9442705868868935	0.773599786745737	0.17018297148665137	0.06629867386263913	NaN	NaN	9.345332558760384e-8	NaN	0.013881123423799938	NaN	NaN	-0.0000047204803823870646	NaN	NaN	NaN	95756.10929513889	11.65999984741211	NaN	0	0	0	0	0.0002910649815134498	-1	0	2.114169071098169	74.45882559643792	1.0000412471559312	-273.1499938964844	9.000541487163968	-273.1499938964844	110
DATA	2025-08-29T153000_AIU-0547.ghg	2025-08-29	16:00:00	241.666	1	18000	18000	0.10572248307900362	0	NaN	30.205914742664334	0	NaN	NaN	NaN	NaN	NaN	NaN	NaN	NaN	NaN	NaN	0.0051239482800507575	2	NaN	NaN	NaN	NaN	NaN	NaN	NaN	NaN	NaN	NaN	NaN	NaN	1.2231894531721605e-13	NaN	NaN	NaN	NaN	NaN	0	NaN	NaN	NaN	NaN	0	0.08583159084172168	2.2264009958276514	2.2264009958276514	0	1	NaN	NaN	NaN	NaN	9	297.4963813874987	297.50701428678434	95356.65411651642	1.1166353520166465	1005.6700555545742	0.02593917896655628	NaN	NaN	NaN	NaN	NaN	NaN	NaN	NaN	0.9189908250399017	-0.12126232279467647	0.2534553518563456	0.9609829877899327	8.335639475475919e-15	1.4251040219303301e-15	0.9609829877899327	4.632072670941089	339.51684548303956	352.4831545169604	15.29244907098719	NaN	0.3077003503622673	0.7654148639400937	-81.20987283117951	-0.03570994386395075	NaN	0.08741724378526641	0	63.29103440265282	-9.604658648976038	21.72576401548757	54.10022427799866	82.5062555429899	115.71619652815578	173.3639486509737	0.104326644098243	1.0133795061925521	29.75000727171844	1.0153246171263728	NaN	1	NaN	1	NaN	1	0.004460891299062102	1.148637780330595	NaN	NaN	800009909	800009909	800009909	800009919	800009919	800019919	899999999	899999999	89999	89999	89	89	8	8	1	28	0	0	3	NaN	0	0	0	0	0	0	0	0	0	NaN	NaN	NaN	NaN	0	2	0	0	0	0	0	0	9112	0	0	0	18000	18000	18000	18000	6	NaN	0.615330927316382	0.757814827095398	0.15768397346840735	0.047811219066225416	NaN	NaN	8.288741345513007e-8	NaN	0.026492331700337664	NaN	NaN	0.000004460891299062102	NaN	NaN	NaN	95746.3827703993	11.673270151138306	NaN	0	0	0	0	0.00029144384818371495	-1	0	2.1065298268066517	74.5508382672593	1.0000402179294163	-273.1499938964844	9.000509634335836	-273.1499938964844	069
DATA	2025-08-29T160000_AIU-0547.ghg	2025-08-29	16:30:00	241.687	1	18000	18000	0.1098186227188419	0	NaN	8.724567929824351	0	NaN	NaN	NaN	NaN	NaN	NaN	NaN	NaN	NaN	NaN	-0.0014239487839317415	1	NaN	NaN	NaN	NaN	NaN	NaN	NaN	NaN	NaN	NaN	NaN	NaN	-8.982498844597174e-13	NaN	NaN	NaN	NaN	NaN	0	NaN	NaN	NaN	NaN	0	0.08552166203138664	2.2241684592916955	2.2241684592916955	0.5	0	NaN	NaN	NaN	NaN	9	297.88920038435197	298.2613852490636	95348.86008818689	1.1137200889730627	1005.6915179913922	0.02600707711311107	NaN	NaN	NaN	NaN	NaN	NaN	NaN	NaN	1.0560882536566154	-0.19122001865969696	0.24797850808958027	1.1015356714704783	-4.808600901036241e-14	-1.0503185545319005e-14	1.1015356714704783	5.736312585288757	342.26303616073164	349.7369638392684	13.009977278937363	NaN	0.31401469309087054	0.9420742374823665	-298.8179989963291	-0.009704904020977751	NaN	0.024805793158979475	0	60.619741481081505	-9.199279642213542	20.80879559842741	51.81684326624543	79.02395542738135	110.83222110234315	166.04686348626058	0.10849538962958755	1.012196214915417	8.598637993336053	1.0146453352944842	NaN	1	NaN	1	NaN	1	-0.0012402568351429426	1.1481079914932524	NaN	NaN	800009909	800009909	800009909	800009919	800009919	800019919	899999999	899999999	89999	89999	89	89	1	5	0	31	0	0	11	NaN	0	0	0	0	0	0	0	0	0	NaN	NaN	NaN	NaN	0	2	0	0	0	0	0	0	9081	0	0	0	18000	18000	18000	18000	6	NaN	0.7374024826981637	0.9638299494738518	0.18291604279271748	0.04392686391796101	NaN	NaN	4.0863533549064e-8	NaN	0.007676951989762821	NaN	NaN	-0.0000012402568351429426	NaN	NaN	NaN	95741.24522916667	11.680000305175781	NaN	0	0	0	0	0.0002924895776474538	-1	0	2.106209074709151	74.45299186020512	1.000031898409128	-273.1499938964844	9.000429275168313	-273.1499938964844	122
DATA	2025-08-29T163000_AIU-0547.ghg	2025-08-29	17:00:00	241.708	1	18000	18000	0.16169576691895118	0	NaN	20.671494467854203	0	NaN	NaN	NaN	NaN	NaN	NaN	NaN	NaN	NaN	NaN	-0.005821511611987885	0	NaN	NaN	NaN	NaN	NaN	NaN	NaN	NaN	NaN	NaN	NaN	NaN	-8.747167306732587e-13	NaN	NaN	NaN	NaN	NaN	0	NaN	NaN	NaN	NaN	0	0.08560185226445739	2.2253529307329014	2.2253529307329014	0.8	0	NaN	NaN	NaN	NaN	9	297.9047229614258	298.0812298329672	95329.85090017361	1.1141710326017205	1005.6863616790906	0.025996551147724246	NaN	NaN	NaN	NaN	NaN	NaN	NaN	NaN	0.929666402822774	0.052593547580779554	0.251301708022186	0.9644678585829338	-3.465424579780619e-14	-1.0218432283111336e-14	0.9644678585829338	4.998567509620404	328.76208613549704	3.237913864502989	15.10329085938313	NaN	0.3809547506460234	1.0804023064979704	-225.15677801498825	-0.012879914278249943	NaN	0.04842660887308541	0	73.89639068002997	-11.2140623797944	25.366239636672994	63.165523313941364	96.33140855880245	135.10617020810318	202.41366253935075	0.1595662365639924	1.0133457453206571	20.35988961896073	1.015304839796542	NaN	1	NaN	1	NaN	1	-0.005068267540334316	1.1486196349460833	NaN	NaN	800009909	800009909	800009909	800009909	800009919	800009919	899999999	899999999	89999	89999	89	89	7	5	4	5	0	0	9	NaN	0	0	0	0	0	0	0	0	0	NaN	NaN	NaN	NaN	0	0	0	0	0	0	0	0	9452	0	0	0	18000	18000	18000	18000	6	NaN	0.9122104486189544	1.0845065584413016	0.16408760593568494	0.08165144525368259	NaN	NaN	1.7050522891369464e-7	NaN	0.018170253883134882	NaN	NaN	-0.000005068267540334316	NaN	NaN	NaN	95716.77764409722	11.670115054612957	NaN	0	0	0	0	0.00029261737883401424	-1	0	2.1065047740340233	74.83973629718348	1.0000231400032837	-273.1499938964844	9.000347351551056	-273.1499938964844	137
DATA	2025-08-29T170000_AIU-0547.ghg	2025-08-29	17:30:00	241.729	1	18000	18000	0.13308501257016578	0	NaN	28.654256759354887	0	NaN	NaN	NaN	NaN	NaN	NaN	NaN	NaN	NaN	NaN	-0.013158519542589212	0	NaN	NaN	NaN	NaN	NaN	NaN	NaN	NaN	NaN	NaN	NaN	NaN	-4.5460839201401664e-13	NaN	NaN	NaN	NaN	NaN	0	NaN	NaN	NaN	NaN	0	0.08584677169230526	2.2348562356763013	2.2348562356763013	0	1	NaN	NaN	NaN	NaN	9	297.7767100669013	298.51386330329046	95334.2385609809	1.11260748111741	1005.6987767541059	0.0260330841989789	NaN	NaN	NaN	NaN	NaN	NaN	NaN	NaN	0.5608238135446679	0.3184791393077327	0.254845143559311	0.6934683548718914	-1.574951779469438e-14	-5.295579356710565e-15	0.6934683548718914	4.304337920009011	302.40873854802726	29.591261451972763	21.561120476562117	NaN	0.34585462448451953	0.5269798752033725	-121.5480415744347	-0.023858878863334636	NaN	0.07404328243522047	0	76.78447755713725	-11.652340705705916	26.35762640322629	65.63421653819526	100.09632149097254	140.38651412752137	210.3245799352812	0.1308674772883659	1.0169448920980846	28.1608736852467	1.0175201621804322	NaN	1	NaN	1	NaN	1	-0.011430974493474718	1.1511284143010423	NaN	NaN	800009909	800009909	800009909	800009909	800009919	801109919	899999999	899999999	89999	89999	89	89	12	6	8	17	0	0	17	NaN	0	0	0	0	0	0	0	0	0	NaN	NaN	NaN	NaN	0	0	0	0	0	0	0	0	9317	0	0	0	18000	18000	18000	18000	6	NaN	0.4278660385925645	0.5032110393671819	0.12288267244699874	0.14383300312532024	NaN	NaN	1.363328474046046e-7	NaN	0.025167276869835047	NaN	NaN	-0.000011430974493474717	NaN	NaN	NaN	95730.83020095486	11.676604356977673	NaN	0	0	0	0	0.00029270031227174005	-1	0	2.116678610739884	74.92000646400453	1.0000355872876114	-273.1499938964844	9.000418025520112	-273.1499938964844	123
DATA	2025-08-29T173000_AIU-0547.ghg	2025-08-29	18:00:00	241.749	1	18000	18000	0.1119965775570706	1	NaN	80.21071601636332	1	NaN	NaN	NaN	NaN	NaN	NaN	NaN	NaN	NaN	NaN	-0.0366307605601756	1	NaN	NaN	NaN	NaN	NaN	NaN	NaN	NaN	NaN	NaN	NaN	NaN	9.965867821319053e-13	NaN	NaN	NaN	NaN	NaN	0	NaN	NaN	NaN	NaN	0	0.08624525239128987	2.2342548642286286	2.2342548642286286	0.5	0	NaN	NaN	NaN	NaN	9	296.9019570770264	297.0644533505033	95337.37563480089	1.1180728048407793	1005.6576218198514	0.025905830202594106	NaN	NaN	NaN	NaN	NaN	NaN	NaN	NaN	0.6838651790543191	0.22031572790112416	0.2779415966029675	0.7703649357322936	-1.0986590558611139e-14	1.1555265414616066e-14	0.7703649357322936	4.021644426967147	314.14300503099514	17.856994969004862	21.148850651175987	NaN	0.3164953499994076	0.4180498058583266	-33.27502508500548	-0.08715245120301379	NaN	0.2253952844891621	0	88.81007646886408	-13.477271735617991	30.485625361798068	75.91351761680757	115.77290422078251	162.37314430621586	243.26455843154721	0.11026834810090148	1.0156729422897284	78.89156778538577	1.016721029483989	NaN	1	NaN	1	NaN	1	-0.03184888079447487	1.150142788268098	NaN	NaN	800009909	800009909	800009909	800009919	800109919	800109919	899999999	899999999	89999	89999	89	89	0	1	7	18	0	0	16	NaN	0	0	0	0	0	0	0	0	0	NaN	NaN	NaN	NaN	0	1	0	0	0	0	0	0	4168	0	0	0	18000	18000	18000	18000	6	NaN	0.3101378412327559	0.454435411977053	0.07152635850684426	0.7010545869962819	NaN	NaN	1.9719534973499143e-7	NaN	0.07016335590975085	NaN	NaN	-0.00003184888079447487	NaN	NaN	NaN	95719.57339084201	11.6899995803833	NaN	0	0	0	0	0.0002918935144714647	-1	0	2.112474989914231	74.93628988922971	1.0000272369351653	-273.1499938964844	9.000357531017727	-273.1499938964844	015
DATA	2025-08-29T180000_AIU-0547.ghg	2025-08-29	18:30:00	241.77	1	18000	18000	0.06734853735889869	1	NaN	49.9004394093164	1	NaN	NaN	NaN	NaN	NaN	NaN	NaN	NaN	NaN	NaN	-0.013411334787250224	2	NaN	NaN	NaN	NaN	NaN	NaN	NaN	NaN	NaN	NaN	NaN	NaN	-7.256983231096053e-13	NaN	NaN	NaN	NaN	NaN	0	NaN	NaN	NaN	NaN	0	0.08685167649966306	2.2370113204468414	2.2370113204468414	0.5	0	NaN	NaN	NaN	NaN	9	296.23740530225973	295.32413858032237	95327.67265798611	1.124547030264098	1005.6098570124059	0.02575668554257004	NaN	NaN	NaN	NaN	NaN	NaN	NaN	NaN	0.8141350250171929	0.48643708023242693	0.29734376712856714	0.9939065287213369	1.993656486332233e-14	-8.355605238229576e-15	0.9939065287213369	3.234014589996416	301.1421286322898	30.857871367710185	17.407561940314483	NaN	0.24472327316294085	0.25662648135943605	-24.72396063034776	-0.1172951228712262	NaN	0.18031088814547258	0	95.58345908454969	-14.505158679425659	32.81070842741507	81.70330320157167	124.60269255106736	174.75704798727526	261.8179027884835	0.06647953341736203	1.0130717515130712	49.15600850112597	1.0151442505380268	NaN	1	NaN	1	NaN	1	-0.011677486552670022	1.1484778618035543	NaN	NaN	800009909	800009909	800009909	800009909	800009919	800119919	899999999	899999999	89999	89999	89	89	13	6	2	8	0	0	9	NaN	0	0	0	0	0	0	0	0	0	NaN	NaN	NaN	NaN	0	0	0	0	0	0	0	0	10313	0	0	0	18000	18000	18000	18000	6	NaN	0.2916634616809363	0.18600337233334488	0.03558612870459084	0.33766082473075365	NaN	NaN	8.031014259922222e-7	NaN	0.04346798074312101	NaN	NaN	-0.000011677486552670022	NaN	NaN	NaN	95705.0606731771	11.670094757556917	NaN	0	0	0	0	0.00028957563207627064	-1	0	2.110430794119834	75.36959225951301	1.0000592522041665	-321.2769959174203	9.00056742363506	-295.39661983065724	160
DATA	2025-08-29T183000_AIU-0547.ghg	2025-08-29	19:00:00	241.791	0	18000	18000	0.03916768992666038	1	NaN	21.785222580673135	1	NaN	NaN	NaN	NaN	NaN	NaN	NaN	NaN	NaN	NaN	0.0031976665356144582	1	NaN	NaN	NaN	NaN	NaN	NaN	NaN	NaN	NaN	NaN	NaN	NaN	9.209139827923815e-13	NaN	NaN	NaN	NaN	NaN	0	NaN	NaN	NaN	NaN	0	0.08824214085163255	2.2623109790620513	2.2623109790620513	-0.2	0	NaN	NaN	NaN	NaN	9	295.0049278547499	293.93016298929854	95318.65564409722	1.1297733646657515	1005.5728966440211	0.025637535051034478	NaN	NaN	NaN	NaN	NaN	NaN	NaN	NaN	0.9060338016162908	0.36819016854303993	0.2895975666629526	1.0199647055168515	5.547009387141392e-15	1.0436215326425229e-14	1.0199647055168515	2.479914870287753	309.884367476643	22.11563252335704	16.49484086177611	NaN	0.18619512807480967	0.1711296444812991	-24.939873049367886	-0.11627966165904369	NaN	0.1029885153224126	1	9.545464908789382	4	8	14	22	38	102	0.0386710572174639	1.0128424911272453	21.463033377088834	1.0150113545426542	NaN	1	NaN	1	NaN	1	0.0027845312608138755	1.1483679787023937	NaN	NaN	800009909	800009909	800009909	800009909	800009919	800009919	899999999	899999999	89999	89999	89	89	0	4	2	25	0	0	8	NaN	0	0	0	0	0	0	0	0	0	NaN	NaN	NaN	NaN	0	0	0	0	0	0	0	0	16841	0	0	0	18000	18000	18000	18000	6	NaN	0.1528090224643003	0.1658547372952333	0.02359552920306456	0.11541660076885248	NaN	NaN	3.5614838215615257e-7	NaN	0.018892359888261007	NaN	NaN	0.0000027845312608138755	NaN	NaN	NaN	95699.38145551215	11.65999984741211	NaN	0	0	0	0	0.0002876232927018364	-1	0	2.1306132348312277	75.28165800264148	1.0000661017066903	-273.1499938964844	9.000741309112973	-273.1499938964844	047
DATA	2025-08-29T190000_AIU-0547.ghg	2025-08-29	19:30:00	241.812	0	18000	18000	0.048178925505987985	1	NaN	41.876801535273586	1	NaN	NaN	NaN	NaN	NaN	NaN	NaN	NaN	NaN	NaN	-0.02714554843474538	1	NaN	NaN	NaN	NaN	NaN	NaN	NaN	NaN	NaN	NaN	NaN	NaN	-2.418467592447472e-13	NaN	NaN	NaN	NaN	NaN	0	NaN	NaN	NaN	NaN	0	0.08849714186006337	2.260432300081501	2.260432300081501	0	1	NaN	NaN	NaN	NaN	9	294.0035875057645	292.81539617326536	95310.70206315104	1.1339798541773847	1005.5441706675695	0.025542432812754826	NaN	NaN	NaN	NaN	NaN	NaN	NaN	NaN	1.43218235095387	0.45760307033691294	0.3472218225438711	1.5430845247154024	5.729179482199606e-14	-2.7328200003020305e-15	1.5430845247154024	3.3821853979870773	314.2805636041571	17.719436395842923	13.003937733200871	NaN	0.20612272981646249	0.27644581807742624	-17.600182504295955	-0.16477101866938887	NaN	0.17817268572893477	0	77.40714507262602	-11.746832903447984	26.57136801180161	66.16646336519852	100.9080314849094	141.5249489354533	212.03016272754633	0.047704711491350124	1.0099406117302239	41.316916491218855	1.0135509881085565	NaN	1	NaN	1	NaN	1	-0.02364018981388968	1.148279630935795	NaN	NaN	800009909	800009909	800009909	800009909	800009919	800019919	899999999	899999999	89999	89999	89	89	0	1	1	40	0	0	13	NaN	0	0	0	0	0	0	0	0	0	NaN	NaN	NaN	NaN	0	0	0	0	0	0	0	0	16606	0	0	0	18000	18000	18000	18000	6	NaN	0.28520509045013875	0.2249119214304431	0.04277462427427063	0.2120547611037819	NaN	NaN	2.542276012405159e-7	NaN	0.03623442805745183	NaN	NaN	-0.00002364018981388968	NaN	NaN	NaN	95688.68728190105	11.650130177074008	NaN	0	0	0	0	0.0002863326536219879	-1	0	2.125870085539972	74.98656933975218	1.00008539388246	-273.1499938964844	9.000874706904094	-273.1499938964844	008
DATA	2025-08-29T193000_AIU-0547.ghg	2025-08-29	20:00:00	241.833	0	18000	18000	0.013850178508966533	0	NaN	20.635647855427578	0	NaN	NaN	NaN	NaN	NaN	NaN	NaN	NaN	NaN	NaN	0.0005906220945935723	2	NaN	NaN	NaN	NaN	NaN	NaN	NaN	NaN	NaN	NaN	NaN	NaN	2.8198838160895955e-13	NaN	NaN	NaN	NaN	NaN	0	NaN	NaN	NaN	NaN	0	0.08897092017714975	2.2625207503149363	2.2625207503149363	-0.4	0	NaN	NaN	NaN	NaN	9	292.7600562871296	291.50958075710764	95305.58782472834	1.1389983897896747	1005.5114612425045	0.025429890415992522	NaN	NaN	NaN	NaN	NaN	NaN	NaN	NaN	1.611267455481819	0.2870541036081998	0.3785376924788183	1.679843342731806	-1.2543743125822171e-14	3.169444365052011e-15	1.679843342731806	3.0565872849640976	321.89849537098496	10.101504629015075	13.022934976425516	NaN	0.11027222317403587	0.15043041755209144	-5.468428460803723	-0.5303168946593062	NaN	0.16339615867278956	1	31.311301745272658	14	25	41	61	98	222	0.013719710034413078	1.0095095650145813	20.36260567016401	1.013409000286424	NaN	1	NaN	1	NaN	1	0.0005141636231266533	1.1487045524573896	NaN	NaN	800009909	800009909	800009909	800009919	800009919	800019919	899999999	899999999	89999	89999	89	89	5	5	1	54	0	0	8	NaN	0	0	0	0	0	0	0	0	0	NaN	NaN	NaN	NaN	0	9	0	0	0	0	0	0	17901	0	0	0	18000	18000	18000	18000	6	NaN	0.10457657534951181	0.1547197834765392	0.041564476278131875	0.16543635378756733	NaN	NaN	1.2951946146798892e-7	NaN	0.01777965033846503	NaN	NaN	5.141636231266534e-7	NaN	NaN	NaN	95683.95550217014	11.659906511942545	NaN	0	0	0	0	0.00028518104421608687	-1	0	2.1245614570785447	74.51178844423642	1.0001063892212179	-304.3599850395983	9.000953434440826	-273.1499938964844	115
DATA	2025-08-29T200000_AIU-0547.ghg	2025-08-29	20:30:00	241.854	0	18000	18000	0.010421941895525122	0	NaN	41.06150750266385	0	NaN	NaN	NaN	NaN	NaN	NaN	NaN	NaN	NaN	NaN	-0.015525849819777456	1	NaN	NaN	NaN	NaN	NaN	NaN	NaN	NaN	NaN	NaN	NaN	NaN	5.189321488808499e-13	NaN	NaN	NaN	NaN	NaN	0	NaN	NaN	NaN	NaN	0	0.08950435016858434	2.26792453958134	2.26792453958134	-0.8	0	NaN	NaN	NaN	NaN	9	291.70568395317923	290.50836761992963	95320.03865294001	1.1430971510818906	1005.4870684438687	0.02533870739589339	NaN	NaN	NaN	NaN	NaN	NaN	NaN	NaN	1.56614973466512	0.17428165657018083	0.35230572094427276	1.6147192970354012	1.2443197948100141e-14	5.7978427629877695e-15	1.6147192970354012	3.1761170250870654	325.65023124080625	6.3497687591938075	12.602385876970706	NaN	0.0954844723671512	0.1806270910933968	-1.7843584338467873	-1.6252340028724332	NaN	0.3741472049788485	1	24.050432742495712	11	19	30	45	71	153	0.010321782644392912	1.0097036776090822	40.515832317098976	1.0134681963656609	NaN	1	NaN	1	NaN	1	-0.013518543133931311	1.1484854296768	NaN	NaN	800009909	800009919	800009909	800009919	800009919	800019919	899999999	899999999	89999	89999	89	89	14	0	2	50	0	0	11	NaN	0	0	0	0	0	0	0	0	0	NaN	NaN	NaN	NaN	0	279	0	0	0	0	0	0	17604	0	0	0	18000	18000	18000	18000	6	NaN	0.1410603650173732	0.1768046540057091	0.04338916316371131	0.16373093187040952	NaN	NaN	4.226979670683198e-7	NaN	0.03525048796120287	NaN	NaN	-0.000013518543133931312	NaN	NaN	NaN	95702.59734266493	11.680000305175781	NaN	0	0	0	0	0.00028441577731993866	-1	0	2.1281355337162826	62.97995056631845	1.0001317430502839	-294.306494784882	9.001055862956576	-273.1499938964844	195
DATA	2025-08-29T203000_AIU-0547.ghg	2025-08-29	21:00:00	241.874	0	18000	18000	0.018884994889436194	0	NaN	49.10412446161119	0	NaN	NaN	NaN	NaN	NaN	NaN	NaN	NaN	NaN	NaN	-0.008807887932223262	0	NaN	NaN	NaN	NaN	NaN	NaN	NaN	NaN	NaN	NaN	NaN	NaN	-1.024443348825816e-12	NaN	NaN	NaN	NaN	NaN	0	NaN	NaN	NaN	NaN	0	0.09018349914379016	2.2791303902292235	2.2791303902292235	-0.1	0	NaN	NaN	NaN	NaN	9	290.89720521630187	289.7838757475855	95332.75565200778	1.1461079070099969	1005.4697891310805	0.025272144149068088	NaN	NaN	NaN	NaN	NaN	NaN	NaN	NaN	1.7962319930266208	0.3730930843424434	0.39149963894900397	1.8758784048156514	-3.0587267492494845e-15	-1.1359543137624606e-14	1.8758784048156514	3.4304921023162898	320.26601326806383	11.733986731936152	12.04629897663636	NaN	0.12836472107095312	0.18142599845873825	-3.6255316926985404	-0.7998826781297516	NaN	0.33195388488012467	1	26.13602879392294	12	20	34	50	80	177	0.018716053967972983	1.0090265245949976	48.45916842511642	1.0133092675226447	NaN	1	NaN	1	NaN	1	-0.007662204924553347	1.1495239319426975	NaN	NaN	800009909	800009909	800009909	800009919	800009919	800019919	899999999	899999999	89999	89999	89	89	1	1	1	39	0	0	13	NaN	0	0	0	0	0	0	0	0	0	NaN	NaN	NaN	NaN	0	48	0	0	0	0	0	0	17604	0	0	0	18000	18000	18000	18000	6	NaN	0.1892873893319429	0.12633450466841498	0.047230102917118606	0.15744800300859596	NaN	NaN	2.7850453785286504e-7	NaN	0.042051493267433515	NaN	NaN	-0.000007662204924553347	NaN	NaN	NaN	95717.7184780816	11.673365708880956	NaN	0	0	0	0	0.00028375976155964767	-1	0	2.1371353480531114	59.31158826835939	1.000156607940793	-273.1499938964844	9.001121184772915	-273.1499938964844	179
DATA	2025-08-29T210000_AIU-0547.ghg	2025-08-29	21:30:00	241.895	0	18000	18000	0.024599145449927473	0	NaN	33.03895347927955	0	NaN	NaN	NaN	NaN	NaN	NaN	NaN	NaN	NaN	NaN	-0.0026677767410549853	2	NaN	NaN	NaN	NaN	NaN	NaN	NaN	NaN	NaN	NaN	NaN	NaN	-4.5234810060204544e-14	NaN	NaN	NaN	NaN	NaN	0	NaN	NaN	NaN	NaN	0	0.09039276137658292	2.281450260209598	2.281450260209598	0	0	NaN	NaN	NaN	NaN	9	290.4885989532471	289.43234532504613	95341.00660503472	1.1475992287740755	1005.461517484279	0.025239302632927733	NaN	NaN	NaN	NaN	NaN	NaN	NaN	NaN	1.6433580722974448	0.3410293729178786	0.3499987850947528	1.7144754114730558	-4.732941716546054e-14	-5.00425137713771e-16	1.7144754114730558	3.5221870942316813	320.2763902561789	11.723609743821104	11.77935723702221	NaN	0.14640802640704167	0.19637229670069806	-7.9954750740063485	-0.3627051517461459	NaN	0.19557155779831353	1	24.68379870923543	11	20	33	50	81	189	0.024369735618735826	1.0094137185064607	32.602625141602346	1.0133832271414374	NaN	1	NaN	1	NaN	1	-0.00232216311580639	1.1488326220049268	NaN	NaN	800009909	800009909	800009909	800009909	800009919	800009919	899999999	899999999	89999	89999	89	89	1	7	1	40	0	0	2	NaN	0	0	0	0	0	0	0	0	0	NaN	NaN	NaN	NaN	0	0	0	0	0	0	0	0	17505	0	0	0	18000	18000	18000	18000	6	NaN	0.15107852578020345	0.2021828192576775	0.039483248363515154	0.10546799509079959	NaN	NaN	1.1180978911418578e-7	NaN	0.02825510135920716	NaN	NaN	-0.00000232216311580639	NaN	NaN	NaN	95730.42336371528	11.670000076293945	NaN	0	0	0	0	0.00028266168120899234	-1	0	2.1379724330868983	61.56034844207766	1.0001654482103057	-273.1499938964844	9.00111965444353	-273.1499938964844	120
DATA	2025-08-29T213000_AIU-0547.ghg	2025-08-29	22:00:00	241.916	0	18000	18000	0.04586963822809558	1	NaN	39.70139666509356	1	NaN	NaN	NaN	NaN	NaN	NaN	NaN	NaN	NaN	NaN	0.0007272666892888734	2	NaN	NaN	NaN	NaN	NaN	NaN	NaN	NaN	NaN	NaN	NaN	NaN	-9.412440957259213e-13	NaN	NaN	NaN	NaN	NaN	0	NaN	NaN	NaN	NaN	0	0.0902272565054082	2.2741789257702445	2.2741789257702445	0	1	NaN	NaN	NaN	NaN	9	290.1783432701958	289.135176378088	95372.6989912331	1.1491605811644972	1005.4545822888114	0.025205010258002588	NaN	NaN	NaN	NaN	NaN	NaN	NaN	NaN	1.7605150335547453	0.5493915259336991	0.4047448105897303	1.8881373344751762	-8.774452660749906e-14	-1.0431926362179742e-14	1.8881373344751762	3.7143673990180317	314.6687911367111	17.331208863288925	12.378097317390589	NaN	0.19978933314364264	0.2873613256898772	-16.911692257208106	-0.17147899547213918	NaN	0.1719848966979897	1	21.04055879516776	9	17	29	46	77	191	0.04546046671824344	1.0090006007282792	39.18004826202222	1.0133064767961681	NaN	1	NaN	1	NaN	1	0.000632635665204421	1.1495821833786033	NaN	NaN	800009909	800009909	800009909	800009919	800009919	800009919	899999999	899999999	89999	89999	89	89	2	12	2	23	0	0	4	NaN	0	0	0	0	0	0	0	0	0	NaN	NaN	NaN	NaN	0	24	0	0	0	0	0	0	16510	0	0	0	18000	18000	18000	18000	6	NaN	0.29955707280362587	0.23406954407245137	0.04109603450367714	0.1480419094394507	NaN	NaN	1.7653317808418003e-7	NaN	0.033909531428941486	NaN	NaN	6.32635665204421e-7	NaN	NaN	NaN	95762.99933528645	11.670000076293945	NaN	0	0	0	0	0.0002827062797053561	-1	0	2.1313536380188327	60.41660679343007	1.0001604314347108	-273.1499938964844	9.001116819275751	-273.1499938964844	218
DATA	2025-08-29T220000_AIU-0547.ghg	2025-08-29	22:30:00	241.937	0	18000	18000	0.04305679202546006	0	NaN	34.932459646999256	0	NaN	NaN	NaN	NaN	NaN	NaN	NaN	NaN	NaN	NaN	-0.00879905237813291	0	NaN	NaN	NaN	NaN	NaN	NaN	NaN	NaN	NaN	NaN	NaN	NaN	1.3741647591091722e-13	NaN	NaN	NaN	NaN	NaN	0	NaN	NaN	NaN	NaN	0	0.09046177990350096	2.2780383055200195	2.2780383055200195	0.2	0	NaN	NaN	NaN	NaN	9	289.9300656670465	288.9013085381521	95381.38736132998	1.1501956078047515	1005.4491613042416	0.025182329022821463	NaN	NaN	NaN	NaN	NaN	NaN	NaN	NaN	1.2079940339079174	0.30259169388403534	0.31897596921096283	1.2855181788285626	-2.1055631468136628e-14	1.519055628327285e-15	1.2855181788285626	2.9900583718544462	317.9372795088831	14.062720491116975	14.36689857214921	NaN	0.19347951150946807	0.2655687226210408	-17.457322976780116	-0.16611939893976144	NaN	0.15612137328205095	1	12.566070279505514	6	10	18	28	47	120	0.042586183233182494	1.0110507389145613	34.44878203550614	1.0140404851177203	NaN	1	NaN	1	NaN	1	-0.0076652969687291015	1.1479075649683257	NaN	NaN	800009909	800009909	800009909	800009919	800009919	800009919	899999999	899999999	89999	89999	89	89	3	3	2	37	0	0	9	NaN	0	0	0	0	0	0	0	0	0	NaN	NaN	NaN	NaN	0	73	0	0	0	0	0	0	17008	0	0	0	18000	18000	18000	18000	6	NaN	0.30894152537729763	0.18215201950614712	0.04004390035863691	0.09761995262977352	NaN	NaN	1.5347098933046776e-7	NaN	0.029788048388710908	NaN	NaN	-0.000007665296968729102	NaN	NaN	NaN	95773.52041644965	11.670000076293945	NaN	0	0	0	0	0.0002825485883578141	-1	0	2.1371825289218505	61.24403940459217	1.000173951274819	-273.1499938964844	9.001189561658435	-273.1499938964844	089
DATA	2025-08-29T223000_AIU-0547.ghg	2025-08-29	23:00:00	241.958	0	18000	18000	0.02415609465312565	0	NaN	41.905498063729965	0	NaN	NaN	NaN	NaN	NaN	NaN	NaN	NaN	NaN	NaN	-0.015473051742607135	0	NaN	NaN	NaN	NaN	NaN	NaN	NaN	NaN	NaN	NaN	NaN	NaN	3.0777579053719907e-13	NaN	NaN	NaN	NaN	NaN	0	NaN	NaN	NaN	NaN	0	0.09060514847894885	2.277648212313889	2.277648212313889	0	0	NaN	NaN	NaN	NaN	9	289.4586697175767	288.40509324662196	95384.80037779876	1.1522158045652635	1005.4377668792174	0.025138176478382752	NaN	NaN	NaN	NaN	NaN	NaN	NaN	NaN	1.338621817198377	0.43265607474107004	0.3436753447565311	1.4481755387670723	1.3548736489899646e-14	3.396890747424883e-15	1.4481755387670723	3.1120314946598944	314.08864411586194	17.91135588413808	13.728187302703235	NaN	0.14479262688818068	0.21583932200664185	-6.099249162720558	-0.47546836055250785	NaN	0.24982479344438732	1	18.68020013144511	8	15	25	37	61	140	0.02390987854164223	1.010297673033119	41.33943651568447	1.0136930155743833	NaN	1	NaN	1	NaN	1	-0.01347744599124488	1.1480700239985102	NaN	NaN	800009909	800009909	800009909	800009919	800009919	800009919	899999999	899999999	89999	89999	89	89	4	6	1	30	0	0	3	NaN	0	0	0	0	0	0	0	0	0	NaN	NaN	NaN	NaN	0	1	0	0	0	0	0	0	16909	0	0	0	18000	18000	18000	18000	6	NaN	0.2007155984679519	0.18068093525178722	0.05028211029354459	0.13884714478554036	NaN	NaN	1.373341627895876e-7	NaN	0.035684164287265605	NaN	NaN	-0.000013477445991244881	NaN	NaN	NaN	95774.38241297743	11.670000076293945	NaN	0	0	0	0	0.0002820204421748511	-1	0	2.1328979918029582	62.901878251923506	1.000175395766894	-273.1499938964844	9.001196688546075	-273.1499938964844	178
DATA	2025-08-29T230000_AIU-0547.ghg	2025-08-29	23:30:00	241.979	0	18000	18000	0.011980523624587477	0	NaN	48.518002933511596	0	NaN	NaN	NaN	NaN	NaN	NaN	NaN	NaN	NaN	NaN	-0.025417667393026557	1	NaN	NaN	NaN	NaN	NaN	NaN	NaN	NaN	NaN	NaN	NaN	NaN	-2.321144119541218e-12	NaN	NaN	NaN	NaN	NaN	0	NaN	NaN	NaN	NaN	0	0.09079213389671513	2.2790139085480656	2.2790139085480656	0	0	NaN	NaN	NaN	NaN	9	289.0435678109063	287.99390977817103	95388.18203645834	1.153901788939427	1005.4284359232001	0.025101446686346916	NaN	NaN	NaN	NaN	NaN	NaN	NaN	NaN	1.3068962741229366	0.2622556108170821	0.31598406112634	1.3698911648767291	-3.740541042934924e-14	-2.5565475993567293e-14	1.3698911648767291	2.7961298932047813	320.6531295858316	11.346870414168412	13.336145227346291	NaN	0.10189514146916738	0.20111248081683594	-1.8359993207719842	-1.5795212815114956	NaN	0.410420862958631	1	18.43844491458214	8	14	23	35	55	119	0.011854448016730676	1.0106352997354973	47.85558532888337	1.0138420123811216	NaN	1	NaN	1	NaN	1	-0.02214162392074963	1.1479585907520922	NaN	NaN	800009909	800009909	800009909	800009909	800009919	800019919	899999999	899999999	89999	89999	89	89	0	1	0	54	0	0	4	NaN	0	0	0	0	0	0	0	0	0	NaN	NaN	NaN	NaN	0	0	0	0	0	0	0	0	17010	0	0	0	18000	18000	18000	18000	6	NaN	0.15618870747575087	0.19970304425786056	0.04633320990006048	0.1432139556687179	NaN	NaN	1.445708307721934e-7	NaN	0.041248923779405	NaN	NaN	-0.00002214162392074963	NaN	NaN	NaN	95778.97737369791	11.676635228157044	NaN	0	0	0	0	0.0002816039474144216	-1	0	2.1332564377420473	61.903621989038214	1.0001511649539074	-300.4434950425936	9.001059707244238	-273.1499938964844	171
