DATAH	filename	date	time	DOY	daytime	file_records	used_records	Tau	qc_Tau	rand_err_Tau	H	qc_H	rand_err_H	LE	qc_LE	rand_err_LE	co2_flux	qc_co2_flux	rand_err_co2_flux	h2o_flux	qc_h2o_flux	rand_err_h2o_flux	ch4_flux	qc_ch4_flux	rand_err_ch4_flux	none_flux	qc_none_flux	rand_err_none_flux	H_strg	LE_strg	co2_strg	h2o_strg	ch4_strg	none_strg	co2_v-adv	h2o_v-adv	ch4_v-adv	none_v-adv	co2_molar_density	co2_mole_fraction	co2_mixing_ratio	co2_time_lag	co2_def_timelag	h2o_molar_density	h2o_mole_fraction	h2o_mixing_ratio	h2o_time_lag	h2o_def_timelag	ch4_molar_density	ch4_mole_fraction	ch4_mixing_ratio	ch4_time_lag	ch4_def_timelag	none_molar_density	none_mole_fraction	none_mixing_ratio	none_time_lag	none_def_timelag	sonic_temperature	air_temperature	air_pressure	air_density	air_heat_capacity	air_molar_volume	ET	water_vapor_density	e	es	specific_humidity	RH	VPD	Tdew	u_unrot	v_unrot	w_unrot	u_rot	v_rot	w_rot	wind_speed	max_wind_speed	wind_dir	yaw	pitch	roll	u*	TKE	L	(z-d)/L	bowen_ratio	T*	model	x_peak	x_offset	x_10%	x_30%	x_50%	x_70%	x_90%	un_Tau	Tau_scf	un_H	H_scf	un_LE	LE_scf	un_co2_flux	co2_scf	un_h2o_flux	h2o_scf	un_ch4_flux	ch4_scf	un_none_flux	un_none_scf	spikes_hf	amplitude_resolution_hf	drop_out_hf	absolute_limits_hf	skewness_kurtosis_hf	skewness_kurtosis_sf	discontinuities_hf	discontinuities_sf	timelag_hf	timelag_sf	attack_angle_hf	non_steady_wind_hf	u_spikes	v_spikes	w_spikes	ts_spikes	co2_spikes	h2o_spikes	ch4_spikes	none_spikes	head_detect_LI-7200	t_out_LI-7200	t_in_LI-7200	aux_in_LI-7200	delta_p_LI-7200	chopper_LI-7200	detector_LI-7200	pll_LI-7200	sync_LI-7200	chopper_LI-7500	detector_LI-7500	pll_LI-7500	sync_LI-7500	not_ready_LI-7700	no_signal_LI-7700	re_unlocked_LI-7700	bad_temp_LI-7700	laser_temp_unregulated_LI-7700	block_temp_unregulated_LI-7700	motor_spinning_LI-7700	pump_on_LI-7700	top_heater_on_LI-7700	bottom_heater_on_LI-7700	calibrating_LI-7700	motor_failure_LI-7700	bad_aux_tc1_LI-7700	bad_aux_tc2_LI-7700	bad_aux_tc3_LI-7700	box_connected_LI-7700	mean_value_RSSI_LI-7200	mean_value_LI-7500	u_var	v_var	w_var	ts_var	co2_var	h2o_var	ch4_var	none_var	w/ts_cov	w/co2_cov	w/h2o_cov	w/ch4_cov	w/none_cov	co2_mean	h2o_mean	air_p_mean	vin_sf_mean	dew_point_mean	avg_signal_strength_7200_mean	co2_signal_strength_7200_mean	h2o_signal_strength_7200_mean	delta_signal_strength_7200_mean	flowrate_mean	hit_power_mean	hit_vin_mean	ch4_mean	rssi_77_mean	ch4_aux-1_mean	ch4_aux-2_mean	ch4_aux-3_mean	ch4_aux-4_mean	CHK
DATAU		[yyyy-mm-dd]	[HH:MM]	[ddd.ddd]	[1=daytime]	[#]	[#]	[kg+1m-1s-2]	[#]	[kg+1m-1s-2]	[W+1m-2]	[#]	[W+1m-2]	[W+1m-2]	[#]	[W+1m-2]	[µmol+1s-1m-2]	[#]	[µmol+1s-1m-2]	[mmol+1s-1m-2]	[#]	[mmol+1s-1m-2]	[µmol+1s-1m-2]	[#]	[µmol+1s-1m-2]	[µmol+1s-1m-2]	[#]	[µmol+1s-1m-2]	[W+1m-2]	[W+1m-2]	[µmol+1s-1m-2]	[mmol+1s-1m-2]	[µmol+1s-1m-2]	[µmol+1s-1m-2]	[µmol+1s-1m-2]	[mmol+1s-1m-2]	[µmol+1s-1m-2]	[µmol+1s-1m-2]	[mmol+1m-3]	[µmol+1mol_a-1]	[µmol+1mol_d-1]	[s]	[1=default]	[mmol+1m-3]	[mmol+1mol_a-1]	[mmol+1mol_d-1]	[s]	[1=default]	[mmol+1m-3]	[µmol+1mol_a-1]	[µmol+1mol_d-1]	[s]	[1=default]	[mmol+1m-3]	[µmol+1mol_a-1]	[µmol+1mol_d-1]	[s]	[1=default]	[K]	[K]	[Pa]	[kg+1m-3]	[J+1kg-1K-1]	[m+3mol-1]	[mm]	[kg+1m-3]	[Pa]	[Pa]	[kg+1kg-1]	[%]	[Pa]	[K]	[m+1s-1]	[m+1s-1]	[m+1s-1]	[m+1s-1]	[m+1s-1]	[m+1s-1]	[m+1s-1]	[m+1s-1]	[deg_from_north]	[deg]	[deg]	[deg]	[m+1s-1]	[m+2s-2]	[m]	[#]	[#]	[K]	[0=KJ/1=KM/2=HS]	[m]	[m]	[m]	[m]	[m]	[m]	[m]	[kg+1m-1s-2]	[#]	[W+1m-2]	[#]	[W+1m-2]	[#]	[µmol+1s-1m-2]	[#]	[mmol+1s-1m-2]	[#]	[µmol+1s-1m-2]	[#]	[µmol+1s-1m-2]	[#]	8u/v/w/ts/co2/h2o/ch4/none	8u/v/w/ts/co2/h2o/ch4/none	8u/v/w/ts/co2/h2o/ch4/none	8u/v/w/ts/co2/h2o/ch4/none	8u/v/w/ts/co2/h2o/ch4/none	8u/v/w/ts/co2/h2o/ch4/none	8u/v/w/ts/co2/h2o/ch4/none	8u/v/w/ts/co2/h2o/ch4/none	8co2/h2o/ch4/none	8co2/h2o/ch4/none	8aa	8U	[#]	[#]	[#]	[#]	[#]	[#]	[#]	[#]	[#_flagged_recs]	[#_flagged_recs]	[#_flagged_recs]	[#_flagged_recs]	[#_flagged_recs]	[#_flagged_recs]	[#_flagged_recs]	[#_flagged_recs]	[#_flagged_recs]	[#_flagged_recs]	[#_flagged_recs]	[#_flagged_recs]	[#_flagged_recs]	[#_flagged_recs]	[#_flagged_recs]	[#_flagged_recs]	[#_flagged_recs]	[#_flagged_recs]	[#_flagged_recs]	[#_flagged_recs]	[#_flagged_recs]	[#_flagged_recs]	[#_flagged_recs]	[#_flagged_recs]	[#_flagged_recs]	[#_flagged_recs]	[#_flagged_recs]	[#_flagged_recs]	[#_flagged_recs]	[#]	[#]	[m+2s-2]	[m+2s-2]	[m+2s-2]	[K+2]	--	--	--	--	[m+1s-1K+1]	--	--	--	--	--	--	--	--	--	--	--	--	--	--	--	--	--	--	--	--	--	--	207
DATA	2025-05-12T233000_AIU-0547.ghg	2025-05-13	00:00:00	133	0	18000	17808	0.5612932653402468	0	NaN	116.41112721295983	0	NaN	8.778736168162338	1	NaN	4.772989626098327	1	NaN	0.19898779985944898	1	NaN	NaN	NaN	NaN	NaN	NaN	NaN	NaN	NaN	NaN	NaN	NaN	NaN	6.480944211266108e-11	3.0552025938683056e-12	NaN	NaN	15.549741491505559	394.33636467256093	401.8057472427802	0.1	1	733.0353261835652	18.589536415232352	18.941652962748048	0.1	1	NaN	NaN	NaN	NaN	0	NaN	NaN	NaN	NaN	9	296.796323189718	295.054111600415	95254.26842739541	1.1168895087921085	1015.7527065493697	0.025905029472565205	0.012894409430892293	0.012931212925150688	1760.7487513422327	2619.0016745863813	0.011577880196166863	67.22976806115663	858.2529232441486	288.66010714792526	-0.6885824270458086	1.4517140495401926	0.25776966078420416	1.6157260418728703	-5.4446413441523094e-14	4.167879070405439e-15	1.6157260418728703	25.528598984366788	216.6239044559773	115.94069046459433	9.180079661358647	NaN	0.7089078899023287	2.5386748658260054	-258.2622856684341	-0.011228894658367263	13.260579311535261	0.14474597129497657	0	78.09992085145866	-11.851964300631899	26.809175518482725	66.75863768124415	101.81113468083322	142.79156400866157	213.92778291469793	0.5559007310185102	1.0097005346833354	116.05588384256386	1.0134671690786752	8.063183984782539	1.0887431298517116	4.383944656209601	1.0887431298517116	0.18276836326540255	1.0887431298517116	NaN	1	NaN	NaN	800000009	800000019	800000009	811110019	811110009	811110009	899999999	899999999	89999	89999	89	89	57	40	3	25	22	25	0	NaN	0	0	4926	0	0	0	0	0	0	NaN	NaN	NaN	NaN	0	17986	0	0	0	0	101	0	18000	0	0	16	18000	18000	18000	18000	93	NaN	2.077280308533725	2.505257457465282	0.4948119656530037	12.255100267911763	10.486282715854268	0.023594179080456096	NaN	NaN	0.10229842884451382	0.1157049902004281	0.004823786187769934	NaN	NaN	394.33589652872314	18.589504672471747	95703.15906315105	11.459214727242784	15.606223589552776	93.9383457423316	94.08469417487251	93.79200010193719	0.2926967211779621	0.00028213693413999875	-1	0	-3.5242388768887842	0.18406177154454306	1.0001796514872048	-273.1499938964844	9.001220814731386	-273.1499938964844	100
DATA	2025-05-13T000000_AIU-0547.ghg	2025-05-13	00:30:00	133.02	0	18000	17716	0.2804461535843414	0	NaN	85.94757375702635	0	NaN	10.25957731671893	1	NaN	10.720311380949866	1	NaN	0.23256911110299475	1	NaN	NaN	NaN	NaN	NaN	NaN	NaN	NaN	NaN	NaN	NaN	NaN	NaN	-5.318824461626141e-10	-2.4902385004030308e-11	NaN	NaN	15.616358249656203	397.8654190437463	405.4174527565578	0.2	0	731.1475840187979	18.627796266448097	18.981377499362768	0.1	1	NaN	NaN	NaN	NaN	0	NaN	NaN	NaN	NaN	9	296.8671709849567	295.12097429671695	95126.57397907675	1.115123651085848	1015.7752501639579	0.02594599549135244	0.015070478399474058	0.01293736810309097	1761.9857968920267	2629.6988949816737	0.011601734113067416	67.00332879382017	867.713098089647	288.67106211436334	-0.03197573402555957	0.6256312548568147	0.22905260153749185	0.657612443293861	-4.003026711010783e-14	-3.40593138079631e-14	0.657612443293861	14.952639205722942	239.07418411769325	93.43242893195898	20.3839458367101	NaN	0.501491100531095	1.664483554293036	-123.71706399185011	-0.023440582134983724	8.377301627910812	0.1513037657101328	0	76.68728158750561	-11.637590842329862	26.324262172108828	65.55113488523102	99.96961672806476	140.20880889597015	210.05834511628456	0.2755860930618285	1.01763536203339	85.53007004919017	1.0179584853742494	9.434423150716487	1.087462068726457	9.85810143567084	1.087462068726457	0.21386411332522143	1.087462068726457	NaN	1	NaN	NaN	800000009	800000019	800000009	811110019	811110019	811111119	899999999	899999999	89999	89999	89	89	38	54	8	23	23	11	0	NaN	0	0	1757	0	0	0	0	0	0	NaN	NaN	NaN	NaN	0	17928	0	0	0	0	101	0	18000	0	0	16	18000	18000	18000	18000	93	NaN	1.8847391108836087	1.1850458043708736	0.25918219333158987	17.72248154228636	8.443423281557177	0.017137876550609766	NaN	NaN	0.07550890526117042	0.26060532808621606	0.00565363703981753	NaN	NaN	397.8645453107052	18.62792819323711	95697.17973394097	11.479999542236328	15.637315075609415	93.98482484584386	94.13623139656914	93.8334215321011	0.3028140777746833	0.0002831189357384572	-1	0	-3.9788195902439627	0.19605163449313057	1.0001837784747283	-273.1499938964844	9.001227407005098	-273.1499938964844	059
DATA	2025-05-13T003000_AIU-0547.ghg	2025-05-13	01:00:00	133.041	0	18000	16831	0.7962123350421836	0	NaN	222.92566377369653	0	NaN	-0.06264107012434755	2	NaN	5.596402719343499	1	NaN	-0.0014192255989855264	2	NaN	NaN	NaN	NaN	NaN	NaN	NaN	NaN	NaN	NaN	NaN	NaN	NaN	-1.7801585956695473e-10	-8.346840785809637e-12	NaN	NaN	15.639910559689163	396.5657796173374	404.0793317934011	0.1	1	733.3270398693247	18.594250150624443	18.946546984749432	0.1	1	NaN	NaN	NaN	NaN	0	NaN	NaN	NaN	NaN	9	296.3128980205516	294.5730852430822	95126.57397907675	1.1172116772449239	1015.7445049205303	0.02589755239881473	-0.00009196581881426211	0.012938226296265773	1758.831575950814	2543.1090444763945	0.011580819069284893	69.16068266010761	784.2774685255804	288.6431157564355	-0.2257901647519887	1.4893938985488822	0.27519689579184203	1.2747286099509072	3.870802761479428e-15	-1.1382153298611494e-14	1.2747286099509072	25.059633549940944	233.3796728543992	108.10989343422403	12.467550600447384	NaN	0.8442026625463059	4.498891681970255	-227.53378987539932	-0.012745359718167927	-3558.778024244656	0.2326984031506435	0	90.79793419582985	-13.778936814889242	31.1679925924814	77.61270850342537	118.36427753537745	166.00758222581388	248.70960871640543	0.7874650431754532	1.0111081652989407	221.13529835606752	1.0140689907784068	-0.0576437383900201	1.0866934011204354	5.149937152073737	1.0866934011204354	-0.0013060036966473097	1.0866934011204354	NaN	1	NaN	NaN	800000009	800000019	800000009	811110019	811110019	811110019	899999999	899999999	89999	89999	89	89	33	31	13	1	28	15	0	NaN	0	0	9205	0	0	0	0	0	0	NaN	NaN	NaN	NaN	0	17916	1	0	0	0	101	0	18000	0	0	16	18000	18000	18000	18000	93	NaN	4.388254109143741	4.128035594076869	0.4814936607198979	71.43789212295543	10.045388869614985	0.013520831788275128	NaN	NaN	0.19486692129271876	0.13588316297009667	-0.00003445943278737203	NaN	NaN	396.5651496518289	18.594227580800577	95687.32383246528	11.479999542236328	15.607137269761823	93.92058849154577	94.06254217949622	93.7786322153586	0.28392985826966505	0.0002818867431584902	-1	0	-3.3173119399133824	0.30146106658333766	1.0001827540099621	-273.1499938964844	9.00123650267389	-273.1499938964844	210
DATA	2025-05-13T010000_AIU-0547.ghg	2025-05-13	01:30:00	133.062	0	18000	16686	2.1373304710418535	1	NaN	363.5265234538553	1	NaN	5.974359141991497	1	NaN	5.7692739949737	1	NaN	0.13537280541804478	1	NaN	NaN	NaN	NaN	NaN	NaN	NaN	NaN	NaN	NaN	NaN	NaN	NaN	7.29636417438791e-11	3.380124021036581e-12	NaN	NaN	16.147175395835095	412.7430110883798	420.78882641985325	0.1	0	748.0363386868875	19.120791300303164	19.493522883057796	0.5	0	NaN	NaN	NaN	NaN	0	NaN	NaN	NaN	NaN	9	296.4767362838875	294.6869120946583	95010.63666987892	1.1152003402371535	1016.0408541401308	0.025943490874908392	0.008772157791089301	0.013281044821469632	1806.1285482342662	2560.7980851498687	0.011909111163511073	70.52990857452019	754.6695369156025	289.05762543704964	-0.45282623321393617	0.7868848392493324	0.17453708840253024	0.8083709901849377	-1.919159326941386e-14	4.518662859307201e-15	0.8083709901849377	24.218595924393952	212.08099487103965	141.56202493193788	12.486980850198167	NaN	1.3843929916431283	4.494519260628013	-614.8529538185456	-0.004716574885083569	60.847785480247694	0.23174621349275096	0	122.39020545836918	-18.573185862742175	42.01259699247569	104.61730681479554	159.54799384798795	223.7683299318678	335.2457341663781	2.1054725472702875	1.0151310088620578	360.198946904711	1.0163847582770809	5.499506179781798	1.0863446547174422	5.310721574337093	1.0863446547174422	0.12461312791496654	1.0863446547174422	NaN	1	NaN	NaN	800000009	800000019	800000009	811110019	811110009	811110009	899999999	899999999	89999	89999	89	89	33	20	0	2	16	10	0	NaN	0	0	0	0	0	0	0	0	0	NaN	NaN	NaN	NaN	0	17995	0	0	0	0	101	0	18000	17995	0	16	18000	18000	18000	18000	91	NaN	0.7810513233536504	7.594169816254711	0.6138173816476634	68.0751492207041	121.85811726175959	0.2217190724721775	NaN	NaN	0.31789110399494486	0.1404485486451715	0.0032955470763832693	NaN	NaN	412.7380592892558	19.120572386718163	95680.45666601563	11.479999542236328	16.0392332578501	91.36955400191395	91.14146534156765	91.59745352617871	-0.455796703646308	0.0002839887676463049	-1	0	-2.802655672482313	0.18333653306541545	1.0001720523966684	-273.1499938964844	9.001226326783499	-273.1499938964844	243
DATA	2025-05-13T013000_AIU-0547.ghg	2025-05-13	02:00:00	133.083	0	18000	17121	1.0440101197513638	1	NaN	90.62177858104828	1	NaN	-11.88119429027751	1	NaN	1.2604327872720802	1	NaN	-0.2692477541786401	1	NaN	NaN	NaN	NaN	NaN	NaN	NaN	NaN	NaN	NaN	NaN	NaN	NaN	-1.8980376158557263e-10	-8.793337183966432e-12	NaN	NaN	16.703298510368093	427.1418720242309	435.76517364162805	0	0	773.8399632290287	19.788872858593557	20.188378106157522	0.1	1	NaN	NaN	NaN	NaN	0	NaN	NaN	NaN	NaN	9	296.6635763525943	294.8103700052577	95010.63666987892	1.1144561506751662	1016.4171831168118	0.025959840500441648	-0.01744725447077588	0.01373642858151014	1868.8351847483223	2580.084035897238	0.012325678828357903	72.43311298185778	711.248851148916	289.5927294884807	-0.7808178187414716	0.6133088833727195	0.1995946395732095	1.0055673729088432	2.4016704470347417e-14	-1.1363250286627962e-14	1.0055673729088432	22.762185395792834	190.14856752199663	155.37634648125598	11.44864732182388	NaN	0.9678785417198077	2.209751304244012	-842.9698100038547	-0.003440218102219745	-7.627329068695132	0.08265644759057704	0	99.52238152065159	-15.102905355564138	34.16281303638118	85.0702348565522	129.73747576553507	181.95865445534756	272.60722158217214	1.0306449804132267	1.0129677431046902	89.14851973313492	1.0150837660150207	-10.940436544408575	1.0859890500758616	1.1606312118745883	1.0859890500758616	-0.24792860863544794	1.0859890500758616	NaN	1	NaN	NaN	800000009	800000019	800000009	811110019	811110009	811111109	899999999	899999999	89999	89999	89	89	37	65	6	7	21	4	0	NaN	0	0	0	0	0	0	0	0	0	NaN	NaN	NaN	NaN	0	17993	0	0	0	0	101	0	18000	18000	0	21	18000	18000	18000	18000	84	NaN	0.6616498598114591	3.2546686817270736	0.5031840669494909	49.68150480684671	316.2207573670027	1.0061474738036562	NaN	NaN	0.07870080098600774	0.030734337788330342	-0.0065653254257098	NaN	NaN	427.1248183517457	19.787915955477928	95650.07387044272	11.441050690491995	16.561027477635232	85.56520586649665	85.01658224148098	86.11382783762659	-1.0972531128069671	0.0002845567015271323	-1	0	-3.9890883067247844	0.13698593664182765	1.0001605454550848	-273.1499938964844	9.00120375254419	-273.1499938964844	246
DATA	2025-05-13T020000_AIU-0547.ghg	2025-05-13	02:30:00	133.104	0	18000	17390	1.8092670096718946	1	NaN	585.6752934705225	1	NaN	5.019474939230781	1	NaN	3.8735703421108285	1	NaN	0.11372912365776644	1	NaN	NaN	NaN	NaN	NaN	NaN	NaN	NaN	NaN	NaN	NaN	NaN	NaN	1.3149148228402528e-11	6.33008750083613e-13	NaN	NaN	17.93790676142151	458.66641141461474	469.0226694762619	0.2	0	863.5427740967299	22.08050641392568	22.57906357194648	0.8	0	NaN	NaN	NaN	NaN	0	NaN	NaN	NaN	NaN	9	296.6901462325517	294.6233780971794	95166.02488315372	1.1160360766859245	1017.7002240671999	0.025919774192586738	0.007369647213023265	0.015350856432620564	2087.1322412684376	2550.2858446170594	0.013754803050995466	81.83914935158309	463.1536033486218	291.34021772923677	-0.6141898485705509	0.9708005911678971	0.20748861420100798	1.0355210870701554	-3.296469628240683e-14	7.330369369898826e-16	1.0355210870701554	28.337856116115233	209.67996694677916	147.18310770049135	11.558667273207261	NaN	1.273245691611354	3.9718110637611144	-297.4036914724999	-0.00975105583135694	116.6805892172211	0.4049921307583295	0	109.89452585513732	-16.676918274311294	37.72323454429965	93.9361878313377	143.2586134601022	200.92224232455513	301.0181318283934	1.786557878924181	1.0127111083360973	581.4256727340751	1.0149359500068444	4.621936960204172	1.0860111209757928	3.56678699443739	1.0860111209757928	0.10472187757670434	1.0860111209757928	NaN	1	NaN	NaN	800000009	800000019	800000009	811110019	811111009	811111009	899999999	899999999	89999	89999	89	89	29	45	13	14	38	15	0	NaN	0	0	0	0	0	0	0	0	0	NaN	NaN	NaN	NaN	0	17998	0	0	0	0	101	0	18000	606	0	16	18000	18000	18000	18000	62	NaN	0.8161811780059982	6.447812829967521	0.6796281195487095	22.769569352702508	3.6010473087536425	0.0041534035001646735	NaN	NaN	0.5119129311840853	0.09452335093615245	0.0027752323871072632	NaN	NaN	458.6657654446142	22.08048825663638	95604.16322851562	11.44921479129791	18.304465279950048	62.88308817980017	61.762253884951285	64.00392255687683	-2.2417019488049634	0.0002844241485517058	-1	0	-4.942443361145287	0.14094166363495542	1.0001678482823901	-273.1499938964844	9.001193227741453	-273.1499938964844	059
DATA	2025-05-13T030000_AIU-0547.ghg	2025-05-13	03:30:00	133.145	0	18000	16962	2.7429838999251768	1	NaN	889.8399301795217	1	NaN	4.202216067196542	1	NaN	71.09209983811296	1	NaN	0.09518095418805236	1	NaN	NaN	NaN	NaN	NaN	NaN	NaN	NaN	NaN	NaN	NaN	NaN	NaN	6.231213226179511e-10	4.1258492148530855e-11	NaN	NaN	13.01935855400372	333.28234354805534	340.803012476793	0.1	1	862.0457737226466	22.067495454576616	22.565458609880594	-0.2	0	NaN	NaN	NaN	NaN	0	NaN	NaN	NaN	NaN	9	296.3492570138153	294.28607299859334	95123.09380222748	1.1168166123148389	1017.6863113754748	0.025901677755934858	0.0061677258313857924	0.01535252961803759	2084.970100459691	2498.0973041307934	0.013746688085357383	83.46232538708699	413.1272036711025	291.3237126577126	-1.5462184598209099	1.1348411511412615	-0.07139933753349162	1.9599707574478495	-3.0659471807226754e-14	4.7861138475699213e-14	1.9599707574478495	21.784024831925347	188.27666546639895	161.39488951900375	-2.0876770892578724	NaN	1.567186552924962	6.592812423166006	-364.899322496075	-0.007947397600419478	211.7549207252372	0.49956890129796394	0	108.45961294935061	-16.459164704928742	37.23067537745828	92.70964586129209	141.3880595656345	198.2987638907781	297.0876830742331	2.718898623042728	1.0088584681599841	884.6062970165593	1.0132972081009435	3.8495842322850224	1.0916025767027326	65.12635766475742	1.0916025767027326	0.08719377932906092	1.0916025767027326	NaN	1	NaN	NaN	800000009	800000019	800000009	811110019	811110009	811111009	899999999	899999999	89999	89999	89	89	18	11	0	10	15	2	0	NaN	0	0	0	0	0	0	0	0	0	NaN	NaN	NaN	NaN	0	17990	0	0	0	0	101	0	18000	0	0	16	18000	18000	18000	18000	27	NaN	2.7921741908770836	9.32940974699756	1.0640409084573659	58.612664649336985	66.35513454976606	0.008618719532713134	NaN	NaN	0.778312899276973	1.7246846952950703	0.0023090770331095126	NaN	NaN	333.2818569172969	22.067474139082474	95530.76427712674	11.450784827232365	18.282964977900193	25.775451454692526	26.68183546299403	24.86907052527509	1.8127655723359808	0.00028328524226283987	-1	0	-3.2305913984716783	0.5386607444390571	1.0001804461595085	-273.1499938964844	9.001198674307929	-273.1499938964844	160
DATA	2025-05-13T033000_AIU-0547.ghg	2025-05-13	04:00:00	133.166	0	18000	18000	0.9980585272210721	1	NaN	90.48830345375589	1	NaN	-13.985180182068188	1	NaN	-3.9703293459329765	1	NaN	-0.3155814525094206	1	NaN	-0.09200149506988048	1	NaN	NaN	NaN	NaN	NaN	NaN	NaN	NaN	NaN	NaN	1.314514635281603e-10	9.008210494975977e-12	8.698150791753873e-13	NaN	12.616749823644588	323.104638192095	330.4208063540106	0.3	0	864.6106716757381	22.141971756091717	22.643339949722048	-0.5	0	0.08348510508929027	2.002191365746786	2.047527665485789	-0.5	0	NaN	NaN	NaN	NaN	9	295.74812340969515	290.4029435634641	95111.8683944016	1.1314616144306089	1017.7271786213915	0.02538495051716128	-0.020449678122610455	0.015717908829934995	2106.5292062889444	1962.9981001250699	0.013891685435431053	100	0	291.48762077846504	-1.756024346694954	0.14087791366328328	-0.08599927984406659	1.763764147746854	7.30341771079428e-14	1.0418805585081187e-14	1.763764147746854	8.926992466674912	156.58675849505522	175.41324150494475	-2.794789939052813	NaN	0.9392000182760885	2.9583235432167077	-772.193338482577	-0.0037555361532886785	-6.470299436669403	0.08366872597381818	0	94.95500863205416	-14.409788898682098	32.594981723700904	81.16611320699334	123.7834439146834	173.6080401261218	260.09647963582995	0.9888763910192538	1.0092854236234259	89.1264342445177	1.0133529161325043	-12.831641524369402	1.089897980356451	-3.642844942821603	1.089897980356451	-0.28955136920816177	1.089897980356451	-0.11045643024806488	1.1490275777483039	NaN	NaN	800000009	800000009	800000009	800000019	800000019	800000019	899999999	899999999	89999	89999	89	89	19	25	1	18	6	6	0	NaN	0	0	0	0	0	0	0	0	0	NaN	NaN	NaN	NaN	0	797	0	0	0	0	101	0	18000	0	0	16	18000	18000	18000	18000	27	NaN	2.0447957274956328	3.338996968429216	0.5328543905085669	1.699489217697254	3.090899513674322	0.009591259924322056	0.000002451951934220585	NaN	0.07739899726710103	-0.09456792051216469	-0.007516726980494721	-0.00011045643024806488	NaN	323.1034559802361	22.141949770695028	95504.08799913194	11.4399995803833	18.33162441804675	24.05166309950088	24.95583830526139	23.147493784003775	1.8083315521213752	0.00027596978670529416	-1	0	1.9753012485416652	55.15238962813107	1.000172439025508	-273.1499938964844	9.001150631507238	-273.1499938964844	002
DATA	2025-05-13T040000_AIU-0547.ghg	2025-05-13	04:30:00	133.187	0	18000	18000	0.6686459447326445	1	NaN	72.85210855406523	1	NaN	-0.5572378572645506	1	NaN	1.314588966515647	1	NaN	-0.012573221673836819	1	NaN	0.03539849834620478	1	NaN	NaN	NaN	NaN	NaN	NaN	NaN	NaN	NaN	NaN	-5.272005681053075e-11	-3.5857823751569125e-12	-3.471928072149758e-13	NaN	12.759792982217597	326.84593257492935	334.2771126547918	0	0	867.8640266022524	22.230597903771628	22.736033522946933	-0.5	0	0.08403079611426306	2.0145788932667505	2.060382426518684	0.2	0	NaN	NaN	NaN	NaN	9	295.46883252800836	290.31347099640084	95079.83892126885	1.1313909424602104	1017.7732841200352	0.025385678238924236	-0.0008147447644646258	0.015780369439783917	2114.248640546335	1951.9161524556916	0.013947760095612478	100	0	291.5459519965451	-1.7744348063017368	-0.07052860721828343	-0.18806820686727718	1.7857667307589715	1.2349875785945112e-14	-4.131732927329064e-15	1.7857667307589715	8.849186523164226	149.72385804103254	182.27614195896751	-6.0453212795556714	NaN	0.7687617357854253	2.660768273790317	-525.8694305528395	-0.005514676897935042	-130.73790232360045	0.08229749628815579	0	96.1423129143418	-14.589966904168486	33.00254486269865	82.18100304983177	125.33121496071335	175.77881102542253	263.3486900092311	0.6625299579972471	1.0092312606570808	72.37589807780519	1.0133416354578446	-0.5111874956472874	1.0900850705648664	1.2059508033023936	1.0900850705648664	-0.011534165555832773	1.0900850705648664	0.011136038737689235	1.1491198161860299	NaN	NaN	800000009	800000009	800000009	800000019	800000019	800001019	899999999	899999999	89999	89999	89	89	20	27	2	1	23	11	0	NaN	0	0	0	0	0	0	0	0	0	NaN	NaN	NaN	NaN	0	33	0	0	0	0	0	0	18000	0	0	0	18000	18000	18000	18000	27	NaN	1.721359347204229	3.2540910973839132	0.3460861029924917	1.0860688075633733	0.9997208193844458	0.001308095655755264	1.7402107830777544e-7	NaN	0.06285360926416995	0.031310108196253746	-0.0002994616119643415	0.000011136038737689236	NaN	326.84569692993176	22.230583130289823	95469.7723515625	11.420525618818072	18.38921714835697	23.99663776312934	24.893609163655178	23.099666194174024	1.7939243865178693	0.00023807074873022878	-1	0	1.9959717444645024	54.57759039520479	1.0001796440349684	-273.1499938964844	9.001179588662254	-273.1499938964844	179
DATA	2025-05-13T043000_AIU-0547.ghg	2025-05-13	05:00:00	133.208	0	18000	17938	0.9952941909691837	1	NaN	5.970462242093456	2	NaN	-3.6690528051319298	1	NaN	-0.3316544170850868	2	NaN	-0.08277664382423823	1	NaN	0.004253700383384038	2	NaN	NaN	NaN	NaN	NaN	NaN	NaN	NaN	NaN	NaN	3.9488747115339347e-10	2.6884082618317882e-11	2.605158088299807e-12	NaN	12.779124427620948	327.3009843076994	334.76037270421807	0.1	1	870.0074375580084	22.28277001922638	22.790607893515965	-0.2	0	0.08430664884547394	2.0201024647926253	2.0661418279724395	0	1	NaN	NaN	NaN	NaN	9	295.77910817972827	290.18895362345376	95069.30696809896	1.131728518039435	1017.797770215261	0.02537760121923437	-0.005363926519810637	0.015822438029405864	2118.9757434448934	1936.5848956325024	0.013980771693211439	100	0	291.58157978513157	-1.5939423771808117	-0.21066741679111062	-0.2120024531624648	1.5904288773404742	3.784394393666748e-15	3.090098021894826e-14	1.5904288773404742	16.682735726263715	144.47099586165302	185.96547691080136	-7.6602662165409585	NaN	0.9377878567310706	3.4030934695236112	-11647.10770750188	-0.00024898885395660205	-1.6272489275004516	0.005527128945215412	0	122.7890988029681	-18.633719466725434	42.149524169506336	104.95827484619964	160.0679916096693	224.49763418630178	336.3383648361553	0.9856533047093627	1.0097812143618428	5.721394390101002	1.0134940814279882	-3.3703462505644723	1.088627853745718	-0.3046536205590738	1.088627853745718	-0.07603759497740467	1.088627853745718	0.002375947463072263	1.1484115400103851	NaN	NaN	800000009	800000009	800000009	811100009	811110019	811110019	899999999	899999999	89999	89999	89	89	24	10	8	13	17	11	0	NaN	0	0	0	0	0	0	0	0	0	NaN	NaN	NaN	NaN	0	0	0	0	0	0	0	0	18000	0	0	0	18000	18000	18000	18000	27	NaN	1.796967135330093	4.7298388872412716	0.27938091647585855	4.291301632021058	0.6641337909241195	0.0016975426941813266	3.2527256024791774e-8	NaN	0.0049670454169910925	-0.007907629241148491	-0.0019736417652497264	0.0000023759474630722632	NaN	327.30056539650286	22.282755309468524	95464.73903211806	11.426143257300062	18.426878756576116	24.012711688518525	24.913265300485826	23.112149288283454	1.8011163910296224	0.0001699586416329519	-1	0	2.0014515864584177	82.37512897639805	1.000176980190807	-273.1499938964844	9.001201501713858	-273.1499938964844	081
DATA	2025-05-13T050000_AIU-0547.ghg	2025-05-13	05:30:00	133.229	1	18000	17938	0.5334466863762358	1	NaN	23.769119710377563	1	NaN	-2.4147100763524856	2	NaN	-2.266917358417429	1	NaN	-0.05447596560575487	2	NaN	0.0007565345220120476	1	NaN	NaN	NaN	NaN	NaN	NaN	NaN	NaN	NaN	NaN	-1.8138543539183795e-10	-1.2371876867445096e-11	-1.1962804497098948e-12	NaN	12.7881627778743	327.56577929026116	335.0516701162149	0.1	1	872.2507124506692	22.342496676280373	22.85309180395292	0.1	1	0.08434100062020305	2.0206844098414702	2.0668632961663937	0.9	0	NaN	NaN	NaN	NaN	9	296.58649781200995	290.1557131958008	95059.2469420573	1.1317126220015965	1017.8298413640659	0.025377379656503295	-0.0035300425712529154	0.015864986947211845	2124.430612058514	1932.5100502508053	0.0140185649950182	100	0	291.622606161964	-1.425826158713353	-0.4539341085540059	-0.24244911428237723	1.50452453055988	-3.2944038144304655e-14	-1.4183854126854379e-14	1.50452453055988	15.955187558228948	134.34031046504816	197.27060690612475	-9.273459160495465	NaN	0.686558314623151	2.1501475598608586	-1147.8956419268718	-0.002526362061216666	-9.843467314420517	0.030055525631358368	0	127.00849335025154	-19.27402886780404	43.59790577817653	108.56494984337478	165.56839854787972	232.2120331256058	347.8959401947717	0.5281234761333121	1.0100794804311635	23.479060533731285	1.0136039688312721	-2.219392624438184	1.0880049116878294	-2.0835543425082013	1.0880049116878294	-0.05006959529368846	1.0880049116878294	-0.0062060352314425105	1.148185373431153	NaN	NaN	800000009	800000009	800000009	811110009	811110019	811111019	899999999	899999999	89999	89999	89	89	15	7	1	11	8	6	2	NaN	0	0	0	0	0	0	0	0	0	NaN	NaN	NaN	NaN	0	0	0	0	0	0	0	0	18000	0	0	0	18000	18000	18000	18000	27	NaN	1.831397308798014	2.3312846376685035	0.13761317325519992	3.5851570849793624	0.7537649265708274	0.0013580639418163333	2.8877041136847044e-8	NaN	0.02038305969039852	-0.05408384177175169	-0.0012996810374427902	-0.00000620603523144251	NaN	327.56522126375046	22.342481914113122	95457.01687152778	11.4399995803833	18.468437336338887	24.022889810314886	24.92415215359794	23.12161380794313	1.8025533552865183	0.00017267868098133494	-1	0	2.0019827563862003	74.74879322931484	1.0001543893698188	-273.1903688981798	9.001067585574257	-273.1499938964844	192
DATA	2025-05-13T053000_AIU-0547.ghg	2025-05-13	06:00:00	133.249	1	18000	17563	0.42139268286244236	1	NaN	89.03116188170534	1	NaN	-2.522809575398027	1	NaN	-3.0525409778912365	1	NaN	-0.05716045036746537	1	NaN	NaN	NaN	NaN	NaN	NaN	NaN	NaN	NaN	NaN	NaN	NaN	NaN	-1.5596741427481173e-10	-1.0669291760513191e-11	NaN	NaN	12.743504288763042	326.51651783340077	333.9762363769763	0.1	0	871.7472552862719	22.33607583731013	22.846374183684468	1	0	NaN	NaN	NaN	NaN	0	NaN	NaN	NaN	NaN	9	296.70875061001124	294.61806881162397	95178.79191352948	1.1160999763618946	1017.8440733646489	0.025917922501188812	-0.003703997183811756	0.015529643375782767	2111.3999583615373	2549.4035780663016	0.013914204555764	82.81936906839262	438.00361970476433	291.5244479622413	-1.3548227809988678	-0.16196495370787606	-0.26684183273355283	1.5537767843230574	1.2232775649855668e-16	-1.2238973734433517e-14	1.5537767843230574	17.948888965811676	145.18281638722658	197.93774102928717	-9.888859815121542	NaN	0.6144576359292502	1.7495149909347805	-219.9187039735433	-0.013186691025374887	-35.290480403245965	0.1275456772914899	0	122.73112889589085	-18.624922309677128	42.129624976310225	104.90872304152693	159.9924219810124	224.39164670761096	336.17957627962915	0.41726028303313656	1.0099036500652943	88.32300841865543	1.013537363151338	-2.3179717832222497	1.0883694071077212	-2.804692008022522	1.0883694071077212	-0.0525193468267047	1.0883694071077212	NaN	1	NaN	NaN	800000009	800000009	800000009	811110019	811110009	811111009	899999999	899999999	89999	89999	89	89	33	27	2	40	39	2	0	NaN	0	0	0	0	0	0	0	0	0	NaN	NaN	NaN	NaN	0	3865	0	0	0	0	101	0	18000	0	0	16	18000	18000	18000	18000	27	NaN	1.6140785018726664	1.7648677617839577	0.12008371821293681	19.708605046930035	2.575532739215882	0.0026501393164366483	NaN	NaN	0.07774804945473518	-0.07434093315334707	-0.0013920734399832724	NaN	NaN	326.51640470555526	22.336060347671047	95435.8003828125	11.446404726982117	18.45855328475104	24.055926929155987	24.959511068450084	23.15233838166131	1.807176983628007	0.0001740741599157143	-1	0	1.1685883918573041	41.387017643259746	1.0001570742362076	-273.1499938964844	9.00110621216562	-273.1499938964844	246
DATA	2025-05-13T100000_AIU-0547.ghg	2025-05-13	10:30:00	133.437	1	18000	18000	1.116542477923573	1	NaN	124.59012358695195	1	NaN	NaN	NaN	NaN	NaN	NaN	NaN	NaN	NaN	NaN	-0.0059521376716392335	1	NaN	NaN	NaN	NaN	NaN	NaN	NaN	NaN	NaN	NaN	NaN	NaN	1.8791610770111372e-13	NaN	NaN	NaN	NaN	NaN	0	NaN	NaN	NaN	NaN	0	0.08325217304525756	2.123631208371519	2.123631208371519	-0.3	0	NaN	NaN	NaN	NaN	9	297.9310821499296	291.5453919321696	95023.86281184896	1.1354919981236218	1005.5123447584072	0.025508417746850528	NaN	NaN	NaN	NaN	NaN	NaN	NaN	NaN	-0.3976377071096226	0.10178021431028893	0.3028730397608986	0.5101049268086227	5.804331446206757e-16	2.257191624282993e-15	0.5101049268086227	9.042693270895466	166.35730286962598	165.64269713037402	36.42332788895313	NaN	0.991620704474543	1.4169224843637638	-657.2306324048864	-0.004412454102129338	NaN	0.11004404497486887	0	74.52826961732167	-11.309952446332959	25.58314322827208	63.70564392575731	97.15512657138461	136.26144643292318	204.14447684302218	1.0931158924359765	1.021431017195616	122.09886264139642	1.0204036376069476	NaN	1	NaN	1	NaN	1	-0.005153343308620556	1.155005074411101	NaN	NaN	800000009	800000009	800000009	800001109	800000009	810001009	899999999	899999999	89999	89999	89	89	48	53	2	54	1	4	0	NaN	0	0	0	0	0	0	0	0	0	NaN	NaN	NaN	NaN	0	0	0	0	0	0	0	0	6940	0	0	0	18000	18000	18000	18000	52	NaN	0.5921046899486977	1.153372602986927	1.0883676757919032	0.6947102971603205	NaN	NaN	3.2431100893065625e-7	NaN	0.10693998862755993	NaN	NaN	-0.000005153343308620556	NaN	847.6726500074517	47.46618946048743	95448.19930881077	11.449999809265137	30.85296737829892	51.70541740608373	46.652509062023725	56.75832636239919	-10.105803534931415	0.0002010636260448448	-1	0	1.988837119483286	82.8686057540046	1.0001067805157768	-273.1499938964844	9.000880319833756	-273.1499938964844	120
DATA	2025-05-13T103000_AIU-0547.ghg	2025-05-13	11:00:00	133.458	1	18000	18000	0.3968487419760237	1	NaN	-6.523498807590026	2	NaN	42.047297490589855	0	NaN	-6.425999130704161	2	NaN	0.9517648819548944	0	NaN	NaN	NaN	NaN	NaN	NaN	NaN	NaN	NaN	NaN	NaN	NaN	NaN	-2.8910652852039924e-10	-1.2545798664197839e-11	NaN	NaN	26.9531134470476	695.4483005150843	717.0893612717748	0.4	0	1169.6323027035448	30.17902917749287	31.11814457043342	0.1	1	NaN	NaN	NaN	NaN	0	NaN	NaN	NaN	NaN	9	296.435571184794	293.61915357178816	95174.1491588701	1.1165964236813448	1022.19719630576	0.025895323053704268	0.061674364350677156	0.02100093958930031	2845.4724639450524	2395.757781292141	0.01880799467372607	100	0	296.37188793366863	-0.5596998089743684	0.27031464949699663	0.16279761556963643	0.6425238902435743	5.307092974992936e-14	-1.072627580069298e-14	0.6425238902435743	4.4219705274839685	177.77885276054224	154.2211472394578	14.677144733286724	NaN	0.596162133851026	0.7423863915473403	2744.8497530446384	0.0010565241309777578	-0.1551466847316401	-0.009587056386322571	0	85.47387386817906	-12.97099011981203	29.3404149683446	73.06178181192811	111.42382718462382	156.27350192491784	234.12618264399393	0.39262774720375737	1.0107506277952276	-4.045642454198423	1.0134745321514822	38.548919702124074	1.0907516427308082	-5.891349486869455	1.0907516427308082	0.8725770786574786	1.0907516427308082	NaN	1	NaN	NaN	800000009	800000019	800000009	800000019	800000019	800000119	899999999	899999999	89999	89999	89	89	25	94	8	32	0	0	0	NaN	0	0	0	0	0	0	0	0	0	NaN	NaN	NaN	NaN	0	17484	0	0	0	0	0	0	15470	0	0	0	18000	18000	18000	18000	78	NaN	0.6557330243004525	0.5497645634986994	0.27927519529552886	0.5169620968249291	1405.7686866289969	1.1875596280246707	NaN	NaN	-0.0035445130535878594	-0.15726008715851852	0.023292039921929217	NaN	NaN	695.4124382546404	30.17792197739898	95382.02007855903	11.456404955863952	23.334659828503998	77.19821124649069	72.7047066970396	81.69171505567765	-8.987008475727395	0.00021630207742822987	-1	0	-4.5375822831044745	1.5268469606358166	1.0001294598695305	-273.1499938964844	9.001084620449278	-273.1499938964844	193
DATA	2025-05-13T110000_AIU-0547.ghg	2025-05-13	11:30:00	133.479	1	18000	18000	0.21524234783533755	1	NaN	1.3615315326540414	2	NaN	-85.46216180617128	1	NaN	-33.28434314980473	1	NaN	-1.9368600417870292	1	NaN	NaN	NaN	NaN	NaN	NaN	NaN	NaN	NaN	NaN	NaN	NaN	NaN	-4.368700585598301e-11	-1.9940769844344935e-12	NaN	NaN	20.770256623004936	536.6246071577012	550.0987415611345	0.1	1	948.0505674677646	24.494028772352355	25.10905057969793	0.1	1	NaN	NaN	NaN	NaN	0	NaN	NaN	NaN	NaN	9	297.1824265085858	294.88738862458393	95092.9376023794	1.1131832267437947	1019.0669590164792	0.025982736008468406	-0.1255085307077995	0.016987526097964202	2311.7000767717122	2591.2610700038495	0.015260314465620291	89.21139222642195	279.5609932321372	292.97793789821577	-0.715940401932502	0.6651116131994205	0.13240052122073107	0.9861409712366193	2.5133636167152107e-14	-2.1033445396912287e-15	0.9861409712366193	4.980854054477162	194.8922146639862	137.1077853360138	7.715903838767599	NaN	0.4397243680150417	0.5526586341261559	-5269.097112307159	-0.0005503789241664192	-0.01593139588186411	0.00272946667299745	0	86.6281696474512	-13.146158957618196	29.73664735641075	74.0484564828536	112.92856831321613	158.38392275318412	237.28797761376273	0.21342747653281305	1.0085034566870563	-3.620290570408338	1.0124807520536816	-78.26649327054015	1.0919380469846551	-30.48189706523933	1.0919380469846551	-1.773781989862514	1.0919380469846551	NaN	1	NaN	NaN	800000009	800000009	800000009	800000019	800000009	800000009	899999999	899999999	89999	89999	89	89	33	84	2	66	0	0	0	NaN	0	0	0	0	0	0	0	0	0	NaN	NaN	NaN	NaN	0	5861	0	0	0	0	101	0	10139	0	0	16	18000	18000	18000	18000	80	NaN	0.5784585315433608	0.37993218748212143	0.1469265492268296	1.0238177246055822	3537.2454913106035	5.797349690336478	NaN	NaN	-0.0031913471927872	-0.811736315468818	-0.04723601204394528	NaN	NaN	536.49148903931	24.488627960287594	95355.08274392362	11.460000038146973	19.85953912798588	79.11654669655711	76.63582650163441	81.5973471026947	-4.96152647301869	0.00025374764569763514	-1	0	0.9147392598910338	49.135540753657686	1.000127795467774	-273.1499938964844	9.001100924491883	-273.1499938964844	085
DATA	2025-05-13T113000_AIU-0547.ghg	2025-05-13	12:00:00	133.499	1	18000	17580	0.9880394429979366	1	NaN	376.57780049664655	2	NaN	-15.885350174394773	2	NaN	-8.363825729462594	2	NaN	-0.35906988551905983	2	NaN	0.08308902758388297	0	NaN	NaN	NaN	NaN	NaN	NaN	NaN	NaN	NaN	NaN	3.33519807481348e-10	1.6294086730435842e-11	1.7589780928032976e-12	NaN	15.590162784063304	404.0913185920318	412.2294926130772	0.1	1	761.6563060031959	19.741852940842122	20.139442860096644	0.1	1	0.08222226741941925	1.9861749400736242	2.0261753967893927	-0.3	0	NaN	NaN	NaN	NaN	9	297.04644478039484	292.1666176808675	94936.8714143883	1.1235896790409015	1016.4083217363367	0.025586194522843636	-0.023267728581635075	0.013903911962042534	1874.7324964176835	2192.9956334451035	0.012374545816325888	85.48728815627224	318.26313702742004	289.64223934309877	-0.9534614415258856	0.41518813669267945	0.2501568285580934	0.9598857837484849	3.2605407235086254e-14	2.1392965044744828e-14	0.9598857837484849	19.91394824345518	175.53088656799082	162.17531594667244	15.106321939610977	NaN	0.937741789792249	1.4623910634263146	-184.37515277088508	-0.015728800526629002	-23.705980438734272	0.3516377485028384	0	89.35327525884364	-13.559704247671732	30.67208792851035	76.37783577249566	116.48101870492209	163.3662849386669	244.75246407287668	0.9749842869119903	1.0133901194728943	372.3240235570485	1.0153308772181984	-14.62753255657977	1.0859897329197339	-7.701569799353498	1.0859897329197339	-0.3306383795670736	1.0859897329197339	-0.03205914198170787	1.1486435681555527	NaN	NaN	800000009	800000009	800000009	811110009	811110009	811110019	899999999	899999999	89999	89999	89	89	2	26	4	14	1	0	0	NaN	0	0	0	0	0	0	0	0	0	NaN	NaN	NaN	NaN	0	0	0	0	0	0	0	0	302	0	0	0	18000	18000	18000	18000	79	NaN	1.4364028652342937	0.8699679738885795	0.618411287729756	31.35278332144265	228.2705546876818	0.05516176601850865	0.0000010600237617522166	NaN	0.32602064765687805	-0.20102350399975522	-0.00863019973187202	-0.000032059141981707864	NaN	404.0887967880147	19.74179068755638	95362.83104817709	11.430788631492192	16.491572263505706	77.0657373059591	75.87502839660642	78.25644640604656	-2.3814171851940347	0.0002877730581353212	-1	0	1.9699936629699386	84.25752351824445	1.00011019663016	-301.25099507650003	9.000944200091892	-273.1499938964844	072
DATA	2025-05-13T120000_AIU-0547.ghg	2025-05-13	12:30:00	133.52	1	18000	18000	0.3305439700078738	1	NaN	98.71249281053923	1	NaN	-53.89900636440946	1	NaN	5.121374422704402	1	NaN	-1.218758116586826	1	NaN	NaN	NaN	NaN	NaN	NaN	NaN	NaN	NaN	NaN	NaN	NaN	NaN	2.3021469418220561e-10	1.1198154526208541e-11	NaN	NaN	15.28969613315106	395.36994218561085	403.1226654476617	0.1	1	743.7248111638256	19.231672953545214	19.6087826484575	0	0	NaN	NaN	NaN	NaN	0	NaN	NaN	NaN	NaN	9	294.3223111809624	292.53524091275875	95148.61805610415	1.124987966790027	1016.0591749260267	0.025717616767861582	-0.07897552595482632	0.01347538365194791	1819.175962007895	2242.407905024557	0.011978246923296217	81.12600557336927	423.23194301666194	289.17029436383245	-0.6191941339838523	0.421910364840007	0.14689729321689404	0.7635368663488262	3.279606197537362e-14	1.5056852155685098e-14	0.7635368663488262	12.504971923243284	186.2699791454162	145.7300208545838	11.092328133615032	NaN	0.5420516626511109	0.6832922099631525	-136.05641370551808	-0.02131468793729041	-1.8314343708517968	0.1593178949678593	0	85.38282977301655	-12.957173827120753	29.30916247665802	72.98395868873277	111.3051420114069	156.10704428193594	233.87679876225312	0.32541027475953177	1.0157760699232243	94.57807131593849	1.0167851604995077	-49.60420692597616	1.086581354779896	4.713291278352385	1.086581354779896	-1.121644606936684	1.086581354779896	NaN	1	NaN	NaN	800000009	800000019	800000009	800000019	801000009	811111009	899999999	899999999	89999	89999	89	89	48	109	4	47	8	3	0	NaN	0	0	1264	0	0	0	0	0	0	NaN	NaN	NaN	NaN	0	11492	0	0	0	0	0	0	9665	0	0	0	18000	18000	18000	18000	77	NaN	0.7718572474819725	0.36323193582443236	0.23149523661990007	0.22797660524441238	8.48954694029014	0.15659948238906435	NaN	NaN	0.08274153516991367	0.12357733218343174	-0.02940829242185577	NaN	NaN	395.3700362809054	19.23151541911226	95269.88786436632	11.445361181894933	16.06342695652109	76.54175153350822	75.43796815533118	77.64553551059299	-2.207567010846356	0.0002875527609883446	-1	0	-6.706679583050225	27.232355755858066	1.000114515988363	-273.1500966737791	9.001037316004435	-273.1499938964844	076
DATA	2025-05-13T123000_AIU-0547.ghg	2025-05-13	13:00:00	133.541	1	18000	17934	0.6740111243644317	1	NaN	69.80760013716447	1	NaN	-20.485747178038242	1	NaN	-1.6874671771323915	1	NaN	-0.46365013074427375	1	NaN	NaN	NaN	NaN	NaN	NaN	NaN	NaN	NaN	NaN	NaN	NaN	NaN	1.4567899974567086e-10	6.720907785882918e-12	NaN	NaN	15.647599314216366	398.978449189317	406.4601159499774	0.1	1	721.9027604863701	18.40689028780663	18.752057350120964	0.1	1	NaN	NaN	NaN	NaN	0	NaN	NaN	NaN	NaN	9	295.20882868096214	293.49288042622777	95198.52614764807	1.1222500673283469	1015.6169904005998	0.02578155672123455	-0.030044528472228937	0.01286548257174277	1742.5305714549572	2379.684420384306	0.011464006950225114	73.22527964332127	637.1538489293489	288.4979835482392	-0.6807919634235213	0.1410884896177417	0.19016802282392883	0.725890475607324	-2.3919019310063628e-14	9.309990422193174e-15	0.725890475607324	6.66626344646904	163.70833211473513	167.80569864286696	15.187518349267751	NaN	0.7749768190772947	0.97466051769902	-562.3924587959584	-0.005156541405638137	-3.4076179663098523	0.07903043966492125	0	93.67847756445579	-14.216070384285668	32.15678991668064	80.07495365008761	122.11935674237102	171.27413420584952	256.5998632739204	0.663150687699564	1.0163770269205963	67.85102290125096	1.0171618150456485	-18.848956633462354	1.086837196159182	-1.5526402510843391	1.086837196159182	-0.42660495277745897	1.086837196159182	NaN	1	NaN	NaN	800000009	800000019	800000009	811110019	811110019	811110019	899999999	899999999	89999	89999	89	89	30	79	5	39	7	0	0	NaN	0	0	14985	0	0	0	0	0	0	NaN	NaN	NaN	NaN	0	17399	0	0	0	0	101	0	18000	0	0	16	18000	18000	18000	18000	73	NaN	0.8178032950344963	0.7562295294476616	0.3752882109158818	3.9376342404963522	3.6354881949281217	0.03220942065258785	NaN	NaN	0.05953012597270062	-0.040775851052610064	-0.01120361268530228	NaN	NaN	398.97807601520935	18.40685087935486	95262.4973780382	11.479999542236328	15.379696726560578	75.25633255301581	73.63054133860273	76.88212184058295	-3.251577139616013	0.00028324487627509766	-1	0	-4.94182788283177	1.2136753371642772	1.0001471549703016	-294.66986980014093	9.001119409534667	-273.1499938964844	097
DATA	2025-05-13T130000_AIU-0547.ghg	2025-05-13	13:30:00	133.562	1	18000	18000	0.14158507575718246	1	NaN	5.853080580788552	0	NaN	7.583769699723927	1	NaN	-0.8297008872294712	2	NaN	0.1714970684443048	1	NaN	NaN	NaN	NaN	NaN	NaN	NaN	NaN	NaN	NaN	NaN	NaN	NaN	-2.286725176978469e-11	-1.0400397326797523e-12	NaN	NaN	15.788588735065671	401.602399558286	409.07435916324386	0.1	1	718.0906465159744	18.265529084349588	18.60536593699677	0.8	0	NaN	NaN	NaN	NaN	0	NaN	NaN	NaN	NaN	9	294.3159021771749	292.61822016057334	95198.52614764807	1.125663850620692	1015.5199626587595	0.025703574516541875	0.01111301003519095	0.012805411151187312	1729.2264755288145	2254.1625303487003	0.011375874906284321	76.71259069599198	524.9360548198858	288.37864701535835	-0.5120792552200386	0.13919089241727314	0.10995661277344393	0.5419314761583618	-3.0405658911440652e-15	-1.4483404535706007e-15	0.5419314761583618	6.0981250873501835	167.20646397578028	164.7935360242197	11.706455987968456	NaN	0.35465360523651335	0.35950722032181803	-642.8151065377118	-0.004511406111190803	0.771790390866118	0.014437198898468116	0	77.79784952820403	-11.806123811929384	26.705484208223446	66.50043165743261	101.41735420269947	142.23928128904484	213.100362761624	0.13874794456446338	1.020448095297015	6.208157423171258	1.0197662924313307	6.963019606942472	1.0891495540472895	-0.7617878409317576	1.0891495540472895	0.15745961406954642	1.0891495540472895	NaN	1	NaN	NaN	800000009	800000019	800000009	800000019	801000019	811100019	899999999	899999999	89999	89999	89	89	77	110	34	24	2	0	0	NaN	0	0	18000	0	0	0	0	0	0	NaN	NaN	NaN	NaN	0	17317	0	0	0	0	101	0	18000	0	0	16	18000	18000	18000	18000	73	NaN	0.3073917323614452	0.2865746839210001	0.1250480243611908	0.14459059325401524	3.284811937648941	0.003992474244331767	NaN	NaN	0.005430821598666903	-0.01994292224795938	0.004122151433582622	NaN	NaN	401.602182183678	18.265516373357432	95257.0527235243	11.479999542236328	15.259294026268856	74.96726646720039	73.1974176334805	76.73711247083877	-3.539690727101436	0.0002829399269636876	-1	0	-2.9970653454288883	0.99187936238677	1.0001257107522752	-343.8466218651619	9.000938024441401	-273.1499938964844	088
DATA	2025-05-13T133000_AIU-0547.ghg	2025-05-13	14:00:00	133.583	1	18000	18000	0.21501307994004612	1	NaN	47.49416243385353	1	NaN	-3.28580711594875	2	NaN	1.2207909711112652	1	NaN	-0.07435587626366118	2	NaN	NaN	NaN	NaN	NaN	NaN	NaN	NaN	NaN	NaN	NaN	NaN	NaN	-1.5763128335278837e-10	-7.1503618062571315e-12	NaN	NaN	15.768951311193737	401.0215090422373	408.45159554525213	0.1	1	715.3003184522603	18.190861742371837	18.527900213532668	0.1	1	NaN	NaN	NaN	NaN	0	NaN	NaN	NaN	NaN	9	295.0320880491469	293.3371988610919	95192.72153643997	1.122867584871857	1015.4930140505319	0.025767692534156967	-0.0048182607818852445	0.012721330549077472	1722.0937208128462	2356.9358295528127	0.011329323885085922	73.06493877432307	634.8421087399665	288.3143343329033	-0.7724240841363349	0.5283211609076344	0.2151375047183207	0.9602324514163791	8.181270163389711e-15	-9.996307315686386e-15	0.9602324514163791	7.50750646866858	186.3712732475962	145.6287267524038	12.946863327071766	NaN	0.43759078492531456	0.5908066387410862	-148.80014713947622	-0.01948922804008867	-14.454336714813518	0.09518457621546354	0	74.61240649716589	-11.322720542451481	25.612024696457066	63.77756286518663	97.26480749182674	136.41527548335995	204.37494079189952	0.2121727731824813	1.0133867636028964	46.8593504352485	1.01532889757682	-3.0256352273830993	1.0859891788048344	1.1241281174226658	1.0859891788048344	-0.06846833993824154	1.0859891788048344	NaN	1	NaN	NaN	800000009	800000019	800000009	800000019	801000009	801100009	899999999	899999999	89999	89999	89	89	55	90	16	11	0	0	0	NaN	0	0	18000	0	0	0	0	0	0	NaN	NaN	NaN	NaN	0	17979	0	0	0	0	101	0	18000	0	0	16	18000	18000	18000	18000	73	NaN	0.45610598637542354	0.5141604435875601	0.2113468475191888	0.5807350426721402	2.6698900744363594	0.005034712034754286	NaN	NaN	0.0410951698059006	0.029499857912778125	-0.0017967758909303052	NaN	NaN	401.0213064730677	18.1908482925065	95244.81564822048	11.479999542236328	15.193601564672266	74.91727829657661	73.1522942699856	76.6822668944465	-3.5299761282602926	0.00028269492001143395	-1	0	-3.5548754119339563	0.22442753978899088	1.0001319713658756	-326.8891211530842	9.00096513080597	-273.1499938964844	114
DATA	2025-05-13T140000_AIU-0547.ghg	2025-05-13	14:30:00	133.604	1	18000	18000	0.26245508191307454	1	NaN	-65.36558751388212	2	NaN	-102.02225779815684	1	NaN	-2.230153801662466	2	NaN	-2.306705290513979	1	NaN	-0.08772721238971698	2	NaN	NaN	NaN	NaN	NaN	NaN	NaN	NaN	NaN	NaN	2.905128258383034e-10	1.4343024945768014e-11	1.5625888686446141e-12	NaN	15.177951749650363	392.25013215652774	399.99643846265235	0.1	1	749.3567278577466	19.365938196591998	19.74838418418549	0.1	1	0.08163804260411311	1.974445962428984	2.0134380798459452	-0.1	0	NaN	NaN	NaN	NaN	9	295.66440848442346	292.44086099282555	94816.66607162193	1.121275254103766	1016.1995068072534	0.02564267885624425	-0.14947450282530583	0.0136091168258297	1836.7062400357363	2230.8008611243345	0.012137177536043504	82.33393988874595	394.09462108859816	289.3205623923751	-0.5724037101202563	0.35556799761199487	0.2222695558652734	0.7095620929487424	4.1680889559076644e-14	1.9140449952016455e-14	0.7095620929487424	5.093270804241642	183.84788665333687	148.15211334666313	18.2551347218443	NaN	0.48380613853967774	0.679775887936053	145.73113344036642	0.01989965995280403	0.6406992839072714	-0.11857321000168718	0	80.98188617244516	-12.289313656784966	27.798460952913025	69.2220982913973	105.56806754634157	148.06071577112075	221.82193242002575	0.2598343344334152	1.0100862246914906	-70.68885160360368	1.0140966889495595	-92.81180930798031	1.099237893958227	-2.028818160218206	1.099237893958227	-2.0984586714053344	1.099237893958227	-0.054445728829888324	1.1811303974275282	NaN	NaN	800000009	800000009	800000009	800000019	800001019	811101019	899999999	899999999	89999	89999	89	89	28	47	4	40	36	3	2	NaN	0	0	3040	0	0	0	0	0	0	NaN	NaN	NaN	NaN	0	37	0	0	0	0	101	0	14311	0	0	16	18000	18000	18000	18000	78	NaN	0.4992139691910859	0.6498339354593528	0.21050387122166742	0.7863022748053574	2.7926521826563433	0.4367571191718453	0.0000012047561893953407	NaN	-0.06203827432311896	-0.05305201007826921	-0.0548730550461228	-0.000054445728829888326	NaN	392.25126677959855	19.365516406309894	95252.02903602431	11.470275802612305	16.164595941808578	77.2094680213928	76.12382752482081	78.29510810385803	-2.1712799299292636	0.0002870783066706889	-1	0	1.9559708645408587	62.88228538632706	1.0001339928408464	-288.77511955261184	9.00106984647115	-273.1499938964844	152
DATA	2025-05-13T143000_AIU-0547.ghg	2025-05-13	15:00:00	133.624	1	18000	18000	0.24258017405705246	1	NaN	32.673821477251764	0	NaN	34.530822864437724	1	NaN	1.7418803086897674	1	NaN	0.7814202947564713	1	NaN	-0.015852596446052625	1	NaN	NaN	NaN	NaN	NaN	NaN	NaN	NaN	NaN	NaN	-5.110049123790668e-10	-2.595845046249412e-11	-2.804197603493017e-12	NaN	15.09771521330048	393.086119626125	401.0953168713773	0.1	1	766.9462327410671	19.968314034992055	20.37517186531561	0.1	1	0.08285043018911611	2.0126615888207837	2.0536699145997264	-0.1	0	NaN	NaN	NaN	NaN	9	294.8857432276407	293.34798812357593	94779.85287196182	1.1171175223987615	1016.559328844604	0.02573221100642682	0.05063603510021934	0.01398360307965549	1893.1015346075694	2359.947026868346	0.012517575634861416	80.21796731258492	466.8454922607764	289.79558204186526	-0.8269304674549061	0.5853158356141863	0.2560456398447372	1.044972724576722	-2.2263539077805447e-14	-3.3846506253402633e-14	1.044972724576722	4.551200066100279	187.291527099506	144.70847290049403	14.183378906983835	NaN	0.46599174116697034	0.597492043952261	-260.4688464632924	-0.011133769122015497	0.946221919052545	0.06174333987328983	0	72.44257885921053	-10.993440827143148	24.867193083868894	61.92282683557506	94.43621801985748	132.44813853014648	198.43144672898384	0.23955380208202892	1.0126333706612898	34.39623312403692	1.0148914287918605	31.795726124524222	1.0860208925313364	1.6039104962610162	1.0860208925313364	0.7195260239746484	1.0860208925313364	-0.026356809317849884	1.1482753556819678	NaN	NaN	800000009	800000009	800000009	800000009	800000009	800000009	899999999	899999999	89999	89999	89	89	24	37	0	8	4	5	0	NaN	0	0	0	0	0	0	0	0	0	NaN	NaN	NaN	NaN	0	0	0	0	0	0	0	0	15249	0	0	0	18000	18000	18000	18000	80	NaN	0.46339682547787003	0.47356407156737673	0.2580231908592751	0.16992797675814755	1.0581334538593925	0.1010545728958037	1.80445701497104e-7	NaN	0.030288606263743936	0.04211332091337752	0.018892344943068275	-0.000026356809317849885	NaN	393.0857898613183	19.96821029345599	95203.12221267362	11.470000267028809	16.64381831407553	78.43636021550498	77.60380096350775	79.26892089886137	-1.6651198280321262	0.0002894764806810094	-1	0	1.996151821639804	82.65950841310288	1.0001174019955927	-273.3518689049614	9.001064827839533	-273.1499938964844	193
DATA	2025-05-13T150000_AIU-0547.ghg	2025-05-13	15:30:00	133.645	1	18000	18000	0.2989662943754538	1	NaN	20.974156066039562	1	NaN	-0.5044167958517176	2	NaN	-1.5528805977266325	1	NaN	-0.011424743683743549	2	NaN	0.02409906794660936	2	NaN	NaN	NaN	NaN	NaN	NaN	NaN	NaN	NaN	NaN	1.2047702030724044e-10	6.3511077805245025e-12	6.545059029341823e-13	NaN	15.029744516232519	393.43654279914557	401.7694563768964	0.1	1	792.3131489549559	20.740535263421886	21.1798159837047	0.1	1	0.08165089475470412	1.9924272982415194	2.034626541779185	0	1	NaN	NaN	NaN	NaN	9	295.6283066296047	294.25096450908245	94741.68050416865	1.1129133168374916	1017.0162529146536	0.02582181892816298	-0.000740323390706582	0.014473978494323457	1965.5202540280188	2494.952244105842	0.013005485939779583	78.77987479204978	529.4319900778232	290.38767547269714	-0.8066798332113349	0.6174045082539518	0.2560001592840003	1.0475957052583003	6.014193480267475e-14	8.015906070600341e-15	1.0475957052583003	4.948777681291804	189.4291786158481	142.5708213841519	14.144560450846276	NaN	0.5182990880446018	0.9688758618068906	-558.2392291158044	-0.005194905425391391	-41.58100253308237	0.035753191741137426	0	75.59628685242123	-11.47202818219618	25.949758984093474	64.61856899479729	98.54739490378128	138.21412256531164	207.0699415135189	0.2952426811796891	1.0126120423405125	20.775383485743347	1.014879242002135	-0.46446193592886226	1.0860239706036425	-1.4298769085764267	1.0860239706036425	-0.010519789611451539	1.0860239706036425	0.01611437962477132	1.1482665259284577	NaN	NaN	800000009	800000009	800000009	800000019	800000019	801000019	899999999	899999999	89999	89999	89	89	36	21	2	1	19	0	0	NaN	0	0	0	0	0	0	0	0	0	NaN	NaN	NaN	NaN	0	1	0	0	0	0	0	0	3276	0	0	0	18000	18000	18000	18000	80	NaN	0.7282466856805362	0.9225612768607645	0.2869437610724803	0.18620287370715694	1.251746252285603	0.0734375276906699	0.0000013273137614890112	NaN	0.01835522939555165	-0.037704238475355326	-0.0002773949658475333	0.00001611437962477132	NaN	393.4358338850314	20.740454852908844	95152.53192274304	11.470000267028809	17.23434577963087	78.97056491385564	78.22412360424468	79.71700568474665	-1.4928815070920423	0.0002909816745506963	-1	0	1.9755727179613372	80.02572523012897	1.000094479587343	-273.149993896495	9.000948326614168	-273.1499938964844	001
DATA	2025-05-13T153000_AIU-0547.ghg	2025-05-13	16:00:00	133.666	1	18000	18000	0.3501232732732761	1	NaN	-19.9649605391908	2	NaN	-14.89620278106534	1	NaN	1.2888724200911872	2	NaN	-0.3373831552448134	1	NaN	0.010097511475023534	2	NaN	NaN	NaN	NaN	NaN	NaN	NaN	NaN	NaN	NaN	-3.7243635420783395e-10	-1.9533528962235807e-11	-2.0172945346358536e-12	NaN	15.0554462757983	394.19748694563583	402.51952009944426	-0.1	0	789.6275230521129	20.674856095804792	21.111329801440654	0.1	1	0.08154754267550175	1.9897051372039043	2.031710458563037	0	1	NaN	NaN	NaN	NaN	9	295.76128591579857	294.229286883884	94714.71228776043	1.1127063497791123	1016.9783712698448	0.02582726835214941	-0.021862428459863907	0.014425099400758009	1958.73831662539	2491.633732323506	0.01296397688718285	78.61261032129394	532.895415698116	290.33304658787915	-0.4704432779269108	0.05665008200360722	0.1993381687389579	0.5140640184391423	-6.772654184214912e-14	-2.4737649577782835e-14	0.5140640184391423	5.887896400670071	158.86641111637624	173.13358888362382	22.815760584521286	NaN	0.5609449037976648	0.8167812137517244	743.296509284591	0.0039015385701073662	1.3402718016546062	-0.03145255759883585	0	80.22246374432085	-12.174068373446623	27.537775808212565	68.57295542193671	104.57808371196019	146.6722493671487	219.74175673517044	0.34586113431309895	1.0123232665868687	-20.67196526284402	1.0143958081791151	-13.635161154238821	1.0924845414411912	1.1797626155798266	1.0924845414411912	-0.3088219031454138	1.0924845414411912	0.01573453507155182	1.1692932095872532	NaN	NaN	800000009	800000009	800000009	800000009	800001009	811101119	899999999	899999999	89999	89999	89	89	3	12	0	10	14	0	0	NaN	0	0	0	0	0	0	0	0	0	NaN	NaN	NaN	NaN	0	0	0	0	0	0	0	0	2843	0	0	0	18000	18000	18000	18000	80	NaN	0.6374433161460261	0.7063931035003024	0.2897260078571204	0.0721488819282707	2.0198964359868343	0.06019258220949982	3.603768143021198e-8	NaN	-0.018267936088076045	0.031113485039766506	-0.00814445680561312	0.00001573453507155182	NaN	394.19686157864066	20.67478819797884	95102.3954765625	11.470000267028809	17.17607381979625	79.11592518160764	78.38428247972996	79.84756740141182	-1.4632855582263478	0.0002913527748799728	-1	0	1.9728623875147766	82.62887323252349	1.0000946759117975	-273.1499938964844	9.000929787158967	-273.1499938964844	202
DATA	2025-05-13T160000_AIU-0547.ghg	2025-05-13	16:30:00	133.687	1	18000	18000	0.1053326169580077	1	NaN	-2.717953199353439	2	NaN	-6.065212768029386	0	NaN	1.6346383900277208	1	NaN	-0.1373011354960197	0	NaN	-0.010197681638473947	1	NaN	NaN	NaN	NaN	NaN	NaN	NaN	NaN	NaN	NaN	1.8511614368082607e-11	9.649523819210089e-13	1.0003275749524788e-13	NaN	15.123841098802014	394.6013797827946	402.8885276571023	0.3	0	788.3583895981646	20.569331975024486	21.001314995070143	0.1	1	0.08172596397867951	1.9892508948307461	2.031027779477312	0.2	0	NaN	NaN	NaN	NaN	9	295.41904572635224	293.70608807712125	94693.2406280382	1.1144806103772504	1016.907938173857	0.025787188188701186	-0.008897113580142075	0.014373779949501106	1948.2991727504666	2412.7021592176457	0.012897290285414295	80.7517482133904	464.40298646717906	290.24863342882094	-0.12393326726282214	0.3424844579957938	0.23129636429736203	0.4314545941814814	1.0858889168990573e-13	1.2240021729366718e-15	0.4314545941814814	3.116252405741542	222.10656398642078	109.8934360135792	32.41752783004923	NaN	0.3074292450512502	0.27113630161718083	898.6292957774583	0.0032271371672687736	0.4481216576078194	-0.007800862825867627	0	78.49575423395206	-11.912033543560232	26.945052309542774	67.09699010306385	102.32714347286327	143.51527367644178	215.0120318742006	0.10389184765399039	1.0138679726711164	-3.044335385902306	1.0151219174668937	-5.549625086444627	1.0929049572815503	1.4956821077046418	1.0929049572815503	-0.1256295294309372	1.0929049572815503	-0.008099739820376452	1.1699455916788797	NaN	NaN	800000009	800000009	800000009	800000009	800001019	810011019	899999999	899999999	89999	89999	89	89	13	6	1	21	51	0	2	NaN	0	0	0	0	0	0	0	0	0	NaN	NaN	NaN	NaN	0	0	0	0	0	0	0	0	15473	0	0	0	18000	18000	18000	18000	80	NaN	0.14703412441403005	0.30334980195107974	0.09188867686925184	0.048393153246690135	1.63946199603788	0.027850761177193626	6.087522985643355e-8	NaN	-0.0026861999775623555	0.039379666696733644	-0.003307687489723417	-0.000008099739820376453	NaN	394.5999577327218	20.56929405573123	95072.08053645832	11.470000267028809	17.090681908395553	78.54144179492525	77.70259128358624	79.38029188537598	-1.6777009470462592	0.00028990783335434067	-1	0	1.97249333660139	82.31742929094811	1.0000937556458844	-273.1499938964844	9.000913160615497	-273.1499938964844	052
DATA	2025-05-13T163000_AIU-0547.ghg	2025-05-13	17:00:00	133.708	1	18000	18000	0.07471646483498079	1	NaN	-14.787355305656515	2	NaN	55.91169693690175	1	NaN	12.70816700757568	2	NaN	1.2652144274197312	1	NaN	NaN	NaN	NaN	NaN	NaN	NaN	NaN	NaN	NaN	NaN	NaN	NaN	4.9452473843157187e-11	2.5234468851514048e-12	NaN	NaN	15.365233004500917	400.273740089391	408.6198226434467	0.1	0	784.052775353695	20.425055495504633	20.850937041714936	0.1	1	NaN	NaN	NaN	NaN	0	NaN	NaN	NaN	NaN	9	295.2122725423177	293.3091606798966	95120.77375506227	1.1211932447495645	1016.7438257366753	0.025802931757440712	0.08198589489679858	0.01426425143449582	1930.7582124546047	2352.4768169984022	0.01272238438939396	82.07342144685272	421.7186045437975	290.10589542174307	0.4590524329817989	0.2065183315075726	0.24532469233021204	0.5599671080894251	4.303424839748169e-14	3.2184655988406518e-15	0.5599671080894251	2.904822014484083	307.7779909826517	24.222009017348288	25.983069485411352	NaN	0.2581474987573168	0.27395492582105685	98.10503079876615	0.02956015584917866	-0.2644769541218638	-0.05024936412579505	0	78.94156489824394	-11.979687031815077	27.09808468418172	67.47806235368112	102.90830269926889	144.33035775478615	216.23317635132605	0.07386731292164826	1.0114956383242644	-11.471923490013223	1.0148571846438514	50.83821356990164	1.0997966492277342	11.555015208037979	1.0997966492277342	1.1504076033584496	1.0997966492277342	NaN	1	NaN	NaN	800000009	800000009	800000009	800000019	800000009	810100109	899999999	899999999	89999	89999	89	89	0	4	0	12	20	0	4	NaN	0	0	0	0	0	0	0	0	0	NaN	NaN	NaN	NaN	0	2700	0	0	0	0	0	0	17403	0	0	0	18000	18000	18000	18000	80	NaN	0.22585636063732012	0.25817442284194647	0.06387906816284715	0.020166991865687454	62.51231646249553	0.20254669095445568	NaN	NaN	-0.010063388188643158	0.3043305601711376	0.03029889481336822	NaN	NaN	400.27068627734366	20.42485377149948	95055.80976432291	11.450525376849704	16.974067200554725	78.04192298253373	77.08507577768957	78.99877035734391	-1.9136938555770242	0.00028978599724683186	-1	0	1.394276248504408	69.71242372683844	1.000091539406114	-273.1499938964844	9.000944292094973	-273.1499938964844	172
DATA	2025-05-13T170000_AIU-0547.ghg	2025-05-13	17:30:00	133.729	1	18000	18000	0.10706739071701313	1	NaN	3.132571116409683	2	NaN	-91.74195166207643	2	NaN	2.9803598047851043	2	NaN	-2.074231048788483	2	NaN	NaN	NaN	NaN	NaN	NaN	NaN	NaN	NaN	NaN	NaN	NaN	NaN	-4.3969003002893254e-10	-2.1726919711175996e-11	NaN	NaN	15.449917839004065	400.0137882819374	408.0800416174996	0	0	763.4449305348558	19.766350992295905	20.16493823927131	0.1	1	NaN	NaN	NaN	NaN	0	NaN	NaN	NaN	NaN	9	294.25782058885375	292.42172388011437	95156.74084580845	1.1252967864033763	1016.3569974731694	0.02570978680680081	-0.1344101719614937	0.01385424366451198	1869.5922875954423	2226.5332325836675	0.012311635323150882	83.9687573594385	356.9409449882253	289.5990932814172	0.02011153417707668	0.33461383229777414	0.17875131580149692	0.3798985699798155	-2.712840523621262e-14	-2.8459052961363574e-14	0.3798985699798155	1.9207794360431638	245.43955140147796	86.56044859852204	28.068302391614548	NaN	0.30845731230473766	0.29594700319956807	-790.1702717554596	-0.0036700950461693482	-0.03414545973414909	0.00887958172970854	0	85.03446073182471	-12.904307481103528	29.189578658022903	72.68617807196976	110.85100778201537	155.47011456803017	232.92256198703237	0.10546422519181793	1.0152010363920028	-2.1450630955926364	1.0157045802357778	-83.93183461825134	1.093053095757384	2.7266377235956614	1.093053095757384	-1.897648940238566	1.093053095757384	NaN	1	NaN	NaN	800000009	800000019	800000009	800000019	800000019	800101019	899999999	899999999	89999	89999	89	89	1	1	2	0	16	1	0	NaN	0	0	1382	0	0	0	0	0	0	NaN	NaN	NaN	NaN	0	17476	0	0	0	0	101	0	18000	0	0	11	18000	18000	18000	18000	74	NaN	0.2112711961119787	0.3048890024484623	0.07573380783869522	0.2223414577222168	12.222698517755807	0.38097790520385016	NaN	NaN	-0.0018755416416208948	0.07150619266000635	-0.049765925831472164	NaN	NaN	400.0136558515758	19.765981798920723	95021.99635243055	11.459214727242784	16.449111853758495	75.47442448043834	73.95934347873244	76.9895037968953	-3.0301596515707754	0.0002878428718120431	-1	0	-9.988478109139221	1.7304619508852352	1.0001107787407106	-288.8154945543016	9.001011496093538	-273.1499938964844	194
DATA	2025-05-13T173000_AIU-0547.ghg	2025-05-13	18:00:00	133.749	1	18000	18000	0.1627467938015206	1	NaN	35.6620915657989	1	NaN	27.865572004670774	1	NaN	-8.41415215447438	1	NaN	0.6294512379609483	1	NaN	NaN	NaN	NaN	NaN	NaN	NaN	NaN	NaN	NaN	NaN	NaN	NaN	3.6674354406129765e-10	1.6109342620365195e-11	NaN	NaN	15.991625877810417	410.84482418759893	418.3953998149622	0.1	1	702.4379419731205	18.04650727685482	18.37816903813682	0	0	NaN	NaN	NaN	NaN	0	NaN	NaN	NaN	NaN	9	293.15007437727184	291.4792983717077	95099.89587677189	1.1289835903115335	1015.3745915237486	0.025628311113303076	0.040788440219869444	0.012689016660642035	1706.8408180218755	2099.4308593964743	0.01123932780736043	81.30016810901517	392.59004137459874	288.1760170279403	0.9681958264746205	0.17521765491065613	0.16340979503387454	0.9974001935573842	5.555562167461782e-14	2.2933474486179787e-14	0.9974001935573842	5.033106577964357	321.7420160870881	10.25798391291191	9.429606703079992	NaN	0.3796753535058208	0.841152135896073	-129.34203443694255	-0.022421171992727713	1.2797904008509602	0.08193708015565536	0	91.2644476470171	-13.84973203092732	31.3281315639203	78.01147718490034	118.97242493541874	166.8605176014182	249.9874613342357	0.1606518390795599	1.013040340739101	36.92792703326857	1.0151259258053553	25.659235085420807	1.0859860752631545	-7.747937424000096	1.0859860752631545	0.5796126233095766	1.0859860752631545	NaN	1	NaN	NaN	800000009	800000019	800000009	800000019	800000009	800010109	899999999	899999999	89999	89999	89	89	27	1	5	24	3	0	0	NaN	0	0	2845	0	0	0	0	0	0	NaN	NaN	NaN	NaN	0	17982	0	0	0	0	101	0	18000	0	0	21	18000	18000	18000	18000	73	NaN	1.0622504329882168	0.5239019553995783	0.09615188340435085	0.1188430039822479	47.39183741818593	0.07746686416848612	NaN	NaN	0.03221372952747398	-0.20219553041426974	0.015125971647868684	NaN	NaN	410.84447347294383	18.046425063769046	95068.34846440973	11.479999542236328	15.039264081637068	74.18883136155858	72.32217384211208	76.05549086210458	-3.7333185034328475	0.00028581462454813945	-1	0	-0.6735711402408741	0.11398488094599885	1.000138126010696	-287.1197444830995	9.001032475074132	-273.1499938964844	026
DATA	2025-05-13T180000_AIU-0547.ghg	2025-05-13	18:30:00	133.77	1	18000	18000	0.1060038012198028	1	NaN	-0.7385333665707208	2	NaN	-11.740748901511457	2	NaN	-7.247327224867368	2	NaN	-0.265232375138463	2	NaN	NaN	NaN	NaN	NaN	NaN	NaN	NaN	NaN	NaN	NaN	NaN	NaN	-3.43287108086137e-10	-1.5105370628934687e-11	NaN	NaN	15.978072711887183	409.45661053874466	416.96913126965563	0.1	1	703.0695431433538	18.016970963859137	18.34753802369027	0.4	0	NaN	NaN	NaN	NaN	0	NaN	NaN	NaN	NaN	9	293.2352021848891	291.5666635242461	95099.89587677189	1.1286577245166343	1015.3597637586644	0.025635753314853398	-0.0171870579089724	0.012664571169180608	1704.0633670186994	2110.9680608628473	0.01122091391755141	80.7242609972115	406.9046938441479	288.1507135739072	0.5543919121202868	-0.09620059207951882	0.16984518491564535	0.5877519314982116	-3.224107875053086e-14	-2.148488833892602e-14	0.5877519314982116	3.3342531008009795	341.844198462348	350.155801537652	16.796556987330924	NaN	0.3064640879675975	0.40151426362425474	3284.5537153290443	0.000882920558268136	0.06290342913948573	-0.0021028501379766586	0	90.48036804062946	-13.730744925659513	31.058982407827184	77.34125773031676	117.95029797887219	165.4269700115771	247.83974581808087	0.10481452339999323	1.0113464983785792	-1.4015569958611425	1.0138094301700333	-10.758974834184379	1.0912516371176648	-6.641297917325296	1.0912516371176648	-0.24305335828775865	1.0912516371176648	NaN	1	NaN	NaN	800000009	800000019	800000009	800000019	800000019	800101119	899999999	899999999	89999	89999	89	89	7	1	1	5	7	7	0	NaN	0	0	7337	0	0	0	0	0	0	NaN	NaN	NaN	NaN	0	17541	0	0	0	0	101	0	18000	0	0	21	18000	18000	18000	18000	73	NaN	0.4620477183009835	0.27696896431845575	0.06401184462907014	0.04921743428999734	23.71556546969357	0.0208104255457345	NaN	NaN	-0.0012230059105855394	-0.17336107446504953	-0.006344541664842865	NaN	NaN	409.45567430883756	18.01694809317351	95105.89919509548	11.460784713268279	15.021074111011288	74.50412033420139	72.64301495276558	76.36522409354316	-3.7222080335087178	0.0002848268678450643	-1	0	-3.5622004440817086	0.8153761486070012	1.0001519461770851	-273.1499938964844	9.001116858561833	-273.1499938964844	050
DATA	2025-05-13T183000_AIU-0547.ghg	2025-05-13	19:00:00	133.791	1	18000	18000	0.19138541811549525	1	NaN	-24.00151044569177	1	NaN	17.68003416663176	1	NaN	10.192489821308172	1	NaN	0.3993342235837403	1	NaN	NaN	NaN	NaN	NaN	NaN	NaN	NaN	NaN	NaN	NaN	NaN	NaN	-4.4040872953487547e-10	-1.9150553595493487e-11	NaN	NaN	16.11615577973043	409.91442054188246	417.35356057560546	0.2	0	700.7883457237633	17.824551498885164	18.14803203041471	0.1	1	NaN	NaN	NaN	NaN	0	NaN	NaN	NaN	NaN	9	293.03181139289	291.38215511498913	95029.17713946004	1.1286135159251414	1015.2483340429807	0.025637036468758912	0.02587685768822637	0.01252868770166503	1684.7141552832477	2086.7029034636553	0.011100954866197112	80.73569804723239	401.9887481804076	287.97342369988974	0.7273408086794527	0.3467959473489268	0.19322938139322984	0.8286312056045392	2.4554642501554378e-14	-2.732715763946544e-14	0.8286312056045392	3.8009410632184912	306.50820346895694	25.49179653104303	13.485015353951175	NaN	0.41179569222445994	0.7749151963311914	245.05713434244302	0.011833974994368203	-1.3575488723314115	-0.05086736505783838	0	116.7798139358316	-17.721787304168075	40.08673113479847	99.82162852447605	152.23428186613248	213.5107448860679	319.8780025910462	0.18962282105980188	1.0092952791538603	-22.819759139241715	1.0132625680155691	16.14128770291409	1.0953298455512854	9.305406825811668	1.0953298455512854	0.3645789669711348	1.0953298455512854	NaN	1	NaN	NaN	800000009	800000019	800000009	800000019	800000009	800001109	899999999	899999999	89999	89999	89	89	0	0	2	18	9	5	0	NaN	0	0	18000	0	0	0	0	0	0	NaN	NaN	NaN	NaN	0	17980	0	0	0	0	101	0	18000	0	0	21	18000	18000	18000	18000	73	NaN	1.1168437678258238	0.3719161623724747	0.06107046246408432	0.05527802846294409	12.056541854224498	0.013399790168641844	NaN	NaN	-0.019915605902590252	0.24286872522466846	0.009515417284755055	NaN	NaN	409.9140003610021	17.82452987412543	95083.04732877604	11.449999809265137	14.850778292761914	74.35847357728747	72.4646936191983	76.25225265842012	-3.787557517819935	0.0002754502952739132	-1	0	-6.4666951405457205	0.2620094246422787	1.0001299632307556	-273.1499938964844	9.00095729109976	-273.1499938964844	150
DATA	2025-05-13T190000_AIU-0547.ghg	2025-05-13	19:30:00	133.812	0	18000	18000	0.0647653136476807	1	NaN	-7.191825664173068	2	NaN	9.04752192651475	2	NaN	-14.020157078940146	1	NaN	0.2044609907033332	2	NaN	NaN	NaN	NaN	NaN	NaN	NaN	NaN	NaN	NaN	NaN	NaN	NaN	2.0871391576368847e-10	9.451667782296188e-12	NaN	NaN	15.879881904588407	404.4735077671125	412.02035918765586	0	0	719.1248730832302	18.31669540656403	18.658456674222332	0.5	0	NaN	NaN	NaN	NaN	0	NaN	NaN	NaN	NaN	9	293.62319751146106	291.9247893002919	95029.17713946004	1.1263090482506137	1015.5343545636512	0.02568877620110011	0.013249072197575991	0.012848679683988461	1730.9573988239667	2158.782345782175	0.011407774539275047	80.18211758151108	427.82494695820833	288.3942187888982	0.5585162728421654	0.5037468067861932	0.2037844061725527	0.7792492262272324	6.017035699279489e-14	1.3143291431114591e-14	0.7792492262272324	2.5998600843837174	289.95151271581994	42.04848728418006	15.159903120605586	NaN	0.23979628468485933	0.23900185483709308	161.50702222724536	0.017955875602236108	-0.7948945272071282	-0.026220713688999007	0	96.1902687515724	-14.597244387483034	33.01900654977124	82.22199497821629	125.39373023793499	175.8664895906099	263.4800484770082	0.06414938850904318	1.009601418703324	-6.622992979780804	1.0136383910868436	8.244985272594624	1.0973363356497028	-12.776535892834712	1.0973363356497028	0.18632481588452773	1.0973363356497028	NaN	1	NaN	NaN	800000009	800000019	800000009	800000019	800000009	800000109	899999999	899999999	89999	89999	89	89	6	2	1	7	7	0	0	NaN	0	0	18000	0	0	0	0	0	0	NaN	NaN	NaN	NaN	0	10699	0	0	0	0	101	0	18000	0	0	21	18000	18000	18000	18000	73	NaN	0.28906202767203587	0.1553103465782147	0.0336313354239356	0.09802153886045083	31.009411429488352	0.02123220047329387	NaN	NaN	-0.00579031381859831	-0.33430290183026645	0.004875259393911333	NaN	NaN	404.47348353830876	18.316665871151965	95048.60793815104	11.420788402610356	15.2683219707807	74.4841732474433	72.65691513612528	76.31143122058448	-3.654514497518564	0.00026164686023548385	-1	0	1.313267369868882	8.290515215028726	1.0001463648726543	-294.34686978657805	9.00110104865498	-273.1499938964844	049
DATA	2025-05-13T193000_AIU-0547.ghg	2025-05-13	20:00:00	133.833	0	18000	18000	0.09803624108245348	1	NaN	-27.526692953688315	1	NaN	8.088946395362223	1	NaN	-1.221579929918601	2	NaN	0.18271441406158673	1	NaN	0.031141493459630142	1	NaN	NaN	NaN	NaN	NaN	NaN	NaN	NaN	NaN	NaN	2.4153131400152006e-10	1.0823910918719579e-11	1.266319081597491e-12	NaN	15.823725688540698	402.7830014000166	410.18695595918933	0.1	1	709.1196351208574	18.050195043036307	18.381993613031373	0.3	0	0.08296185471519182	1.9965608818008527	2.0332616511781443	0	1	NaN	NaN	NaN	NaN	9	293.33432137552893	291.4476069388519	94660.21223951058	1.1238030364587497	1015.4336776701481	0.025597823486373187	0.01183989403119082	0.012706725648831095	1709.093617068533	2096.5289258711296	0.011306897415824439	81.52015438367428	387.43530880259664	288.1965141797285	0.4813530947818966	0.41083930854359346	0.17655777633846573	0.6570101884189049	-3.5345064502087552e-15	1.5263871401438245e-14	0.6570101884189049	2.307732342892123	291.51893737536574	40.48106262463427	15.58865667579994	NaN	0.29535765071250086	0.40192461586256584	78.62418064745029	0.036884327138537176	-3.403001034778853	-0.08167028090723738	0	96.95578217390594	-14.713414002691835	33.28178253567944	82.87634433791527	126.39165429843972	177.26609227461935	265.5769083386555	0.09701523485104196	1.0105241845054458	-26.823479703971326	1.0149407574320417	7.320944435227333	1.104904765625508	-1.1055974848900583	1.104904765625508	0.165366663033758	1.104904765625508	0.03512864269392787	1.1917821263982	NaN	NaN	800000009	800000009	800000009	800000019	800000019	800010019	899999999	899999999	89999	89999	89	89	2	2	0	6	3	0	0	NaN	0	0	18000	0	0	0	0	0	0	NaN	NaN	NaN	NaN	0	0	0	0	0	0	101	0	17203	0	0	16	18000	18000	18000	18000	73	NaN	0.5058250728092928	0.24800352146471263	0.05002063745112629	0.1172767612681533	11.038039533036793	0.02140977277680304	1.867913441955542e-7	NaN	-0.023505708834732332	-0.02882125814205456	0.004310859375607239	0.00003512864269392787	NaN	402.7819119367649	18.05016573841139	95042.11616775174	11.43842991224924	15.039286651664334	74.53811907958986	72.76976983133949	76.30646804343328	-3.536702183273112	0.0002828446313667681	-1	0	1.981750225219461	69.03040782020075	1.0001269573304388	-313.76724560208135	9.001007348510955	-273.1499938964844	075
DATA	2025-05-13T200000_AIU-0547.ghg	2025-05-13	20:30:00	133.854	0	18000	18000	0.01665081497544596	1	NaN	5.549182578010711	0	NaN	2.4386842504613635	1	NaN	3.1200982953018443	0	NaN	0.055076281538887724	1	NaN	0.0004594617830775614	1	NaN	NaN	NaN	NaN	NaN	NaN	NaN	NaN	NaN	NaN	2.8164806521516117e-10	1.2277730774400597e-11	1.4512996106275114e-12	NaN	16.029027955067782	407.62931479767224	415.00374999620186	0.2	0	698.7446892536631	17.76956280177494	18.091032540655064	0.8	0	0.08259571040246977	1.9859462783135726	2.0218740970585363	-0.3	0	NaN	NaN	NaN	NaN	9	293.069753256056	291.2761800757514	94666.9585655382	1.1246647271519286	1015.2715035408078	0.02558094395177245	0.003568943043719924	0.012517424211477819	1682.6416952682732	2074.0858007512616	0.011129916240172852	81.12690876427571	391.44410548298833	287.9543285589547	1.2869771557686462	0.5501958301723604	0.2580839959993765	1.4232473432261905	9.235638221204036e-14	1.75711257104717e-14	1.4232473432261905	3.692165244401393	308.8527992155679	23.14720078443209	10.447506472361006	NaN	0.12167636029247805	0.3280782350844493	-27.26806023015776	-0.10635153272812108	2.2754821896114215	0.039940871119238566	1	29.535959986731235	13	24	42	66	114	294	0.016479418337307206	1.010400648532038	5.644518624212939	1.0137371091500758	2.242542939963111	1.087463792555731	2.8691514298320366	1.087463792555731	0.05064654282369144	1.087463792555731	-0.001344630407515006	1.1480281863392399	NaN	NaN	800000009	800000009	800000009	800000009	800001019	800001019	899999999	899999999	89999	89999	89	89	4	5	2	27	9	0	0	NaN	0	0	18000	0	0	0	0	0	0	NaN	NaN	NaN	NaN	0	0	0	0	0	0	0	0	18000	0	0	0	18000	18000	18000	18000	73	NaN	0.2924889564252021	0.3118276671499987	0.05183984659369767	0.015739625465394466	12.382239099778104	0.005931408286446676	1.8628409129483274e-8	NaN	0.004943353170660423	0.07472376675239159	0.00131903126946286	-0.000001344630407515006	NaN	407.6284654712477	17.76954929019781	95054.46666037326	11.479999542236328	14.798451740264882	74.41219276385839	72.60643716727364	76.21794686465792	-3.6115124634636837	0.0002831777728117433	-1	0	1.971403224176831	73.24886440107565	1.0001284175680742	-327.53512118020745	9.000978347990248	-273.1499938964844	195
DATA	2025-05-13T203000_AIU-0547.ghg	2025-05-13	21:00:00	133.874	0	18000	18000	0.012366820034478586	1	NaN	6.942494345508101	0	NaN	4.2554065729034525	1	NaN	4.658028362196803	0	NaN	0.09608031069361689	1	NaN	-0.0006354335556468698	2	NaN	NaN	NaN	NaN	NaN	NaN	NaN	NaN	NaN	NaN	-4.782903482744879e-11	-2.048017189182143e-12	-2.499418072668755e-13	NaN	16.04793761383481	407.7186495740386	414.9632119150057	0.2	0	687.1652794715084	17.458324335630365	17.768533150337355	0.4	0	0.08386225113215175	2.0135973378898337	2.0493760089395607	0	1	NaN	NaN	NaN	NaN	9	292.68101127454963	290.9999371210734	94663.48174631076	1.1258243911122223	1015.0900617979221	0.025557621931847997	0.006226004132946374	0.012309400724263906	1653.1090771642284	2038.3629619084315	0.010933677420244222	81.0998388440346	385.2538847442031	287.6799521192838	0.9958318731404845	0.291299544393676	0.24916309492687144	1.0670608192601292	1.4998247344146485e-13	-2.9803851422138955e-15	1.0670608192601292	2.842832178529031	315.6948097424789	16.305190257521048	13.503462016406717	NaN	0.10480782143155885	0.3341822273830968	-13.928123827835433	-0.20821181918302117	1.6314526535995022	0.05796243363979338	1	22.734187522126692	10	18	31	48	80	196	0.012214662424628634	1.0124569639798766	7.122569478829636	1.0147913449765207	3.9182352358146875	1.0860518362978429	4.288955836652504	1.0860518362978429	0.08846751829188701	1.0860518362978429	-0.0029085186531248993	1.1482032521336547	NaN	NaN	800000009	800000009	800000009	800000009	800000019	800000019	899999999	899999999	89999	89999	89	89	9	0	1	11	5	1	6	NaN	0	0	18000	0	0	0	0	0	0	NaN	NaN	NaN	NaN	0	0	0	0	0	0	0	0	18000	0	0	0	18000	18000	18000	18000	73	NaN	0.23043070796853574	0.39975610094703057	0.038177645850627245	0.017566818564693203	35.80856165733299	0.021080095645068183	4.399890256408516e-7	NaN	0.0062324882017410444	0.1115637503474584	0.0023012053517152947	-0.0000029085186531248992	NaN	407.71786427129547	17.458295656379338	95051.27900911459	11.47359500646591	14.52361590109929	74.6283369581435	72.90391711298629	76.35275630399919	-3.448839298301282	0.00028217142935156716	-1	0	1.9990939911438352	72.37459183014772	1.0001589807868003	-273.1499938964844	9.001186126920912	-273.1499938964844	200
DATA	2025-05-13T210000_AIU-0547.ghg	2025-05-13	21:30:00	133.895	0	18000	18000	0.011084637783175564	0	NaN	13.849652420689468	1	NaN	9.756757345712476	1	NaN	-2.9992716333726217	1	NaN	0.2201601751980424	1	NaN	-0.007591760862459929	1	NaN	NaN	NaN	NaN	NaN	NaN	NaN	NaN	NaN	NaN	1.950077899323111e-10	8.089008379443944e-12	1.0231898513794631e-12	NaN	16.034205849857628	406.5816300543804	413.5563336172147	0.1	1	665.1058684488847	16.86518376306632	17.154497516037356	0.2	0	0.08413016067818739	2.0137460132695426	2.048290814252105	-0.1	0	NaN	NaN	NaN	NaN	9	291.94537789832214	290.378700237698	94692.47065429688	1.1288332867721744	1014.742874213626	0.02549525318216704	0.014266379352833147	0.0119202823539791	1597.4342984954385	1959.9899213471165	0.010559825346809514	81.50216902123196	362.555622851678	287.15076950949924	1.1624952655869298	0.06985307658168308	0.2768719912753468	1.1970517091473871	1.1496080860410688e-14	1.2161986178694507e-14	1.1970517091473871	2.884732826160386	328.56129361322957	3.4387063867703973	13.373321675128365	NaN	0.09909365546352827	0.2207234135592538	-5.901605378564966	-0.49139171699500583	1.419493375714174	0.12201330953508632	1	23.803746376474884	11	19	31	47	76	174	0.010958018046446614	1.0115549852347623	14.283085464207682	1.014298093021729	8.980931508550578	1.086385898436398	-2.7607792384726104	1.086385898436398	0.2026537490176485	1.086385898436398	-0.011751701785243169	1.1479456116265767	NaN	NaN	800000009	800000009	800000009	800000009	800000009	800000019	899999999	899999999	89999	89999	89	89	7	0	1	22	13	0	0	NaN	0	0	18000	0	0	0	0	0	0	NaN	NaN	NaN	NaN	0	0	0	0	0	0	0	0	18000	0	0	0	18000	18000	18000	18000	73	NaN	0.15462237779332344	0.26047667592036156	0.02634777340482258	0.05729259833926003	9.510004040720945	0.027501355900888102	1.7849403607977786e-7	NaN	0.012469131850628687	-0.07159454470487306	0.005255365112670563	-0.000011751701785243168	NaN	406.5805073760407	16.86515036041519	95077.19123263888	11.470000267028809	13.993995548990021	74.74748182974923	73.08488892830741	76.41007361602783	-3.325182188630086	0.0002819478014070127	-1	0	1.9997097349034423	72.61598971303319	1.00015456828475	-297.85949493407696	9.001093882905112	-273.1499938964844	234
DATA	2025-05-13T213000_AIU-0547.ghg	2025-05-13	22:00:00	133.916	0	18000	18000	0.20176324836220136	1	NaN	-13.490762845880832	2	NaN	2.0855979622851444	2	NaN	9.337475377340143	1	NaN	0.04705032392046327	2	NaN	0.022412003404363175	1	NaN	NaN	NaN	NaN	NaN	NaN	NaN	NaN	NaN	NaN	-7.228734934231052e-10	-2.880844219223542e-11	-3.685269987275666e-12	NaN	16.413817156953243	415.5965054867926	422.5958044260992	0.1	1	654.1345159591316	16.562632345136468	16.841573128985583	0.1	1	0.08367902308702467	2.000410827259187	2.0341008924944872	0	1	NaN	NaN	NaN	NaN	9	291.66370639716257	290.13678827582464	94730.72918033855	1.1303610863802016	1014.5674564243527	0.025463725219860966	0.00304886099004602	0.011720933893062785	1569.411104223177	1930.1934604373885	0.010369194440864182	81.30848727813755	360.7823562142114	286.8782498706245	0.5146412214613467	0.3153172649707614	0.24570658848372523	0.651653506121568	-9.595780577110596e-15	-4.404054745528103e-14	0.651653506121568	2.2890136540114434	300.5044745306617	31.49552546933831	22.151132333533937	NaN	0.42248610641203704	0.37928294239452204	469.64797716350284	0.006174837625224981	-6.468534727133745	-0.02784363618580128	0	112.29197727289966	-17.040740776383494	38.546202034600576	95.9854932443507	146.38393351834907	205.30554814413682	307.5851226890252	0.1996438580209558	1.0106158554651008	-13.262003500360457	1.0136616461949068	1.9082162310334094	1.0929568297171817	8.543315823147699	1.0929568297171817	0.04304865722156494	1.0929568297171817	0.024190035517043837	1.1698878631176763	NaN	NaN	800000009	800000009	800000009	800000009	800000009	800000009	899999999	899999999	89999	89999	89	89	1	1	0	20	1	0	0	NaN	0	0	18000	0	0	0	0	0	0	NaN	NaN	NaN	NaN	0	0	0	0	0	0	0	0	18000	0	0	0	18000	18000	18000	18000	73	NaN	0.6157589439492861	0.07190794270026502	0.07089899813949298	0.03179327398337182	19.54666801032643	0.0017738102043513323	3.540077015318609e-8	NaN	-0.01156407800201669	0.22120943999139	0.001114645595865976	0.000024190035517043835	NaN	415.5962956024411	16.562622859468853	95122.66230078126	11.440787931760152	13.723171383433867	74.36934671910603	72.58413633049864	76.15456027009753	-3.5704246064291953	0.0002814200677191062	-1	0	1.986703994701306	73.59144165214252	1.0001239877376291	-344.41187188889955	9.00089856396781	-273.1499938964844	114
DATA	2025-05-13T220000_AIU-0547.ghg	2025-05-13	22:30:00	133.937	0	18000	18000	0.060331893309501367	1	NaN	5.2055160669819145	1	NaN	-5.1578335383559875	1	NaN	0.6774726816451198	2	NaN	-0.11635019222134045	1	NaN	0.01893721797014107	1	NaN	NaN	NaN	NaN	NaN	NaN	NaN	NaN	NaN	NaN	9.728734330579463e-11	3.917413240986445e-12	4.95756315216205e-13	NaN	16.474106508789614	417.0948524363849	424.2195853438866	0.1	0	663.353328172438	16.7949174287326	17.08180493210095	0.1	1	0.0839486624031431	2.006264019000536	2.0405346296153963	0	1	NaN	NaN	NaN	NaN	9	291.50422322252064	290.05973360443113	94776.712234375	1.131110215316669	1014.6972461323319	0.025444611533091167	-0.007539492455942861	0.011894243968222206	1592.1940308056496	1920.7863571082326	0.010515548181918116	82.8928227709154	328.59232630258293	287.1001302147866	0.19746440842542526	-0.11297132499653831	0.17305635644567488	0.28583774308606796	-2.6613728771699802e-14	5.905470093560936e-15	0.28583774308606796	1.605913525540865	1.7742968154224172	330.2257031845776	37.26019659892577	NaN	0.23095162103419417	0.17278312420181935	-198.9017345953689	-0.014580063898887293	-1.0092446815647187	0.01963818604568078	0	90.4770487505562	-13.730241210584992	31.057843002957107	77.33842045108595	117.94597094902365	165.42090129068993	247.83065376832613	0.058356476151162566	1.0338508643534579	4.7989111981272154	1.028572253243524	-4.692380218090263	1.0991934367277592	0.6163361779723869	1.0991934367277592	-0.10585051578156147	1.0991934367277592	0.016069972215955637	1.1668799807338508	NaN	NaN	800000009	800000009	800000009	800000009	800000009	801010109	899999999	899999999	89999	89999	89	89	1	3	0	26	14	3	0	NaN	0	0	18000	0	0	0	0	0	0	NaN	NaN	NaN	NaN	0	0	0	0	0	0	0	0	18000	0	0	0	18000	18000	18000	18000	73	NaN	0.05610607326127712	0.2531035951907122	0.03635657995164944	0.00986015493680111	8.108030707293231	0.0032775475944927766	3.8902536373268426e-8	NaN	0.004181203519025718	0.01595039199628506	-0.0027393446629714233	0.000016069972215955638	NaN	417.0947049692662	16.794907160047433	95172.23232899305	11.44921479129791	13.945382783889766	74.91304437594945	73.31981002298988	76.50628498840334	-3.1864809643957304	0.000281496118210877	-1	0	1.9923171393871313	73.3936157569886	1.0001376890175873	-322.85162098354056	9.001019809537464	-273.1499938964844	223
DATA	2025-05-13T223000_AIU-0547.ghg	2025-05-13	23:00:00	133.958	0	18000	18000	0.13472000663927147	1	NaN	41.34613482047856	1	NaN	-1.3438389211546355	2	NaN	-22.69469954816363	1	NaN	-0.03031240117051934	2	NaN	NaN	NaN	NaN	NaN	NaN	NaN	NaN	NaN	NaN	NaN	NaN	NaN	9.340322979153798e-10	3.719397897033471e-11	NaN	NaN	16.610772666708844	420.2585438602235	427.41129798619977	0.1	1	661.4554235709651	16.735060958092014	17.01988985226976	-0.1	0	NaN	NaN	NaN	NaN	0	NaN	NaN	NaN	NaN	9	291.53737655639645	289.99601543985347	95250.7835788835	1.1371144962200492	1014.6129184808793	0.025446948125970387	-0.001964243595849653	0.01185076505594923	1585.980256464335	1912.0371757299679	0.0104217869839344	82.94714541095925	326.0569192656328	287.039893221222	-0.15823681017612318	-0.014398160118273209	0.16051908077230442	0.2258596254346749	5.488732209990165e-15	5.623051477836179e-14	0.2258596254346749	1.8114356291435079	146.80090415108157	185.1990958489184	45.292130403754776	NaN	0.34420244403921146	0.17142918433554172	-83.19443483489322	-0.03485810085440581	-30.767180626792445	0.1041157382699223	0	72.81593133504997	-11.050098505754855	24.995352907155745	62.24196291651125	94.92292067956194	133.13074593064587	199.4541170022861	0.12943968530356526	1.0407936818088106	40.15681988789479	1.0331893234112486	-1.216329374389491	1.1048314292575112	-20.541323270840813	1.1048314292575112	-0.027436222728466755	1.1048314292575112	NaN	1	NaN	NaN	800000009	800000009	800000009	800000019	800000109	800000119	899999999	899999999	89999	89999	89	89	0	8	0	25	0	16	0	NaN	0	0	16864	0	0	0	0	0	0	NaN	NaN	NaN	NaN	0	5024	0	0	0	0	0	0	18000	0	0	0	18000	18000	18000	18000	73	NaN	0.11245652387996598	0.09142292374299157	0.13897892104812584	0.040421271130301285	20.090292348489	0.001615920282458403	NaN	NaN	0.034806049140650205	-0.5315648477455532	-0.0007099898757775379	NaN	NaN	420.2583873169547	16.735078022095127	95197.81339930555	11.470000267028809	13.89460652580295	74.72384454854335	73.10091373697911	76.3467761798435	-3.2458633346954855	0.00028092951738573096	-1	0	-1.0709964567270576	53.974600435652135	1.0001256735573212	-338.0326216210186	9.000943137778176	-273.1499938964844	128
DATA	2025-05-13T230000_AIU-0547.ghg	2025-05-13	23:30:00	133.979	0	18000	18000	0.09978130972801084	1	NaN	-4.406953264187943	1	NaN	-4.019006266419446	1	NaN	13.38603140474968	1	NaN	-0.09067494728822156	1	NaN	-0.0904969956580078	1	NaN	NaN	NaN	NaN	NaN	NaN	NaN	NaN	NaN	NaN	-2.05646479114944e-10	-8.363335425523403e-12	-1.0697082122956208e-12	NaN	16.435854787851262	416.1970618613192	423.3629511942297	0.1	1	668.4216874880889	16.926113427490147	17.217539453217597	0.7	0	0.08549413983808474	2.0447836481235275	2.0799897912583885	0.2	0	NaN	NaN	NaN	NaN	9	291.95694897969565	290.2242660411606	94814.41601846289	1.130862229495339	1014.7745995554266	0.025448920630343267	-0.005875736584276757	0.011985127920343973	1605.2700413131122	1940.9219903933188	0.010598221080999833	82.70657188998162	335.6519490802066	287.226218392281	0.0066926674051159705	0.13781512030583576	0.15831111229029418	0.21000049394347356	-1.4499758491652666e-13	-1.251206473708625e-14	0.21000049394347356	5.29107512341725	244.78025065650536	87.21974934349464	48.9259166493999	NaN	0.29704329286054476	0.5975502452790175	500.028640370364	0.005799667790732971	1.0965280897942271	-0.012928240043827692	0	61.995627272752714	-9.408075619301005	21.281092667107615	52.99292974694299	80.81756151704317	113.34777914578461	169.8156278300283	0.09747342930852963	1.0236770208645902	-4.570420945167763	1.0198720848945597	-3.656720112875505	1.0990740724914416	12.179371472575536	1.0990740724914416	-0.08250121584860481	1.0990740724914416	-0.0801670858807622	1.1785930173726604	NaN	NaN	800000009	800000009	800000009	800000019	800100119	811100119	899999999	899999999	89999	89999	89	89	20	26	4	7	4	0	0	NaN	0	0	16129	0	0	0	0	0	0	NaN	NaN	NaN	NaN	0	22	0	0	0	0	101	0	18000	0	0	16	18000	18000	18000	18000	73	NaN	0.18562682593782978	0.8547260680421036	0.1547475965781015	0.020942478097563395	38.14652935405379	0.0044236419027671855	6.429893236484328e-7	NaN	-0.003982693766322573	0.31528992241773546	-0.002135726133556777	-0.0000801670858807622	NaN	416.196952908414	16.9261017178559	95202.7583997396	11.470000267028809	14.070528188811409	74.23435733201768	72.45345430416535	76.01525738143918	-3.561804620424899	0.00028142686102202986	-1	0	2.023447198443518	64.35423359046935	1.0001676735546854	-273.1499938964844	9.001197245438894	-273.1499938964844	195
