DATAH	filename	date	time	DOY	daytime	file_records	used_records	Tau	qc_Tau	rand_err_Tau	H	qc_H	rand_err_H	LE	qc_LE	rand_err_LE	co2_flux	qc_co2_flux	rand_err_co2_flux	h2o_flux	qc_h2o_flux	rand_err_h2o_flux	ch4_flux	qc_ch4_flux	rand_err_ch4_flux	none_flux	qc_none_flux	rand_err_none_flux	H_strg	LE_strg	co2_strg	h2o_strg	ch4_strg	none_strg	co2_v-adv	h2o_v-adv	ch4_v-adv	none_v-adv	co2_molar_density	co2_mole_fraction	co2_mixing_ratio	co2_time_lag	co2_def_timelag	h2o_molar_density	h2o_mole_fraction	h2o_mixing_ratio	h2o_time_lag	h2o_def_timelag	ch4_molar_density	ch4_mole_fraction	ch4_mixing_ratio	ch4_time_lag	ch4_def_timelag	none_molar_density	none_mole_fraction	none_mixing_ratio	none_time_lag	none_def_timelag	sonic_temperature	air_temperature	air_pressure	air_density	air_heat_capacity	air_molar_volume	ET	water_vapor_density	e	es	specific_humidity	RH	VPD	Tdew	u_unrot	v_unrot	w_unrot	u_rot	v_rot	w_rot	wind_speed	max_wind_speed	wind_dir	yaw	pitch	roll	u*	TKE	L	(z-d)/L	bowen_ratio	T*	model	x_peak	x_offset	x_10%	x_30%	x_50%	x_70%	x_90%	un_Tau	Tau_scf	un_H	H_scf	un_LE	LE_scf	un_co2_flux	co2_scf	un_h2o_flux	h2o_scf	un_ch4_flux	ch4_scf	un_none_flux	un_none_scf	spikes_hf	amplitude_resolution_hf	drop_out_hf	absolute_limits_hf	skewness_kurtosis_hf	skewness_kurtosis_sf	discontinuities_hf	discontinuities_sf	timelag_hf	timelag_sf	attack_angle_hf	non_steady_wind_hf	u_spikes	v_spikes	w_spikes	ts_spikes	co2_spikes	h2o_spikes	ch4_spikes	none_spikes	head_detect_LI-7200	t_out_LI-7200	t_in_LI-7200	aux_in_LI-7200	delta_p_LI-7200	chopper_LI-7200	detector_LI-7200	pll_LI-7200	sync_LI-7200	chopper_LI-7500	detector_LI-7500	pll_LI-7500	sync_LI-7500	not_ready_LI-7700	no_signal_LI-7700	re_unlocked_LI-7700	bad_temp_LI-7700	laser_temp_unregulated_LI-7700	block_temp_unregulated_LI-7700	motor_spinning_LI-7700	pump_on_LI-7700	top_heater_on_LI-7700	bottom_heater_on_LI-7700	calibrating_LI-7700	motor_failure_LI-7700	bad_aux_tc1_LI-7700	bad_aux_tc2_LI-7700	bad_aux_tc3_LI-7700	box_connected_LI-7700	mean_value_RSSI_LI-7200	mean_value_LI-7500	u_var	v_var	w_var	ts_var	co2_var	h2o_var	ch4_var	none_var	w/ts_cov	w/co2_cov	w/h2o_cov	w/ch4_cov	w/none_cov	co2_mean	h2o_mean	air_p_mean	vin_sf_mean	dew_point_mean	avg_signal_strength_7200_mean	co2_signal_strength_7200_mean	h2o_signal_strength_7200_mean	delta_signal_strength_7200_mean	flowrate_mean	hit_power_mean	hit_vin_mean	ch4_mean	rssi_77_mean	ch4_aux-1_mean	ch4_aux-2_mean	ch4_aux-3_mean	ch4_aux-4_mean	CHK
DATAU		[yyyy-mm-dd]	[HH:MM]	[ddd.ddd]	[1=daytime]	[#]	[#]	[kg+1m-1s-2]	[#]	[kg+1m-1s-2]	[W+1m-2]	[#]	[W+1m-2]	[W+1m-2]	[#]	[W+1m-2]	[µmol+1s-1m-2]	[#]	[µmol+1s-1m-2]	[mmol+1s-1m-2]	[#]	[mmol+1s-1m-2]	[µmol+1s-1m-2]	[#]	[µmol+1s-1m-2]	[µmol+1s-1m-2]	[#]	[µmol+1s-1m-2]	[W+1m-2]	[W+1m-2]	[µmol+1s-1m-2]	[mmol+1s-1m-2]	[µmol+1s-1m-2]	[µmol+1s-1m-2]	[µmol+1s-1m-2]	[mmol+1s-1m-2]	[µmol+1s-1m-2]	[µmol+1s-1m-2]	[mmol+1m-3]	[µmol+1mol_a-1]	[µmol+1mol_d-1]	[s]	[1=default]	[mmol+1m-3]	[mmol+1mol_a-1]	[mmol+1mol_d-1]	[s]	[1=default]	[mmol+1m-3]	[µmol+1mol_a-1]	[µmol+1mol_d-1]	[s]	[1=default]	[mmol+1m-3]	[µmol+1mol_a-1]	[µmol+1mol_d-1]	[s]	[1=default]	[K]	[K]	[Pa]	[kg+1m-3]	[J+1kg-1K-1]	[m+3mol-1]	[mm]	[kg+1m-3]	[Pa]	[Pa]	[kg+1kg-1]	[%]	[Pa]	[K]	[m+1s-1]	[m+1s-1]	[m+1s-1]	[m+1s-1]	[m+1s-1]	[m+1s-1]	[m+1s-1]	[m+1s-1]	[deg_from_north]	[deg]	[deg]	[deg]	[m+1s-1]	[m+2s-2]	[m]	[#]	[#]	[K]	[0=KJ/1=KM/2=HS]	[m]	[m]	[m]	[m]	[m]	[m]	[m]	[kg+1m-1s-2]	[#]	[W+1m-2]	[#]	[W+1m-2]	[#]	[µmol+1s-1m-2]	[#]	[mmol+1s-1m-2]	[#]	[µmol+1s-1m-2]	[#]	[µmol+1s-1m-2]	[#]	8u/v/w/ts/co2/h2o/ch4/none	8u/v/w/ts/co2/h2o/ch4/none	8u/v/w/ts/co2/h2o/ch4/none	8u/v/w/ts/co2/h2o/ch4/none	8u/v/w/ts/co2/h2o/ch4/none	8u/v/w/ts/co2/h2o/ch4/none	8u/v/w/ts/co2/h2o/ch4/none	8u/v/w/ts/co2/h2o/ch4/none	8co2/h2o/ch4/none	8co2/h2o/ch4/none	8aa	8U	[#]	[#]	[#]	[#]	[#]	[#]	[#]	[#]	[#_flagged_recs]	[#_flagged_recs]	[#_flagged_recs]	[#_flagged_recs]	[#_flagged_recs]	[#_flagged_recs]	[#_flagged_recs]	[#_flagged_recs]	[#_flagged_recs]	[#_flagged_recs]	[#_flagged_recs]	[#_flagged_recs]	[#_flagged_recs]	[#_flagged_recs]	[#_flagged_recs]	[#_flagged_recs]	[#_flagged_recs]	[#_flagged_recs]	[#_flagged_recs]	[#_flagged_recs]	[#_flagged_recs]	[#_flagged_recs]	[#_flagged_recs]	[#_flagged_recs]	[#_flagged_recs]	[#_flagged_recs]	[#_flagged_recs]	[#_flagged_recs]	[#_flagged_recs]	[#]	[#]	[m+2s-2]	[m+2s-2]	[m+2s-2]	[K+2]	--	--	--	--	[m+1s-1K+1]	--	--	--	--	--	--	--	--	--	--	--	--	--	--	--	--	--	--	--	--	--	--	207
DATA	2025-09-14T233000_AIU-0547.ghg	2025-09-15	00:00:00	258	0	18000	18000	0.011474691072647555	0	NaN	23.86084117573449	0	NaN	NaN	NaN	NaN	NaN	NaN	NaN	NaN	NaN	NaN	0.0035588487049289428	1	NaN	NaN	NaN	NaN	NaN	NaN	NaN	NaN	NaN	NaN	NaN	NaN	-4.535093335089223e-13	NaN	NaN	NaN	NaN	NaN	0	NaN	NaN	NaN	NaN	0	0.08968602052413761	2.26141114892297	2.26141114892297	0	1	NaN	NaN	NaN	NaN	9	291.04294846513534	289.73207780541316	95532.65034418403	1.1487164071210212	1005.4685656902697	0.025214756276473946	NaN	NaN	NaN	NaN	NaN	NaN	NaN	NaN	1.080592799398115	0.1744234523054387	0.2810365698238651	1.130082250282459	-2.1320759013740316e-14	-5.056633473740395e-15	1.130082250282459	2.5304686101696503	322.83071317240797	9.169286827592051	14.39981901778269	NaN	0.09994569422799111	0.14428182632160105	-3.52702171253714	-0.8222234611405054	NaN	0.20669993459488495	1	18.704799291388923	8	15	24	36	58	130	0.011338711003427131	1.011992550932758	23.519035157353727	1.014533164991417	NaN	1	NaN	1	NaN	1	0.003099922105965474	1.1480445583069048	NaN	NaN	800009909	800009909	800009909	800009909	800009919	800019919	899999999	899999999	89999	89999	89	89	3	5	0	34	0	0	3	NaN	0	0	0	0	0	0	0	0	0	NaN	NaN	NaN	NaN	0	0	0	0	0	0	0	0	16713	0	0	0	18000	18000	18000	18000	6	NaN	0.16054247924994003	0.09641448794329172	0.03160668544997034	0.05655185271901981	NaN	NaN	1.2747491550303998e-7	NaN	0.020362832061917763	NaN	NaN	0.000003099922105965474	NaN	NaN	NaN	95913.913937717	11.449151456514993	NaN	0	0	0	0	0.00028267285124942043	-1	0	2.1238789549293333	68.71143081601474	1.0001341403971116	-273.1499938964844	9.000967618015077	-273.1499938964844	062
DATA	2025-09-15T000000_AIU-0547.ghg	2025-09-15	00:30:00	258.02	0	18000	18000	0.015572723365718676	0	NaN	27.816726426986133	0	NaN	NaN	NaN	NaN	NaN	NaN	NaN	NaN	NaN	NaN	-0.00871717719968846	0	NaN	NaN	NaN	NaN	NaN	NaN	NaN	NaN	NaN	NaN	NaN	NaN	-1.042120366594371e-13	NaN	NaN	NaN	NaN	NaN	0	NaN	NaN	NaN	NaN	0	0.08921310492315226	2.248347654466871	2.248347654466871	0	0	NaN	NaN	NaN	NaN	9	290.9052224553426	289.60462189059785	95539.00143771702	1.1492983621375072	1005.4655620385802	0.025201988613708565	NaN	NaN	NaN	NaN	NaN	NaN	NaN	NaN	1.0967731804856025	0.11369046033450261	0.27726232125989037	1.1369746369176388	6.7473671788720326e-15	-1.1681247586798469e-15	1.1369746369176388	2.389359382362194	326.0819108346002	5.918089165399804	14.11445698676214	NaN	0.11640346025883101	0.1363114951223354	-4.779831481073812	-0.6067159504436129	NaN	0.20679505084569266	1	16.91598833307161	8	13	22	34	54	123	0.015388901719005829	1.0119450789971465	27.4189544266089	1.0145071906896352	NaN	1	NaN	1	NaN	1	-0.007593152487453065	1.1480313630067005	NaN	NaN	800009909	800009909	800009909	800009909	800009919	800019919	899999999	899999999	89999	89999	89	89	7	6	1	43	0	0	2	NaN	0	0	0	0	0	0	0	0	0	NaN	NaN	NaN	NaN	0	0	0	0	0	0	0	0	16612	0	0	0	18000	18000	18000	18000	6	NaN	0.13911780495268064	0.10155681307250433	0.03194837221948581	0.05713406205369842	NaN	NaN	2.690487914816027e-8	NaN	0.023727440972080484	NaN	NaN	-0.000007593152487453065	NaN	NaN	NaN	95920.67096375868	11.454971034155951	NaN	0	0	0	0	0.00028259040277528886	-1	0	2.1114284510612484	68.96058937228523	1.0001206898126338	-273.1499938964844	9.000899343808491	-273.1499938964844	117
DATA	2025-09-15T003000_AIU-0547.ghg	2025-09-15	01:00:00	258.041	0	18000	18000	0.01233537281795198	0	NaN	25.235625188537878	0	NaN	NaN	NaN	NaN	NaN	NaN	NaN	NaN	NaN	NaN	-0.006035725960289154	0	NaN	NaN	NaN	NaN	NaN	NaN	NaN	NaN	NaN	NaN	NaN	NaN	2.396387054034972e-13	NaN	NaN	NaN	NaN	NaN	0	NaN	NaN	NaN	NaN	0	0.08856994836725249	2.2318613321508955	2.2318613321508955	0.1	0	NaN	NaN	NaN	NaN	9	290.88774251302084	289.5840394176907	95544.08937304688	1.1494412599632728	1005.4650778936551	0.025198855518087843	NaN	NaN	NaN	NaN	NaN	NaN	NaN	NaN	1.115353669376826	0.03720841069551784	0.2932774187930045	1.1538673745248091	-2.1418341257980107e-14	2.70564350348092e-15	1.1538673745248091	2.621283066411505	330.089310483699	1.9106895163010633	14.72435532803754	NaN	0.1035935578264918	0.13817072083390003	-3.7138248256871167	-0.7808661248483775	NaN	0.21077910016616128	1	18.65106878027944	8	15	24	36	58	130	0.01219113980935162	1.0118309699384893	24.876278386845307	1.0144453601983565	NaN	1	NaN	1	NaN	1	-0.005257593831140622	1.1480015676638373	NaN	NaN	800009909	800009909	800009909	800009909	800009919	800019919	899999999	899999999	89999	89999	89	89	1	3	0	29	0	0	1	NaN	0	0	0	0	0	0	0	0	0	NaN	NaN	NaN	NaN	0	0	0	0	0	0	0	0	16018	0	0	0	18000	18000	18000	18000	6	NaN	0.1246869094538262	0.11964832271277007	0.03200620950120379	0.05426138476701691	NaN	NaN	3.665006208361533e-8	NaN	0.021524428774960955	NaN	NaN	-0.000005257593831140622	NaN	NaN	NaN	95925.8810655382	11.470000267028809	NaN	0	0	0	0	0.0002826418490246093	-1	0	2.0960163024067873	68.8801094179154	1.0001250601377751	-273.1499938964844	9.000925166315502	-273.1499938964844	174
DATA	2025-09-15T010000_AIU-0547.ghg	2025-09-15	01:30:00	258.062	0	18000	18000	0.017645220000657345	0	NaN	24.427406325186336	0	NaN	NaN	NaN	NaN	NaN	NaN	NaN	NaN	NaN	NaN	0.009285315272165183	2	NaN	NaN	NaN	NaN	NaN	NaN	NaN	NaN	NaN	NaN	NaN	NaN	-2.001379262126886e-12	NaN	NaN	NaN	NaN	NaN	0	NaN	NaN	NaN	NaN	0	0.08816657947645425	2.220121537793746	2.220121537793746	0	1	NaN	NaN	NaN	NaN	9	290.70991211869983	289.4121394237942	95555.12963563368	1.1502568836593372	1005.4610442644455	0.02518098752358485	NaN	NaN	NaN	NaN	NaN	NaN	NaN	NaN	1.203163475943166	0.05015496572089889	0.2985222139044326	1.2406584472063809	3.01019952472678e-14	-2.269997627231727e-14	1.2406584472063809	2.651294821061016	329.61295525550554	2.387044744494548	13.922897213297993	NaN	0.12385573425114679	0.16136669551979904	-6.557560740955048	-0.44223761159971225	NaN	0.17053013991818677	1	19.071237878977687	8	15	25	38	62	144	0.017448113711269142	1.0112967105011987	24.086243564279112	1.0141642161840954	NaN	1	NaN	1	NaN	1	0.008088858571602062	1.1479141574762575	NaN	NaN	800009909	800009909	800009909	800009909	800009919	800019919	899999999	899999999	89999	89999	89	89	10	6	0	44	0	0	8	NaN	0	0	0	0	0	0	0	0	0	NaN	NaN	NaN	NaN	0	0	0	0	0	0	0	0	15920	17998	0	0	18000	18000	18000	18000	6	NaN	0.1598178930815855	0.12884362481468684	0.03407187314332571	0.05646557918338306	NaN	NaN	1.4264344111587826e-7	NaN	0.020826149606213106	NaN	NaN	0.000008088858571602061	NaN	NaN	NaN	95934.96386675347	11.440905711597862	NaN	0	0	0	0	0.00028275106547193406	-1	0	2.08480645054413	71.82661512964386	1.000142111276587	-287.0389944797112	9.001070424079895	-273.1499938964844	221
DATA	2025-09-15T013000_AIU-0547.ghg	2025-09-15	02:00:00	258.083	0	18000	18000	0.015453988494077834	0	NaN	18.584283675911077	0	NaN	NaN	NaN	NaN	NaN	NaN	NaN	NaN	NaN	NaN	-0.0052470284039197864	0	NaN	NaN	NaN	NaN	NaN	NaN	NaN	NaN	NaN	NaN	NaN	NaN	-1.7442355405735139e-12	NaN	NaN	NaN	NaN	NaN	0	NaN	NaN	NaN	NaN	0	0.08777651508004544	2.208822093810217	2.208822093810217	0.1	0	NaN	NaN	NaN	NaN	9	290.5585947587755	289.2786068030463	95574.91799826389	1.1510261635210657	1005.4579230487457	0.025164157995973532	NaN	NaN	NaN	NaN	NaN	NaN	NaN	NaN	1.0265394033334656	0.045628233981010735	0.29770886169469857	1.0698110340914735	3.1258261529576857e-15	-1.987132365625253e-14	1.0698110340914735	2.526085017240526	329.4549582913943	2.5450417086055643	16.157679518104665	NaN	0.11587178425792585	0.13498222507314442	-7.058646645081563	-0.4108436285050065	NaN	0.13858589640131724	1	17.362073184563112	8	14	23	35	57	134	0.015264170249895076	1.0124355429135798	18.313622467092493	1.0147792283752126	NaN	1	NaN	1	NaN	1	-0.00456980561878024	1.148195096604636	NaN	NaN	800009909	800009909	800009909	800009909	800009919	800009919	899999999	899999999	89999	89999	89	89	1	1	0	32	0	0	8	NaN	0	0	0	0	0	0	0	0	0	NaN	NaN	NaN	NaN	0	0	0	0	0	0	0	0	16317	18000	0	0	18000	18000	18000	18000	6	NaN	0.12437072714696842	0.11068571739485218	0.034908005604468224	0.05967618644500884	NaN	NaN	9.257950704038834e-8	NaN	0.01582432379377321	NaN	NaN	-0.00000456980561878024	NaN	NaN	NaN	95957.99572786459	11.420000076293945	NaN	0	0	0	0	0.00028217711602014276	-1	0	2.074273644089698	68.62603035216866	1.000125720191333	-331.4918713463654	9.00097800265418	-273.1499938964844	010
DATA	2025-09-15T020000_AIU-0547.ghg	2025-09-15	02:30:00	258.104	0	18000	18000	0.026153590164020135	1	NaN	32.55751053057315	0	NaN	NaN	NaN	NaN	NaN	NaN	NaN	NaN	NaN	NaN	-0.023223034826070313	1	NaN	NaN	NaN	NaN	NaN	NaN	NaN	NaN	NaN	NaN	NaN	NaN	-3.2300837280391895e-13	NaN	NaN	NaN	NaN	NaN	0	NaN	NaN	NaN	NaN	0	0.08814398133775428	2.215523608604556	2.215523608604556	0	1	NaN	NaN	NaN	NaN	9	290.22857668134895	288.9719736828274	95583.30105859374	1.1523486029885848	1005.4507958722693	0.025135279516306484	NaN	NaN	NaN	NaN	NaN	NaN	NaN	NaN	1.2254379328164042	0.3165895016299642	0.29673153916720296	1.2999910176860645	-1.6385872867754176e-15	-3.664553925312271e-15	1.2999910176860645	2.6794490409272935	317.5144759346715	14.485524065328473	13.194452630289405	NaN	0.150651589126767	0.16747365078566745	-8.855809473554093	-0.3274686530531405	NaN	0.18652316266956578	1	16.61374398501888	7	13	22	34	56	134	0.02586966541936914	1.0109751997193754	32.10789141245164	1.014003383540382	NaN	1	NaN	1	NaN	1	-0.020230698070477986	1.1479107021007322	NaN	NaN	800009909	800009909	800009909	800009909	800009909	800019919	899999999	899999999	89999	89999	89	89	3	0	1	47	0	0	2	NaN	0	0	0	0	0	0	0	0	0	NaN	NaN	NaN	NaN	0	0	0	0	0	0	0	0	15623	603	0	0	18000	18000	18000	18000	6	NaN	0.17149454558664243	0.12314693212407514	0.04030582386061733	0.06329502357324308	NaN	NaN	1.9072075232940098e-7	NaN	0.027711949803372108	NaN	NaN	-0.000020230698070477987	NaN	NaN	NaN	95964.35391666666	11.429151952425638	NaN	0	0	0	0	0.0002820066566022837	-1	0	2.0801001740633347	71.52051021299954	1.000136675286624	-302.78524514092186	9.001023922920227	-273.1499938964844	220
DATA	2025-09-15T023000_AIU-0547.ghg	2025-09-15	03:00:00	258.124	0	18000	18000	0.025314731609984254	1	NaN	19.040932855572933	0	NaN	NaN	NaN	NaN	NaN	NaN	NaN	NaN	NaN	NaN	-0.0018031524279569584	1	NaN	NaN	NaN	NaN	NaN	NaN	NaN	NaN	NaN	NaN	NaN	NaN	-1.7162511044454545e-12	NaN	NaN	NaN	NaN	NaN	0	NaN	NaN	NaN	NaN	0	0.08820787075410287	2.2158212466823994	2.2158212466823994	0	1	NaN	NaN	NaN	NaN	9	290.05904904852974	288.80996975368924	95586.11657573785	1.153028959690862	1005.4470529292797	0.025120448183807154	NaN	NaN	NaN	NaN	NaN	NaN	NaN	NaN	1.2708916582746774	0.14641038087766653	0.28749780051215956	1.311204252586205	3.124393831326701e-14	-1.9456893016155538e-14	1.311204252586205	2.503192755397146	325.42833134449165	6.571668655508327	12.665714314846335	NaN	0.14817214093135658	0.1337710500747858	-14.407123079160705	-0.20128931946133835	NaN	0.11084656637997715	1	18.760463295461687	8	15	26	40	67	166	0.025041329444444194	1.010918037165184	18.77849306019612	1.0139755514212743	NaN	1	NaN	1	NaN	1	-0.001570807024059135	1.1479146708278767	NaN	NaN	800009909	800009909	800009909	800009909	800009919	800019919	899999999	899999999	89999	89999	89	89	9	6	1	72	0	0	1	NaN	0	0	0	0	0	0	0	0	0	NaN	NaN	NaN	NaN	0	0	0	0	0	0	0	0	16416	0	0	0	18000	18000	18000	18000	6	NaN	0.11878740518727263	0.11841829826393528	0.03033639669836369	0.0403780586452622	NaN	NaN	4.77644095161665e-8	NaN	0.01619799711382503	NaN	NaN	-0.0000015708070240591349	NaN	NaN	NaN	95967.35159483507	11.437456905470956	NaN	0	0	0	0	0.00028146476870945957	-1	0	2.080038656859597	66.2755690949669	1.000168924331665	-273.1499938964844	9.001180028994877	-273.1499938964844	072
DATA	2025-09-15T030000_AIU-0547.ghg	2025-09-15	03:30:00	258.145	0	18000	18000	0.021562771495151324	1	NaN	17.623480742469024	0	NaN	NaN	NaN	NaN	NaN	NaN	NaN	NaN	NaN	NaN	-0.0047029893331240035	1	NaN	NaN	NaN	NaN	NaN	NaN	NaN	NaN	NaN	NaN	NaN	NaN	4.157767999908169e-13	NaN	NaN	NaN	NaN	NaN	0	NaN	NaN	NaN	NaN	0	0.08864283398621607	2.225856799896308	2.225856799896308	0	0	NaN	NaN	NaN	NaN	9	289.9108791495429	288.70372157287596	95589.19718207465	1.1534904693411738	1005.4446066409918	0.025110397533571954	NaN	NaN	NaN	NaN	NaN	NaN	NaN	NaN	0.7085580996366744	-0.12760595050239854	0.24623205513736582	0.7608995230262251	9.680027774206368e-15	4.690472780410766e-15	0.7608995230262251	1.7814959095369194	342.2091033298507	349.7908966701493	18.881173454642546	NaN	0.1367241666700736	0.11007772917250781	-12.229787852820062	-0.23712594485694943	NaN	0.111140985622704	1	9.088865471314355	4	7	13	20	33	83	0.021227039058875092	1.0158162631794783	17.332122529821593	1.0168103019203862	NaN	1	NaN	1	NaN	1	-0.004088667386021142	1.1502499198646443	NaN	NaN	800009909	800009909	800009909	800009909	800009919	800019919	899999999	899999999	89999	89999	89	89	4	7	0	45	0	0	0	NaN	0	0	0	0	0	0	0	0	0	NaN	NaN	NaN	NaN	0	0	0	0	0	0	0	0	16812	0	0	0	18000	18000	18000	18000	6	NaN	0.07761080190027497	0.11431986075103774	0.02822479569370292	0.046205764663845815	NaN	NaN	1.1312141217445412e-7	NaN	0.014944438125239032	NaN	NaN	-0.000004088667386021142	NaN	NaN	NaN	95972.17806163194	11.460000038146973	NaN	0	0	0	0	0.00028171949850770435	-1	0	2.089214384039242	67.09239026663036	1.0001864080313179	-273.1499938964844	9.00123034591145	-273.1499938964844	194
DATA	2025-09-15T033000_AIU-0547.ghg	2025-09-15	04:00:00	258.166	0	18000	18000	0.024135307956606393	1	NaN	38.62872474705214	0	NaN	NaN	NaN	NaN	NaN	NaN	NaN	NaN	NaN	NaN	-0.011859258088338593	1	NaN	NaN	NaN	NaN	NaN	NaN	NaN	NaN	NaN	NaN	NaN	NaN	4.16703138822629e-13	NaN	NaN	NaN	NaN	NaN	0	NaN	NaN	NaN	NaN	0	0.08878132215972055	2.227965657408911	2.227965657408911	0.3	0	NaN	NaN	NaN	NaN	9	289.78193506198465	288.54936951361765	95596.78042860243	1.1541990566076497	1005.4410647525941	0.02509498172825954	NaN	NaN	NaN	NaN	NaN	NaN	NaN	NaN	1.1054747821398991	0.1461422138299236	0.27693532465149634	1.1489670206973772	4.409839791752742e-14	4.693590145830068e-15	1.1489670206973772	2.1292933289348914	324.4692461321815	7.530753867818531	13.94732967073225	NaN	0.144605917324941	0.126666896286078	-6.6015459248106065	-0.4392910437994414	NaN	0.2301902752580977	1	13.822504077303172	6	11	18	28	46	108	0.023852327554729522	1.0118638485584925	38.07800112951342	1.0144630390567395	NaN	1	NaN	1	NaN	1	-0.010330276252731018	1.1480097722656117	NaN	NaN	800009909	800009909	800009909	800009909	800009919	800019919	899999999	899999999	89999	89999	89	89	6	2	2	41	0	0	1	NaN	0	0	95	0	0	0	0	0	0	NaN	NaN	NaN	NaN	0	0	0	0	0	0	0	0	15223	0	0	0	18000	18000	18000	18000	6	NaN	0.06224825924198165	0.15170274798834346	0.03938278534183088	0.08044889204671918	NaN	NaN	1.4208511800097872e-7	NaN	0.03281231018917007	NaN	NaN	-0.000010330276252731017	NaN	NaN	NaN	95977.14212434896	11.454181016074287	NaN	0	0	0	0	0.0002808205290703982	-1	0	2.090984449204473	59.97933463757579	1.000159807432029	-273.1499938964844	9.001103030072318	-273.1499938964844	125
DATA	2025-09-15T040000_AIU-0547.ghg	2025-09-15	04:30:00	258.187	0	18000	18000	0.01104420445524263	0	NaN	24.669905491031628	0	NaN	NaN	NaN	NaN	NaN	NaN	NaN	NaN	NaN	NaN	-0.004143928044586506	0	NaN	NaN	NaN	NaN	NaN	NaN	NaN	NaN	NaN	NaN	NaN	NaN	-2.6527690196829725e-13	NaN	NaN	NaN	NaN	NaN	0	NaN	NaN	NaN	NaN	0	0.08986973897367716	2.2543650831264856	2.2543650831264856	0	0	NaN	NaN	NaN	NaN	9	289.652600309222	288.42902973853217	95595.66975217014	1.1546672017231527	1005.4383131643461	0.02508480728743175	NaN	NaN	NaN	NaN	NaN	NaN	NaN	NaN	1.170518676567428	0.15757402212114272	0.2798377236018952	1.213776213389932	8.114979510039002e-15	-2.951793395616703e-15	1.213776213389932	2.4972713949429197	324.3329937981939	7.667006201806134	13.32953317133471	NaN	0.09779998856562325	0.10904122764292715	-3.197731245467706	-0.906892974232999	NaN	0.21727833341253808	1	20.406666809347552	9	16	26	39	62	139	0.010919141522027338	1.0114535499849509	24.323415892952376	1.014245104372024	NaN	1	NaN	1	NaN	1	-0.003609912734278455	1.1479302547225672	NaN	NaN	800009909	800009909	800009909	800009909	800009909	800019909	899999999	899999999	89999	89999	89	89	10	2	0	63	0	0	4	NaN	0	0	0	0	0	0	0	0	0	NaN	NaN	NaN	NaN	0	0	0	0	0	0	0	0	16317	0	0	0	18000	18000	18000	18000	6	NaN	0.09244303935138674	0.09526101823221922	0.030378397702248316	0.05368696035904519	NaN	NaN	2.6250727511500013e-8	NaN	0.020951364154191163	NaN	NaN	-0.000003609912734278455	NaN	NaN	NaN	95977.10007790799	11.449999809265137	NaN	0	0	0	0	0.0002811250729428139	-1	0	2.115488046884537	66.04863878280672	1.0001741348157327	-273.1499938964844	9.00112597017818	-273.1499938964844	024
DATA	2025-09-15T043000_AIU-0547.ghg	2025-09-15	05:00:00	258.208	0	18000	18000	0.019388426744790598	0	NaN	30.958775254805047	0	NaN	NaN	NaN	NaN	NaN	NaN	NaN	NaN	NaN	NaN	-0.0028548057374055084	1	NaN	NaN	NaN	NaN	NaN	NaN	NaN	NaN	NaN	NaN	NaN	NaN	-1.426480779129681e-13	NaN	NaN	NaN	NaN	NaN	0	NaN	NaN	NaN	NaN	0	0.08996234644825257	2.2565615375591705	2.2565615375591705	0	0	NaN	NaN	NaN	NaN	9	289.6678852954441	288.4485870505439	95607.51473220486	1.1547319750317777	1005.4387597595005	0.025083400185178274	NaN	NaN	NaN	NaN	NaN	NaN	NaN	NaN	1.14277357603223	0.21120938210202148	0.28449113846346397	1.1964430855789394	-3.042318183788042e-14	-1.585642032970105e-15	1.1964430855789394	2.3350495955713124	321.52865862947164	10.471341370528334	13.755595569921985	NaN	0.1295778259673365	0.1524177351579725	-5.927068447784257	-0.48928066641176043	NaN	0.20578620925051339	1	16.619068426668452	7	13	22	33	54	125	0.019166881975668598	1.0115587276742894	30.52230423392549	1.0143000678302139	NaN	1	NaN	1	NaN	1	-0.0024868811618784657	1.1479461830211182	NaN	NaN	800009909	800009909	800009909	800009909	800009919	800019919	899999999	899999999	89999	89999	89	89	22	10	2	54	0	0	7	NaN	0	0	0	0	0	0	0	0	0	NaN	NaN	NaN	NaN	0	0	0	0	0	0	0	0	14528	0	0	0	18000	18000	18000	18000	6	NaN	0.1623198766573941	0.10686718602703564	0.035648407631515215	0.0684762140277102	NaN	NaN	5.033812438388217e-8	NaN	0.026289389554891057	NaN	NaN	-0.000002486881161878466	NaN	NaN	NaN	95990.122203125	11.431696929772693	NaN	0	0	0	0	0.0002816592285720011	-1	0	2.117835903105912	64.19486943675004	1.0001864417642354	-273.1499938964844	9.001159722195732	-273.1499938964844	166
DATA	2025-09-15T050000_AIU-0547.ghg	2025-09-15	05:30:00	258.229	0	18000	18000	0.0049084052696798846	0	NaN	19.977857926513853	0	NaN	NaN	NaN	NaN	NaN	NaN	NaN	NaN	NaN	NaN	-0.0046156079249670716	0	NaN	NaN	NaN	NaN	NaN	NaN	NaN	NaN	NaN	NaN	NaN	NaN	2.0923489116651058e-13	NaN	NaN	NaN	NaN	NaN	0	NaN	NaN	NaN	NaN	0	0.0898144803784477	2.253335191516261	2.253335191516261	0	0	NaN	NaN	NaN	NaN	9	289.7548761461046	288.5533136062622	95621.74136154514	1.1544846450935977	1005.4411550806203	0.02508877390395705	NaN	NaN	NaN	NaN	NaN	NaN	NaN	NaN	0.8787722841112262	0.05573799396491341	0.24628708283966355	0.9143329691457847	2.074688542868526e-14	2.3296342670454236e-15	0.9143329691457847	2.3966662104359173	328.37075539856664	3.629244601433331	15.62633987133732	NaN	0.06520428339490363	0.11141708918274597	-1.1704645859381737	-2.4776486489555216	NaN	0.2639538342009636	1	16.222952254695997	7	13	21	30	47	102	0.0048413360387783745	1.013853454989345	19.670866153915767	1.0156064186597586	NaN	1	NaN	1	NaN	1	-0.004017384226022884	1.1489087588558624	NaN	NaN	800009909	800009909	800009909	800009909	800009919	811019919	899999999	899999999	89999	89999	89	89	28	34	1	54	0	0	4	NaN	0	0	409	0	0	0	0	0	0	NaN	NaN	NaN	NaN	0	0	0	0	0	0	0	0	15482	0	0	0	18000	18000	18000	18000	6	NaN	0.0940439230819176	0.10170296581114265	0.027087289472431685	0.05598478572606129	NaN	NaN	2.4466199404199195e-8	NaN	0.016946447257711668	NaN	NaN	-0.000004017384226022884	NaN	NaN	NaN	96004.92399392361	11.442427893320724	NaN	0	0	0	0	0.0002805585774832353	-1	0	2.115317919525835	68.45016465596946	1.0001537527160511	-273.1499938964844	9.001019491275152	-273.1499938964844	144
DATA	2025-09-15T053000_AIU-0547.ghg	2025-09-15	06:00:00	258.249	0	18000	18000	0.0067259341827437275	0	NaN	20.823077463703648	0	NaN	NaN	NaN	NaN	NaN	NaN	NaN	NaN	NaN	NaN	-0.0045427173271771395	0	NaN	NaN	NaN	NaN	NaN	NaN	NaN	NaN	NaN	NaN	NaN	NaN	-6.9856672486972e-14	NaN	NaN	NaN	NaN	NaN	0	NaN	NaN	NaN	NaN	0	0.08967236961051822	2.2496916303987824	2.2496916303987824	0	0	NaN	NaN	NaN	NaN	9	289.78332612270776	288.5876757354736	95636.45162239583	1.1545247631309183	1005.441942437016	0.025087902105967126	NaN	NaN	NaN	NaN	NaN	NaN	NaN	NaN	0.7084534110310217	0.07781483166270162	0.22915359810756514	0.7486472835413375	-2.079081656998888e-14	-7.790211498858182e-16	0.7486472835413375	1.951071879223522	325.7318945228981	6.26810547710196	17.823765079039596	NaN	0.07632638266680292	0.0818277879093958	-1.8013826903743417	-1.6098744678163621	NaN	0.23502279342813007	1	12.292201542369654	6	10	16	24	37	82	0.00661996944339283	1.016006832094468	20.476424636885067	1.016929363058536	NaN	1	NaN	1	NaN	1	-0.003948834922920553	1.1503943355062691	NaN	NaN	800009909	800009909	800009909	800009909	800009909	801019919	899999999	899999999	89999	89999	89	89	14	22	0	53	0	0	0	NaN	0	0	0	0	0	0	0	0	0	NaN	NaN	NaN	NaN	0	0	0	0	0	0	0	0	16551	0	0	0	18000	18000	18000	18000	6	NaN	0.0551633337158818	0.07692434216856105	0.03156789993434874	0.042831154530590054	NaN	NaN	1.4587797228286058e-8	NaN	0.01763980893684143	NaN	NaN	-0.000003948834922920553	NaN	NaN	NaN	96019.66283007813	11.479999542236328	NaN	0	0	0	0	0.0002805888862219742	-1	0	2.11227686519093	69.537185418023	1.0001772951665853	-273.1499938964844	9.001149456898371	-273.1499938964844	186
DATA	2025-09-15T060000_AIU-0547.ghg	2025-09-15	06:30:00	258.27	1	18000	18000	0.012192758197006718	1	NaN	32.548316448657026	0	NaN	NaN	NaN	NaN	NaN	NaN	NaN	NaN	NaN	NaN	-0.013976907167141268	1	NaN	NaN	NaN	NaN	NaN	NaN	NaN	NaN	NaN	NaN	NaN	NaN	1.3633347165570237e-12	NaN	NaN	NaN	NaN	NaN	0	NaN	NaN	NaN	NaN	0	0.08986436988239643	2.25302066861149	2.25302066861149	0.1	0	NaN	NaN	NaN	NaN	9	289.67901455942786	288.48217719184026	95664.62309809028	1.155287186156226	1005.4395273278218	0.025071345535054322	NaN	NaN	NaN	NaN	NaN	NaN	NaN	NaN	0.863726239606387	0.0842931132519666	0.22499374592870391	0.8965213503499798	-1.3439420696428175e-15	1.5171026273718835e-14	0.8965213503499798	2.331410943369924	326.42601891656193	5.573981083438051	14.53450871998571	NaN	0.10273206132494393	0.09676858175835475	-2.810649050544518	-1.0317901480578557	NaN	0.27275744657756473	1	12.307985783029286	6	10	16	24	38	86	0.012023854226337909	1.0140474067207859	32.04448084670962	1.0157230071648717	NaN	1	NaN	1	NaN	1	-0.012164130355126328	1.1490264210503944	NaN	NaN	800009909	800009909	800009909	800009909	800009909	801019909	899999999	899999999	89999	89999	89	89	26	27	0	59	0	0	7	NaN	0	0	0	0	0	0	0	0	0	NaN	NaN	NaN	NaN	0	0	0	0	0	0	0	0	15719	0	0	0	18000	18000	18000	18000	6	NaN	0.07267767134640826	0.08456944534786785	0.036290046822433385	0.06068681620753057	NaN	NaN	4.821482877459878e-8	NaN	0.027587181279721817	NaN	NaN	-0.000012164130355126328	NaN	NaN	NaN	96046.1947953559	11.46254303095076	NaN	0	0	0	0	0.0002812210451455839	-1	0	2.1157361999816366	68.87022754828135	1.000184034001496	-273.1499938964844	9.001185551537407	-273.1499938964844	206
DATA	2025-09-15T063000_AIU-0547.ghg	2025-09-15	07:00:00	258.291	1	18000	18000	0.0034823647742092557	1	NaN	21.605781004937082	1	NaN	NaN	NaN	NaN	NaN	NaN	NaN	NaN	NaN	NaN	-0.01709569109958092	1	NaN	NaN	NaN	NaN	NaN	NaN	NaN	NaN	NaN	NaN	NaN	NaN	1.2679599272389761e-12	NaN	NaN	NaN	NaN	NaN	0	NaN	NaN	NaN	NaN	0	0.08993241825604753	2.2538082356662894	2.2538082356662894	0.2	0	NaN	NaN	NaN	NaN	9	289.6879703660188	288.4807545606825	95703.13746310763	1.1557580017599183	1005.4394948056736	0.025061132341059132	NaN	NaN	NaN	NaN	NaN	NaN	NaN	NaN	0.9731603813254175	0.10866928842764713	0.21594210704600192	1.0027368227128608	2.3348985584316343e-14	1.4099030714696831e-14	1.0027368227128608	1.8755644539323673	325.6283840861668	6.3716159138332085	12.436221710592642	NaN	0.05489132018593197	0.03786554489891702	-0.6460750995701716	-4.48864226763939	NaN	0.33872203041466376	1	17.144928088094858	8	13	21	32	49	104	0.0034376995251693162	1.0129927728450145	21.284422719219737	1.0150982852556842	NaN	1	NaN	1	NaN	1	-0.014886025225976476	1.1484389445846512	NaN	NaN	800009909	800009909	800009909	800009909	800019919	800019919	899999999	899999999	89999	89999	89	89	20	24	1	72	0	0	1	NaN	0	0	0	0	0	0	0	0	0	NaN	NaN	NaN	NaN	0	0	0	0	0	0	0	0	17207	0	0	0	18000	18000	18000	18000	6	NaN	0.018318242119210973	0.03290852877885105	0.024504318899772014	0.04240453286407636	NaN	NaN	8.574919301629733e-8	NaN	0.018316353889650295	NaN	NaN	-0.000014886025225976475	NaN	NaN	NaN	96086.60090907117	11.449999809265137	NaN	0	0	0	0	0.0002809747821657866	-1	0	2.11725264979071	67.20268283547296	1.0001737960858477	-273.1499938964844	9.001132323026656	-273.1499938964844	045
DATA	2025-09-15T070000_AIU-0547.ghg	2025-09-15	07:30:00	258.312	1	18000	18000	0.0020462879001265474	0	NaN	20.116853342834883	1	NaN	NaN	NaN	NaN	NaN	NaN	NaN	NaN	NaN	NaN	-0.0072592526347936386	1	NaN	NaN	NaN	NaN	NaN	NaN	NaN	NaN	NaN	NaN	NaN	NaN	7.344398953161466e-13	NaN	NaN	NaN	NaN	NaN	0	NaN	NaN	NaN	NaN	0	0.08935006669282705	2.241302854645296	2.241302854645296	0	0	NaN	NaN	NaN	NaN	9	290.0680354410808	288.8644248352051	95741.1007686632	1.15468077635505	1005.4483093199408	0.025084512385990486	NaN	NaN	NaN	NaN	NaN	NaN	NaN	NaN	0.8636975496390755	0.049788886326910836	0.2028859075253955	0.8886028820157065	-1.1435758669752504e-15	8.21980242993044e-15	0.8886028820157065	1.3813276625516313	328.70076703814357	3.299232961856356	13.198189737231624	NaN	0.04209712145240612	0.03728338976404346	-0.31308761136625174	-9.26258304295395	NaN	0.4116100458774198	1	14.518789689974954	7	11	18	26	41	86	0.002017764746315637	1.0141360155404602	19.80440872356503	1.0157765184323873	NaN	1	NaN	1	NaN	1	-0.006317438143898616	1.1490817115169742	NaN	NaN	800009909	800009909	800009909	800009909	800019909	800019909	899999999	899999999	89999	89999	89	89	11	10	0	51	0	0	4	NaN	0	0	0	0	0	0	0	0	0	NaN	NaN	NaN	NaN	0	0	0	0	0	0	0	0	17505	0	0	0	18000	18000	18000	18000	6	NaN	0.026813068200643397	0.02701574224413872	0.020737969083304802	0.04627333497793602	NaN	NaN	3.906515491312244e-8	NaN	0.01705847475099472	NaN	NaN	-0.000006317438143898616	NaN	NaN	NaN	96125.99134765625	11.440848488701715	NaN	0	0	0	0	0.00028166224627057085	-1	0	2.1071778933035	67.40499257002934	1.0001878057486482	-273.1499938964844	9.00121000123024	-273.1499938964844	064
DATA	2025-09-15T073000_AIU-0547.ghg	2025-09-15	08:00:00	258.333	1	18000	18000	0.010156159931231416	0	NaN	14.133067515174243	0	NaN	NaN	NaN	NaN	NaN	NaN	NaN	NaN	NaN	NaN	-0.004477757472740816	0	NaN	NaN	NaN	NaN	NaN	NaN	NaN	NaN	NaN	NaN	NaN	NaN	-4.658031352136284e-13	NaN	NaN	NaN	NaN	NaN	0	NaN	NaN	NaN	NaN	0	0.08909623228783951	2.2373343022093506	2.2373343022093506	0.3	0	NaN	NaN	NaN	NaN	9	290.5005604994032	289.28718684217665	95778.42169552951	1.1534427843966941	1005.4581232814393	0.025111435632668364	NaN	NaN	NaN	NaN	NaN	NaN	NaN	NaN	0.7690087061472077	0.25122128200159105	0.2272150359597923	0.8403054178255025	6.010845850549462e-16	-5.228090158838339e-15	0.8403054178255025	2.1112885532083094	313.9087181654477	18.091281834552323	15.687819209770593	NaN	0.09383540597857276	0.09204882264623183	-4.93693717702441	-0.5874087305578978	NaN	0.1298702428238283	1	15.161643136596835	7	12	20	30	49	112	0.010008901231756425	1.0147127737665915	13.908755554460344	1.0161273925503684	NaN	1	NaN	1	NaN	1	-0.0038955359427221554	1.149458646661032	NaN	NaN	800009909	800009909	800009909	800009909	800009919	800019919	899999999	899999999	89999	89999	89	89	23	15	0	57	0	0	2	NaN	0	0	0	0	0	0	0	0	0	NaN	NaN	NaN	NaN	0	0	0	0	0	0	0	0	17010	0	0	0	18000	18000	18000	18000	6	NaN	0.07634977352353547	0.08158979050483102	0.026158081264097167	0.03018029520243032	NaN	NaN	8.564109555160283e-8	NaN	0.011993010964228763	NaN	NaN	-0.000003895535942722155	NaN	NaN	NaN	96161.06571072049	11.4399995803833	NaN	0	0	0	0	0.00028133202006251347	-1	0	2.1052032258576814	67.53606661956402	1.0001526035666466	-273.1499938964844	9.001078522470262	-273.1499938964844	118
DATA	2025-09-15T080000_AIU-0547.ghg	2025-09-15	08:30:00	258.354	1	18000	18000	0.014052896031188826	1	NaN	22.16526152661307	1	NaN	NaN	NaN	NaN	NaN	NaN	NaN	NaN	NaN	NaN	-0.018052015507082277	1	NaN	NaN	NaN	NaN	NaN	NaN	NaN	NaN	NaN	NaN	NaN	NaN	1.368624858072801e-12	NaN	NaN	NaN	NaN	NaN	0	NaN	NaN	NaN	NaN	0	0.08850363218902896	2.2251463142873904	2.2251463142873904	0.2	0	NaN	NaN	NaN	NaN	9	290.89326982031923	289.69888263109	95798.64394357639	1.152046795023941	1005.4677824759806	0.02514186434218711	NaN	NaN	NaN	NaN	NaN	NaN	NaN	NaN	0.5308789666971135	0.00765887481263861	0.22958916547334807	0.578448200401351	-8.791093199756661e-14	1.5464052991064223e-14	0.578448200401351	1.7855960103865745	331.1734636524284	0.8265363475716657	23.384856804659613	NaN	0.11044545700197403	0.08227996187056501	-5.133743522032809	-0.5648899263381367	NaN	0.173255377809539	1	6.950776788468051	3	6	9	14	24	56	0.013784840763257901	1.019445655741298	21.749437467598447	1.0191188420221948	NaN	1	NaN	1	NaN	1	-0.01565337593544965	1.153234649287411	NaN	NaN	800009909	800009909	800009909	800009909	800009909	800009909	899999999	899999999	89999	89999	89	89	14	17	0	32	0	0	0	NaN	0	0	0	0	0	0	0	0	0	NaN	NaN	NaN	NaN	0	0	0	0	0	0	0	0	17307	0	0	0	18000	18000	18000	18000	6	NaN	0.045861386432751595	0.09358652085358928	0.02511201645478914	0.05197552917902038	NaN	NaN	9.072028008533643e-8	NaN	0.018776288486880382	NaN	NaN	-0.000015653375935449648	NaN	NaN	NaN	96184.70864040799	11.4399995803833	NaN	0	0	0	0	0.00028175693781102185	-1	0	2.0950873422953813	67.95027146869236	1.0001330631789234	-296.3656198713471	9.00098470934232	-273.1499938964844	190
DATA	2025-09-15T083000_AIU-0547.ghg	2025-09-15	09:00:00	258.374	1	18000	18000	0.009415020386388086	1	NaN	15.77204213937302	1	NaN	NaN	NaN	NaN	NaN	NaN	NaN	NaN	NaN	NaN	0.016007301029798228	1	NaN	NaN	NaN	NaN	NaN	NaN	NaN	NaN	NaN	NaN	NaN	NaN	4.2130613412264144e-13	NaN	NaN	NaN	NaN	NaN	0	NaN	NaN	NaN	NaN	0	0.08870397176221019	2.237263383134502	2.237263383134502	0	1	NaN	NaN	NaN	NaN	9	291.5888659405179	290.6322869508532	95803.1592532552	1.1484009686354097	1005.4900552038168	0.025221682171481123	NaN	NaN	NaN	NaN	NaN	NaN	NaN	NaN	0.4242355633923132	-0.055347235842566164	0.2498135133618175	0.49542499050853633	1.565428253383041e-14	4.749574632937992e-15	0.49542499050853633	1.1729086502610808	339.43302309227954	352.56697690772046	30.28097058846323	NaN	0.09054487162005297	0.05121644390891309	-3.9754961432214797	-0.7294686991319859	NaN	0.15085257983250958	1	6.966008012405014	3	6	9	14	23	54	0.009213035843780085	1.0219237769214113	15.451816118703913	1.0207241671923266	NaN	1	NaN	1	NaN	1	0.013853695895920587	1.155453472492622	NaN	NaN	800009909	800009909	800009909	800009909	800009909	800009919	899999999	899999999	89999	89999	89	89	9	0	0	16	0	0	0	NaN	0	0	0	0	0	0	0	0	0	NaN	NaN	NaN	NaN	0	0	0	0	0	0	0	0	17604	0	0	0	18000	18000	18000	18000	6	NaN	0.023827129953597072	0.06186007550348806	0.016745682360741043	0.08866745647009135	NaN	NaN	3.4800492591831264e-7	NaN	0.013381604858107304	NaN	NaN	0.000013853695895920588	NaN	NaN	NaN	96195.43483506945	11.4399995803833	NaN	0	0	0	0	0.0002820628972484781	-1	0	2.1088488949272386	68.93833024364055	1.000143765868412	-290.95536964416965	9.001120815197627	-273.1499938964844	018
DATA	2025-09-15T090000_AIU-0547.ghg	2025-09-15	09:30:00	258.395	1	18000	18000	0.031203363955848273	1	NaN	18.718841890948834	1	NaN	NaN	NaN	NaN	NaN	NaN	NaN	NaN	NaN	NaN	-0.003943865036225758	1	NaN	NaN	NaN	NaN	NaN	NaN	NaN	NaN	NaN	NaN	NaN	NaN	4.327848641712473e-13	NaN	NaN	NaN	NaN	NaN	0	NaN	NaN	NaN	NaN	0	0.08971214251873046	2.2816697378581132	2.2816697378581132	-0.4	0	NaN	NaN	NaN	NaN	9	292.86249575466593	293.10232222239165	95813.72523654514	1.138848738770031	1005.55149374008	0.025433232044165453	NaN	NaN	NaN	NaN	NaN	NaN	NaN	NaN	0.31847723671729716	-0.27608035361516037	0.15979602377467095	0.4507581182558399	-3.335069170332071e-15	4.824150354907517e-15	0.4507581182558399	1.4056086509261823	12.921240102957995	319.078759897042	20.76311235002494	NaN	0.16552655855742762	0.14356926741703663	-20.46786329256453	-0.14168552713821858	NaN	0.09875086980078379	1	2.7057183302991903	1	2	4	6	11	32	0.030483775683153594	1.0236056150056356	18.319096865888877	1.0218212190255025	NaN	1	NaN	1	NaN	1	-0.0034086825020528838	1.1570056858773323	NaN	NaN	800009909	800009909	800009909	800009909	800009919	800009919	899999999	899999999	89999	89999	89	89	0	0	0	2	0	0	3	NaN	0	0	0	0	0	0	0	0	0	NaN	NaN	NaN	NaN	0	0	0	0	0	0	0	0	8382	0	0	0	18000	18000	18000	18000	6	NaN	0.0909366852451221	0.1736608246519808	0.02254102493697035	0.36200390086337675	NaN	NaN	8.486519867551141e-8	NaN	0.01599682148729032	NaN	NaN	-0.0000034086825020528836	NaN	NaN	NaN	96226.75091992188	11.4399995803833	NaN	0	0	0	0	0.0002843977545595003	-1	0	2.1569717663857673	70.96190102789153	1.0001156833105618	-273.1499938964844	9.001021526945962	-273.1499938964844	123
DATA	2025-09-15T093000_AIU-0547.ghg	2025-09-15	10:00:00	258.416	1	18000	18000	0.1529397324740819	1	NaN	177.81248236219594	1	NaN	NaN	NaN	NaN	NaN	NaN	NaN	NaN	NaN	NaN	-0.08533437049178536	1	NaN	NaN	NaN	NaN	NaN	NaN	NaN	NaN	NaN	NaN	NaN	NaN	1.8284059881370345e-12	NaN	NaN	NaN	NaN	NaN	0	NaN	NaN	NaN	NaN	0	0.08869297061694979	2.2667738722958397	2.2667738722958397	0	1	NaN	NaN	NaN	NaN	9	294.60653636847604	294.62733041042736	95843.80652148438	1.1333096890973442	1005.5912371818481	0.02555753693362758	NaN	NaN	NaN	NaN	NaN	NaN	NaN	NaN	-0.007597535446471758	-0.23390880428982488	0.20549187589140364	0.31144495874313693	7.0049472126489484e-15	2.0615004497184068e-14	0.31144495874313693	2.6358087963911685	63.860356351770065	268.1396436482299	41.284741918353326	NaN	0.3673549212496403	0.2800911128136022	-23.559076956472303	-0.12309480568181994	NaN	0.4247235094004887	0	72.22813136230606	-10.960897592144159	24.793580197692666	61.739520340620686	94.1566640491072	132.05606011128393	197.84404181148548	0.14825175853702602	1.0316217087966957	173.12155714923037	1.0270961357453712	NaN	1	NaN	1	NaN	1	-0.07326796357327851	1.1646887170057443	NaN	NaN	800009909	800009909	800009909	800009909	800009919	800109919	899999999	899999999	89999	89999	89	89	1	1	3	0	0	0	1	NaN	0	0	0	0	0	0	0	0	0	NaN	NaN	NaN	NaN	0	0	0	0	0	0	0	0	6319	0	0	0	18000	18000	18000	18000	6	NaN	0.13224803839746296	0.2663894425795197	0.16154474465022184	0.6504339207466814	NaN	NaN	5.209971178291148e-7	NaN	0.15190814756153226	NaN	NaN	-0.00007326796357327852	NaN	NaN	NaN	96241.71591927084	11.4399995803833	NaN	0	0	0	0	0.0002865100673645631	-1	0	2.1472873957753182	72.17155543030628	1.000102649135722	-273.1499938964844	9.00095456759135	-273.1499938964844	190
DATA	2025-09-15T100000_AIU-0547.ghg	2025-09-15	10:30:00	258.437	1	18000	18000	0.17334955412689856	1	NaN	96.14685539338251	1	NaN	NaN	NaN	NaN	NaN	NaN	NaN	NaN	NaN	NaN	-0.03184891833452346	2	NaN	NaN	NaN	NaN	NaN	NaN	NaN	NaN	NaN	NaN	NaN	NaN	-1.9822701934811563e-12	NaN	NaN	NaN	NaN	NaN	0	NaN	NaN	NaN	NaN	0	0.08811229904217234	2.2650414188527783	2.2650414188527783	-0.4	0	NaN	NaN	NaN	NaN	9	296.0707756856283	296.34150699869804	95843.54976692708	1.1267510822841782	1005.6375611416441	0.025706302564738246	NaN	NaN	NaN	NaN	NaN	NaN	NaN	NaN	-0.08512290715599982	-0.035767171577932966	0.21360772618960858	0.2327089610936124	-3.098450510960916e-14	-2.249708854529379e-14	0.2327089610936124	2.2597147122663666	129.2086973590341	202.79130264096588	66.62356977502147	NaN	0.3922359288056713	0.33122363835217605	-53.03824404442836	-0.05467752660836145	NaN	0.21633074310196101	0	54.006206528712184	-8.195650198010354	18.538583062963898	46.163693059893816	70.4025446703499	98.74056993062334	147.93136664369487	0.16670753622693116	1.0398423373669559	93.1154904214692	1.0325548945529086	NaN	1	NaN	1	NaN	1	-0.027155123186429847	1.1728511822932637	NaN	NaN	800009909	800009909	800009909	800009909	800009909	800109919	899999999	899999999	89999	89999	89	89	4	11	4	3	0	0	0	NaN	0	0	0	0	0	0	0	0	0	NaN	NaN	NaN	NaN	0	0	0	0	0	0	0	0	7113	0	0	0	18000	18000	18000	18000	6	NaN	0.07070184729300123	0.21079135695875034	0.38095407245260055	0.48351600907277165	NaN	NaN	2.0994890881370935e-7	NaN	0.08217741293702313	NaN	NaN	-0.000027155123186429848	NaN	NaN	NaN	96243.16288585069	11.432542980088126	NaN	0	0	0	0	0.00028786248309835267	-1	0	2.1500345937013616	72.9575099827449	1.0000747981617848	-382.4854984876764	9.000613486713833	-332.3397463819721	041
DATA	2025-09-15T103000_AIU-0547.ghg	2025-09-15	11:00:00	258.458	1	18000	18000	0.39074263556741223	1	NaN	15.93568323345506	2	NaN	NaN	NaN	NaN	NaN	NaN	NaN	NaN	NaN	NaN	0.0030897903922243613	2	NaN	NaN	NaN	NaN	NaN	NaN	NaN	NaN	NaN	NaN	NaN	NaN	5.5538938530063565e-12	NaN	NaN	NaN	NaN	NaN	0	NaN	NaN	NaN	NaN	0	0.08877090589640044	2.285041871512562	2.285041871512562	0	1	NaN	NaN	NaN	NaN	9	297.0013744990031	296.757676071167	95849.19524327257	1.1252372173333207	1005.6490712577325	0.025740887157097467	NaN	NaN	NaN	NaN	NaN	NaN	NaN	NaN	0.018714282637940696	0.19477773425346862	0.2312102268341993	0.3028972748776529	-2.2314406945850773e-14	6.256434804763618e-14	0.3028972748776529	4.0798948474080765	247.48814327065523	84.51185672934477	49.758546890740696	NaN	0.589282245902331	0.67539371274341	-1085.1873471181575	-0.002672349624883934	NaN	0.023897737516639005	0	73.70349100667116	-11.184789110150499	25.300023421033416	63.00063557446358	96.0799443523076	134.75348808300794	201.88528044886047	0.3785062838911985	1.0323280014017708	15.508219639360801	1.0275636793929157	NaN	1	NaN	1	NaN	1	0.0026513136738053654	1.165380928990443	NaN	NaN	800009909	800009909	800009909	800009909	800009919	800119919	899999999	899999999	89999	89999	89	89	7	0	2	14	0	0	1	NaN	0	0	0	0	0	0	0	0	0	NaN	NaN	NaN	NaN	0	0	0	0	0	0	0	0	3209	0	0	0	18000	18000	18000	18000	6	NaN	0.38544078100201445	0.5701496583560519	0.39519698612875376	0.13516479483800176	NaN	NaN	8.735258542169476e-8	NaN	0.013704758856511328	NaN	NaN	0.0000026513136738053656	NaN	NaN	NaN	96230.64482747395	11.40999984741211	NaN	0	0	0	0	0.0002894506614409491	-1	0	2.1701699955926994	73.44763483744374	1.0000623944368627	-273.1499938964844	9.000685026539697	-273.1499938964844	031
DATA	2025-09-15T110000_AIU-0547.ghg	2025-09-15	11:30:00	258.479	1	18000	18000	0.1418609479927884	1	NaN	-19.21021026545714	1	NaN	NaN	NaN	NaN	NaN	NaN	NaN	NaN	NaN	NaN	0.0087973147546122	2	NaN	NaN	NaN	NaN	NaN	NaN	NaN	NaN	NaN	NaN	NaN	NaN	2.3126833004253664e-12	NaN	NaN	NaN	NaN	NaN	0	NaN	NaN	NaN	NaN	0	0.08827383096660994	2.269912200894115	2.269912200894115	0	1	NaN	NaN	NaN	NaN	9	296.7695453016494	296.4500128801135	95848.29885720486	1.126394482291695	1005.6405521985107	0.025714440803557306	NaN	NaN	NaN	NaN	NaN	NaN	NaN	NaN	0.09833811242116014	0.11376207892569012	0.2188526988644362	0.2655347411475525	1.6740741276075502e-15	2.6198968313725408e-14	0.2655347411475525	2.9281170056292214	282.8407613036037	49.159238696396294	55.50707294201784	NaN	0.3548837974364303	0.32761575285813954	196.61885249883636	0.014749348616085341	NaN	-0.04778731773173492	0	63.39572414717797	-9.620545721603351	21.76170061702777	54.1897114970317	82.64272919831953	115.90760277022926	173.6507100803837	0.13918475186006796	1.019227653151338	-18.86612400456044	1.01823831226878	NaN	1	NaN	1	NaN	1	0.007442699650567197	1.1820058806137326	NaN	NaN	800009909	800009909	800009909	800009909	800009909	800109909	899999999	899999999	89999	89999	89	89	13	7	2	13	0	0	2	NaN	0	0	0	0	0	0	0	0	0	NaN	NaN	NaN	NaN	0	0	0	0	0	0	0	0	6615	0	0	0	18000	18000	18000	18000	6	NaN	0.18013843846631472	0.2662069950738213	0.20888607217614305	0.18592305970146158	NaN	NaN	4.719001048203889e-7	NaN	-0.016655182369000047	NaN	NaN	0.000007442699650567197	NaN	NaN	NaN	96227.14595355903	11.427456358697677	NaN	0	0	0	0	0.0002888193983235396	-1	0	2.155005307250555	73.40700640699598	1.0000531900773446	-273.1499938964844	9.00062690946791	-273.1499938964844	026
DATA	2025-09-15T113000_AIU-0547.ghg	2025-09-15	12:00:00	258.499	1	18000	18000	0.08183521984814761	1	NaN	3.768797772614488	0	NaN	NaN	NaN	NaN	NaN	NaN	NaN	NaN	NaN	NaN	0.02355539615155653	1	NaN	NaN	NaN	NaN	NaN	NaN	NaN	NaN	NaN	NaN	NaN	NaN	2.215752726631585e-12	NaN	NaN	NaN	NaN	NaN	0	NaN	NaN	NaN	NaN	0	0.0876620936415986	2.252676344686296	2.252676344686296	0	0	NaN	NaN	NaN	NaN	9	297.16922475348576	296.2402898796929	95844.49740863715	1.1271472064096124	1005.6347773159232	0.02569726835291241	NaN	NaN	NaN	NaN	NaN	NaN	NaN	NaN	1.3523852007668222	0.9796077493233711	0.3595002116037965	1.708162016885453	7.876540830658661e-14	2.5276064426325042e-14	1.708162016885453	6.225832235996331	296.08209760480435	35.91790239519565	12.149325648817708	NaN	0.2694510046728706	0.7891562529861256	-438.6524458424653	-0.0066111565716459875	NaN	0.012339629054314894	0	65.91536218377748	-10.002910514483084	22.626610819622165	56.343460194077736	85.92733185469203	120.51430469846864	180.55238901988557	0.08107065824752135	1.0094308053882075	3.719009093787403	1.0133876195436728	NaN	1	NaN	1	NaN	1	0.020504188037701297	1.1488090193205867	NaN	NaN	800009909	800009909	800009909	800009909	800009919	800109919	899999999	899999999	89999	89999	89	89	1	1	0	26	0	0	6	NaN	0	0	0	0	0	0	0	0	0	NaN	NaN	NaN	NaN	0	0	0	0	0	0	0	0	1805	0	0	0	18000	18000	18000	18000	6	NaN	1.0316317111796778	0.4374412037851881	0.10923959100738523	0.01115008022212312	NaN	NaN	8.047264602308843e-8	NaN	0.0032810006574511955	NaN	NaN	0.000020504188037701297	NaN	NaN	NaN	96217.33394314235	11.4399995803833	NaN	0	0	0	0	0.00028896524671452215	-1	0	2.1380644112000855	69.11409030087765	1.0000530949726962	-273.1499938964844	9.000637386110094	-273.1499938964844	124
DATA	2025-09-15T120000_AIU-0547.ghg	2025-09-15	12:30:00	258.52	1	18000	18000	0.037515613179659964	0	NaN	4.735783103108808	0	NaN	NaN	NaN	NaN	NaN	NaN	NaN	NaN	NaN	NaN	-0.0005738842964696669	1	NaN	NaN	NaN	NaN	NaN	NaN	NaN	NaN	NaN	NaN	NaN	NaN	-4.343013816240478e-13	NaN	NaN	NaN	NaN	NaN	0	NaN	NaN	NaN	NaN	0	0.08726005087796843	2.244580817670647	2.244580817670647	0.4	0	NaN	NaN	NaN	NaN	9	297.4006943511963	296.5180122172038	95838.78846788194	1.1260244315668928	1005.6424302258938	0.025722891461634055	NaN	NaN	NaN	NaN	NaN	NaN	NaN	NaN	0.9799367600290374	0.434557119820892	0.27984003335619945	1.1078927693202612	2.5516761136487632e-14	-4.977092922297402e-15	1.1078927693202612	4.003852643978804	308.0849042704972	23.915095729502813	14.630689098878257	NaN	0.18252910227155741	0.4875076136594031	-108.51089664481817	-0.026725426566996176	NaN	0.022912278702187133	1	11.411406533350556	5	10	18	30	55	167	0.03706527641050143	1.0121498289712185	4.667545050907604	1.0146196879637905	NaN	1	NaN	1	NaN	1	-0.000499858828398452	1.1480927491235728	NaN	NaN	800009909	800009909	800009909	800009909	800019919	800019919	899999999	899999999	89999	89999	89	89	2	2	2	24	0	0	5	NaN	0	0	0	0	0	0	0	0	0	NaN	NaN	NaN	NaN	0	0	0	0	0	0	0	0	5551	0	0	0	18000	18000	18000	18000	6	NaN	0.47311517019990745	0.40746064302546653	0.09443941409343215	0.02885157536209014	NaN	NaN	1.3969129002099842e-7	NaN	0.004121896817219255	NaN	NaN	-4.99858828398452e-7	NaN	NaN	NaN	96217.10923003472	11.4399995803833	NaN	0	0	0	0	0.00028955258375370043	-1	0	2.130926773786547	73.42459124437966	1.00005067878796	-273.1499938964844	9.000620511160957	-273.1499938964844	062
DATA	2025-09-15T123000_AIU-0547.ghg	2025-09-15	13:00:00	258.541	1	18000	18000	0.21955091027770088	1	NaN	19.923102115154865	1	NaN	NaN	NaN	NaN	NaN	NaN	NaN	NaN	NaN	NaN	-0.03022199363050674	1	NaN	NaN	NaN	NaN	NaN	NaN	NaN	NaN	NaN	NaN	NaN	NaN	3.3039609230549104e-12	NaN	NaN	NaN	NaN	NaN	0	NaN	NaN	NaN	NaN	0	0.08669064349607003	2.2335145384448283	2.2335145384448283	0.1	0	NaN	NaN	NaN	NaN	9	297.57903820292154	296.97157011752654	95831.5115345052	1.1242193129425324	1005.6550270526452	0.025764193785758217	NaN	NaN	NaN	NaN	NaN	NaN	NaN	NaN	0.5926376949830994	0.6069091542865818	0.2572493964352285	0.8864171766375359	-2.75940850991535e-14	3.8112082109584176e-14	0.8864171766375359	6.300820292870987	286.3183627563367	45.68163724366333	16.8706819960988	NaN	0.44191841592542375	0.9589686067923477	-366.03282735057417	-0.007922786655477968	NaN	0.03987629407505526	0	88.46876494047643	-13.425476394396863	30.368464158927846	75.62176965584102	115.32797017211827	161.74911797659445	242.32965327728888	0.21648531790769807	1.014160740320089	19.613377683048284	1.0157914887028496	NaN	1	NaN	1	NaN	1	-0.026300641708976974	1.1490971956091598	NaN	NaN	800009909	800009909	800009909	800009909	800009909	800109919	899999999	899999999	89999	89999	89	89	5	1	3	13	0	0	2	NaN	0	0	0	0	0	0	0	0	0	NaN	NaN	NaN	NaN	0	0	0	0	0	0	0	0	6415	0	0	0	18000	18000	18000	18000	6	NaN	1.1726003290634448	0.6045389294725644	0.14079795504868645	0.05405505113620414	NaN	NaN	1.9215437452911585e-7	NaN	0.017348116130730624	NaN	NaN	-0.000026300641708976974	NaN	NaN	NaN	96209.34694574654	11.437514204978944	NaN	0	0	0	0	0.0002899568904087775	-1	0	2.1214031410879572	73.35040781027793	1.0000494683500794	-273.1499938964844	9.000583312246535	-273.1499938964844	060
DATA	2025-09-15T130000_AIU-0547.ghg	2025-09-15	13:30:00	258.562	1	18000	18000	0.11067244020411651	1	NaN	-7.292519484950724	2	NaN	NaN	NaN	NaN	NaN	NaN	NaN	NaN	NaN	NaN	-0.01997550049062657	2	NaN	NaN	NaN	NaN	NaN	NaN	NaN	NaN	NaN	NaN	NaN	NaN	9.780693054222025e-13	NaN	NaN	NaN	NaN	NaN	0	NaN	NaN	NaN	NaN	0	0.08656068278204117	2.2299537087631225	2.2299537087631225	0.8	0	NaN	NaN	NaN	NaN	9	297.50928751458065	296.9133448181153	95821.85265060765	1.1243264420049945	1005.6534030978997	0.025761738899150333	NaN	NaN	NaN	NaN	NaN	NaN	NaN	NaN	0.5638450615847334	0.3787734098761902	0.22752382763737528	0.7163502227580022	-2.753319862877669e-14	1.129923279238647e-14	0.7163502227580022	2.739693086355255	298.1080337097843	33.891966290215734	18.518772579192458	NaN	0.31374262843019096	0.33314419751555296	357.81762930040486	0.008104687311438511	NaN	-0.020557169436824594	0	91.77348534235809	-13.926980465075312	31.502867732294604	78.44659495069165	119.63600698253184	167.79120085774758	251.3817944449109	0.1095716698559959	1.0100461218631358	-7.195561291921532	1.013474722693009	NaN	1	NaN	1	NaN	1	-0.017057153288894938	1.1710922773750074	NaN	NaN	800009909	800009909	800009909	800009909	800009919	800019919	899999999	899999999	89999	89999	89	89	0	0	0	11	0	0	3	NaN	0	0	0	0	0	0	0	0	0	NaN	NaN	NaN	NaN	0	0	0	0	0	0	0	0	6179	0	0	0	18000	18000	18000	18000	6	NaN	0.37566220616777474	0.22587599765240277	0.06475019121092836	0.23590322878014539	NaN	NaN	3.636767295374044e-7	NaN	-0.0063639084703129775	NaN	NaN	-0.000017057153288894937	NaN	NaN	NaN	96208.70278125	11.430000305175781	NaN	0	0	0	0	0.00029008479926334184	-1	0	2.1177030576003917	74.61856152775623	1.0000374038567146	-273.1499938964844	9.000495455582936	-273.1499938964844	116
DATA	2025-09-15T143000_AIU-0547.ghg	2025-09-15	15:00:00	258.624	1	18000	18000	0.054650672212737166	0	NaN	-56.25603417938438	2	NaN	190.75594226707025	1	NaN	-1.7629945587472984	2	NaN	4.332594095423545	1	NaN	-5.494223087897398e-7	2	NaN	NaN	NaN	NaN	NaN	NaN	NaN	NaN	NaN	NaN	-3.5545697502109734e-11	-1.1806831583375033e-12	-2.0346414722477107e-13	NaN	14.966173046973218	391.4569720732999	396.6139869725969	0.1	1	497.11525453332786	13.002604720678432	13.173899731517201	0.3	0	0.08566661650232144	2.1093224879960246	2.137110490954319	0	1	NaN	NaN	NaN	NaN	9	297.7569064653187	297.13440267605245	95776.76677322049	1.1174401298806813	1012.7388757563854	0.025793055112186408	0.2807520973834457	0.009084109659057166	1245.681491044428	2972.332048914531	0.008129392721941313	41.909230548428795	1726.6505578701028	283.3737235104993	0.46506458833121483	-0.048365396775704894	0.21419984460024644	0.514301328358885	-7.535356094108462e-14	-2.375069257220606e-15	0.514301328358885	3.018865551066435	337.937255165992	354.062744834008	24.61299825578292	NaN	0.22114932706428328	0.4211046919078977	16.273057673361198	0.17820867216290062	-0.2949110445043039	-0.22478211097316653	0	60.61678253692861	-9.198830611022661	20.807779888651016	51.814314005287564	79.02009814483384	110.82681120872483	166.03875847980865	0.053967173448792254	1.0126650836103814	-44.82810705636477	1.0203219755260464	166.70886953494323	1.144245910845713	-1.5407479651330087	1.144245910845713	3.7864186835689204	1.144245910845713	0.004651781969525868	1.2647351783176073	NaN	NaN	800000009	800000009	800000009	800000009	800000009	800110009	899999999	899999999	89999	89999	89	89	2	7	3	11	1	27	4	NaN	0	0	0	0	0	0	0	0	0	NaN	NaN	NaN	NaN	0	0	0	0	0	0	0	0	201	0	0	0	18000	18000	18000	18000	93	NaN	0.22640433794815848	0.5250697833429938	0.09073526252464309	0.6016759190040462	2.411210652966505	1.7964647928790005	3.308197477073513e-8	NaN	-0.03961217190938294	-0.0402642781054281	0.09895026204733408	0.000004651781969525868	NaN	391.4583376546366	13.000726451620334	96170.65155754484	11.400443245569868	10.151146235969664	91.78361757829455	91.66496205308701	91.90227129024932	-0.23730862254235233	0.0002906637013754031	-1	0	2.098057483381696	90.3743146406744	1.000039576811923	-273.14999389648506	9.000469462341732	-273.1499938964844	081
DATA	2025-09-15T150000_AIU-0547.ghg	2025-09-15	15:30:00	258.645	1	18000	18000	0.0118080845189058	1	NaN	8.018039612292919	1	NaN	43.37880757904835	0	NaN	-0.003169700785969483	2	NaN	0.9835360641395562	0	NaN	0.0016838522114701704	1	NaN	NaN	NaN	NaN	NaN	NaN	NaN	NaN	NaN	NaN	5.973256588093872e-11	2.438240363213469e-12	3.39876659723295e-13	NaN	15.031961955043247	390.47842400311316	396.80308759320434	0.1	1	613.5938718944532	15.939048328613527	16.197216545928093	0.1	1	0.08553145077596758	2.091375450081084	2.125249911124885	-0.1	0	NaN	NaN	NaN	NaN	9	296.29884735616054	295.33528454928927	95769.2237311198	1.1229044055791872	1014.3308933970363	0.025638900056625537	0.06373313695624323	0.011202573244892646	1526.8797449391743	2665.9557583968704	0.00997642647872098	57.27325894775309	1139.076013457696	286.4563531942946	0.4759939044289599	-0.17059731619353352	0.23360975781876805	0.5569983485559723	1.0039972755948589e-13	3.973703902363746e-15	0.5569983485559723	1.4105577422059332	351.7177969365092	340.2822030634908	24.79723973288173	NaN	0.10254590769887331	0.10973285378568566	-11.387832952983143	-0.254657757272451	0.18483771361584347	0.06864792668661447	1	8.647831456442056	4	7	12	19	31	79	0.011576330460432844	1.0200196477860646	10.412609347716472	1.0194891045207328	39.83825173309927	1.0888732735981845	-0.0029109914466861684	1.0888732735981845	0.9032603591136539	1.0888732735981845	-0.0035619100099529228	1.1537396439587977	NaN	NaN	800000009	800000009	800000009	800000009	800000019	800000019	899999999	899999999	89999	89999	89	89	1	4	2	7	4	0	2	NaN	0	0	0	0	0	0	0	0	0	NaN	NaN	NaN	NaN	0	0	0	0	0	0	0	0	4345	0	0	0	18000	18000	18000	18000	93	NaN	0.03713286188718047	0.16252137584403778	0.019811469840153063	0.07527977533822854	5.708430656421826	0.36282455618736226	4.0429905559999413e-8	NaN	0.009141914105290748	-0.00007584382137034323	0.02353380921318581	-0.0000035619100099529226	NaN	390.4778662019851	15.938695576861296	96154.86598541666	11.40999984741211	13.29049486287438	91.57212157567344	91.47146075227528	91.67278315522935	-0.20132397104137403	0.00028877237204061285	-1	0	2.0776058426720128	91.06391616380373	1.0000447028742896	-273.1499938964844	9.000537541707358	-273.1499938964844	190
DATA	2025-09-15T153000_AIU-0547.ghg	2025-09-15	16:00:00	258.666	1	18000	18000	0.012330198703889805	1	NaN	5.849414324299927	1	NaN	36.06944202555534	0	NaN	5.917134992002198	1	NaN	0.8180500926092165	0	NaN	-0.010787040489591808	1	NaN	NaN	NaN	NaN	NaN	NaN	NaN	NaN	NaN	NaN	6.83282090138918e-11	2.9504571548874313e-12	3.8770409921941837e-13	NaN	14.955620798611541	388.8538499508696	395.4945860368433	0.1	1	645.7935752724832	16.790965844865188	17.077717211267853	0.1	1	0.08486034646121081	2.078621662281804	2.1141197752194683	0.3	0	NaN	NaN	NaN	NaN	9	296.6947525685629	295.63912700737853	95741.13657573785	1.1210579168615336	1014.8160325822585	0.02567280679809918	0.05300964600107722	0.011785747156057692	1608.0173721599515	2715.6735241424494	0.010513058227225737	59.21247005078522	1107.656151982498	287.2525952783455	0.4751030120420439	-0.08701620762195678	0.22138179376564873	0.5313234335611712	-8.33488709291466e-14	4.568731043263366e-15	0.5313234335611712	1.579176727873676	342.3788221334497	349.6211778665503	24.6239660144223	NaN	0.10487476790277794	0.1706003092201218	-16.696708964041513	-0.17368692274899916	0.1621709124348415	0.049025948174181815	1	8.117530134740552	4	7	11	18	31	80	0.012079388364331135	1.0207634966269716	7.854936644358366	1.0199705427902348	33.110783247928644	1.0893563512367768	5.431771692783824	1.0893563512367768	0.7509481095698953	1.0893563512367768	-0.013756159630489083	1.1544026088704733	NaN	NaN	800000009	800000009	800000009	800000009	800000009	800000009	899999999	899999999	89999	89999	89	89	1	0	0	27	21	0	0	NaN	0	0	0	0	0	0	0	0	0	NaN	NaN	NaN	NaN	0	0	0	0	0	0	0	0	5269	0	0	0	18000	18000	18000	18000	93	NaN	0.03939921761320259	0.2860985157469056	0.0157028850801354	0.13867232508894295	27.768699300169253	0.8163736330009177	1.5895875647323127e-7	NaN	0.006904421824923683	0.14183094255887527	0.019608275939616636	-0.000013756159630489083	NaN	388.8512719616018	16.790177544392833	96123.67914952256	11.37110655117035	14.075979701412994	91.36574457592434	91.27210815408495	91.45937885581122	-0.18727150021824585	0.00028901020429394626	-1	0	2.0642153547207513	90.40809525102581	1.0000350951999426	-273.1499938964844	9.000475838475758	-273.1499938964844	081
DATA	2025-09-15T160000_AIU-0547.ghg	2025-09-15	16:30:00	258.687	1	18000	18000	0.04470696556560381	1	NaN	33.22341586744069	1	NaN	-9.287469109231242	1	NaN	6.453449638067109	1	NaN	-0.2104907562994065	1	NaN	0.002363872276846902	1	NaN	NaN	NaN	NaN	NaN	NaN	NaN	NaN	NaN	NaN	-1.6230624104675933e-10	-7.474883623787782e-12	-9.398134750751648e-13	NaN	14.767715229756439	382.94214071008867	389.8169893264772	0	0	680.1152686412476	17.636092845175472	17.952708478728702	0.1	1	0.08551056126670703	2.088399022460223	2.1258914412977132	0	0	NaN	NaN	NaN	NaN	9	296.22530128818084	294.91422539774584	95730.88887369791	1.1233318081895531	1015.2747870201563	0.02561259901380195	-0.01363980100820154	0.012408049583097238	1688.7717179853787	2598.373377423437	0.011045756465398227	64.99341983175547	909.6016594380583	288.0107494040603	0.3621376277586963	-0.3376358569547904	0.2216506877389492	0.5424671978244128	3.9414576513925376e-14	-1.0990612868788115e-14	0.5424671978244128	1.4468501691027404	14.994672822144025	317.005327177856	24.11675620083722	NaN	0.19949571349023623	0.16202066742836965	-20.235318303501124	-0.1433137821952739	-3.5772302956484037	0.1460222567661992	1	2.6959530798920706	1	2	4	6	11	31	0.04381178151742862	1.0204324959444773	32.22713960293179	1.0197561772460142	-8.527346521273781	1.089139404158272	5.925274224243662	1.089139404158272	-0.19326337427125015	1.089139404158272	-0.007242971685751918	1.1541064021317242	NaN	NaN	800000009	800000009	800000009	800000009	800000109	800010109	899999999	899999999	89999	89999	89	89	0	0	2	2	1	0	0	NaN	0	0	0	0	0	0	0	0	0	NaN	NaN	NaN	NaN	0	0	0	0	0	0	0	0	5012	0	0	0	18000	18000	18000	18000	93	NaN	0.1123760844756363	0.18063066291953073	0.0310345874615723	0.16925820488408783	14.114780690006949	0.48586242458291296	2.1828308146868752e-7	NaN	0.02825726357902512	0.15448694977260052	-0.005038867074162632	-0.0000072429716857519175	NaN	382.94244585345086	17.635623326162055	96108.84172851563	11.376111136542427	14.842116929319133	91.29559193356832	91.20758698018392	91.38359674538506	-0.17600876206739147	0.0002884119175853105	-1	0	2.073169052898884	90.83191953995453	1.0000436213413875	-273.1499938964844	9.000544897715251	-273.1499938964844	208
DATA	2025-09-15T163000_AIU-0547.ghg	2025-09-15	17:00:00	258.708	1	18000	18000	0.016710364025668008	1	NaN	3.8093138262050403	1	NaN	40.457665240368094	1	NaN	2.915692030127661	1	NaN	0.9159742595316684	1	NaN	0.002661852013978819	1	NaN	NaN	NaN	NaN	NaN	NaN	NaN	NaN	NaN	NaN	2.2520882928796092e-11	9.696027683235214e-13	1.319385401182461e-13	NaN	14.904865055881752	385.0310656927186	391.52128819904766	0.3	0	641.706564763179	16.576933878061443	16.85636065404836	0.1	1	0.08732011717080686	2.1212191008198613	2.1569751350095374	-0.2	0	NaN	NaN	NaN	NaN	9	295.0832357482911	293.83555902353925	95729.59572243923	1.1278948847136216	1014.6543844338427	0.025519264123969057	0.059355132017652114	0.011705523801537025	1587.328848443301	2432.028088526182	0.010378204529679304	65.26770212613903	844.6992400828808	287.0529842223394	0.4530754354162819	-0.5078867874463284	0.19802041120024513	0.7088289090408956	1.0899031249014093e-14	1.5109752986263309e-15	0.7088289090408956	1.7129189208307602	20.264498901544982	311.735501098455	16.222176834900804	NaN	0.12171907461327543	0.05150398885492966	-40.07635391640335	-0.0723618721914975	0.09415555256520736	0.027346474662513026	1	10.743238792125451	5	9	16	26	46	127	0.016436375809554017	1.016669624696384	6.095366573677859	1.0173461936141392	37.220497101067394	1.0869727271645673	2.682396675888471	1.0869727271645673	0.8426837552042741	1.0869727271645673	-0.0012874257385035836	1.1509088776948522	NaN	NaN	800000009	800000009	800000009	800000009	800000019	800000019	899999999	899999999	89999	89999	89	89	0	0	1	14	0	0	2	NaN	0	0	0	0	0	0	0	0	0	NaN	NaN	NaN	NaN	0	0	0	0	0	0	0	0	7451	0	0	0	18000	18000	18000	18000	93	NaN	0.04201850170922898	0.0442504021199797	0.016739073880650643	0.0357655478218078	5.998176099196673	0.1698675681904916	4.439726277075588e-8	NaN	0.005326145982827195	0.06960696889146581	0.021867258657565652	-0.0000012874257385035837	NaN	385.0311001252351	16.57676532291172	96109.09820464409	11.390000343322754	13.891428137143413	91.3288316538069	91.24764661937289	91.41001548428005	-0.16237309336993416	0.00028733152881290556	-1	0	2.1066547045177884	91.46723907346359	1.000069818895724	-455.6450015597959	9.00052097706	-354.0211222924027	249
DATA	2025-09-15T170000_AIU-0547.ghg	2025-09-15	17:30:00	258.729	1	18000	18000	0.017438486653870086	1	NaN	2.9481978209892805	1	NaN	38.415327402717836	1	NaN	-0.9097592200987553	2	NaN	0.869816466080031	1	NaN	0.00789152254432611	1	NaN	NaN	NaN	NaN	NaN	NaN	NaN	NaN	NaN	NaN	1.1962089327299779e-11	5.10534230324943e-13	6.982295569541679e-14	NaN	14.872410118733546	383.8871255751143	390.2815190816531	0.1	1	634.7448380707316	16.384054058170644	16.656962634417877	0.1	1	0.08681055661693578	2.109596094000522	2.1447355573120026	-0.7	0	NaN	NaN	NaN	NaN	9	295.1836570849948	293.93231765153666	95731.9676358507	1.127634288629542	1014.548120343752	0.025527035005177452	0.05636410700198601	0.011565803044770537	1568.8984603889535	2446.559375502991	0.01025669683991865	64.12672735835	877.6609151140374	286.87322479440684	0.6092454527748767	-0.5184881943940294	0.19046127176118663	0.8223658100223631	-7.085520382013154e-15	8.043141112839622e-16	0.8223658100223631	1.5124937104852165	12.39889129674998	319.60110870325	13.391385448663517	NaN	0.1243570067270633	0.04832214290664849	-55.221380587558066	-0.052515890931082575	0.0767453519289985	0.020722656922109565	1	13.172645687793137	6	11	20	32	58	166	0.017181724404660332	1.0149439161729372	5.131650805151305	1.0162693026888971	35.36393179838772	1.0862855301759526	-0.8374954786992291	1.0862855301759526	0.8007254464110751	1.0862855301759526	0.0039010541251972455	1.1496174662228191	NaN	NaN	800000009	800000009	800000009	800000009	800000019	800000019	899999999	899999999	89999	89999	89	89	0	8	0	20	1	0	2	NaN	0	0	0	0	0	0	0	0	0	NaN	NaN	NaN	NaN	0	0	0	0	0	0	0	0	17801	0	0	0	18000	18000	18000	18000	93	NaN	0.057139430029637714	0.02416904913869843	0.015335806644960842	0.031937212348562005	7.460884813143695	0.1391988509711764	1.282615135018877e-7	NaN	0.004485554856865884	-0.02173497899417894	0.020780710105898378	0.000003901054125197245	NaN	383.88752148828155	16.383914388307637	96115.9312282986	11.402780026435854	13.71306798129616	91.28733613459269	91.20847428109911	91.36619318856134	-0.1577213325442532	0.00028727182067814276	-1	0	2.0952835239834258	90.99596109389499	1.0000679265177912	-288.04836952209774	9.000696263975568	-273.1499938964844	231
DATA	2025-09-15T173000_AIU-0547.ghg	2025-09-15	18:00:00	258.749	1	18000	18000	0.017354929880797097	1	NaN	7.317895799900482	1	NaN	43.92994968198949	1	NaN	3.099748388571694	1	NaN	0.9950940458802698	1	NaN	-0.005682896947466337	1	NaN	NaN	NaN	NaN	NaN	NaN	NaN	NaN	NaN	NaN	4.592874475738798e-11	2.0499195018103554e-12	2.6892463451386853e-13	NaN	14.830383125813853	383.3349976065234	390.00773326518356	0.1	0	661.9186252425241	17.109239354808093	17.40706092666615	0.1	1	0.08683571438491344	2.114976971766203	2.1517925047722333	0	1	NaN	NaN	NaN	NaN	9	295.62868878682457	294.3616380547417	95729.24953103298	1.1256470089982586	1014.9656319136413	0.025565045905784137	0.06448209417304149	0.012059767058208153	1638.2939806525915	2511.9549720382656	0.010713631326520772	65.2198784965973	873.6609913856742	287.54068437387156	0.4500501264969512	-0.3800384974837679	0.23001245489801275	0.6323607398770729	7.713860500974728e-15	3.096935822072198e-15	0.6323607398770729	1.2520499070807225	12.178949174544755	319.82105082545525	21.329823309798652	NaN	0.12416818152464441	0.055185917521410936	-22.148681367463755	-0.1309333026145781	0.16658101939280598	0.051584870191049834	1	8.399850527470475	4	7	12	19	33	88	0.01704528560087778	1.0181659778058147	9.762391420026622	1.0182972509273955	40.38591946714008	1.0877541049358306	2.8496774909937534	1.0877541049358306	0.9148152522384395	1.0877541049358306	-0.010164425290442753	1.1521348827553446	NaN	NaN	800000009	800000009	800000009	800000009	800000019	800000019	899999999	899999999	89999	89999	89	89	0	6	1	18	0	3	1	NaN	0	0	0	0	0	0	0	0	0	NaN	NaN	NaN	NaN	0	0	0	0	0	0	0	0	15474	0	0	0	18000	18000	18000	18000	93	NaN	0.049920947758286455	0.046065783194517325	0.0143851040900181	0.03296592354586431	10.083422214974211	0.13316566679669212	1.674496298045237e-7	NaN	0.008544814876313495	0.07412062353018005	0.023794509071686634	-0.000010164425290442753	NaN	383.33469437538196	17.109102152501094	96115.92384852431	11.40999984741211	14.381326756715804	91.18657030126784	91.10905125342475	91.26409070544773	-0.1550406995589537	0.00028702631999234047	-1	0	2.099998205886946	91.35831990387263	1.0000841537200742	-336.4983715566129	9.000587137566672	-289.94599460177676	091
DATA	2025-09-15T180000_AIU-0547.ghg	2025-09-15	18:30:00	258.77	0	18000	18000	0.01838300033351625	1	NaN	9.604626563256563	0	NaN	33.60473457643662	1	NaN	0.47538977529349546	1	NaN	0.7607386762866689	1	NaN	0.004234163582921054	2	NaN	NaN	NaN	NaN	NaN	NaN	NaN	NaN	NaN	NaN	1.0346955361020739e-10	4.44107348220366e-12	6.007504546314714e-13	NaN	14.888056307180081	384.08025942917857	390.5180746812123	0.1	0	639.0184335428474	16.48531955221033	16.761640552944915	0.1	1	0.08644095082125726	2.098704944139241	2.1338826820395913	0	0	NaN	NaN	NaN	NaN	9	295.0040467537774	293.72261362372507	95728.44045594618	1.1283543121147084	1014.600354883447	0.025509762804413937	0.049295866223376145	0.011645167604980846	1578.537243507334	2415.1613990618057	0.010320488413923835	65.35949291507116	836.6241555544716	286.967466142405	0.48293609291920525	-0.4022130893525572	0.21503977811344935	0.6642625574738269	7.538958616332753e-15	6.949836263065918e-15	0.6642625574738269	1.8782448694961067	11.789207314194357	320.21079268580564	18.88847334722238	NaN	0.12763960486329423	0.09531337639721264	-18.328341612771695	-0.15822489897172146	0.2858117073179103	0.06572862237283984	1	8.565314632725165	4	7	12	19	33	86	0.018066798268614674	1.0175018318243403	11.420494742005104	1.0178735596251371	30.90401740091884	1.0873904884430166	0.43718404781541154	1.0873904884430166	0.6996002672194925	1.0873904884430166	-0.0011393533006059946	1.1515813944536595	NaN	NaN	800000009	800000009	800000009	800000009	800000009	800010009	899999999	899999999	89999	89999	89	89	0	0	1	30	12	0	0	NaN	0	0	0	0	0	0	0	0	0	NaN	NaN	NaN	NaN	0	0	0	0	0	0	0	0	14657	0	0	0	18000	18000	18000	18000	93	NaN	0.06201369392577266	0.10674054303826429	0.02187251583038833	0.07471504522210762	5.898686691088951	0.3483234127243961	7.498129338093349e-8	NaN	0.009975723779980999	0.011339445893922027	0.018145857373227724	-0.0000011393533006059945	NaN	384.080071614583	16.484980813516152	96108.24936827258	11.400276847097608	13.801608989821588	91.2034736052619	91.12964767519632	91.27730018573337	-0.14765855393475938	0.00028746287827380003	-1	0	2.084371105185519	90.31932017894158	1.0000848461853133	-308.63962038675663	9.000703284634485	-273.3922439066569	159
DATA	2025-09-15T183000_AIU-0547.ghg	2025-09-15	19:00:00	258.791	0	18000	18000	0.0690251252278445	1	NaN	62.039221037230696	1	NaN	-55.20063719919024	1	NaN	-2.3555707419254555	2	NaN	-1.249143188642727	1	NaN	0.011108145416378798	2	NaN	NaN	NaN	NaN	NaN	NaN	NaN	NaN	NaN	NaN	8.596645837213443e-11	3.460610076262553e-12	4.961081647378815e-13	NaN	15.165591214135743	390.27210481083745	396.501355659353	0.1	0	610.4962186639158	15.710541110652086	15.961301798740728	0.1	1	0.08751987422630189	2.1203731999499356	2.1542171165202983	0	1	NaN	NaN	NaN	NaN	9	294.5931314112346	293.32505500539145	95727.99740993924	1.130211492840984	1014.1562996976563	0.02547535280479626	-0.08094447862404872	0.011112857114634831	1504.342054368592	2356.603187604483	0.009832546549938828	63.835187115136456	852.2611332358911	286.2285804340837	0.5794028536346457	-0.37690186651713065	0.24327529901136272	0.7327656889437033	-2.4058293837738416e-14	5.6685200832794234e-15	0.7327656889437033	3.573948657193104	5.044023625061868	326.95597637493813	19.389971191367106	NaN	0.24712901717756935	0.20249370929570792	-20.591531660992803	-0.1408345939361841	-1.1238859582972491	0.2190170788442007	0	87.26891441130351	-13.243394447541903	29.956594299370355	74.59615546986699	113.76384382614116	159.55540853656726	239.04307678993	0.0679205385749548	1.016262925413507	58.13241525983293	1.0170900211517258	-50.792535403366024	1.0867864098694333	-2.167464297063168	1.0867864098694333	-1.1493916166956848	1.0867864098694333	-0.0053662700631376195	1.1505904120568586	NaN	NaN	800000009	800000009	800000009	800000009	810010009	811110109	899999999	899999999	89999	89999	89	89	12	11	1	37	20	2	2	NaN	0	0	0	0	0	0	0	0	0	NaN	NaN	NaN	NaN	0	0	0	0	0	0	0	0	15570	0	0	0	18000	18000	18000	18000	93	NaN	0.1971038610450275	0.1623233590100956	0.045560198536292805	0.2143858568365112	4.628495420652051	0.42560401201264736	4.908901099151763e-8	NaN	0.05071702322822774	-0.05609849172954424	-0.029748649696595755	-0.000005366270063137619	NaN	390.2715083453464	15.710128458958655	96107.72588823785	11.406110869513618	13.059461293088049	91.23099620585971	91.15889862675137	91.30309364742703	-0.14419823912406976	0.0002859543351256028	-1	0	2.1065544844494553	90.93920804339918	1.0000889972647031	-273.1499938964844	9.000912407663133	-273.1499938964844	145
DATA	2025-09-15T190000_AIU-0547.ghg	2025-09-15	19:30:00	258.812	0	18000	18000	0.033893756632156845	1	NaN	21.203478141284688	0	NaN	-17.651704126946903	1	NaN	3.0836270446942904	1	NaN	-0.3992612130233932	1	NaN	0.003836106558080081	1	NaN	NaN	NaN	NaN	NaN	NaN	NaN	NaN	NaN	NaN	8.8524783631633e-11	3.75059219864847e-12	5.070556764841371e-13	NaN	15.271866777172082	392.2829261157358	398.91290995279974	0	0	647.0339948144504	16.620128533439626	16.901025753815002	0.1	1	0.08747478866593376	2.1155290045032364	2.1512836146912884	-0.1	0	NaN	NaN	NaN	NaN	9	294.22033095804846	292.85403271823463	95734.9085609809	1.131719329287245	1014.6572636171362	0.02543260827860403	-0.025872126603915878	0.011776012826652946	1591.553288256848	2288.8351169587067	0.0104054181296607	69.53551509519073	697.2818287018588	287.093928353992	0.6704768493512804	-0.1823528669166393	0.27299223244809084	0.7465363571626689	5.462835458674438e-14	5.796592186356492e-15	0.7465363571626689	3.890852505125161	347.21498708015304	344.78501291984696	21.449339532279616	NaN	0.17305752432471924	0.22534060290529234	-20.693535025991757	-0.14014038666460346	-1.2012142277478854	0.10669855011887293	1	6.309731565900654	3	5	9	15	25	67	0.03335867554569092	1.016040237740645	19.94790294825799	1.0169503266210456	-16.243553834200362	1.0866897913547537	2.837633213476678	1.0866897913547537	-0.3674104755559012	1.0866897913547537	-0.0018651365613548971	1.1504196049639104	NaN	NaN	800000009	800000009	800000009	800000009	800010119	800110119	899999999	899999999	89999	89999	89	89	2	0	3	13	10	0	2	NaN	0	0	0	0	0	0	0	0	0	NaN	NaN	NaN	NaN	0	0	0	0	0	0	0	0	16742	0	0	0	18000	18000	18000	18000	93	NaN	0.09307644413236603	0.3188337687059592	0.038770992972259444	0.13485423421042889	4.059759330861291	0.5477027325003477	5.8077139120915236e-8	NaN	0.01737157294752312	0.07338846688777691	-0.009502176458711735	-0.0000018651365613548972	NaN	392.28183934105755	16.619599879824545	96115.5524439019	11.420000076293945	13.923234398047182	91.23907430352105	91.16781685087416	91.31033046764797	-0.14251006421405402	0.00028565149987439827	-1	0	2.100942326923211	90.32228467971925	1.0000928297142189	-273.24689390055335	9.000914157205157	-273.1499938964844	074
DATA	2025-09-15T193000_AIU-0547.ghg	2025-09-15	20:00:00	258.833	0	18000	18000	0.049823285016105	1	NaN	22.68776798772676	1	NaN	-47.23434352023166	1	NaN	5.170706982048915	1	NaN	-1.0681107929978921	1	NaN	-0.011629674674621938	1	NaN	NaN	NaN	NaN	NaN	NaN	NaN	NaN	NaN	NaN	5.577827049730106e-12	2.2683840797044153e-13	3.140103984763216e-14	NaN	15.55690778458976	399.0852163162991	405.6692073398173	0	0	632.6664780633638	16.229950177122994	16.497707142075647	0.1	1	0.08757946004680785	2.115117297818854	2.150011883569408	-0.4	0	NaN	NaN	NaN	NaN	9	293.8949493394067	292.5868799922434	95749.13101931424	1.1330891585436533	1014.4319844025796	0.025405633391751836	-0.06921357938626341	0.011511766020277132	1554.4204709684714	2251.161818032303	0.010159629481472645	69.04969951592197	696.7413470638317	286.7307079912258	0.6809588820674656	-0.1258288546399003	0.25658178565943324	0.7384931363653402	-2.25855626718099e-14	3.5854342822905635e-16	0.7384931363653402	4.487625898388817	342.469133251122	349.530866748878	20.330791479873962	NaN	0.2096930985852922	0.34413163685367554	-34.406862865854244	-0.084285510460705	-0.48032355902245194	0.09412838710299262	0	78.31967536284729	-11.885312895553454	26.884610130996627	66.94648053235939	102.0976068809557	143.19334534258664	214.52972456706254	0.04903050329898329	1.0161691531552797	19.717046414788776	1.0170312933892443	-43.46405363171328	1.0867450127975964	4.757976269647668	1.0867450127975964	-0.9828531812152195	1.0867450127975964	-0.014596445211459946	1.1505180923049696	NaN	NaN	800000009	800000009	800000009	800000009	801110019	801111119	899999999	899999999	89999	89999	89	89	0	14	6	28	19	2	3	NaN	0	0	0	0	0	0	0	0	0	NaN	NaN	NaN	NaN	0	0	0	0	0	0	0	0	11716	0	0	0	18000	18000	18000	18000	93	NaN	0.20133449158650993	0.4439377238726737	0.042991058248167346	0.20265335214177999	19.02051693811898	0.6022097480106299	1.1331240391920777e-7	NaN	0.017153582704785904	0.12287417750655644	-0.025382067796749536	-0.000014596445211459947	NaN	399.0850864766442	16.229369419906867	96132.55594552952	11.420000076293945	13.558574260570953	91.23608213727698	91.16578447559898	91.30637845029236	-0.14058460282480909	0.00028559287530758107	-1	0	2.100856239530775	90.50288511695933	1.0000911117394766	-273.1499938964844	9.000849363009134	-273.1499938964844	144
DATA	2025-09-15T200000_AIU-0547.ghg	2025-09-15	20:30:00	258.854	0	18000	18000	0.06211498192558294	1	NaN	28.728632349556428	1	NaN	-60.4390400041263	1	NaN	-3.929777026849867	1	NaN	-1.3662081799486228	1	NaN	-0.006413275587074875	1	NaN	NaN	NaN	NaN	NaN	NaN	NaN	NaN	NaN	NaN	1.0204626986661394e-10	4.083631044683872e-12	5.673423317979698e-13	NaN	15.769969242051465	403.76493581653807	410.3959666451943	0.1	0	631.0738849614748	16.15764132104397	16.422998235956697	0.1	1	0.08767563120006687	2.113669183909648	2.1483819691883927	0	1	NaN	NaN	NaN	NaN	9	293.5029658796522	292.20748378668884	95777.92914366319	1.134932798160257	1014.3832741280958	0.025365061052411205	-0.08853029006067074	0.011478809413953281	1547.9605382539698	2198.59332517918	0.010114087312095132	70.4068606288439	650.63278692521	286.6667415340502	0.6202507043947394	0.2212785553729537	0.29584502093313503	0.7219414185244191	-2.022825349267683e-15	6.4709238363320405e-15	0.7219414185244191	1.9341707565958262	312.3658038722792	19.63419612772081	24.191699908731525	NaN	0.2339446447737306	0.16305754410747667	-37.73924028789254	-0.07684309429329912	-0.47533237370406717	0.10666688607323986	0	89.17401741387422	-13.532501178116433	30.610554511107917	76.22460886274509	116.24733799951541	163.03854442670547	244.26144906381788	0.0611101189854004	1.0164434787047725	24.931977939139582	1.0172037040915909	-55.60848537622712	1.0868672217057769	-3.6156919155978438	1.0868672217057769	-1.257014796898959	1.0868672217057769	-0.010839160544951045	1.150730892519417	NaN	NaN	800000009	800000009	800000009	800000009	800000019	800000019	899999999	899999999	89999	89999	89	89	0	0	0	5	7	0	2	NaN	0	0	0	0	0	0	0	0	0	NaN	NaN	NaN	NaN	0	0	0	0	0	0	0	0	17107	0	0	0	18000	18000	18000	18000	93	NaN	0.13690765645565997	0.15052467270943445	0.038682759049858885	0.057715761762307	9.194757986725925	0.48312228065972307	1.3489409455996682e-7	NaN	0.021656312393419454	-0.09321884689973453	-0.03240803493166259	-0.000010839160544951046	NaN	403.76380316298076	16.15717431133117	96159.63400716145	11.420000076293945	13.49737445343868	91.24970555305481	91.18017508676317	91.31923723220825	-0.13906133992142164	0.0002850271146421113	-1	0	2.0994616053303083	90.17976668464227	1.0001011762254768	-273.1499938964844	9.00094583415985	-273.1499938964844	158
DATA	2025-09-15T203000_AIU-0547.ghg	2025-09-15	21:00:00	258.874	0	18000	18000	0.08506631917829996	1	NaN	30.608752691443684	1	NaN	-10.659429977019082	1	NaN	3.196491013544542	1	NaN	-0.24084456044373792	1	NaN	0.00596517542547367	2	NaN	NaN	NaN	NaN	NaN	NaN	NaN	NaN	NaN	NaN	5.849107368088157e-11	2.3446153049990053e-12	3.240161323299006e-13	NaN	15.993730044178315	408.77755165095374	415.587303899594	0.1	1	641.1088373961561	16.38585246647847	16.658821457140583	0.1	1	0.08859858820025478	2.131526092643325	2.167034805251907	0.2	0	NaN	NaN	NaN	NaN	9	293.0444768693711	291.7387874569363	95804.18332465278	1.136969015075923	1014.5019929892825	0.025317435990217588	-0.015606727516754217	0.011662834523179932	1570.2543047707231	2135.1379823308284	0.010257829693275437	73.54345797626397	564.8836775601053	286.8865120167174	0.8117350601915413	0.24558082968823636	0.29217378448159587	0.8969890033845535	-2.4323231676724065e-14	3.657125230907108e-15	0.8969890033845535	2.5213532566190784	315.167431046413	16.83256895358699	19.009642586579066	NaN	0.273529710582984	0.3254523559594553	-56.62846238400528	-0.051210996695172595	-2.871518716988978	0.09701515738716766	0	94.40509594215196	-14.326337526412706	32.40621449240667	80.69605611063186	123.06657718391148	172.60262434332364	258.5901835824552	0.08388834060968332	1.01404222040936	29.684439082945843	1.0157198823165354	-9.814729583259362	1.08606456108587	2.943186922836911	1.08606456108587	-0.2217589718634558	1.08606456108587	-0.0033068099387925064	1.1490231925561538	NaN	NaN	800000009	800000009	800000009	800000009	800010009	800011019	899999999	899999999	89999	89999	89	89	1	0	0	22	4	0	0	NaN	0	0	0	0	0	0	0	0	0	NaN	NaN	NaN	NaN	0	0	0	0	0	0	0	0	15414	0	0	0	18000	18000	18000	18000	93	NaN	0.34589852520413783	0.2591489929116349	0.0458571938031379	0.13276687326495207	10.748542569792047	0.33188989963326787	8.440177547203629e-8	NaN	0.025735186092762628	0.07575559957528981	-0.005707922845254778	-0.0000033068099387925066	NaN	408.7763612786296	16.3855288807727	96185.91084939236	11.381106780052185	13.721157961739433	91.2639730635749	91.19603734185961	91.33190979131062	-0.13587225306572168	0.00028419272179598914	-1	0	2.116975164976385	90.79287120661282	1.0001101164387332	-273.1499938964844	9.001026453706952	-273.1499938964844	254
DATA	2025-09-15T210000_AIU-0547.ghg	2025-09-15	21:30:00	258.895	0	18000	18000	0.08206313885358628	1	NaN	23.039891999663713	1	NaN	-13.530159524584821	1	NaN	4.462396414880701	1	NaN	-0.3056474713525183	1	NaN	-0.012330932475640422	1	NaN	NaN	NaN	NaN	NaN	NaN	NaN	NaN	NaN	NaN	1.4973197506062902e-10	5.9944620985367634e-12	8.177145399886555e-13	NaN	16.147481525632692	412.1555922622101	419.070460539671	0.1	1	646.4582194486758	16.50049079707512	16.77732489205603	0.1	1	0.08818444037996234	2.1196750920447376	2.155237569729571	0	0	NaN	NaN	NaN	NaN	9	292.85561478508845	291.5360085695055	95822.42169314236	1.1379267979644805	1014.5624625464683	0.02529502315239788	-0.019805956143643184	0.011754836019182199	1581.5411051954914	2108.185350152787	0.010330045869566661	75.01907292358672	526.6442449572958	286.9967324244011	0.5647346923721619	0.1033822355112269	0.27156792579278805	0.6351080992298628	-3.7303800565350825e-14	9.272775746666304e-15	0.6351080992298628	2.057925957836141	321.6261077198858	10.37389228011418	25.314917383418713	NaN	0.26854489421527455	0.21990780512049393	-71.20379017202232	-0.04072816900608585	-1.7028544236894874	0.07431396340847668	0	94.38834844351828	-14.32379602888278	32.40046561807401	80.6817406006907	123.0447451279968	172.57200457448056	258.5443095890758	0.08060369920023024	1.0181063607233534	21.975228895478477	1.0182590707846404	-12.439004982231442	1.087720403996304	4.10252156573121	1.087720403996304	-0.28099819607094256	1.087720403996304	-0.017463734688580392	1.1520846998438283	NaN	NaN	800000009	800000009	800000009	800000009	800000019	800001019	899999999	899999999	89999	89999	89	89	0	0	0	16	4	0	3	NaN	0	0	0	0	0	0	0	0	0	NaN	NaN	NaN	NaN	0	0	0	0	0	0	0	0	17107	0	0	0	18000	18000	18000	18000	93	NaN	0.20544912148409014	0.1901458624457679	0.04422062631112983	0.04738620446902342	4.998727463090307	0.1334477469530623	7.54960916175972e-8	NaN	0.019034448244523047	0.10551489251891003	-0.007227139207286179	-0.00001746373468858039	NaN	412.1554193119981	16.500356601128228	96209.30607617188	11.389166699515451	13.837225883536867	91.26808756256104	91.20112594731648	91.33504642613728	-0.13392219693089555	0.0002836951146406743	-1	0	2.1050965630677014	90.28626998347654	1.0001009180545808	-273.1499938964844	9.000877218087513	-273.1499938964844	082
DATA	2025-09-15T213000_AIU-0547.ghg	2025-09-15	22:00:00	258.916	0	18000	18000	0.097571524016297	1	NaN	38.641582285754026	1	NaN	-5.507099250543499	2	NaN	-0.4702189640893984	2	NaN	-0.12439948075946759	2	NaN	-0.016844354232007953	1	NaN	NaN	NaN	NaN	NaN	NaN	NaN	NaN	NaN	NaN	2.601589317786717e-12	1.045951276128668e-13	1.4229110275928748e-14	NaN	16.131494521342745	411.731237771663	418.6614981926348	0.1	1	648.5557564794829	16.55337414806423	16.83200055084275	0.1	1	0.08822945762054522	2.120251847652211	2.1559399279198184	0	0	NaN	NaN	NaN	NaN	9	292.7993457141453	291.4829607891123	95846.28484999236	1.1383944201989813	1014.5912421827313	0.025284123842603725	-0.0080610863532135	0.011797593189936223	1587.0049969562983	2101.1838062008187	0.010363361749325957	75.52908947198605	514.1788092445204	287.0498414357695	0.6940995014692707	0.403626979284919	0.2913781998535638	0.8541604718649498	3.724354218681695e-14	1.6127391757438772e-16	0.8541604718649498	2.0988228371211464	301.821498024219	30.178501975780964	19.945623273146488	NaN	0.29276230987031754	0.2346429706761896	-55.01792897901579	-0.05271009021633801	-7.0166852870756715	0.11427622061816774	0	94.78440605048627	-14.3838992987402	32.53641937814029	81.02028468621883	123.56104621927548	173.29612419611306	259.6291727341526	0.09617309617107903	1.0145407385318068	37.91995700204465	1.016022200859844	-5.070189561237887	1.0861722592476284	-0.4329138035757887	1.0861722592476284	-0.11453015826940456	1.0861722592476284	-0.026929322634682548	1.1493435545517456	NaN	NaN	800000009	800000009	800000009	800000019	800000019	800000019	899999999	899999999	89999	89999	89	89	1	0	0	4	6	0	11	NaN	0	0	0	0	0	0	0	0	0	NaN	NaN	NaN	NaN	0	3	0	0	0	0	0	0	16510	0	0	0	18000	18000	18000	18000	93	NaN	0.28082681427404105	0.13645052802594848	0.052008599052389665	0.07594562087890905	13.828659243870895	0.17781301179576087	7.936584155750016e-8	NaN	0.03283098922549089	-0.01113013696506899	-0.002944550018133894	-0.00002692932263468255	NaN	411.7302699966213	16.553197947030046	96232.35241775174	11.40999984741211	13.889071590582558	91.24440931828816	91.17888738123575	91.3099343117608	-0.13104861717257227	0.00028404632841314497	-1	0	2.105634911580769	86.14596720773177	1.0001047542360093	-273.1499938964844	9.000977825721105	-273.1499938964844	081
DATA	2025-09-15T220000_AIU-0547.ghg	2025-09-15	22:30:00	258.937	0	18000	18000	0.06665720567860903	1	NaN	29.281296426073737	1	NaN	5.109122856640535	2	NaN	0.7918781846631014	2	NaN	0.11538525122226033	2	NaN	-0.01416993936849551	1	NaN	NaN	NaN	NaN	NaN	NaN	NaN	NaN	NaN	NaN	1.358865011900295e-10	5.456732167804096e-12	7.451678379629513e-13	NaN	16.174711873459984	412.553588095635	419.5033857520769	0.3	0	649.5205175784452	16.566726020535963	16.84580587099589	0.1	1	0.08869810445383829	2.1293872923821953	2.1652585373338313	0.2	0	NaN	NaN	NaN	NaN	9	292.57278551991783	291.2640433197022	95854.31646072048	1.1393397277956485	1014.5943555064206	0.02526301731182156	0.007476964279202469	0.011816973575257529	1588.4181607875264	2072.5048714821855	0.01037177348157653	76.64243315633527	484.08671069465913	287.0635512172023	0.6416398399095672	0.2719730253289515	0.26649328888144597	0.7461164008950447	-2.9453477503303284e-15	8.40116981700284e-15	0.7461164008950447	1.911599862501263	309.0292824604528	22.970717539547234	20.926735341766822	NaN	0.241878313218351	0.15762319473386258	-40.948617789716536	-0.07082046126422073	5.731178765453966	0.10472435322289576	0	89.65233686111085	-13.60508799960283	30.774746098949084	76.63346913207488	116.87087570777622	163.91306492841736	245.57164013388225	0.06560445721109709	1.0160469046199785	29.237441862015057	1.0169545112507257	4.7015344648879	1.0866926308413976	0.7287048445796223	1.0866926308413976	0.1061802095160253	1.0866926308413976	-0.02230277130005158	1.1504246604683455	NaN	NaN	800000009	800000009	800000009	800000009	800000019	800001019	899999999	899999999	89999	89999	89	89	5	4	0	21	0	0	3	NaN	0	0	0	0	0	0	0	0	0	NaN	NaN	NaN	NaN	0	0	0	0	0	0	0	0	17802	0	0	0	18000	18000	18000	18000	93	NaN	0.16000848015566113	0.11443633835942739	0.040801570952636645	0.0526912626993057	7.784114096562125	0.08051493455009896	6.291582712062523e-8	NaN	0.02529261237490133	0.018719486901130206	0.0027276325332256197	-0.00002230277130005158	NaN	412.55328273333373	16.566642154553925	96241.31863064236	11.40999984741211	13.905292554643411	91.24324303160773	91.17869669469198	91.30778792529635	-0.1290896444453133	0.0002833357213951079	-1	0	2.114685301621755	86.32689499452393	1.0001070514867703	-273.1499938964844	9.000963748719958	-273.1499938964844	162
DATA	2025-09-15T223000_AIU-0547.ghg	2025-09-15	23:00:00	258.958	0	18000	18000	0.041367087025624145	1	NaN	28.850377673310195	1	NaN	2.040657100362476	2	NaN	2.6212758442506394	1	NaN	0.04607329144978941	2	NaN	-0.00010092744638099935	1	NaN	NaN	NaN	NaN	NaN	NaN	NaN	NaN	NaN	NaN	1.947467182807686e-10	7.904908113851509e-12	1.0707566958670449e-12	NaN	16.227801899722255	413.64723570650193	420.7110739906693	0.1	1	658.6980465680949	16.790236152243672	17.07696238342435	0.1	1	0.08922372452140803	2.1393108741467257	2.1758438054709797	0.2	0	NaN	NaN	NaN	NaN	9	292.29244853973387	290.96618518829354	95849.69126150174	1.1403540285395195	1014.7145253737236	0.025238400164019174	0.0029855492859463535	0.011988083978428717	1609.7706395377209	2034.0354527758702	0.010512598437331046	79.14171984273182	424.2648132381494	287.2694075473551	0.8494026476491084	0.5155156542495853	0.2847606653104631	1.0336004470383107	-6.644067540481532e-15	1.2000806978306888e-14	1.0336004470383107	2.3954612608406305	300.745786239444	31.254213760556002	15.992028896601504	NaN	0.19046168378575543	0.15122014544388745	-20.29128937545379	-0.14291846842951766	14.137788101776426	0.13090622677576694	1	9.257636354314576	4	8	13	21	36	95	0.04084722132402132	1.0127270762796563	28.695039085090244	1.0149451146286372	1.8790397298304349	1.086010619129711	2.413674229402318	1.086010619129711	0.0424243470903727	1.086010619129711	-0.00916958606638764	1.1483155657302635	NaN	NaN	800000009	800000009	800000009	800000009	800000009	800001019	899999999	899999999	89999	89999	89	89	5	0	0	13	15	0	6	NaN	0	0	0	0	0	0	0	0	0	NaN	NaN	NaN	NaN	0	0	0	0	0	0	0	0	17405	0	0	0	18000	18000	18000	18000	93	NaN	0.14865439552805304	0.1244494211422349	0.029336474217487	0.06434128458205009	4.380212014481795	0.06469072773331949	9.296855414187235e-8	NaN	0.024798376094245355	0.06195784191031487	0.0010890123274111111	-0.00000916958606638764	NaN	413.6468311061632	16.79016787736002	96234.13922005208	11.40999984741211	14.111040057288275	91.23962014007569	91.17571489842733	91.30352470270793	-0.1278079972594148	0.0002834055655597088	-1	0	2.1243347172935807	72.90667287856786	1.0001183281242847	-273.1499938964844	9.00109053791894	-273.1499938964844	204
DATA	2025-09-15T230000_AIU-0547.ghg	2025-09-15	23:30:00	258.979	0	18000	18000	0.11918165907138513	1	NaN	51.99758383647637	1	NaN	-148.03217461150376	1	NaN	-13.625263513165768	1	NaN	-3.343082938310152	1	NaN	-0.06181914527146647	1	NaN	NaN	NaN	NaN	NaN	NaN	NaN	NaN	NaN	NaN	3.997995130414687e-11	1.602077803298691e-12	2.2119291179301786e-13	NaN	16.087565826189543	409.94325758606215	416.78997421921656	0.1	1	644.661418498814	16.427258467482577	16.701620300992737	0.1	1	0.08900599957428201	2.136364204896194	2.1720449486710027	0.1	0	NaN	NaN	NaN	NaN	9	292.53804928927946	291.23319452944725	95848.19715558673	1.1394481357275779	1014.515080796447	0.025261954331675114	-0.21663177440249784	0.011717985028767842	1574.9454574731606	2068.49127098854	0.010283912590093884	76.1398164721521	493.5458135153792	286.9324074360027	0.480640207907516	0.09432026953107672	0.2587647035166139	0.5539589285206933	4.447868005149939e-14	2.4851460896005805e-15	0.5539589285206933	2.407591502563014	320.89742763180595	11.10257236819405	27.847442161890942	NaN	0.32341296971718325	0.2649555002292226	-55.118476258389414	-0.05261393632155424	-0.3512586636853714	0.1390825556061165	0	87.08518760619356	-13.215513196043918	29.893526832567016	74.43910856020372	113.52433737984008	159.21949734016718	238.5398206066885	0.11683282425314355	1.0201042372574365	42.85194645894786	1.0195438698005936	-135.94307120838295	1.0889276908022019	-12.512551226544874	1.0889276908022019	-3.0700688085609587	1.0889276908022019	-0.06301925050324834	1.1538144537275155	NaN	NaN	800000009	800000009	800000009	800000019	800000019	800111019	899999999	899999999	89999	89999	89	89	0	0	0	38	28	0	3	NaN	0	0	0	0	0	0	0	0	0	NaN	NaN	NaN	NaN	0	2	0	0	0	0	0	0	14970	0	0	0	18000	18000	18000	18000	93	NaN	0.22651476775563512	0.22495558105098523	0.07844065165182483	0.2855922336762288	25.00127477820447	0.49079382239703734	1.9046420015406647e-7	NaN	0.03706956452803062	-0.32137217758988434	-0.07885160112391079	-0.00006301925050324834	NaN	409.94222576794795	16.426783766863803	96236.39753146701	11.390554774019453	13.763933580160183	91.22186194144356	91.15729985512627	91.28642446306017	-0.12911570861066374	0.0002831106512846115	-1	0	2.121725076186486	87.38322631814763	1.0000941239545742	-368.3542478942774	9.000817471027375	-273.1499938964844	114
