DATAH	filename	date	time	DOY	daytime	file_records	used_records	Tau	qc_Tau	rand_err_Tau	H	qc_H	rand_err_H	LE	qc_LE	rand_err_LE	co2_flux	qc_co2_flux	rand_err_co2_flux	h2o_flux	qc_h2o_flux	rand_err_h2o_flux	ch4_flux	qc_ch4_flux	rand_err_ch4_flux	none_flux	qc_none_flux	rand_err_none_flux	H_strg	LE_strg	co2_strg	h2o_strg	ch4_strg	none_strg	co2_v-adv	h2o_v-adv	ch4_v-adv	none_v-adv	co2_molar_density	co2_mole_fraction	co2_mixing_ratio	co2_time_lag	co2_def_timelag	h2o_molar_density	h2o_mole_fraction	h2o_mixing_ratio	h2o_time_lag	h2o_def_timelag	ch4_molar_density	ch4_mole_fraction	ch4_mixing_ratio	ch4_time_lag	ch4_def_timelag	none_molar_density	none_mole_fraction	none_mixing_ratio	none_time_lag	none_def_timelag	sonic_temperature	air_temperature	air_pressure	air_density	air_heat_capacity	air_molar_volume	ET	water_vapor_density	e	es	specific_humidity	RH	VPD	Tdew	u_unrot	v_unrot	w_unrot	u_rot	v_rot	w_rot	wind_speed	max_wind_speed	wind_dir	yaw	pitch	roll	u*	TKE	L	(z-d)/L	bowen_ratio	T*	model	x_peak	x_offset	x_10%	x_30%	x_50%	x_70%	x_90%	un_Tau	Tau_scf	un_H	H_scf	un_LE	LE_scf	un_co2_flux	co2_scf	un_h2o_flux	h2o_scf	un_ch4_flux	ch4_scf	un_none_flux	un_none_scf	spikes_hf	amplitude_resolution_hf	drop_out_hf	absolute_limits_hf	skewness_kurtosis_hf	skewness_kurtosis_sf	discontinuities_hf	discontinuities_sf	timelag_hf	timelag_sf	attack_angle_hf	non_steady_wind_hf	u_spikes	v_spikes	w_spikes	ts_spikes	co2_spikes	h2o_spikes	ch4_spikes	none_spikes	head_detect_LI-7200	t_out_LI-7200	t_in_LI-7200	aux_in_LI-7200	delta_p_LI-7200	chopper_LI-7200	detector_LI-7200	pll_LI-7200	sync_LI-7200	chopper_LI-7500	detector_LI-7500	pll_LI-7500	sync_LI-7500	not_ready_LI-7700	no_signal_LI-7700	re_unlocked_LI-7700	bad_temp_LI-7700	laser_temp_unregulated_LI-7700	block_temp_unregulated_LI-7700	motor_spinning_LI-7700	pump_on_LI-7700	top_heater_on_LI-7700	bottom_heater_on_LI-7700	calibrating_LI-7700	motor_failure_LI-7700	bad_aux_tc1_LI-7700	bad_aux_tc2_LI-7700	bad_aux_tc3_LI-7700	box_connected_LI-7700	mean_value_RSSI_LI-7200	mean_value_LI-7500	u_var	v_var	w_var	ts_var	co2_var	h2o_var	ch4_var	none_var	w/ts_cov	w/co2_cov	w/h2o_cov	w/ch4_cov	w/none_cov	co2_mean	h2o_mean	air_p_mean	vin_sf_mean	dew_point_mean	avg_signal_strength_7200_mean	co2_signal_strength_7200_mean	h2o_signal_strength_7200_mean	delta_signal_strength_7200_mean	flowrate_mean	hit_power_mean	hit_vin_mean	ch4_mean	rssi_77_mean	ch4_aux-1_mean	ch4_aux-2_mean	ch4_aux-3_mean	ch4_aux-4_mean	CHK
DATAU		[yyyy-mm-dd]	[HH:MM]	[ddd.ddd]	[1=daytime]	[#]	[#]	[kg+1m-1s-2]	[#]	[kg+1m-1s-2]	[W+1m-2]	[#]	[W+1m-2]	[W+1m-2]	[#]	[W+1m-2]	[µmol+1s-1m-2]	[#]	[µmol+1s-1m-2]	[mmol+1s-1m-2]	[#]	[mmol+1s-1m-2]	[µmol+1s-1m-2]	[#]	[µmol+1s-1m-2]	[µmol+1s-1m-2]	[#]	[µmol+1s-1m-2]	[W+1m-2]	[W+1m-2]	[µmol+1s-1m-2]	[mmol+1s-1m-2]	[µmol+1s-1m-2]	[µmol+1s-1m-2]	[µmol+1s-1m-2]	[mmol+1s-1m-2]	[µmol+1s-1m-2]	[µmol+1s-1m-2]	[mmol+1m-3]	[µmol+1mol_a-1]	[µmol+1mol_d-1]	[s]	[1=default]	[mmol+1m-3]	[mmol+1mol_a-1]	[mmol+1mol_d-1]	[s]	[1=default]	[mmol+1m-3]	[µmol+1mol_a-1]	[µmol+1mol_d-1]	[s]	[1=default]	[mmol+1m-3]	[µmol+1mol_a-1]	[µmol+1mol_d-1]	[s]	[1=default]	[K]	[K]	[Pa]	[kg+1m-3]	[J+1kg-1K-1]	[m+3mol-1]	[mm]	[kg+1m-3]	[Pa]	[Pa]	[kg+1kg-1]	[%]	[Pa]	[K]	[m+1s-1]	[m+1s-1]	[m+1s-1]	[m+1s-1]	[m+1s-1]	[m+1s-1]	[m+1s-1]	[m+1s-1]	[deg_from_north]	[deg]	[deg]	[deg]	[m+1s-1]	[m+2s-2]	[m]	[#]	[#]	[K]	[0=KJ/1=KM/2=HS]	[m]	[m]	[m]	[m]	[m]	[m]	[m]	[kg+1m-1s-2]	[#]	[W+1m-2]	[#]	[W+1m-2]	[#]	[µmol+1s-1m-2]	[#]	[mmol+1s-1m-2]	[#]	[µmol+1s-1m-2]	[#]	[µmol+1s-1m-2]	[#]	8u/v/w/ts/co2/h2o/ch4/none	8u/v/w/ts/co2/h2o/ch4/none	8u/v/w/ts/co2/h2o/ch4/none	8u/v/w/ts/co2/h2o/ch4/none	8u/v/w/ts/co2/h2o/ch4/none	8u/v/w/ts/co2/h2o/ch4/none	8u/v/w/ts/co2/h2o/ch4/none	8u/v/w/ts/co2/h2o/ch4/none	8co2/h2o/ch4/none	8co2/h2o/ch4/none	8aa	8U	[#]	[#]	[#]	[#]	[#]	[#]	[#]	[#]	[#_flagged_recs]	[#_flagged_recs]	[#_flagged_recs]	[#_flagged_recs]	[#_flagged_recs]	[#_flagged_recs]	[#_flagged_recs]	[#_flagged_recs]	[#_flagged_recs]	[#_flagged_recs]	[#_flagged_recs]	[#_flagged_recs]	[#_flagged_recs]	[#_flagged_recs]	[#_flagged_recs]	[#_flagged_recs]	[#_flagged_recs]	[#_flagged_recs]	[#_flagged_recs]	[#_flagged_recs]	[#_flagged_recs]	[#_flagged_recs]	[#_flagged_recs]	[#_flagged_recs]	[#_flagged_recs]	[#_flagged_recs]	[#_flagged_recs]	[#_flagged_recs]	[#_flagged_recs]	[#]	[#]	[m+2s-2]	[m+2s-2]	[m+2s-2]	[K+2]	--	--	--	--	[m+1s-1K+1]	--	--	--	--	--	--	--	--	--	--	--	--	--	--	--	--	--	--	--	--	--	--	207
DATA	2025-09-11T233000_AIU-0547.ghg	2025-09-12	00:00:00	255	0	18000	18000	0.03463657538102805	1	NaN	43.49554075141055	0	NaN	NaN	NaN	NaN	NaN	NaN	NaN	NaN	NaN	NaN	-0.005247208269493684	0	NaN	NaN	NaN	NaN	NaN	NaN	NaN	NaN	NaN	NaN	NaN	NaN	-1.428655631708491e-13	NaN	NaN	NaN	NaN	NaN	0	NaN	NaN	NaN	NaN	0	0.08791929367729465	2.2038562701898843	2.2038562701898843	-0.1	0	NaN	NaN	NaN	NaN	9	289.88482539198134	288.64993766513146	95737.57242832176	1.1554962002500617	1005.4433708636321	0.025066810457771403	NaN	NaN	NaN	NaN	NaN	NaN	NaN	NaN	1.2368328475318875	0.8117165426148434	0.34673442273850075	1.5194946522446728	-1.768805894585704e-14	-1.6249625900684919e-15	1.5194946522446728	3.0037644961913608	298.7236553888177	33.27634461118232	13.190569197554444	NaN	0.17313433848000212	0.16448597592960307	-10.073028723140899	-0.28789752116340067	NaN	0.21623967794061766	1	17.462046916667543	8	14	24	36	60	144	0.03429280483634852	1.0100245677284219	42.91267276860862	1.0135826539154258	NaN	1	NaN	1	NaN	1	-0.004569860535457065	1.1482206576724059	NaN	NaN	800009909	800009909	800009909	800009919	800009919	800019919	899999999	899999999	89999	89999	89	89	6	4	0	39	0	0	1	NaN	0	0	0	0	0	0	0	0	0	NaN	NaN	NaN	NaN	0	0	0	0	0	0	101	0	16015	0	0	21	18000	18000	18000	18000	6	NaN	0.12130029946174889	0.1542939586188544	0.05337769377860283	0.08655990857256081	NaN	NaN	4.6166919299646795e-8	NaN	0.036936813637007494	NaN	NaN	-0.0000045698605354570655	NaN	NaN	NaN	96119.98949782985	11.399942556063332	NaN	0	0	0	0	0.00028134860812699326	-1	0	2.0713996604879696	60.57259704738204	1.0001879758603043	-273.1499938964844	9.00118922082583	-273.1499938964844	006
DATA	2025-09-12T000000_AIU-0547.ghg	2025-09-12	00:30:00	255.02	0	18000	18000	0.060239494913979064	0	NaN	6.071469880363437	2	NaN	NaN	NaN	NaN	NaN	NaN	NaN	NaN	NaN	NaN	0.0013621534210028535	2	NaN	NaN	NaN	NaN	NaN	NaN	NaN	NaN	NaN	NaN	NaN	NaN	9.426346246812796e-13	NaN	NaN	NaN	NaN	NaN	0	NaN	NaN	NaN	NaN	0	0.08776693207375971	2.2035937337835634	2.2035937337835634	0.1	0	NaN	NaN	NaN	NaN	9	290.4096301515369	289.1562619196573	95750.7117421875	1.153631185994364	1005.4550726432242	0.025107334638650163	NaN	NaN	NaN	NaN	NaN	NaN	NaN	NaN	0.7409404883424873	0.3897299233517098	0.2604280362201348	0.8767582234974379	3.460931444981213e-14	1.0740202516012357e-14	0.8767582234974379	3.3942577977521267	304.2559189638661	27.74408103613386	17.279615844483864	NaN	0.22851102954941804	0.35396671294923715	-165.9321101014077	-0.017477027190383434	NaN	0.02290640951058643	0	70.36381699161427	-10.677980693820805	24.153621403360898	60.145932456790895	91.72634197691308	128.6474988490873	192.73739591953057	0.05939187053950461	1.014271723836525	5.976687995755962	1.015858596713561	NaN	1	NaN	1	NaN	1	0.0011853391320562456	1.1491676805100348	NaN	NaN	800009909	800009909	800009909	800009909	800019919	800119919	899999999	899999999	89999	89999	89	89	3	1	5	43	0	0	3	NaN	0	0	42	0	0	0	0	0	0	NaN	NaN	NaN	NaN	0	0	0	0	0	0	0	0	15719	0	0	0	18000	18000	18000	18000	6	NaN	0.2828138053749488	0.3583885770624794	0.06673104346104605	0.5271345307798624	NaN	NaN	1.307028268745866e-7	NaN	0.005152653368764676	NaN	NaN	0.0000011853391320562455	NaN	NaN	NaN	96138.42772677951	11.430000305175781	NaN	0	0	0	0	0.0002801539470965508	-1	0	2.072553285052379	71.60384426063976	1.000177513408992	-273.1499938964844	9.00117694955402	-273.1499938964844	129
DATA	2025-09-12T003000_AIU-0547.ghg	2025-09-12	01:00:00	255.041	0	18000	18000	0.09304630399126884	1	NaN	91.39917252123196	1	NaN	NaN	NaN	NaN	NaN	NaN	NaN	NaN	NaN	NaN	-0.015242685444000098	1	NaN	NaN	NaN	NaN	NaN	NaN	NaN	NaN	NaN	NaN	NaN	NaN	7.798006775104143e-13	NaN	NaN	NaN	NaN	NaN	0	NaN	NaN	NaN	NaN	0	0.0874989791240099	2.203250518907233	2.203250518907233	0.8	0	NaN	NaN	NaN	NaN	9	291.27444187418615	290.00424092356366	95753.23910112848	1.1502883034236224	1005.4750118720023	0.025180299712807237	NaN	NaN	NaN	NaN	NaN	NaN	NaN	NaN	0.850630498465859	0.3914516900614817	0.3087832863737189	0.9859785943497988	4.0853221907069356e-14	8.912111721957626e-15	0.9859785943497988	2.3278073125108825	307.28858316595085	24.711416834049132	18.25064105099336	NaN	0.2844108835086229	0.2781139523924147	-21.25278982760306	-0.13645267390888555	NaN	0.2778549042970458	0	90.23812457003875	-13.693983544416083	30.97582806336089	77.134191655121	117.63450914911435	164.984071687745	247.17620342233897	0.09183918492590179	1.0131438346969324	90.03191332519737	1.0151863838669741	NaN	1	NaN	1	NaN	1	-0.013271657841015989	1.1485140459915006	NaN	NaN	800009909	800009909	800009909	800009909	800009919	800019919	899999999	899999999	89999	89999	89	89	0	4	0	15	0	0	10	NaN	0	0	0	0	0	0	0	0	0	NaN	NaN	NaN	NaN	0	0	0	0	0	0	0	0	13623	0	0	0	18000	18000	18000	18000	6	NaN	0.29572652438057145	0.20499993047105283	0.05550144993320516	0.3233253507681627	NaN	NaN	1.120657606130745e-7	NaN	0.0778428080539364	NaN	NaN	-0.000013271657841015989	NaN	NaN	NaN	96140.48208550348	11.430000305175781	NaN	0	0	0	0	0.0002820023441842447	-1	0	2.074266115478675	74.51857410240187	1.0001711638884412	-273.1499938964844	9.001145731051762	-273.1499938964844	081
DATA	2025-09-12T010000_AIU-0547.ghg	2025-09-12	01:30:00	255.062	0	18000	18000	0.12933777719841028	1	NaN	31.160802176093853	1	NaN	NaN	NaN	NaN	NaN	NaN	NaN	NaN	NaN	NaN	-0.03621351585664071	1	NaN	NaN	NaN	NaN	NaN	NaN	NaN	NaN	NaN	NaN	NaN	NaN	-1.2285224401128736e-12	NaN	NaN	NaN	NaN	NaN	0	NaN	NaN	NaN	NaN	0	0.08710394795218028	2.192153856877257	2.192153856877257	-0.1	0	NaN	NaN	NaN	NaN	9	291.1168891720242	289.86860538652206	95758.64871332466	1.150891563538287	1005.4717938404111	0.025167101014534277	NaN	NaN	NaN	NaN	NaN	NaN	NaN	NaN	0.6883568083885933	0.24652152820260312	0.27769826035012	0.782128047907593	-1.8785362851132787e-14	-1.4104095956561321e-14	0.782128047907593	2.4873879987177	312.296008146889	19.70399185311098	20.796798494269023	NaN	0.3352320193746683	0.3329891253423651	-102.08538128522979	-0.02840759336439473	NaN	0.08032649876418843	0	104.61222948610624	-15.875309421081008	35.90999313567724	89.4209603435174	136.3726066474403	191.26451985994737	286.5491037089613	0.12736364846628104	1.0154999386080863	30.651582310592314	1.016613167318464	NaN	1	NaN	1	NaN	1	-0.031489590111758614	1.1500154726726062	NaN	NaN	800009909	800009909	800009909	800009909	800009909	810019909	899999999	899999999	89999	89999	89	89	1	7	0	17	0	0	1	NaN	0	0	0	0	0	0	0	0	0	NaN	NaN	NaN	NaN	0	0	0	0	0	0	0	0	16217	17998	0	0	18000	18000	18000	18000	6	NaN	0.4535008490339125	0.15919032448095438	0.05328707716986321	0.07525367846365939	NaN	NaN	1.2877289429504987e-7	NaN	0.0264879653890812	NaN	NaN	-0.000031489590111758615	NaN	NaN	NaN	96146.38453776042	11.430000305175781	NaN	0	0	0	0	0.0002820301175718972	-1	0	2.0636242441005184	76.50007939529438	1.0001319718145663	-298.0209949408644	9.001042234685686	-273.1499938964844	230
DATA	2025-09-12T013000_AIU-0547.ghg	2025-09-12	02:00:00	255.083	0	18000	18000	0.03964685237714872	1	NaN	26.193977833826352	1	NaN	NaN	NaN	NaN	NaN	NaN	NaN	NaN	NaN	NaN	-0.004583580168157053	1	NaN	NaN	NaN	NaN	NaN	NaN	NaN	NaN	NaN	NaN	NaN	NaN	4.756410687794796e-13	NaN	NaN	NaN	NaN	NaN	0	NaN	NaN	NaN	NaN	0	0.08740196866786082	2.1984825016954894	2.1984825016954894	0	1	NaN	NaN	NaN	NaN	9	291.04922132873537	289.7387964417262	95766.77742251469	1.151504926688981	1005.4687242909781	0.025153695451071784	NaN	NaN	NaN	NaN	NaN	NaN	NaN	NaN	0.8864636515292075	0.46378254743206887	0.26900181303939513	1.0359893977273422	-6.229436032255826e-14	5.441994911887847e-15	1.0359893977273422	2.1737035050970577	304.38220869097955	27.61779130902045	15.049705792570736	NaN	0.18555448525608526	0.14560478945206384	-20.595560456979804	-0.14080704460835367	NaN	0.12192580522041452	1	9.706149747177761	4	8	14	22	38	99	0.039149372542925186	1.0127072236899346	25.808559987770817	1.0149337214566858	NaN	1	NaN	1	NaN	1	-0.003991598715538938	1.1483068551739892	NaN	NaN	800009909	800009909	800009909	800009919	800009919	800009919	899999999	899999999	89999	89999	89	89	3	1	0	32	0	0	4	NaN	0	0	0	0	0	0	0	0	0	NaN	NaN	NaN	NaN	0	47	0	0	0	0	0	0	16708	18000	0	0	18000	18000	18000	18000	6	NaN	0.12886866088426915	0.13132675989037762	0.03101415812948096	0.04581816166389732	NaN	NaN	3.9042414824128216e-8	NaN	0.02229099255332334	NaN	NaN	-0.000003991598715538938	NaN	NaN	NaN	96151.80454427084	11.402544676780701	NaN	0	0	0	0	0.0002825727849946512	-1	0	2.067218816680489	74.25528286459917	1.0001219811638196	-273.1499938964844	9.001083822117911	-273.1499938964844	252
DATA	2025-09-12T020000_AIU-0547.ghg	2025-09-12	02:30:00	255.104	0	18000	18000	0.037828789290926805	1	NaN	27.421601676217318	1	NaN	NaN	NaN	NaN	NaN	NaN	NaN	NaN	NaN	NaN	-0.013096556646795834	1	NaN	NaN	NaN	NaN	NaN	NaN	NaN	NaN	NaN	NaN	NaN	NaN	2.7209260437980138e-12	NaN	NaN	NaN	NaN	NaN	0	NaN	NaN	NaN	NaN	0	0.08738029589752354	2.197792069578439	2.197792069578439	0	1	NaN	NaN	NaN	NaN	9	291.05128232320146	289.7185200237698	95766.40557986111	1.1515810452495665	1005.4682457258255	0.025152032812476743	NaN	NaN	NaN	NaN	NaN	NaN	NaN	NaN	0.7348220440719359	0.25769781476523856	0.2734314021513181	0.8253098399214633	-4.509686450094575e-14	3.113889711461973e-14	0.8253098399214633	1.938494268119135	312.67452837609005	19.325471623909927	19.348159227220027	NaN	0.18124413716263568	0.12349820214846459	-18.33404836764611	-0.15817564903546333	NaN	0.13066701909929668	1	6.852176235043578	3	6	10	16	27	70	0.03727322810470493	1.0149050998389846	26.9832438146904	1.016245558337514	NaN	1	NaN	1	NaN	1	-0.011392365553405491	1.1495906258802338	NaN	NaN	800009909	800009909	800009909	800009909	800009919	800019919	899999999	899999999	89999	89999	89	89	4	1	0	33	0	0	0	NaN	0	0	0	0	0	0	0	0	0	NaN	NaN	NaN	NaN	0	0	0	0	0	0	0	0	17008	603	0	0	18000	18000	18000	18000	6	NaN	0.11757773578953551	0.09797893850178101	0.03143973000561265	0.04783215702119146	NaN	NaN	1.3812043477764034e-7	NaN	0.023304043927147203	NaN	NaN	-0.000011392365553405492	NaN	NaN	NaN	96151.02199262152	11.409941831270851	NaN	0	0	0	0	0.0002815886665549543	-1	0	2.0687336907651694	76.75081534237339	1.0001146045790779	-273.1499938964844	9.001030000156826	-273.1499938964844	180
DATA	2025-09-12T023000_AIU-0547.ghg	2025-09-12	03:00:00	255.124	0	18000	18000	0.01860884794643704	1	NaN	18.70822237164927	0	NaN	NaN	NaN	NaN	NaN	NaN	NaN	NaN	NaN	NaN	-0.008290905923173953	1	NaN	NaN	NaN	NaN	NaN	NaN	NaN	NaN	NaN	NaN	NaN	NaN	-6.344481037361076e-14	NaN	NaN	NaN	NaN	NaN	0	NaN	NaN	NaN	NaN	0	0.08731560104560591	2.194821480067598	2.194821480067598	0.9	0	NaN	NaN	NaN	NaN	9	290.90687441168893	289.575960272895	95777.86929730902	1.1522858924574277	1005.4648879232775	0.025136647446556748	NaN	NaN	NaN	NaN	NaN	NaN	NaN	NaN	0.7549758327375701	0.09241274626238577	0.2339426100057121	0.7957749483778916	2.4143139696172458e-14	-7.266148272915493e-16	0.7957749483778916	1.8141833213656533	325.0214305021358	6.978569497864169	17.096435818736285	NaN	0.12708070668213584	0.07897518248899195	-9.264058657971777	-0.3130377415631466	NaN	0.12706494367674867	1	10.437456793661374	5	8	14	22	37	89	0.018328329974932944	1.0153051572013245	18.404685182987002	1.0164923868919449	NaN	1	NaN	1	NaN	1	-0.007210275656065311	1.149873641266352	NaN	NaN	800009909	800009909	800009909	800009909	800009909	800019909	899999999	899999999	89999	89999	89	89	2	3	0	43	0	0	0	NaN	0	0	0	0	0	0	0	0	0	NaN	NaN	NaN	NaN	0	0	0	0	0	0	0	0	17406	0	0	0	18000	18000	18000	18000	6	NaN	0.07618675828724433	0.060972666116528206	0.020790940574211353	0.03442821542093237	NaN	NaN	4.205709039623243e-8	NaN	0.015885512813667062	NaN	NaN	-0.000007210275656065311	NaN	NaN	NaN	96159.85454817709	11.4399995803833	NaN	0	0	0	0	0.000282103362305659	-1	0	2.065847611427307	76.90515226491281	1.0001172452171643	-331.04774632772563	9.00097541838222	-273.1499938964844	134
DATA	2025-09-12T030000_AIU-0547.ghg	2025-09-12	03:30:00	255.145	0	18000	18000	0.0050752566339586445	1	NaN	20.754577529039782	0	NaN	NaN	NaN	NaN	NaN	NaN	NaN	NaN	NaN	NaN	-0.013609690404534327	1	NaN	NaN	NaN	NaN	NaN	NaN	NaN	NaN	NaN	NaN	NaN	NaN	8.347073769236766e-15	NaN	NaN	NaN	NaN	NaN	0	NaN	NaN	NaN	NaN	0	0.08829739550969778	2.2171079361994535	2.2171079361994535	0	0	NaN	NaN	NaN	NaN	9	290.57347154405386	289.2655462032095	95778.4459111066	1.1535293678224436	1005.4576183370582	0.025109550778946207	NaN	NaN	NaN	NaN	NaN	NaN	NaN	NaN	0.8882979195531671	0.0190101389842338	0.24375858417817287	0.9213320935619426	2.6127651892592654e-14	9.453363512086832e-17	0.9213320935619426	1.693922837474308	330.7740211099459	1.225978890054087	15.34151669161932	NaN	0.06633071456917682	0.05879911875310445	-1.1874731895425954	-2.4421604003683277	NaN	0.2697781652634497	1	16.133680198694822	7	13	20	30	47	102	0.005006274674922965	1.0137790999325742	20.43654237426406	1.0155620823205507	NaN	1	NaN	1	NaN	1	-0.011846213392567603	1.1488641942811144	NaN	NaN	800009909	800009909	800009909	800009919	800009919	800019919	899999999	899999999	89999	89999	89	89	10	8	1	33	0	0	1	NaN	0	0	0	0	0	0	0	0	0	NaN	NaN	NaN	NaN	0	9	0	0	0	0	0	0	17406	0	0	0	18000	18000	18000	18000	6	NaN	0.0369714415534415	0.058071112389268376	0.02255568356349902	0.04825046769806473	NaN	NaN	2.0482894356293343e-7	NaN	0.01762036884657719	NaN	NaN	-0.000011846213392567603	NaN	NaN	NaN	96158.13304969619	11.445818602455986	NaN	0	0	0	0	0.00028183984667217983	-1	0	2.0860540102918934	77.38393365285472	1.0001313604844941	-298.6266199662967	9.001045106437472	-273.1499938964844	133
DATA	2025-09-12T033000_AIU-0547.ghg	2025-09-12	04:00:00	255.166	0	18000	18000	0.009365306613093668	1	NaN	22.692176690898474	0	NaN	NaN	NaN	NaN	NaN	NaN	NaN	NaN	NaN	NaN	-0.006635879854608303	1	NaN	NaN	NaN	NaN	NaN	NaN	NaN	NaN	NaN	NaN	NaN	NaN	4.618369095676155e-13	NaN	NaN	NaN	NaN	NaN	0	NaN	NaN	NaN	NaN	0	0.08902211112115117	2.232237167398474	2.232237167398474	0	0	NaN	NaN	NaN	NaN	9	290.12392262437606	288.86417853885234	95777.0074861111	1.1551148124251447	1005.4483036334088	0.025075086843993153	NaN	NaN	NaN	NaN	NaN	NaN	NaN	NaN	0.9239090632183561	0.2027437030732272	0.2661291126775023	0.9826177643658945	-4.978765581633543e-14	5.187889882088917e-15	0.9826177643658945	2.1406260323575075	319.6231244729224	12.376875527077566	15.71407112567526	NaN	0.09004268227997247	0.12737014454108558	-2.7167777831424846	-1.0674410023500644	NaN	0.2169915560100073	1	16.361365232793144	7	13	21	32	50	111	0.009243523281188142	1.013174990552939	22.352321296237402	1.0152044787723358	NaN	1	NaN	1	NaN	1	-0.005777716174981003	1.1485299127955384	NaN	NaN	800009909	800009909	800009909	800009909	800009909	800019909	899999999	899999999	89999	89999	89	89	4	0	0	49	0	0	0	NaN	0	0	0	0	0	0	0	0	0	NaN	NaN	NaN	NaN	0	0	0	0	0	0	0	0	16911	0	0	0	18000	18000	18000	18000	6	NaN	0.06732194228279854	0.15969095091443883	0.027727395884933784	0.04945151007468485	NaN	NaN	1.2048688396335208e-7	NaN	0.019245878188868328	NaN	NaN	-0.000005777716174981003	NaN	NaN	NaN	96156.29669487847	11.449999809265137	NaN	0	0	0	0	0.00028155353870695554	-1	0	2.09937424035867	72.48900976689613	1.000158377577861	-273.1499938964844	9.001180815749699	-273.1499938964844	242
DATA	2025-09-12T040000_AIU-0547.ghg	2025-09-12	04:30:00	255.187	0	18000	18000	0.0017326740263617084	1	NaN	20.308408351439454	0	NaN	NaN	NaN	NaN	NaN	NaN	NaN	NaN	NaN	NaN	-0.006534390725754547	1	NaN	NaN	NaN	NaN	NaN	NaN	NaN	NaN	NaN	NaN	NaN	NaN	3.947585910257903e-13	NaN	NaN	NaN	NaN	NaN	0	NaN	NaN	NaN	NaN	0	0.08904536554762323	2.230253683678108	2.230253683678108	0.1	0	NaN	NaN	NaN	NaN	9	289.7976841871474	288.5501374851236	95782.98370662858	1.1564441260843046	1005.4410823400334	0.025046263440687704	NaN	NaN	NaN	NaN	NaN	NaN	NaN	NaN	1.00823786707885	0.1911673107372729	0.2566817238781138	1.057815695042973	-8.147999232283523e-15	4.433230057488681e-15	1.057815695042973	2.030642191860678	321.263857489212	10.736142510787998	14.043151742053984	NaN	0.038707587597812586	0.07351241722915497	-0.24116465587664257	-12.024979321527821	NaN	0.4512305558943935	1	17.026650876649143	8	13	21	31	48	100	0.0017112326543294912	1.0125297819545283	20.01158385458599	1.0148326338889684	NaN	1	NaN	1	NaN	1	-0.005690828180151371	1.1482319477761387	NaN	NaN	800009909	800009909	800009909	800009919	800009919	800019919	899999999	899999999	89999	89999	89	89	1	4	0	55	0	0	6	NaN	0	0	0	0	0	0	0	0	0	NaN	NaN	NaN	NaN	0	5	0	0	0	0	0	0	17010	0	0	0	18000	18000	18000	18000	6	NaN	0.061237792773252774	0.05807459613640366	0.027712445548653514	0.04889695051169634	NaN	NaN	4.736293131056532e-8	NaN	0.017210765288616883	NaN	NaN	-0.000005690828180151371	NaN	NaN	NaN	96163.14985872396	11.440847933133444	NaN	0	0	0	0	0.00028122916984203695	-1	0	2.0969036759737256	69.58030486767578	1.0001652231680023	-273.1499938964844	9.0011840408908	-273.1499938964844	205
DATA	2025-09-12T043000_AIU-0547.ghg	2025-09-12	05:00:00	255.208	0	18000	18000	0.00972715437908196	1	NaN	21.85620322235434	0	NaN	NaN	NaN	NaN	NaN	NaN	NaN	NaN	NaN	NaN	-0.010630386283079192	1	NaN	NaN	NaN	NaN	NaN	NaN	NaN	NaN	NaN	NaN	NaN	NaN	-5.626973849694046e-13	NaN	NaN	NaN	NaN	NaN	0	NaN	NaN	NaN	NaN	0	0.08932792846000506	2.2355319690373894	2.2355319690373894	0.1	0	NaN	NaN	NaN	NaN	9	289.54570522562665	288.3196451127794	95783.48463194445	1.1573746790167985	1005.4358195371173	0.02502612573220376	NaN	NaN	NaN	NaN	NaN	NaN	NaN	NaN	0.9048756791336675	0.20619264201961282	0.24326148804420344	0.9594225095733954	1.4167340478235227e-14	-6.2992324424196415e-15	0.9594225095733954	1.7787481936574896	319.16328074303306	12.836719256966969	14.687677309321865	NaN	0.09167605489066019	0.08555827329324492	-2.9771012656412794	-0.9741019002171323	NaN	0.20487571122890189	1	15.985571151826262	7	13	21	31	49	110	0.009598585096524921	1.013394607774388	21.52613173857669	1.0153335252141995	NaN	1	NaN	1	NaN	1	-0.00925471039143547	1.1486460227774178	NaN	NaN	800009909	800009909	800009909	800009909	800009909	800019909	899999999	899999999	89999	89999	89	89	15	7	0	51	0	0	4	NaN	0	0	0	0	0	0	0	0	0	NaN	NaN	NaN	NaN	0	0	0	0	0	0	0	0	17109	0	0	0	18000	18000	18000	18000	6	NaN	0.05816588326940796	0.08938656994734251	0.023564093369739372	0.041603672589066734	NaN	NaN	3.4390579845017196e-8	NaN	0.018498548981155206	NaN	NaN	-0.00000925471039143547	NaN	NaN	NaN	96164.8661373698	11.442485192828707	NaN	0	0	0	0	0.00028083855658446227	-1	0	2.1013291186994976	71.26685346327878	1.0001569915546311	-273.1499938964844	9.00108683040407	-273.1499938964844	229
DATA	2025-09-12T050000_AIU-0547.ghg	2025-09-12	05:30:00	255.229	0	18000	18000	0.009319958735054538	1	NaN	28.383838784888365	0	NaN	NaN	NaN	NaN	NaN	NaN	NaN	NaN	NaN	NaN	-0.011404962629500835	1	NaN	NaN	NaN	NaN	NaN	NaN	NaN	NaN	NaN	NaN	NaN	NaN	-2.631380912448587e-13	NaN	NaN	NaN	NaN	NaN	0	NaN	NaN	NaN	NaN	0	0.08940796956421598	2.236243209283444	2.236243209283444	0.1	0	NaN	NaN	NaN	NaN	9	289.4037381061978	288.1815664299859	95792.92077517361	1.1580432947775618	1005.4326819325391	0.025011676477870295	NaN	NaN	NaN	NaN	NaN	NaN	NaN	NaN	0.8734943925788112	0.05781030135444945	0.27363010374643965	0.9171738758194145	2.5462777112789172e-14	-2.943116732517492e-15	0.9171738758194145	2.1091324018337225	328.2135271149408	3.786472885059169	17.357956356052686	NaN	0.08971077253923744	0.10854210913692541	-2.1482876382770417	-1.349912343360986	NaN	0.2717369775380435	1	13.83529051292487	6	11	18	27	42	93	0.009192883332851804	1.0138232366931728	27.948172844729932	1.0155883514310162	NaN	1	NaN	1	NaN	1	-0.009926937657048307	1.1488903248428384	NaN	NaN	800009909	800009909	800009909	800009909	800009919	800019919	899999999	899999999	89999	89999	89	89	1	0	0	46	0	0	5	NaN	0	0	0	0	0	0	0	0	0	NaN	NaN	NaN	NaN	0	0	0	0	0	0	0	0	15721	0	0	0	18000	18000	18000	18000	6	NaN	0.06310489440329187	0.12688276790311703	0.027096555967441913	0.0832945165046416	NaN	NaN	8.366274737672221e-8	NaN	0.024003558280346372	NaN	NaN	-0.000009926937657048307	NaN	NaN	NaN	96175.46949283854	11.449999809265137	NaN	0	0	0	0	0.0002804983112081472	-1	0	2.101869314332804	69.84098693784061	1.000172832661205	-273.1499938964844	9.001213721672693	-273.1499938964844	046
DATA	2025-09-12T053000_AIU-0547.ghg	2025-09-12	06:00:00	255.249	0	18000	18000	0.015630633156591113	0	NaN	29.127089767815605	0	NaN	NaN	NaN	NaN	NaN	NaN	NaN	NaN	NaN	NaN	-0.007843088789641293	0	NaN	NaN	NaN	NaN	NaN	NaN	NaN	NaN	NaN	NaN	NaN	NaN	1.1810531929098146e-12	NaN	NaN	NaN	NaN	NaN	0	NaN	NaN	NaN	NaN	0	0.08954744443959659	2.2375796120342923	2.2375796120342923	0	0	NaN	NaN	NaN	NaN	9	289.1369231550428	287.9263799226549	95800.14734288194	1.1591570975259275	1005.426913083009	0.024987643433460924	NaN	NaN	NaN	NaN	NaN	NaN	NaN	NaN	0.9427328779544717	0.16527743762401928	0.2849551319212336	0.9986297300661873	1.641213971726068e-14	1.3189133428665105e-14	0.9986297300661873	2.536405049067064	322.05611247668185	9.943887523318226	16.579539733500052	NaN	0.11612270286481964	0.17249594843401322	-4.540513638193313	-0.6386942604039662	NaN	0.21522224313495292	1	13.998664002353399	6	11	18	28	45	103	0.015429595749383362	1.0130293372861559	28.69326166428169	1.0151195116334215	NaN	1	NaN	1	NaN	1	-0.006829239566921069	1.1484571177779481	NaN	NaN	800009909	800009909	800009909	800009909	800009909	800019919	899999999	899999999	89999	89999	89	89	4	3	1	26	0	0	0	NaN	0	0	0	0	0	0	0	0	0	NaN	NaN	NaN	NaN	0	0	0	0	0	0	0	0	15522	0	0	0	18000	18000	18000	18000	6	NaN	0.1014086545828105	0.20704905231561382	0.03653418996960214	0.08006617651961337	NaN	NaN	5.0730544149859464e-8	NaN	0.02461994701416521	NaN	NaN	-0.000006829239566921069	NaN	NaN	NaN	96181.66293641493	11.449999809265137	NaN	0	0	0	0	0.000280128620975625	-1	0	2.1026813822057506	67.73975763850801	1.000182062221898	-273.1499938964844	9.001218743827607	-273.1499938964844	129
DATA	2025-09-12T060000_AIU-0547.ghg	2025-09-12	06:30:00	255.27	1	18000	18000	0.04052540434091133	1	NaN	24.637706792301	1	NaN	NaN	NaN	NaN	NaN	NaN	NaN	NaN	NaN	NaN	-0.011614730646387775	1	NaN	NaN	NaN	NaN	NaN	NaN	NaN	NaN	NaN	NaN	NaN	NaN	-6.830767604229704e-13	NaN	NaN	NaN	NaN	NaN	0	NaN	NaN	NaN	NaN	0	0.08894437587840692	2.220821672827899	2.220821672827899	0	0	NaN	NaN	NaN	NaN	9	288.9839402033488	287.77153051164413	95821.43086979167	1.1600385019145412	1005.4234313690135	0.02496865766829277	NaN	NaN	NaN	NaN	NaN	NaN	NaN	NaN	1.037090203263794	0.22962657206737352	0.28280617398975805	1.0992105277661441	-1.7359491844090204e-14	-7.679819591480223e-15	1.0992105277661441	2.364562392991672	319.51531353040605	12.484686469593989	14.90879752144339	NaN	0.18690782186560884	0.18133683439535386	-22.387221541100534	-0.12953818296191474	NaN	0.11301898430503082	1	10.621546563328435	5	9	15	24	42	109	0.04003642875075413	1.0122132669025328	24.281860776666445	1.0146548083323377	NaN	1	NaN	1	NaN	1	-0.010116358495517914	1.148113785363945	NaN	NaN	800009909	800009909	800009909	800009909	800009919	810019919	899999999	899999999	89999	89999	89	89	11	3	3	34	0	0	3	NaN	0	0	0	0	0	0	0	0	0	NaN	NaN	NaN	NaN	0	0	0	0	0	0	0	0	16020	0	0	0	18000	18000	18000	18000	6	NaN	0.23471045367108914	0.09709098261603445	0.030872232503584104	0.06648678806535374	NaN	NaN	9.724231885934099e-8	NaN	0.02081903324406047	NaN	NaN	-0.000010116358495517913	NaN	NaN	NaN	96203.10275282119	11.449999809265137	NaN	0	0	0	0	0.0002796101378270477	-1	0	2.087075900006295	63.87320595831381	1.0001806642909845	-273.1499938964844	9.001158312771055	-273.1499938964844	236
DATA	2025-09-12T063000_AIU-0547.ghg	2025-09-12	07:00:00	255.291	1	18000	18000	0.024702938884858514	1	NaN	28.21816156756881	0	NaN	NaN	NaN	NaN	NaN	NaN	NaN	NaN	NaN	NaN	-0.00929943590442918	1	NaN	NaN	NaN	NaN	NaN	NaN	NaN	NaN	NaN	NaN	NaN	NaN	1.6949507784262813e-12	NaN	NaN	NaN	NaN	NaN	0	NaN	NaN	NaN	NaN	0	0.08873726533131533	2.215008382937009	2.215008382937009	0.1	0	NaN	NaN	NaN	NaN	9	288.9717209854126	287.76972984313966	95848.60484157986	1.160374737692374	1005.4233909657055	0.024961422629679954	NaN	NaN	NaN	NaN	NaN	NaN	NaN	NaN	0.9326869236293913	0.11766587043228684	0.2587472439494435	0.975038609915177	2.5503273580765147e-14	1.9100777695795568e-14	0.975038609915177	2.5133913970232005	324.8096680329666	7.190331967033382	15.389015475996004	NaN	0.145906681277963	0.15220283856105143	-9.30042467412844	-0.3118137183635396	NaN	0.1657701331739979	1	11.534381950752902	5	9	16	24	40	98	0.02438001234786467	1.0132455444396904	27.794413016424773	1.0152458175998762	NaN	1	NaN	1	NaN	1	-0.008096556712552333	1.1485667592511257	NaN	NaN	800009909	800009909	800009909	800009909	800009909	800019919	899999999	899999999	89999	89999	89	89	15	10	2	55	0	0	1	NaN	0	0	0	0	0	0	0	0	0	NaN	NaN	NaN	NaN	0	0	0	0	0	0	0	0	15920	0	0	0	18000	18000	18000	18000	6	NaN	0.12851449109370391	0.13851463973331476	0.037376546295084204	0.060272318731070286	NaN	NaN	1.5351883807393958e-7	NaN	0.023823757327662735	NaN	NaN	-0.000008096556712552333	NaN	NaN	NaN	96231.05653580729	11.440848488701715	NaN	0	0	0	0	0.0002796841934161623	-1	0	2.0822125510093237	59.21655172787794	1.0001776407112677	-273.1499938964844	9.001134787241618	-273.1499938964844	192
DATA	2025-09-12T070000_AIU-0547.ghg	2025-09-12	07:30:00	255.312	1	18000	18000	0.01327158290399967	0	NaN	26.878580151292436	0	NaN	NaN	NaN	NaN	NaN	NaN	NaN	NaN	NaN	NaN	0.011769475752854145	1	NaN	NaN	NaN	NaN	NaN	NaN	NaN	NaN	NaN	NaN	NaN	NaN	-6.749851844333063e-13	NaN	NaN	NaN	NaN	NaN	0	NaN	NaN	NaN	NaN	0	0.08815879708622089	2.200047916802466	2.200047916802466	0	1	NaN	NaN	NaN	NaN	9	288.95660766008166	287.76329557053424	95869.16274521273	1.1606495695174244	1005.4232466095758	0.02495551197971519	NaN	NaN	NaN	NaN	NaN	NaN	NaN	NaN	1.0092034727214738	-0.005830984181255801	0.25327557290270253	1.0405162975940478	-4.776611792717541e-14	-7.656469992134292e-15	1.0405162975940478	2.70146611320836	332.3310403456188	359.6689596543834	14.088087879831068	NaN	0.10693276700795465	0.10934513247843526	-3.844133726821435	-0.7543962323074275	NaN	0.21539989222305472	1	15.766950341924003	7	12	21	31	50	112	0.013105537700953438	1.0126698504735256	26.483648012959264	1.014912301286436	NaN	1	NaN	1	NaN	1	0.010249560832053077	1.1482907361306538	NaN	NaN	800009909	800009909	800009909	800009919	800009919	811019919	899999999	899999999	89999	89999	89	89	11	15	0	29	0	0	1	NaN	0	0	3684	0	0	0	0	0	0	NaN	NaN	NaN	NaN	0	0	0	0	0	0	101	0	16016	0	0	16	18000	18000	18000	18000	6	NaN	0.09834392352288414	0.08618356365543756	0.03416277777854885	0.06149172625630834	NaN	NaN	3.6969856133901245e-7	NaN	0.02269487369443739	NaN	NaN	0.000010249560832053076	NaN	NaN	NaN	96252.33350520833	11.4399995803833	NaN	0	0	0	0	0.00027799864616827086	-1	0	2.068509384163228	53.87814393403768	1.0001763812932702	-273.1499938964844	9.001152106894388	-273.1499938964844	240
DATA	2025-09-12T073000_AIU-0547.ghg	2025-09-12	08:00:00	255.333	1	18000	18000	0.003727567024035558	1	NaN	17.92178708135282	1	NaN	NaN	NaN	NaN	NaN	NaN	NaN	NaN	NaN	NaN	0.0032766824072891264	2	NaN	NaN	NaN	NaN	NaN	NaN	NaN	NaN	NaN	NaN	NaN	NaN	-8.059455860455036e-13	NaN	NaN	NaN	NaN	NaN	0	NaN	NaN	NaN	NaN	0	0.0879456210165388	2.1952824037874423	2.1952824037874423	0	1	NaN	NaN	NaN	NaN	9	289.0678206804064	287.8708664660984	95880.78008333333	1.160356454672394	1005.4256632505663	0.024961815931399293	NaN	NaN	NaN	NaN	NaN	NaN	NaN	NaN	1.1012769841452656	0.07827121495042544	0.21546795253955925	1.1248839128859096	-1.5914108041647234e-14	-9.164135482014958e-15	1.1248839128859096	2.5502711257847097	327.9346449906873	4.065355009312772	11.043069459939185	NaN	0.05667832658649186	0.0600271211590469	-0.8585799815999938	-3.377670178840821	NaN	0.27103345753077146	1	21.347719271109778	10	17	27	39	61	130	0.0036832612180835635	1.0120289611104605	17.664712096348055	1.0145530243347647	NaN	1	NaN	1	NaN	1	0.00285411585016248	1.1480551523872413	NaN	NaN	800009909	800009909	800009909	800009909	801009909	801019909	899999999	899999999	89999	89999	89	89	15	22	0	55	0	0	0	NaN	0	0	1081	0	0	0	0	0	0	NaN	NaN	NaN	NaN	0	0	0	0	0	0	0	0	17109	0	0	0	18000	18000	18000	18000	6	NaN	0.041913280021762846	0.05863914681920544	0.01950181547712551	0.06838372550031044	NaN	NaN	3.129479563936015e-7	NaN	0.015141370094350378	NaN	NaN	0.00000285411585016248	NaN	NaN	NaN	96265.18065798611	11.4399995803833	NaN	0	0	0	0	0.0002788943369103232	-1	0	2.0644364149504244	50.57045515706839	1.0001750633849038	-273.1499938964844	9.001129373629889	-273.1499938964844	137
DATA	2025-09-12T080000_AIU-0547.ghg	2025-09-12	08:30:00	255.354	1	18000	18000	0.0318620804768868	1	NaN	47.67475977565255	1	NaN	NaN	NaN	NaN	NaN	NaN	NaN	NaN	NaN	NaN	-0.06930630171679056	1	NaN	NaN	NaN	NaN	NaN	NaN	NaN	NaN	NaN	NaN	NaN	NaN	-1.132515197523087e-12	NaN	NaN	NaN	NaN	NaN	0	NaN	NaN	NaN	NaN	0	0.08803564142231877	2.204942196603517	2.204942196603517	0.1	0	NaN	NaN	NaN	NaN	9	290.12989971839073	288.87335900871443	95891.21813816986	1.156455491857329	1005.4485156180381	0.02504601728322866	NaN	NaN	NaN	NaN	NaN	NaN	NaN	NaN	1.1660105112467727	0.29342015839636687	0.3068542148138382	1.240901047964978	-1.4027307206477124e-14	-1.2864280639363548e-14	1.240901047964978	2.674668520732505	317.8751093029743	14.12489069702574	14.316815093164754	NaN	0.16598643739714344	0.09391017468822134	-8.107443636555686	-0.35769598038575046	NaN	0.24701717439623533	1	13.258935581842891	6	11	18	27	45	108	0.03150620745727767	1.011295330296155	47.008948100403764	1.0141635093350039	NaN	1	NaN	1	NaN	1	-0.06037586266497697	1.1479140613090402	NaN	NaN	800009909	800009909	800009909	800009919	800009919	800019919	899999999	899999999	89999	89999	89	89	1	6	0	34	0	0	8	NaN	0	0	16319	0	0	0	0	0	0	NaN	NaN	NaN	NaN	0	2	0	0	0	0	0	0	17109	0	0	0	18000	18000	18000	18000	6	NaN	0.10765800003008025	0.05560261996020904	0.024559729386153386	0.22932300363758223	NaN	NaN	0.000001145997743226045	NaN	0.040428885851774565	NaN	NaN	-0.00006037586266497697	NaN	NaN	NaN	96279.90345876737	11.42836209117042	NaN	0	0	0	0	0.00027655649291247956	-1	0	2.075949977266789	58.36039093128867	1.0001792845891582	-273.1499938964844	9.001150735987558	-273.1499938964844	099
DATA	2025-09-12T083000_AIU-0547.ghg	2025-09-12	09:00:00	255.374	1	18000	18000	0.011290501247558326	0	NaN	17.85905121816818	1	NaN	NaN	NaN	NaN	NaN	NaN	NaN	NaN	NaN	NaN	0.007420430449637307	2	NaN	NaN	NaN	NaN	NaN	NaN	NaN	NaN	NaN	NaN	NaN	NaN	6.89846838815014e-13	NaN	NaN	NaN	NaN	NaN	0	NaN	NaN	NaN	NaN	0	0.08731818829828665	2.197263619355293	2.197263619355293	0	1	NaN	NaN	NaN	NaN	9	291.33454751925996	290.2661334160698	95902.28152256945	1.1510392947007717	1005.481256371069	0.02516387092056063	NaN	NaN	NaN	NaN	NaN	NaN	NaN	NaN	0.7822946237296006	-0.042341830429164826	0.27999112525011877	0.8319691936238385	1.7653918150684958e-14	7.900379660402896e-15	0.8319691936238385	2.1091407596968272	335.09812088401577	356.9018791159841	19.66622735151723	NaN	0.09904020634960972	0.13762958986070561	-4.5981251021815535	-0.6306918440788207	NaN	0.1558054758646445	1	13.597450105471241	6	11	18	27	44	101	0.011125631837176563	1.0148188806527687	17.574476705970465	1.0161924885138138	NaN	1	NaN	1	NaN	1	0.006455179322230587	1.149531264620729	NaN	NaN	800009909	800009909	800009909	800009909	800009919	800009919	899999999	899999999	89999	89999	89	89	2	1	0	13	0	0	3	NaN	0	0	17006	0	0	0	0	0	0	NaN	NaN	NaN	NaN	0	0	0	0	0	0	0	0	17703	0	0	0	18000	18000	18000	18000	6	NaN	0.07617188312095688	0.1761087732919439	0.022978523308510475	0.12821574130144298	NaN	NaN	3.6342582879971597e-7	NaN	0.015185121573375773	NaN	NaN	0.000006455179322230587	NaN	NaN	NaN	96298.7736701389	11.420000076293945	NaN	0	0	0	0	0.0002778120376331371	-1	0	2.0722992032832597	68.31804238637191	1.0001585580574142	-273.1499938964844	9.001133762492074	-273.1499938964844	004
DATA	2025-09-12T090000_AIU-0547.ghg	2025-09-12	09:30:00	255.395	1	18000	18000	0.0031357069252425044	1	NaN	9.360341877089978	0	NaN	NaN	NaN	NaN	NaN	NaN	NaN	NaN	NaN	NaN	-0.009894112422936504	1	NaN	NaN	NaN	NaN	NaN	NaN	NaN	NaN	NaN	NaN	NaN	NaN	-4.4958537018983594e-14	NaN	NaN	NaN	NaN	NaN	0	NaN	NaN	NaN	NaN	0	0.08818256707407093	2.2341346004227987	2.2341346004227987	-0.5	0	NaN	NaN	NaN	NaN	9	291.94949611409515	292.2433622021146	95902.09149414062	1.1432494512022253	1005.5297169882302	0.025335331852453187	NaN	NaN	NaN	NaN	NaN	NaN	NaN	NaN	0.20238173023281916	-0.4477681829382719	0.1768147944263758	0.5222242640015099	1.3198959629817583e-14	-5.0983474977792e-16	0.5222242640015099	1.3447935484597278	37.678039769288205	294.3219602307118	19.79039561936455	NaN	0.05237176757065456	0.022106405200534234	-1.2972535173648887	-2.2354921078886494	NaN	0.1554742848290193	1	11.083011876634982	5	9	14	21	33	72	0.0030710803278204395	1.0210436037236221	9.175437665145683	1.0201520863300813	NaN	1	NaN	1	NaN	1	-0.008568892408316932	1.154654761837518	NaN	NaN	800009909	800009909	800009909	800009909	800119909	800119909	899999999	899999999	89999	89999	89	89	1	9	0	8	0	0	0	NaN	0	0	0	0	0	0	0	0	0	NaN	NaN	NaN	NaN	0	0	0	0	0	0	0	0	7185	0	0	0	18000	18000	18000	18000	6	NaN	0.013942371151137087	0.019998609218277126	0.010271830031654253	0.11072418224665097	NaN	NaN	3.8342837606385985e-7	NaN	0.007981616875941535	NaN	NaN	-0.000008568892408316932	NaN	NaN	NaN	96317.70623220486	11.44745483191808	NaN	0	0	0	0	0.0002834899464441049	-1	0	2.111741260157694	80.55624219364597	1.0001164789166714	-284.0916193559432	9.00101870054669	-273.1499938964844	135
DATA	2025-09-12T093000_AIU-0547.ghg	2025-09-12	10:00:00	255.416	1	18000	18000	0.016010690181346012	1	NaN	42.826409756448776	1	NaN	NaN	NaN	NaN	NaN	NaN	NaN	NaN	NaN	NaN	-0.022934640667822487	1	NaN	NaN	NaN	NaN	NaN	NaN	NaN	NaN	NaN	NaN	NaN	NaN	-2.842622398158633e-13	NaN	NaN	NaN	NaN	NaN	0	NaN	NaN	NaN	NaN	0	0.0884429178622749	2.251096080811132	2.251096080811132	-0.4	0	NaN	NaN	NaN	NaN	9	292.8974639078777	293.623854051378	95911.43422005208	1.137985239823775	1005.5649298784341	0.02545253068557263	NaN	NaN	NaN	NaN	NaN	NaN	NaN	NaN	-0.21681741525592377	-0.43245406066806974	0.17111916439367048	0.5131355323589966	3.520726944894196e-15	-3.2140757755021403e-15	0.5131355323589966	1.3006915315711802	88.62759301367754	243.37240698632246	19.47998324721836	NaN	0.11861420770672752	0.05104071105052179	-3.294342560306451	-0.8802970386085872	NaN	0.3155209552326245	1	4.567959252853933	2	4	6	9	15	36	0.015676274413336105	1.0213326048774327	41.97269717954752	1.0203397121049742	NaN	1	NaN	1	NaN	1	-0.01985828369285222	1.1549155517441605	NaN	NaN	800009909	800009909	800009909	800009909	800009919	800019919	899999999	899999999	89999	89999	89	89	0	0	0	5	0	0	0	NaN	0	0	0	0	0	0	0	0	0	NaN	NaN	NaN	NaN	0	0	0	0	0	0	0	0	6458	0	0	0	18000	18000	18000	18000	6	NaN	0.043749569618107935	0.046225616365817034	0.012106236117118615	0.3822861981096959	NaN	NaN	1.4021611443528897e-7	NaN	0.03667922327807744	NaN	NaN	-0.00001985828369285222	NaN	NaN	NaN	96313.64091124132	11.445028821415372	NaN	0	0	0	0	0.0002847418629066346	-1	0	2.131316643264559	81.02268011145061	1.000084592875507	-273.1499938964844	9.000855564011468	-273.1499938964844	032
DATA	2025-09-12T100000_AIU-0547.ghg	2025-09-12	10:30:00	255.437	1	18000	18000	0.37618425499694325	1	NaN	470.0373471830029	1	NaN	NaN	NaN	NaN	NaN	NaN	NaN	NaN	NaN	NaN	-0.6022280092479042	2	NaN	NaN	NaN	NaN	NaN	NaN	NaN	NaN	NaN	NaN	NaN	NaN	-1.6015911067083467e-11	NaN	NaN	NaN	NaN	NaN	0	NaN	NaN	NaN	NaN	0	0.08780268207585802	2.241368683646731	2.241368683646731	-0.7	0	NaN	NaN	NaN	NaN	9	294.4721390270656	294.5255724300808	95924.05105664063	1.1346504284511292	1005.5885422015102	0.02552733732792214	NaN	NaN	NaN	NaN	NaN	NaN	NaN	NaN	-0.0943370425871333	-0.07613940690856043	0.21316319079517515	0.24522486170537744	1.1939098475493098e-13	-1.8240799356500702e-13	0.24522486170537744	3.1324495765435953	113.09300802444659	218.9069919755534	60.372300654554465	NaN	0.5757968258914377	0.5075958618701772	-34.339716627009324	-0.08445031831506303	NaN	0.7154523298292839	0	57.700529293472385	-8.756277930351159	19.80672451999244	49.32154459471509	75.21846750941184	105.49497018841899	158.05068904274805	0.3623340525526987	1.0382249538696895	455.6931365939301	1.0314777850206136	NaN	1	NaN	1	NaN	1	-0.5141850589343485	1.1712281381649345	NaN	NaN	800009909	800009909	800009909	800009909	800009909	800109919	899999999	899999999	89999	89999	89	89	7	4	0	21	0	0	0	NaN	0	0	0	0	0	0	0	0	0	NaN	NaN	NaN	NaN	0	0	0	0	0	0	0	0	3672	0	0	0	18000	18000	18000	18000	6	NaN	0.17312025493223626	0.14628480833728197	0.6957866604708364	0.5138403468245257	NaN	NaN	8.572836327012508e-7	NaN	0.3993834734735493	NaN	NaN	-0.0005141850589343485	NaN	NaN	NaN	96315.39773632813	11.430000305175781	NaN	0	0	0	0	0.00028655208109477014	-1	0	2.124584748937023	77.87568305132108	1.0000765482650862	-282.96111930846985	9.000693969514636	-273.1499938964844	181
DATA	2025-09-12T103000_AIU-0547.ghg	2025-09-12	11:00:00	255.458	1	18000	18000	0.1741372333121454	1	NaN	-49.49048077301781	2	NaN	NaN	NaN	NaN	NaN	NaN	NaN	NaN	NaN	NaN	-0.08854859433990293	1	NaN	NaN	NaN	NaN	NaN	NaN	NaN	NaN	NaN	NaN	NaN	NaN	4.423359883934895e-12	NaN	NaN	NaN	NaN	NaN	0	NaN	NaN	NaN	NaN	0	0.08746488689316588	2.241985100829921	2.241985100829921	-0.1	0	NaN	NaN	NaN	NaN	9	295.85649845886223	295.76791551886663	95931.69045833334	1.1299744286879054	1005.6218659084457	0.025632973190354628	NaN	NaN	NaN	NaN	NaN	NaN	NaN	NaN	-0.12258489119776371	0.16388146127628872	0.22742340514359058	0.3059503131344549	-1.3889552721060746e-13	5.057297895254601e-14	0.3059503131344549	3.509388857610343	205.20316206946322	126.79683793053678	48.01623884570729	NaN	0.3925649419655992	0.5126413344762094	103.36493222089048	0.02805593674460803	NaN	-0.11094477072893026	0	76.45184851033922	-11.601862964563237	26.243445615321082	65.34989023190256	99.66270593396422	139.77836214338126	209.41345744323834	0.17124745338990788	1.0168748782246582	-48.626982903588626	1.0177575867937605	NaN	1	NaN	1	NaN	1	-0.0744028589284884	1.1901235465294495	NaN	NaN	800009909	800009909	800009909	800009909	800009909	800009909	899999999	899999999	89999	89999	89	89	7	4	0	9	0	0	0	NaN	0	0	0	0	0	0	0	0	0	NaN	NaN	NaN	NaN	0	0	0	0	0	0	0	0	5848	0	0	0	18000	18000	18000	18000	6	NaN	0.09567212673357656	0.7695662810287508	0.1600442611900914	0.27206915166714646	NaN	NaN	2.731567041493685e-7	NaN	-0.04279312485382126	NaN	NaN	-0.0000744028589284884	NaN	NaN	NaN	96322.05948524305	11.41836226103041	NaN	0	0	0	0	0.00028759063849510206	-1	0	2.1284731766051728	78.32165441205716	1.0000793052199815	-375.9447482130222	9.000556890381707	-306.78237030877494	173
DATA	2025-09-12T110000_AIU-0547.ghg	2025-09-12	11:30:00	255.479	1	18000	18000	0.09551624625780035	1	NaN	5.93524274342951	2	NaN	NaN	NaN	NaN	NaN	NaN	NaN	NaN	NaN	NaN	0.0013185151430276513	1	NaN	NaN	NaN	NaN	NaN	NaN	NaN	NaN	NaN	NaN	NaN	NaN	-6.372397794564594e-13	NaN	NaN	NaN	NaN	NaN	0	NaN	NaN	NaN	NaN	0	0.08762226914986974	2.2415887323022536	2.2415887323022536	0	1	NaN	NaN	NaN	NaN	9	295.89242397647445	295.18185915798625	95930.8394735243	1.1322078451071202	1005.6060316246798	0.025582409061653315	NaN	NaN	NaN	NaN	NaN	NaN	NaN	NaN	0.6251623241067734	0.08531481846654977	0.25792316296022966	0.6816383995374463	-4.607682712571069e-14	-7.272577914713895e-15	0.6816383995374463	2.7341452243643287	324.22894865522204	7.771051344777996	22.233810351114144	NaN	0.29045278387888657	0.30315398383487546	-349.09121149044296	-0.008307284470492586	NaN	0.017947704602152843	0	86.17562967638335	-13.077484271098267	29.581305028515672	73.66163212201643	112.33863675578884	157.55653535585097	236.04840052283387	0.09390437282623164	1.0171650518826365	5.832247728156876	1.017659574845457	NaN	1	NaN	1	NaN	1	0.0011452340376389258	1.1513062829899563	NaN	NaN	800009909	800009909	800009909	800009909	800009919	800019919	899999999	899999999	89999	89999	89	89	9	0	0	24	0	0	0	NaN	0	0	0	0	0	0	0	0	0	NaN	NaN	NaN	NaN	0	0	0	0	0	0	0	0	1768	0	0	0	18000	18000	18000	18000	6	NaN	0.23681928977299893	0.3045390030880363	0.06494967480871573	0.13182913306862037	NaN	NaN	2.443571471758456e-7	NaN	0.005122499600834438	NaN	NaN	0.0000011452340376389258	NaN	NaN	NaN	96296.35351432292	11.40999984741211	NaN	0	0	0	0	0.00028794297999573036	-1	0	2.1265626849200987	75.11979841952869	1.000065350772606	-273.2711189015706	9.00064425362481	-273.23074389987516	215
DATA	2025-09-12T113000_AIU-0547.ghg	2025-09-12	12:00:00	255.499	1	18000	18000	0.08822079917508174	1	NaN	77.72263349054747	1	NaN	NaN	NaN	NaN	NaN	NaN	NaN	NaN	NaN	NaN	-0.037958677560663054	1	NaN	NaN	NaN	NaN	NaN	NaN	NaN	NaN	NaN	NaN	NaN	NaN	-1.0932618984213725e-12	NaN	NaN	NaN	NaN	NaN	0	NaN	NaN	NaN	NaN	0	0.08822924929863547	2.242684237495932	2.242684237495932	-0.3	0	NaN	NaN	NaN	NaN	9	294.3626721157498	293.2661700236002	95921.60589279514	1.139494024739757	1005.5556975024701	0.025418829416818084	NaN	NaN	NaN	NaN	NaN	NaN	NaN	NaN	-0.24485651081885368	-0.2931961389069553	0.20326393169706117	0.4327064971655236	4.686964608091593e-15	-1.2391150407739902e-14	0.4327064971655236	1.6118439538548586	101.86622592335618	230.13377407664382	28.018077916917424	NaN	0.27824634469004134	0.1684258348129162	-23.433657614632338	-0.1237536217218261	NaN	0.24378100127162772	0	86.79151366359493	-13.170947042253253	29.79271807134809	74.18808049107606	113.14150373550096	158.6825677105968	237.73540218020335	0.08612149044239885	1.0243761309970243	76.0253524116908	1.0223251984373	NaN	1	NaN	1	NaN	1	-0.03278727304140922	1.1577259722918256	NaN	NaN	800009909	800009909	800009909	800009909	800009919	800109919	899999999	899999999	89999	89999	89	89	1	1	0	5	0	0	3	NaN	0	0	0	0	0	0	0	0	0	NaN	NaN	NaN	NaN	0	0	0	0	0	0	0	0	6047	0	0	0	18000	18000	18000	18000	6	NaN	0.1315859457510142	0.1467122269967402	0.058553496878078024	0.2200740554292919	NaN	NaN	1.0587802490249325e-7	NaN	0.06634989787241254	NaN	NaN	-0.00003278727304140922	NaN	NaN	NaN	96291.62542621528	11.419151167975532	NaN	0	0	0	0	0.00028608199196686535	-1	0	2.122683028201262	81.45684664991165	1.0000749675465954	-363.06512267216294	9.000644771231546	-317.1183707428118	184
DATA	2025-09-12T120000_AIU-0547.ghg	2025-09-12	12:30:00	255.52	1	18000	18000	0.1787399763016006	1	NaN	-10.604716446885421	1	NaN	NaN	NaN	NaN	NaN	NaN	NaN	NaN	NaN	NaN	-0.037776768429682264	1	NaN	NaN	NaN	NaN	NaN	NaN	NaN	NaN	NaN	NaN	NaN	NaN	7.659185293204584e-13	NaN	NaN	NaN	NaN	NaN	0	NaN	NaN	NaN	NaN	0	0.0875183062773342	2.241399328783601	2.241399328783601	0.5	0	NaN	NaN	NaN	NaN	9	296.3419138293795	295.42454129876035	95903.89742708333	1.1309600534830928	1005.6125637276232	0.025610634210411893	NaN	NaN	NaN	NaN	NaN	NaN	NaN	NaN	0.652568130927523	-0.09744132225204931	0.2607357899796783	0.7094526967746194	-6.621517379668808e-15	8.751523674296914e-15	0.7094526967746194	4.8708352488780156	340.4926450457381	351.5073549542619	21.56255363572714	NaN	0.3975458418053574	0.5420317972703155	500.8746795078159	0.005789871436203728	NaN	-0.023454916396976142	0	91.12861295140324	-13.829118591814307	31.28150390852052	77.89536773011261	118.79535069080106	166.61216845558187	249.6153890586333	0.17695116022204493	1.0101090949463738	-10.464480988991198	1.0134010906075277	NaN	1	NaN	1	NaN	1	-0.03230435065322773	1.169401881350237	NaN	NaN	800009909	800009909	800009909	800009909	800009909	800109909	899999999	899999999	89999	89999	89	89	3	3	4	2	0	0	0	NaN	0	0	0	0	0	0	0	0	0	NaN	NaN	NaN	NaN	0	0	0	0	0	0	0	0	10781	0	0	0	18000	18000	18000	18000	6	NaN	0.5360330695545669	0.44222104299055404	0.10580948199551	0.4675275170055252	NaN	NaN	1.242204830387338e-7	NaN	-0.00920109971257307	NaN	NaN	-0.000032304350653227735	NaN	NaN	NaN	96296.01647612847	11.42745667658912	NaN	0	0	0	0	0.000286743568317939	-1	0	2.1264516919321497	78.28905336136303	1.0000757253252797	-367.9908728790171	9.000599702239036	-331.97637136670716	122
DATA	2025-09-12T123000_AIU-0547.ghg	2025-09-12	13:00:00	255.541	1	18000	18000	0.07431000972210364	1	NaN	5.1346524309560015	1	NaN	NaN	NaN	NaN	NaN	NaN	NaN	NaN	NaN	NaN	-0.008958966373827856	0	NaN	NaN	NaN	NaN	NaN	NaN	NaN	NaN	NaN	NaN	NaN	NaN	-5.833805279727418e-13	NaN	NaN	NaN	NaN	NaN	0	NaN	NaN	NaN	NaN	0	0.08772725914678288	2.253638016809389	2.253638016809389	-0.5	0	NaN	NaN	NaN	NaN	9	297.0711561287774	296.2453081669413	95876.44043722915	1.1275037619054393	1005.6349151929147	0.025689141992213192	NaN	NaN	NaN	NaN	NaN	NaN	NaN	NaN	1.1088396805529799	0.42492902006150807	0.2370175367779324	1.2108952977031053	-3.450577005333266e-14	-6.6499345089152424e-15	1.2108952977031053	4.411754372397855	311.0321919097721	20.967808090227933	11.28780556744572	NaN	0.25672292912636646	0.6662107752639035	-278.52891189251005	-0.01041184550751115	NaN	0.01763957222335387	0	70.91360011950187	-10.76141240455463	24.342344160208146	60.615878805490986	92.44303981051361	129.6526777512011	194.24333708247485	0.07346728324447872	1.0114707723003797	5.062491199505833	1.0142540951887902	NaN	1	NaN	1	NaN	1	-0.007804436709384491	1.1479324783369815	NaN	NaN	800009909	800009909	800009909	800009919	800009919	800109919	899999999	899999999	89999	89999	89	89	1	6	0	12	0	0	3	NaN	0	0	0	0	0	0	0	0	0	NaN	NaN	NaN	NaN	0	1	0	0	0	0	0	0	2706	0	0	0	18000	18000	18000	18000	6	NaN	0.8952039353758343	0.35461523885992013	0.08260237629205255	0.0667000552270096	NaN	NaN	7.021181464315672e-8	NaN	0.0044648403897965825	NaN	NaN	-0.00000780443670938449	NaN	NaN	NaN	96269.29532378473	11.449999809265137	NaN	0	0	0	0	0.00028899865653430533	-1	0	2.1395732263177627	74.52434490525984	1.0000438314080238	-273.1499938964844	9.000546269310846	-273.1499938964844	170
DATA	2025-09-12T130000_AIU-0547.ghg	2025-09-12	13:30:00	255.562	1	18000	18000	0.31528545810878567	1	NaN	113.89875112485319	1	NaN	NaN	NaN	NaN	NaN	NaN	NaN	NaN	NaN	NaN	-0.06881751270256174	1	NaN	NaN	NaN	NaN	NaN	NaN	NaN	NaN	NaN	NaN	NaN	NaN	3.428660176591977e-12	NaN	NaN	NaN	NaN	NaN	0	NaN	NaN	NaN	NaN	0	0.0874876887011625	2.2541376340829817	2.2541376340829817	0.8	0	NaN	NaN	NaN	NaN	9	297.682216404385	297.0246408454046	95844.90096657987	1.1241754897599543	1005.6565089976781	0.02576519813870714	NaN	NaN	NaN	NaN	NaN	NaN	NaN	NaN	0.7584873023964555	0.42494830539165834	0.27064104428504676	0.910566101391415	1.1334257046630913e-13	3.919020181574895e-14	0.910566101391415	5.45364078821893	302.7399373536647	29.260062646335296	17.29087667508396	NaN	0.5295840713147919	0.9199804455032179	-110.19970669901242	-0.026315859514224903	NaN	0.19023931217571063	0	100.30577100791515	-15.22178773259237	34.43172529691122	85.73986440768827	130.75870308210347	183.3909402873276	274.7530467551287	0.31096497243319166	1.0138938017416808	112.14583712661212	1.0156306648838158	NaN	1	NaN	1	NaN	1	-0.059896902205425706	1.1489327522572272	NaN	NaN	800009909	800009909	800009909	800009909	800109909	801119909	899999999	899999999	89999	89999	89	89	2	2	5	14	0	0	6	NaN	0	0	0	0	0	0	0	0	0	NaN	NaN	NaN	NaN	0	0	0	0	0	0	0	0	4012	0	0	0	18000	18000	18000	18000	6	NaN	1.2049228770271012	0.48731706647315637	0.1477209475061782	0.26304828128298435	NaN	NaN	1.1472189834150408e-7	NaN	0.09919719140979623	NaN	NaN	-0.00005989690220542571	NaN	NaN	NaN	96237.84684244792	11.449999809265137	NaN	0	0	0	0	0.00028991468815365814	-1	0	2.1414024631910857	73.23503183492053	1.0000427639699645	-273.1499938964844	9.000519640975527	-273.1499938964844	087
DATA	2025-09-12T133000_AIU-0547.ghg	2025-09-12	14:00:00	255.583	1	18000	18000	0.06304887720969289	1	NaN	7.863266368263097	0	NaN	NaN	NaN	NaN	NaN	NaN	NaN	NaN	NaN	NaN	0.00024001483801750243	2	NaN	NaN	NaN	NaN	NaN	NaN	NaN	NaN	NaN	NaN	NaN	NaN	-6.740733012209323e-13	NaN	NaN	NaN	NaN	NaN	0	NaN	NaN	NaN	NaN	0	0.08715369355078373	2.24972524928838	2.24972524928838	0	1	NaN	NaN	NaN	NaN	9	297.91594262949627	297.5257765858968	95827.67078255209	1.1220802372345233	1005.6705852537151	0.02581330931175606	NaN	NaN	NaN	NaN	NaN	NaN	NaN	NaN	1.2163361221713174	0.66973090008848	0.2519076935411323	1.4111947160818719	-3.1139409674949983e-14	-7.73430561297044e-15	1.4111947160818719	5.311076838286817	303.16223278975826	28.837767210241765	10.282790622089555	NaN	0.2370427745147361	0.9239994895853672	-143.1271967910573	-0.020261697741719445	NaN	0.02939656627942539	0	59.83588124988846	-9.080325827977871	20.539721746739627	51.14681133027868	78.0021144485572	109.39907460032393	163.8997488727507	0.06239671847024601	1.010451811496431	7.756539869411853	1.0137595500890961	NaN	1	NaN	1	NaN	1	0.000209070386689638	1.1480097292487483	NaN	NaN	800009909	800009909	800009909	800009909	800009919	800019919	899999999	899999999	89999	89999	89	89	3	13	3	13	0	0	11	NaN	0	0	0	0	0	0	0	0	0	NaN	NaN	NaN	NaN	0	0	0	0	0	0	0	0	3404	0	0	0	18000	18000	18000	18000	6	NaN	1.1811708337456976	0.5591478415731905	0.10768030385184608	0.07293006039481717	NaN	NaN	8.998186137252683e-8	NaN	0.006873665092939356	NaN	NaN	2.09070386689638e-7	NaN	NaN	NaN	96207.07792144097	11.449999809265137	NaN	0	0	0	0	0.00029111350204847334	-1	0	2.138303751796374	72.76324124749492	1.000035289314058	-273.1499938964844	9.000468683481216	-273.1499938964844	062
DATA	2025-09-12T140000_AIU-0547.ghg	2025-09-12	14:30:00	255.604	1	18000	18000	0.2921921847488313	1	NaN	55.673462986034295	1	NaN	NaN	NaN	NaN	NaN	NaN	NaN	NaN	NaN	NaN	0.0015147700307496636	2	NaN	NaN	NaN	NaN	NaN	NaN	NaN	NaN	NaN	NaN	NaN	NaN	-2.6683701111561727e-12	NaN	NaN	NaN	NaN	NaN	0	NaN	NaN	NaN	NaN	0	0.08608523413787286	2.2275375938243713	2.2275375938243713	0	1	NaN	NaN	NaN	NaN	9	298.3124320712619	298.173003733317	95803.62965060763	1.1193637065022908	1005.6889859716011	0.02587595440882207	NaN	NaN	NaN	NaN	NaN	NaN	NaN	NaN	0.7200474384576283	0.7290543959762845	0.24201054193231294	1.0528806809549416	-8.212033412676501e-14	-3.099683863184422e-14	1.0528806809549416	6.955121064298619	286.6438800957205	45.356119904279524	13.288571657763791	NaN	0.5109150396756855	1.6006421662997075	-202.38249954472306	-0.014329302219924157	NaN	0.09679760980273636	0	92.61155167975146	-14.05416026505538	31.790548786133872	79.162961450951	120.72851109543755	169.32345341005188	253.6773879812347	0.2885650983421679	1.0125693870377994	54.85853773172789	1.014855030556804	NaN	1	NaN	1	NaN	1	0.001319201001719695	1.1482480901508012	NaN	NaN	800009909	800009909	800009909	800009909	800009919	800019919	899999999	899999999	89999	89999	89	89	3	0	5	23	0	0	5	NaN	0	0	0	0	0	0	0	0	0	NaN	NaN	NaN	NaN	0	0	0	0	0	0	0	0	5717	0	0	0	18000	18000	18000	18000	6	NaN	2.1549045705786942	0.8785296906943596	0.16785007132636123	0.1088385318917287	NaN	NaN	1.5995561336903553e-7	NaN	0.048731447511023034	NaN	NaN	0.000001319201001719695	NaN	NaN	NaN	96186.7382374132	11.404241301377612	NaN	0	0	0	0	0.00029116334787168956	-1	0	2.118260209679603	74.34982073679663	1.0000341386463907	-273.1499938964844	9.000418659422133	-273.1499938964844	176
DATA	2025-09-12T143000_AIU-0547.ghg	2025-09-12	15:00:00	255.624	1	18000	18000	0.12964040385572592	1	NaN	17.117391863369146	0	NaN	NaN	NaN	NaN	NaN	NaN	NaN	NaN	NaN	NaN	-0.0071586700522600745	1	NaN	NaN	NaN	NaN	NaN	NaN	NaN	NaN	NaN	NaN	NaN	NaN	-7.055903547163215e-13	NaN	NaN	NaN	NaN	NaN	0	NaN	NaN	NaN	NaN	0	0.08676955508558017	2.2424166657481392	2.2424166657481392	0	1	NaN	NaN	NaN	NaN	9	298.0225560124716	297.7267027350529	95780.8895186632	1.1207755727140603	1005.6762709428646	0.025843357886720295	NaN	NaN	NaN	NaN	NaN	NaN	NaN	NaN	1.1625304320781413	0.8400602721367324	0.30373434043880143	1.4660944089287677	-4.4291459433032915e-14	-8.131773339397706e-15	1.4660944089287677	5.289009511728123	296.1476134411166	35.85238655888339	11.956700644046887	NaN	0.34010331040320696	0.9295202968544611	-194.12926598238317	-0.014938499794581044	NaN	0.044652921002076164	0	73.50221870617767	-11.154245262037108	25.23093315343633	62.828591039239654	95.81756558073322	134.385498125198	201.33396443551132	0.12832808939948934	1.01022624479471	16.88666719811616	1.0136631262134854	NaN	1	NaN	1	NaN	1	-0.006235211438575668	1.1481038169726214	NaN	NaN	800009909	800009909	800009909	800009909	800009909	800119919	899999999	899999999	89999	89999	89	89	1	4	9	22	0	0	7	NaN	0	0	0	0	0	0	0	0	0	NaN	NaN	NaN	NaN	0	0	0	0	0	0	0	0	2842	0	0	0	18000	18000	18000	18000	6	NaN	1.1290474783978253	0.59744985341894	0.13254326189215698	0.38816491542884624	NaN	NaN	2.500640879612794e-7	NaN	0.01498190657157294	NaN	NaN	-0.000006235211438575668	NaN	NaN	NaN	96145.95004210071	11.409939609050749	NaN	0	0	0	0	0.00029153217303165655	-1	0	2.1307595213386747	74.15408958707029	1.0000464052524831	-273.1499938964844	9.000472523609798	-273.1499938964844	183
DATA	2025-09-12T150000_AIU-0547.ghg	2025-09-12	15:30:00	255.645	1	18000	18000	0.11503735260585081	1	NaN	5.817066232997309	1	NaN	NaN	NaN	NaN	NaN	NaN	NaN	NaN	NaN	NaN	-0.005773368019985502	1	NaN	NaN	NaN	NaN	NaN	NaN	NaN	NaN	NaN	NaN	NaN	NaN	-5.445806897259737e-14	NaN	NaN	NaN	NaN	NaN	0	NaN	NaN	NaN	NaN	0	0.08711815532498741	2.2533347004634883	2.2533347004634883	-0.5	0	NaN	NaN	NaN	NaN	9	298.1312432132297	297.88870576561817	95751.81699739583	1.1198260472665353	1005.6808726865519	0.0258652710454853	NaN	NaN	NaN	NaN	NaN	NaN	NaN	NaN	1.7879441693188556	1.2909315703129312	0.3789803329296777	2.237604693546032	-9.311239717837673e-14	-6.251058550246598e-16	2.237604693546032	5.703428996589454	296.16995986797406	35.83004013202593	9.751119483498456	NaN	0.3205118985991714	1.053175487515022	-478.0048922743593	-0.006066883512848011	NaN	0.01611569712123183	0	75.82962457283048	-11.507438081490971	26.02985627271214	64.81802256868498	98.85157418872433	138.64073833746875	207.70908967978224	0.11407545755786043	1.0084320945853098	5.7403704812697605	1.013360766866494	NaN	1	NaN	1	NaN	1	-0.005013619592798159	1.1515369112324931	NaN	NaN	800009909	800009909	800009909	800009909	800009919	800019919	899999999	899999999	89999	89999	89	89	2	8	1	36	0	0	2	NaN	0	0	0	0	0	0	0	0	0	NaN	NaN	NaN	NaN	0	0	0	0	0	0	0	0	9882	0	0	0	18000	18000	18000	18000	6	NaN	1.5130990979295118	0.4843643570260654	0.10888752007446685	0.09510019924398576	NaN	NaN	4.557758333217779e-8	NaN	0.00509717057385913	NaN	NaN	-0.000005013619592798159	NaN	NaN	NaN	96136.81336067707	11.4399995803833	NaN	0	0	0	0	0.0002907333255279809	-1	0	2.140980735363784	74.37399967352556	1.0000474988669157	-273.1499938964844	9.000529270225101	-273.1499938964844	122
DATA	2025-09-12T153000_AIU-0547.ghg	2025-09-12	16:00:00	255.666	1	18000	18000	0.19952979822007139	1	NaN	86.62636335343835	1	NaN	NaN	NaN	NaN	NaN	NaN	NaN	NaN	NaN	NaN	-0.0623085352543807	1	NaN	NaN	NaN	NaN	NaN	NaN	NaN	NaN	NaN	NaN	NaN	NaN	-1.41686597873901e-12	NaN	NaN	NaN	NaN	NaN	0	NaN	NaN	NaN	NaN	0	0.08680054087495358	2.2529837845947056	2.2529837845947056	0	1	NaN	NaN	NaN	NaN	9	298.61761321258547	298.8546268581815	95726.98254231771	1.115917181088745	1005.7086338251606	0.025955872646466507	NaN	NaN	NaN	NaN	NaN	NaN	NaN	NaN	0.5719143841056156	0.49854332368179655	0.23484862431174292	0.7942199850644583	5.349957409868292e-15	-1.632323905423784e-14	0.7942199850644583	3.863053379232239	290.9210212317852	41.07897876821481	17.199349126194054	NaN	0.4228515234260115	0.7863713309686825	-73.6968709590341	-0.039350381668334655	NaN	0.18253999759668757	0	82.83097386965329	-12.569919848662295	28.433192922972307	70.8026706437502	107.97854011180274	151.44143781789083	226.88687009430248	0.19651777212527766	1.0153269908477978	85.2197315023345	1.0165059408931054	NaN	1	NaN	1	NaN	1	-0.05418654981972131	1.1498893260722678	NaN	NaN	800009909	800009909	800009909	800009909	800009909	800109919	899999999	899999999	89999	89999	89	89	5	2	5	9	0	0	7	NaN	0	0	0	0	0	0	0	0	0	NaN	NaN	NaN	NaN	0	0	0	0	0	0	0	0	5516	0	0	0	18000	18000	18000	18000	6	NaN	0.874185895440272	0.5465786918956101	0.1519780746014828	0.23502010424987338	NaN	NaN	1.1898350401742405e-7	NaN	0.07593395470185131	NaN	NaN	-0.00005418654981972131	NaN	NaN	NaN	96107.80170659722	11.434181113243104	NaN	0	0	0	0	0.0002922391668544151	-1	0	2.1426576820853684	76.88868531243014	1.000037841020359	-273.1499938964844	9.000453126298057	-273.1499938964844	159
DATA	2025-09-12T160000_AIU-0547.ghg	2025-09-12	16:30:00	255.687	1	18000	18000	0.06679137288271411	1	NaN	18.25322986932362	1	NaN	NaN	NaN	NaN	NaN	NaN	NaN	NaN	NaN	NaN	-0.012323494053538542	1	NaN	NaN	NaN	NaN	NaN	NaN	NaN	NaN	NaN	NaN	NaN	NaN	-3.414276107998497e-12	NaN	NaN	NaN	NaN	NaN	0	NaN	NaN	NaN	NaN	0	0.08667288511907843	2.25116422420377	2.25116422420377	-0.9	0	NaN	NaN	NaN	NaN	9	298.465746325175	299.0069896833633	95712.23020290799	1.1151766665908605	1005.7130634715946	0.02597310821153505	NaN	NaN	NaN	NaN	NaN	NaN	NaN	NaN	0.7831185022874675	0.6985221670077858	0.24470078247276839	1.0775371359582169	-1.6972578119008642e-13	-3.9392667075841305e-14	1.0775371359582169	3.485552391355656	290.26783427898386	41.732165721016166	13.125965116948807	NaN	0.24473064130580358	0.49713973326722943	-67.79768686882262	-0.04277432068753353	NaN	0.06650183201958157	0	74.16966771323216	-11.255533223892375	25.460046798939164	63.399116411696845	96.68765277171842	135.60580778203627	203.16221067098894	0.0659748847056316	1.0123757423862965	17.98798402705498	1.0147457236936441	NaN	1	NaN	1	NaN	1	-0.010733144161083778	1.1481718561296375	NaN	NaN	800009909	800009909	800009909	800009909	800009919	800009919	899999999	899999999	89999	89999	89	89	4	5	1	17	0	0	2	NaN	0	0	0	0	0	0	0	0	0	NaN	NaN	NaN	NaN	0	0	0	0	0	0	0	0	6212	0	0	0	18000	18000	18000	18000	6	NaN	0.5875985228907518	0.3395847441969092	0.06709619944679786	0.1651187550069058	NaN	NaN	1.439091965179494e-7	NaN	0.016038536175271945	NaN	NaN	-0.000010733144161083779	NaN	NaN	NaN	96090.80523394098	11.430000305175781	NaN	0	0	0	0	0.00029237120519974276	-1	0	2.141011645628346	74.84319113021436	1.0000385460903247	-273.1499938964844	9.00044247394138	-273.1499938964844	103
DATA	2025-09-12T163000_AIU-0547.ghg	2025-09-12	17:00:00	255.708	1	18000	18000	0.16174340727014144	1	NaN	4.3174296605169085	2	NaN	NaN	NaN	NaN	NaN	NaN	NaN	NaN	NaN	NaN	-0.033306924363702854	1	NaN	NaN	NaN	NaN	NaN	NaN	NaN	NaN	NaN	NaN	NaN	NaN	8.232311141509082e-13	NaN	NaN	NaN	NaN	NaN	0	NaN	NaN	NaN	NaN	0	0.0861362108807787	2.2367798904865905	2.2367798904865905	-0.2	0	NaN	NaN	NaN	NaN	9	298.5927324778238	298.94451806471085	95711.2807547743	1.1153986448068547	1005.7112455640615	0.025967939239659867	NaN	NaN	NaN	NaN	NaN	NaN	NaN	NaN	-0.22306611980151636	0.2162288492903973	0.11351801394741003	0.3307563280714262	2.086322612544955e-14	9.557317482775553e-15	0.3307563280714262	3.1848174728083674	196.1083095799748	135.8916904200252	20.072406144259716	NaN	0.38080113801237697	0.5468768089484234	-1079.8293712208308	-0.0026856094835810266	NaN	0.010107031387005031	0	77.10284564117231	-11.700654290730164	26.466911864099064	65.90635278801031	100.51134644270611	140.96859252342998	211.19663944092343	0.15701002880480586	1.0301469817015325	4.20752256168897	1.026121570880851	NaN	1	NaN	1	NaN	1	-0.028632649708627108	1.1632498110598326	NaN	NaN	800009909	800009909	800009909	800009909	800009909	800009909	899999999	899999999	89999	89999	89	89	0	10	1	19	0	0	1	NaN	0	0	0	0	0	0	0	0	0	NaN	NaN	NaN	NaN	0	0	0	0	0	0	0	0	2915	0	0	0	18000	18000	18000	18000	6	NaN	0.2399146225504941	0.7064016455558153	0.14743734979053744	0.2964309991445184	NaN	NaN	1.2807388528739433e-7	NaN	0.003750792462918832	NaN	NaN	-0.000028632649708627108	NaN	NaN	NaN	96089.75477517361	11.420848429044089	NaN	0	0	0	0	0.00029277777003072634	-1	0	2.1272080479727844	78.01042248535526	1.000042729852928	-273.1499938964844	9.000419926087062	-273.1499938964844	040
DATA	2025-09-12T170000_AIU-0547.ghg	2025-09-12	17:30:00	255.729	1	18000	18000	0.08203973774475565	1	NaN	67.61967671072496	1	NaN	NaN	NaN	NaN	NaN	NaN	NaN	NaN	NaN	NaN	-0.07606953837588522	1	NaN	NaN	NaN	NaN	NaN	NaN	NaN	NaN	NaN	NaN	NaN	NaN	-1.9110779209806393e-12	NaN	NaN	NaN	NaN	NaN	0	NaN	NaN	NaN	NaN	0	0.086889297717049	2.2370834276311142	2.2370834276311142	-0.6	0	NaN	NaN	NaN	NaN	9	296.46543545532234	296.37940835740835	95706.65846940104	1.1249978832542376	1005.6386051293347	0.02574636331986562	NaN	NaN	NaN	NaN	NaN	NaN	NaN	NaN	0.37782837623501536	-0.00590276946398849	0.2439744168763911	0.4497917747868439	-1.3367759353133595e-13	-2.1994399439203395e-14	0.4497917747868439	1.7383727554507955	332.8950525883704	359.10494741162955	32.84828287145547	NaN	0.27004508612379924	0.2641997322547605	-24.585276451813467	-0.11795677814255733	NaN	0.22133147014942758	0	92.58673849274818	-14.050394768197744	31.782031221989232	79.14175151190356	120.69616460012348	169.2780869904498	253.60942081782673	0.08014465434291822	1.0236457867012423	66.17395917175902	1.0218472274752894	NaN	1	NaN	1	NaN	1	-0.06574479327478189	1.1570427799194807	NaN	NaN	800009909	800009909	800009909	800009909	800009909	800009909	899999999	899999999	89999	89999	89	89	2	3	0	12	0	0	1	NaN	0	0	0	0	0	0	0	0	0	NaN	NaN	NaN	NaN	0	0	0	0	0	0	0	0	2641	0	0	0	18000	18000	18000	18000	6	NaN	0.10146321486985119	0.38001304641450795	0.046923203225161886	0.32685833731821057	NaN	NaN	6.429773487363664e-7	NaN	0.05849159669991338	NaN	NaN	-0.00006574479327478188	NaN	NaN	NaN	96076.2410655382	11.422485688739352	NaN	0	0	0	0	0.0002902879914100695	-1	0	2.1207902832627283	74.48637479527873	1.0000403892795244	-273.1499938964844	9.0004454542266	-273.1499938964844	236
DATA	2025-09-12T173000_AIU-0547.ghg	2025-09-12	18:00:00	255.749	1	18000	18000	0.03126608419845595	1	NaN	34.76417273420506	1	NaN	NaN	NaN	NaN	NaN	NaN	NaN	NaN	NaN	NaN	0.014895183251215813	2	NaN	NaN	NaN	NaN	NaN	NaN	NaN	NaN	NaN	NaN	NaN	NaN	-1.8479255102628533e-12	NaN	NaN	NaN	NaN	NaN	0	NaN	NaN	NaN	NaN	0	0.08675582812942215	2.2243602388640493	2.2243602388640493	-0.1	0	NaN	NaN	NaN	NaN	9	296.0760631281534	295.12542235032515	95699.6122554144	1.1296948142933065	1005.6045175734109	0.025639317689939562	NaN	NaN	NaN	NaN	NaN	NaN	NaN	NaN	0.7051253560950019	0.4098850816641506	0.2851333235373187	0.8640072685865456	-3.7631801984414655e-14	-2.1300303969274805e-14	0.8640072685865456	2.4921848339366863	301.8308235172449	30.169176482755105	19.26954296014618	NaN	0.16636278380464498	0.14963450232109723	-11.179913287699273	-0.25939378288297926	NaN	0.18394473824220225	1	8.020748115914913	4	6	11	17	29	73	0.03082158572713836	1.0144216613399684	34.218396848396544	1.0159497795360362	NaN	1	NaN	1	NaN	1	0.01296061978991637	1.1492647336823023	NaN	NaN	800009909	800009909	800009909	800009919	800009919	800119919	899999999	899999999	89999	89999	89	89	0	11	4	7	0	0	6	NaN	0	0	0	0	0	0	0	0	0	NaN	NaN	NaN	NaN	0	4	0	0	0	0	0	0	6408	0	0	0	18000	18000	18000	18000	6	NaN	0.11618109419228721	0.16171989976848847	0.021368010681418782	0.18184264799322683	NaN	NaN	6.671566657725346e-7	NaN	0.03012113328491948	NaN	NaN	0.00001296061978991637	NaN	NaN	NaN	96068.63130729167	11.430000305175781	NaN	0	0	0	0	0.00028876674131283326	-1	0	2.1054553580902278	72.5899723960029	1.0000518477112055	-273.1499938964844	9.000553595754836	-273.1499938964844	204
DATA	2025-09-12T180000_AIU-0547.ghg	2025-09-12	18:30:00	255.77	0	18000	18000	0.02234389819194472	1	NaN	16.691797515740515	1	NaN	NaN	NaN	NaN	NaN	NaN	NaN	NaN	NaN	NaN	-0.02987182693065165	2	NaN	NaN	NaN	NaN	NaN	NaN	NaN	NaN	NaN	NaN	NaN	NaN	-2.327088244746497e-13	NaN	NaN	NaN	NaN	NaN	0	NaN	NaN	NaN	NaN	0	0.08708354277474165	2.2256514582768685	2.2256514582768685	0	1	NaN	NaN	NaN	NaN	9	295.3883387374877	294.21286321682396	95708.52246180555	1.1333042928122727	1005.5802988709979	0.025557658627117924	NaN	NaN	NaN	NaN	NaN	NaN	NaN	NaN	0.7246654494060136	0.5770297792543464	0.27005172507061037	0.9648996393007607	-2.7697054350720135e-14	-2.672248016787694e-15	0.9648996393007607	2.4407735714985463	293.47072160818993	38.52927839181007	16.252771585351756	NaN	0.1404126400369152	0.07969356733862866	-14.000247546469405	-0.2071391945302656	NaN	0.1043118415800137	1	12.8731849578934	6	10	18	28	47	117	0.022049719418653156	1.0133416107346338	16.440222644619972	1.015302400494124	NaN	1	NaN	1	NaN	1	-0.026006768334232315	1.1486174116963166	NaN	NaN	800009909	800009909	800009909	800009909	800119919	800119919	899999999	899999999	89999	89999	89	89	0	2	1	5	0	0	4	NaN	0	0	0	0	0	0	0	0	0	NaN	NaN	NaN	NaN	0	0	0	0	0	0	0	0	16803	0	0	0	18000	18000	18000	18000	6	NaN	0.07926592867201462	0.06015290287312333	0.019968303132119353	0.12588778971859282	NaN	NaN	0.0000011493873070927696	NaN	0.014425949408012805	NaN	NaN	-0.000026006768334232315	NaN	NaN	NaN	96080.36809418403	11.441637794388663	NaN	0	0	0	0	0.0002871714266269313	-1	0	2.1046067622105307	65.8090051426891	1.0000806579631236	-335.0044964938871	9.00072507115205	-299.4341200001998	188
DATA	2025-09-12T183000_AIU-0547.ghg	2025-09-12	19:00:00	255.791	0	18000	18000	0.012458556959631604	1	NaN	15.575894965149912	1	NaN	NaN	NaN	NaN	NaN	NaN	NaN	NaN	NaN	NaN	-0.024839006781307037	1	NaN	NaN	NaN	NaN	NaN	NaN	NaN	NaN	NaN	NaN	NaN	NaN	5.6016596495907265e-14	NaN	NaN	NaN	NaN	NaN	0	NaN	NaN	NaN	NaN	0	0.0875290838020544	2.2289667895146565	2.2289667895146565	0	1	NaN	NaN	NaN	NaN	9	294.4383114886814	293.21125507948136	95728.1006046007	1.137408275180391	1005.5542867985253	0.025465441801669358	NaN	NaN	NaN	NaN	NaN	NaN	NaN	NaN	0.7728830946519976	0.682496075709812	0.26151358554776183	1.0637379972456549	3.07459645329145e-15	6.399769546610116e-16	1.0637379972456549	2.129174310635072	290.55381732852265	41.44618267147736	14.23171594448914	NaN	0.10465878273409623	0.05785753378493777	-6.213644832775968	-0.4667147991309337	NaN	0.13012340682364779	1	19.184786187065257	9	15	25	38	62	144	0.012304954319520807	1.0124829914945006	15.348641666919741	1.0148060853306622	NaN	1	NaN	1	NaN	1	-0.02163274539909698	1.1482133369139498	NaN	NaN	800009909	800009909	800009909	800009909	800009909	800009909	899999999	899999999	89999	89999	89	89	7	4	0	19	0	0	0	NaN	0	0	0	0	0	0	0	0	0	NaN	NaN	NaN	NaN	0	0	0	0	0	0	0	0	18000	0	0	0	18000	18000	18000	18000	6	NaN	0.053560222621676486	0.03881758533887398	0.02333725960932507	0.12499402574285119	NaN	NaN	6.373190637283267e-7	NaN	0.013419861745250696	NaN	NaN	-0.000021632745399096978	NaN	NaN	NaN	96101.32979188368	11.449999809265137	NaN	0	0	0	0	0.0002856382822436798	-1	0	2.105677411556244	63.1350902766121	1.0000916234387291	-273.1499938964844	9.000916089455286	-273.1499938964844	169
DATA	2025-09-12T190000_AIU-0547.ghg	2025-09-12	19:30:00	255.812	0	18000	18000	0.014721795179931963	1	NaN	14.643581380885786	0	NaN	NaN	NaN	NaN	NaN	NaN	NaN	NaN	NaN	NaN	-0.02165901212394441	0	NaN	NaN	NaN	NaN	NaN	NaN	NaN	NaN	NaN	NaN	NaN	NaN	1.4240992370183767e-13	NaN	NaN	NaN	NaN	NaN	0	NaN	NaN	NaN	NaN	0	0.08863804674934933	2.2496978777825505	2.2496978777825505	0.2	0	NaN	NaN	NaN	NaN	9	293.60264363098145	292.2625240325927	95736.84900694444	1.1412047678633048	1005.5301980042102	0.025380724872517173	NaN	NaN	NaN	NaN	NaN	NaN	NaN	NaN	0.8648940997628752	0.7991336084502044	0.30775461465552784	1.2171151263545537	9.69305907461069e-15	1.6066455537377133e-15	1.2171151263545537	2.2292454166989524	289.26308671813706	42.73691328186295	14.646568088	NaN	0.11357914547385708	0.09208575372909926	-8.447706492982148	-0.3432884419468346	NaN	0.1123543814050644	1	22.198599864638535	10	18	30	45	74	173	0.01455537348454293	1.0114336946122175	14.438059104051318	1.0142347579652724	NaN	1	NaN	1	NaN	1	-0.018867920989998246	1.1479278578400716	NaN	NaN	800009909	800009909	800009909	800009909	800009909	800019919	899999999	899999999	89999	89999	89	89	6	6	0	46	0	0	2	NaN	0	0	0	0	0	0	0	0	0	NaN	NaN	NaN	NaN	0	0	0	0	0	0	0	0	17901	0	0	0	18000	18000	18000	18000	6	NaN	0.07712735608384935	0.07456005819929816	0.032484093175051	0.06811073686708065	NaN	NaN	2.8336404071501403e-7	NaN	0.012582012724383456	NaN	NaN	-0.000018867920989998245	NaN	NaN	NaN	96111.88438650174	11.431698040856256	NaN	0	0	0	0	0.0002844733987682655	-1	0	2.123205234643486	65.59084506267993	1.0001070206198428	-273.1499938964844	9.000999123414358	-273.1499938964844	108
DATA	2025-09-12T193000_AIU-0547.ghg	2025-09-12	20:00:00	255.833	0	18000	18000	0.023916752080766115	1	NaN	21.25143905306876	0	NaN	NaN	NaN	NaN	NaN	NaN	NaN	NaN	NaN	NaN	-0.014026618089321064	0	NaN	NaN	NaN	NaN	NaN	NaN	NaN	NaN	NaN	NaN	NaN	NaN	-1.284179314212177e-13	NaN	NaN	NaN	NaN	NaN	0	NaN	NaN	NaN	NaN	0	0.08907762197214977	2.2560810844011567	2.2560810844011567	0.2	0	NaN	NaN	NaN	NaN	9	293.0169559521145	291.63398151821565	95733.08570442708	1.143619386987933	1005.5145336736527	0.025327136428344745	NaN	NaN	NaN	NaN	NaN	NaN	NaN	NaN	0.9577663244481489	0.7548560638459197	0.30154086885369924	1.256204961366136	2.411410629167674e-14	-1.441640768782172e-15	1.256204961366136	2.6467168375818373	293.7568638307199	38.24313616928007	13.888968389671792	NaN	0.14461400250572365	0.14020793828016984	-12.014731530530193	-0.24137035377202698	NaN	0.12779331506748506	1	17.76178282232636	8	14	24	38	62	152	0.02365163199101395	1.0112093782726237	20.955551070446923	1.0141197901036887	NaN	1	NaN	1	NaN	1	-0.012219276312847896	1.1479090684423632	NaN	NaN	800009909	800009909	800009909	800009909	800009919	800009919	899999999	899999999	89999	89999	89	89	2	0	0	36	0	0	7	NaN	0	0	0	0	0	0	0	0	0	NaN	NaN	NaN	NaN	0	0	0	0	0	0	0	0	17567	0	0	0	18000	18000	18000	18000	6	NaN	0.10417363693522018	0.13296659619635678	0.0432756434287627	0.07688675630796198	NaN	NaN	2.555562185740941e-7	NaN	0.018223392310975865	NaN	NaN	-0.000012219276312847897	NaN	NaN	NaN	96109.27975911458	11.430000305175781	NaN	0	0	0	0	0.0002837469120600467	-1	0	2.127540887952845	65.15925551647636	1.000121686336067	-273.1499938964844	9.001071075598398	-273.1499938964844	142
DATA	2025-09-12T200000_AIU-0547.ghg	2025-09-12	20:30:00	255.854	0	18000	18000	0.03253204684977662	0	NaN	32.4220108114341	0	NaN	NaN	NaN	NaN	NaN	NaN	NaN	NaN	NaN	NaN	-0.02264746106177786	1	NaN	NaN	NaN	NaN	NaN	NaN	NaN	NaN	NaN	NaN	NaN	NaN	-1.932282160322968e-13	NaN	NaN	NaN	NaN	NaN	0	NaN	NaN	NaN	NaN	0	0.0890946629887264	2.2514603466666463	2.2514603466666463	0.1	0	NaN	NaN	NaN	NaN	9	292.29577277628584	290.9977100541564	95738.57929778716	1.1461856998101219	1005.4989159533537	0.025270428902700207	NaN	NaN	NaN	NaN	NaN	NaN	NaN	NaN	1.0735064135036985	0.6828856191257489	0.3105183201187768	1.309645148798587	9.602664149783369e-15	-2.1687967556120273e-15	1.309645148798587	2.5082983449798624	299.5384892521836	32.46151074781643	13.715508523444456	NaN	0.16847218235081945	0.22315094951020523	-12.451655100282785	-0.23290076513074467	NaN	0.16698411229058077	1	15.209734965930048	7	12	21	32	54	133	0.03218044576726154	1.01092592330939	31.975021510671738	1.0139793276014897	NaN	1	NaN	1	NaN	1	-0.0197292221836233	1.147914542752573	NaN	NaN	800009909	800009909	800009909	800009919	800009919	800009919	899999999	899999999	89999	89999	89	89	3	0	0	43	0	0	1	NaN	0	0	0	0	0	0	0	0	0	NaN	NaN	NaN	NaN	0	14	0	0	0	0	0	0	16252	0	0	0	18000	18000	18000	18000	6	NaN	0.2295334957820236	0.17611129642990497	0.04065710680848188	0.08407213722278783	NaN	NaN	1.5066097873067696e-7	NaN	0.027744330727188984	NaN	NaN	-0.000019729222183623303	NaN	NaN	NaN	96115.9599359809	11.430000305175781	NaN	0	0	0	0	0.00028353536466278864	-1	0	2.121827571874416	70.12236775681515	1.0001252350840304	-316.91649573432744	9.00100996099578	-273.1499938964844	210
DATA	2025-09-12T203000_AIU-0547.ghg	2025-09-12	21:00:00	255.874	0	18000	18000	0.06885074361849874	1	NaN	33.14979817087289	1	NaN	NaN	NaN	NaN	NaN	NaN	NaN	NaN	NaN	NaN	-0.03130690040205928	1	NaN	NaN	NaN	NaN	NaN	NaN	NaN	NaN	NaN	NaN	NaN	NaN	1.527813972862522e-12	NaN	NaN	NaN	NaN	NaN	0	NaN	NaN	NaN	NaN	0	0.08920522804161488	2.252643688203135	2.252643688203135	0.1	0	NaN	NaN	NaN	NaN	9	292.0859911092122	290.87262317698605	95765.85112340424	1.1470052452454864	1005.4958739203262	0.025252372956798684	NaN	NaN	NaN	NaN	NaN	NaN	NaN	NaN	0.8542057411624516	0.4418790647769756	0.309838431666626	1.0104080412687821	1.6862808879014728e-14	1.7126955520474494e-14	1.0104080412687821	2.6814149942543692	304.6475573064863	27.35244269351374	17.857269134726387	NaN	0.24500312039117178	0.24008905511873027	-37.46307191892245	-0.07740956230915012	NaN	0.11731770976127946	0	84.66180593135789	-12.847755677421267	29.061658324114735	72.36763835344871	110.3652146126222	154.78878274062413	231.90180275466375	0.06797219745360929	1.0129250811037713	32.657996400561416	1.0150591531788833	NaN	1	NaN	1	NaN	1	-0.027261168967733857	1.1484063812198928	NaN	NaN	800009909	800009909	800009909	800009919	800009919	800009919	899999999	899999999	89999	89999	89	89	1	1	0	4	0	0	2	NaN	0	0	0	0	0	0	0	0	0	NaN	NaN	NaN	NaN	0	0	0	0	0	0	101	0	15917	0	0	21	18000	18000	18000	18000	6	NaN	0.2389726536549179	0.19289830073774816	0.048307155844794426	0.14418603484309367	NaN	NaN	2.0589721223773108e-7	NaN	0.028316778267201047	NaN	NaN	-0.000027261168967733856	NaN	NaN	NaN	96145.79245399305	11.430000305175781	NaN	0	0	0	0	0.00028319981872724993	-1	0	2.1232441237800623	69.51540197631982	1.000152030641834	-273.1499938964844	9.00119440404574	-273.1499938964844	236
DATA	2025-09-12T210000_AIU-0547.ghg	2025-09-12	21:30:00	255.895	0	18000	18000	0.05242325338988083	1	NaN	30.283043581520115	1	NaN	NaN	NaN	NaN	NaN	NaN	NaN	NaN	NaN	NaN	0.003054992650724535	1	NaN	NaN	NaN	NaN	NaN	NaN	NaN	NaN	NaN	NaN	NaN	NaN	-6.165084647736068e-13	NaN	NaN	NaN	NaN	NaN	0	NaN	NaN	NaN	NaN	0	0.08871528380798581	2.2397993456031426	2.2397993456031426	0.3	0	NaN	NaN	NaN	NaN	9	292.06448445383705	290.89587311130106	95793.69226801215	1.1472470023966526	1005.4964386400561	0.025247051572882692	NaN	NaN	NaN	NaN	NaN	NaN	NaN	NaN	0.7178169544255745	0.30969272958711525	0.2993974766181791	0.8371437247123449	4.215251243648799e-15	-6.9492925943625405e-15	0.8371437247123449	2.4172912991570055	308.6628496708453	23.33715032915473	20.955433128689155	NaN	0.21376348396688746	0.17123699583482957	-27.24337088556456	-0.10644791395974507	NaN	0.12280853033802373	0	83.70256197724233	-12.70218670659737	28.73238091575681	71.5476910489883	109.11474323775383	153.03497885733304	229.27428495258343	0.05166110834132107	1.014752781599735	29.801691008232293	1.0161518543748023	NaN	1	NaN	1	NaN	1	0.0026577022946073017	1.1494864029441403	NaN	NaN	800009909	800009909	800009909	800009909	800009919	800009919	899999999	899999999	89999	89999	89	89	0	3	0	5	0	0	2	NaN	0	0	0	0	0	0	0	0	0	NaN	NaN	NaN	NaN	0	0	0	0	0	0	0	0	16610	0	0	0	18000	18000	18000	18000	6	NaN	0.156659419025342	0.14797839828387713	0.037836174360440025	0.12129727062523507	NaN	NaN	5.49631876898398e-7	NaN	0.025834700977897584	NaN	NaN	0.000002657702294607302	NaN	NaN	NaN	96176.27310525173	11.430000305175781	NaN	0	0	0	0	0.00028299946220229486	-1	0	2.111634935743279	75.40884589025717	1.0001376386185488	-273.1499938964844	9.001164792484706	-273.1499938964844	236
DATA	2025-09-12T213000_AIU-0547.ghg	2025-09-12	22:00:00	255.916	0	18000	18000	0.07124505646218378	1	NaN	36.90744449653223	1	NaN	NaN	NaN	NaN	NaN	NaN	NaN	NaN	NaN	NaN	-0.02099543907046034	1	NaN	NaN	NaN	NaN	NaN	NaN	NaN	NaN	NaN	NaN	NaN	NaN	1.8313651402735517e-13	NaN	NaN	NaN	NaN	NaN	0	NaN	NaN	NaN	NaN	0	0.08906438360383574	2.2521712330069565	2.2521712330069565	0.7	0	NaN	NaN	NaN	NaN	9	292.4839580900404	291.37335766940646	95799.34030859375	1.145434496645577	1005.508107379126	0.02528700185053503	NaN	NaN	NaN	NaN	NaN	NaN	NaN	NaN	0.6161726258309757	0.26090113723510033	0.248325099503824	0.7137250614050236	2.6703099104336197e-15	2.0562261435722554e-15	0.7137250614050236	2.236820706133659	309.051124648843	22.948875351157003	20.360648840952646	NaN	0.2493975818502229	0.24383652423153243	-35.501431799673206	-0.08168684621972612	NaN	0.1284889860406744	0	90.66727379450093	-13.759108594896523	31.123141104869717	77.50102195756837	118.19394850594793	165.76869334018696	248.35170963448184	0.07008277767285953	1.0165843710526097	36.28007807654008	1.0172923117383759	NaN	1	NaN	1	NaN	1	-0.018243549992894986	1.1508417538602458	NaN	NaN	800009909	800009909	800009909	800009909	800019919	800119919	899999999	899999999	89999	89999	89	89	1	0	2	19	0	0	0	NaN	0	0	0	0	0	0	0	0	0	NaN	NaN	NaN	NaN	0	0	0	0	0	0	0	0	15476	0	0	0	18000	18000	18000	18000	6	NaN	0.2391808056650606	0.20631820910151427	0.042174033696490025	0.1765309666068552	NaN	NaN	1.0186034995460925e-7	NaN	0.03150013230530777	NaN	NaN	-0.000018243549992894985	NaN	NaN	NaN	96183.49320052084	11.430000305175781	NaN	0	0	0	0	0.0002830785130726225	-1	0	2.124542692138089	75.58666349180001	1.0001139403813415	-314.7362456427705	9.000966485394372	-273.1499938964844	110
DATA	2025-09-12T220000_AIU-0547.ghg	2025-09-12	22:30:00	255.937	0	18000	18000	0.08003922544932947	1	NaN	19.70885519571112	1	NaN	NaN	NaN	NaN	NaN	NaN	NaN	NaN	NaN	NaN	-0.01724198829273691	1	NaN	NaN	NaN	NaN	NaN	NaN	NaN	NaN	NaN	NaN	NaN	NaN	9.851460375578748e-13	NaN	NaN	NaN	NaN	NaN	0	NaN	NaN	NaN	NaN	0	0.08913806968250478	2.2561938258974874	2.2561938258974874	-0.6	0	NaN	NaN	NaN	NaN	9	292.75775350019666	291.68886812337234	95811.29142838542	1.144338257249826	1005.5158921799407	0.025311225988331142	NaN	NaN	NaN	NaN	NaN	NaN	NaN	NaN	0.46550657819319624	0.017030086806257363	0.26361025142407224	0.53523524066867	-1.0170592860530234e-14	1.105191127726687e-14	0.53523524066867	2.5363243455659013	329.90482630753877	2.0951736924611266	29.505880319085854	NaN	0.2644686692309893	0.2556052786022564	-79.28416636526447	-0.03657729068676355	NaN	0.06476551336666275	0	82.1698896700489	-12.469597770893163	28.206264109902207	70.23758581297139	107.11675009015464	150.23276505902257	225.0760580525043	0.07842016623473937	1.0206459548905276	19.324410850420417	1.0198942336853876	NaN	1	NaN	1	NaN	1	-0.01493721288688197	1.1542975535870563	NaN	NaN	800009909	800009909	800009909	800009909	800019919	810119919	899999999	899999999	89999	89999	89	89	1	0	1	28	0	0	2	NaN	0	0	0	0	0	0	0	0	0	NaN	NaN	NaN	NaN	0	0	0	0	0	0	0	0	15650	0	0	0	18000	18000	18000	18000	6	NaN	0.173045970897947	0.277511380816457	0.0606532054901088	0.2741760984028845	NaN	NaN	1.71911290570831e-7	NaN	0.01679433863475186	NaN	NaN	-0.00001493721288688197	NaN	NaN	NaN	96195.15399197048	11.434971293025546	NaN	0	0	0	0	0.00028293504390361094	-1	0	2.1293685406446463	76.0185398611492	1.0001110125266843	-342.11049679227614	9.000929946952397	-273.1499938964844	185
DATA	2025-09-12T223000_AIU-0547.ghg	2025-09-12	23:00:00	255.958	0	18000	18000	0.10123903012013805	1	NaN	26.08131315675122	1	NaN	NaN	NaN	NaN	NaN	NaN	NaN	NaN	NaN	NaN	0.005592503028091075	1	NaN	NaN	NaN	NaN	NaN	NaN	NaN	NaN	NaN	NaN	NaN	NaN	1.099240305234724e-12	NaN	NaN	NaN	NaN	NaN	0	NaN	NaN	NaN	NaN	0	0.08922702875050405	2.253098946411828	2.253098946411828	0	1	NaN	NaN	NaN	NaN	9	292.16174651167125	291.0873758561876	95840.60750585937	1.1470537408306045	1005.5011022925672	0.02525130532713273	NaN	NaN	NaN	NaN	NaN	NaN	NaN	NaN	0.5075345688210275	0.15883997572301264	0.2712796531472431	0.5970042936593696	1.5551441420633035e-15	1.2319588813255359e-14	0.5970042936593696	2.060870723259015	314.6217660709308	17.378233929069236	27.026433008334106	NaN	0.2970859444180865	0.23641245882865855	-84.9435704271588	-0.034140312037940775	NaN	0.07611688937672305	0	91.15230983107355	-13.832714684727424	31.289638280481412	77.91562346644166	118.82624196676302	166.65549390935135	249.68029848331133	0.09935323280567138	1.0189807343074098	25.5995432765627	1.0188194716985284	NaN	1	NaN	1	NaN	1	0.00485110455449098	1.1528308584719607	NaN	NaN	800009909	800009909	800009909	800009909	800009919	800009919	899999999	899999999	89999	89999	89	89	4	0	1	2	0	0	3	NaN	0	0	0	0	0	0	0	0	0	NaN	NaN	NaN	NaN	0	0	0	0	0	0	0	0	16012	0	0	0	18000	18000	18000	18000	6	NaN	0.2181840838987541	0.19558917894940947	0.059051654809153524	0.11019539620661555	NaN	NaN	1.1138954823337626e-7	NaN	0.02219554945190733	NaN	NaN	0.00000485110455449098	NaN	NaN	NaN	96220.46619097222	11.449999809265137	NaN	0	0	0	0	0.0002828632470692456	-1	0	2.1255809937119476	76.1910299441338	1.0001207508229548	-320.4694958835195	9.001011378818088	-273.1499938964844	170
DATA	2025-09-12T230000_AIU-0547.ghg	2025-09-12	23:30:00	255.979	0	18000	18000	0.12433479934412713	1	NaN	57.54255677461893	1	NaN	NaN	NaN	NaN	NaN	NaN	NaN	NaN	NaN	NaN	-0.07006041809479764	1	NaN	NaN	NaN	NaN	NaN	NaN	NaN	NaN	NaN	NaN	NaN	NaN	-1.4290179808776033e-12	NaN	NaN	NaN	NaN	NaN	0	NaN	NaN	NaN	NaN	0	0.08899380421912714	2.2448183039257836	2.2448183039257836	-0.2	0	NaN	NaN	NaN	NaN	9	291.895806916131	290.8298670748975	95857.83192295405	1.1482757041787122	1005.494836252476	0.02522443358414509	NaN	NaN	NaN	NaN	NaN	NaN	NaN	NaN	0.5930477344951097	0.1671372599292788	0.25837731172158235	0.6681312103613369	-7.911711460184681e-15	-1.6057499658728705e-14	0.6681312103613369	2.4985284455469388	316.2606950451093	15.739304954890697	22.750339307464646	NaN	0.3290586116074685	0.30264497850840844	-52.32356121416516	-0.05542436204084108	NaN	0.1514571824571904	0	100.3383369621223	-15.22672974178356	34.44290413515777	85.76770129553601	130.80115609247338	183.45048123799666	274.8422499490127	0.12220531451150855	1.0174254682877808	56.53482898711276	1.0178249020216525	NaN	1	NaN	1	NaN	1	-0.060841744683638656	1.1515188865653623	NaN	NaN	800009909	800009909	800009909	800009919	800009919	800019919	899999999	899999999	89999	89999	89	89	0	2	0	13	0	0	0	NaN	0	0	0	0	0	0	0	0	0	NaN	NaN	NaN	NaN	0	1	0	0	0	0	0	0	13477	0	0	0	18000	18000	18000	18000	6	NaN	0.3210295030660796	0.22727469546136223	0.05698575848937508	0.29517945350860847	NaN	NaN	3.281613157358135e-7	NaN	0.04896548520118825	NaN	NaN	-0.000060841744683638656	NaN	NaN	NaN	96237.39304817708	11.432543297979569	NaN	0	0	0	0	0.0002828194923543682	-1	0	2.117487736483416	76.79784105261156	1.0000910539858872	-398.0702491421155	9.000772365411123	-273.1499938964844	054
