DATAH	filename	date	time	DOY	daytime	file_records	used_records	Tau	qc_Tau	rand_err_Tau	H	qc_H	rand_err_H	LE	qc_LE	rand_err_LE	co2_flux	qc_co2_flux	rand_err_co2_flux	h2o_flux	qc_h2o_flux	rand_err_h2o_flux	ch4_flux	qc_ch4_flux	rand_err_ch4_flux	none_flux	qc_none_flux	rand_err_none_flux	H_strg	LE_strg	co2_strg	h2o_strg	ch4_strg	none_strg	co2_v-adv	h2o_v-adv	ch4_v-adv	none_v-adv	co2_molar_density	co2_mole_fraction	co2_mixing_ratio	co2_time_lag	co2_def_timelag	h2o_molar_density	h2o_mole_fraction	h2o_mixing_ratio	h2o_time_lag	h2o_def_timelag	ch4_molar_density	ch4_mole_fraction	ch4_mixing_ratio	ch4_time_lag	ch4_def_timelag	none_molar_density	none_mole_fraction	none_mixing_ratio	none_time_lag	none_def_timelag	sonic_temperature	air_temperature	air_pressure	air_density	air_heat_capacity	air_molar_volume	ET	water_vapor_density	e	es	specific_humidity	RH	VPD	Tdew	u_unrot	v_unrot	w_unrot	u_rot	v_rot	w_rot	wind_speed	max_wind_speed	wind_dir	yaw	pitch	roll	u*	TKE	L	(z-d)/L	bowen_ratio	T*	model	x_peak	x_offset	x_10%	x_30%	x_50%	x_70%	x_90%	un_Tau	Tau_scf	un_H	H_scf	un_LE	LE_scf	un_co2_flux	co2_scf	un_h2o_flux	h2o_scf	un_ch4_flux	ch4_scf	un_none_flux	un_none_scf	spikes_hf	amplitude_resolution_hf	drop_out_hf	absolute_limits_hf	skewness_kurtosis_hf	skewness_kurtosis_sf	discontinuities_hf	discontinuities_sf	timelag_hf	timelag_sf	attack_angle_hf	non_steady_wind_hf	u_spikes	v_spikes	w_spikes	ts_spikes	co2_spikes	h2o_spikes	ch4_spikes	none_spikes	head_detect_LI-7200	t_out_LI-7200	t_in_LI-7200	aux_in_LI-7200	delta_p_LI-7200	chopper_LI-7200	detector_LI-7200	pll_LI-7200	sync_LI-7200	chopper_LI-7500	detector_LI-7500	pll_LI-7500	sync_LI-7500	not_ready_LI-7700	no_signal_LI-7700	re_unlocked_LI-7700	bad_temp_LI-7700	laser_temp_unregulated_LI-7700	block_temp_unregulated_LI-7700	motor_spinning_LI-7700	pump_on_LI-7700	top_heater_on_LI-7700	bottom_heater_on_LI-7700	calibrating_LI-7700	motor_failure_LI-7700	bad_aux_tc1_LI-7700	bad_aux_tc2_LI-7700	bad_aux_tc3_LI-7700	box_connected_LI-7700	mean_value_RSSI_LI-7200	mean_value_LI-7500	u_var	v_var	w_var	ts_var	co2_var	h2o_var	ch4_var	none_var	w/ts_cov	w/co2_cov	w/h2o_cov	w/ch4_cov	w/none_cov	co2_mean	h2o_mean	air_p_mean	vin_sf_mean	dew_point_mean	avg_signal_strength_7200_mean	co2_signal_strength_7200_mean	h2o_signal_strength_7200_mean	delta_signal_strength_7200_mean	flowrate_mean	hit_power_mean	hit_vin_mean	ch4_mean	rssi_77_mean	ch4_aux-1_mean	ch4_aux-2_mean	ch4_aux-3_mean	ch4_aux-4_mean	CHK
DATAU		[yyyy-mm-dd]	[HH:MM]	[ddd.ddd]	[1=daytime]	[#]	[#]	[kg+1m-1s-2]	[#]	[kg+1m-1s-2]	[W+1m-2]	[#]	[W+1m-2]	[W+1m-2]	[#]	[W+1m-2]	[µmol+1s-1m-2]	[#]	[µmol+1s-1m-2]	[mmol+1s-1m-2]	[#]	[mmol+1s-1m-2]	[µmol+1s-1m-2]	[#]	[µmol+1s-1m-2]	[µmol+1s-1m-2]	[#]	[µmol+1s-1m-2]	[W+1m-2]	[W+1m-2]	[µmol+1s-1m-2]	[mmol+1s-1m-2]	[µmol+1s-1m-2]	[µmol+1s-1m-2]	[µmol+1s-1m-2]	[mmol+1s-1m-2]	[µmol+1s-1m-2]	[µmol+1s-1m-2]	[mmol+1m-3]	[µmol+1mol_a-1]	[µmol+1mol_d-1]	[s]	[1=default]	[mmol+1m-3]	[mmol+1mol_a-1]	[mmol+1mol_d-1]	[s]	[1=default]	[mmol+1m-3]	[µmol+1mol_a-1]	[µmol+1mol_d-1]	[s]	[1=default]	[mmol+1m-3]	[µmol+1mol_a-1]	[µmol+1mol_d-1]	[s]	[1=default]	[K]	[K]	[Pa]	[kg+1m-3]	[J+1kg-1K-1]	[m+3mol-1]	[mm]	[kg+1m-3]	[Pa]	[Pa]	[kg+1kg-1]	[%]	[Pa]	[K]	[m+1s-1]	[m+1s-1]	[m+1s-1]	[m+1s-1]	[m+1s-1]	[m+1s-1]	[m+1s-1]	[m+1s-1]	[deg_from_north]	[deg]	[deg]	[deg]	[m+1s-1]	[m+2s-2]	[m]	[#]	[#]	[K]	[0=KJ/1=KM/2=HS]	[m]	[m]	[m]	[m]	[m]	[m]	[m]	[kg+1m-1s-2]	[#]	[W+1m-2]	[#]	[W+1m-2]	[#]	[µmol+1s-1m-2]	[#]	[mmol+1s-1m-2]	[#]	[µmol+1s-1m-2]	[#]	[µmol+1s-1m-2]	[#]	8u/v/w/ts/co2/h2o/ch4/none	8u/v/w/ts/co2/h2o/ch4/none	8u/v/w/ts/co2/h2o/ch4/none	8u/v/w/ts/co2/h2o/ch4/none	8u/v/w/ts/co2/h2o/ch4/none	8u/v/w/ts/co2/h2o/ch4/none	8u/v/w/ts/co2/h2o/ch4/none	8u/v/w/ts/co2/h2o/ch4/none	8co2/h2o/ch4/none	8co2/h2o/ch4/none	8aa	8U	[#]	[#]	[#]	[#]	[#]	[#]	[#]	[#]	[#_flagged_recs]	[#_flagged_recs]	[#_flagged_recs]	[#_flagged_recs]	[#_flagged_recs]	[#_flagged_recs]	[#_flagged_recs]	[#_flagged_recs]	[#_flagged_recs]	[#_flagged_recs]	[#_flagged_recs]	[#_flagged_recs]	[#_flagged_recs]	[#_flagged_recs]	[#_flagged_recs]	[#_flagged_recs]	[#_flagged_recs]	[#_flagged_recs]	[#_flagged_recs]	[#_flagged_recs]	[#_flagged_recs]	[#_flagged_recs]	[#_flagged_recs]	[#_flagged_recs]	[#_flagged_recs]	[#_flagged_recs]	[#_flagged_recs]	[#_flagged_recs]	[#_flagged_recs]	[#]	[#]	[m+2s-2]	[m+2s-2]	[m+2s-2]	[K+2]	--	--	--	--	[m+1s-1K+1]	--	--	--	--	--	--	--	--	--	--	--	--	--	--	--	--	--	--	--	--	--	--	207
DATA	2025-11-15T233000_AIU-0547.ghg	2025-11-16	00:00:00	320	0	18000	18000	0.27142315784142285	1	NaN	-108.05892416455367	1	NaN	-17.56852440626553	1	NaN	8.582666918650816	1	NaN	-0.39641423354771527	1	NaN	-0.00023840194440583317	1	NaN	NaN	NaN	NaN	NaN	NaN	NaN	NaN	NaN	NaN	2.0615373699969737e-10	6.090942943411476e-12	1.1362191685959866e-12	NaN	15.882643735460077	411.664445623257	416.73312360041	0.2	0	469.2627850998454	12.162887205513307	12.312644511913291	0.1	1	0.08753741029801072	2.092592821369958	2.1183581728876684	-0.2	0	NaN	NaN	NaN	NaN	9	291.16727812872995	290.3325737084283	93764.71200173612	1.1199515807924205	1012.1056442303045	0.025743426991672296	-0.02568764233389195	0.0085138327259058	1140.7555294713793	1954.277571774501	0.007601965006274509	58.372236674423036	813.5220423031217	282.06411994949275	-0.5926779627514693	-1.404651821425562	0.2080599638045674	1.5387016785276377	-5.005918140949726e-14	1.297981245650132e-14	1.5387016785276377	6.416078365705662	84.8767980288547	247.1232019711453	7.7712184494497345	NaN	0.49229318750674805	1.199671072591936	92.0185863180807	0.031515372231166086	6.150711446546769	-0.19364742195824886	0	96.58551808615658	-14.657224998887877	33.15468285608382	82.55984816466756	125.90897766452835	176.58913143253955	264.5626976388034	0.26937516873978234	1.0076027390023423	-107.98887620557856	1.0136627400691278	-15.83654759786135	1.1093658070170598	7.736552600019726	1.1093658070170598	-0.35733410119572867	1.1093658070170598	0.03346782604362272	1.1908546345941748	NaN	NaN	800000009	800000009	800000009	800000009	800011119	800111119	899999999	899999999	89999	89999	89	89	5	1	3	40	29	3	2	NaN	0	0	0	0	0	0	0	0	0	NaN	NaN	NaN	NaN	0	0	0	0	0	0	0	0	15313	0	0	0	18000	18000	18000	18000	93	NaN	1.3532798470964966	0.9057632658392752	0.1402990322480998	0.46218963840212324	2.616564752082552	0.0072649446999182845	7.234758334014632e-8	NaN	-0.09526950918150727	0.20161829540435408	-0.0093122991722109	0.00003346782604362272	NaN	411.66442209127825	12.162876395955601	94166.87622743056	11.40999984741211	8.910931457175158	96.14495665783352	96.0463545527988	96.24355811288622	-0.1972042783987191	0.00028777362013837165	-1	0	2.0821421701189546	70.57915623092659	1.0001457653045653	-273.1499938964844	9.001141361077627	-273.1499938964844	135
DATA	2025-11-16T000000_AIU-0547.ghg	2025-11-16	00:30:00	320.02	0	18000	18000	0.28115558205392777	0	NaN	-36.38160266312639	0	NaN	-2.2039202474285435	1	NaN	1.2042443452673437	0	NaN	-0.049751234613833885	1	NaN	0.016784223667643008	0	NaN	NaN	NaN	NaN	NaN	NaN	NaN	NaN	NaN	NaN	4.869487347518637e-11	1.461641200952738e-12	2.714681885202892e-13	NaN	15.801641918870326	410.6280191211405	415.7523937605773	0.1	0	474.3072365326513	12.325544522030828	12.479359422195524	0.1	1	0.08809229393619604	2.110672016906303	2.1370118516276473	-0.3	0	NaN	NaN	NaN	NaN	9	291.6788791803165	290.7961061341085	93680.95275455728	1.1170984864528437	1012.2062148685837	0.025807581534031378	-0.0032238800029764357	0.008606242929026514	1154.9784817126606	2012.351016415804	0.007704104009982302	57.39448397873406	857.3725347031434	282.24771008967383	-0.7086794257437147	-2.1296367004207486	0.2700525707798822	2.2606431375244003	-2.393222773487982e-14	3.0816337773756878e-15	2.2606431375244003	10.363690562687514	80.40590030677203	251.59409969322797	6.860840183374419	NaN	0.5016809654117824	2.235041787127618	289.0712884680073	0.01003212742216339	16.507676584747184	-0.0641347993043945	0	68.99019059386642	-10.469527588478007	23.682099911500696	58.97177727203658	89.93568123542215	126.13607169833448	188.97482040575764	0.27924282878171625	1.0068497847574331	-36.17360765542406	1.013142003871095	-1.9885780536896032	1.1082895354996978	1.0865791895475965	1.1082895354996978	-0.044890105897645596	1.1082895354996978	0.026636516922996387	1.1801410960640715	NaN	NaN	800000009	800000009	800000009	800000009	800001009	800011009	899999999	899999999	89999	89999	89	89	10	34	4	58	52	14	1	NaN	0	0	0	0	0	0	0	0	0	NaN	NaN	NaN	NaN	0	0	0	0	0	0	0	0	17504	17998	0	0	18000	18000	18000	18000	93	NaN	2.512553924858966	1.6196407354025775	0.3378889139936926	0.04442431281219244	0.1509548994494685	0.0025323488433822514	9.311037946295061e-8	NaN	-0.03199126114209011	0.028392022028629234	-0.0011729663956145772	0.000026636516922996385	NaN	410.6276681932769	12.3255381200822	94106.0086046007	11.390841684606336	9.098370984580765	96.1012147356669	96.00333891423543	96.19908970769248	-0.19575732152577918	0.0002889285294643034	-1	0	2.0999910403087187	70.74502591684129	1.0001225649267436	-283.04186931186655	9.001036326673296	-273.1499938964844	068
DATA	2025-11-16T003000_AIU-0547.ghg	2025-11-16	01:00:00	320.041	0	18000	18000	0.16827222237643877	0	NaN	-38.46123394052247	0	NaN	-2.214844627082585	0	NaN	1.640436045775153	0	NaN	-0.04999904352172111	0	NaN	0.0058912142268428445	0	NaN	NaN	NaN	NaN	NaN	NaN	NaN	NaN	NaN	NaN	8.210136305833878e-11	2.4843518731375353e-12	4.585270453711396e-13	NaN	15.78914825194277	410.7804480812301	415.9507320592043	0.1	0	477.7728234193575	12.430039376005567	12.586489941585167	0.1	1	0.08818064922680832	2.113183869420831	2.1397814369380166	-0.4	0	NaN	NaN	NaN	NaN	9	291.71747093158297	290.82104789376615	93651.21832309777	1.116603814378904	1012.2648321025587	0.025817989722750186	-0.003239938020207528	0.008675706970169202	1164.4005857390007	2015.5182640358364	0.007769727148026042	57.771770492787624	851.1176782968357	282.3682365472419	-0.7061687521876541	-1.7964542112128545	0.22312301468061604	1.943117577304824	-5.407130340455646e-14	5.199860166506237e-15	1.943117577304824	7.582676248979816	83.45930897516297	248.54069102483703	6.593666149794565	NaN	0.38820101065378065	1.7749543359007074	126.6660294587909	0.022894852016684362	17.365206331057173	-0.08765431410292512	0	62.592131330419555	-9.49859741137933	21.485853207260952	53.502812443711804	81.59516480128067	114.43837880841116	171.4495448579212	0.16707294379142182	1.0071781735438514	-38.22294135583247	1.0134907478221684	-1.9948456353638444	1.1102837171050652	1.477492662913582	1.1102837171050652	-0.045032672956861655	1.1102837171050652	0.01724911345581003	1.1873320929223363	NaN	NaN	800000009	800000009	800000009	800000019	800001019	800111119	899999999	899999999	89999	89999	89	89	3	5	5	57	53	46	5	NaN	0	0	0	0	0	0	0	0	0	NaN	NaN	NaN	NaN	0	1493	0	0	0	0	0	0	16910	18000	0	0	18000	18000	18000	18000	93	NaN	1.3797017831778675	1.9121585714551843	0.2580483171683633	0.03541556186090779	0.12477926409901269	0.0002172286768994463	4.769139892634643e-8	NaN	-0.033816670671025895	0.038626143661508475	-0.0011772907837412422	0.000017249113455810028	NaN	410.7798365829216	12.43003989487292	94054.31832790797	11.380000114440918	9.21527325208982	96.07468306774564	95.97604645623102	96.17331660101149	-0.19726665896963738	0.000289006276411884	-1	0	1.5385223466902302	65.90523347264212	1.0001389083531167	-273.1499938964844	9.001168510225083	-273.1499938964844	063
DATA	2025-11-16T010000_AIU-0547.ghg	2025-11-16	01:30:00	320.062	0	18000	18000	0.2504343012607554	0	NaN	-33.56449114887599	0	NaN	-1.2844992588966182	0	NaN	2.2635376503146185	0	NaN	-0.028997007161555614	0	NaN	0.007927829327255602	0	NaN	NaN	NaN	NaN	NaN	NaN	NaN	NaN	NaN	NaN	5.1761334973505294e-11	1.5666502751727361e-12	2.8954219940526386e-13	NaN	15.781329401691886	411.11857790092046	416.29868491787386	0	0	477.6504327488344	12.443246170655781	12.60003146391934	0.1	1	0.08827749181592229	2.115672053538807	2.1423295879807305	-0.4	0	NaN	NaN	NaN	NaN	9	291.7155368936327	290.8231662394206	93585.91510112848	1.115811477625811	1012.272146511055	0.025836193421860196	-0.0018790060640688038	0.008678805587798962	1164.8249478815621	2015.7874648798947	0.0077780214326755755	57.785107218680174	850.9625169983326	282.3736446831145	-1.1137610645974207	-1.877486582986295	0.1984578517320187	2.191986564105904	3.6776556480539654e-14	3.2799096740199888e-15	2.191986564105904	9.246851539895436	92.67723120448306	239.32276879551694	5.194552603348526	NaN	0.473752477498201	2.1088183315782083	263.6771282722168	0.010998299393666325	26.13040911966567	-0.06272496994741099	0	67.78721610551058	-10.28697156876473	23.26915769784689	57.94349277273895	88.36748249313989	123.93665066458524	185.67968691021457	0.24872361456625522	1.0068778619894352	-33.33334671745517	1.0131120073062565	-1.1594380326768854	1.1078636569571503	2.0431554335229603	1.1078636569571503	-0.026173804853567063	1.1078636569571503	0.01767302542020659	1.1802678117907557	NaN	NaN	800000009	800000009	800000009	800000009	800000019	800111119	899999999	899999999	89999	89999	89	89	8	14	6	92	35	41	5	NaN	0	0	0	0	0	0	0	0	0	NaN	NaN	NaN	NaN	0	0	0	0	0	0	0	0	17406	603	0	0	18000	18000	18000	18000	93	NaN	2.3663800338537246	1.5363944119515458	0.3148622173511458	0.03327887207082563	0.11123473724179929	0.00019242542273373157	2.814590873807401e-8	NaN	-0.029511467653420557	0.053452662016007464	-0.0006847543371178049	0.00001767302542020659	NaN	411.1182373292711	12.443242074781088	93990.80807942708	11.360563002904255	9.221035661061604	96.06148495674134	95.96409386380513	96.15888145997789	-0.19478209110432182	0.00028963059107708336	-1	0	2.1049042717946893	70.4863843051063	1.0001460210018687	-273.1499938964844	9.001169751591153	-273.1499938964844	200
DATA	2025-11-16T013000_AIU-0547.ghg	2025-11-16	02:00:00	320.083	0	18000	18000	0.13393515759299782	1	NaN	-44.920094633024945	0	NaN	-1.4024266319639098	2	NaN	2.0450068144681617	0	NaN	-0.03165995845923801	2	NaN	0.012113616781433342	1	NaN	NaN	NaN	NaN	NaN	NaN	NaN	NaN	NaN	NaN	-1.0013618468659028e-10	-3.0368877691353916e-12	-5.610898562041833e-13	NaN	15.77979623344545	411.2246012004123	416.4179347449409	0	0	478.56297232399555	12.471445418674413	12.628946637357569	0.1	1	0.0884184236424267	2.1194120203979074	2.1461779617060865	-0.3	0	NaN	NaN	NaN	NaN	9	291.74687667549983	290.8491330269708	93545.34556293403	1.1152162493565358	1012.2883573695232	0.02584970612310592	-0.002051565308158623	0.008693926701712722	1166.9586117105512	2019.0899038361765	0.00779573173071052	57.79626798655099	852.1312921256254	282.4008101340308	-0.9503199686043542	-1.8643527843242542	0.20121754092925595	2.1022387699601555	4.858032343960061e-14	-6.345847766674613e-15	2.1022387699601555	7.266306662605965	89.00938707858381	242.99061292141621	5.492521939798966	NaN	0.34655147540690334	1.6137339475056847	77.09540416802002	0.03761573120078343	32.03026355119939	-0.11481789478705105	0	52.61958505257874	-7.9852250393872115	18.062600781214062	44.978429877588106	68.59494353172056	96.20538363201399	144.13319559694926	0.1329448297927733	1.0074491637002219	-44.53357850847491	1.014461601381428	-1.2531260996859275	1.1191424648448403	1.8272980238951837	1.1191424648448403	-0.02828948007403811	1.1191424648448403	0.024631222329016825	1.1999510914898623	NaN	NaN	800000009	800000009	800000009	800000009	800000119	800111119	899999999	899999999	89999	89999	89	89	22	1	8	71	34	28	6	NaN	0	0	0	0	0	0	0	0	0	NaN	NaN	NaN	NaN	0	0	0	0	0	0	0	0	17208	0	0	0	18000	18000	18000	18000	93	NaN	1.5034440467268888	1.4066625131038886	0.3173613351805923	0.04972176376479327	0.17664432545353315	0.00037155866521498446	2.563390136530625e-7	NaN	-0.03944793407529432	0.04783180872211534	-0.0007405124845836872	0.000024631222329016825	NaN	411.2244203448825	12.471442069045116	93944.00190451389	11.375260826004876	9.247242286284767	96.06637517759535	95.96895294019912	96.16379483858745	-0.19484151755977025	0.00028975194105522754	-1	0	2.1086122152487445	70.51779164822898	1.000139286989967	-286.069994439017	9.001120095200008	-273.1499938964844	245
DATA	2025-11-16T020000_AIU-0547.ghg	2025-11-16	02:30:00	320.104	0	18000	18000	0.2531764275355724	0	NaN	-44.60726542598215	0	NaN	-3.857216202624806	0	NaN	1.5856841023238728	0	NaN	-0.08706163530085495	0	NaN	0.008918361041068116	0	NaN	NaN	NaN	NaN	NaN	NaN	NaN	NaN	NaN	NaN	5.802210789586661e-11	1.7621286191823542e-12	3.22981893847214e-13	NaN	15.813980740053545	411.476124587466	416.6832105211764	0.1	0	480.2698325827635	12.496510063838457	12.654649012578489	0.1	1	0.08802902262449033	2.1082803740240035	2.134959922177385	-0.2	0	NaN	NaN	NaN	NaN	9	291.5651610065037	290.6643787494236	93556.82780664062	1.1160514581602996	1012.2982180994005	0.025830115252701843	-0.0056415939674954	0.00871800659833051	1169.4474480028277	1995.6957648895598	0.007811473686617713	58.59848322459832	826.248316886732	282.43244232401463	-0.01889386877760198	-1.8707539702746627	0.23564894643259784	1.8856319422226804	8.839911517808961e-14	3.669038735383597e-15	1.8856319422226804	8.330966750125773	62.57864484163014	269.42135515836986	7.17906995407863	NaN	0.47628787325753213	1.8849733460204756	201.56124008753787	0.014387686832748858	11.564626684816695	-0.08289787245003856	0	73.23877716108815	-11.114266991205787	25.140502195963297	62.60340516879212	95.47414291992605	133.90384296040295	200.6123572295858	0.25140603978624076	1.007041945972487	-44.42599654761175	1.0129858755822303	-3.4885505105168955	1.1056787599882811	1.4341273068686597	1.1056787599882811	-0.07874044293098087	1.1056787599882811	0.02210648902349168	1.1803388054334691	NaN	NaN	800000009	800000009	800000009	800000009	800001119	800111119	899999999	899999999	89999	89999	89	89	7	5	6	49	78	60	6	NaN	0	0	0	0	0	0	0	0	0	NaN	NaN	NaN	NaN	0	0	0	0	0	0	0	0	16612	0	0	0	18000	18000	18000	18000	93	NaN	1.7882120448380874	1.7194496829741752	0.2622849642286885	0.065090204208951	0.1326193924511349	0.0002542255933806884	2.6530994893442672e-8	NaN	-0.03932280475297613	0.03751257564682996	-0.002059619677950828	0.000022106489023491682	NaN	411.4756836336511	12.496513431870586	93954.56662326389	11.40999984741211	9.278536659850015	96.10639276674058	96.00815480041504	96.20463203175862	-0.19647175631630762	0.0002892919604071519	-1	0	2.0975284605622293	70.44914093271895	1.0001466326978472	-273.1499938964844	9.001118826760186	-273.1499938964844	105
DATA	2025-11-16T023000_AIU-0547.ghg	2025-11-16	03:00:00	320.124	0	18000	18000	0.148208236468555	0	NaN	-38.94641769260414	0	NaN	-3.0059748621280846	0	NaN	1.4994444698444669	0	NaN	-0.06785114931419282	0	NaN	0.0015858350945457099	0	NaN	NaN	NaN	NaN	NaN	NaN	NaN	NaN	NaN	NaN	-2.1932504209223793e-10	-6.669932107145154e-12	-1.2196315315000079e-12	NaN	15.798849324678129	411.21263026436327	416.42015545256527	0.1	0	480.46156226110463	12.505459017809775	12.663825974543098	0.1	1	0.08785487791992079	2.104595134547622	2.1312473610784033	-0.3	0	NaN	NaN	NaN	NaN	9	291.60975845421683	290.7098251444499	93538.85257703994	1.1156587983959116	1012.3041787145872	0.025839118394790146	-0.004396754475559695	0.008721209908131177	1170.060059533956	2001.4281800919198	0.007817094187461692	58.46125637544579	831.3681205579637	282.4402192903301	-0.6631960794711846	-1.7848208247039907	0.1792980442587296	1.9124754128610197	7.963758741621377e-15	-1.3882342795031769e-14	1.9124754128610197	7.0703626709191365	82.38384362853287	249.61615637146716	5.379483538084149	NaN	0.3644772892784958	1.6060462753299192	103.44022279425695	0.02803551579512848	12.956335125514645	-0.09461382940211467	0	63.19880902902784	-9.59066309272068	21.694106029130936	54.021391415740624	82.38603045399167	115.54757913139503	173.1113290645135	0.14713556535433692	1.0072903591435207	-38.738646922069194	1.0137357151247042	-2.702600275525765	1.1122528512076397	1.3481147458659513	1.1122528512076397	-0.06100334940973426	1.1122528512076397	0.013472225443625457	1.191008425555175	NaN	NaN	800000009	800000009	800000009	800000009	800001119	800111119	899999999	899999999	89999	89999	89	89	10	7	7	63	47	41	1	NaN	0	0	0	0	0	0	0	0	0	NaN	NaN	NaN	NaN	0	0	0	0	0	0	0	0	16973	0	0	0	18000	18000	18000	18000	93	NaN	1.351297317730461	1.6387426816845119	0.2220525512448656	0.045392578414519234	0.10992345930949284	0.00020715734780431917	7.71292942465919e-8	NaN	-0.03430062417926104	0.03527534929275459	-0.001596239834224248	0.000013472225443625457	NaN	411.21228028615394	12.505456429665946	93942.00300607638	11.416386104689703	9.287183354086347	96.09169312159221	95.99285821194118	96.19052388212415	-0.19766333970054978	0.00028954078943449235	-1	0	2.093846007340484	70.14735900772945	1.0001534705460071	-273.1499938964844	9.001144249863096	-273.1499938964844	216
DATA	2025-11-16T030000_AIU-0547.ghg	2025-11-16	03:30:00	320.145	0	18000	18000	0.12701512194289521	0	NaN	-26.18283751789778	0	NaN	-2.3631644476884794	1	NaN	1.0692777843702794	0	NaN	-0.05335012205264185	1	NaN	0.0016322069395712045	1	NaN	NaN	NaN	NaN	NaN	NaN	NaN	NaN	NaN	NaN	2.186730358220548e-11	6.668382831742409e-13	1.2168488626119355e-13	NaN	15.769795185309633	411.1103848357298	416.3297926087175	0.1	0	480.8961977341643	12.53671456054803	12.695879173845741	0.1	1	0.08775410860661678	2.1038738748425163	2.130584403354528	-0.3	0	NaN	NaN	NaN	NaN	9	291.78331925851325	290.8760787007147	93512.38582749377	1.1146923995118228	1012.3252174691719	0.025861212896214226	-0.0034570879090111916	0.00873553770112935	1172.6525562772804	2022.5218489400115	0.007836724916178725	57.97972253757648	849.8692926627311	282.4730907811494	-0.4262099623249126	-2.0106592785119215	0.20514394427368102	2.065548281721605	3.859979648858352e-14	1.3866574248583766e-15	2.065548281721605	7.130492436609925	73.96812817278908	258.0318718272109	5.699838478758981	NaN	0.33755939107860644	1.5769095612008295	122.20684680559968	0.023730257966750174	11.079566444691746	-0.0687371340395115	0	60.193618851996625	-9.134613889258286	20.66252148917112	51.45260005200502	78.46846154329887	110.05313303153397	164.87964758775422	0.12611180468080418	1.0071628287643444	-26.064147975313976	1.0136689878606773	-2.124632341652485	1.112269827282432	0.961347469959521	1.112269827282432	-0.04796508971477743	1.112269827282432	0.009604596134836874	1.1890870732191623	NaN	NaN	800000009	800000009	800000009	800000019	800000119	800011119	899999999	899999999	89999	89999	89	89	7	5	4	99	74	41	1	NaN	0	0	0	0	0	0	0	0	0	NaN	NaN	NaN	NaN	0	153	0	0	0	0	0	0	17740	0	0	0	18000	18000	18000	18000	93	NaN	1.2221537068597368	1.7165302958706854	0.21513511967123672	0.025108796247272483	0.10216616798797501	0.0010764982004348974	6.816654610351764e-8	NaN	-0.023097684095066677	0.025177337346955	-0.0012561880926120939	0.000009604596134836875	NaN	411.1097725686434	12.536711434402942	93914.5078563368	11.420000076293945	9.320338494698209	96.0579665283627	95.96009124014113	96.1558402794732	-0.19575097034209302	0.0002898664568670533	-1	0	2.0923588381111604	67.47663762863438	1.0001272570043802	-296.52711987813365	9.00103185190095	-273.1499938964844	086
DATA	2025-11-16T033000_AIU-0547.ghg	2025-11-16	04:00:00	320.166	0	18000	18000	0.6442895035105181	1	NaN	-65.16135511691226	1	NaN	107.99550627493468	1	NaN	0.29512007312483873	2	NaN	2.4368459328096095	1	NaN	NaN	NaN	NaN	NaN	NaN	NaN	NaN	NaN	NaN	NaN	NaN	NaN	-1.1129815415491303e-9	-3.522212815555751e-11	NaN	NaN	15.8088545519876	411.5080659635269	416.9377834909895	0.1	0	500.29715699296366	13.022848354015709	13.194680679585613	0.1	1	NaN	NaN	NaN	NaN	0	NaN	NaN	NaN	NaN	9	291.5533988003201	290.35272619681086	95133.53471475757	1.135893894286515	1012.5564293506541	0.02547971086004274	0.1579076164460627	0.009210141066718552	1234.1172766448942	1956.153729921564	0.008108275881264143	63.08897188230593	722.0364532766698	283.23426065228665	-0.152859349055906	-1.26856268902848	0.24827805591449592	1.3016371497612296	1.9000131640930823e-13	-7.040241517113575e-14	1.3016371497612296	7.032569468808116	68.8709036621899	263.1290963378101	10.996142662441542	NaN	0.753132944497157	2.2559149094852073	552.1428524339834	0.005252263951649607	-0.6033709861132985	-0.07522487266324517	0	92.13957484511677	-13.982535959501284	31.6285344119523	78.75952275147722	120.11324162328766	168.46052922704888	252.38457030972214	0.6394392619429813	1.0075851482012521	-58.57480904041899	1.0123255572394718	98.58729844205119	1.0954302225698331	0.26941019796998067	1.0954302225698331	2.224556053504596	1.0954302225698331	NaN	1	NaN	NaN	800000009	800000009	800000009	800000019	800000009	800101109	899999999	899999999	89999	89999	89	89	16	4	5	50	55	10	0	NaN	0	0	0	0	0	0	0	0	0	NaN	NaN	NaN	NaN	0	4944	0	0	0	0	101	0	16810	0	0	16	18000	18000	18000	18000	93	NaN	2.5289399814469045	1.613474571329535	0.36941526619397513	0.06191257984680568	0.21015044040505185	0.09790261690004803	NaN	NaN	-0.05092767862520098	0.006954713788705531	0.05742600234004751	NaN	NaN	411.50796534137015	13.022749984851819	93936.39204275173	11.390847002453274	9.886434362014228	96.09381329811944	95.9950559594896	96.19256732771132	-0.19751245170252166	0.0002895167579360229	-1	0	2.0035543646083864	25.770023215981695	1.0001168352199925	-291.84361968146806	9.000949394358528	-273.1499938964844	060
DATA	2025-11-16T040000_AIU-0547.ghg	2025-11-16	04:30:00	320.187	0	18000	18000	0.2796649614722927	0	NaN	-39.003381064323676	0	NaN	11.683883887779576	1	NaN	0.2993782878251649	0	NaN	0.2636355500479614	1	NaN	0.009864855535428476	0	NaN	NaN	NaN	NaN	NaN	NaN	NaN	NaN	NaN	NaN	3.0195851482902266e-10	9.520692140966225e-12	1.6652173644388812e-12	NaN	15.803217833979254	411.08918885396264	416.4875170745163	0.1	0	498.2723269755677	12.96156066926689	13.131768888408791	0.4	0	0.08715035827372908	2.0845156922345014	2.111889070549186	-0.1	0	NaN	NaN	NaN	NaN	9	291.2674166759915	290.33923226229933	93553.10912113424	1.1170594951223143	1012.5500258414418	0.025802246442747524	0.0170835836431079	0.009052208991971272	1212.9195652566482	1955.1012704427267	0.008103605073407558	62.038707845654784	742.1817051860785	282.97560249317553	0.9331412725343202	-0.45904923153660726	0.23317034396023095	1.0657613432582667	3.022361653678185e-14	1.910740698516268e-14	1.0657613432582667	9.615330837644821	358.19440408062474	333.8055959193753	12.63755617859722	NaN	0.5003580333008327	2.4838692173102657	267.2781000567983	0.010850122024152864	-3.338220530000144	-0.06891735254978695	0	71.02861752634799	-10.778866739783524	24.381825914020457	60.71419395494268	92.59297661674063	129.86296625383628	194.55838757900463	0.2773733726206376	1.008261747802264	-38.015946426827846	1.012794428823352	10.658152323134315	1.0962391541748597	0.27309578086590713	1.0962391541748597	0.2404909084335709	1.0962391541748597	0.020289469494083806	1.1730196405762199	NaN	NaN	800000009	800000009	800000009	800000019	800001019	800111019	899999999	899999999	89999	89999	89	89	5	3	5	45	45	0	3	NaN	0	0	0	0	0	0	0	0	0	NaN	NaN	NaN	NaN	0	0	0	0	0	0	101	151	16810	0	0	16	18000	18000	18000	18000	93	NaN	1.8785056060343963	2.77672175782007	0.31251107076606494	0.06903633551300069	0.3213616821843979	0.4288796912445861	1.2705082616293928e-7	NaN	-0.033610348328302925	0.007139042595127511	0.006286713158308278	0.000020289469494083806	NaN	411.0884227192106	12.961143504939928	93951.15659266493	11.39610574748781	9.805655590799256	96.07638426038955	95.97569328901503	96.1770698038737	-0.20138047150356908	0.0002894448934336347	-1	0	2.0734814267997397	69.70645190305027	1.0001372533904183	-273.1499938964844	9.00106238108211	-273.1499938964844	142
DATA	2025-11-16T043000_AIU-0547.ghg	2025-11-16	05:00:00	320.208	0	18000	18000	0.9814589428593508	0	NaN	5.693562758208602	2	NaN	49.820804150071844	2	NaN	-1.5346533043104886	2	NaN	1.124158795978849	2	NaN	-0.014407973492750475	2	NaN	NaN	NaN	NaN	NaN	NaN	NaN	NaN	NaN	NaN	5.904106157945222e-10	1.689602040529694e-11	3.2298221974894375e-12	NaN	15.824890945132726	411.8018169769089	416.71265049172524	0.1	1	452.8673319343152	11.78469986217474	11.925235179551603	0.1	1	0.086569554611849	2.069599140979942	2.0942795974635264	0	1	NaN	NaN	NaN	NaN	9	291.1336199442545	290.3396855809554	93566.35281599643	1.1177155018147775	1011.8955203467394	0.02579863458680605	0.07284548997942941	0.008231454825269885	1102.9471596964045	1955.1573594451854	0.007364534903474894	56.4121938506979	852.210199748781	281.5660916973756	0.05533583486157541	-0.3531569128509111	0.15337198073287864	0.3889792079123554	1.0569550696090978e-14	3.730898480384885e-14	0.3889792079123554	7.935464658694833	53.094784132616496	278.9052158673835	23.221919939997274	NaN	0.9370665409023813	2.632672190308665	-12025.618784567232	-0.00024115183193081425	0.11428082816684908	0.005372132718425694	0	88.08766317856201	-13.367642731726342	30.237644256497994	75.29600960172114	114.83116553536111	161.052342409642	241.28575650886194	0.9561097042156553	1.0265128975596902	8.376461711464499	1.023726860216999	45.56225742463272	1.0934665437173179	-1.4034753172175938	1.0934665437173179	1.0280687620831916	1.0934665437173179	-0.018248743179948377	1.1597479280151368	NaN	NaN	800000009	800000009	800000009	800000019	800000019	800111019	899999999	899999999	89999	89999	89	89	18	7	4	79	47	0	3	NaN	0	0	0	0	0	0	0	0	0	NaN	NaN	NaN	NaN	0	929	0	0	0	0	0	0	17702	0	0	0	18000	18000	18000	18000	93	NaN	2.353613779595046	2.2717892150443872	0.6399413859778972	0.042735902171887316	0.16994141388004316	0.01821576349060949	6.515774701527322e-7	NaN	0.007406169719545956	-0.03663964996070691	0.026839146450357836	-0.000018248743179948377	NaN	411.8016573981555	11.784678549612607	93963.17223828124	11.40999984741211	8.411772010273435	96.07628444163005	95.97724650488959	96.17532509952122	-0.19808033880839754	0.00028953521019138854	-1	0	2.0521205475893245	59.68821355411362	1.0001444109479587	-273.1903688981798	9.001125030146705	-273.1499938964844	211
DATA	2025-11-16T050000_AIU-0547.ghg	2025-11-16	05:30:00	320.229	0	18000	18000	0.19673043461386297	0	NaN	-25.906837752759706	0	NaN	2.463619662637341	0	NaN	0.7205447631346111	0	NaN	0.055529939296817835	0	NaN	NaN	NaN	NaN	NaN	NaN	NaN	NaN	NaN	NaN	NaN	NaN	NaN	1.4103305695423207e-10	4.034009044362893e-12	NaN	NaN	15.901813220170956	412.63919592891324	417.56767937930283	0.1	0	454.84413184602755	11.802837465092026	11.94380829308958	0.1	1	NaN	NaN	NaN	NaN	0	NaN	NaN	NaN	NaN	9	290.31576021547664	289.23184683229226	95135.8550731695	1.1408446807676214	1011.8585711910779	0.0253709311654906	0.0035983400664337953	0.008383103220681335	1118.9650010196299	1821.7485048282028	0.007348154715540011	61.42258374600132	702.783503808573	281.7788952388736	-0.09491839950333038	-1.2531837860996786	0.22384567803759928	1.2765523850918472	-3.5657907519525555e-14	8.86899217098941e-15	1.2765523850918472	5.999513644347336	66.33141542912387	265.66858457087613	10.099127668407743	NaN	0.41526230931131647	1.5435806619696995	232.74816931980743	0.012459818732302282	-10.515761887135637	-0.054043759643269455	0	64.9606712088308	-9.858032475813573	22.298896301678724	55.52740470773177	84.68279574800715	118.76882511319651	177.93734253312337	0.19522313312950174	1.0077209163698924	-25.541035310054294	1.0127061747554857	2.242722183112648	1.098495248848929	0.6559379877970727	1.098495248848929	0.050550914403139684	1.098495248848929	NaN	1	NaN	NaN	800000009	800000009	800000009	800000019	800000009	800111019	899999999	899999999	89999	89999	89	89	3	28	4	57	47	1	3	NaN	0	0	0	0	0	0	0	0	0	NaN	NaN	NaN	NaN	0	6095	0	0	0	0	101	0	17604	0	0	21	18000	18000	18000	18000	93	NaN	1.1468166989339448	1.6712495010687982	0.26909512393665563	0.06580553499675895	0.061415294553595456	0.007626545591939328	NaN	NaN	-0.022125452467572377	0.016839823482884226	0.001297788039851442	NaN	NaN	412.638888855167	11.802826024405226	93984.66191015625	11.403613590134517	8.43819154776468	96.11886590173509	96.01697017288208	96.22075907643637	-0.203790943721102	0.00028864699730992365	-1	0	1.998261294551424	39.70871844974514	1.0001437247561085	-290.75349463568625	9.001072293281554	-273.1499938964844	241
DATA	2025-11-16T053000_AIU-0547.ghg	2025-11-16	06:00:00	320.249	0	18000	18000	0.15246947528682908	0	NaN	-24.52485530655102	0	NaN	5.747861495522037	0	NaN	0.8389870471682821	0	NaN	0.12955616029478134	0	NaN	0.0013706155333093992	0	NaN	NaN	NaN	NaN	NaN	NaN	NaN	NaN	NaN	NaN	9.935393884034616e-11	2.7437027977538138e-12	5.443786763534174e-13	NaN	15.938366678775294	412.99432572438144	417.7588741544737	0.1	0	440.14501849245033	11.405020275716403	11.536595379937324	0.1	1	0.08732927005309334	2.0766698317444376	2.100627531330996	-0.3	0	NaN	NaN	NaN	NaN	9	289.98809192318384	289.22762868669304	93610.95722135417	1.1227097906512367	1011.660558506069	0.02568757521851971	0.008395239187101831	0.00800069555578615	1067.9212468894946	1821.7324750167656	0.007126236559445415	58.62118952892171	753.8112281272711	281.09109621525243	-0.3498012271807972	-1.0588191400489921	0.13808215997976472	1.1236216234907848	4.080687453342807e-14	6.233633649089853e-15	1.1236216234907848	6.155822090461439	80.28196380209965	251.71803619790032	7.058937561172379	NaN	0.36851714497329	1.5869718960593113	169.84644018372842	0.017074246577455352	-4.266779101350563	-0.05859309345275456	0	62.61303425932373	-9.501769511484556	21.493028506335943	53.5206799529484	81.62241388023857	114.47659602909523	171.50680121859534	0.1512383712252353	1.008140156837317	-23.978923532620694	1.0130240603210499	5.229091079068446	1.099208525651844	0.7632646832599416	1.099208525651844	0.1178631326735325	1.099208525651844	0.008360377019032557	1.1777623473111183	NaN	NaN	800000009	800000009	800000009	800000009	800000019	800111019	899999999	899999999	89999	89999	89	89	11	8	5	61	56	0	0	NaN	0	0	0	0	0	0	0	0	0	NaN	NaN	NaN	NaN	0	0	0	0	0	0	0	0	17802	0	0	0	18000	18000	18000	18000	93	NaN	1.247723980088804	1.6938709351693888	0.23234887686042954	0.019378333308500396	0.04787448140562456	0.012339804262083072	5.188644682878659e-9	NaN	-0.021111901660441197	0.01983267165888616	0.0030625559681579317	0.000008360377019032557	NaN	412.99402197623715	11.405005085871656	94007.1613843316	11.399999618530273	7.936779282146009	96.13505759302775	96.03117964956496	96.23894010501438	-0.20775306460095777	0.00028784389071451086	-1	0	2.0669614998632007	70.54635545190176	1.000163987321986	-273.1499938964844	9.001176864412097	-273.1499938964844	235
DATA	2025-11-16T060000_AIU-0547.ghg	2025-11-16	06:30:00	320.27	0	18000	18000	0.33568983303955946	0	NaN	-32.67629175622798	0	NaN	-0.5092864760160966	2	NaN	0.5388950381116487	0	NaN	-0.011478146494671585	2	NaN	-0.0038446670132731586	1	NaN	NaN	NaN	NaN	NaN	NaN	NaN	NaN	NaN	NaN	-1.9437511179106292e-10	-5.147164152631418e-12	-1.0623756876903688e-12	NaN	15.96652654891561	413.13857359808753	417.70836398739283	0	0	422.8027566767675	10.940145765056357	11.061156428716608	0.1	1	0.08726657166203447	2.0737791533834145	2.0967175489975998	-0.4	0	NaN	NaN	NaN	NaN	9	289.85521238072715	289.1267913253753	93629.62201893161	1.1235236009518266	1011.4006620371802	0.025673500450457114	-0.0007437838928547187	0.007678790449496263	1024.596476270368	1810.038714913868	0.006834560878819943	56.60632934689046	785.4422386435001	280.48416873283173	-0.4464895667501266	-1.07025592095773	0.15419942083781663	1.1698624410367051	-5.509060035901054e-14	-1.2173913417897657e-14	1.1698624410367051	6.542848890699933	84.64493054523996	247.35506945476004	7.574190543285877	NaN	0.5466105305183769	1.8785087807160947	416.0235617832392	0.006970759030016159	64.16092571677716	-0.05260770274749746	0	77.18471184177781	-11.713077802513872	26.495013881580476	65.97633078497854	100.61806730342899	141.11827004802237	211.42088364757885	0.33305172005855926	1.007921030945393	-32.413652342015325	1.0125138621887353	-0.46493908737280626	1.0953832229806284	0.49196941016247336	1.0953832229806284	-0.01047865829407045	1.0953832229806284	0.006463410036806817	1.1705318819917327	NaN	NaN	800000009	800000009	800000009	800000019	800000019	800111019	899999999	899999999	89999	89999	89	89	4	12	5	66	60	0	2	NaN	0	0	0	0	0	0	0	0	0	NaN	NaN	NaN	NaN	0	1	0	0	0	0	0	0	17864	0	0	0	18000	18000	18000	18000	93	NaN	1.8176000057903314	1.6364369507151828	0.3029806049266754	0.02231078688194927	0.03141218370962085	0.04190320029984992	8.178164016102204e-9	NaN	-0.028524795293530827	0.01277032355003596	-0.0002720003602284026	0.000006463410036806818	NaN	413.13815358691744	10.940102076502653	94025.67005490452	11.399999618530273	7.3280480146143	96.1963592760298	96.0942314008077	96.29848548613654	-0.20425858158783808	0.0002873923631834462	-1	0	2.064471261355612	70.53771376238929	1.0001037367863788	-273.1499938964844	9.00077884584003	-273.1499938964844	163
DATA	2025-11-16T063000_AIU-0547.ghg	2025-11-16	07:00:00	320.291	0	18000	18000	0.20044477297784039	0	NaN	-34.86118129400694	0	NaN	21.27635030374764	1	NaN	1.212564333867079	0	NaN	0.4794810686835241	1	NaN	-0.0021600407025055717	0	NaN	NaN	NaN	NaN	NaN	NaN	NaN	NaN	NaN	NaN	-4.562919588285061e-11	-1.1429370736940681e-12	-2.487143681955631e-13	NaN	16.010973066798908	413.7840934954946	418.1177239464654	0	0	401.0488098660407	10.364617912073268	10.473168299829842	0.1	1	0.08727217242067883	2.072569069296369	2.0942754339721317	-0.1	0	NaN	NaN	NaN	NaN	9	289.7191222381592	289.04237308841283	93652.34550217014	1.1243701457811637	1011.080312364211	0.025659776879815348	0.031070373250692358	0.007278723382921381	970.93114986019	1800.299721578971	0.006473600717906326	53.93163917220544	829.368571718781	279.7001711804448	-0.6699488992621626	-0.7315791089229376	0.11266230991034891	0.9983648212499385	4.121893757041218e-15	-2.8498702541364847e-15	0.9983648212499385	6.812758256765379	104.48212130870274	227.51787869129726	6.479449294882169	NaN	0.422223804731315	1.5281952881798986	179.73610202196744	0.016134766289999772	-1.6384944220375264	-0.07262805683867446	0	65.58254644078833	-9.952404441473126	22.512365944956024	56.058974302688874	85.49347292034284	119.90581137414745	179.64075513805113	0.19874869263080344	1.008533793730093	-33.34425372542413	1.0131148499257971	19.379698502242448	1.0978679725737595	1.1044719075140101	1.0978679725737595	0.4367383698783603	1.0978679725737595	0.007297906912096973	1.1765289446597427	NaN	NaN	800000009	800000009	800000009	800000009	800001019	800111019	899999999	899999999	89999	89999	89	89	13	10	3	31	23	0	2	NaN	0	0	0	0	0	0	0	0	0	NaN	NaN	NaN	NaN	0	0	0	0	0	0	0	0	17245	0	0	0	18000	18000	18000	18000	93	NaN	1.3444629271926365	1.4402825970173683	0.27164505214979257	0.05290297894915496	0.1934859543515725	0.03537760575226501	1.3914620478847108e-8	NaN	-0.02933094410575111	0.028637398023004343	0.01132400964210676	0.000007297906912096973	NaN	413.78381426239014	10.364580641826631	94048.94609353298	11.399999618530273	6.544419416772044	96.23396096526253	96.1329192820655	96.33500632180107	-0.20208178372060248	0.00028678242077714654	-1	0	2.063749290764332	70.41719249937272	1.000156606891089	-273.14999389667156	9.001078849633535	-273.1499938964844	165
DATA	2025-11-16T070000_AIU-0547.ghg	2025-11-16	07:30:00	320.312	1	18000	18000	1.75818189976033	1	NaN	-52.04692361592861	0	NaN	-65.06814328345675	2	NaN	-0.22569871537195074	2	NaN	-1.46615310938194	2	NaN	0.013651272717958742	0	NaN	NaN	NaN	NaN	NaN	NaN	NaN	NaN	NaN	NaN	-6.494767758996021e-11	-1.48601097362923e-12	-3.5409946618346083e-13	NaN	16.033081814795946	413.96607029644883	417.9244818893816	0.1	1	366.838914060955	9.471595382585091	9.562164334139851	0.1	1	0.08741352920635628	2.073660138907782	2.0934888179291735	-0.2	0	NaN	NaN	NaN	NaN	9	289.4755899208916	288.8906318800184	93677.87697113716	1.1256488864182168	1010.5839647060562	0.02563931625169619	-0.09500672148794971	0.006656891706590132	887.5169501551021	1782.9094965743595	0.005913826049055292	49.77913639813778	895.3925464192574	278.40210029699824	0.10488281067262809	-0.26872253120727807	0.19032687317192964	0.34559589321118234	-2.6202975008170085e-13	-4.0508542487461134e-15	0.34559589321118234	11.69339498250297	40.67922315749689	291.3207768425031	33.41648216430815	NaN	1.2497709607938041	3.9298212716540686	3122.223397275511	0.0009288252732109349	0.799883337521962	-0.03660911971098548	0	84.23275203296791	-12.782645093040053	28.91437800496174	72.00088953429407	109.80589952295136	154.00433537464482	230.72655765540108	1.7299083167677998	1.0163439777232572	-54.991018083889855	1.0161693098154154	-59.53261218862771	1.09298317159828	-0.2064978869179745	1.09298317159828	-1.3414233150890782	1.09298317159828	0.032531561049785995	1.1695641328110058	NaN	NaN	800000009	800000009	800000009	800000009	800000019	810110019	899999999	899999999	89999	89999	89	89	12	14	0	61	41	7	8	NaN	0	0	0	0	0	0	0	0	0	NaN	NaN	NaN	NaN	0	0	0	0	0	0	0	0	17666	0	0	0	18000	18000	18000	18000	93	NaN	3.119679351577546	3.466913250230078	1.273049941500513	0.03214589629466059	0.16088374618867374	0.19833218936543387	1.1991347822500267e-8	NaN	-0.048341086942087615	-0.005345104878754474	-0.03472213887014608	0.00003253156104978599	NaN	413.965843870836	9.471400261057815	94074.19062934027	11.399999618530273	5.234448657592163	96.26486255688137	96.16164986843532	96.36807724825542	-0.206428199644717	0.0002869684381504258	-1	0	2.065597943741745	70.38977940813693	1.0001672539263964	-273.1499938964844	9.001145908488168	-273.1499938964844	243
DATA	2025-11-16T073000_AIU-0547.ghg	2025-11-16	08:00:00	320.333	1	18000	18000	0.762413573053269	0	NaN	-20.287575762102044	0	NaN	21.342126405252667	0	NaN	1.0736577940954746	0	NaN	0.4807212265936698	0	NaN	0.0005896852765495656	1	NaN	NaN	NaN	NaN	NaN	NaN	NaN	NaN	NaN	NaN	1.6956168561999631e-10	3.627055865053741e-12	9.243839510461335e-13	NaN	16.078534875122823	414.6320483796902	418.3424534590232	0.1	0	343.93232178041035	8.869300853054556	8.948669293250887	0.6	0	0.0876538797108203	2.0751989021597614	2.0937691708529065	-0.3	0	NaN	NaN	NaN	NaN	9	289.01915842268204	288.5189674377442	93722.00142621528	1.1278875504201682	1010.24409036963	0.02559427518378245	0.0311507354832698	0.006244552852652353	831.4716008442679	1740.9363180478827	0.00553650304086262	47.760023857541185	909.4647172036148	277.46797918549515	-0.1538568831114175	-0.4625739131269546	0.19441954889859023	0.5248290450997558	-1.9626075839256297e-14	1.0545841828060285e-14	0.5248290450997558	8.859867418090333	80.39766057040868	251.6023394295913	21.74297643502759	NaN	0.8221714810626604	2.3175736467552315	2280.9933129563333	0.0012713759323745623	-0.9505883048799167	-0.02165586946116868	0	78.68508131465097	-11.940764658484847	27.010042169731147	67.25882404406957	102.57395044400512	143.8614239627348	215.53062807990824	0.7532188629158094	1.0122072223495115	-18.874730385836838	1.0142020123290993	19.557013871379525	1.091277356840532	0.9838541846079628	1.091277356840532	0.44051241747144343	1.091277356840532	0.005443666390630912	1.1670496732260613	NaN	NaN	800000009	800000009	800000009	800000009	800000019	800011019	899999999	899999999	89999	89999	89	89	16	6	5	63	34	6	7	NaN	0	0	0	0	0	0	0	0	0	NaN	NaN	NaN	NaN	0	0	0	0	0	0	0	0	17839	0	0	0	18000	18000	18000	18000	93	NaN	2.1254849680258774	1.8564101280784502	0.653252197406135	0.03092594030910788	0.06285583650067919	0.015591592237493165	1.9256741908459947e-8	NaN	-0.016564893007611933	0.025406432479176254	0.011375515971593447	0.000005443666390630912	NaN	414.63185886679986	8.86928266912905	94119.32141362847	11.406385875807867	4.313196984966561	96.2828130469852	96.1766741288503	96.38895754263136	-0.21228602437302455	0.00028688549489015703	-1	0	2.067621949625898	69.12804885122507	1.0001478307859766	-273.1499938964844	9.000997089306514	-273.1499938964844	025
DATA	2025-11-16T080000_AIU-0547.ghg	2025-11-16	08:30:00	320.354	1	18000	18000	0.17289392462504502	1	NaN	-17.703242009761247	0	NaN	19.620704857401297	0	NaN	0.7593397329038291	0	NaN	0.4418634198853616	0	NaN	-0.002040559663076215	0	NaN	NaN	NaN	NaN	NaN	NaN	NaN	NaN	NaN	NaN	8.247884099931144e-11	1.698819111111781e-12	4.4981321104582367e-13	NaN	16.111078086470165	415.0830072141627	418.66235131302835	0.2	0	331.84034865545976	8.549476893826085	8.623200749383766	0.5	0	0.08786466540607243	2.077957934709431	2.095876583129205	-0.8	0	NaN	NaN	NaN	NaN	9	288.75410767534044	288.3222720167372	93757.88189322916	1.1292261030335708	1010.063898363697	0.025567038430720602	0.02863274960857143	0.006025788895490484	801.7958604364408	1719.0758607661244	0.005336211126631513	46.641098204887356	917.2800003296836	276.95060243070816	-0.5404458279606932	-1.0751661985196623	0.09405794556248584	1.2070256602585645	8.701018869192064e-14	5.119386831634557e-15	1.2070256602585645	7.488210955977229	88.68696536784012	243.31303463215988	4.469327014142955	NaN	0.39129059737170185	2.1484679756214633	281.8423734875031	0.010289439320693863	-0.9022734982470956	-0.03966647761315128	0	55.974349732108166	-8.49432352227077	19.214182935666795	47.84603226828064	72.96821811236559	102.338963413511	153.32241579420463	0.171547262106574	1.0078500962471462	-16.447624305487917	1.0126138651264531	17.889158238561787	1.0967930740926084	0.6923272500895769	1.0967930740926084	0.4028685358456709	1.0967930740926084	0.002315136988877156	1.1726629983930605	NaN	NaN	800000009	800000009	800000009	800000009	800000019	800111119	899999999	899999999	89999	89999	89	89	20	12	2	74	34	19	2	NaN	0	0	0	0	0	0	0	0	0	NaN	NaN	NaN	NaN	0	0	0	0	0	0	0	0	18000	0	0	0	18000	18000	18000	18000	93	NaN	2.0582388439461687	1.8920295187953888	0.3466675885013687	0.010671488967857178	0.022149397322318853	0.00776135589407271	7.40665908574446e-9	NaN	-0.014420270921495264	0.01785343589070195	0.010388999676339524	0.000002315136988877156	NaN	415.0828883888867	8.549455609338835	94157.95736523437	11.40999984741211	3.796797297438019	96.2899477274153	96.1839243780772	96.3959663757748	-0.2120455857548449	0.0002866809154285067	-1	0	2.0706407108611535	69.36399318228827	1.0001833195620113	-273.1499938964844	9.001172630283568	-273.1499938964844	040
DATA	2025-11-16T083000_AIU-0547.ghg	2025-11-16	09:00:00	320.374	1	18000	18000	0.2665714317380826	0	NaN	-21.28656097203965	0	NaN	29.303969563985905	0	NaN	1.098195761128851	0	NaN	0.6601773397975891	0	NaN	-0.000036827940206852354	1	NaN	NaN	NaN	NaN	NaN	NaN	NaN	NaN	NaN	NaN	1.0556377639815927e-10	2.1223523207010247e-12	5.79901327085135e-13	NaN	16.097274777450217	415.24622627222163	418.74209306828084	0.1	0	323.6345804078231	8.348496255639445	8.418780412389328	0.7	0	0.0884283541608902	2.0947769508706036	2.1124124180329176	-0.2	0	NaN	NaN	NaN	NaN	9	288.85024064721	288.70696390872524	93784.72258289931	1.1281302948973626	1009.9620090519207	0.025593824152067318	0.04277949161888377	0.005877976820126216	783.1714264281682	1762.0576414878508	0.005210370510137745	44.44641355585121	978.8862150596826	276.61718474011775	0.49298684940063014	-1.2115252857092405	0.17019734047355678	1.3190135277165533	1.4226109279206297e-13	6.557866338098281e-15	1.3190135277165533	9.018364857945524	39.85789406377171	292.1421059362283	7.413763450805786	NaN	0.48610173514787863	2.947105031104539	449.48471288744787	0.006451832324553755	-0.7264053740419004	-0.03843386251397281	0	63.891409926757156	-9.695767951022468	21.931853504788425	54.613416246049425	83.28890567473483	116.81387446617096	175.00847022522947	0.2645706650470514	1.007562314932668	-19.463234476108944	1.0123778885307804	26.73484903935871	1.0960963168651137	1.0019153830109948	1.0960963168651137	0.6022986571889293	1.0960963168651137	0.004702068299370423	1.1703142412080614	NaN	NaN	800000009	800000009	800000009	800000009	800000009	800111119	899999999	899999999	89999	89999	89	89	7	10	5	62	20	13	3	NaN	0	0	0	0	0	0	0	0	0	NaN	NaN	NaN	NaN	0	0	0	0	0	0	0	0	14485	0	0	0	18000	18000	18000	18000	93	NaN	2.4399804428694285	3.0698722429166794	0.3843573764229708	0.025195283200335778	0.04759381488692077	0.007425747801582626	4.216175376082701e-8	NaN	-0.01708247190577276	0.025858786014305746	0.015544937583597618	0.0000047020682993704225	NaN	415.2460219779938	8.34848906887463	94200.50844140624	11.390564773771498	3.465850862887174	96.21869327078927	96.11478385565016	96.32259848658245	-0.20781294634565725	0.00028673650834146744	-1	0	2.0875789626604964	70.18310445082633	1.0001639579368962	-273.1499938964844	9.001142939753002	-273.1499938964844	135
DATA	2025-11-16T090000_AIU-0547.ghg	2025-11-16	09:30:00	320.395	1	18000	18000	0.6904510319216058	0	NaN	21.976063984122447	1	NaN	37.906663383100486	1	NaN	-0.5167675558113685	2	NaN	0.8541575206929404	1	NaN	0.0008147453406863151	1	NaN	NaN	NaN	NaN	NaN	NaN	NaN	NaN	NaN	NaN	-4.94588280081394e-11	-9.5039978436003e-13	-2.714855415000964e-13	NaN	16.09923229719108	415.80025422396676	419.1492605118393	0.1	1	309.36250452789557	7.990008818774878	8.054363252189487	0.1	1	0.08837065037650058	2.095073173704252	2.111947654085184	0.6	0	NaN	NaN	NaN	NaN	9	288.69790371025937	288.918146077474	93817.73735503473	1.1278558897462383	1009.7700260853144	0.02560353227660965	0.05534940734090253	0.005623441321523798	749.8056223092385	1786.0517625472455	0.004985957313029631	41.9811809507623	1036.246140238007	276.0019314911866	0.5816483107112942	-0.4912811728567717	0.21474062484532938	0.7910660428281228	-2.4576279997019146e-14	-3.0721233842168206e-15	0.7910660428281228	9.222959795620644	12.185644113015655	319.81435588698434	15.75100105373177	NaN	0.782419445791382	3.2088852130147982	-1815.9067419769394	-0.0015969983110712123	0.5797414497293845	0.02466233476056769	0	81.83488669388903	-12.418759776811148	28.091268428867323	69.9512303075653	106.68003987646361	149.62027277488306	224.15843300015615	0.6799984199875571	1.015371523854776	23.785451137541983	1.0165335986804802	34.89109907879854	1.0864278966246252	-0.47565748027723764	1.0864278966246252	0.7862072792374759	1.0864278966246252	-0.008519708731340048	1.1499214837520553	NaN	NaN	800000009	800000009	800000009	800000009	800000019	800000119	899999999	899999999	89999	89999	89	89	5	8	6	27	44	12	0	NaN	0	0	0	0	0	0	0	0	0	NaN	NaN	NaN	NaN	0	0	0	0	0	0	0	0	6418	0	0	0	18000	18000	18000	18000	93	NaN	3.292719748842449	2.5887354651769816	0.5363152120101664	0.03839787026581687	0.05566762950876272	0.021714546646771287	1.278596128600692e-8	NaN	0.020885039754431366	-0.012276628329207269	0.020291859073235007	-0.000008519708731340049	NaN	415.8001774323879	7.989985916877977	94223.11512413195	11.402211442788444	2.8476053180826746	96.16757816335891	96.06696176783244	96.26820050663419	-0.20123304043213522	0.00028716245900270416	-1	0	2.0881911279625363	66.65545612208045	1.0001650622834761	-273.1499938964844	9.001148945543502	-273.1499938964844	162
DATA	2025-11-16T093000_AIU-0547.ghg	2025-11-16	10:00:00	320.416	1	18000	18000	0.7446062811480956	0	NaN	10.73273966464943	2	NaN	93.14437615708127	1	NaN	3.0972814202834456	1	NaN	2.0978941893402663	1	NaN	0.014535092388490125	1	NaN	NaN	NaN	NaN	NaN	NaN	NaN	NaN	NaN	NaN	-6.634970442314327e-10	-1.2040611704657506e-11	-3.63980526978162e-12	NaN	16.09312567657843	415.5152144272123	418.67218547142875	0	0	292.045125250544	7.540436536670481	7.597726712771098	0.2	0	0.08828350352746467	2.0880504232175774	2.1039148596956703	-0.4	0	NaN	NaN	NaN	NaN	9	288.4727283596463	288.4503408355713	93848.3408313802	1.130246224878008	1009.5131550773801	0.025553740348119806	0.13594354346924925	0.005317369076614457	707.8472797328118	1733.2816991726095	0.004704611225034953	40.83855959886417	1025.4344194397977	275.1928996270784	0.2717597398575244	-0.7635791666337851	0.21705899295182615	0.8390596560112862	1.3958919189811157e-13	-4.1228600184056923e-14	0.8390596560112862	9.156019073667132	42.40922827164968	289.5907717283503	14.99253294636378	NaN	0.8116649926783063	3.5057694759977687	-4151.538627080555	-0.0006985361959740064	0.11522692090985116	0.011589073900062212	0	78.13096269287763	-11.856675019827417	26.81983117812931	66.78517178040399	101.85160085625303	142.848318395063	214.0128113275305	0.7337985270094882	1.014728503452648	15.769134876983472	1.0161370281092954	85.75079905588221	1.0862216700322618	2.8514266523438567	1.0862216700322618	1.9313683819969794	1.0862216700322618	0.004431592692641813	1.1494693730102983	NaN	NaN	800000009	800000009	800000009	800000009	800000009	800100109	899999999	899999999	89999	89999	89	89	12	11	9	29	14	3	1	NaN	0	0	0	0	0	0	0	0	0	NaN	NaN	NaN	NaN	0	0	0	0	0	0	0	0	5625	0	0	0	18000	18000	18000	18000	93	NaN	3.0599537428405013	3.3035736552696835	0.6480115538853528	0.031241534622932825	0.20404492025588372	0.051020582018934106	1.0658481416483665e-8	NaN	0.013820470237244864	0.07341837136470664	0.04972876331746066	0.000004431592692641812	NaN	415.51513426632357	7.540385110707593	94248.2591514757	11.430000305175781	2.03440100523502	96.18345750554403	96.08443321228027	96.28248906877306	-0.19806033479132631	0.0002869681277402884	-1	0	2.0815572397775126	68.02982812998032	1.0001564220504628	-273.1499938964844	9.001043313370811	-273.1499938964844	198
DATA	2025-11-16T100000_AIU-0547.ghg	2025-11-16	10:30:00	320.437	1	18000	18000	0.5758648995650789	0	NaN	-8.571809850161378	1	NaN	50.57650431873389	0	NaN	2.5528014577102014	0	NaN	1.1391059552108942	0	NaN	0.005602767541856755	1	NaN	NaN	NaN	NaN	NaN	NaN	NaN	NaN	NaN	NaN	7.939589104936628e-13	1.314775241917415e-14	4.351273460770247e-15	NaN	16.058857996065775	414.76058918648084	417.62900179759004	0.2	0	265.93049876556955	6.8683271486480475	6.915827313138236	0.3	0	0.0880102001312785	2.080682658188395	2.0950723001458673	0.1	0	NaN	NaN	NaN	NaN	9	288.4949588851929	288.42250443183053	93878.04351519098	1.1310012476457476	1009.1448848327868	0.025543189994774583	0.07381406589766594	0.004845411139507917	644.9580717188193	1730.1852550606438	0.004284178421194455	37.27682164857041	1085.2271833418245	273.89700457358316	0.8022660957253619	-1.1654165764108617	0.2054790491871783	1.4297021803783097	2.6323892995093072e-14	4.9440558642972807e-17	1.4297021803783097	13.508456720786839	27.456698614891195	304.5433013851088	8.263255438349143	NaN	0.7135571496068855	4.804242545301706	3532.2654355388404	0.0008210028529630052	-0.16948205427843932	-0.010525122501314333	0	76.14653610774471	-11.555530629566732	26.138641747405597	65.08891378221878	99.26470038157193	139.22015369704198	208.5771594717253	0.5716926940405432	1.0072979864322698	-5.697726261316573	1.0120864153268088	46.2022711430951	1.0946757176090145	2.3320161547805394	1.0946757176090145	1.040587579396503	1.0946757176090145	0.004686229623005402	1.166698418915988	NaN	NaN	800000009	800000009	800000009	800000009	800000019	800100119	899999999	899999999	89999	89999	89	89	8	2	7	21	6	18	6	NaN	0	0	0	0	0	0	0	0	0	NaN	NaN	NaN	NaN	0	0	0	0	0	0	0	0	4919	0	0	0	18000	18000	18000	18000	93	NaN	4.467634277787952	4.606754965310122	0.5340958475053381	0.05465442968871163	0.243326059635247	0.040476540121745605	3.9744997051588964e-8	NaN	-0.004992119504098814	0.059979198976165264	0.026763798076099785	0.000004686229623005402	NaN	414.7604409048379	6.868264600900342	94272.18607855903	11.417227790620593	0.7380850864440488	96.19008645410891	96.09637866073184	96.28377990955777	-0.187417749764191	0.000287332661854129	-1	0	2.0747835248510054	70.65859798569348	1.000156302364336	-273.1499938964844	9.001024527788163	-273.1499938964844	008
DATA	2025-11-16T103000_AIU-0547.ghg	2025-11-16	11:00:00	320.458	1	18000	18000	0.6327223731111037	0	NaN	2.16306770423128	1	NaN	45.63361362572723	0	NaN	1.46257646353543	0	NaN	1.027630523842474	0	NaN	0.004045261365451003	2	NaN	NaN	NaN	NaN	NaN	NaN	NaN	NaN	NaN	NaN	1.4353030616983642e-10	2.1713458826698283e-12	7.871605877279155e-13	NaN	16.031574765592666	413.741664533291	416.3476426570546	0.1	0	242.52783115221047	6.259139855176599	6.298563444663451	0.2	0	0.08792166721748396	2.0765722146619736	2.0896516365034477	0	1	NaN	NaN	NaN	NaN	9	288.1664803161621	288.27125330268007	93900.4782000868	1.1321264961599276	1008.8089981299438	0.025523695362355103	0.06659045794499231	0.004419019288608113	587.8938795431017	1713.4452183994272	0.0039032911106638996	34.310631774517326	1125.5513388563254	272.6203977464212	0.03989003144670278	-0.8423985616725777	0.15546192136311876	0.8575517245687287	4.545224769946657e-15	8.952976127952473e-15	0.8575517245687287	14.857235478166658	59.28890270689027	272.71109729310973	10.444661000601494	NaN	0.7475824859597744	6.17431894227113	-16098.174258190667	-0.00018014465202626905	0.04740075423287955	0.0025334194050532924	0	70.98435285342725	-10.772149404893602	24.366631284209536	60.67635717829326	92.5352731449931	129.7820363142438	194.4371397821293	0.6236793327850892	1.0144995029507102	4.665965629201965	1.015997071595728	42.013650143923364	1.0861616038930966	1.3465551150889157	1.0861616038930966	0.9461119967407876	1.0861616038930966	0.0002697511313362673	1.1493159006808786	NaN	NaN	800000009	800000009	800000009	800000009	800000009	800100119	899999999	899999999	89999	89999	89	89	8	7	4	33	30	17	4	NaN	0	0	0	0	0	0	0	0	0	NaN	NaN	NaN	NaN	0	0	0	0	0	0	0	0	5024	0	0	0	18000	18000	18000	18000	93	NaN	3.8290035774098943	7.820921463918332	0.6987128432140328	0.060789001558617495	0.09534881223638202	0.032496533117580925	1.2964410202834413e-8	NaN	0.0040854286799591666	0.03458559670029103	0.02430041487787394	2.6975113133626733e-7	NaN	413.74178018273244	6.2590541539953435	94300.32853472223	11.40999984741211	-0.5376615946253147	96.21999798562791	96.12571905623543	96.31427598720127	-0.18855855411912062	0.00028710361339876215	-1	0	2.0712025282780333	68.6325255169339	1.000181424326367	-273.1499938964844	9.001172628455691	-273.1499938964844	218
DATA	2025-11-16T150000_AIU-0547.ghg	2025-11-16	15:30:00	320.645	1	18000	18000	0.28905357685887817	0	NaN	-12.440109941966602	1	NaN	64.19766944886865	0	NaN	-0.4395479501313188	1	NaN	1.4448903030823357	0	NaN	-0.0020051108860556894	1	NaN	NaN	NaN	NaN	NaN	NaN	NaN	NaN	NaN	NaN	-2.0880227599958968e-10	-1.8722364326163746e-12	-1.1449821067393785e-12	NaN	16.108585665776037	415.07258723931454	416.62316277448497	0.1	1	144.43846848416086	3.7217698719496246	3.7356731878716958	0.1	0	0.08833257331078252	2.078539354011182	2.0863040977458978	0	1	NaN	NaN	NaN	NaN	9	287.1895919503106	287.70482158237024	93956.62029166667	1.1361252365762318	1007.4190528927413	0.025458321927826717	0.09362889163973535	0.0026343564368369017	349.7787179494503	1652.0105885435162	0.002318720112912606	21.172910172314953	1302.2318705940659	265.70738226790064	0.7147167017013455	-0.5994741829138966	0.15272249078005515	0.9452583873530832	-3.701242894476124e-15	-1.2962173112640585e-14	0.9452583873530832	7.830059868829642	11.988503635000257	320.0114963649998	9.297857846573809	NaN	0.504401152832318	2.4726464556159384	859.7603321519732	0.0033730330320559487	-0.19377821732103132	-0.021548238856581345	0	65.86860242046707	-9.995814540000408	22.610559706021476	56.30349065169065	85.86637578062513	120.42881293787559	180.42430678387873	0.28656532389067807	1.0086830218479237	-8.777971716582597	1.0125972114437747	58.78228322495232	1.0921261633065926	-0.40246993882145876	1.0921261633065926	1.3230067657272226	1.0921261633065926	-0.0020154098238189463	1.1666447343508999	NaN	NaN	800000009	800000009	800000009	800000009	800000009	800010119	899999999	899999999	89999	89999	89	89	5	1	1	32	17	47	1	NaN	0	0	0	0	0	0	0	0	0	NaN	NaN	NaN	NaN	0	0	0	0	0	0	0	0	9174	0	0	0	18000	18000	18000	18000	100	NaN	2.344260689985522	2.2175519050593047	0.38348031618705053	0.034304955822366215	0.12330915018134965	0.02511538634912831	6.981838985196911e-9	NaN	-0.007669336796308527	-0.010284496063660675	0.033807389228028964	-0.000002015409823818946	NaN	415.07251966997705	3.7215578572419927	94372.2465327691	0	-7.454042734265345	97.04017852952745	96.86029620170595	97.22005322096084	-0.3597604713117084	0.0002867919108474678	-1	0	2.0753328344292106	70.68461488956873	1.0001492385897373	-273.1499938964844	9.000902145809597	-273.1499938964844	091
DATA	2025-11-16T153000_AIU-0547.ghg	2025-11-16	16:00:00	320.666	1	18000	18000	0.3137950973316928	0	NaN	-9.07496264330679	1	NaN	64.30181731101348	0	NaN	3.9015297440434824	0	NaN	1.4462874595139867	0	NaN	0.009391062343442738	1	NaN	NaN	NaN	NaN	NaN	NaN	NaN	NaN	NaN	NaN	-1.514341000463727e-10	-1.3105557645350689e-12	-8.270327972628254e-13	NaN	16.201708964155415	414.84469661777916	416.3394340620695	0.3	0	140.21441057061293	3.590189451205148	3.6031253538418806	0.2	0	0.08848300799463561	2.0753534673843848	2.082831226080901	0	1	NaN	NaN	NaN	NaN	9	286.824942811754	287.0236985439725	93999.07104123264	1.1393926246213235	1007.3327905519823	0.02538658098703796	0.09371942737650633	0.002548402049579959	337.5649972303119	1580.7046848550053	0.0022366320393085912	21.35534869128803	1243.1396876246934	265.2486906316353	0.5458312018202944	-0.4633109491593769	0.14032395774106066	0.7295749102097979	1.280829195036987e-14	-9.346797944673911e-15	0.7295749102097979	8.497272137566302	12.325172188298211	319.6748278117018	11.089177013068225	NaN	0.5247909959127411	2.949372588139401	1327.7374588851128	0.0021841667421472763	-0.1411307335127595	-0.015066490280002072	0	70.33990537736202	-10.674352014106427	24.14541331996683	60.125493168570934	91.69517077273603	128.60378079201598	192.6718983035647	0.3106976506212946	1.009969327750642	-5.4436309304476245	1.0131327893402893	58.93657482956373	1.0910341752462758	3.575992239805689	1.0910341752462758	1.3256115090872573	1.0910341752462758	0.007525001046804209	1.1660264268403062	NaN	NaN	800000009	800000009	800000009	800000009	800000119	800011119	899999999	899999999	89999	89999	89	89	11	15	3	55	30	55	9	NaN	0	0	0	0	0	0	0	0	0	NaN	NaN	NaN	NaN	0	0	0	0	0	0	0	0	17406	0	0	0	18000	18000	18000	18000	100	NaN	2.3545483295925624	3.191943313008298	0.3522535336779415	0.04695429062643549	0.23874381240147552	0.03488995827616909	3.7381271144443674e-8	NaN	-0.0047428817604667	0.09110940436843391	0.033774031630293334	0.000007525001046804209	NaN	414.8441469709743	3.5899042941779666	94401.44101128473	10.532332980897497	-7.91823755388792	97.26235318565368	97.08584409332275	97.43887082862855	-0.35304343651069514	0.00028486947438472664	-1	0	2.0722567538155454	68.82670443163971	1.0001252790954378	-273.1499938964844	9.000809929158953	-273.1499938964844	162
DATA	2025-11-16T160000_AIU-0547.ghg	2025-11-16	16:30:00	320.687	1	18000	18000	0.7039435065689161	0	NaN	-5.665875928246574	2	NaN	83.86870785266822	0	NaN	4.389040428037818	0	NaN	1.8854934428554755	0	NaN	0.0007748115363690784	2	NaN	NaN	NaN	NaN	NaN	NaN	NaN	NaN	NaN	NaN	2.0568598123905333e-10	1.674923653105296e-12	1.1303894577187992e-12	NaN	16.258396831626996	414.9369466869839	416.34372106264203	0.1	1	132.39392033828037	3.3788773662002205	3.3903328852500763	0.3	0	0.08935135135204059	2.090685718180964	2.097773838724036	0.5	0	NaN	NaN	NaN	NaN	9	286.35901365152995	286.52906765492764	94040.17724609375	1.1419500251256849	1007.2078529790742	0.025331754344199948	0.12217997509703481	0.002403598675198124	317.83545954485504	1530.6312871848188	0.0021048194949981106	20.764991687150676	1212.7958276399638	264.4755729369454	0.12578536400014736	-0.46094061161106076	0.10862932994060515	0.48998830246473474	-1.0999713352135126e-13	1.2651061686410449e-14	0.48998830246473474	7.158183840482045	46.73628678551273	285.26371321448727	12.808772699499292	NaN	0.7851368376463841	2.5114916073328493	7123.335240082083	0.0004071126659436265	-0.06755649482760355	-0.006274158763861778	0	90.50313587553876	-13.734200032445868	31.066797868785464	77.3607193331574	117.97997815115752	165.46859687521982	247.90211044522536	0.695048023347614	1.0127983720872382	-1.0054835201641705	1.0144326949358036	76.87181558659333	1.0910202551179913	4.0228771257442455	1.0910202551179913	1.7281928855221518	1.0910202551179913	-0.0027495466467467684	1.1665566336390836	NaN	NaN	800000009	800000009	800000009	800000009	800000109	800000109	899999999	899999999	89999	89999	89	89	11	11	5	36	1	27	7	NaN	0	0	0	0	0	0	0	0	0	NaN	NaN	NaN	NaN	0	0	0	0	0	0	0	0	17901	0	0	0	18000	18000	18000	18000	100	NaN	2.5074653776721014	2.0956441121703477	0.41987372482324964	0.04857431482429865	0.2104341245266357	0.04680570153822227	6.320833189325498e-7	NaN	-0.0008741958798671763	0.10225212517366743	0.04392662011071501	-0.0000027495466467467685	NaN	414.9367160556568	3.378548851866068	94440.68099131944	11.402572455194262	-8.699745052907254	97.3868121816847	97.211653913286	97.56196984227498	-0.3503186527896256	0.0002837638984298488	-1	0	2.0877280782593637	69.33770796203609	1.0001606059140629	-273.1499938964844	9.000944362719853	-273.1499938964844	180
DATA	2025-11-16T163000_AIU-0547.ghg	2025-11-16	17:00:00	320.708	1	18000	18000	0.36464143608937766	0	NaN	-16.090831647462807	1	NaN	43.05854723127179	0	NaN	0.9008425181711103	0	NaN	0.9674353738852364	0	NaN	-0.0022564211996163844	2	NaN	NaN	NaN	NaN	NaN	NaN	NaN	NaN	NaN	NaN	-3.023597749094089e-11	-2.3517124251816096e-13	-1.687464391766418e-13	NaN	16.309152359226335	415.06915013255053	416.4134787220281	0.2	0	126.85032676341966	3.2283503252664807	3.2388063267248377	0.1	0	0.09102108200184171	2.123378530945623	2.130255742765681	0	1	NaN	NaN	NaN	NaN	9	285.71578709920243	285.8993848122491	94075.49862521702	1.1449602369825178	1007.1130246384296	0.025266594597585165	0.06268981222776332	0.002302442208164523	303.790133221117	1468.9063215795484	0.0020109363921951453	20.681382383489545	1165.1161883584314	263.89872907269086	0.4332509756067943	-0.21232072933058818	0.15711884983348762	0.5074178090496269	2.0151460032882648e-14	-1.85392697455769e-15	0.5074178090496269	7.090495438697752	358.1078133735591	333.89218662644095	18.037774004161513	NaN	0.5643360666999011	2.4420905009300475	931.643195307167	0.003112779672097381	-0.37369657552627894	-0.024727036338463505	0	71.68577705694952	-10.878593233890003	24.60740751522398	61.27592403768687	93.44965043596405	131.06446346605833	196.358449344371	0.3601560762260241	1.0124539336122118	-13.533516410563333	1.0143905993310423	39.43283806757353	1.0919464421375178	0.8249878230361593	1.0919464421375178	0.8859732827110576	1.0919464421375178	0.00022583279095965368	1.1682914075585873	NaN	NaN	800000009	800000009	800000009	800000009	800011109	800011109	899999999	899999999	89999	89999	89	89	12	10	3	65	46	46	0	NaN	0	0	0	0	0	0	0	0	0	NaN	NaN	NaN	NaN	0	0	0	0	0	0	0	0	17702	0	0	0	18000	18000	18000	18000	100	NaN	1.5736489122352055	2.922041790628832	0.38849029899605797	0.035723731388195394	0.13881487070450063	0.03854928894284681	3.099332184137955e-8	NaN	-0.011736592795645292	0.020912162769399906	0.022458049658487054	2.2583279095965367e-7	NaN	415.0686843616867	3.228060534069406	94474.252093967	11.40999984741211	-9.273728162950933	97.46534332381354	97.2880992764367	97.64258372391595	-0.3544803130113414	0.00028283342032712724	-1	0	2.1205174898041625	69.53533768081668	1.0001356048948236	-273.1499938964844	9.000801387786865	-273.1499938964844	142
DATA	2025-11-16T170000_AIU-0547.ghg	2025-11-16	17:30:00	320.729	0	18000	18000	0.4304855174248037	0	NaN	-34.62500718028072	1	NaN	63.392176449192355	0	NaN	2.0469668940926886	0	NaN	1.423563786165903	0	NaN	0.005684089886075399	2	NaN	NaN	NaN	NaN	NaN	NaN	NaN	NaN	NaN	NaN	2.0302203831078477e-10	1.6353419347600275e-12	1.1224003185875676e-12	NaN	16.36327446048143	415.3592754484686	416.75361542500895	0.2	0	131.8061287230784	3.345717769282878	3.3569491737841872	0.2	0	0.09046379703599172	2.1052134153538047	2.112280509789116	-0.7	0	NaN	NaN	NaN	NaN	9	285.1924384299384	285.36815300496426	94132.51687239583	1.1477358966262234	1007.1650545814242	0.025204370422809957	0.09224693334355051	0.002392038929126054	315.0253139121913	1418.545086248238	0.002084137070346468	22.207634918772225	1103.5197723360468	264.3620006621071	0.13555570130040964	-1.0643676278145489	0.16572316482585006	1.0856877832298695	-1.203966416275227e-15	1.240717674210615e-14	1.0856877832298695	7.870731116000707	54.74199919547124	277.25800080452876	8.780151485704652	NaN	0.6124325858136624	2.3130585557796377	553.5931485908233	0.005238504138611502	-0.5462031613322508	-0.04890902083964638	0	79.79565259328571	-12.109298134629082	27.391265351651292	68.20812366948894	104.02169226997695	145.89190245862164	218.57265486837244	0.4270038286855885	1.008153764686215	-30.79518808173281	1.012489896534892	57.9529309429353	1.0938562626213493	1.871330780871773	1.0938562626213493	1.301417594624757	1.0938562626213493	0.012040029656383792	1.1685888891744285	NaN	NaN	800000009	800000009	800000009	800000009	800010109	800111109	899999999	899999999	89999	89999	89	89	4	5	6	24	18	33	1	NaN	0	0	0	0	0	0	0	0	0	NaN	NaN	NaN	NaN	0	0	0	0	0	0	0	0	17802	0	0	0	18000	18000	18000	18000	100	NaN	2.301714965716222	1.9744122060190235	0.34998993982402976	0.04687110228819344	0.14813023014004253	0.04945387432639068	7.799767876527451e-8	NaN	-0.02664036969187984	0.04732408970369917	0.03291155343541295	0.000012040029656383792	NaN	415.3586846862451	3.3454654048198815	94531.83831879341	11.40999984741211	-8.815396075169243	97.56311164728801	97.38498508029514	97.74123764567904	-0.35625271990895285	0.00028247484153932104	-1	0	2.102266825603115	69.49887513499792	1.0001432927184635	-273.1499938964844	9.000833703173532	-273.1499938964844	006
DATA	2025-11-16T173000_AIU-0547.ghg	2025-11-16	18:00:00	320.749	0	18000	18000	0.3323455346503493	0	NaN	-11.76401676738593	0	NaN	38.734050908374044	0	NaN	1.542203351457984	0	NaN	0.8694201731536262	0	NaN	0.024563261909519785	1	NaN	NaN	NaN	NaN	NaN	NaN	NaN	NaN	NaN	NaN	6.292169313972026e-11	4.608243554525547e-13	3.4726486485217406e-13	NaN	16.391635243246853	415.08178224616506	416.34746429550194	0.3	0	120.04865681235535	3.0399657927027155	3.0492353639028797	0.2	0	0.09046544543568458	2.100131601026787	2.106535396573488	-0.9	0	NaN	NaN	NaN	NaN	9	284.6788252109951	284.87711672041144	94182.84436067709	1.1504620747044363	1006.9898476127319	0.02514755595343196	0.056338427220354974	0.002178350239066577	286.38942544672125	1373.3514613218424	0.0018934568005001071	20.85332367659719	1086.9620358751213	263.1502061943262	0.5599408933838487	-0.02887472138000928	0.16349921532593273	0.5840372822264749	5.794126365256375e-14	3.838646492920418e-15	0.5840372822264749	8.270580347716466	334.9519821893857	357.04801781061434	16.257013966733247	NaN	0.5374756216833142	1.8727954697002007	1101.7088587364	0.0026322743772126344	-0.3037125343593388	-0.01889293652518472	0	82.19454215629143	-12.473338880790367	28.214726510675955	70.25865838742556	107.1488870957968	150.27783766638115	225.14358503163186	0.3286041240376599	1.0113857688902912	-9.51388638174229	1.0138503346828502	35.488634047918254	1.0914494724162584	1.41298648305161	1.0914494724162584	0.7965739093985704	1.0914494724162584	0.02401864246928147	1.1673022141918048	NaN	NaN	800000009	800000009	800000009	800000009	800010109	810111109	899999999	899999999	89999	89999	89	89	7	21	3	50	51	34	0	NaN	0	0	0	0	0	0	0	0	0	NaN	NaN	NaN	NaN	0	0	0	0	0	0	0	0	17901	0	0	0	18000	18000	18000	18000	100	NaN	1.3360796986607975	2.159190320020991	0.2503209207186128	0.025406089630733694	0.11658914430840217	0.034206377685741446	2.6713920429466928e-8	NaN	-0.008212219747266571	0.03564153475391948	0.02009298533031873	0.00002401864246928147	NaN	415.0812776808117	3.0398195269359833	94582.25096527778	11.40999984741211	-10.022072461128202	97.66017149013945	97.48398173883226	97.83636588075424	-0.35237855047649813	0.00028133638712461105	-1	0	2.0974572493433947	69.8605305313534	1.0001306794550684	-273.1499938964844	9.000791319900088	-273.1499938964844	063
DATA	2025-11-16T180000_AIU-0547.ghg	2025-11-16	18:30:00	320.77	0	18000	18000	0.1531150204512597	1	NaN	-13.443835690424635	0	NaN	54.292626983201465	0	NaN	2.475363987777174	0	NaN	1.2181186999869533	0	NaN	0.0038389487968100815	0	NaN	NaN	NaN	NaN	NaN	NaN	NaN	NaN	NaN	NaN	7.871218059828385e-11	5.550088883842906e-13	4.3396684987380403e-13	NaN	16.42520331227788	415.10460475012184	416.3231625089303	0.3	0	115.8160498482248	2.9269516292703055	2.9355438240488994	0.2	0	0.09055769622676943	2.0977241437555736	2.1038821049103333	-0.2	0	NaN	NaN	NaN	NaN	9	284.21422830115426	284.4253455725776	94224.9794672309	1.1528542547594518	1006.9195925660551	0.025096448271583846	0.07893409175915457	0.0021016387933615985	275.86593544258545	1332.8955416531287	0.0018229874111885156	20.696740803892382	1057.0296062105433	262.6776225804685	0.1611264077404888	-0.6451164190744867	0.032650353566938226	0.6657349014577837	2.2641932645656377e-14	4.792158678452784e-15	0.6657349014577837	7.447652832400478	47.976521224767794	284.0234787752322	2.811146325592551	NaN	0.364436355589917	1.6592467316894273	300.61803159830095	0.009646793256484053	-0.24761807334510183	-0.03177842016026773	0	62.03959518573043	-9.414747919724666	21.296185428833237	53.03051285765653	80.87487813223314	113.42816651355447	169.93606275544386	0.1515276233256834	1.010475958711267	-10.34255829982436	1.0136559312828448	49.65013423290909	1.0935041329095792	2.2636987948008604	1.0935041329095792	1.1139589356153612	1.0935041329095792	0.0043216691296394955	1.170838652804129	NaN	NaN	800000009	800000009	800000009	800000009	800011109	800111119	899999999	899999999	89999	89999	89	89	10	8	7	52	35	30	1	NaN	0	0	0	0	0	0	0	0	0	NaN	NaN	NaN	NaN	0	0	0	0	0	0	0	0	17307	0	0	0	18000	18000	18000	18000	100	NaN	1.871991381486155	1.2139832891247684	0.2325187927679309	0.054973611118833636	0.2311410963647466	0.052702326345872436	7.310118760819401e-8	NaN	-0.008909611752186939	0.056977615164184404	0.0280385021576071	0.000004321669129639495	NaN	415.1039339399674	2.926729751402919	94625.34094422743	11.382283427450394	-10.506962583687496	97.7396252369351	97.56453031539917	97.91472436565823	-0.35019388960715797	0.0002812083877102446	-1	0	2.095148146682315	69.76381230915914	1.0000575988872185	-363.4688726891519	9.000519852770699	-273.1499938964844	039
DATA	2025-11-16T183000_AIU-0547.ghg	2025-11-16	19:00:00	320.791	0	18000	18000	0.4829472071271289	0	NaN	-28.689089957693355	2	NaN	70.04169998915029	0	NaN	4.008975949434858	1	NaN	1.5708013506133036	0	NaN	0.009561215520617302	2	NaN	NaN	NaN	NaN	NaN	NaN	NaN	NaN	NaN	NaN	2.5752499575341153e-10	1.761096790048194e-12	1.425869967610249e-12	NaN	16.45837247648666	415.16109730842635	416.34313655836104	0.1	1	112.5513539101737	2.839098681212462	2.8471821121923586	0.2	0	0.0911270727771852	2.106464838789487	2.112462327798451	0	1	NaN	NaN	NaN	NaN	9	283.7559823718601	283.98268849182125	94262.48572591147	1.1551492866031854	1006.8632210989487	0.025047420020157463	0.10178792751974207	0.0020425480576783373	267.6922852780811	1294.2767743978063	0.0017682113310952417	20.68276975785426	1026.5844891197253	262.2993527997566	0.47853523866241865	-0.6033945796732073	0.18973904667851652	0.7931468333513505	6.318367285722254e-14	1.5647051135908244e-14	0.7931468333513505	10.426129336464403	23.583057035628258	308.41694296437174	13.840691825975133	NaN	0.6465926630624551	2.243439240417257	786.9773197339936	0.0036849854846899904	-0.4096001376628123	-0.038148494940570696	0	85.81772245439444	-13.023170469346551	29.458447061068014	73.3556984117672	111.87206854440153	156.90216680540146	235.06803719269848	0.47839798294822455	1.009509287959094	-24.56579130656422	1.01300150971044	64.14595086479426	1.0919114775737442	3.6715210269086165	1.0919114775737442	1.4385793929959096	1.0919114775737442	0.01340020134058952	1.1672856059048875	NaN	NaN	800000009	800000009	800000009	800000009	800011109	801111119	899999999	899999999	89999	89999	89	89	7	4	5	50	50	35	0	NaN	0	0	0	0	0	0	0	0	0	NaN	NaN	NaN	NaN	0	0	0	0	0	0	0	0	17504	0	0	0	18000	18000	18000	18000	100	NaN	1.8953996997459208	2.266237141811945	0.32524163927664856	0.06552896493604699	0.42281255447208554	0.06465114920755703	6.128827103243999e-8	NaN	-0.021121373996367713	0.09222403263722163	0.03613532155162336	0.00001340020134058952	NaN	415.16033745988284	2.838919886212466	94662.63359592014	11.387718379073672	-10.89318623359998	97.80908849398296	97.63530514717101	97.98286121029324	-0.3475522692675391	0.00028053812189480414	-1	0	2.1039526959458983	69.74862096871274	1.000057740031017	-357.4126224348321	9.000542756001154	-273.1499938964844	150
DATA	2025-11-16T190000_AIU-0547.ghg	2025-11-16	19:30:00	320.812	0	18000	18000	0.07466703613369823	0	NaN	-14.052623014787478	0	NaN	51.21258587146384	0	NaN	1.3986126334419136	0	NaN	1.1479158300633445	0	NaN	-0.016680592812849063	2	NaN	NaN	NaN	NaN	NaN	NaN	NaN	NaN	NaN	NaN	2.3154326521863611e-10	1.6571090975135741e-12	1.2929168792791811e-12	NaN	16.53230901535797	415.9484091413099	417.1903263513211	0.3	0	118.31844751082129	2.976860036216186	2.9857481906832355	0.2	0	0.09231493457273447	2.1285262139395296	2.134881457231621	-0.1	0	NaN	NaN	NaN	NaN	9	283.2296341637506	283.42660327233204	94294.34746310764	1.1577465406800058	1006.9262644460817	0.024989926151491804	0.07438494578810471	0.0021465857260456554	280.77636969580567	1247.1602819243583	0.0018541067933442945	22.513254612516203	966.3839122285526	262.90010012206244	-0.04667497130661557	-0.39017413640683585	0.051116544305759654	0.39626671670597086	6.891380066940836e-14	1.4005500683754463e-14	0.39626671670597086	5.220431560281843	68.8216480585744	263.1783519414256	7.4115384589167235	NaN	0.25395555108709156	0.8902915155969237	97.36699023683428	0.02978422145889562	-0.27439784138331785	-0.047466643693648634	0	57.619241511522716	-8.743942195830027	19.77882105491798	49.252061021314155	75.11250067582536	105.34635019760665	157.82802921440305	0.07361876601034424	1.014239169985635	-11.105880100517977	1.01626529861332	46.509204651367185	1.10112796499861	1.2701635758053598	1.10112796499861	1.0424908517011404	1.10112796499861	-0.0141019574152556	1.1851797974017015	NaN	NaN	800000009	800000009	800000009	800000009	800001109	800111109	899999999	899999999	89999	89999	89	89	0	6	4	39	49	29	0	NaN	0	0	0	0	0	0	0	0	0	NaN	NaN	NaN	NaN	0	0	0	0	0	0	0	0	17305	0	0	0	18000	18000	18000	18000	100	NaN	0.782670012600941	0.8620867919371116	0.13582622665579452	0.05454356800007377	0.3023204336451443	0.05900190952700175	5.716027976565888e-7	NaN	-0.009526685305982394	0.031836090968077865	0.0261295743480148	-0.0000141019574152556	NaN	415.9475243741117	2.9766140859687917	94694.45601627605	11.40999984741211	-10.286504767378192	97.87340875498454	97.69915431234571	98.04767481189305	-0.34853131615080757	0.0002795761099696392	-1	0	2.125856800238289	69.82731713845995	1.0001110700468223	-273.1499938964844	9.000695793363784	-273.1499938964844	100
DATA	2025-11-16T193000_AIU-0547.ghg	2025-11-16	20:00:00	320.833	0	18000	18000	0.4332138475771203	0	NaN	-21.907304512876433	1	NaN	73.36166203196794	0	NaN	2.9415730726983815	0	NaN	1.64399613725445	0	NaN	0.003084813750497747	2	NaN	NaN	NaN	NaN	NaN	NaN	NaN	NaN	NaN	NaN	1.9134039073645106e-10	1.2154766445320858e-12	1.0805557246219606e-12	NaN	16.50255940026482	414.899423992403	415.99583092225413	0.1	1	104.83137119571114	2.635619995086119	2.642584844541103	0.2	0	0.09319482918497587	2.146055981224118	2.1517271162356377	0	1	NaN	NaN	NaN	NaN	9	282.92861650678856	283.18192869144013	94308.72624457465	1.1590732588856696	1006.7375949909375	0.024964546218500906	0.10653094969408836	0.0019024528909725531	248.6286387170636	1226.912344709377	0.0016413568999094734	20.26458041515241	978.2837059923135	261.37545866741283	-0.1400940346757189	-0.7704293649520172	0.09484171755381515	0.788785583235765	-2.5632608155365284e-15	1.1594588820772893e-14	0.788785583235765	8.621740931121211	72.3059960054286	259.6940039945714	6.905817693041591	NaN	0.6113581723180622	2.912542605140794	871.3973361970797	0.003327988139895026	-0.29862061335701673	-0.03070902654166862	0	75.15372020782598	-11.40486698644581	25.797840176440058	64.240269683425	97.97046458468623	137.40496958959977	205.85768290892534	0.42912056190145237	1.009538777768025	-17.699146087572803	1.0129939991992223	67.19898182117242	1.0917079402660508	2.694468881467983	1.0917079402660508	1.5058937254352165	1.0917079402660508	0.005119462468626201	1.1669399622110572	NaN	NaN	800000009	800000009	800000009	800000009	800000009	800110109	899999999	899999999	89999	89999	89	89	18	7	6	44	11	37	1	NaN	0	0	0	0	0	0	0	0	0	NaN	NaN	NaN	NaN	0	0	0	0	0	0	0	0	17405	0	0	0	18000	18000	18000	18000	100	NaN	2.9912342582298788	2.428713592943995	0.4051373591077147	0.0420938527288436	0.36572248224412446	0.056199931294890586	1.2177383698182172e-8	NaN	-0.01516788896100688	0.06744399735506339	0.0376933254393074	0.000005119462468626201	NaN	414.899003279011	2.635424190467554	94709.51048958334	11.404094712257383	-11.819032648484017	97.9079256937239	97.7329392191569	98.08291735076904	-0.3499653295808368	0.00027946842506935347	-1	0	2.14367115265131	69.6954929950502	1.0001229975554677	-273.1499938964844	9.000729588508605	-273.1499938964844	000
DATA	2025-11-16T200000_AIU-0547.ghg	2025-11-16	20:30:00	320.854	0	18000	18000	0.6603943042753532	1	NaN	-25.219839349297327	1	NaN	79.41277109108435	0	NaN	4.431461030737994	0	NaN	1.7789309517900607	0	NaN	-0.0007221194688857597	2	NaN	NaN	NaN	NaN	NaN	NaN	NaN	NaN	NaN	NaN	-2.282316450217213e-10	-1.3659154207280014e-12	-1.2872230905556936e-12	NaN	16.522065108113605	414.74283607561136	415.7748488070098	0.1	1	98.88086952752151	2.4821432425736925	2.488319608274735	0.2	0	0.0931842019926917	2.1417495666503696	2.14707892409308	-0.7	0	NaN	NaN	NaN	NaN	9	282.5390440249972	282.78995436859134	94338.37794596354	1.1611122248385897	1006.6472875533786	0.024922155031827806	0.11527472567599592	0.0017947172682467817	234.22417864192198	1195.0777870208085	0.0015456880307123386	19.599073900102848	960.8536083788865	260.6344962955042	-0.1880148864663474	-0.026323809068076832	0.10256466898849365	0.21578241768393414	-2.6205660271412985e-14	-1.3813748071337765e-14	0.21578241768393414	6.850900587470195	144.02987404504074	187.9701259549593	28.37987645259389	NaN	0.7541618521781683	2.0070142446904606	1421.1932019897108	0.0020405388907995883	-0.3175791374962956	-0.02861055153192916	0	73.98408254556925	-11.227369958707369	25.39634141640792	63.24048100167403	96.44572376214067	135.26649890619504	202.65386414480633	0.6452231432712984	1.0235130453119468	-20.514154604128894	1.019549707839373	72.38341429151092	1.0971128105571808	4.039202703765192	1.0971128105571808	1.621465846239286	1.0971128105571808	0.0022244958572044723	1.175011899717332	NaN	NaN	800000009	800000009	800000009	800000009	800100119	810110119	899999999	899999999	89999	89999	89	89	42	2	14	43	17	28	3	NaN	0	0	0	0	0	0	0	0	0	NaN	NaN	NaN	NaN	0	0	0	0	0	0	0	0	17901	0	0	0	18000	18000	18000	18000	100	NaN	1.122586465275449	2.2502760783437687	0.641165945761704	0.02785129566386274	0.1813727808919834	0.03513592634490313	1.0022252854706529e-7	NaN	-0.01755100940743241	0.10091619162218866	0.04051100428690701	0.0000022244958572044722	NaN	414.7425634152188	2.482044312944406	94738.99668424479	11.399999618530273	-12.546573895692854	97.96530635791353	97.79173588604397	98.13887192090353	-0.34713361291587325	0.00027928311440013614	-1	0	2.139513982395331	69.75666434224448	1.0001042356292407	-273.1499938964844	9.000582590262095	-273.1499938964844	101
DATA	2025-11-16T203000_AIU-0547.ghg	2025-11-16	21:00:00	320.874	0	18000	18000	0.440815002473493	0	NaN	8.90148037761723	2	NaN	43.45596154481875	0	NaN	0.9937024538867532	1	NaN	0.9732739133434877	0	NaN	0.024854620558745304	1	NaN	NaN	NaN	NaN	NaN	NaN	NaN	NaN	NaN	NaN	-1.774804261005246e-10	-1.0513293909566644e-12	-9.962760944232931e-13	NaN	16.549297571168335	414.80832702906343	415.8300936830475	0.1	1	98.03201016884185	2.4571734213225955	2.4632259947676496	0.1	0	0.09289852358318035	2.1331425121123457	2.138396924198725	0	1	NaN	NaN	NaN	NaN	9	282.3416132626004	282.59011754608156	94369.37337261284	1.16232606326887	1006.6299551962167	0.024896363653930574	0.06306814958465799	0.0017785033359239187	231.94411590735788	1179.1296828517504	0.0015301242845076892	19.670789335605228	947.1855669443926	260.51350441749634	-0.2591945290084109	-0.16097458067108095	0.0633696698789965	0.3116253111522071	1.2566048535656153e-14	-1.0724347987417025e-14	0.3116253111522071	8.675788477064069	120.15736146712669	211.8426385328733	11.733051118949009	NaN	0.6158347553841922	1.5255231324733696	-2192.9594063165932	-0.0013224138995217372	0.20483910748210224	0.012353790081157164	0	85.75754037511506	-13.014037606631955	29.437788500740698	73.30425567556829	111.79361512585658	156.792134770389	234.90318915378785	0.4273089657890143	1.0316071923731818	10.99182686330334	1.0270865159815146	39.598678232556004	1.0974093955765292	0.9054984018655198	1.0974093955765292	0.8868831607115717	1.0974093955765292	0.017566354429063524	1.1646745241412255	NaN	NaN	800000009	800000009	800000009	800000009	800011109	801111119	899999999	899999999	89999	89999	89	89	4	29	7	26	40	41	0	NaN	0	0	0	0	0	0	0	0	0	NaN	NaN	NaN	NaN	0	0	0	0	0	0	0	0	17703	0	0	0	18000	18000	18000	18000	100	NaN	1.5016307141656737	1.2538630373270392	0.29555251345402633	0.03037481999051978	0.10935043240170494	0.025607997613731413	1.968579058737994e-8	NaN	0.009394465001359464	0.02259916245758299	0.02213456875078191	0.000017566354429063522	NaN	414.80779665524085	2.456992890187202	94770.56150868055	11.390760843753814	-12.660976424641076	98.03418754577636	97.86336705144247	98.20501229476929	-0.3416365739040908	0.00027880561529147806	-1	0	2.130934053017034	69.70566245863174	1.0001155019601187	-273.1499938964844	9.000659657504823	-273.1499938964844	143
DATA	2025-11-16T210000_AIU-0547.ghg	2025-11-16	21:30:00	320.895	0	18000	18000	0.1124756248025199	1	NaN	-10.108502895178159	0	NaN	49.91561645398253	0	NaN	0.9561220289167883	0	NaN	1.117696521573753	0	NaN	0.006094748775890311	1	NaN	NaN	NaN	NaN	NaN	NaN	NaN	NaN	NaN	NaN	1.0724192591069799e-10	6.654380863879924e-13	6.035112563298876e-13	NaN	16.58269668237504	415.14756394000347	416.2197452250358	0.1	1	102.89593229294456	2.575998129191697	2.5826510334221475	0.1	0	0.09332025719541168	2.1405144809746317	2.1460426829109758	0.4	0	NaN	NaN	NaN	NaN	9	282.09786649915907	282.35355415513783	94418.38243077257	1.1638516862366302	1006.6892998841587	0.02486261031814425	0.0724267345979792	0.001867039964404022	243.28681811616121	1160.4931914500614	0.0016041906253890343	20.964088364203935	917.2063733339003	261.1052526910524	0.0021246874636979326	-0.4927061062529244	0.033982213004255815	0.493881172182558	8.086754436414659e-14	6.4670980821038795e-15	0.493881172182558	8.74177017904116	61.75292599720524	270.24707400279476	3.945436867729104	NaN	0.31087112661690586	1.6487054987639784	248.49727686219413	0.011670148005719253	-0.2025118312321604	-0.02775321883088727	0	54.35176247573672	-8.248089646134703	18.657201237402973	46.45906908607297	70.8530117473805	99.37235641120088	148.87789791817013	0.1110789502219049	1.0125737106609742	-7.3022249486158	1.0147278788574885	45.61176695131851	1.0943583156350318	0.873682792241563	1.0943583156350318	1.021325927354222	1.0943583156350318	0.005645559551410359	1.1727696182844174	NaN	NaN	800000009	800000009	800000009	800000009	800100119	811111119	899999999	899999999	89999	89999	89	89	26	21	9	44	48	31	0	NaN	0	0	0	0	0	0	0	0	0	NaN	NaN	NaN	NaN	0	0	0	0	0	0	0	0	17703	0	0	0	18000	18000	18000	18000	100	NaN	1.7043205081981114	1.3575781029807306	0.23551238634911498	0.030807926583232493	0.126023904118245	0.033957237269541994	4.054064636426811e-8	NaN	-0.006232497526440117	0.021778150328030838	0.025458426991298615	0.000005645559551410359	NaN	415.1473568074339	2.5757966854948613	94818.97830664062	11.392572934627534	-12.073925561640015	98.07449840460883	97.90494996325175	98.24403791130914	-0.3390730048078629	0.00027805676623958995	-1	0	2.1381873718433915	69.9499925509559	1.000112718390094	-273.1499938964844	9.000617823706733	-273.1499938964844	251
DATA	2025-11-16T213000_AIU-0547.ghg	2025-11-16	22:00:00	320.916	0	18000	18000	0.11242701286567686	0	NaN	-16.169821027961135	1	NaN	63.218890239794526	0	NaN	1.543404849004767	0	NaN	1.4151434924773876	0	NaN	0.011340047235607345	1	NaN	NaN	NaN	NaN	NaN	NaN	NaN	NaN	NaN	NaN	-2.0059818952060035e-10	-1.3034279326460521e-12	-1.1224014217429975e-12	NaN	16.627165342594374	415.6794080670257	416.8051831618277	0.1	0	108.03842148354106	2.700962320722726	2.7082772755981863	0.1	0	0.09303351174147707	2.1308282777809797	2.136599151583896	0.6	0	NaN	NaN	NaN	NaN	9	281.7993111809625	282.03121792433	94449.73762326389	1.1655136764395202	1006.7503753339371	0.024825982631902308	0.09170129831253471	0.0019605001169543525	255.17361178728476	1135.517465029506	0.0016820910441337795	22.47201118836637	880.3438532422213	261.69955732995453	-0.11763759557540523	-0.49668409783898676	0.02051967890571806	0.5108373069396069	4.535929446519362e-14	-1.2064485159519113e-14	0.5108373069396069	4.527286921169747	75.32473750793213	256.6752624920679	2.30211728866847	NaN	0.31058226218759194	1.0956351262792121	154.95329312658993	0.0187153169931718	-0.2557751483239844	-0.04436999603825408	0	55.42308815647758	-8.410667451388058	19.024952675551884	47.37482216468644	72.24959297281342	101.33108143739629	151.8124249338424	0.11106957649738965	1.0122214958505682	-12.579815383953687	1.0148433404585533	57.64393313399433	1.0967136835170685	1.407299710217162	1.0967136835170685	1.2903490799341004	1.0967136835170685	0.011506411504020278	1.1771417135330922	NaN	NaN	800000009	800000009	800000009	800000009	800011119	800111119	899999999	899999999	89999	89999	89	89	4	0	0	35	32	45	0	NaN	0	0	0	0	0	0	0	0	0	NaN	NaN	NaN	NaN	0	0	0	0	0	0	0	0	17105	0	0	0	18000	18000	18000	18000	100	NaN	1.1901684186757886	0.7772227333247738	0.22387910055786195	0.08929267133826695	0.4727816870877133	0.05537790537751673	9.090116367982945e-8	NaN	-0.010720994999090678	0.03503224431666249	0.0321209646345032	0.000011506411504020278	NaN	415.67910342892316	2.7007461422595336	94851.92535720486	11.399999618530273	-11.49070053927101	98.11872102504306	97.94949221483867	98.28795357407463	-0.33846479498512205	0.00027820739338090396	-1	0	2.1284032945235563	70.06542362361483	1.0000914157744911	-273.1499938964844	9.00052986047003	-273.1499938964844	151
DATA	2025-11-16T220000_AIU-0547.ghg	2025-11-16	22:30:00	320.937	0	18000	18000	0.18479291783598345	0	NaN	-14.063112472633524	1	NaN	70.19624779618466	0	NaN	1.1722973051235175	1	NaN	1.571131390454104	0	NaN	-0.005684162651605246	0	NaN	NaN	NaN	NaN	NaN	NaN	NaN	NaN	NaN	NaN	-1.8453055216923155e-10	-1.2335497913458028e-12	-1.0311084662947365e-12	NaN	16.634577803606156	415.5811301106945	416.7388626098633	0	0	111.19882175362238	2.778076639933109	2.785815849868785	0.2	0	0.09294967041992477	2.1276541222084657	2.133581374785153	0	0	NaN	NaN	NaN	NaN	9	281.6657954160902	281.8987300160726	94464.62868185763	1.1662112503741098	1006.7893788045536	0.024810408658322996	0.10180931410142594	0.0020177395140381083	262.5003723046374	1125.390016182002	0.0017301663942882013	23.325279994503248	862.8896438773646	262.0536956898591	0.37791075736757157	-0.35534951741031173	0.06608444380041902	0.5229311367381784	-2.4374602370088495e-14	-1.1093191203760386e-14	0.5229311367381784	9.732689946864534	15.23765695877762	316.7623430412224	7.260059137987505	NaN	0.3980650497970771	1.6655378448830513	375.1541922753102	0.007730154852892619	-0.20033994571142716	-0.030089262977799996	0	59.159385118384314	-8.977664930083337	20.307502516177752	50.568552611915266	77.1202334171202	108.16222391455935	162.0467211617713	0.1825722747788453	1.0121630902601617	-10.126540252200696	1.0143909984381703	64.22011400038058	1.0930570412218308	1.0724941708559976	1.0930570412218308	1.4373736513310198	1.0930570412218308	-0.005295268023661957	1.1703535720304168	NaN	NaN	800000009	800000009	800000009	800000009	800010119	810111119	899999999	899999999	89999	89999	89	89	22	6	4	38	50	43	0	NaN	0	0	0	0	0	0	0	0	0	NaN	NaN	NaN	NaN	0	0	0	0	0	0	0	0	17405	0	0	0	18000	18000	18000	18000	100	NaN	1.4634510530079556	1.5552066529078894	0.31241798385025754	0.0444400283514063	0.16235648341975992	0.042519192371184865	1.1465291138473974e-8	NaN	-0.008624724699736285	0.026683166427959003	0.03576120169214273	-0.000005295268023661957	NaN	415.58054169157265	2.777793896093623	94871.02055121528	11.399999618530273	-11.126913807908677	98.13916528405083	97.9694148548974	98.30891315544976	-0.3395249555259943	0.0002777039995918231	-1	0	2.125158287525177	69.87025684928895	1.0000881776677237	-273.1499938964844	9.000531705141068	-273.1499938964844	107
DATA	2025-11-16T223000_AIU-0547.ghg	2025-11-16	23:00:00	320.958	0	18000	18000	0.32287589769080705	0	NaN	-13.225405794996503	2	NaN	51.18613753559554	0	NaN	1.3344727958418015	1	NaN	1.1453496012096755	0	NaN	-0.009625539539640496	0	NaN	NaN	NaN	NaN	NaN	NaN	NaN	NaN	NaN	NaN	1.5269603945648225e-10	1.0348437402880238e-12	8.544933520781636e-13	NaN	16.65032012067673	415.6901139189282	416.86450194549553	0	0	112.84169263332245	2.817193647063887	2.825152649159084	0.2	0	0.0931758800276307	2.130181272288248	2.136199359552842	-0.3	0	NaN	NaN	NaN	NaN	9	281.3646730236477	281.6267385423448	94473.40329969618	1.1674287074631124	1006.8052957498381	0.024784168056414084	0.07421865415838697	0.0020483169043379493	266.2212634780352	1104.848006524662	0.0017545541678421254	24.095736418572496	838.6267430466268	262.23018494039394	0.40461803004650765	-0.3695695195844217	0.11669268967151329	0.5602807902002441	6.998620842973911e-14	9.170756979432544e-15	0.5602807902002441	8.439513892957427	14.40791294281587	317.59208705718413	12.021303724310068	NaN	0.5258993439620263	1.482562098002745	919.9351810480417	0.0031523960163107986	-0.25837866328162334	-0.02139589793510607	0	85.00721494844258	-12.900172828360386	29.180226062260108	72.66288878612518	110.81549015163674	155.42030058641072	232.8479315652705	0.31914712943835877	1.0116835399992794	-10.320460730491709	1.0140101298866802	46.888634846265575	1.091653397532691	1.2224326868380757	1.091653397532691	1.0491879600231597	1.091653397532691	-0.008025624182323476	1.1677186641085875	NaN	NaN	800000009	800000009	800000009	800000009	800001109	801111119	899999999	899999999	89999	89999	89	89	7	12	3	30	52	42	0	NaN	0	0	0	0	0	0	0	0	0	NaN	NaN	NaN	NaN	0	0	0	0	0	0	0	0	17451	0	0	0	18000	18000	18000	18000	100	NaN	1.4137663337693236	1.331038408380683	0.22031945385548318	0.07463379293073345	0.42525762159211283	0.041319163121011825	5.1618370885512024e-8	NaN	-0.008780580440095923	0.03038259375795547	0.026076733638049507	-0.000008025624182323477	NaN	415.68928125316717	2.8168830829522933	94878.7908843316	11.399999618530273	-10.948414496262867	98.1810702434116	98.01660801272922	98.34553596411811	-0.32892723312560035	0.00027799965817798186	-1	0	2.1276501302189295	69.76692751121516	1.0000823677182198	-273.1499938964844	9.000431635326809	-273.1499938964844	064
DATA	2025-11-16T230000_AIU-0547.ghg	2025-11-16	23:30:00	320.979	0	18000	18000	0.3826151956507148	0	NaN	-8.474428483862313	0	NaN	56.42101211698902	0	NaN	2.222511116700839	0	NaN	1.2621138423234677	0	NaN	0.005132916933964342	1	NaN	NaN	NaN	NaN	NaN	NaN	NaN	NaN	NaN	NaN	-3.194008229117217e-11	-2.199793570962008e-13	-1.7721929043665283e-13	NaN	16.68385822398264	415.95153446988246	417.1465603077605	0.3	0	114.90591578751923	2.8647625357293647	2.8729929783792394	0.2	0	0.09257025355307594	2.1133572710036033	2.1194289316040034	0	1	NaN	NaN	NaN	NaN	9	281.0682736129761	281.31815109931097	94480.05188346354	1.1687705021268913	1006.8251322922038	0.02475526909240654	0.0817849769825607	0.0020853347053367073	270.7355154707253	1081.9429858133633	0.0017842122996275845	25.02308522913495	811.207470342638	262.4413780407213	0.09169741141233408	-0.4003006039330407	0.102561408253186	0.4232822122789677	8.406326835333728e-14	-1.9144302152639416e-15	0.4232822122789677	8.199755811645584	49.09777859380665	282.90222140619335	14.02234596751144	NaN	0.5721586735983938	1.5892837718152188	1848.927764465999	0.0015684766358828345	-0.15019986643080024	-0.012586664119354307	0	85.26156847765596	-12.93877195772071	29.26753739797063	72.88030635729017	111.1470656658878	155.8853399597102	233.54464528774196	0.3772858030057767	1.0141256114130976	-5.347086608909225	1.015114812159847	51.67067392456659	1.0919348990755837	2.035387932542851	1.0919348990755837	1.1558508143589468	1.0919348990755837	0.0038590338452822075	1.168099997325979	NaN	NaN	800000009	800000009	800000009	800000009	800100019	810111119	899999999	899999999	89999	89999	89	89	15	15	5	25	22	22	0	NaN	0	0	0	0	0	0	0	0	0	NaN	NaN	NaN	NaN	0	0	0	0	0	0	0	0	17262	0	0	0	18000	18000	18000	18000	100	NaN	1.5072949227562014	1.4124294355934088	0.25884318528082795	0.04731890474564931	0.46049526067975904	0.06010937178496103	4.1232394295641936e-8	NaN	-0.004543954024824544	0.050531375198525255	0.028695626145785486	0.000003859033845282207	NaN	415.9510890152902	2.86447555253287	94885.7627797309	11.38152118783527	-10.749221595843602	98.2218485399882	98.05770864338345	98.38599536980523	-0.32828208530031994	0.00027739094005179744	-1	0	2.1107978959732465	69.80770773654515	1.0000866109099653	-273.1499938964844	9.000463082154592	-273.1499938964844	047
