DATAH	filename	date	time	DOY	daytime	file_records	used_records	Tau	qc_Tau	rand_err_Tau	H	qc_H	rand_err_H	LE	qc_LE	rand_err_LE	co2_flux	qc_co2_flux	rand_err_co2_flux	h2o_flux	qc_h2o_flux	rand_err_h2o_flux	ch4_flux	qc_ch4_flux	rand_err_ch4_flux	none_flux	qc_none_flux	rand_err_none_flux	H_strg	LE_strg	co2_strg	h2o_strg	ch4_strg	none_strg	co2_v-adv	h2o_v-adv	ch4_v-adv	none_v-adv	co2_molar_density	co2_mole_fraction	co2_mixing_ratio	co2_time_lag	co2_def_timelag	h2o_molar_density	h2o_mole_fraction	h2o_mixing_ratio	h2o_time_lag	h2o_def_timelag	ch4_molar_density	ch4_mole_fraction	ch4_mixing_ratio	ch4_time_lag	ch4_def_timelag	none_molar_density	none_mole_fraction	none_mixing_ratio	none_time_lag	none_def_timelag	sonic_temperature	air_temperature	air_pressure	air_density	air_heat_capacity	air_molar_volume	ET	water_vapor_density	e	es	specific_humidity	RH	VPD	Tdew	u_unrot	v_unrot	w_unrot	u_rot	v_rot	w_rot	wind_speed	max_wind_speed	wind_dir	yaw	pitch	roll	u*	TKE	L	(z-d)/L	bowen_ratio	T*	model	x_peak	x_offset	x_10%	x_30%	x_50%	x_70%	x_90%	un_Tau	Tau_scf	un_H	H_scf	un_LE	LE_scf	un_co2_flux	co2_scf	un_h2o_flux	h2o_scf	un_ch4_flux	ch4_scf	un_none_flux	un_none_scf	spikes_hf	amplitude_resolution_hf	drop_out_hf	absolute_limits_hf	skewness_kurtosis_hf	skewness_kurtosis_sf	discontinuities_hf	discontinuities_sf	timelag_hf	timelag_sf	attack_angle_hf	non_steady_wind_hf	u_spikes	v_spikes	w_spikes	ts_spikes	co2_spikes	h2o_spikes	ch4_spikes	none_spikes	head_detect_LI-7200	t_out_LI-7200	t_in_LI-7200	aux_in_LI-7200	delta_p_LI-7200	chopper_LI-7200	detector_LI-7200	pll_LI-7200	sync_LI-7200	chopper_LI-7500	detector_LI-7500	pll_LI-7500	sync_LI-7500	not_ready_LI-7700	no_signal_LI-7700	re_unlocked_LI-7700	bad_temp_LI-7700	laser_temp_unregulated_LI-7700	block_temp_unregulated_LI-7700	motor_spinning_LI-7700	pump_on_LI-7700	top_heater_on_LI-7700	bottom_heater_on_LI-7700	calibrating_LI-7700	motor_failure_LI-7700	bad_aux_tc1_LI-7700	bad_aux_tc2_LI-7700	bad_aux_tc3_LI-7700	box_connected_LI-7700	mean_value_RSSI_LI-7200	mean_value_LI-7500	u_var	v_var	w_var	ts_var	co2_var	h2o_var	ch4_var	none_var	w/ts_cov	w/co2_cov	w/h2o_cov	w/ch4_cov	w/none_cov	co2_mean	h2o_mean	air_p_mean	vin_sf_mean	dew_point_mean	avg_signal_strength_7200_mean	co2_signal_strength_7200_mean	h2o_signal_strength_7200_mean	delta_signal_strength_7200_mean	flowrate_mean	hit_power_mean	hit_vin_mean	ch4_mean	rssi_77_mean	ch4_aux-1_mean	ch4_aux-2_mean	ch4_aux-3_mean	ch4_aux-4_mean	CHK
DATAU		[yyyy-mm-dd]	[HH:MM]	[ddd.ddd]	[1=daytime]	[#]	[#]	[kg+1m-1s-2]	[#]	[kg+1m-1s-2]	[W+1m-2]	[#]	[W+1m-2]	[W+1m-2]	[#]	[W+1m-2]	[µmol+1s-1m-2]	[#]	[µmol+1s-1m-2]	[mmol+1s-1m-2]	[#]	[mmol+1s-1m-2]	[µmol+1s-1m-2]	[#]	[µmol+1s-1m-2]	[µmol+1s-1m-2]	[#]	[µmol+1s-1m-2]	[W+1m-2]	[W+1m-2]	[µmol+1s-1m-2]	[mmol+1s-1m-2]	[µmol+1s-1m-2]	[µmol+1s-1m-2]	[µmol+1s-1m-2]	[mmol+1s-1m-2]	[µmol+1s-1m-2]	[µmol+1s-1m-2]	[mmol+1m-3]	[µmol+1mol_a-1]	[µmol+1mol_d-1]	[s]	[1=default]	[mmol+1m-3]	[mmol+1mol_a-1]	[mmol+1mol_d-1]	[s]	[1=default]	[mmol+1m-3]	[µmol+1mol_a-1]	[µmol+1mol_d-1]	[s]	[1=default]	[mmol+1m-3]	[µmol+1mol_a-1]	[µmol+1mol_d-1]	[s]	[1=default]	[K]	[K]	[Pa]	[kg+1m-3]	[J+1kg-1K-1]	[m+3mol-1]	[mm]	[kg+1m-3]	[Pa]	[Pa]	[kg+1kg-1]	[%]	[Pa]	[K]	[m+1s-1]	[m+1s-1]	[m+1s-1]	[m+1s-1]	[m+1s-1]	[m+1s-1]	[m+1s-1]	[m+1s-1]	[deg_from_north]	[deg]	[deg]	[deg]	[m+1s-1]	[m+2s-2]	[m]	[#]	[#]	[K]	[0=KJ/1=KM/2=HS]	[m]	[m]	[m]	[m]	[m]	[m]	[m]	[kg+1m-1s-2]	[#]	[W+1m-2]	[#]	[W+1m-2]	[#]	[µmol+1s-1m-2]	[#]	[mmol+1s-1m-2]	[#]	[µmol+1s-1m-2]	[#]	[µmol+1s-1m-2]	[#]	8u/v/w/ts/co2/h2o/ch4/none	8u/v/w/ts/co2/h2o/ch4/none	8u/v/w/ts/co2/h2o/ch4/none	8u/v/w/ts/co2/h2o/ch4/none	8u/v/w/ts/co2/h2o/ch4/none	8u/v/w/ts/co2/h2o/ch4/none	8u/v/w/ts/co2/h2o/ch4/none	8u/v/w/ts/co2/h2o/ch4/none	8co2/h2o/ch4/none	8co2/h2o/ch4/none	8aa	8U	[#]	[#]	[#]	[#]	[#]	[#]	[#]	[#]	[#_flagged_recs]	[#_flagged_recs]	[#_flagged_recs]	[#_flagged_recs]	[#_flagged_recs]	[#_flagged_recs]	[#_flagged_recs]	[#_flagged_recs]	[#_flagged_recs]	[#_flagged_recs]	[#_flagged_recs]	[#_flagged_recs]	[#_flagged_recs]	[#_flagged_recs]	[#_flagged_recs]	[#_flagged_recs]	[#_flagged_recs]	[#_flagged_recs]	[#_flagged_recs]	[#_flagged_recs]	[#_flagged_recs]	[#_flagged_recs]	[#_flagged_recs]	[#_flagged_recs]	[#_flagged_recs]	[#_flagged_recs]	[#_flagged_recs]	[#_flagged_recs]	[#_flagged_recs]	[#]	[#]	[m+2s-2]	[m+2s-2]	[m+2s-2]	[K+2]	--	--	--	--	[m+1s-1K+1]	--	--	--	--	--	--	--	--	--	--	--	--	--	--	--	--	--	--	--	--	--	--	207
DATA	2025-08-30T233000_AIU-0547.ghg	2025-08-31	00:00:00	243	0	18000	18000	0.10956369543905047	1	NaN	61.79837948688995	0	NaN	NaN	NaN	NaN	NaN	NaN	NaN	NaN	NaN	NaN	-0.016071297779596528	0	NaN	NaN	NaN	NaN	NaN	NaN	NaN	NaN	NaN	NaN	NaN	NaN	8.839098240103185e-13	NaN	NaN	NaN	NaN	NaN	0	NaN	NaN	NaN	NaN	0	0.08946191750508217	2.269301343761105	2.269301343761105	0	1	NaN	NaN	NaN	NaN	9	292.7508510360718	291.81604856533477	95645.65041514757	1.141862028100878	1005.5190469247041	0.025366115628274906	NaN	NaN	NaN	NaN	NaN	NaN	NaN	NaN	-0.15455382122233927	-0.1220788038905101	0.16944830995944696	0.25981310159782334	-2.3789482153749423e-14	9.880291510184825e-15	0.25981310159782334	3.2942812910597055	113.69553654458429	218.3044634554157	40.70715638191675	NaN	0.3097608451101091	0.36812131117721764	-40.57817037031356	-0.07146699748990164	NaN	0.1737587300624894	0	58.32422488162891	-8.850926142086891	20.02081903264622	49.85467020277202	76.03151769990329	106.63528464107453	159.75908788532527	0.10570401147671252	1.0365140727245556	59.978618118107384	1.0303401683113	NaN	1	NaN	1	NaN	1	-0.013741785803535153	1.1695203235857523	NaN	NaN	800009909	800009909	800009909	800009909	800009909	800119919	899999999	899999999	89999	89999	89	89	9	8	1	6	0	0	0	NaN	0	0	0	0	0	0	0	0	0	NaN	NaN	NaN	NaN	0	0	0	0	0	0	0	0	15149	0	0	0	18000	18000	18000	18000	6	NaN	0.18498406090702788	0.3552307644296485	0.19602779701775885	0.2663165611295755	NaN	NaN	1.8485737041102985e-8	NaN	0.05223871952661184	NaN	NaN	-0.000013741785803535153	NaN	NaN	NaN	96036.87554817708	11.670000076293945	NaN	0	0	0	0	0.00028364751343744706	-1	0	2.138658254643281	69.44934380488925	1.000102758463886	-273.1499938964844	9.001012456920412	-273.1499938964844	133
DATA	2025-08-31T000000_AIU-0547.ghg	2025-08-31	00:30:00	243.02	0	18000	18000	0.1257423011148057	1	NaN	34.19698904169987	0	NaN	NaN	NaN	NaN	NaN	NaN	NaN	NaN	NaN	NaN	-0.003276571961744581	2	NaN	NaN	NaN	NaN	NaN	NaN	NaN	NaN	NaN	NaN	NaN	NaN	-8.880405921104602e-13	NaN	NaN	NaN	NaN	NaN	0	NaN	NaN	NaN	NaN	0	0.08959771387028541	2.269556157471323	2.269556157471323	-0.5	0	NaN	NaN	NaN	NaN	9	292.3464202067057	291.44669739108616	95658.84961480035	1.1434668907357672	1005.5099116595674	0.025330514132950538	NaN	NaN	NaN	NaN	NaN	NaN	NaN	NaN	-0.20123337464804272	-0.27328048061052573	0.17147299859116816	0.38023687538270234	1.9270981866854525e-14	-9.911420210967838e-15	0.38023687538270234	3.5224296948419975	98.36652119927498	233.63347880072502	26.80552576958488	NaN	0.3316109821246161	0.38368723667988563	-89.97620583509506	-0.03223074337358711	NaN	0.08969103060301069	0	66.78183480626438	-10.134401077818245	22.924042831907972	57.08410795959004	87.05686642916429	122.09849299964385	182.92579177195054	0.12243725707010845	1.026993777252007	33.39409359602241	1.0240430375320353	NaN	1	NaN	1	NaN	1	-0.0028241265877595343	1.160207186160159	NaN	NaN	800009909	800009909	800009909	800009909	800009909	800119919	899999999	899999999	89999	89999	89	89	10	11	8	7	0	0	0	NaN	0	0	0	0	0	0	0	0	0	NaN	NaN	NaN	NaN	0	0	0	0	0	0	0	0	13811	0	0	0	18000	18000	18000	18000	6	NaN	0.23172214414854933	0.37551263306497223	0.16013969614624965	0.27299983400480143	NaN	NaN	2.6190044072630106e-8	NaN	0.029044219486823016	NaN	NaN	-0.000002824126587759534	NaN	NaN	NaN	96045.24338997396	11.676635228157044	NaN	0	0	0	0	0.00028395147126543125	-1	0	2.1382636799746093	69.39857943577235	1.0001072556177775	-273.1499938964844	9.001036225822237	-273.1499938964844	088
DATA	2025-08-31T003000_AIU-0547.ghg	2025-08-31	01:00:00	243.041	0	18000	18000	0.09410773235286796	1	NaN	125.50057724778777	1	NaN	NaN	NaN	NaN	NaN	NaN	NaN	NaN	NaN	NaN	-0.03896464272442925	1	NaN	NaN	NaN	NaN	NaN	NaN	NaN	NaN	NaN	NaN	NaN	NaN	1.7102327090197141e-12	NaN	NaN	NaN	NaN	NaN	0	NaN	NaN	NaN	NaN	0	0.08995805128355469	2.2758653982070185	2.2758653982070185	-0.6	0	NaN	NaN	NaN	NaN	9	292.03721693166096	291.12195385487877	95670.58807443577	1.144882889538896	1005.5019466919179	0.025299185183917734	NaN	NaN	NaN	NaN	NaN	NaN	NaN	NaN	0.02966042325322264	-0.08027384064801832	0.22718707888934558	0.24277067165170638	4.414005107650152e-14	1.9011446831245036e-14	0.24277067165170638	3.586389513101886	41.72120647303575	290.27879352696425	69.35930655027254	NaN	0.2867029238071337	0.4431305528675481	-15.845796760545355	-0.18301383286833173	NaN	0.380250348628691	0	44.18937015733225	-6.705907405056335	15.168780809039664	37.77240897985659	57.60530699008152	80.79226212436421	121.04153094002072	0.09061626339314338	1.038530268507946	121.64667004457729	1.0316811565972026	NaN	1	NaN	1	NaN	1	-0.033259501017440934	1.1715341942140565	NaN	NaN	800009909	800009909	800009909	800009909	800009909	801109919	899999999	899999999	89999	89999	89	89	6	11	6	19	0	0	0	NaN	0	0	0	0	0	0	0	0	0	NaN	NaN	NaN	NaN	0	0	0	0	0	0	0	0	13210	0	0	0	18000	18000	18000	18000	6	NaN	0.10827445697417605	0.4418957338611449	0.33609091489977533	0.317168023990995	NaN	NaN	4.841447873813691e-8	NaN	0.10567110393884191	NaN	NaN	-0.000033259501017440935	NaN	NaN	NaN	96057.49920421006	11.680000305175781	NaN	0	0	0	0	0.00028317254210964563	-1	0	2.143655023276806	69.28174959908591	1.0000751308997473	-437.8396258120904	9.000646877421273	-273.1499938964844	167
DATA	2025-08-31T010000_AIU-0547.ghg	2025-08-31	01:30:00	243.062	0	18000	18000	0.0581697527926693	1	NaN	54.551267965364296	1	NaN	NaN	NaN	NaN	NaN	NaN	NaN	NaN	NaN	NaN	-0.008452717251156277	1	NaN	NaN	NaN	NaN	NaN	NaN	NaN	NaN	NaN	NaN	NaN	NaN	1.1044288947884957e-12	NaN	NaN	NaN	NaN	NaN	0	NaN	NaN	NaN	NaN	0	0.09014074308008463	2.2852582305268396	2.2852582305268396	-0.5	0	NaN	NaN	NaN	NaN	9	292.1762219594319	291.2588717388577	95515.75988910596	1.1424927450245514	1005.505297224988	0.0253521121796891	NaN	NaN	NaN	NaN	NaN	NaN	NaN	NaN	-0.0551174282719747	-0.06673270714423112	0.1801942937716216	0.1999028979529068	-1.1064075349314166e-14	1.2252271914458005e-14	0.1999028979529068	3.518223602707968	101.5547732327235	230.44522676727652	64.34391138336241	NaN	0.2256430095764776	0.38392095772020013	-17.751025740929816	-0.16337084077982386	NaN	0.2104481693003641	0	38.462203141495024	-5.836787714851278	13.202829703362234	32.87691275422747	50.139366358745555	70.32117423317922	105.35393319698973	0.05566951833844379	1.0449120906530087	52.658747968800334	1.0359393276438182	NaN	1	NaN	1	NaN	1	-0.00717557507442582	1.1779846442248605	NaN	NaN	800009909	800009909	800009909	800009909	800009919	800019919	899999999	899999999	89999	89999	89	89	31	4	0	32	0	0	2	NaN	0	0	0	0	0	0	0	0	0	NaN	NaN	NaN	NaN	0	0	0	0	0	0	0	0	15211	17998	0	0	18000	18000	18000	18000	6	NaN	0.10463767652568697	0.3686634594503647	0.2945407794643486	0.23302256799699156	NaN	NaN	4.1088696815834375e-8	NaN	0.045838744619145465	NaN	NaN	-0.00000717557507442582	NaN	NaN	NaN	96057.4768203125	11.640475836905722	NaN	0	0	0	0	0.0002834754253724694	-1	0	2.149516237522495	68.92806465784699	1.000104669769605	-314.4939956326044	9.000963770310085	-273.1499938964844	147
DATA	2025-08-31T013000_AIU-0547.ghg	2025-08-31	02:00:00	243.083	0	18000	18000	0.13157677052290845	1	NaN	39.5560821693731	2	NaN	NaN	NaN	NaN	NaN	NaN	NaN	NaN	NaN	NaN	0.017973665349775743	2	NaN	NaN	NaN	NaN	NaN	NaN	NaN	NaN	NaN	NaN	NaN	NaN	-5.301161234679435e-12	NaN	NaN	NaN	NaN	NaN	0	NaN	NaN	NaN	NaN	0	0.09031169294648694	2.284399839198503	2.284399839198503	0	1	NaN	NaN	NaN	NaN	9	291.72342476230205	290.8444382883707	95596.64395529516	1.145089576361966	1005.4951897659913	0.025294618721765024	NaN	NaN	NaN	NaN	NaN	NaN	NaN	NaN	-0.15841934645114814	-0.14887958510981375	0.21308125384428883	0.3044099882269471	5.015700945454474e-15	-5.869850361260055e-14	0.3044099882269471	2.711750571531842	108.77811414549512	223.22188585450485	44.425491738574415	NaN	0.3389767259355656	0.2776132694197546	-83.04569667191873	-0.03492053310669152	NaN	0.10135004154766178	0	61.62110616396392	-9.351240596130621	21.152531689946166	52.672794736138535	80.32933542626093	112.66303511153747	168.7897564900262	0.12747210056222213	1.032200535980677	38.49818446946752	1.027479158159902	NaN	1	NaN	1	NaN	1	0.015424651132036811	1.1652558748926685	NaN	NaN	800009909	800009909	800009909	800009909	800109919	800109919	899999999	899999999	89999	89999	89	89	9	10	5	0	0	0	5	NaN	0	0	0	0	0	0	0	0	0	NaN	NaN	NaN	NaN	0	0	0	0	0	0	0	0	11472	18000	0	0	18000	18000	18000	18000	6	NaN	0.13150306754609978	0.21912466577140566	0.20459880552200385	0.43091430449531054	NaN	NaN	9.361207239813382e-8	NaN	0.03343649842862639	NaN	NaN	0.00001542465113203681	NaN	NaN	NaN	96055.87980989584	11.636698045518663	NaN	0	0	0	0	0.00028303691356753317	-1	0	2.1493845537437335	67.86379762638937	1.0000930859512753	-273.1499938964844	9.000904300424788	-273.1499938964844	138
DATA	2025-08-31T020000_AIU-0547.ghg	2025-08-31	02:30:00	243.104	0	18000	18000	0.07141543065485403	1	NaN	34.5873197271653	0	NaN	NaN	NaN	NaN	NaN	NaN	NaN	NaN	NaN	NaN	0.00078390769018081	2	NaN	NaN	NaN	NaN	NaN	NaN	NaN	NaN	NaN	NaN	NaN	NaN	5.528166407376637e-13	NaN	NaN	NaN	NaN	NaN	0	NaN	NaN	NaN	NaN	0	0.09011613473027115	2.270012375888049	2.270012375888049	0	1	NaN	NaN	NaN	NaN	9	290.8562907630072	289.92231540256074	95689.87677126736	1.1498519591771723	1005.4730668335842	0.025189855098451345	NaN	NaN	NaN	NaN	NaN	NaN	NaN	NaN	0.12455116136330635	-0.12672214101037813	0.21614786176419584	0.2798059880782333	3.757560948263129e-15	6.134491258333627e-15	0.2798059880782333	1.7945887721419078	17.495018273094217	314.5049817269058	50.578190472913825	NaN	0.24921550867545114	0.19333155768337093	-37.767806585261845	-0.07678497276385833	NaN	0.12004096340122156	0	69.65190456170964	-10.569945236007044	23.90924490362791	59.53740041923391	90.79829222357422	127.3458958743976	190.78735748032943	0.06903851611866745	1.0344288184308743	33.61401002812809	1.0289554771424994	NaN	1	NaN	1	NaN	1	0.000671469433007091	1.1674510434081542	NaN	NaN	800009909	800009909	800009909	800009909	800009919	800009919	899999999	899999999	89999	89999	89	89	0	0	4	10	0	0	1	NaN	0	0	0	0	0	0	0	0	0	NaN	NaN	NaN	NaN	0	0	0	0	0	0	0	0	15045	603	0	0	18000	18000	18000	18000	6	NaN	0.07332996028598311	0.23191810449290895	0.0814150505878498	0.17382606766984113	NaN	NaN	1.0316193697779116e-7	NaN	0.029074212072816037	NaN	NaN	6.71469433007091e-7	NaN	NaN	NaN	96076.7445718316	11.630000114440918	NaN	0	0	0	0	0.0002825654794190389	-1	0	2.1356498525606264	68.98288405821069	1.000083360903793	-273.1499938964844	9.000877966245016	-273.1499938964844	079
DATA	2025-08-31T023000_AIU-0547.ghg	2025-08-31	03:00:00	243.124	0	18000	18000	0.1371479955000355	1	NaN	151.895323644961	0	NaN	NaN	NaN	NaN	NaN	NaN	NaN	NaN	NaN	NaN	-0.037610701067011865	0	NaN	NaN	NaN	NaN	NaN	NaN	NaN	NaN	NaN	NaN	NaN	NaN	9.624502338858826e-13	NaN	NaN	NaN	NaN	NaN	0	NaN	NaN	NaN	NaN	0	0.09035077482066176	2.275744440232163	2.275744440232163	0.2	0	NaN	NaN	NaN	NaN	9	290.8584357469347	289.9220814420912	95697.30445638021	1.1499421415088553	1005.4730612847153	0.025187879625264017	NaN	NaN	NaN	NaN	NaN	NaN	NaN	NaN	0.023781061841100366	-0.09749002421076411	0.23355230441448788	0.2541978021545868	-2.0876650041749087e-15	1.0652373881643635e-14	0.2541978021545868	2.861913592519008	48.291370907539886	283.7086290924601	66.7486285871396	NaN	0.34534783473594627	0.2205937005477623	-22.8856552796661	-0.12671693095791098	NaN	0.3804006383330665	0	66.08251445377589	-10.028276516332927	22.6839887848729	56.486339440417105	86.14523172049832	120.81991235850793	181.0102449836314	0.13223519706036144	1.037151972764343	147.36185829678453	1.0307641705972934	NaN	1	NaN	1	NaN	1	-0.032141608521138454	1.1701561557591798	NaN	NaN	800009909	800009909	800009909	800009909	800109919	810109919	899999999	899999999	89999	89999	89	89	6	4	8	0	0	0	1	NaN	0	0	0	0	0	0	0	0	0	NaN	NaN	NaN	NaN	0	0	0	0	0	0	0	0	13908	0	0	0	18000	18000	18000	18000	6	NaN	0.05098918798970782	0.21188475047107616	0.17831346263474063	0.23069290813463203	NaN	NaN	5.7428293421667534e-8	NaN	0.1274496538857879	NaN	NaN	-0.00003214160852113846	NaN	NaN	NaN	96088.99138172742	11.656537866910298	NaN	0	0	0	0	0.0002828524570278306	-1	0	2.141178037994438	69.23062692345513	1.0001007178955608	-273.1499938964844	9.00098660182953	-273.1499938964844	010
DATA	2025-08-31T030000_AIU-0547.ghg	2025-08-31	03:30:00	243.145	0	18000	18000	0.11195965394573372	1	NaN	80.02285514428709	1	NaN	NaN	NaN	NaN	NaN	NaN	NaN	NaN	NaN	NaN	-0.01945562180732797	0	NaN	NaN	NaN	NaN	NaN	NaN	NaN	NaN	NaN	NaN	NaN	NaN	-4.3129500027644653e-13	NaN	NaN	NaN	NaN	NaN	0	NaN	NaN	NaN	NaN	0	0.09035613333046122	2.2759018154748762	2.2759018154748762	-0.5	0	NaN	NaN	NaN	NaN	9	290.77074470265717	289.9097062106663	95692.27756922743	1.1499308205863914	1005.4727678262333	0.025188127596730784	NaN	NaN	NaN	NaN	NaN	NaN	NaN	NaN	-0.02647157391336022	-0.32790024862461564	0.17589963088609023	0.37304154918642335	-5.855317513409681e-14	-4.773278629565334e-15	0.37304154918642335	2.987139879069705	66.61551121303671	265.3844887869633	28.133544709036183	NaN	0.3120289693869427	0.30783868857220337	-32.03995039443488	-0.09051200030895522	NaN	0.22180794544904558	0	71.06353821329479	-10.784166088752574	24.393813055817485	60.7440436329199	92.6384992590574	129.9268124069569	194.6540407506717	0.1089732386976977	1.0274050334166962	78.12339972914327	1.024313527339175	NaN	1	NaN	1	NaN	1	-0.016763400576877408	1.160601139255962	NaN	NaN	800009909	800009909	800009909	800009909	800009909	800109919	899999999	899999999	89999	89999	89	89	3	0	1	2	0	0	1	NaN	0	0	0	0	0	0	0	0	0	NaN	NaN	NaN	NaN	0	0	0	0	0	0	0	0	11113	0	0	0	18000	18000	18000	18000	6	NaN	0.18204331196133286	0.31225051828082906	0.12138354690224488	0.5021659928811464	NaN	NaN	7.580414965362394e-8	NaN	0.06756769560594081	NaN	NaN	-0.00001676340057687741	NaN	NaN	NaN	96077.7075798611	11.670000076293945	NaN	0	0	0	0	0.0002823526518542268	-1	0	2.141190381308397	69.05440339978537	1.000113424450159	-304.03687019347694	9.001020692825318	-273.1499938964844	232
DATA	2025-08-31T033000_AIU-0547.ghg	2025-08-31	04:00:00	243.166	0	18000	18000	0.143994725378579	1	NaN	110.71406988328867	0	NaN	NaN	NaN	NaN	NaN	NaN	NaN	NaN	NaN	NaN	-0.035419083728858214	0	NaN	NaN	NaN	NaN	NaN	NaN	NaN	NaN	NaN	NaN	NaN	NaN	-1.2582091191456309e-12	NaN	NaN	NaN	NaN	NaN	0	NaN	NaN	NaN	NaN	0	0.09049244732580711	2.277316734427663	2.277316734427663	-0.9	0	NaN	NaN	NaN	NaN	9	290.5576388549804	289.66991837565115	95697.87919965277	1.1509500999775875	1005.467099622125	0.02516582103507997	NaN	NaN	NaN	NaN	NaN	NaN	NaN	NaN	-0.04371233087080784	-0.16291622334914965	0.20311620307104733	0.2640239679470618	-6.818820162298329e-14	-1.390402355475702e-14	0.2640239679470618	3.1998133702906513	77.01937772524423	254.9806222747558	50.291942111018784	NaN	0.353708131828739	0.27724608705568266	-33.734101564998575	-0.0859664216760688	NaN	0.27047891274949337	0	66.7519378713374	-10.129864102599962	22.913780181610967	57.058552509279586	87.01789275498881	122.04383186745899	182.84389943537522	0.13898416558465737	1.0360512996055626	107.48595428340985	1.0300329063587899	NaN	1	NaN	1	NaN	1	-0.03029706351051447	1.1690599558127528	NaN	NaN	800009909	800009909	800009909	800009909	800009909	810109909	899999999	899999999	89999	89999	89	89	15	6	8	6	0	0	0	NaN	0	0	0	0	0	0	0	0	0	NaN	NaN	NaN	NaN	0	0	0	0	0	0	0	0	13908	0	0	0	18000	18000	18000	18000	6	NaN	0.11369447342226346	0.2584008013571955	0.18239689933190636	0.32006335612875064	NaN	NaN	1.089380360634742e-7	NaN	0.09288110150372905	NaN	NaN	-0.00003029706351051447	NaN	NaN	NaN	96085.29708463541	11.640397006458706	NaN	0	0	0	0	0.00028185667245674673	-1	0	2.1420568521221472	68.87457142321266	1.0001238936649428	-309.6489954291442	9.000995447291269	-273.1499938964844	130
DATA	2025-08-31T040000_AIU-0547.ghg	2025-08-31	04:30:00	243.187	0	18000	18000	0.002401879122746886	0	NaN	26.117934672657572	0	NaN	NaN	NaN	NaN	NaN	NaN	NaN	NaN	NaN	NaN	-0.005784266306774951	1	NaN	NaN	NaN	NaN	NaN	NaN	NaN	NaN	NaN	NaN	NaN	NaN	-4.1751807017527387e-13	NaN	NaN	NaN	NaN	NaN	0	NaN	NaN	NaN	NaN	0	0.0906997758268068	2.273418115092293	2.273418115092293	0	0	NaN	NaN	NaN	NaN	9	289.4281952370537	288.4985291714139	95693.07732573785	1.1555653109775064	1005.4399012296706	0.025065311290663323	NaN	NaN	NaN	NaN	NaN	NaN	NaN	NaN	0.6539994755445783	-0.008575937467259005	0.21761934386106627	0.6893091030434343	4.4367071505020587e-14	-4.6032977079517125e-15	0.6893091030434343	2.283156131571335	332.7512802069589	359.24871979304055	18.40346802035313	NaN	0.04559091678695292	0.15233269165428157	-0.30620033967614996	-9.470923523687658	NaN	0.4930714915188339	1	9.884775150548887	4	8	12	18	28	59	0.0023616801806273153	1.0170213318675914	25.66700031019742	1.01756864288816	NaN	1	NaN	1	NaN	1	-0.005024597736063161	1.151189928152736	NaN	NaN	800009909	800009909	800009909	800009909	800009919	800009919	899999999	899999999	89999	89999	89	89	1	1	0	13	0	0	1	NaN	0	0	0	0	0	0	0	0	0	NaN	NaN	NaN	NaN	0	0	0	0	0	0	0	0	15710	0	0	0	18000	18000	18000	18000	6	NaN	0.07250624136097115	0.19726747674533732	0.03489166520225469	0.17276488325304123	NaN	NaN	1.1351203974025018e-7	NaN	0.022091464292816877	NaN	NaN	-0.000005024597736063161	NaN	NaN	NaN	96075.30347653839	11.649906921810576	NaN	0	0	0	0	0.0002812146201742709	-1	0	2.1355026007360878	68.42968360540603	1.00015248602132	-273.1499938964844	9.001157327890397	-273.1499938964844	031
DATA	2025-08-31T043000_AIU-0547.ghg	2025-08-31	05:00:00	243.208	0	18000	18000	0.03256454098684777	1	NaN	51.64243287873964	1	NaN	NaN	NaN	NaN	NaN	NaN	NaN	NaN	NaN	NaN	-0.027215439705975644	1	NaN	NaN	NaN	NaN	NaN	NaN	NaN	NaN	NaN	NaN	NaN	NaN	2.113817988641295e-12	NaN	NaN	NaN	NaN	NaN	0	NaN	NaN	NaN	NaN	0	0.09095605280519359	2.2736713352200923	2.2736713352200923	0	0	NaN	NaN	NaN	NaN	9	288.6988978110419	287.74602889845096	95702.49882769097	1.1587013617987845	1005.4228593447887	0.024997471472181846	NaN	NaN	NaN	NaN	NaN	NaN	NaN	NaN	0.7086022532759219	0.024131056937935776	0.23911422732230442	0.7482480036489396	-4.1044344020917746e-16	2.3239992539788357e-14	0.7482480036489396	2.4646636486852707	330.04957772791556	1.9504222720843005	18.636648585365897	NaN	0.16764350096113215	0.15068794470852076	-7.6999190864520255	-0.3766273343186862	NaN	0.2644232869010008	1	5.857048435538646	3	5	8	13	21	52	0.03205129913406451	1.0160131372721108	50.78251631548733	1.0169333192926098	NaN	1	NaN	1	NaN	1	-0.023657389661592743	1.1503990970804068	NaN	NaN	800009909	800009909	800009909	800009909	800009919	800009919	899999999	899999999	89999	89999	89	89	8	18	3	32	0	0	6	NaN	0	0	0	0	0	0	0	0	0	NaN	NaN	NaN	NaN	0	0	0	0	0	0	0	0	16110	0	0	0	18000	18000	18000	18000	6	NaN	0.16176884079030396	0.10416961668451553	0.03543743194222204	0.14677125639719932	NaN	NaN	1.664895425136685e-7	NaN	0.04359071013876239	NaN	NaN	-0.000023657389661592744	NaN	NaN	NaN	96086.39189952257	11.670000076293945	NaN	0	0	0	0	0.00028033878826924283	-1	0	2.1341665950285065	67.98079670630558	1.0001504095842442	-273.1499938964844	9.001091113434898	-273.1499938964844	174
DATA	2025-08-31T050000_AIU-0547.ghg	2025-08-31	05:30:00	243.229	0	18000	18000	0.018090832418704544	0	NaN	32.29044752802466	0	NaN	NaN	NaN	NaN	NaN	NaN	NaN	NaN	NaN	NaN	-0.011425397329084281	1	NaN	NaN	NaN	NaN	NaN	NaN	NaN	NaN	NaN	NaN	NaN	NaN	5.908709986248245e-13	NaN	NaN	NaN	NaN	NaN	0	NaN	NaN	NaN	NaN	0	0.0914328521798468	2.283238463402483	2.283238463402483	0	0	NaN	NaN	NaN	NaN	9	288.4294413876003	287.46420243326827	95707.23860546875	1.1598947810483295	1005.416563469624	0.02497175149815291	NaN	NaN	NaN	NaN	NaN	NaN	NaN	NaN	0.7118712708579144	0.0944092333671035	0.21071952535101235	0.7483826080168057	-3.925352744992297e-14	6.462348975645994e-15	0.7483826080168057	1.9672978746262737	324.44544901262066	7.554550987379314	16.353724879320747	NaN	0.12488778934016519	0.12652056081737917	-5.091329418695824	-0.569595828812596	NaN	0.2217121309044337	1	8.543886906015027	4	7	11	17	29	67	0.017805744448719203	1.016011010986168	31.752809431568608	1.0169319851087422	NaN	1	NaN	1	NaN	1	-0.009931695278530788	1.1503974909281005	NaN	NaN	800009909	800009909	800009909	800009909	800009919	800019919	899999999	899999999	89999	89999	89	89	5	17	0	36	0	0	2	NaN	0	0	0	0	0	0	0	0	0	NaN	NaN	NaN	NaN	0	0	0	0	0	0	0	0	17009	0	0	0	18000	18000	18000	18000	6	NaN	0.11894626581735128	0.10193714643552498	0.03215770938188205	0.08403684894559227	NaN	NaN	4.116517055769585e-8	NaN	0.02722811191310026	NaN	NaN	-0.000009931695278530787	NaN	NaN	NaN	96098.87441015625	11.670000076293945	NaN	0	0	0	0	0.0002800478412601578	-1	0	2.1425832578738535	67.68916209644743	1.0001730756925211	-273.1499938964844	9.001234762324227	-273.1499938964844	103
DATA	2025-08-31T053000_AIU-0547.ghg	2025-08-31	06:00:00	243.249	1	18000	18000	0.06404745993839081	1	NaN	33.56757922266878	1	NaN	NaN	NaN	NaN	NaN	NaN	NaN	NaN	NaN	NaN	-0.024811136786909157	1	NaN	NaN	NaN	NaN	NaN	NaN	NaN	NaN	NaN	NaN	NaN	NaN	-5.025588651410675e-13	NaN	NaN	NaN	NaN	NaN	0	NaN	NaN	NaN	NaN	0	0.0911907986185203	2.280470304207001	2.280470304207001	0	0	NaN	NaN	NaN	NaN	9	288.89561585659453	287.9032785118951	95715.71071223958	1.1582283650477092	1005.4263927542329	0.02500767992774056	NaN	NaN	NaN	NaN	NaN	NaN	NaN	NaN	0.5664107410237196	0.05567876948539492	0.25228147634057235	0.6225489508649216	-2.7163073248158027e-14	-5.511069896902963e-15	0.6225489508649216	2.090601987852552	326.38580197134763	5.614198028652409	23.90614142258581	NaN	0.23515480488508236	0.20313271941922084	-32.69780275112399	-0.08869097480564844	NaN	0.12258058439630198	0	84.24175418598966	-12.784011204491632	28.917468152784853	72.00858443930011	109.81763473860488	154.02079418145803	230.75121594719457	0.06289130579777506	1.0183833699419969	32.959921662445055	1.0184362562037306	NaN	1	NaN	1	NaN	1	-0.021531483491240327	1.1523189657137696	NaN	NaN	800009909	800009909	800009909	800009909	800009919	800009919	899999999	899999999	89999	89999	89	89	0	2	0	19	0	0	1	NaN	0	0	0	0	0	0	0	0	0	NaN	NaN	NaN	NaN	0	0	0	0	0	0	0	0	16413	0	0	0	18000	18000	18000	18000	6	NaN	0.15211492921601683	0.20909205758092386	0.04505845204150098	0.0873550984986021	NaN	NaN	6.89976491880683e-8	NaN	0.028303600967487016	NaN	NaN	-0.000021531483491240328	NaN	NaN	NaN	96106.17232291667	11.670000076293945	NaN	0	0	0	0	0.00028056434261573783	-1	0	2.1411779083212217	67.71203314526878	1.0001719347751803	-273.1499938964844	9.001238653951221	-273.1499938964844	192
DATA	2025-08-31T060000_AIU-0547.ghg	2025-08-31	06:30:00	243.27	1	18000	18000	0.02531055728396497	1	NaN	32.97773635065218	0	NaN	NaN	NaN	NaN	NaN	NaN	NaN	NaN	NaN	NaN	-0.012251196127492545	0	NaN	NaN	NaN	NaN	NaN	NaN	NaN	NaN	NaN	NaN	NaN	NaN	-5.576472751290865e-13	NaN	NaN	NaN	NaN	NaN	0	NaN	NaN	NaN	NaN	0	0.09114741193792886	2.278851641397423	2.278851641397423	0	0	NaN	NaN	NaN	NaN	9	288.9470808113946	287.94687415398494	95752.62257248264	1.1584995995308207	1005.427374954105	0.025001824988177556	NaN	NaN	NaN	NaN	NaN	NaN	NaN	NaN	0.700397988186627	0.0772703726716345	0.22808630492466975	0.7406425688838526	-2.5494581253386006e-14	-6.118081284730748e-15	0.7406425688838526	2.1604547284597952	325.70438733442063	6.295612665579362	17.936172499224885	NaN	0.14780969122293508	0.14585432537218868	-8.267703468675515	-0.35076245912634063	NaN	0.19154522861208356	1	7.18259727787731	3	6	10	15	26	63	0.024908669673138484	1.0161344470058102	32.42618364835643	1.017009485552695	NaN	1	NaN	1	NaN	1	-0.010648663559477859	1.150491426371373	NaN	NaN	800009909	800009909	800009909	800009909	800009909	800019909	899999999	899999999	89999	89999	89	89	14	15	1	34	0	0	0	NaN	0	0	0	0	0	0	0	0	0	NaN	NaN	NaN	NaN	0	0	0	0	0	0	0	0	16376	0	0	0	18000	18000	18000	18000	6	NaN	0.10480328355998181	0.15179577630652938	0.03510959087786613	0.06595619746097701	NaN	NaN	1.8917955419504022e-8	NaN	0.027838718810958053	NaN	NaN	-0.00001064866355947786	NaN	NaN	NaN	96142.57475303819	11.650245166501279	NaN	0	0	0	0	0.00028061894345511167	-1	0	2.1405353725122085	67.75260835160148	1.0001645576126046	-273.1499938964844	9.001147669182883	-273.1499938964844	209
DATA	2025-08-31T063000_AIU-0547.ghg	2025-08-31	07:00:00	243.291	1	18000	18000	0.03821605223820913	1	NaN	29.460001633849338	0	NaN	NaN	NaN	NaN	NaN	NaN	NaN	NaN	NaN	NaN	-0.010714379559694204	0	NaN	NaN	NaN	NaN	NaN	NaN	NaN	NaN	NaN	NaN	NaN	NaN	3.3009087860266516e-13	NaN	NaN	NaN	NaN	NaN	0	NaN	NaN	NaN	NaN	0	0.09098242125867143	2.2750874211468983	2.2750874211468983	0	0	NaN	NaN	NaN	NaN	9	289.08007494693334	288.09058170996775	95785.21572482638	1.1583158518336059	1005.4306206540135	0.02500579111517174	NaN	NaN	NaN	NaN	NaN	NaN	NaN	NaN	0.4124835117411098	-0.1799973623272417	0.2175223671793038	0.49985765786505987	1.8950585401323183e-15	3.628073138042637e-15	0.49985765786505987	1.7860598830437036	355.57523796108944	336.4247620389105	25.79602391586549	NaN	0.1816391291506016	0.186578954379924	-17.179060322813406	-0.16881016455532583	NaN	0.13926572618510905	1	2.7260582844024097	1	2	4	6	11	31	0.037401731734827956	1.0217722673686496	28.864655911932854	1.0206254224451143	NaN	1	NaN	1	NaN	1	-0.00927398593423515	1.1553154852372383	NaN	NaN	800009909	800009909	800009909	800009909	800009909	800019919	899999999	899999999	89999	89999	89	89	2	3	0	17	0	0	0	NaN	0	0	0	0	0	0	0	0	0	NaN	NaN	NaN	NaN	0	0	0	0	0	0	0	0	15551	0	0	0	18000	18000	18000	18000	6	NaN	0.10026292018233822	0.23311275420099128	0.03978223437651848	0.08465298269945692	NaN	NaN	2.8480555595207384e-8	NaN	0.02478490606689711	NaN	NaN	-0.00000927398593423515	NaN	NaN	NaN	96176.18063780382	11.653301916334364	NaN	0	0	0	0	0.0002805905891938083	-1	0	2.13801140160693	67.7693668393029	1.0001499372306797	-273.1499938964844	9.001085925579071	-273.1499938964844	246
DATA	2025-08-31T070000_AIU-0547.ghg	2025-08-31	07:30:00	243.312	1	18000	18000	0.10278568187706962	1	NaN	21.980157479294807	1	NaN	NaN	NaN	NaN	NaN	NaN	NaN	NaN	NaN	NaN	-0.01688688860843336	1	NaN	NaN	NaN	NaN	NaN	NaN	NaN	NaN	NaN	NaN	NaN	NaN	-4.151157285837089e-12	NaN	NaN	NaN	NaN	NaN	0	NaN	NaN	NaN	NaN	0	0.09108944413252847	2.27982275777344	2.27982275777344	0	0	NaN	NaN	NaN	NaN	9	289.3958691838583	288.4485921527742	95817.6270054777	1.1572696563411478	1005.4387598760408	0.02502839686293908	NaN	NaN	NaN	NaN	NaN	NaN	NaN	NaN	0.2619601808740826	-0.027294647324681048	0.21120115876523882	0.3376004496442072	1.9767582767944764e-14	-4.5572319881516235e-14	0.3376004496442072	1.9276478748310972	337.9484054513424	354.0515945486576	38.72587339801294	NaN	0.2980224822312561	0.17668103399405571	-101.72522160621826	-0.028508170876500982	NaN	0.06338574258572414	0	84.91729970241123	-12.88652784287989	29.149361067950746	72.58603058618867	110.69827654727256	155.25590683966854	232.60163977618788	0.09982478153772027	1.0296609748976062	21.427317019406697	1.0258007318129192	NaN	1	NaN	1	NaN	1	-0.01452288643174475	1.1627777086737572	NaN	NaN	800009909	800009909	800009909	800009919	800009919	800009919	899999999	899999999	89999	89999	89	89	1	0	0	8	0	0	7	NaN	0	0	0	0	0	0	0	0	0	NaN	NaN	NaN	NaN	0	18	0	0	0	0	0	0	17009	0	0	0	18000	18000	18000	18000	6	NaN	0.14110743145205729	0.14131406643403793	0.0709405701020162	0.09336099308645283	NaN	NaN	2.2937048236064212e-8	NaN	0.018415249431615814	NaN	NaN	-0.00001452288643174475	NaN	NaN	NaN	96208.3289045139	11.65999984741211	NaN	0	0	0	0	0.0002805151526829124	-1	0	2.143990275034474	67.80547608211471	1.0001699793868595	-273.1499938964844	9.001253460115857	-273.1499938964844	097
DATA	2025-08-31T073000_AIU-0547.ghg	2025-08-31	08:00:00	243.333	1	18000	18000	0.057559341447614924	1	NaN	50.613415545518116	1	NaN	NaN	NaN	NaN	NaN	NaN	NaN	NaN	NaN	NaN	-0.0037084899308361505	0	NaN	NaN	NaN	NaN	NaN	NaN	NaN	NaN	NaN	NaN	NaN	NaN	2.056559306911842e-13	NaN	NaN	NaN	NaN	NaN	0	NaN	NaN	NaN	NaN	0	0.0908441890627038	2.277017620305431	2.277017620305431	0.3	0	NaN	NaN	NaN	NaN	9	289.80845551978217	288.9664540659586	95849.13767100695	1.155575591470311	1005.4506680901397	0.02506508829897479	NaN	NaN	NaN	NaN	NaN	NaN	NaN	NaN	0.22023353978215107	-0.126586394686418	0.20326165976598415	0.32533402787825155	-1.9887881242744397e-14	2.2638314328419326e-15	0.32533402787825155	1.8687381463529977	1.8895375372611625	330.11046246273884	38.66592137487462	NaN	0.22318177549783144	0.14548640160875448	-18.557950091610408	-0.1562672593516144	NaN	0.19518560744773597	0	70.38283595820174	-10.680866895376095	24.1601499991375	60.162189583374925	91.75113512071677	128.68227158579748	192.78949181554466	0.055853289721671	1.030545232598573	49.312334753878154	1.0263844897657708	NaN	1	NaN	1	NaN	1	-0.003186980476548288	1.1636374800929725	NaN	NaN	800009909	800009909	800009909	800009909	800009919	800009919	899999999	899999999	89999	89999	89	89	2	2	2	3	0	0	0	NaN	0	0	0	0	0	0	0	0	0	NaN	NaN	NaN	NaN	0	0	0	0	0	0	0	0	16313	0	0	0	18000	18000	18000	18000	6	NaN	0.10769276866704972	0.11966824561998916	0.06361178893047006	0.10548259152700806	NaN	NaN	9.223178046654013e-8	NaN	0.04244205836718132	NaN	NaN	-0.0000031869804765482883	NaN	NaN	NaN	96242.77224283855	11.673270151138306	NaN	0	0	0	0	0.0002806198888348364	-1	0	2.1432217297686464	68.24097745111254	1.0001553712901141	-273.1499938964844	9.001154153638415	-273.1499938964844	173
DATA	2025-08-31T080000_AIU-0547.ghg	2025-08-31	08:30:00	243.354	1	18000	18000	0.10176366545209183	1	NaN	6.886906953616808	2	NaN	NaN	NaN	NaN	NaN	NaN	NaN	NaN	NaN	NaN	-0.03141219896442195	1	NaN	NaN	NaN	NaN	NaN	NaN	NaN	NaN	NaN	NaN	NaN	NaN	-1.3466454788774945e-12	NaN	NaN	NaN	NaN	NaN	0	NaN	NaN	NaN	NaN	0	0.09036082229785544	2.271709334792625	2.271709334792625	0	0	NaN	NaN	NaN	NaN	9	290.64305481889517	289.91887060225383	95876.88513328737	1.1521128236975144	1005.4729851361246	0.025140423438206584	NaN	NaN	NaN	NaN	NaN	NaN	NaN	NaN	-0.2775306268918764	-0.05886694037811793	0.17219470680974652	0.3318728409885183	8.31540292476916e-14	-1.4902979462034562e-14	0.3318728409885183	2.166653997742917	140.0244982846716	191.97550171532842	31.25564484809552	NaN	0.2972000413229149	0.22017130766694834	-322.13746606175476	-0.009002367950097618	NaN	0.02000368158055306	0	70.81342603534758	-10.746210600810127	24.307957638746704	60.53025150502514	92.31245277454518	129.46952757648157	193.9689447464135	0.09879328923548977	1.030066578809029	6.711937600621771	1.026068381949622	NaN	1	NaN	1	NaN	1	-0.027005644642655553	1.1631716028287737	NaN	NaN	800009909	800009909	800009909	800009919	800009919	800009919	899999999	899999999	89999	89999	89	89	9	10	0	9	0	0	1	NaN	0	0	0	0	0	0	0	0	0	NaN	NaN	NaN	NaN	0	2	0	0	0	0	0	0	16809	0	0	0	18000	18000	18000	18000	6	NaN	0.13441001325803595	0.19483728000170672	0.11109532207415401	0.0643572618459691	NaN	NaN	1.0359499910834353e-7	NaN	0.005794053395402933	NaN	NaN	-0.000027005644642655554	NaN	NaN	NaN	96275.51310394965	11.680000305175781	NaN	0	0	0	0	0.0002819004383410276	-1	0	2.141072161138058	68.58292659929062	1.0001361828214592	-289.5422445848269	9.00109627697203	-273.1499938964844	061
DATA	2025-08-31T083000_AIU-0547.ghg	2025-08-31	09:00:00	243.374	1	18000	18000	0.1258675027081569	1	NaN	36.660993596765984	1	NaN	NaN	NaN	NaN	NaN	NaN	NaN	NaN	NaN	NaN	-0.00845989828053549	1	NaN	NaN	NaN	NaN	NaN	NaN	NaN	NaN	NaN	NaN	NaN	NaN	5.233201576807664e-13	NaN	NaN	NaN	NaN	NaN	0	NaN	NaN	NaN	NaN	0	0.09024534565138151	2.2699112804857604	2.2699112804857604	0.1	0	NaN	NaN	NaN	NaN	9	290.83845265536837	290.1161079788208	95895.40382096355	1.1515519321992609	1005.4776742131063	0.025152668695562937	NaN	NaN	NaN	NaN	NaN	NaN	NaN	NaN	-0.632889328476147	0.23603686868857213	0.1700059581685262	0.6965373868588005	-3.686918144199559e-15	5.7988603612019665e-15	0.6965373868588005	3.1082615072782884	172.45306352767963	159.54693647232043	14.127056566636448	NaN	0.33060928291516184	0.2306207774343505	-83.31470671399141	-0.03480778021526648	NaN	0.0957708247116626	0	81.46969020222792	-12.363339800264493	27.965908291021627	69.63906583923459	106.20396936586485	148.95257711467943	223.15810323109176	0.1237770287488146	1.0168890300605338	36.03100056376553	1.0174847498860191	NaN	1	NaN	1	NaN	1	-0.007349507211351326	1.1510837444269955	NaN	NaN	800009909	800009909	800009909	800009909	800009919	800009919	899999999	899999999	89999	89999	89	89	14	15	1	8	0	0	0	NaN	0	0	0	0	0	0	0	0	0	NaN	NaN	NaN	NaN	0	0	0	0	0	0	0	0	14282	0	0	0	18000	18000	18000	18000	6	NaN	0.256812578719396	0.10759517438568122	0.09683380176362379	0.04151326330164945	NaN	NaN	5.4065679382386244e-8	NaN	0.03111862235346855	NaN	NaN	-0.000007349507211351326	NaN	NaN	NaN	96289.01075130208	11.670118395689112	NaN	0	0	0	0	0.0002825685222374483	-1	0	2.1402296398546965	68.72127800559997	1.0000972872641352	-367.22374784683086	9.000817479319043	-273.1499938964844	157
DATA	2025-08-31T090000_AIU-0547.ghg	2025-08-31	09:30:00	243.395	1	18000	18000	0.29134073449771986	1	NaN	14.542817423872384	1	NaN	NaN	NaN	NaN	NaN	NaN	NaN	NaN	NaN	NaN	-0.029143560031176477	1	NaN	NaN	NaN	NaN	NaN	NaN	NaN	NaN	NaN	NaN	NaN	NaN	-5.5892959257461065e-12	NaN	NaN	NaN	NaN	NaN	0	NaN	NaN	NaN	NaN	0	0.09055175965256448	2.2792275821540686	2.2792275821540686	0.1	0	NaN	NaN	NaN	NaN	9	290.8560281880697	290.3807104848226	95915.10045399306	1.150738917770662	1005.4840011404963	0.025170439435955448	NaN	NaN	NaN	NaN	NaN	NaN	NaN	NaN	0.15318510538492988	0.019772618222909176	0.1669397540967289	0.22743243928932685	-2.4552066961464536e-14	-6.172487367657481e-14	0.22743243928932685	3.2016530270004417	324.6451195767247	7.354880423275291	47.22439608640364	NaN	0.5031670631408532	0.468986664841237	-740.5173697210648	-0.003916180927791553	NaN	0.02497953681895019	0	73.55754120872734	-11.162640665234601	25.249923578328012	62.8758798823405	95.88968405020873	134.48664530406606	201.4855013408848	0.2799816003466807	1.0405710022979153	14.077682516595992	1.0330405879467768	NaN	1	NaN	1	NaN	1	-0.02483294162846973	1.1735846871143465	NaN	NaN	800009909	800009909	800009909	800009909	800009909	800019909	899999999	899999999	89999	89999	89	89	13	21	4	24	0	0	0	NaN	0	0	0	0	0	0	0	0	0	NaN	NaN	NaN	NaN	0	0	0	0	0	0	0	0	11211	0	0	0	18000	18000	18000	18000	6	NaN	0.31435575339094335	0.33405431580873846	0.28956326048279224	0.03211576324695165	NaN	NaN	1.3720939428770192e-8	NaN	0.012166879333164727	NaN	NaN	-0.00002483294162846973	NaN	NaN	NaN	96308.23165972222	11.670000076293945	NaN	0	0	0	0	0.00028267186093014767	-1	0	2.150059612313906	68.67671131748622	1.0001177830712662	-273.15015663532694	9.0010707318253	-273.1499938964844	163
DATA	2025-08-31T093000_AIU-0547.ghg	2025-08-31	10:00:00	243.416	1	18000	18000	0.22059099158181242	1	NaN	18.611263807163375	1	NaN	NaN	NaN	NaN	NaN	NaN	NaN	NaN	NaN	NaN	-0.013386231934313824	1	NaN	NaN	NaN	NaN	NaN	NaN	NaN	NaN	NaN	NaN	NaN	NaN	2.8237256293591457e-12	NaN	NaN	NaN	NaN	NaN	0	NaN	NaN	NaN	NaN	0	0.09043306911574173	2.2794677060907165	2.2794677060907165	-0.1	0	NaN	NaN	NaN	NaN	9	291.19466578674314	290.83225018649625	95928.22530881077	1.1491095266743394	1005.4948940607258	0.025206130106823155	NaN	NaN	NaN	NaN	NaN	NaN	NaN	NaN	0.029489422318938766	0.00006464798313528505	0.16137197040692305	0.164044332547873	-7.812498830492047e-14	3.1224480789711676e-14	0.164044332547873	2.9997128100442407	331.87439392288434	0.1256060771150175	79.64390534511705	NaN	0.43814027234100866	0.5210332898063703	-382.08323072568055	-0.007589969322893618	NaN	0.03676388479454216	0	50.18303875766239	-7.615469738877887	17.226213284694577	42.895706751590716	65.41865935264153	91.75059990832321	137.45911781098258	0.20960528880391938	1.052411381604831	17.878797581368588	1.040968427684314	NaN	1	NaN	1	NaN	1	-0.011289736008236871	1.1856992869051475	NaN	NaN	800009909	800009909	800009909	800009909	800009909	800009909	899999999	899999999	89999	89999	89	89	1	12	4	9	0	0	0	NaN	0	0	0	0	0	0	0	0	0	NaN	NaN	NaN	NaN	0	0	0	0	0	0	0	0	12051	0	0	0	18000	18000	18000	18000	6	NaN	0.10940632627215754	0.3615486077493498	0.5711116455912333	0.05718790828405829	NaN	NaN	2.573191020364953e-8	NaN	0.015473801191095328	NaN	NaN	-0.000011289736008236872	NaN	NaN	NaN	96322.87639171007	11.670000076293945	NaN	0	0	0	0	0.00028283409784651456	-1	0	2.1516503091586956	68.6726043841468	1.0001166715754404	-273.1499938964844	9.001083311266369	-273.1499938964844	177
DATA	2025-08-31T100000_AIU-0547.ghg	2025-08-31	10:30:00	243.437	1	18000	18000	0.350441020465755	1	NaN	23.919392170685832	2	NaN	NaN	NaN	NaN	NaN	NaN	NaN	NaN	NaN	NaN	-0.02392224168288398	1	NaN	NaN	NaN	NaN	NaN	NaN	NaN	NaN	NaN	NaN	NaN	NaN	-2.6660230173420505e-12	NaN	NaN	NaN	NaN	NaN	0	NaN	NaN	NaN	NaN	0	0.0900437390896931	2.277055068123322	2.277055068123322	0	0	NaN	NaN	NaN	NaN	9	291.7769810384114	291.83890563696707	95947.39664935286	1.1453747005086796	1005.5196149199053	0.025288321999324504	NaN	NaN	NaN	NaN	NaN	NaN	NaN	NaN	-0.6671091767706995	0.28604514460387553	0.14785810364828364	0.7407553559020266	-2.334224836465216e-14	-2.9608088738811805e-14	0.7407553559020266	5.170949920246324	175.20883596754953	156.79116403245047	11.513832324161546	NaN	0.5531382293547522	0.7091586159287351	-598.2984105605241	-0.004847079565668736	NaN	0.037547267028746466	0	98.51555327261264	-14.950115284555988	33.8172014797449	84.2096132133381	128.42497345767075	180.11785130653237	269.84936302699487	0.34487724314364937	1.0161326310526908	23.519366675326786	1.017008344692321	NaN	1	NaN	1	NaN	1	-0.02079308900737261	1.1504900341840438	NaN	NaN	800009909	800009909	800009909	800009919	800009919	800009919	899999999	899999999	89999	89999	89	89	10	13	1	5	0	0	1	NaN	0	0	0	0	0	0	0	0	0	NaN	NaN	NaN	NaN	0	17	0	0	0	0	0	0	7380	0	0	0	18000	18000	18000	18000	6	NaN	0.9670509696153267	0.2826915580383211	0.16857470420382234	0.18941448685326703	NaN	NaN	3.5471660325456296e-8	NaN	0.020421493009159283	NaN	NaN	-0.00002079308900737261	NaN	NaN	NaN	96349.00792100694	11.66336547999912	NaN	0	0	0	0	0.00028382138322275644	-1	0	2.152237428382591	68.8535734374047	1.0001130335943567	-273.1499938964844	9.001053764714134	-273.1499938964844	222
DATA	2025-08-31T103000_AIU-0547.ghg	2025-08-31	11:00:00	243.458	1	18000	18000	0.2421509707322411	1	NaN	81.57073733663933	1	NaN	NaN	NaN	NaN	NaN	NaN	NaN	NaN	NaN	NaN	-0.035379754371099	1	NaN	NaN	NaN	NaN	NaN	NaN	NaN	NaN	NaN	NaN	NaN	NaN	2.3482891433985375e-12	NaN	NaN	NaN	NaN	NaN	0	NaN	NaN	NaN	NaN	0	0.09008717220793996	2.278765112265515	2.278765112265515	0	0	NaN	NaN	NaN	NaN	9	291.97794552103676	291.96273372226295	95962.34112608507	1.1450672452941522	1005.5226974308629	0.025295112016677026	NaN	NaN	NaN	NaN	NaN	NaN	NaN	NaN	0.2786841629130251	0.23531105482905812	0.21730096853824568	0.42456550273310095	-5.707188012957254e-14	2.606685375780468e-14	0.42456550273310095	3.9848993710937295	291.82343508495046	40.176564915049546	30.785112141247083	NaN	0.4598620926355953	0.6487220771732981	-100.82425799010966	-0.028762919339158192	NaN	0.15405787624736217	0	83.62008122104015	-12.689669933630896	28.704067941226054	71.47718773913925	109.00722124174249	152.8841777291075	229.04835738293815	0.236304016786193	1.0247433540299842	79.77066119051509	1.022565641543639	NaN	1	NaN	1	NaN	1	-0.030550590128759766	1.1580710625223944	NaN	NaN	800009909	800009909	800009909	800009909	800009909	800019909	899999999	899999999	89999	89999	89	89	6	13	3	10	0	0	1	NaN	0	0	0	0	0	0	0	0	0	NaN	NaN	NaN	NaN	0	0	0	0	0	0	0	0	5554	0	0	0	18000	18000	18000	18000	6	NaN	0.5310050087054888	0.5909032992210298	0.17553584642007758	0.12397846891940266	NaN	NaN	2.573492702157203e-8	NaN	0.06928198492094959	NaN	NaN	-0.000030550590128759766	NaN	NaN	NaN	96353.3875672743	11.65999984741211	NaN	0	0	0	0	0.00028450797938987517	-1	0	2.154454310980108	68.84472602744633	1.000099858277374	-273.1499938964844	9.000948310057321	-273.1499938964844	091
DATA	2025-08-31T110000_AIU-0547.ghg	2025-08-31	11:30:00	243.479	1	18000	18000	0.38762315089115207	1	NaN	75.06386509681704	1	NaN	NaN	NaN	NaN	NaN	NaN	NaN	NaN	NaN	NaN	-0.05261051601525293	1	NaN	NaN	NaN	NaN	NaN	NaN	NaN	NaN	NaN	NaN	NaN	NaN	8.194976510051568e-13	NaN	NaN	NaN	NaN	NaN	0	NaN	NaN	NaN	NaN	0	0.09034552015627055	2.2899875366538773	2.2899875366538773	-0.1	0	NaN	NaN	NaN	NaN	9	292.464259739346	292.4930182502645	95939.84846102692	1.1427233528426322	1005.5360011649591	0.02534699598489099	NaN	NaN	NaN	NaN	NaN	NaN	NaN	NaN	-1.031519303220031	0.5925808227246705	0.14907345918177536	1.1989190967738172	2.5774986883514222e-14	9.070705991704653e-15	1.1989190967738172	8.295181849194337	181.87623925230318	150.1237607476968	7.142636416039191	NaN	0.5824173478467763	1.1337651225164103	-222.54694103038034	-0.013030958711780788	NaN	0.11216513759552878	0	93.85418557965441	-14.24273475347792	32.217104792395084	80.22514621874136	122.34840988614965	171.5953844968298	257.0811547492764	0.3831996751431108	1.0115435268737878	74.00616088815559	1.0142921102239033	NaN	1	NaN	1	NaN	1	-0.04583023932472667	1.1479432966187482	NaN	NaN	800009909	800009909	800009909	800009919	800009919	811009919	899999999	899999999	89999	89999	89	89	8	26	1	5	0	0	0	NaN	0	0	0	0	0	0	0	0	0	NaN	NaN	NaN	NaN	0	2	0	0	0	0	0	0	4573	0	0	0	18000	18000	18000	18000	6	NaN	1.4070644858826404	0.6494953481692661	0.21097041098091376	0.21123313673363558	NaN	NaN	6.723710406463935e-8	NaN	0.06440641832936647	NaN	NaN	-0.00004583023932472667	NaN	NaN	NaN	96337.43338715276	11.679750302761159	NaN	0	0	0	0	0.00028481665140781036	-1	0	2.1659092236161235	68.7565040456454	1.0000846556325753	-273.1499938964844	9.000854149632984	-273.1499938964844	242
DATA	2025-08-31T113000_AIU-0547.ghg	2025-08-31	12:00:00	243.499	1	18000	18000	0.3533588746051283	1	NaN	76.57855274443831	1	NaN	NaN	NaN	NaN	NaN	NaN	NaN	NaN	NaN	NaN	-0.0016286843343967256	2	NaN	NaN	NaN	NaN	NaN	NaN	NaN	NaN	NaN	NaN	NaN	NaN	-6.8184000341212254e-12	NaN	NaN	NaN	NaN	NaN	0	NaN	NaN	NaN	NaN	0	0.0900551896736069	2.283004316072895	2.283004316072895	-0.1	0	NaN	NaN	NaN	NaN	9	292.73655392371285	292.52994880267187	95936.16815476191	1.1425352593339444	1005.5369339025652	0.025351168814893865	NaN	NaN	NaN	NaN	NaN	NaN	NaN	NaN	0.3678159201373713	0.032973743055826794	0.1961257261388744	0.4181400713768643	-5.970091878336076e-15	-7.571357140919488e-14	0.4181400713768643	3.993834180584194	326.8772759084527	5.12272409154724	27.972201678617164	NaN	0.556125994992493	0.7764189705069524	-189.91120323176267	-0.015270294488424234	NaN	0.11985780497965318	0	83.69909014536432	-12.70165984271547	28.73118914822141	71.5447233793171	109.11021735425655	153.02863124137608	229.26477506719283	0.34472606308599973	1.0250425263522212	74.87429783375063	1.022761547820746	NaN	1	NaN	1	NaN	1	-0.0014060342794027705	1.1583532195875967	NaN	NaN	800009909	800009909	800009909	800009919	800009919	800009919	899999999	899999999	89999	89999	89	89	3	10	1	11	0	0	0	NaN	0	0	0	0	0	0	0	0	0	NaN	NaN	NaN	NaN	0	3	0	0	0	0	0	0	3511	0	0	0	18000	18000	18000	18000	6	NaN	0.8094942462165109	0.48723070450160516	0.2561129902957888	0.10739144509423681	NaN	NaN	2.0549517658081344e-8	NaN	0.06517261153780517	NaN	NaN	-0.0000014060342794027704	NaN	NaN	NaN	96320.15071310764	11.680000305175781	NaN	0	0	0	0	0.0002853624041664362	-1	0	2.1593224836720366	68.91259951485527	1.0000778762300808	-273.1499938964844	9.00087355928951	-273.1499938964844	062
DATA	2025-08-31T120000_AIU-0547.ghg	2025-08-31	12:30:00	243.52	1	18000	18000	0.0378422850678597	1	NaN	14.991806049950126	1	NaN	NaN	NaN	NaN	NaN	NaN	NaN	NaN	NaN	NaN	-0.005628712702505933	1	NaN	NaN	NaN	NaN	NaN	NaN	NaN	NaN	NaN	NaN	NaN	NaN	-1.718902087988596e-12	NaN	NaN	NaN	NaN	NaN	0	NaN	NaN	NaN	NaN	0	0.08999240964361362	2.282045951629709	2.282045951629709	0	0	NaN	NaN	NaN	NaN	9	292.9170540890164	292.55937131585017	95919.19597743056	1.1422182483839445	1005.5376775934963	0.02535820477156938	NaN	NaN	NaN	NaN	NaN	NaN	NaN	NaN	0.7469509400702401	0.2321553866611896	0.22314576149080065	0.8134038734227125	1.5407689857510825e-14	-1.9100522975168264e-14	0.8134038734227125	3.2693287400315887	314.73454309421317	17.26545690578685	15.922433107262004	NaN	0.18201791251824942	0.41360200908267347	-34.007291492323745	-0.08527582976299652	NaN	0.07171209053911078	1	6.887234855429136	3	6	10	17	29	81	0.037280724521310905	1.0150630266380094	14.750738810252432	1.0163427230865305	NaN	1	NaN	1	NaN	1	-0.004895805353599582	1.1497010800005538	NaN	NaN	800009909	800009909	800009909	800009909	800009909	800009909	899999999	899999999	89999	89999	89	89	7	5	1	29	0	0	0	NaN	0	0	0	0	0	0	0	0	0	NaN	NaN	NaN	NaN	0	0	0	0	0	0	0	0	4555	0	0	0	18000	18000	18000	18000	6	NaN	0.45006301645874525	0.29862055504797086	0.07852044665863081	0.04668984467780907	NaN	NaN	9.766045435032344e-9	NaN	0.012842995503139287	NaN	NaN	-0.0000048958053535995825	NaN	NaN	NaN	96304.87410698785	11.680000305175781	NaN	0	0	0	0	0.00028524277225692963	-1	0	2.1581400350266033	68.94982299317255	1.0000913009908465	-273.1499938964844	9.000941468662687	-273.1499938964844	235
DATA	2025-08-31T123000_AIU-0547.ghg	2025-08-31	13:00:00	243.541	1	18000	18000	0.12727101433388244	1	NaN	29.211982577438086	1	NaN	NaN	NaN	NaN	NaN	NaN	NaN	NaN	NaN	NaN	-0.0074146098220321	2	NaN	NaN	NaN	NaN	NaN	NaN	NaN	NaN	NaN	NaN	NaN	NaN	-1.3900537340585026e-12	NaN	NaN	NaN	NaN	NaN	0	NaN	NaN	NaN	NaN	0	0.08968397748292145	2.279841127018857	2.279841127018857	-0.1	0	NaN	NaN	NaN	NaN	9	293.40249088287356	293.2253939497206	95900.72176497396	1.139404357324967	1005.5546498390223	0.02542082979596894	NaN	NaN	NaN	NaN	NaN	NaN	NaN	NaN	-0.2137471103439281	0.27487694188412587	0.17307619645730038	0.3888451235904458	-4.493878368287702e-14	-1.5499465713629963e-14	0.3888451235904458	2.8162933883088743	204.13099975041098	127.86900024958902	26.429939626941092	NaN	0.33421490536568216	0.33718627285415675	-108.03080782157447	-0.026844194341207644	NaN	0.07628719799369539	0	78.78940598182216	-11.956596329215216	27.045853452029615	67.34799920047138	102.70994818413216	144.05216272696975	215.81638950588578	0.12398297152076096	1.0265201162126598	28.53480561403193	1.0237316129840097	NaN	1	NaN	1	NaN	1	-0.006393256395603425	1.15975480462993	NaN	NaN	800009909	800009909	800009909	800009909	800009909	800119919	899999999	899999999	89999	89999	89	89	0	4	2	8	0	0	0	NaN	0	0	0	0	0	0	0	0	0	NaN	NaN	NaN	NaN	0	0	0	0	0	0	0	0	6571	0	0	0	18000	18000	18000	18000	6	NaN	0.16944929114828802	0.397333944694453	0.1075893098655725	0.16402093556813271	NaN	NaN	6.151192207286202e-8	NaN	0.02490527628013594	NaN	NaN	-0.000006393256395603425	NaN	NaN	NaN	96294.30687977429	11.680000305175781	NaN	0	0	0	0	0.00028589610809123963	-1	0	2.1573255232241424	68.8348964465459	1.0000695943683386	-273.1499938964844	9.00080860657162	-273.1499938964844	070
DATA	2025-08-31T130000_AIU-0547.ghg	2025-08-31	13:30:00	243.562	1	18000	18000	0.2363448727915575	1	NaN	44.50642598042469	1	NaN	NaN	NaN	NaN	NaN	NaN	NaN	NaN	NaN	NaN	-0.04444864801277934	1	NaN	NaN	NaN	NaN	NaN	NaN	NaN	NaN	NaN	NaN	NaN	NaN	1.9308994672319515e-13	NaN	NaN	NaN	NaN	NaN	0	NaN	NaN	NaN	NaN	0	0.08944789378392864	2.2778215862107216	2.2778215862107216	0.1	0	NaN	NaN	NaN	NaN	9	293.8119653608534	293.66620983948434	95876.99475947449	1.1374125431552977	1005.5660281834588	0.025465346246307974	NaN	NaN	NaN	NaN	NaN	NaN	NaN	NaN	-0.49072855121558956	0.301051115482416	0.18582041123848717	0.6049590980752743	-4.660752081771983e-14	2.1586863430191595e-15	0.6049590980752743	4.116353609126626	183.52819527294554	148.47180472705446	17.88827888425604	NaN	0.455841736172664	0.41336932774069235	-179.87836678437802	-0.01612200539643691	NaN	0.0853650360878059	0	89.56819740883083	-13.592319513107253	30.74586374773013	76.56154799376613	116.76119143390422	163.75923117474753	245.34116913870471	0.23198598138315973	1.0187894603907053	43.68957282554255	1.018696753070668	NaN	1	NaN	1	NaN	1	-0.038561608650396095	1.152665813704916	NaN	NaN	800009909	800009909	800009909	800009919	800009919	811009919	899999999	899999999	89999	89999	89	89	4	30	0	3	0	0	0	NaN	0	0	0	0	0	0	0	0	0	NaN	NaN	NaN	NaN	0	1	0	0	0	0	0	0	7424	0	0	0	18000	18000	18000	18000	6	NaN	0.4690591767222292	0.21242462786779687	0.14525485089135876	0.1054406202352826	NaN	NaN	7.179087588416005e-8	NaN	0.038198753595132084	NaN	NaN	-0.000038561608650396094	NaN	NaN	NaN	96280.01020442709	11.680000305175781	NaN	0	0	0	0	0.00028666064552251353	-1	0	2.156029822912481	68.75461296823289	1.0000543994108835	-273.1499938964844	9.000700530582003	-273.1499938964844	128
DATA	2025-08-31T133000_AIU-0547.ghg	2025-08-31	14:00:00	243.583	1	18000	18000	0.1549578606435488	1	NaN	26.707232068236035	1	NaN	NaN	NaN	NaN	NaN	NaN	NaN	NaN	NaN	NaN	-0.0162317876778154	1	NaN	NaN	NaN	NaN	NaN	NaN	NaN	NaN	NaN	NaN	NaN	NaN	2.6008739183983946e-12	NaN	NaN	NaN	NaN	NaN	0	NaN	NaN	NaN	NaN	0	0.08874013509710228	2.258772616587587	2.258772616587587	0	0	NaN	NaN	NaN	NaN	9	293.90349758402505	293.4822778194159	95860.45207062937	1.137929012460889	1005.5612664826682	0.02545378834634369	NaN	NaN	NaN	NaN	NaN	NaN	NaN	NaN	0.3298376130450065	-0.044318784320066966	0.20221036261047556	0.3894175604282408	1.3362051917691985e-14	2.930887941011624e-14	0.3894175604282408	3.131616764623744	339.6527393364421	352.3472606635579	31.282867898935482	NaN	0.3690194190422149	0.37718707670225987	-159.00933327410115	-0.01823792314757376	NaN	0.06324933341248648	0	89.17128572144134	-13.532086633250806	30.609616809493147	76.2222738531395	116.24377696253663	163.03355002170954	244.25396653503424	0.15095905657241096	1.0264893287089385	26.088635493262025	1.0237113426316902	NaN	1	NaN	1	NaN	1	-0.013996232653519385	1.159725483252372	NaN	NaN	800009909	800009909	800009909	800009919	800019919	800019919	899999999	899999999	89999	89999	89	89	0	6	0	23	0	0	1	NaN	0	0	0	0	0	0	0	0	0	NaN	NaN	NaN	NaN	0	2	0	0	0	0	0	0	101	0	0	0	18000	18000	18000	18000	6	NaN	0.29701592457404535	0.36110331092649167	0.09625491790398273	0.04502478780979758	NaN	NaN	3.2397682399745435e-8	NaN	0.022799622607171246	NaN	NaN	-0.000013996232653519386	NaN	NaN	NaN	96235.39334548611	11.67014007949829	NaN	0	0	0	0	0.00028682737490291614	-1	0	2.1372064691848225	68.7958389186506	1.0000685585671	-273.1499938964844	9.000715466022491	-273.1499938964844	131
DATA	2025-08-31T140000_AIU-0547.ghg	2025-08-31	14:30:00	243.604	1	18000	18000	0.16726092704129558	1	NaN	75.26331774590797	1	NaN	NaN	NaN	NaN	NaN	NaN	NaN	NaN	NaN	NaN	-0.03841757324497679	1	NaN	NaN	NaN	NaN	NaN	NaN	NaN	NaN	NaN	NaN	NaN	NaN	9.032840099875577e-12	NaN	NaN	NaN	NaN	NaN	0	NaN	NaN	NaN	NaN	0	0.08858411435788376	2.255134861236925	2.255134861236925	0.2	0	NaN	NaN	NaN	NaN	9	294.0799771160549	293.5276916554769	95861.10445290798	1.1377606980878123	1005.5624403030185	0.025457553846800113	NaN	NaN	NaN	NaN	NaN	NaN	NaN	NaN	0.18246416105575392	0.12213964526342909	0.2537493105083022	0.3355591983515171	2.1752787231981644e-14	1.0196907386105935e-13	0.3355591983515171	3.1943345773317224	298.20205219510933	33.79794780489065	49.130188973710126	NaN	0.3834173717677708	0.3055069888889787	-63.290488883117696	-0.045820470834971774	NaN	0.17157404965396103	0	71.20484802129353	-10.80561039729311	24.442320140124604	60.86483313142573	92.8227108656382	130.1851718044303	195.04111020733308	0.16242008943260197	1.0298044264450572	73.36355738874093	1.025895150464154	NaN	1	NaN	1	NaN	1	-0.03303553514817488	1.1629166312173167	NaN	NaN	800009909	800009909	800009909	800009909	800009919	800009919	899999999	899999999	89999	89999	89	89	5	1	0	15	0	0	3	NaN	0	0	0	0	0	0	0	0	0	NaN	NaN	NaN	NaN	0	0	0	0	0	0	0	0	8609	0	0	0	18000	18000	18000	18000	6	NaN	0.20354267419055563	0.22509990863479507	0.1823713949526067	0.0876134585533643	NaN	NaN	2.8060682526351644e-8	NaN	0.0641239712967854	NaN	NaN	-0.00003303553514817488	NaN	NaN	NaN	96247.59932443577	11.670000076293945	NaN	0	0	0	0	0.00028656229311147603	-1	0	2.1338961876432103	68.78958954662748	1.0000760677721765	-273.1499938964844	9.00075245920817	-273.1499938964844	017
DATA	2025-08-31T143000_AIU-0547.ghg	2025-08-31	15:00:00	243.624	1	18000	18000	0.16623147689791729	1	NaN	29.11623873499283	1	NaN	NaN	NaN	NaN	NaN	NaN	NaN	NaN	NaN	NaN	-0.03358354274423274	1	NaN	NaN	NaN	NaN	NaN	NaN	NaN	NaN	NaN	NaN	NaN	NaN	2.5397537829641185e-12	NaN	NaN	NaN	NaN	NaN	0	NaN	NaN	NaN	NaN	0	0.08853910771995561	2.2632524588646756	2.2632524588646756	0.2	0	NaN	NaN	NaN	NaN	9	294.53806016201435	294.67563307020396	95842.11422526042	1.1331039118074915	1005.5925185946015	0.025562178309083715	NaN	NaN	NaN	NaN	NaN	NaN	NaN	NaN	0.25913151093030257	0.39161915978465234	0.23410190373255757	0.5247079259917931	4.7697362958978554e-14	2.868510704893505e-14	0.5247079259917931	2.7560483553486765	275.492312558756	56.507687441243995	26.497361407561257	NaN	0.38302027370130587	0.4891177525860692	-163.07523857321095	-0.017783202559584634	NaN	0.06671473063875927	0	81.93154604022556	-12.433428205531861	28.12444845457268	70.03385326300796	106.80604509670891	149.7969968879036	224.4231979248106	0.16281778689863458	1.0209663210900168	28.542478541097836	1.020101975133969	NaN	1	NaN	1	NaN	1	-0.029087117811303784	1.154584753363964	NaN	NaN	800009909	800009909	800009909	800009909	800009909	800019909	899999999	899999999	89999	89999	89	89	9	2	0	27	0	0	1	NaN	0	0	0	0	0	0	0	0	0	NaN	NaN	NaN	NaN	0	0	0	0	0	0	0	0	7421	0	0	0	18000	18000	18000	18000	6	NaN	0.44195107581029347	0.4081391219395718	0.12814530742227312	0.1397121437533217	NaN	NaN	1.6566172859424405e-7	NaN	0.02504954897848385	NaN	NaN	-0.000029087117811303784	NaN	NaN	NaN	96247.48168402778	11.670000076293945	NaN	0	0	0	0	0.0002875261709980098	-1	0	2.1440436828666267	68.64530156177946	1.000071464855638	-339.20349667019553	9.000575256029764	-289.58261958651883	094
DATA	2025-08-31T150000_AIU-0547.ghg	2025-08-31	15:30:00	243.645	1	18000	18000	0.1493328951903751	1	NaN	11.24946840966576	2	NaN	NaN	NaN	NaN	NaN	NaN	NaN	NaN	NaN	NaN	0.03550024055960255	2	NaN	NaN	NaN	NaN	NaN	NaN	NaN	NaN	NaN	NaN	NaN	NaN	-3.044496152776076e-15	NaN	NaN	NaN	NaN	NaN	0	NaN	NaN	NaN	NaN	0	0.08817731585974507	2.255058545222467	2.255058545222467	0	1	NaN	NaN	NaN	NaN	9	294.93276720682775	294.73287616984055	95815.91596267361	1.1325741683786743	1005.5940389827159	0.025574134608603485	NaN	NaN	NaN	NaN	NaN	NaN	NaN	NaN	-0.4286702912207201	0.39736334024016967	0.20740384250810315	0.6202194745646141	-1.0231924154209041e-13	-3.452697695650721e-17	0.6202194745646141	3.4339831961161433	194.82950964682192	137.17049035317808	19.536296570078814	NaN	0.36311518966548617	0.40014639219996706	-359.5631197528864	-0.008065343303264963	NaN	0.027201837486879623	0	84.38781732198684	-12.80617684889439	28.96760690077637	72.13343701108656	110.00804278830314	154.2878441785088	231.15130550565743	0.14662965284353716	1.0184358504191677	11.045459530257864	1.0184699313640175	NaN	1	NaN	1	NaN	1	0.03080646115696849	1.152363472672755	NaN	NaN	800009909	800009909	800009909	800009909	800009919	801109919	899999999	899999999	89999	89999	89	89	13	21	2	13	0	0	0	NaN	0	0	0	0	0	0	0	0	0	NaN	NaN	NaN	NaN	0	0	0	0	0	0	0	0	1641	0	0	0	18000	18000	18000	18000	6	NaN	0.2353742668370678	0.45794494362277965	0.10697357394008668	0.283447108163046	NaN	NaN	5.919084738373107e-7	NaN	0.009698273924561927	NaN	NaN	0.00003080646115696849	NaN	NaN	NaN	96197.5014481337	11.66336547999912	NaN	0	0	0	0	0.000288034006397033	-1	0	2.135881470461688	68.50628618431095	1.0000759265099963	-326.24312112595885	9.000561915200644	-290.6727446323015	178
DATA	2025-08-31T153000_AIU-0547.ghg	2025-08-31	16:00:00	243.666	1	18000	18000	0.10655624251422208	1	NaN	27.240350745051575	1	NaN	NaN	NaN	NaN	NaN	NaN	NaN	NaN	NaN	NaN	-0.020286466697691564	0	NaN	NaN	NaN	NaN	NaN	NaN	NaN	NaN	NaN	NaN	NaN	NaN	1.7262633534357899e-12	NaN	NaN	NaN	NaN	NaN	0	NaN	NaN	NaN	NaN	0	0.08824950456205273	2.2576882849432316	2.2576882849432316	0.3	0	NaN	NaN	NaN	NaN	9	294.9164552519057	294.73609497578934	95783.7071733941	1.1321810857327932	1005.5941245326945	0.02558301370809097	NaN	NaN	NaN	NaN	NaN	NaN	NaN	NaN	-0.18524350277901555	0.3449268568760884	0.21150908834024656	0.44500088355737055	1.061468693000466e-14	1.9561167646238355e-14	0.44500088355737055	4.213079244291358	213.7619091157685	118.23809088423151	28.378909435190323	NaN	0.3067831491291083	0.28753439560459654	-89.52647443298505	-0.03239265276966526	NaN	0.07799065568993278	0	79.28538781041648	-12.031863485214545	27.216107963837036	67.77195700773453	103.35651059033874	144.95897569493113	217.17496057484968	0.10407455354775724	1.0238453001417493	26.65454440380826	1.0219777285392138	NaN	1	NaN	1	NaN	1	-0.017530206524817227	1.1572291900253624	NaN	NaN	800009909	800009909	800009909	800009909	800009919	811119919	899999999	899999999	89999	89999	89	89	13	20	1	4	0	0	2	NaN	0	0	0	0	0	0	0	0	0	NaN	NaN	NaN	NaN	0	0	0	0	0	0	0	0	7977	0	0	0	18000	18000	18000	18000	6	NaN	0.1649075006412028	0.3209197265196565	0.08924156404833382	0.15472200871999828	NaN	NaN	6.089410654217485e-8	NaN	0.02341168333423572	NaN	NaN	-0.000017530206524817227	NaN	NaN	NaN	96168.02005664064	11.65999984741211	NaN	0	0	0	0	0.00028743310674973245	-1	0	2.137750958290365	68.04428421613905	1.0000812715937695	-389.34924877591834	9.000536264684465	-309.2452454121919	127
DATA	2025-08-31T160000_AIU-0547.ghg	2025-08-31	16:30:00	243.687	1	18000	18000	0.29548985826748425	1	NaN	21.179140260495014	0	NaN	NaN	NaN	NaN	NaN	NaN	NaN	NaN	NaN	NaN	-0.009572359988705332	0	NaN	NaN	NaN	NaN	NaN	NaN	NaN	NaN	NaN	NaN	NaN	NaN	9.619683624169116e-13	NaN	NaN	NaN	NaN	NaN	0	NaN	NaN	NaN	NaN	0	0.08813531099276244	2.2611743766495795	2.2611743766495795	-0.2	0	NaN	NaN	NaN	NaN	9	295.3103947431776	295.50542475043403	95761.59342144098	1.128972815415917	1005.6147485898433	0.02565571450511208	NaN	NaN	NaN	NaN	NaN	NaN	NaN	NaN	-0.4069875292148128	0.2950243801133775	0.20784999260141118	0.5439483920575809	1.9670724612103955e-14	1.091467598606315e-14	0.5439483920575809	4.707323861984202	187.9382749372909	144.06172506270906	22.464655730635407	NaN	0.5115988358122779	0.7175538742242948	-533.9336579286723	-0.005431386384687155	NaN	0.03646394561778349	0	82.68544062688484	-12.547834617601339	28.383236070178892	70.67827101672582	107.78882283144573	151.17535663466296	226.4882319954873	0.2895853546264297	1.0203895105423113	20.769395274875524	1.0197283060097158	NaN	1	NaN	1	NaN	1	-0.00829444967258715	1.1540681258627234	NaN	NaN	800009909	800009909	800009909	800009909	800009919	811109919	899999999	899999999	89999	89999	89	89	15	18	0	0	0	0	2	NaN	0	0	0	0	0	0	0	0	0	NaN	NaN	NaN	NaN	0	0	0	0	0	0	0	0	10918	0	0	0	18000	18000	18000	18000	6	NaN	0.4934301977151785	0.7182310590706584	0.2234464916627528	0.1580609706062305	NaN	NaN	1.1650154609249748e-7	NaN	0.018294002448729228	NaN	NaN	-0.00000829444967258715	NaN	NaN	NaN	96147.85412434896	11.65999984741211	NaN	0	0	0	0	0.00028822876894587834	-1	0	2.1425306103494433	68.06219253137378	1.0000667681213882	-417.9347499762622	9.000548807064693	-346.47099697538044	062
DATA	2025-08-31T163000_AIU-0547.ghg	2025-08-31	17:00:00	243.708	1	18000	18000	0.3811428393462622	1	NaN	30.383103017404295	0	NaN	NaN	NaN	NaN	NaN	NaN	NaN	NaN	NaN	NaN	-0.013343248030289573	0	NaN	NaN	NaN	NaN	NaN	NaN	NaN	NaN	NaN	NaN	NaN	NaN	1.277996764552887e-13	NaN	NaN	NaN	NaN	NaN	0	NaN	NaN	NaN	NaN	0	0.08794544363725518	2.2598852631228628	2.2598852631228628	0	0	NaN	NaN	NaN	NaN	9	295.54825791252983	295.9269300079346	95746.18153233507	1.1271833180692985	1005.626197438809	0.02569644508752625	NaN	NaN	NaN	NaN	NaN	NaN	NaN	NaN	-0.6063360671153577	0.4005105883781434	0.235980632984692	0.7640281518581962	-2.495418967416479e-14	1.4531699559378944e-15	0.7640281518581962	4.38047417414227	185.4464472482393	146.5535527517607	17.990770727963437	NaN	0.5814958319104766	0.7688113096531727	-546.4742588362201	-0.005306745840464442	NaN	0.04609506043780268	0	84.23233181688668	-12.782581323628524	28.914233758379233	72.00053033990812	109.80535172884896	154.0035670856273	230.72540661845227	0.3752260456585107	1.0157686113642983	29.881673701751392	1.0167804963221827	NaN	1	NaN	1	NaN	1	-0.011600661599305838	1.1502144007965898	NaN	NaN	800009909	800009909	800009909	800009909	800009909	800009909	899999999	899999999	89999	89999	89	89	3	1	1	9	0	0	0	NaN	0	0	0	0	0	0	0	0	0	NaN	NaN	NaN	NaN	0	0	0	0	0	0	0	0	8865	0	0	0	18000	18000	18000	18000	6	NaN	0.7692084022868328	0.49281167988110136	0.27560253713841115	0.13341584628101627	NaN	NaN	3.1780821290904967e-8	NaN	0.026361722725010334	NaN	NaN	-0.000011600661599305838	NaN	NaN	NaN	96131.27462304688	11.6633021452162	NaN	0	0	0	0	0.00028906126499188956	-1	0	2.14207318401999	67.90913687366907	1.000056463893917	-273.1499938964844	9.000613540755378	-273.1499938964844	218
DATA	2025-08-31T170000_AIU-0547.ghg	2025-08-31	17:30:00	243.729	1	18000	18000	0.08908629529255514	0	NaN	43.179394245164765	0	NaN	NaN	NaN	NaN	NaN	NaN	NaN	NaN	NaN	NaN	-0.010861023102376481	1	NaN	NaN	NaN	NaN	NaN	NaN	NaN	NaN	NaN	NaN	NaN	NaN	1.0620893342933556e-12	NaN	NaN	NaN	NaN	NaN	0	NaN	NaN	NaN	NaN	0	0.0877560707688484	2.256478465258165	2.256478465258165	0.1	0	NaN	NaN	NaN	NaN	9	295.24954087744817	296.1145261806912	95744.9131046007	1.1264542951733523	1005.631326858888	0.025713075408786062	NaN	NaN	NaN	NaN	NaN	NaN	NaN	NaN	-0.31769317090795257	0.5905137465763044	0.26585847722341777	0.72132944321484	-2.3612228579790913e-14	1.2102744858426085e-14	0.72132944321484	4.945138642242312	213.7199911621147	118.28000883788532	21.627288797017954	NaN	0.28122159156887183	0.42975849105302333	-43.49402149339485	-0.0666758303883306	NaN	0.13554250712527316	0	66.75436931845937	-10.130233084081302	22.91461481872642	57.060630873709236	87.02106239188095	122.04827732826823	182.85055954573647	0.08764421171649425	1.0164538370283442	42.44883970103053	1.0172102358811117	NaN	1	NaN	1	NaN	1	-0.00943830271739057	1.150739007593439	NaN	NaN	800009909	800009909	800009909	800009909	800009919	801109919	899999999	899999999	89999	89999	89	89	49	37	12	3	0	0	0	NaN	0	0	0	0	0	0	0	0	0	NaN	NaN	NaN	NaN	0	0	0	0	0	0	0	0	9786	0	0	0	18000	18000	18000	18000	6	NaN	0.3499088076731801	0.39431990010744566	0.11528827432542092	0.20093130914583157	NaN	NaN	4.9764824520257515e-8	NaN	0.037472567847281785	NaN	NaN	-0.00000943830271739057	NaN	NaN	NaN	96132.43928927951	11.670000076293945	NaN	0	0	0	0	0.0002893224047018319	-1	0	2.139292291747198	67.69606608263649	1.0000505324867037	-273.1499938964844	9.000594272878434	-273.1499938964844	181
DATA	2025-08-31T173000_AIU-0547.ghg	2025-08-31	18:00:00	243.749	1	18000	18000	0.24633583798391576	1	NaN	-4.822863094298531	2	NaN	NaN	NaN	NaN	NaN	NaN	NaN	NaN	NaN	NaN	0.0008839168431328351	2	NaN	NaN	NaN	NaN	NaN	NaN	NaN	NaN	NaN	NaN	NaN	NaN	5.568028413851645e-13	NaN	NaN	NaN	NaN	NaN	0	NaN	NaN	NaN	NaN	0	0.08779407041023173	2.253541320943946	2.253541320943946	0	1	NaN	NaN	NaN	NaN	9	295.38241133287215	295.60997529771583	95747.79127148437	1.128410861649906	1005.6175785220394	0.02566849116818387	NaN	NaN	NaN	NaN	NaN	NaN	NaN	NaN	-0.393454781244913	0.4407661203890037	0.2268147668097415	0.6328715321533886	-1.6647917721334405e-14	6.34214632928414e-15	0.6328715321533886	5.782110237870563	200.24595006329272	131.75404993670725	21.001347315039293	NaN	0.4672294088536834	0.5985070611546015	1785.866896764785	0.001623861221266568	NaN	-0.009096506807468005	0	84.57770328188785	-12.83499277589409	29.032788606109513	72.2957486736284	110.25557831492998	154.63501627422858	231.67143256808444	0.24369403978710932	1.0108406352453851	-4.758328315379705	1.0135624897320008	NaN	1	NaN	1	NaN	1	0.0007576729348521219	1.1666205858407135	NaN	NaN	800009909	800009909	800009909	800009909	800009909	800009909	899999999	899999999	89999	89999	89	89	23	16	0	8	0	0	0	NaN	0	0	0	0	0	0	0	0	0	NaN	NaN	NaN	NaN	0	0	0	0	0	0	0	0	7216	0	0	0	18000	18000	18000	18000	6	NaN	0.4712204861814063	0.5496740402445259	0.17611959588327092	0.18977809266526494	NaN	NaN	7.833211964583679e-8	NaN	-0.0041932841253927815	NaN	NaN	7.576729348521219e-7	NaN	NaN	NaN	96129.43076540799	11.670000076293945	NaN	0	0	0	0	0.0002888616248641888	-1	0	2.135285084499253	67.631554350747	1.000040327174796	-273.1499938964844	9.000507234599855	-273.1499938964844	070
DATA	2025-08-31T180000_AIU-0547.ghg	2025-08-31	18:30:00	243.77	1	18000	18000	0.035737052294529316	1	NaN	31.491886422461455	1	NaN	NaN	NaN	NaN	NaN	NaN	NaN	NaN	NaN	NaN	-0.03746916702865342	1	NaN	NaN	NaN	NaN	NaN	NaN	NaN	NaN	NaN	NaN	NaN	NaN	1.0638104007406202e-12	NaN	NaN	NaN	NaN	NaN	0	NaN	NaN	NaN	NaN	0	0.08832985303248327	2.247817091657713	2.247817091657713	0.1	0	NaN	NaN	NaN	NaN	9	293.94186297353116	293.08717346530494	95753.21649023438	1.138188353863553	1005.5511058819327	0.02544798858468698	NaN	NaN	NaN	NaN	NaN	NaN	NaN	NaN	0.4727265783803053	0.6243627255388066	0.26730731821684717	0.8274976938468249	2.98311535206496e-14	1.204361112600747e-14	0.8274976938468249	2.130607830633612	279.1306211643267	52.86937883567324	18.84631978179944	NaN	0.1771953394824842	0.19873301756197403	-14.917999164210297	-0.19439604253078233	NaN	0.15528449567003827	1	6.9984135528848075	3	6	10	16	27	69	0.03521319860786263	1.014876628860115	30.988996200019084	1.016228025560959	NaN	1	NaN	1	NaN	1	-0.03259404568151053	1.1495709184057619	NaN	NaN	800009909	800009909	800009909	800009909	800009909	800109909	899999999	899999999	89999	89999	89	89	8	3	0	9	0	0	5	NaN	0	0	0	0	0	0	0	0	0	NaN	NaN	NaN	NaN	0	0	0	0	0	0	0	0	9247	0	0	0	18000	18000	18000	18000	6	NaN	0.18871842335383485	0.1776894191046676	0.031058192665445638	0.2378019362669224	NaN	NaN	3.118215591225773e-7	NaN	0.027076294133327104	NaN	NaN	-0.00003259404568151053	NaN	NaN	NaN	96127.03400694445	11.670000076293945	NaN	0	0	0	0	0.00028616248390689086	-1	0	2.123687297258112	67.57731955549451	1.000083146787352	-307.14574532402855	9.000815924141142	-285.423994411895	085
DATA	2025-08-31T183000_AIU-0547.ghg	2025-08-31	19:00:00	243.791	0	18000	18000	0.15305247581030892	1	NaN	101.71548577832755	1	NaN	NaN	NaN	NaN	NaN	NaN	NaN	NaN	NaN	NaN	-0.029530658093673473	1	NaN	NaN	NaN	NaN	NaN	NaN	NaN	NaN	NaN	NaN	NaN	NaN	1.2632068493960413e-12	NaN	NaN	NaN	NaN	NaN	0	NaN	NaN	NaN	NaN	0	0.08863916648365558	2.2518278829284544	2.2518278829284544	0	1	NaN	NaN	NaN	NaN	9	293.5373945846557	292.55232393561465	95742.34130794271	1.1401397045051185	1005.5374994152452	0.025404434317911544	NaN	NaN	NaN	NaN	NaN	NaN	NaN	NaN	0.3297656520241333	0.3408083826600119	0.23772752897538754	0.5304810241460132	-2.4701876377023165e-14	1.4251113807900793e-14	0.5304810241460132	2.2387370887998883	286.0565625209962	45.94343747900381	26.624140471393915	NaN	0.3663879186013431	0.36534503086742753	-40.827015101387076	-0.07103139900867927	NaN	0.2421528538161568	0	92.26507729720386	-14.001581440797057	31.67161534250026	78.86680035990047	120.27684674494348	168.68998773641817	252.72834096957226	0.1499354653280707	1.0207890139628937	99.72232454857743	1.0199871115998624	NaN	1	NaN	1	NaN	1	-0.025580393396225105	1.1544254865928414	NaN	NaN	800009909	800009909	800009909	800009909	800009919	800109919	899999999	899999999	89999	89999	89	89	1	0	0	2	0	0	2	NaN	0	0	0	0	0	0	0	0	0	NaN	NaN	NaN	NaN	0	0	0	0	0	0	0	0	14273	0	0	0	18000	18000	18000	18000	6	NaN	0.36233044099936135	0.2812279639048352	0.08713165683065854	0.3418371826481572	NaN	NaN	5.294512593592747e-7	NaN	0.08698333447950694	NaN	NaN	-0.000025580393396225103	NaN	NaN	NaN	96122.62823459202	11.660104244844103	NaN	0	0	0	0	0.0002847350757090478	-1	0	2.125933550298214	67.29811917856006	1.0000946831405162	-273.1499938964844	9.000938037845824	-273.1499938964844	057
DATA	2025-08-31T190000_AIU-0547.ghg	2025-08-31	19:30:00	243.812	0	18000	18000	0.05531151057878776	1	NaN	38.147609632531704	1	NaN	NaN	NaN	NaN	NaN	NaN	NaN	NaN	NaN	NaN	-0.025769357534026763	1	NaN	NaN	NaN	NaN	NaN	NaN	NaN	NaN	NaN	NaN	NaN	NaN	-1.607106802792629e-12	NaN	NaN	NaN	NaN	NaN	0	NaN	NaN	NaN	NaN	0	0.08929195732401513	2.261652526169489	2.261652526169489	0.1	0	NaN	NaN	NaN	NaN	9	292.81544472079804	291.7505631866454	95765.3023828125	1.143547107901199	1005.5174213414418	0.025328737256398073	NaN	NaN	NaN	NaN	NaN	NaN	NaN	NaN	0.4422020117081669	0.04217319413227896	0.266290843314257	0.5179111996231462	-4.2486488469016966e-14	-1.7998337710986616e-14	0.5179111996231462	1.6689372711046202	326.5521285543557	5.447871445644267	30.94153380356063	NaN	0.21992810377931757	0.19724382965230286	-23.547880166439885	-0.12315333607536529	NaN	0.15084917547551543	0	78.20089952619368	-11.867288204101158	26.84383822985402	66.84495273363694	101.9427705818848	142.97618523157368	214.2043791490118	0.054164342487907254	1.0211793965954008	37.39080584186002	1.0202403712258168	NaN	1	NaN	1	NaN	1	-0.022315438536367024	1.1547771060842456	NaN	NaN	800009909	800009909	800009909	800009909	800009919	800019919	899999999	899999999	89999	89999	89	89	0	1	0	7	0	0	0	NaN	0	0	0	0	0	0	0	0	0	NaN	NaN	NaN	NaN	0	0	0	0	0	0	0	0	15943	0	0	0	18000	18000	18000	18000	6	NaN	0.12439441607930161	0.22262325263436578	0.0474699905909383	0.15860858929848248	NaN	NaN	1.5600870255860214e-7	NaN	0.03251780076017065	NaN	NaN	-0.000022315438536367023	NaN	NaN	NaN	96144.89786914062	11.65999984741211	NaN	0	0	0	0	0.00028411367548526165	-1	0	2.1337222215268334	66.92058659913808	1.000101430747244	-273.3518689049614	9.00101850663291	-273.1499938964844	254
DATA	2025-08-31T193000_AIU-0547.ghg	2025-08-31	20:00:00	243.833	0	18000	18000	0.08915193402677572	1	NaN	31.307542389115074	1	NaN	NaN	NaN	NaN	NaN	NaN	NaN	NaN	NaN	NaN	-0.030894341603535668	1	NaN	NaN	NaN	NaN	NaN	NaN	NaN	NaN	NaN	NaN	NaN	NaN	1.3354787229534693e-12	NaN	NaN	NaN	NaN	NaN	0	NaN	NaN	NaN	NaN	0	0.08972850700610371	2.2627414088155433	2.2627414088155433	0.1	0	NaN	NaN	NaN	NaN	9	291.64769190979007	290.5206477472575	95781.69999400308	1.1485849350811173	1005.4873640175363	0.025217642467422557	NaN	NaN	NaN	NaN	NaN	NaN	NaN	NaN	0.6006664874562566	-0.08510377675158698	0.27486486310201075	0.6660282088158365	1.6281582349488952e-14	1.4883550027892746e-14	0.6660282088158365	3.482317091384371	340.0641212047799	351.93587879522005	24.37408760125742	NaN	0.2786017413911262	0.3148345838294709	-58.33370601243864	-0.04971396810244879	NaN	0.09730281790919612	0	81.14625250300465	-12.31425688157673	27.85488259530725	69.36259615860624	105.78233565871795	148.3612298453359	222.27215726403415	0.08762146064523987	1.017466878208438	30.75846428012275	1.0178512849013452	NaN	1	NaN	1	NaN	1	-0.02682842105369419	1.1515527336366154	NaN	NaN	800009909	800009909	800009909	800009919	800019919	800119919	899999999	899999999	89999	89999	89	89	0	3	2	14	0	0	14	NaN	0	0	0	0	0	0	0	0	0	NaN	NaN	NaN	NaN	0	22	0	0	0	0	0	0	17604	0	0	0	18000	18000	18000	18000	6	NaN	0.21507661176872472	0.34514075028193686	0.0694518056082801	0.20580348976753682	NaN	NaN	9.569757350784768e-8	NaN	0.026633295957761847	NaN	NaN	-0.00002682842105369419	NaN	NaN	NaN	96159.7811219618	11.65999984741211	NaN	0	0	0	0	0.0002827564391579168	-1	0	2.1320631080198065	65.8865185267095	1.0001072349150975	-313.56537059359727	9.0009619029363	-273.1499938964844	060
DATA	2025-08-31T200000_AIU-0547.ghg	2025-08-31	20:30:00	243.854	0	18000	18000	0.0688575567995532	1	NaN	0.8169451774725747	2	NaN	NaN	NaN	NaN	NaN	NaN	NaN	NaN	NaN	NaN	-0.013036737497066174	0	NaN	NaN	NaN	NaN	NaN	NaN	NaN	NaN	NaN	NaN	NaN	NaN	-4.637496263109905e-13	NaN	NaN	NaN	NaN	NaN	0	NaN	NaN	NaN	NaN	0	0.08941420133741135	2.251906581092845	2.251906581092845	-0.1	0	NaN	NaN	NaN	NaN	9	291.3084435323079	290.1903508563572	95796.3846937934	1.150068558168162	1005.4794452380812	0.025185110948931957	NaN	NaN	NaN	NaN	NaN	NaN	NaN	NaN	0.46950015222811403	-0.19136604046839278	0.23333655816876736	0.5581194350359433	-2.4216605727570385e-14	-5.1865321098266674e-15	0.5581194350359433	3.4906815755676925	354.17557661227943	337.8244233877206	24.71320134214303	NaN	0.24468871448547383	0.30634570717997783	-1514.6423200618965	-0.0019146434518490744	NaN	0.0028872344224111566	0	75.18660537110541	-11.409857436845236	25.809128588831523	64.26837942638664	98.01333371632096	137.46509415625945	205.94776046591207	0.067508159306742	1.019988657766239	0.8013437801010893	1.019469044071843	NaN	1	NaN	1	NaN	1	-0.01129981654377297	1.153712314404819	NaN	NaN	800009909	800009909	800009909	800009909	800019909	800119919	899999999	899999999	89999	89999	89	89	12	2	1	9	0	0	2	NaN	0	0	0	0	0	0	0	0	0	NaN	NaN	NaN	NaN	0	0	0	0	0	0	0	0	17006	0	0	0	18000	18000	18000	18000	6	NaN	0.19194975855236554	0.3559134886007138	0.06482816720687637	0.3066906034025941	NaN	NaN	7.274276336913196e-8	NaN	0.0006929819824800973	NaN	NaN	-0.00001129981654377297	NaN	NaN	NaN	96178.9849296875	11.666634999275209	NaN	0	0	0	0	0.0002824114494691862	-1	0	2.1214057789868788	65.91085498082192	1.0001319866478444	-306.2978702884219	9.001063869476319	-273.1499938964844	139
DATA	2025-08-31T203000_AIU-0547.ghg	2025-08-31	21:00:00	243.874	0	18000	18000	0.046301707709541604	1	NaN	22.35742917141288	1	NaN	NaN	NaN	NaN	NaN	NaN	NaN	NaN	NaN	NaN	-0.017481260146565234	1	NaN	NaN	NaN	NaN	NaN	NaN	NaN	NaN	NaN	NaN	NaN	NaN	-4.2797507994881445e-13	NaN	NaN	NaN	NaN	NaN	0	NaN	NaN	NaN	NaN	0	0.0891921918843771	2.245491669404916	2.245491669404916	-0.1	0	NaN	NaN	NaN	NaN	9	291.25132355965644	290.25669824984175	95853.43028184913	1.1504903688142465	1005.4810306932472	0.025175877192432083	NaN	NaN	NaN	NaN	NaN	NaN	NaN	NaN	0.2687855842773662	-0.37440903412136184	0.20917076914093063	0.5061424955583095	2.5895148727123955e-14	-4.7983469282110845e-15	0.5061424955583095	2.3185010979567697	26.325702489795333	305.67429751020467	24.410076680306112	NaN	0.2006120476716019	0.22070685897549822	-30.513753532113	-0.09503911070619381	NaN	0.09634029763749316	0	77.37111601750699	-11.741365355332688	26.559000403077803	66.13566627077812	100.86106397273839	141.45907633181795	211.93147356374058	0.04532445418074198	1.021561286207719	21.908556994207515	1.0204884409924415	NaN	1	NaN	1	NaN	1	-0.015133676083230343	1.1551231868862486	NaN	NaN	800009909	800009909	800009909	800009919	800019919	800019919	899999999	899999999	89999	89999	89	89	13	2	8	44	0	0	1	NaN	0	0	0	0	0	0	0	0	0	NaN	NaN	NaN	NaN	0	5	0	0	0	0	0	0	16207	0	0	0	18000	18000	18000	18000	6	NaN	0.13394697752933202	0.26690151195117995	0.040565228470484445	0.22714597896443584	NaN	NaN	7.415989742627463e-8	NaN	0.018938993922903477	NaN	NaN	-0.000015133676083230343	NaN	NaN	NaN	96245.00371945233	11.670000076293945	NaN	0	0	0	0	0.0002825426698157874	-1	0	2.1166835844000182	66.029990295238	1.000104228142235	-355.31312234667007	9.000838790125316	-273.1499938964844	008
DATA	2025-08-31T210000_AIU-0547.ghg	2025-08-31	21:30:00	243.895	0	18000	18000	0.05514563928386139	1	NaN	24.501765077305873	0	NaN	NaN	NaN	NaN	NaN	NaN	NaN	NaN	NaN	NaN	-0.0004162099963378941	2	NaN	NaN	NaN	NaN	NaN	NaN	NaN	NaN	NaN	NaN	NaN	NaN	-3.718920823974656e-13	NaN	NaN	NaN	NaN	NaN	0	NaN	NaN	NaN	NaN	0	0.0889471578072065	2.2424987825230396	2.2424987825230396	0	1	NaN	NaN	NaN	NaN	9	291.6717734273275	290.74611724475415	95879.06787616674	1.1488609242118264	1005.4928068381357	0.025211584471126886	NaN	NaN	NaN	NaN	NaN	NaN	NaN	NaN	0.14610031105963422	-0.25346357623131555	0.21820571564487803	0.3649696147733244	4.98253546871095e-14	-4.181045145967946e-15	0.3649696147733244	3.200679848316373	32.040188902706745	299.95981109729325	36.71776033921296	NaN	0.21908964858355037	0.21460086368258202	-36.27460423236762	-0.07994573783419383	NaN	0.09681197645943074	0	70.47308042397445	-10.694561841222482	24.191128003930537	60.23932919539472	91.868777896264	128.84726725122613	193.03668538850354	0.05364967892949335	1.0278838640643877	23.912822250511415	1.0246287460603636	NaN	1	NaN	1	NaN	1	-0.0003584738593901105	1.161060940527192	NaN	NaN	800009909	800009909	800009909	800009919	800009919	800119919	899999999	899999999	89999	89999	89	89	4	2	5	3	0	0	2	NaN	0	0	0	0	0	0	0	0	0	NaN	NaN	NaN	NaN	0	1	0	0	0	0	0	0	15074	0	0	0	18000	18000	18000	18000	6	NaN	0.09161079667210562	0.2764865091219059	0.06110442157115246	0.17552157217769676	NaN	NaN	7.754657050668927e-8	NaN	0.020700670347897954	NaN	NaN	-3.5847385939011053e-7	NaN	NaN	NaN	96273.22824414063	11.650224006525917	NaN	0	0	0	0	0.00028239083799417127	-1	0	2.1155529963970183	66.40537737719218	1.0001312196668652	-297.7787449306899	9.001080401976903	-273.1499938964844	092
DATA	2025-08-31T213000_AIU-0547.ghg	2025-08-31	22:00:00	243.916	0	18000	18000	0.06919075566396585	1	NaN	63.56129339150394	1	NaN	NaN	NaN	NaN	NaN	NaN	NaN	NaN	NaN	NaN	-0.011113147614992701	1	NaN	NaN	NaN	NaN	NaN	NaN	NaN	NaN	NaN	NaN	NaN	NaN	-1.601813743916329e-12	NaN	NaN	NaN	NaN	NaN	0	NaN	NaN	NaN	NaN	0	0.08909111260093676	2.246484413208661	2.246484413208661	-0.1	0	NaN	NaN	NaN	NaN	9	291.7433374549018	290.7926466513739	95879.20256119792	1.1486787098495446	1005.4939338174864	0.025215583772887358	NaN	NaN	NaN	NaN	NaN	NaN	NaN	NaN	0.32852205742179974	-0.2536476380687939	0.2539833948875308	0.486591647471542	-6.44318579378503e-14	-1.797950095304441e-14	0.486591647471542	1.9396259518459762	9.671266840861108	322.3287331591389	31.464095142385602	NaN	0.24542836320235717	0.21993616476302535	-19.6569859633117	-0.14753024728270314	NaN	0.2242280542858374	0	79.25470095327233	-12.02720663625227	27.20557415880473	67.74572634379366	103.3165071727735	144.90287033300052	217.0909045189421	0.0676858450704526	1.0222337564367678	62.258479779303016	1.0209258821741103	NaN	1	NaN	1	NaN	1	-0.009615634863850281	1.1557372729253976	NaN	NaN	800009909	800009909	800009909	800009909	800009919	800019919	899999999	899999999	89999	89999	89	89	5	2	1	8	0	0	1	NaN	0	0	0	0	0	0	0	0	0	NaN	NaN	NaN	NaN	0	0	0	0	0	0	0	0	14516	0	0	0	18000	18000	18000	18000	6	NaN	0.13200697815551987	0.2506945893618163	0.05717076200871454	0.1884093582882779	NaN	NaN	1.5769946215392788e-7	NaN	0.05390393691482212	NaN	NaN	-0.000009615634863850281	NaN	NaN	NaN	96271.1038687066	11.656604214138454	NaN	0	0	0	0	0.0002831570092045392	-1	0	2.1194264013899695	66.43866890483432	1.0000722099939983	-458.7538766903322	9.000606179873149	-273.1499938964844	066
DATA	2025-08-31T220000_AIU-0547.ghg	2025-08-31	22:30:00	243.937	0	18000	18000	0.11097017068529887	1	NaN	103.11929959710329	0	NaN	NaN	NaN	NaN	NaN	NaN	NaN	NaN	NaN	NaN	-0.023026372022815197	0	NaN	NaN	NaN	NaN	NaN	NaN	NaN	NaN	NaN	NaN	NaN	NaN	3.173860467306612e-13	NaN	NaN	NaN	NaN	NaN	0	NaN	NaN	NaN	NaN	0	0.08940965366778611	2.257144530799559	2.257144530799559	-0.2	0	NaN	NaN	NaN	NaN	9	291.9535467851427	291.11979273139104	95875.3135342882	1.1473413412647457	1005.5018938961679	0.0252449756620945	NaN	NaN	NaN	NaN	NaN	NaN	NaN	NaN	-0.026935552712625533	-0.30846656099714875	0.22092089454082847	0.3803724292033481	-1.3910847364985315e-14	3.5497961764839485e-15	0.3803724292033481	2.632805240456295	66.99045612320998	265.00954387679	35.50693880862293	NaN	0.3109974340360396	0.2574103780207668	-24.652259092782074	-0.11763627783910034	NaN	0.2874137978037508	0	75.86796167007493	-11.513255883903284	26.04301615760947	64.85079254280006	98.90155046691096	138.71083077822166	207.81410092854506	0.10805420108154028	1.0269861752210645	100.69870132431001	1.0240380287030466	NaN	1	NaN	1	NaN	1	-0.019846900164839386	1.1601999219811938	NaN	NaN	800009909	800009909	800009909	800009909	800109919	800109919	899999999	899999999	89999	89999	89	89	4	3	3	0	0	0	7	NaN	0	0	0	0	0	0	0	0	0	NaN	NaN	NaN	NaN	0	0	0	0	0	0	0	0	10950	0	0	0	18000	18000	18000	18000	6	NaN	0.1359549602756878	0.27647648275031667	0.10238931301552909	0.35577021379253054	NaN	NaN	4.0666033627425305e-8	NaN	0.08728675216947408	NaN	NaN	-0.000019846900164839386	NaN	NaN	NaN	96266.47943489584	11.670000076293945	NaN	0	0	0	0	0.00028318382300333015	-1	0	2.1301945571833185	66.54568929417928	1.0000989343987572	-297.53649492051534	9.000890166123709	-273.1499938964844	222
DATA	2025-08-31T223000_AIU-0547.ghg	2025-08-31	23:00:00	243.958	0	18000	18000	0.1543563938829484	1	NaN	143.14293066823066	0	NaN	NaN	NaN	NaN	NaN	NaN	NaN	NaN	NaN	NaN	0.004065769988435482	2	NaN	NaN	NaN	NaN	NaN	NaN	NaN	NaN	NaN	NaN	NaN	NaN	4.3953700145921664e-12	NaN	NaN	NaN	NaN	NaN	0	NaN	NaN	NaN	NaN	0	0.08958559714239896	2.262848658568426	2.262848658568426	-0.5	0	NaN	NaN	NaN	NaN	9	292.1503605058458	291.3428214669168	95895.23458920179	1.146701241676351	1005.50735708013	0.02525906764869314	NaN	NaN	NaN	NaN	NaN	NaN	NaN	NaN	-0.08811477710823948	-0.11137561950195625	0.21819860959975543	0.2603447249236081	1.929551868096454e-14	4.906335565978977e-14	0.2603447249236081	2.651626999601978	100.34926912699672	231.65073087300328	56.94151579050776	NaN	0.3668910947179165	0.3178208122560122	-29.163164712091838	-0.0994405109537917	NaN	0.3383741662380385	0	59.061446693205916	-8.962802396213654	20.273883424096912	50.48483631911656	76.99256078842151	107.98316123747462	161.77845264200647	0.1489272494092559	1.036455010719852	138.93313833710548	1.0303008510533362	NaN	1	NaN	1	NaN	1	0.003476617119019769	1.1694615337974936	NaN	NaN	800009909	800009909	800009909	800009919	800009919	800109919	899999999	899999999	89999	89999	89	89	8	2	2	0	0	0	10	NaN	0	0	0	0	0	0	0	0	0	NaN	NaN	NaN	NaN	0	19	0	0	0	0	0	0	13908	0	0	0	18000	18000	18000	18000	6	NaN	0.12090161852175309	0.24823756130788457	0.2665024446823867	0.19154393775305556	NaN	NaN	3.047538001759075e-8	NaN	0.1204953564276047	NaN	NaN	0.0000034766171190197687	NaN	NaN	NaN	96287.64090277778	11.66336547999912	NaN	0	0	0	0	0.0002829870654289456	-1	0	2.13654160265459	66.2971965486315	1.000113774922159	-273.1903688981798	9.001073555575477	-273.1499938964844	222
DATA	2025-08-31T230000_AIU-0547.ghg	2025-08-31	23:30:00	243.979	0	18000	18000	0.32856934505004903	1	NaN	38.19750267859477	1	NaN	NaN	NaN	NaN	NaN	NaN	NaN	NaN	NaN	NaN	-0.030693675391659056	1	NaN	NaN	NaN	NaN	NaN	NaN	NaN	NaN	NaN	NaN	NaN	NaN	2.578376048412432e-12	NaN	NaN	NaN	NaN	NaN	0	NaN	NaN	NaN	NaN	0	0.08982657879824145	2.269627369725372	2.269627369725372	-0.4	0	NaN	NaN	NaN	NaN	9	292.1520496131049	291.45952482683305	95904.40864872717	1.1463517489704027	1005.5102275646186	0.02526676847866107	NaN	NaN	NaN	NaN	NaN	NaN	NaN	NaN	-0.06625024197806269	0.09087874707175302	0.15570477972546012	0.192072954006641	3.805509082238028e-15	2.8703932431888515e-14	0.192072954006641	4.579754744923925	205.90810114997763	126.09189885002237	54.15991459054355	NaN	0.5353706665127426	0.6022963002456531	-339.58828008680194	-0.00853975290095033	NaN	0.06189791319984989	0	68.6635050175407	-10.419951791909561	23.569959324678205	58.6925313549108	89.50981359244668	125.53878627379044	188.07997800013615	0.3140169422662268	1.0463427313150657	36.83828763171446	1.03689680314321	NaN	1	NaN	1	NaN	1	-0.026023828759492718	1.1794450261460054	NaN	NaN	800009909	800009909	800009909	800009919	800019919	800119919	899999999	899999999	89999	89999	89	89	5	7	1	17	0	0	12	NaN	0	0	0	0	0	0	0	0	0	NaN	NaN	NaN	NaN	0	38	0	0	0	0	0	0	17203	0	0	0	18000	18000	18000	18000	6	NaN	0.2176323625065066	0.5975733887300306	0.38938684925476885	0.05600210521526839	NaN	NaN	4.3330782674959206e-8	NaN	0.03195913705693493	NaN	NaN	-0.00002602382875949272	NaN	NaN	NaN	96294.37629969617	11.65999984741211	NaN	0	0	0	0	0.00028336670156891663	-1	0	2.143530103693626	66.24904999347534	1.0001108274459838	-273.1499938964844	9.001045176823935	-273.1499938964844	015
