DATAH	filename	date	time	DOY	daytime	file_records	used_records	Tau	qc_Tau	rand_err_Tau	H	qc_H	rand_err_H	LE	qc_LE	rand_err_LE	co2_flux	qc_co2_flux	rand_err_co2_flux	h2o_flux	qc_h2o_flux	rand_err_h2o_flux	ch4_flux	qc_ch4_flux	rand_err_ch4_flux	none_flux	qc_none_flux	rand_err_none_flux	H_strg	LE_strg	co2_strg	h2o_strg	ch4_strg	none_strg	co2_v-adv	h2o_v-adv	ch4_v-adv	none_v-adv	co2_molar_density	co2_mole_fraction	co2_mixing_ratio	co2_time_lag	co2_def_timelag	h2o_molar_density	h2o_mole_fraction	h2o_mixing_ratio	h2o_time_lag	h2o_def_timelag	ch4_molar_density	ch4_mole_fraction	ch4_mixing_ratio	ch4_time_lag	ch4_def_timelag	none_molar_density	none_mole_fraction	none_mixing_ratio	none_time_lag	none_def_timelag	sonic_temperature	air_temperature	air_pressure	air_density	air_heat_capacity	air_molar_volume	ET	water_vapor_density	e	es	specific_humidity	RH	VPD	Tdew	u_unrot	v_unrot	w_unrot	u_rot	v_rot	w_rot	wind_speed	max_wind_speed	wind_dir	yaw	pitch	roll	u*	TKE	L	(z-d)/L	bowen_ratio	T*	model	x_peak	x_offset	x_10%	x_30%	x_50%	x_70%	x_90%	un_Tau	Tau_scf	un_H	H_scf	un_LE	LE_scf	un_co2_flux	co2_scf	un_h2o_flux	h2o_scf	un_ch4_flux	ch4_scf	un_none_flux	un_none_scf	spikes_hf	amplitude_resolution_hf	drop_out_hf	absolute_limits_hf	skewness_kurtosis_hf	skewness_kurtosis_sf	discontinuities_hf	discontinuities_sf	timelag_hf	timelag_sf	attack_angle_hf	non_steady_wind_hf	u_spikes	v_spikes	w_spikes	ts_spikes	co2_spikes	h2o_spikes	ch4_spikes	none_spikes	head_detect_LI-7200	t_out_LI-7200	t_in_LI-7200	aux_in_LI-7200	delta_p_LI-7200	chopper_LI-7200	detector_LI-7200	pll_LI-7200	sync_LI-7200	chopper_LI-7500	detector_LI-7500	pll_LI-7500	sync_LI-7500	not_ready_LI-7700	no_signal_LI-7700	re_unlocked_LI-7700	bad_temp_LI-7700	laser_temp_unregulated_LI-7700	block_temp_unregulated_LI-7700	motor_spinning_LI-7700	pump_on_LI-7700	top_heater_on_LI-7700	bottom_heater_on_LI-7700	calibrating_LI-7700	motor_failure_LI-7700	bad_aux_tc1_LI-7700	bad_aux_tc2_LI-7700	bad_aux_tc3_LI-7700	box_connected_LI-7700	mean_value_RSSI_LI-7200	mean_value_LI-7500	u_var	v_var	w_var	ts_var	co2_var	h2o_var	ch4_var	none_var	w/ts_cov	w/co2_cov	w/h2o_cov	w/ch4_cov	w/none_cov	co2_mean	h2o_mean	air_p_mean	vin_sf_mean	dew_point_mean	avg_signal_strength_7200_mean	co2_signal_strength_7200_mean	h2o_signal_strength_7200_mean	delta_signal_strength_7200_mean	flowrate_mean	hit_power_mean	hit_vin_mean	ch4_mean	rssi_77_mean	ch4_aux-1_mean	ch4_aux-2_mean	ch4_aux-3_mean	ch4_aux-4_mean	CHK
DATAU		[yyyy-mm-dd]	[HH:MM]	[ddd.ddd]	[1=daytime]	[#]	[#]	[kg+1m-1s-2]	[#]	[kg+1m-1s-2]	[W+1m-2]	[#]	[W+1m-2]	[W+1m-2]	[#]	[W+1m-2]	[µmol+1s-1m-2]	[#]	[µmol+1s-1m-2]	[mmol+1s-1m-2]	[#]	[mmol+1s-1m-2]	[µmol+1s-1m-2]	[#]	[µmol+1s-1m-2]	[µmol+1s-1m-2]	[#]	[µmol+1s-1m-2]	[W+1m-2]	[W+1m-2]	[µmol+1s-1m-2]	[mmol+1s-1m-2]	[µmol+1s-1m-2]	[µmol+1s-1m-2]	[µmol+1s-1m-2]	[mmol+1s-1m-2]	[µmol+1s-1m-2]	[µmol+1s-1m-2]	[mmol+1m-3]	[µmol+1mol_a-1]	[µmol+1mol_d-1]	[s]	[1=default]	[mmol+1m-3]	[mmol+1mol_a-1]	[mmol+1mol_d-1]	[s]	[1=default]	[mmol+1m-3]	[µmol+1mol_a-1]	[µmol+1mol_d-1]	[s]	[1=default]	[mmol+1m-3]	[µmol+1mol_a-1]	[µmol+1mol_d-1]	[s]	[1=default]	[K]	[K]	[Pa]	[kg+1m-3]	[J+1kg-1K-1]	[m+3mol-1]	[mm]	[kg+1m-3]	[Pa]	[Pa]	[kg+1kg-1]	[%]	[Pa]	[K]	[m+1s-1]	[m+1s-1]	[m+1s-1]	[m+1s-1]	[m+1s-1]	[m+1s-1]	[m+1s-1]	[m+1s-1]	[deg_from_north]	[deg]	[deg]	[deg]	[m+1s-1]	[m+2s-2]	[m]	[#]	[#]	[K]	[0=KJ/1=KM/2=HS]	[m]	[m]	[m]	[m]	[m]	[m]	[m]	[kg+1m-1s-2]	[#]	[W+1m-2]	[#]	[W+1m-2]	[#]	[µmol+1s-1m-2]	[#]	[mmol+1s-1m-2]	[#]	[µmol+1s-1m-2]	[#]	[µmol+1s-1m-2]	[#]	8u/v/w/ts/co2/h2o/ch4/none	8u/v/w/ts/co2/h2o/ch4/none	8u/v/w/ts/co2/h2o/ch4/none	8u/v/w/ts/co2/h2o/ch4/none	8u/v/w/ts/co2/h2o/ch4/none	8u/v/w/ts/co2/h2o/ch4/none	8u/v/w/ts/co2/h2o/ch4/none	8u/v/w/ts/co2/h2o/ch4/none	8co2/h2o/ch4/none	8co2/h2o/ch4/none	8aa	8U	[#]	[#]	[#]	[#]	[#]	[#]	[#]	[#]	[#_flagged_recs]	[#_flagged_recs]	[#_flagged_recs]	[#_flagged_recs]	[#_flagged_recs]	[#_flagged_recs]	[#_flagged_recs]	[#_flagged_recs]	[#_flagged_recs]	[#_flagged_recs]	[#_flagged_recs]	[#_flagged_recs]	[#_flagged_recs]	[#_flagged_recs]	[#_flagged_recs]	[#_flagged_recs]	[#_flagged_recs]	[#_flagged_recs]	[#_flagged_recs]	[#_flagged_recs]	[#_flagged_recs]	[#_flagged_recs]	[#_flagged_recs]	[#_flagged_recs]	[#_flagged_recs]	[#_flagged_recs]	[#_flagged_recs]	[#_flagged_recs]	[#_flagged_recs]	[#]	[#]	[m+2s-2]	[m+2s-2]	[m+2s-2]	[K+2]	--	--	--	--	[m+1s-1K+1]	--	--	--	--	--	--	--	--	--	--	--	--	--	--	--	--	--	--	--	--	--	--	207
DATA	2025-10-18T233000_AIU-0547.ghg	2025-10-19	00:00:00	292	0	18000	18000	0.061786172893781154	1	NaN	5.220184091495954	1	NaN	-4.03487402930281	1	NaN	1.7835959210599013	1	NaN	-0.09093486023936888	1	NaN	0.00744606591029061	1	NaN	NaN	NaN	NaN	NaN	NaN	NaN	NaN	NaN	NaN	2.147809306377354e-11	7.793879942773064e-13	1.1433433813348394e-13	NaN	17.40779696828933	443.432040416468	450.6840310075547	0	0	631.6868040201098	16.09107510393496	16.3542322838821	0.1	1	0.09266692991885875	2.2036277442784606	2.2396663842755977	0	1	NaN	NaN	NaN	NaN	9	290.31327794562446	289.1047914140489	95149.70020052083	1.1396176634409445	1014.2825650134426	0.02526142731664903	-0.005892578943511103	0.011478416271037704	1531.471662941614	1807.4962304958601	0.010072164234783748	84.72889940807661	276.024567554246	286.5023976122768	0.6164901459416929	0.30832209167044733	0.24400025138974815	0.7312036207060095	-4.4558543760423964e-14	1.2338202877077902e-15	0.7312036207060095	1.8187511891031345	305.4292226961566	26.570777303843382	19.493305764047147	NaN	0.23284454168349497	0.14021798079501135	-203.80198069604342	-0.014229498604948054	-1.293766311806754	0.019395528808862656	0	100.17041687640373	-15.20124722093593	34.38526260361678	85.62416573186738	130.58225530132881	183.1434697659386	274.3822908190548	0.06079588846282852	1.0162886743822834	4.931290439325424	1.0171061596081363	-3.7126268600738115	1.0867976183371664	1.641148168680069	1.0867976183371664	-0.08367230356881164	1.0867976183371664	0.005455272914894779	1.1506107261289658	NaN	NaN	800000009	800000009	800000009	800000009	800000019	800000019	899999999	899999999	89999	89999	89	89	2	0	0	9	10	0	2	NaN	0	0	0	0	0	0	0	0	0	NaN	NaN	NaN	NaN	0	0	0	0	0	0	0	0	17901	0	0	0	18000	18000	18000	18000	87	NaN	0.15127987034153928	0.10050306627560308	0.028653024972880387	0.014805195438733999	7.3605782090895095	0.007513763530914157	2.3750985331649106e-7	NaN	0.004266212165723438	0.04213593961761948	-0.0021482588824859898	0.000005455272914894778	NaN	443.4320077031454	16.091061480462972	95543.26251367187	11.411106513023377	13.347300285816193	88.21452779473199	87.80714741516114	88.62191036648221	-0.814764759507444	0.00028366994674757347	-1	0	2.1888535920911374	64.25460191811457	1.0001400704284509	-273.1499938964844	9.001031173335182	-273.1499938964844	138
DATA	2025-10-19T000000_AIU-0547.ghg	2025-10-19	00:30:00	292.02	0	18000	18000	0.04937953931898836	1	NaN	0.16125097077712186	2	NaN	-2.3086246104643813	2	NaN	-2.5836421149271773	2	NaN	-0.05201526846099884	2	NaN	0.029680873414010323	1	NaN	NaN	NaN	NaN	NaN	NaN	NaN	NaN	NaN	NaN	5.863846138857533e-10	2.1312070703151967e-11	3.1660734589780605e-12	NaN	17.2514538669625	439.1622559705777	446.2855507243283	0.1	1	627.0017934278578	15.961293710247658	16.220188909467367	0.1	1	0.09314598119318326	2.211959413810767	2.2478378133628527	0.2	0	NaN	NaN	NaN	NaN	9	290.0081471074422	288.810738559299	95131.5148780382	1.1406162514304907	1014.2037997928064	0.025240557595034577	-0.0033705893962727245	0.011395252125623697	1518.829350710275	1773.812736210269	0.009990434654365544	85.62512376335944	254.9833854999938	286.3753349871839	0.6239185672544818	0.22191755481134284	0.24691988059687342	0.7067469187284756	1.2425531693889597e-13	3.399044616226303e-14	0.7067469187284756	1.8823453248466895	312.4203652578771	19.579634742122895	20.449107311050327	NaN	0.2080672558534554	0.14374654329037787	-4706.882530956469	-0.0006161190513948733	-0.06984720254917759	0.0006699367623202427	0	96.04503180963921	-14.575204121216965	32.96915140746629	82.09784862468936	125.2043992156422	175.60095013980916	263.08222199208546	0.04856814967027383	1.016706208785449	0.029297466032536447	1.0173693269877475	-2.1238691426296303	1.086990042901607	-2.376877444093612	1.086990042901607	-0.04785257123620883	1.086990042901607	0.02751086740774736	1.1509378642174726	NaN	NaN	800000009	800000009	800000009	800000009	800000019	800011019	899999999	899999999	89999	89999	89	89	9	10	0	32	14	0	2	NaN	0	0	0	0	0	0	0	0	0	NaN	NaN	NaN	NaN	0	0	0	0	0	0	0	0	18000	0	0	0	18000	18000	18000	18000	87	NaN	0.12572511371626474	0.13635196859105667	0.025416004273434323	0.012824527109950343	5.514265113364982	0.008005232009865674	2.3841474681198898e-7	NaN	0.00002532592235009596	-0.060967086627722177	-0.001227422079824444	0.00002751086740774736	NaN	439.1622354458804	15.961279187270549	95525.23919900173	11.416111098395454	13.220374655140784	88.22537127346463	87.81503225284152	88.63571162520515	-0.8206757658885583	0.0002831715579991902	-1	0	2.1972286296155707	64.02006824500474	1.0001813439759943	-273.1499938964844	9.001230131043329	-273.1499938964844	047
DATA	2025-10-19T003000_AIU-0547.ghg	2025-10-19	01:00:00	292.041	0	18000	18000	0.029748433420679014	1	NaN	11.347999479305185	1	NaN	7.22617623352117	1	NaN	-0.6825254706983908	1	NaN	0.16277615855999844	1	NaN	0.00793260616174972	1	NaN	NaN	NaN	NaN	NaN	NaN	NaN	NaN	NaN	NaN	-1.7518973231593131e-10	-6.338380816505863e-12	-9.467117650015983e-13	NaN	17.270983851508817	437.9089270803887	444.9586678808072	0.1	1	624.8658028038502	15.843585728971355	16.09864600710529	0.1	1	0.09333106106863506	2.2139723835855394	2.2496143412583898	0.2	0	NaN	NaN	NaN	NaN	9	289.7852085689968	288.58271926693186	95111.550020422	1.1413290320722718	1014.1331144075887	0.02522592395424223	0.010547895074687898	0.011317778498249652	1507.3122086820492	1748.0737716276094	0.009916315260727534	86.22703647561795	240.76156294556017	286.2587687251019	0.7462082821579863	0.44221245030491935	0.2687555836147398	0.9080794102334852	5.765978051329737e-15	-1.0143587291966953e-14	0.9080794102334852	1.9313088604058624	301.3484825017013	30.65151749829869	17.215138608212392	NaN	0.1614457503750245	0.09711023480135102	-31.239862955971514	-0.09283011273407854	1.5704017052149217	0.06072770389242066	1	10.081384772915158	4	8	15	24	42	113	0.029340002612713148	1.0139206125288105	11.636824994927252	1.0156467902361508	6.653661464851507	1.0860450703261684	-0.6284504108963085	1.0860450703261684	0.14987974533240356	1.0860450703261684	0.0031696425297524067	1.1489488487483008	NaN	NaN	800000009	800000009	800000009	800000019	800000019	800010019	899999999	899999999	89999	89999	89	89	9	0	1	31	19	0	3	NaN	0	0	0	0	0	0	0	0	0	NaN	NaN	NaN	NaN	0	20	0	0	0	0	0	0	17901	0	0	0	18000	18000	18000	18000	87	NaN	0.08113971329893968	0.08457488322881235	0.028505873074950002	0.023749299362666128	9.740171351604477	0.014000753319777199	2.965348881803287e-7	NaN	0.01005376372373625	-0.01610852757103676	0.0038417382949652436	0.0000031696425297524068	NaN	437.9088033111014	15.843565920298799	95504.22252604166	11.430000305175781	13.103426983038572	88.22190517128838	87.80789044062297	88.63592629072402	-0.8280368747247587	0.000282142552288456	-1	0	2.1998574294845272	63.2016777872726	1.0001806841393313	-273.1499938964844	9.001224612077078	-273.1499938964844	152
DATA	2025-10-19T010000_AIU-0547.ghg	2025-10-19	01:30:00	292.062	0	18000	18000	0.030100759142152593	1	NaN	7.73895245350326	1	NaN	-2.75109557447883	2	NaN	-4.93808970393697	1	NaN	-0.06195291038126497	2	NaN	0.0020803136545391437	2	NaN	NaN	NaN	NaN	NaN	NaN	NaN	NaN	NaN	NaN	-1.0441232054819562e-10	-3.7390536628863854e-12	-5.63920362667338e-13	NaN	17.25626271999115	431.87818816637287	438.6624354022269	0.1	1	617.9547776752071	15.465758378953279	15.70870542144754	0.1	1	0.09319932628878286	2.2075306782543387	2.242208127387844	0	1	NaN	NaN	NaN	NaN	9	289.47737383948436	288.28059107971194	95063.45072916665	1.1421115241121502	1013.9143636027502	0.02521226418621229	-0.00401454859270597	0.01105386524214792	1470.62273284065	1714.4745631569708	0.009678446464097212	85.77687674366537	243.85183031632073	285.8821342132814	0.6371865195890106	0.24061449366631263	0.2552714688498861	0.7273689009828562	-1.3155872552016184e-14	-6.0506914065022525e-15	0.7273689009828562	1.6853000434777463	311.31245120119354	20.687548798806436	20.545546185629767	NaN	0.16234333653654726	0.10353892855788221	-46.55664438489807	-0.06228971263531816	-2.8130438379878293	0.0411659291041179	1	6.960971958539562	3	6	10	17	31	88	0.029616461242908426	1.0163523216116892	7.491714792564452	1.017146248023649	-2.531311244422679	1.0868262765159398	-4.543586965680569	1.0868262765159398	-0.057003508030619786	1.0868262765159398	-0.0004029547999615289	1.1506598795882335	NaN	NaN	800000009	800000009	800000009	800000009	800000019	800000019	899999999	899999999	89999	89999	89	89	3	0	0	16	17	6	3	NaN	0	0	13106	0	0	0	0	0	0	NaN	NaN	NaN	NaN	0	0	0	0	0	0	0	0	17406	17998	0	0	18000	18000	18000	18000	87	NaN	0.09390886387493472	0.08964007351355906	0.02352891972727066	0.01900129199089003	7.919323639382511	0.008913292679184774	8.205693324425683e-7	NaN	0.0064695108619813564	-0.11635410205862161	-0.001459770010168765	-4.029547999615289e-7	NaN	431.8781038491265	15.465743729416356	95458.80819010417	11.423610158920287	12.72744525148978	88.232403881073	87.8145996860928	88.65021448538039	-0.8356153854810527	0.00027830659689950853	-1	0	2.193285069526345	64.72062787765921	1.0001651887330745	-273.1499938964844	9.00119377210405	-273.1499938964844	164
DATA	2025-10-19T013000_AIU-0547.ghg	2025-10-19	02:00:00	292.083	0	18000	18000	0.031425584081369064	1	NaN	16.045468151416195	1	NaN	9.30062387714137	1	NaN	-4.171859411404403	1	NaN	0.2093879629050685	1	NaN	0.01500913836070657	0	NaN	NaN	NaN	NaN	NaN	NaN	NaN	NaN	NaN	NaN	-3.0809356582887564e-11	-1.0876767689782336e-12	-1.6470119984117663e-13	NaN	17.361107016535634	435.26426012086466	442.0570559227981	0.1	1	612.9070801861261	15.366332718642976	15.606141887338165	0.1	1	0.09280931097998596	2.1959251771088604	2.230195096996799	0	0	NaN	NaN	NaN	NaN	9	289.1978927146064	288.00185996924506	94766.76736462406	1.139692105599507	1013.8526025712863	0.025266742027523652	0.013568339996248438	0.01095912247145668	1456.6082929718411	1683.981432845457	0.009615862404953575	86.49788320472042	227.37313987361586	285.73608488645766	0.7672867138988247	0.48605612469503556	0.2659279208586079	0.9464127623671479	3.327448076538307e-14	-1.774619357713947e-15	0.9464127623671479	1.9759400911297185	299.64680771962924	32.353192280370784	16.319009627473385	NaN	0.16605345230169088	0.11682124218934337	-23.975765838139235	-0.12095546893383696	1.72520342327271	0.08362615389601086	1	10.15137377790653	4	8	15	23	40	107	0.031006304868694472	1.0135223856712419	16.401947413991877	1.0154091902305	8.56412453972894	1.0859982049532102	-3.841497520324305	1.0859982049532102	0.192806914366944	1.0859982049532102	0.008128593018365762	1.148716511403569	NaN	NaN	800000009	800000009	800000009	800000009	800000019	800000119	899999999	899999999	89999	89999	89	89	0	0	0	6	12	0	7	NaN	0	0	18000	0	0	0	0	0	0	NaN	NaN	NaN	NaN	0	0	0	0	0	0	0	0	17703	18000	0	0	18000	18000	18000	18000	87	NaN	0.08608480367191124	0.11563557823312264	0.031922102473652854	0.027023471579464445	4.817604381970145	0.009250743098739191	0.0000011269253209166818	NaN	0.014194923450035967	-0.0985773048314165	0.004947650199068854	0.000008128593018365763	NaN	435.2638180445182	15.366317731432483	95429.43530598958	11.420000076293945	12.624251299116327	88.21800327936808	87.79389925935533	88.64211021550497	-0.8482136948406696	0.0002790544934525516	-1	0	2.1817517618399807	64.5591234710481	1.00013744189673	-273.1499938964844	9.001072191556295	-273.1499938964844	088
DATA	2025-10-19T020000_AIU-0547.ghg	2025-10-19	02:30:00	292.104	0	18000	18000	0.032208971928021767	0	NaN	10.270847085436074	0	NaN	1.8597584363906972	0	NaN	1.6536467242514858	1	NaN	0.04185978094589238	0	NaN	0.011046824477225237	0	NaN	NaN	NaN	NaN	NaN	NaN	NaN	NaN	NaN	NaN	-1.630415438708478e-10	-5.6315370459657856e-12	-8.605330066377792e-13	NaN	17.51839438672028	438.83764349799867	445.59177806834515	0.1	1	605.0941657716611	15.157673239901069	15.390964449879274	0.1	1	0.09246205743127944	2.184685642054003	2.2183100611050177	-0.5	0	NaN	NaN	NaN	NaN	9	288.9526000798543	287.7642276289198	95025.58793815105	1.1438392398120723	1013.7311787757685	0.025177132185322745	0.0027125138052938257	0.010848784303647198	1440.7531745455985	1658.3615971123043	0.009484535873615951	86.87810770910119	217.6084225667057	285.5693552176481	0.6832789755626014	0.45756161483877517	0.26195586521717873	0.8630490514109765	-1.666801770645379e-14	-9.306877118512671e-15	0.8630490514109765	2.0730380471796073	298.19153471666283	33.80846528333716	17.66936985428026	NaN	0.16780540136065117	0.13055094673498044	-38.72762629096762	-0.0748819454673462	5.522678044880437	0.052785243870099294	1	8.76471695458039	4	7	13	21	37	105	0.03175071076774734	1.0144330992659205	10.26292348489669	1.0159567522426947	1.712253889389571	1.0861464225108068	1.5224896846125113	1.0861464225108068	0.03853972178919172	1.0861464225108068	0.006815719654847326	1.1492722273076685	NaN	NaN	800000009	800000009	800000009	800000009	800000019	800001119	899999999	899999999	89999	89999	89	89	4	1	1	35	13	0	4	NaN	0	0	18000	0	0	0	0	0	0	NaN	NaN	NaN	NaN	0	0	0	0	0	0	0	0	17802	603	0	0	18000	18000	18000	18000	87	NaN	0.1197930194942452	0.10910907283153909	0.03219980114417661	0.01725195866844046	2.8717343868321676	0.0030639885726251276	2.1547692691978534e-7	NaN	0.008850815666042958	0.03892205000873346	0.0009852578930171017	0.000006815719654847326	NaN	438.83723027269434	15.157664059307772	95421.31834309896	11.381109002272286	12.41487701124614	88.21290398873222	87.78339106580947	88.64241689554851	-0.8590280818343152	0.00027843546676255455	-1	0	2.1708424444331067	63.358576664606865	1.000149692280425	-273.1499938964844	9.001110169039832	-273.1499938964844	206
DATA	2025-10-19T023000_AIU-0547.ghg	2025-10-19	03:00:00	292.124	0	18000	18000	0.033821601520247734	1	NaN	8.909895847403382	1	NaN	3.5201585385826024	1	NaN	3.997069110040567	1	NaN	0.07922321447473009	1	NaN	-0.005539168924687894	1	NaN	NaN	NaN	NaN	NaN	NaN	NaN	NaN	NaN	NaN	-8.236576319500628e-11	-2.819024100947115e-12	-4.360217239182932e-13	NaN	17.580840032366865	440.19167861912103	446.9249873334842	0.1	1	601.7161723955574	15.065858712748547	15.296310769630086	0.1	1	0.09306813755486573	2.19773443193811	2.231351660798152	0	1	NaN	NaN	NaN	NaN	9	288.8289047181871	287.64402747005886	95012.98143836806	1.1442053671317816	1013.6772367554807	0.025169954759680313	0.005133664297962509	0.010786144879776968	1431.836126114658	1645.5333071676703	0.009426756061121233	87.01350011438949	213.69718105301217	285.4748745206322	0.49969535155223166	0.2510010089448364	0.23219867338784816	0.6054858997345037	2.526974328689697e-14	-4.684973132305873e-15	0.6054858997345037	1.4845348207159232	305.32925226824585	26.670747731754123	22.550120309433687	NaN	0.17192739936638482	0.09939962139828978	-48.00902690088617	-0.060405306818382326	2.5311064117558084	0.04468110024384392	1	4.53678336692448	2	4	7	11	21	60	0.03319823857276967	1.018776988607744	8.98554043770114	1.018688732380852	3.2351184447255705	1.0881080859100387	3.6734118253497035	1.0881080859100387	0.07280822144472143	1.0881080859100387	-0.008230289004494637	1.1526550976736318	NaN	NaN	800000009	800000009	800000009	800000009	800000019	800000019	899999999	899999999	89999	89999	89	89	1	0	0	27	4	0	1	NaN	0	0	18000	0	0	0	0	0	0	NaN	NaN	NaN	NaN	0	0	0	0	0	0	0	0	17567	0	0	0	18000	18000	18000	18000	87	NaN	0.08381529465315476	0.08616874616770759	0.028815201975717224	0.022954945920429726	3.3966996455549125	0.0035149022664324853	2.1004380419773463e-7	NaN	0.007747124375497803	0.0938742855507184	0.001860618981834702	-0.000008230289004494638	NaN	440.1914882824165	15.065849370854167	95409.93951236979	11.398333284589985	12.320528262880122	88.18012128490872	87.74330680380928	88.61693303171793	-0.8736284403039346	0.0002784568699814068	-1	0	2.183882553431723	62.07931953334807	1.0001791267361906	-273.1499938964844	9.001153666761187	-273.1499938964844	119
DATA	2025-10-19T030000_AIU-0547.ghg	2025-10-19	03:30:00	292.145	0	18000	18000	0.08038362282668025	1	NaN	8.590102639995244	1	NaN	0.8817372907290905	1	NaN	11.495664091032564	1	NaN	0.019839825547802642	1	NaN	-0.0122992380321225	1	NaN	NaN	NaN	NaN	NaN	NaN	NaN	NaN	NaN	NaN	2.392802099803726e-10	8.163881813176996e-12	1.2779284804946009e-12	NaN	17.485787582476952	437.7048771727715	444.3405856269155	0.1	0	596.5888413645625	14.933833795042109	15.160234213074068	0.1	1	0.09338668650181756	2.2029783503006857	2.236376018057576	0	1	NaN	NaN	NaN	NaN	9	288.6045087949965	287.42457305908204	94979.57995789932	1.1447339148646039	1013.5988180029767	0.02515959642559426	0.0012856206954976112	0.010696025685203515	1418.789734283352	1622.336816914471	0.009343678514555597	87.45346339250032	203.5470826311191	285.3357041809437	0.5585695729450492	0.3204142362527284	0.24991631588745908	0.6907412073708838	1.7699921090589736e-14	1.3684268372341587e-14	0.6907412073708838	2.0760580495603524	302.15997211639365	29.840027883606325	21.21132834633887	NaN	0.26499123726068713	0.18434127803839367	-182.27856954120676	-0.015909714495232596	9.742247186678773	0.02793805673537974	0	95.05627444333878	-14.42515637623054	32.629742999757944	81.25267369939007	123.91545412722729	173.7931863262241	260.3738623816381	0.07904033888700261	1.0169949162490057	8.531649062129492	1.0175518861376496	0.8110683567760751	1.087130675685485	10.574316729480591	1.087130675685485	0.018249715504801423	1.087130675685485	-0.014238860851861077	1.1511686196909239	NaN	NaN	800000009	800000009	800000009	800000009	800000019	800001019	899999999	899999999	89999	89999	89	89	0	0	0	19	27	0	6	NaN	0	0	18000	0	0	0	0	0	0	NaN	NaN	NaN	NaN	0	0	0	0	0	0	0	0	17740	0	0	0	18000	18000	18000	18000	87	NaN	0.1923583375942632	0.13401859388352041	0.042305624599003715	0.020006045232505376	10.227520532283581	0.0025855440279111313	0.000001354592745069589	NaN	0.007352962275300393	0.2700799524086251	0.00046611827705768193	-0.000014238860851861076	NaN	437.70454653605276	14.933825485652937	95375.30385199652	11.4399995803833	12.181325105243255	88.16069490983752	87.71808555645413	88.60330700005426	-0.8852218273397938	0.00027833972564096453	-1	0	2.1892014937996866	61.05115600935623	1.0001365827802156	-306.5704015498721	9.000935310628678	-273.1499938964844	087
DATA	2025-10-19T033000_AIU-0547.ghg	2025-10-19	04:00:00	292.166	0	18000	18000	0.04881719240378429	1	NaN	8.66562477799563	1	NaN	2.6670441635371858	1	NaN	9.785882057386527	1	NaN	0.06000253566650472	1	NaN	-0.025756615279691187	2	NaN	NaN	NaN	NaN	NaN	NaN	NaN	NaN	NaN	NaN	-1.4940472180994827e-10	-5.067566337880731e-12	-8.065126528352446e-13	NaN	17.441157414299965	436.51967272689365	443.0799322593528	0.2	0	591.5758293022054	14.806040749819365	15.028554134749328	0.1	1	0.09415039875792955	2.2195068013999366	2.2528627795172196	0	1	NaN	NaN	NaN	NaN	9	288.4406096844143	287.2826058391995	94936.40464713542	1.1448346194623629	1013.5242050509672	0.02515860584593113	0.003888164311189506	0.01060491429918763	1406.0093218249829	1607.4842265468862	0.009263271846345726	87.46644592869808	201.47490472190339	285.198274917092	0.49125003838781034	0.2814840150230605	0.23574451330325027	0.6132987253224312	-1.8485392600718922e-14	-8.566216006252639e-15	0.6132987253224312	1.792097351310384	302.1874893585903	29.81251064140969	22.60573591109038	NaN	0.20649760656815203	0.1493988176375507	-85.47374991057424	-0.03392854534911696	3.2491493378582774	0.03616662465275507	0	82.12352093817813	-12.46256113694006	28.19034722474099	70.1979505183776	107.05630376506228	150.14798822861428	224.94904691219153	0.047926040238466444	1.0185943207676604	8.696881153345055	1.018571404598427	2.451326203813557	1.088000511473354	8.994372662688027	1.088000511473354	0.055149363473414356	1.088000511473354	-0.02685838793953753	1.1524984767264417	NaN	NaN	800000009	800000009	800000009	800000009	800001019	800001019	899999999	899999999	89999	89999	89	89	0	3	0	7	28	0	5	NaN	0	0	18000	0	0	0	0	0	0	NaN	NaN	NaN	NaN	0	0	0	0	0	0	0	0	17207	0	0	0	18000	18000	18000	18000	87	NaN	0.12169583278861329	0.14007227245600828	0.0370295300304798	0.027732433666415892	9.091417556281058	0.0008094587350400362	9.489932857297512e-7	NaN	0.0074952592042843	0.229687552127252	0.0014083386104438967	-0.00002685838793953753	NaN	436.5186757294255	14.80603372407586	95333.07026801215	11.433610043525697	12.043963879638243	88.14243117777508	87.69327285893758	88.59158630625407	-0.8983122596939416	0.00027847112430350133	-1	0	2.205709895147216	61.11300991408031	1.0001426921685537	-293.13561973571507	9.000972283946144	-273.1499938964844	079
DATA	2025-10-19T040000_AIU-0547.ghg	2025-10-19	04:30:00	292.187	0	18000	18000	0.11923990149204482	1	NaN	51.13197375087668	1	NaN	2.283116660418643	2	NaN	-4.5741684953506825	1	NaN	0.051370690075558535	2	NaN	-0.0029899163237727612	1	NaN	NaN	NaN	NaN	NaN	NaN	NaN	NaN	NaN	NaN	-1.8765316274264293e-10	-6.385965259640677e-12	-1.0166677520348866e-12	NaN	17.384993995378792	435.1240180315862	441.6639873098348	0.1	1	591.6232163153528	14.807567440767336	15.030127060864388	0.1	1	0.09418846187347148	2.2215937795418523	2.2549846163259923	0.7	0	NaN	NaN	NaN	NaN	9	288.55688648986813	287.3973907521566	94925.25704969619	1.1442423398543944	1013.5271339891957	0.02517161376199905	0.0033288207168961927	0.01060052694187309	1405.9891861739798	1619.4837138670696	0.009264232385616857	86.81712413252377	213.49452769308982	285.198057530209	0.6471904234320437	0.49009155537400734	0.26773011623328563	0.8548243047371881	-2.674776442893011e-14	-1.0793973399848405e-14	0.8548243047371881	3.412963040351199	294.8648020246466	37.135197975353364	18.252123170078534	NaN	0.3228135809348291	0.3695170601988181	-55.33692164246647	-0.05240624006403876	22.395690346152037	0.13658008104978972	0	95.72772923227825	-14.52705223094126	32.86023170055498	81.82662315395356	124.79076325947119	175.02081982992672	262.2130810742982	0.11753185311360174	1.0145326422854248	50.69251990171474	1.0160172502440377	2.1019874464817736	1.0861704546523514	-4.211280536823963	1.0861704546523514	0.04729523792101366	1.0861704546523514	-0.01968978664658092	1.1493382291601102	NaN	NaN	800000009	800000009	800000009	800000009	800010019	811011119	899999999	899999999	89999	89999	89	89	3	0	2	43	10	0	8	NaN	0	0	18000	0	0	0	0	0	0	NaN	NaN	NaN	NaN	0	0	0	0	0	0	0	0	16407	0	0	0	18000	18000	18000	18000	87	NaN	0.4595087137560545	0.21783803590794013	0.061687370733641514	0.24161798504785115	23.867307947022656	0.005427141009093054	7.165425691497166e-7	NaN	0.043710974272233305	-0.10759842543557835	0.0012083956617005701	-0.00001968978664658092	NaN	435.122935719567	14.807556108737211	95321.3426436632	11.430000305175781	12.043542028533098	88.06280705006917	87.60207890786064	88.52353755357531	-0.921460889736813	0.0002783333272252801	-1	0	2.2078270679314937	59.977071533415064	1.0001827939202388	-273.1499938964844	9.001137272543378	-273.1499938964844	138
DATA	2025-10-19T043000_AIU-0547.ghg	2025-10-19	05:00:00	292.208	0	18000	18000	0.05860920813106175	0	NaN	21.58000194668519	0	NaN	2.7438316713420927	1	NaN	-5.727496701043584	0	NaN	0.061755964563143126	1	NaN	0.007034578243910787	2	NaN	NaN	NaN	NaN	NaN	NaN	NaN	NaN	NaN	NaN	4.570315303956911e-11	1.5712757995021222e-12	2.47277092398482e-13	NaN	17.3763007470049	435.24825609441666	441.86018489674683	0.1	1	597.3977512011251	14.963848358220554	15.191166672695218	0.1	1	0.09401454472169285	2.2209179123667124	2.254656246539849	0	1	NaN	NaN	NaN	NaN	9	288.86346114688456	287.71878825971817	94917.48985850695	1.1428027192339512	1013.6209839986353	0.025201825387051218	0.0040017865036916745	0.010699564332899463	1420.7119135207706	1653.5018207635544	0.009362564642890984	85.92140000575954	232.78990724278378	285.3562792779873	0.1821707501332056	0.4701618932220885	0.2272059727027736	0.5530469619065692	9.443214221813739e-15	2.6302003921891615e-15	0.5530469619065692	2.6743265602051682	263.17955000546476	68.82044999453521	24.256722207397946	NaN	0.2264630198609368	0.22679445170191942	-45.26698753978567	-0.06406434705758048	7.864914663708122	0.08226352732438623	0	73.0903189467566	-11.091737884425518	25.089541295084217	62.47650532006866	95.28061264372344	133.6324139962859	200.20570718050536	0.05745269783960291	1.0201297821503108	21.420873467005716	1.019560410706751	2.519717774828409	1.0889440471280343	-5.259679518106742	1.0889440471280343	0.056711788568032884	1.0889440471280343	-0.0007201572452756643	1.1538371064204966	NaN	NaN	800000009	800000009	800000009	800000009	800000019	800100019	899999999	899999999	89999	89999	89	89	2	1	0	19	13	0	3	NaN	0	0	18000	0	0	0	0	0	0	NaN	NaN	NaN	NaN	0	0	0	0	0	0	0	0	17504	0	0	0	18000	18000	18000	18000	87	NaN	0.20010437494173924	0.19388648482976675	0.05959804363233282	0.1026274796535335	20.2755299383258	0.004737336114742525	5.777384188307416e-7	NaN	0.01849227392570491	-0.13456771584147578	0.001450958337406828	-7.201572452756642e-7	NaN	435.24856046435764	14.96383811852767	95316.81358224826	11.391138120015462	12.202359148184454	88.1331046778361	87.69296717283459	88.5732413503859	-0.8802723638580852	0.00027825147035117774	-1	0	2.207018439672612	60.37565220393078	1.0001678374624914	-273.1499938964844	9.001009060170915	-273.1499938964844	024
DATA	2025-10-19T050000_AIU-0547.ghg	2025-10-19	05:30:00	292.229	0	18000	18000	0.02590889266483436	0	NaN	4.271621921746336	0	NaN	-2.017192539737227	1	NaN	2.3745223533699265	0	NaN	-0.04538188406844044	1	NaN	0.01570977780361436	0	NaN	NaN	NaN	NaN	NaN	NaN	NaN	NaN	NaN	NaN	-8.459708277828503e-11	-2.857990983009263e-12	-4.58476526673955e-13	NaN	17.448615442215605	436.9171198005923	443.4629061771295	0.2	0	589.476421196983	14.760617597005332	14.981757591748158	0.1	1	0.09456331519353509	2.229139744245926	2.26253617553235	0.2	0	NaN	NaN	NaN	NaN	9	288.4115674802992	287.27247391255696	94911.01380121527	1.1445885686194002	1013.4984052014514	0.025164448807925566	-0.0029407460876349403	0.010569924884332636	1401.32096917827	1606.4288069626105	0.00923469373548091	87.23206176984883	205.10783778434052	285.1475848033036	0.506193950839704	0.5869538472423342	0.18298624586700193	0.7963862761473046	-2.107916191270476e-14	-4.848355049054997e-15	0.7963862761473046	1.9131879236914346	282.77476141641495	49.225238583585046	13.283573293022569	NaN	0.15045260920346792	0.12741871545974776	-67.05133634898748	-0.043250442987536254	-2.117607435878573	0.02447488213326077	1	9.216561925329854	4	8	14	23	42	124	0.02551854579709106	1.0152965953015942	4.109476563350565	1.0164870728897746	-1.8567648919408513	1.0864017024948607	2.185676207904469	1.0864017024948607	-0.04177265551427569	1.0864017024948607	0.013314960515379106	1.1498675052442504	NaN	NaN	800000009	800000009	800000009	800000009	800010019	800011019	899999999	899999999	89999	89999	89	89	0	3	3	36	33	4	6	NaN	0	0	18000	0	0	0	0	0	0	NaN	NaN	NaN	NaN	0	0	0	0	0	0	0	0	17802	0	0	0	18000	18000	18000	18000	87	NaN	0.11552242704486444	0.10378943673591685	0.03552556713871422	0.02945517136988161	7.133099384088451	0.0017093400743820827	3.2205212572230013e-7	NaN	0.0035425340573946897	0.055825578089468086	-0.0010669387505720484	0.000013314960515379107	NaN	436.91766346824323	14.760609488876943	95306.85572439236	11.396111302905615	11.993254459222157	88.24380975341796	87.81999496777851	88.66762547747294	-0.8476248182687499	0.0002780077483071687	-1	0	2.215376345290078	59.87195553451107	1.0001721146702767	-273.1499938964844	9.001055091434054	-273.1499938964844	233
DATA	2025-10-19T053000_AIU-0547.ghg	2025-10-19	06:00:00	292.249	0	18000	18000	0.03846472762389824	1	NaN	5.035994477211382	1	NaN	-0.4600475549641235	1	NaN	2.24382838938551	1	NaN	-0.010349026396042089	1	NaN	-0.002137816715280464	1	NaN	NaN	NaN	NaN	NaN	NaN	NaN	NaN	NaN	NaN	-1.2521467555708856e-10	-4.2249569688807404e-12	-6.781083774491322e-13	NaN	17.43921982272495	436.5577728890457	443.08449825656083	0.2	0	588.429055891874	14.73020471985892	14.950427578743234	0.1	1	0.09444325120321165	2.2253682212875416	2.2586384277159377	-0.7	0	NaN	NaN	NaN	NaN	9	288.31469669511586	287.1804419945611	94895.90193055556	1.144786309055871	1013.4795877701719	0.025160393085151667	-0.0006706169104635273	0.010549846844661837	1398.2110172391967	1596.8698935758684	0.009215559935690107	87.55948263938929	198.6588763366717	285.1138778392782	0.46772291497613705	0.4671897677310438	0.20076182190213615	0.6908952984351454	1.3729118826025198e-14	-7.180061770534138e-15	0.6908952984351454	1.7375169143114964	287.03267372906214	44.967326270937846	16.892810026365975	NaN	0.1833028077276952	0.1265849254930243	-102.84205880180322	-0.028198579781340896	-10.946682408961202	0.02367972720274677	1	5.103512725605832	2	4	8	13	25	77	0.03782205228449745	1.0169920800322148	4.946822678297091	1.0175500871748488	-0.42317627719697753	1.0871298315949391	2.063993024727844	1.0871298315949391	-0.009519586433258783	1.0871298315949391	-0.0036044176645127182	1.1511663350134747	NaN	NaN	800000009	800000009	800000009	800000009	800000019	800011019	899999999	899999999	89999	89999	89	89	1	2	0	29	7	0	4	NaN	0	0	18000	0	0	0	0	0	0	NaN	NaN	NaN	NaN	0	0	0	0	0	0	0	0	17304	0	0	0	18000	18000	18000	18000	87	NaN	0.15181736062510662	0.07230486153030394	0.029047628830638026	0.022791447455227196	3.085049579279025	0.0014736273700140406	1.697267503916927e-7	NaN	0.0042637026566376204	0.05270747599778975	-0.00024309838620023094	-0.0000036044176645127182	NaN	436.55762079660474	14.730197390898564	95292.98066753472	11.40999984741211	11.959826698674096	88.20007561323379	87.76818940395779	88.63196573426987	-0.8637823843757306	0.0002782023730849485	-1	0	2.211651939749718	59.80760722382861	1.0001788769265016	-273.1499938964844	9.001087863789664	-273.1499938964844	047
DATA	2025-10-19T060000_AIU-0547.ghg	2025-10-19	06:30:00	292.27	0	18000	18000	0.0852673132672879	1	NaN	-9.530768720476654	1	NaN	0.8154442214363432	1	NaN	11.593755788064277	1	NaN	0.018343243777554027	1	NaN	-0.01680597045240237	1	NaN	NaN	NaN	NaN	NaN	NaN	NaN	NaN	NaN	NaN	6.392634037014405e-11	2.14316956040358e-12	3.471538781135474e-13	NaN	17.425431101633862	436.0211830374528	442.4894388587657	0.1	1	584.1982084019518	14.61787616444656	14.834728386940052	0.1	1	0.09462931789472291	2.229277182158302	2.2623479036548235	-0.7	0	NaN	NaN	NaN	NaN	9	288.25403512742787	287.14475557793514	94899.17922417534	1.1450170288678747	1013.415734245937	0.025156397741180763	0.0011886421967855008	0.010471059318855504	1387.596558280351	1593.1767826803546	0.009144893966519144	87.09620761268336	205.58022440000354	284.9983348082329	0.10717841359833202	0.2525907013524985	0.1790481917297579	0.32763932870291096	-3.921335057420774e-15	3.6685657873996655e-15	0.32763932870291096	1.5206581723254702	264.9923157318434	67.00768426815658	33.12582875148841	NaN	0.27288855181326943	0.16335897633942276	179.29928987772269	0.01617407409687859	-11.687824218913377	-0.030098373401960307	0	81.18882296348859	-12.320717113193057	27.86949565681326	69.39898474794651	105.8378305534439	148.43906222425258	222.3887643505677	0.08388929991347449	1.0164265687666332	-9.370661734709572	1.016966784983533	0.7418717921131963	1.0991713529282172	10.547723753151182	1.0991713529282172	0.016688247677386435	1.0991713529282172	-0.012195292969621465	1.1810522214076262	NaN	NaN	800000009	800000009	800000009	800000009	800000019	800001019	899999999	899999999	89999	89999	89	89	0	0	0	17	24	0	1	NaN	0	0	18000	0	0	0	0	0	0	NaN	NaN	NaN	NaN	0	0	0	0	0	0	0	0	17703	0	0	0	18000	18000	18000	18000	87	NaN	0.1416067441697787	0.11856595592592799	0.0665452525831388	0.035816991498320606	11.703130107054488	0.002815173092792806	9.434192318962378e-7	NaN	-0.008075523260364492	0.2692800929218782	0.00042604575076469835	-0.000012195292969621464	NaN	436.02117043425307	14.617867757389357	95295.86342556424	11.435559823036199	11.844175362269084	88.20325230577257	87.76968523788452	88.63681878026327	-0.8671309511959563	0.0002779580460628494	-1	0	2.2156664835810664	60.49359099727205	1.000175515409973	-273.1499938964844	9.001118404070537	-273.1499938964844	085
DATA	2025-10-19T063000_AIU-0547.ghg	2025-10-19	07:00:00	292.291	1	18000	18000	0.0930881126330949	1	NaN	16.98475519557111	1	NaN	-2.117659873370531	2	NaN	1.7208531868087769	2	NaN	-0.04762587369433405	2	NaN	-0.0010009010890013183	1	NaN	NaN	NaN	NaN	NaN	NaN	NaN	NaN	NaN	NaN	-1.7863492428629823e-10	-5.9404903879326664e-12	-9.756911004412725e-13	NaN	17.310453471619947	432.9431827116275	439.2675333168259	0.2	0	575.6577716802127	14.39749156384125	14.607807346884234	0.1	1	0.09454845106208493	2.2248852783684665	2.257385973883792	0	1	NaN	NaN	NaN	NaN	9	288.00521730889216	286.91672396850583	94875.15249348959	1.1457329226552802	1013.2875862067646	0.025142785865222693	-0.003086156615392846	0.010318777076510592	1366.3306130819487	1569.7549304789652	0.009006267405318536	87.04101427253059	203.42431739701647	284.7644858449481	0.18346483081060627	0.40577425330164457	0.17776462065088275	0.47949176128690296	-2.4738959863510493e-14	-1.031948265128731e-14	0.47949176128690296	2.2240795598656007	266.32940122048524	65.67059877951476	21.760984977624226	NaN	0.2850397419413096	0.2179275914671659	-114.63321154106774	-0.025298078637193768	-8.020530307606794	0.051326040304907734	0	85.93382891775362	-13.040790073102908	29.49830265273944	73.45494447034628	112.02342504578466	157.11444645067925	235.38607078374062	0.09104055431352141	1.022490617890157	16.592979625869596	1.0210931884328183	-1.9418600278188562	1.0905316773779712	1.5779946814074437	1.0905316773779712	-0.04367215981184858	1.0905316773779712	-0.006335865194023596	1.1559730269979698	NaN	NaN	800000009	800000009	800000009	800000009	800000019	800001019	899999999	899999999	89999	89999	89	89	3	0	1	3	13	0	3	NaN	0	0	18000	0	0	0	0	0	0	NaN	NaN	NaN	NaN	0	0	0	0	0	0	0	0	17703	0	0	0	18000	18000	18000	18000	87	NaN	0.23667567586173163	0.13618720459198294	0.06299230248061721	0.07056525872237723	10.35216664677773	0.007616470420857892	4.2803331320514985e-7	NaN	0.014292502111875466	0.04025490752603141	-0.00111408408114533	-0.000006335865194023596	NaN	432.9429275329571	14.397478529582909	95271.41173828125	11.449999809265137	11.61012788136801	88.23741528786553	87.8067616979811	88.66806981574165	-0.8613100822899085	0.0002783990309754801	-1	0	2.2114537594053485	60.390435090382844	1.0001771840287579	-273.1499938964844	9.001169817500644	-273.1499938964844	008
DATA	2025-10-19T070000_AIU-0547.ghg	2025-10-19	07:30:00	292.312	1	18000	18000	0.18659796106338336	1	NaN	-22.390119800400473	1	NaN	-20.445240026240537	1	NaN	1.9402414214002655	2	NaN	-0.4598582592386251	1	NaN	-0.022607775695267698	2	NaN	NaN	NaN	NaN	NaN	NaN	NaN	NaN	NaN	NaN	-1.3856855683922202e-10	-4.61095777507424e-12	-7.584201695022458e-13	NaN	17.160492760560974	429.1208439224083	435.3371413056206	0.1	0	571.0264241996999	14.279271841058723	14.486123131171773	0.1	1	0.09392364418796371	2.2111844307459063	2.2432159206754214	0	1	NaN	NaN	NaN	NaN	9	288.07556610955135	287.0246673397488	94864.3911046007	1.1452236030124507	1013.2230762096913	0.025155098309031794	-0.029798815198662905	0.010229039052979817	1354.9577842350225	1580.8041551315296	0.008931914279510888	85.71319728864734	225.8463708965071	284.63810775273487	0.11277057072110848	0.27019286950719473	0.18264504617763466	0.34508057210821264	2.2137095196377106e-14	-8.074858850072569e-15	0.34508057210821264	2.5925748484131956	264.65422435875337	67.34577564124665	31.95697697305041	NaN	0.4036531090176058	0.31937184529995183	246.93274660553564	0.011744088379791216	1.0951262871780312	-0.047802735851897524	0	84.73557152925133	-12.858949891491095	29.086979666820223	72.43069207705587	110.46137551957402	154.92364977990414	232.10385815549742	0.1836686882844156	1.0159486780590044	-23.255561470934634	1.0165514905098418	-18.630394498046265	1.097413156140338	1.7680136332830203	1.097413156140338	-0.4190384056046601	1.097413156140338	-0.012042161749264013	1.1779041650813664	NaN	NaN	800000009	800000009	800000009	800000009	800000019	800100019	899999999	899999999	89999	89999	89	89	6	0	2	0	0	0	4	NaN	0	0	18000	0	0	0	0	0	0	NaN	NaN	NaN	NaN	0	0	0	0	0	0	0	0	16410	0	0	0	18000	18000	18000	18000	87	NaN	0.3188079772920177	0.1890960994052175	0.13083961390266852	0.11749549954873555	25.727802137456507	0.013734475460917661	3.4925374586239417e-7	NaN	-0.02004155739678788	0.04511899598342995	-0.010693691374014998	-0.000012042161749264013	NaN	429.120799118628	14.279253274932532	95261.17500759549	11.401382957140605	11.483547225846173	88.27541633860271	87.84834732098048	88.70248808500502	-0.8541447061796988	0.0002779314207404645	-1	0	2.1979872556063866	60.71235141595203	1.0001833378142782	-273.1499938964844	9.001160897625818	-273.1499938964844	079
DATA	2025-10-19T073000_AIU-0547.ghg	2025-10-19	08:00:00	292.333	1	18000	18000	0.09743612582826629	1	NaN	-13.153723133627734	1	NaN	-12.446937535408415	1	NaN	10.77590574697004	1	NaN	-0.28000604289556225	1	NaN	0.006083470124530551	0	NaN	NaN	NaN	NaN	NaN	NaN	NaN	NaN	NaN	NaN	1.405935375709516e-10	4.670741521401313e-12	7.749429031995074e-13	NaN	16.963764392486546	424.234128849433	430.29864359453023	0	0	563.563305086269	14.093734282861957	14.295207133723125	0.1	1	0.09350322251384953	2.202880202329013	2.2343708311120847	-0.7	0	NaN	NaN	NaN	NaN	9	288.22510200839577	287.19991809675423	94866.30214713541	1.1446285727951155	1013.1220833294294	0.02516995039348138	-0.01814439157963243	0.010090170705875366	1337.3790964429145	1598.888604116756	0.008815235741700702	83.644294730695	261.5095076738414	284.4409191276144	0.08532473694372103	0.34296174675814695	0.19591513661732543	0.40408639079994196	3.8949251076107145e-14	8.28787374771735e-15	0.40408639079994196	3.2439357046918778	255.9708624829679	76.02913751703211	29.001648250315316	NaN	0.2917613181428653	0.335207319608716	158.72240269194072	0.018270892771378455	1.0567838953323814	-0.03887716781781992	0	74.7961468689029	-11.35060385273746	25.675096820244455	63.934621371398656	97.50433162359637	136.75121148388112	204.8782341362344	0.09607749890102643	1.0141409481177215	-13.691663977202673	1.0160024979697206	-11.32283865370486	1.0992771261768135	9.802719887793595	1.0992771261768135	-0.2547183382859952	1.0992771261768135	0.010465246183293106	1.1817541155971016	NaN	NaN	800000009	800000009	800000009	800000009	800000019	800110119	899999999	899999999	89999	89999	89	89	15	17	1	8	4	0	5	NaN	0	0	15720	0	0	0	0	0	0	NaN	NaN	NaN	NaN	0	0	0	0	0	0	0	0	17405	0	0	0	18000	18000	18000	18000	87	NaN	0.26619023411134995	0.3108464372526034	0.09337796785347861	0.07283370698584113	13.308748377251924	0.013984809859587555	1.3529645173284617e-7	NaN	-0.01180673640544281	0.2502620461914874	-0.006502922991946955	0.000010465246183293105	NaN	424.2339829576278	14.093716063627408	95266.24080664062	11.412221829096476	11.286828471607631	88.3900694372389	87.98384642622206	88.79629475063747	-0.8124488726192053	0.00027822167444456784	-1	0	2.1899047815402346	61.70937216303085	1.0001779879348145	-273.1499938964844	9.001108769575755	-273.1499938964844	017
DATA	2025-10-19T080000_AIU-0547.ghg	2025-10-19	08:30:00	292.354	1	18000	18000	0.20375562811501566	1	NaN	9.6824571346628	0	NaN	8.186102842198009	1	NaN	1.4653394222651863	0	NaN	0.18420871492800447	1	NaN	0.0023290037105184844	0	NaN	NaN	NaN	NaN	NaN	NaN	NaN	NaN	NaN	NaN	1.6072115558448436e-10	5.311747544149861e-12	8.937161077125652e-13	NaN	16.77877833294385	425.56001555900616	431.6306980665901	0.2	0	554.5295781363413	14.064529086500343	14.265161870552362	0.1	1	0.09330112398307151	2.201199629954902	2.2326000989856083	0	1	NaN	NaN	NaN	NaN	9	288.4245041571723	287.5068437423706	94859.81182725694	1.143341100814695	1013.1114143237241	0.02519857306091802	0.01193672472733469	0.010057824221573412	1334.5164565009534	1630.9990132595615	0.008796871042601937	81.82202721471388	296.4825567586081	284.4085917078109	-0.8028131896203764	0.4016582216611411	0.14670827621605517	0.909594229734739	-1.0731959178672467e-14	9.57883538331993e-15	0.909594229734739	4.375515379575703	178.57941601230186	153.42058398769814	9.281769055491194	NaN	0.42215010235847766	0.5119223203720957	-653.1274468339542	-0.00444017475311717	1.1827920222002748	0.019800933256462767	0	82.21290151626351	-12.476124984496995	28.22102868484633	70.27435169219557	107.1728203757591	150.31140443182764	225.19387416293623	0.20096140775733554	1.0139042634546738	10.033888958721166	1.0156369558076423	7.537554019349131	1.0860423449283458	1.3492470428138468	1.0860423449283458	0.16961467090876467	1.0860423449283458	-0.0015256642296378239	1.148939018715824	NaN	NaN	800000009	800000009	800000009	800000009	800000019	800001119	899999999	899999999	89999	89999	89	89	8	26	3	22	24	0	9	NaN	0	0	0	0	0	0	0	0	0	NaN	NaN	NaN	NaN	0	0	0	0	0	0	0	0	18000	0	0	0	18000	18000	18000	18000	87	NaN	0.4909489278325659	0.3785584066901314	0.15433730622149422	0.00871817563849064	2.5045287689736457	0.0042767115918488285	2.512089247287842e-8	NaN	0.008662360751754796	0.0344842348063613	0.004335034246970383	-0.0000015256642296378239	NaN	425.5596177988893	14.064519631795747	95258.32981141494	11.4399995803833	11.254607486036084	88.43969042311774	88.04884947543674	88.8305283495585	-0.7816744080616369	0.000281819679919863	-1	0	2.188279821691248	63.14692203532325	1.0001749172094796	-273.1499938964844	9.001081630733278	-273.1499938964844	039
DATA	2025-10-19T083000_AIU-0547.ghg	2025-10-19	09:00:00	292.374	1	18000	18000	0.0932496346334462	1	NaN	7.4536522199032245	0	NaN	4.398735655177782	1	NaN	2.139390378518065	0	NaN	0.09899956202395317	1	NaN	0.004867790871571689	2	NaN	NaN	NaN	NaN	NaN	NaN	NaN	NaN	NaN	NaN	6.88416151529649e-11	2.267263657147857e-12	3.8433475439577546e-13	NaN	16.66810915479395	423.5652550261223	429.5575426729981	0.1	1	548.95571575517	13.94990671002481	14.147259662519453	0.1	1	0.0930561205459138	2.197055333900532	2.228137646202146	0	1	NaN	NaN	NaN	NaN	9	288.5517768851386	287.68037646993	94862.99620659722	1.1427395712837112	1013.0503893900561	0.02521293597729167	0.006415171619152165	0.009970172591090364	1323.6849165652372	1649.4034085695773	0.00872479858196408	80.25234516237511	325.7184920043401	284.2857174013748	-0.5243942382951164	0.6129439384285759	0.17721229805614636	0.8258896944482192	9.42796347987214e-15	4.130139448550781e-15	0.8258896944482192	3.4290781175884053	201.45189471038546	130.54810528961454	12.390382802453571	NaN	0.2856603316919695	0.41684942714892703	-262.8855266800167	-0.011031417501846228	1.6944987842425765	0.022539323380804235	0	61.91693885609015	-9.396134348490607	21.254081480020876	52.92566807189369	80.7149832186363	113.20391162374213	169.6000880659137	0.09188083618345275	1.014897540192826	7.613244733019317	1.0162409022284142	4.049389420254967	1.0862713359143459	1.9694806516433379	1.0862713359143459	0.09113704720986897	1.0862713359143459	0.0018141563342953437	1.14958538300923	NaN	NaN	800000009	800000009	800000009	800000009	800000019	800011019	899999999	899999999	89999	89999	89	89	35	17	3	43	5	0	3	NaN	0	0	0	0	0	0	0	0	0	NaN	NaN	NaN	NaN	0	0	0	0	0	0	0	0	18000	0	0	0	18000	18000	18000	18000	87	NaN	0.24576641898389093	0.4443625882186175	0.14356984709534562	0.006130026521230363	1.110885164862096	0.004104242005227567	2.5437448239356375e-8	NaN	0.006576449299564711	0.0503590825209644	0.0023303494133487773	0.0000018141563342953438	NaN	423.5650311430877	13.949897101471322	95263.7928250868	11.446389726638795	11.132134259170961	88.44630238575405	88.0577578907013	88.83485153961182	-0.777093191486266	0.00028228229429158906	-1	0	2.1842679344150757	63.64025001970924	1.0001714494112466	-273.1499938964844	9.001067408455743	-273.1499938964844	024
DATA	2025-10-19T090000_AIU-0547.ghg	2025-10-19	09:30:00	292.395	1	18000	18000	0.19692118321892357	1	NaN	18.519190236677204	0	NaN	8.885885420064097	0	NaN	1.670937818091814	0	NaN	0.20016361410327685	0	NaN	-0.00010782883811260122	0	NaN	NaN	NaN	NaN	NaN	NaN	NaN	NaN	NaN	NaN	1.451144779430431e-10	4.756659100014853e-12	8.116745718597701e-13	NaN	16.484150682021383	419.9145819493098	425.775051996704	0.1	1	540.3284803769097	13.764240107331576	13.956338501485213	0.1	1	0.09220145458231364	2.1858077366061033	2.216313609277343	0	0	NaN	NaN	NaN	NaN	9	289.2012185719807	288.5879345279271	94846.55539626736	1.1390288157134494	1012.9639343417592	0.025296860572752124	0.01297060219389234	0.009804837650527016	1305.8409459046534	1748.6587905642618	0.008608068132486706	74.67671526034425	442.81784465960845	284.0813492353994	-1.1393216671828015	0.34862129984945345	0.1108565338342801	1.1966118180574496	2.2224435984956683e-15	8.803272958510004e-15	1.1966118180574496	4.73600658342289	169.01359889442202	162.98640110557795	5.315618808916534	NaN	0.4157946171618199	0.5320379646602625	-326.24241859540473	-0.008889095453882365	2.084113103108595	0.03860241150844208	0	79.93910248086932	-12.131067208503104	27.440507056027027	68.33074247583606	104.20869368643811	146.1541746041196	218.96558633457062	0.19467123350269078	1.0115576897302687	18.83684823223128	1.0142995200591363	8.17931483832284	1.0863850573926725	1.5380714293899345	1.0863850573926725	0.18424739252551037	1.0863850573926725	-0.006661636339806747	1.147946023948525	NaN	NaN	800000009	800000009	800000009	800000009	800001019	801001019	899999999	899999999	89999	89999	89	89	6	45	1	1	6	0	1	NaN	0	0	0	0	0	0	0	0	0	NaN	NaN	NaN	NaN	0	0	0	0	0	0	0	0	17505	0	0	0	18000	18000	18000	18000	87	NaN	0.5444171706911364	0.359058362013697	0.1606003966156917	0.1283012164940648	1.9247627990394176	0.015494871193889363	1.364576924934788e-7	NaN	0.01632599069012404	0.03945154469348685	0.004725947119219115	-0.000006661636339806747	NaN	419.91431722318293	13.7642199657077	95256.58560199653	11.449999809265137	10.92883336983785	88.40037628216214	88.0155551545885	88.7851949594286	-0.7696419428537291	0.0002829736947088451	-1	0	2.1732826390531326	64.41348861826796	1.000139763891697	-302.4218701256619	9.00090630306138	-273.1499938964844	110
DATA	2025-10-19T093000_AIU-0547.ghg	2025-10-19	10:00:00	292.416	1	18000	18000	0.3030735315064132	1	NaN	49.42351058016594	1	NaN	3.9932269423352906	1	NaN	0.7226039936731667	1	NaN	0.09004805848343643	1	NaN	0.00032996079092416543	1	NaN	NaN	NaN	NaN	NaN	NaN	NaN	NaN	NaN	NaN	3.177899656152578e-11	1.0346264598443764e-12	1.787738259959293e-13	NaN	16.349723253087852	418.4616467825899	424.2414379491827	0.1	1	532.2967405854868	13.623825137244419	13.811997374267516	0.1	1	0.0919759242325426	2.191521950219181	2.221791245641258	-0.1	0	NaN	NaN	NaN	NaN	9	289.76973272281225	289.7025402136909	94832.19460677085	1.1345352524424908	1012.907957562533	0.025398409573078227	0.00583511418972668	0.009666012057690205	1292.3237959208216	1877.7020447855186	0.008519798778293293	68.824753081016	585.3782488646971	283.9248930031834	-1.5309981280397997	0.3191544011917402	0.09854870714024591	1.567012012570581	4.38039513996052e-14	1.9437024143833087e-15	1.567012012570581	5.232222954005706	163.77533512027372	168.22466487972628	3.60568624707455	NaN	0.516850579232986	0.7545105597773704	-234.76831861092862	-0.012352603695245799	12.376834899161135	0.08321097391635415	0	86.14401041429704	-13.072685926088777	29.5704511590393	73.63460445235485	112.29741785421146	157.4987252603108	235.961790465336	0.30011479024859844	1.0098586985845113	49.201119980870565	1.0135210895408495	3.668920084342603	1.0883930013566367	0.6639182655276824	1.0883930013566367	0.08273487460062244	1.0883930013566367	-0.015921247540828985	1.14834478444229	NaN	NaN	800000009	800000009	800000009	800000009	800001009	800001009	899999999	899999999	89999	89999	89	89	18	22	0	1	7	0	4	NaN	0	0	0	0	0	0	0	0	0	NaN	NaN	NaN	NaN	0	0	0	0	0	0	0	0	13984	0	0	0	18000	18000	18000	18000	87	NaN	0.948366059055125	0.3548034085594489	0.20585165194016666	0.05633164576145981	0.0942647176808834	0.0060048194139047375	4.929352072409018e-8	NaN	0.042814118912265234	0.01709543573234389	0.0021303657468051663	-0.000015921247540828986	NaN	418.46124547168586	13.623814227243384	95249.34897374132	11.411108735243477	10.773870312319866	88.26371123547025	87.88469605467054	88.64272926266987	-0.7580360102703175	0.0002846422040440504	-1	0	2.1791343665056764	65.01553021246413	1.0001682653774817	-273.1499938964844	9.001162850088543	-273.1499938964844	086
DATA	2025-10-19T100000_AIU-0547.ghg	2025-10-19	10:30:00	292.437	1	18000	18000	0.39601576242098163	0	NaN	47.744466520284014	0	NaN	4.2577135978932805	0	NaN	0.5185942052022261	0	NaN	0.09599990908908165	0	NaN	0.00689597650954971	1	NaN	NaN	NaN	NaN	NaN	NaN	NaN	NaN	NaN	NaN	-1.1239762009062182e-11	-3.7150129817619547e-13	-6.310562465145074e-14	NaN	16.305028448734866	418.01453033070146	423.8708961393987	0.1	1	538.9205955269342	13.816390467090105	14.009957510482268	0.1	1	0.09154455444763823	2.180119668252609	2.2106630521725954	-0.2	0	NaN	NaN	NaN	NaN	9	289.99610690477164	289.5686800977919	94811.223203125	1.134725650542339	1013.0128701673922	0.02539228927755982	0.006220794108972491	0.009804998586828036	1310.3002603570371	1861.7756768224845	0.008640853921070493	70.37906213241237	551.4754164654473	284.13265144876624	-1.8712543450674033	0.39246428677247963	0.09839424575113734	1.9144979675942355	-7.362116095081892e-17	-6.893432933528119e-16	1.9144979675942355	6.928016443247579	163.8451411483395	168.1548588516605	2.94597324320349	NaN	0.5907596166826936	1.0528180178623479	-362.8540913653901	-0.007992193195583213	11.213639767575726	0.07030826966182198	0	86.55252231047497	-13.134679182382758	29.710680073571133	73.98379427698077	112.82995436932006	158.2456152947109	237.08076783805112	0.39250412718812666	1.0089467472813907	47.56485501146433	1.013301636036819	3.901891508743672	1.091192204691559	0.4752546828803768	1.091192204691559	0.0879770847668559	1.091192204691559	-0.009214718302418748	1.1497110009181917	NaN	NaN	800000009	800000009	800000009	800000009	800000019	800000019	899999999	899999999	89999	89999	89	89	17	22	3	1	3	0	2	NaN	0	0	0	0	0	0	0	0	0	NaN	NaN	NaN	NaN	0	0	0	0	0	0	0	0	12366	0	0	0	18000	18000	18000	18000	87	NaN	1.4199413133110785	0.4199226539952262	0.2657720684183912	0.061898746895936746	0.127614607493277	0.011714592127263548	3.11323476964677e-7	NaN	0.041379033448893036	0.012236919801560718	0.002265245497724218	-0.000009214718302418747	NaN	418.01440465293325	13.816374037171585	95203.49444140625	11.413055472903782	10.977578118430273	88.22427789772881	87.84399434746636	88.60456487380134	-0.7605728161152874	0.00028492011854218115	-1	0	2.1676254598498352	64.91136703431161	1.0001691526638137	-273.1499938964844	9.00118624774615	-273.1499938964844	014
DATA	2025-10-19T103000_AIU-0547.ghg	2025-10-19	11:00:00	292.458	1	18000	18000	0.42276866947657893	0	NaN	51.41896817849428	0	NaN	-1.4136087558866817	2	NaN	-0.20322618201434164	2	NaN	-0.031904667648837245	2	NaN	-0.0016443968562774123	0	NaN	NaN	NaN	NaN	NaN	NaN	NaN	NaN	NaN	NaN	-6.097328259797007e-11	-2.0291789198096862e-12	-3.4341373294204397e-13	NaN	16.130958184024713	414.6716990396521	420.47432590689976	0.1	1	536.8351334990159	13.800193043255012	13.993303330529136	0.1	1	0.09085278551318093	2.173862678070365	2.20428219792352	-0.2	0	NaN	NaN	NaN	NaN	9	291.1168034159342	290.5978765445285	94807.19392881944	1.1306657562974105	1013.0253554206798	0.02548362255511062	-0.0020674224636446532	0.009758403946004994	1308.7085311772466	1987.3333959862312	0.008630670816423082	65.85249026763266	678.6248648089845	284.1143570582982	-2.0574116105172267	0.08503154212638633	0.09347486732736894	2.0612885409543127	-2.468653202040794e-14	-3.779892173941343e-15	2.0612885409543127	7.528254375174389	154.36665203523333	177.63334796476673	2.5991279648969186	NaN	0.6114828456508564	1.278592308772141	-373.6345202187801	-0.007761595471162347	-36.37425699605397	0.07341495292246397	0	85.97190340863295	-13.046568023986174	29.51137239336955	73.4874899724902	112.07305899005193	157.1840587632427	235.49036271298485	0.41912987805817686	1.0086817752894652	50.88875087061513	1.0133033955198973	-1.2938588653574965	1.092552513829318	-0.18601044749972567	1.092552513829318	-0.029201953448455928	1.092552513829318	-0.017858825899116755	1.1504848649518076	NaN	NaN	800000009	800000009	800000009	800000009	800000009	801000009	899999999	899999999	89999	89999	89	89	10	25	0	0	1	0	0	NaN	0	0	0	0	0	0	0	0	0	NaN	NaN	NaN	NaN	0	0	0	0	0	0	0	0	11422	0	0	0	18000	18000	18000	18000	87	NaN	1.5242898989255422	0.7433175892330982	0.28957712938564123	0.12050567056920823	1.106891013672488	0.03248104399381706	4.160908048438151e-7	NaN	0.04442907136022152	-0.004806569413923894	-0.0007545878103023468	-0.000017858825899116757	NaN	414.67141210654677	13.8001567046969	95211.2891345486	11.420000076293945	10.960493839740737	88.16981267505223	87.79347720040215	88.5461519271003	-0.7526790561560132	0.000285980719170766	-1	0	2.1614337955448355	64.72951735485927	1.0001682886746195	-273.1499938964844	9.001169160551495	-273.1499938964844	234
DATA	2025-10-19T110000_AIU-0547.ghg	2025-10-19	11:30:00	292.479	1	18000	18000	0.36745480678030434	0	NaN	31.229261546541963	0	NaN	10.982745871331106	0	NaN	1.0070603767202642	1	NaN	0.2479645081852538	0	NaN	0.011548514350205137	2	NaN	NaN	NaN	NaN	NaN	NaN	NaN	NaN	NaN	NaN	3.584658822973798e-11	1.2087185339228192e-12	2.0135787775669003e-13	NaN	16.008404415971178	412.61121080310744	418.43283456377816	0.2	0	539.7907045464366	13.91292288699065	14.109223424490914	0.1	1	0.08992259790003292	2.1553285055595617	2.1857385169976755	0	1	NaN	NaN	NaN	NaN	9	291.74982360670293	290.96471528795036	94804.37755447048	1.1291583178990532	1013.0962286743031	0.0255165500297085	0.016068100130404446	0.009825422105547833	1319.3598036596302	2033.847172369508	0.008701545168466116	64.87015453194188	714.4873687098777	284.2364053468648	-1.410294187175513	0.3057185669773357	0.16344945766984834	1.4522772675313036	-1.5064340404732e-14	2.239235547671119e-15	1.4522772675313036	6.63400112979526	164.23113060057057	167.76886939942943	6.462160210014822	NaN	0.5704591459478383	0.9431653926201424	-499.49599018656596	-0.0058058524131831876	2.84348394403457	0.04785547494642152	0	81.19311782473443	-12.321368874956793	27.870969943697443	69.40265593074255	105.84342933884557	148.4469146003857	222.4005286409054	0.36371539407194575	1.0102811505075282	31.567002356627295	1.0136860363065068	10.097815210063397	1.0876358541782183	0.9259168616514263	1.0876358541782183	0.22798486022015846	1.0876358541782183	0.00008886742582082469	1.1480775659306794	NaN	NaN	800000009	800000009	800000009	800000009	800000019	801100019	899999999	899999999	89999	89999	89	89	15	26	1	1	19	0	2	NaN	0	0	0	0	0	0	0	0	0	NaN	NaN	NaN	NaN	0	0	0	0	0	0	0	0	15913	0	0	0	18000	18000	18000	18000	87	NaN	1.0535186832188674	0.5420497951064671	0.29076230691495036	0.20223124281263957	0.6308343896944456	0.011137276104112345	5.343740925122536e-7	NaN	0.02759483527532146	0.023959641992365954	0.005899488233546175	8.886742582082469e-8	NaN	412.6109483135793	13.912906766792197	95200.83315538194	11.42639022254944	11.081935206572219	88.08852364116245	87.71072206115721	88.46632546318901	-0.7556034750358925	0.00028659706663650776	-1	0	2.142915758649508	64.13581929789628	1.0001382991290755	-293.2971197425037	9.001043961683909	-273.1499938964844	132
DATA	2025-10-19T113000_AIU-0547.ghg	2025-10-19	12:00:00	292.499	1	18000	17997	0.5134848387065336	0	NaN	18.21141235484811	1	NaN	27.33258839217279	0	NaN	2.3340167171427173	1	NaN	0.6175603438624206	0	NaN	0.009609501093792959	1	NaN	NaN	NaN	NaN	NaN	NaN	NaN	NaN	NaN	NaN	7.204867865245281e-11	2.4387585546655135e-12	4.0230114142424687e-13	NaN	15.874397321663576	409.9366520064986	415.704910172345	0.2	0	537.3286921070883	13.875848046767105	14.07109644285963	0.1	1	0.08863851886490982	2.132031129675681	2.1620311453205265	0	1	NaN	NaN	NaN	NaN	9	292.5971987007989	291.72871286519387	94769.51072265624	1.1258028823143906	1013.0921555506159	0.025592962338481098	0.04001791028228486	0.009769982184163976	1315.360067049888	2133.7918140589813	0.008678235184545939	61.64425500104245	818.4317470090934	284.19067617922815	-2.0722257191616116	0.20033479148571692	0.11321447622246723	2.084608536235562	4.224144020103171e-14	4.538671748761696e-15	2.084608536235562	10.413970376058467	157.52197438339383	174.4948768429341	3.1132486514941258	NaN	0.6753558006800399	1.6020120041549124	-1420.9037653546907	-0.0020409545464721126	0.666289342726988	0.02364284226731808	0	85.43643866857143	-12.965309183845648	29.327564675720627	73.02978276634798	111.37502662109566	156.20505844069052	234.02364183258567	0.5090838766232137	1.0086448663676244	19.59852694651399	1.0133077330433107	25.012043548699566	1.0927770991184715	2.1358580071137445	1.0927770991184715	0.565129287903817	1.0927770991184715	0.0014407602429147026	1.150617097149572	NaN	NaN	800000009	800000009	800000009	800100009	800100019	801101019	899999999	899999999	89999	89999	89	89	10	29	4	3	9	0	1	NaN	0	0	0	0	0	0	0	0	0	NaN	NaN	NaN	NaN	0	0	0	0	0	0	0	0	17765	0	0	0	18000	18000	18000	18000	87	NaN	2.0866957551417604	0.7585348212164472	0.35879343195161706	0.411014431109223	3.11610073601605	0.045332222264107935	2.1293496489721718e-7	NaN	0.017183519558964806	0.055432310171013674	0.014666902888427915	0.0000014407602429147026	NaN	409.93607183312895	13.875799159472745	95176.04333181423	11.430000305175781	11.03676343923146	88.04460791481867	87.66594863171048	88.42326432206895	-0.7573037747641406	0.00028716739124825445	-1	0	2.119849475807615	63.84960547192198	1.000137592335542	-273.1903688981798	9.001093969980875	-273.1499938964844	029
DATA	2025-10-19T120000_AIU-0547.ghg	2025-10-19	12:30:00	292.52	1	18000	18000	0.6411286071403749	0	NaN	12.784771432505485	2	NaN	15.544521965493571	1	NaN	2.828040618140892	1	NaN	0.3514282260949328	1	NaN	-0.003060618342621163	0	NaN	NaN	NaN	NaN	NaN	NaN	NaN	NaN	NaN	NaN	-5.9015796676756e-11	-1.9634095508583386e-12	-3.3503529710873246e-13	NaN	15.733539449878528	408.1774693853314	413.79672388228437	0.3	0	523.442592733224	13.579746219913256	13.766694436650056	0.1	1	0.08932000177908586	2.154382729861277	2.1840414586028736	-0.2	0	NaN	NaN	NaN	NaN	9	293.2461925565932	292.3504525205823	94718.6276421441	1.122931849198183	1012.940801112408	0.025661284614882336	0.022772549050951645	0.009536039787099862	1286.5999499464635	2218.2752368799315	0.008492091300027661	58.0000140900506	931.675286933468	283.8582068340959	-2.403099946429128	-0.02079148052373803	0.08979823249769366	2.4048670151901574	-3.0285426479748214e-14	-3.7509548862008694e-15	2.4048670151901574	9.636196851873965	151.50429262732712	180.4957073726737	2.139933753762636	NaN	0.7556068352453864	2.148637193657437	-2833.495406516855	-0.0010234708668770695	0.8224615373110666	0.014875090808092373	0	82.81120069402021	-12.566919192974574	28.426405431636514	70.78576883061767	107.95276378033532	151.40528614650265	226.8327083028659	0.6358818090171368	1.0082512159474226	13.548931431607453	1.0134616046383467	14.182572995312995	1.0960297521916982	2.5802589870263493	1.0960297521916982	0.3206374876158172	1.0960297521916982	-0.007861594844640413	1.1526378403894078	NaN	NaN	800000009	800000009	800000009	800000009	800001019	800001019	899999999	899999999	89999	89999	89	89	14	20	2	4	27	5	4	NaN	0	0	0	0	0	0	0	0	0	NaN	NaN	NaN	NaN	0	0	0	0	0	0	0	0	13258	0	0	0	18000	18000	18000	18000	87	NaN	2.620203633461041	1.1914959877576559	0.48557476609617756	0.17254169503630054	0.4138076356293032	0.018414602774004075	7.902734112237746e-8	NaN	0.011911530864412845	0.06712453895979473	0.008341272576766664	-0.000007861594844640413	NaN	408.17700562050817	13.579723745685508	95111.89008355033	11.42027730486128	10.703091326316185	87.95077538850573	87.57187202729119	88.32967657089233	-0.7578054405831628	0.00028848473653973386	-1	0	2.1423358650075066	65.1455060326435	1.000100731857949	-361.0059975857249	9.000827998346752	-273.1499938964844	053
DATA	2025-10-19T123000_AIU-0547.ghg	2025-10-19	13:00:00	292.541	1	18000	18000	0.6167106321150826	0	NaN	22.336967215283785	0	NaN	14.829290069602767	1	NaN	1.3636704995783033	0	NaN	0.335145335800883	1	NaN	0.005803372554664569	1	NaN	NaN	NaN	NaN	NaN	NaN	NaN	NaN	NaN	NaN	-9.526448653403837e-11	-3.2707046626395617e-12	-5.40931384903572e-13	NaN	15.720770919266334	407.4857970691617	413.26747643450153	0.3	0	539.7394203931491	13.99016301796056	14.188664750831888	0.1	1	0.08926577672858267	2.150205021813006	2.180713560013066	-0.2	0	NaN	NaN	NaN	NaN	9	292.94961492326524	292.00113854641387	94611.41362630206	1.1228274157422446	1013.1618318812417	0.02565966803396311	0.021717417759897217	0.009824863734381052	1323.9841494859677	2170.4562718966536	0.008750110298906738	61.000268313583845	846.4721224106859	284.2891238062731	-1.8416227408792853	0.428738974353173	0.1541135768913081	1.897140591109515	9.858824642463816e-15	-6.059784664713137e-15	1.897140591109515	9.745053059043785	165.10531045610225	166.89468954389775	4.659537733670763	NaN	0.7411126287282509	2.1037340516161627	-1529.0866408937566	-0.0018965570180542153	1.5062735377380159	0.026494038573448266	0	82.01836900870325	-12.446603925963508	28.154251970063836	70.10806823060103	106.91922760497145	149.95573696504636	224.6610194865998	0.6112206600516303	1.0089819805223674	22.984148023944478	1.013304647051493	13.591915716234091	1.0910375240107444	1.2498841419911366	1.0910375240107444	0.30718039336434644	1.0910375240107444	-0.0026490346604988234	1.1496256415349446	NaN	NaN	800000009	800000009	800000009	800000009	800000019	801001019	899999999	899999999	89999	89999	89	89	28	27	5	3	37	9	3	NaN	0	0	0	0	0	0	0	0	0	NaN	NaN	NaN	NaN	0	0	0	0	0	0	0	0	17603	0	0	0	18000	18000	18000	18000	87	NaN	2.052719388916554	1.6762534284783082	0.4784952858374632	0.018502031640682468	0.13336274035831747	0.03085019196081759	5.764222165677827e-8	NaN	0.020203963779843515	0.03252678931305729	0.007994014485332204	-0.0000026490346604988235	NaN	407.4853832602879	13.990126634625668	95008.3360902778	11.423055701785618	11.134216399351743	87.98937800004747	87.60710924286313	88.37165452067057	-0.7645441814512017	0.0002885635480892638	-1	0	2.137826133741274	65.0673595784152	1.0001245117204056	-310.1334954494859	9.000997201045355	-273.1499938964844	189
DATA	2025-10-19T130000_AIU-0547.ghg	2025-10-19	13:30:00	292.562	1	18000	18000	0.6915018299605603	0	NaN	15.904568216625032	0	NaN	14.310859003152279	1	NaN	1.6833012324869705	0	NaN	0.32333869297525025	1	NaN	0.02531741570275505	2	NaN	NaN	NaN	NaN	NaN	NaN	NaN	NaN	NaN	NaN	2.559325871545358e-11	8.997639673195415e-13	1.447192362295923e-13	NaN	15.717488059257057	407.23538665959455	413.150413378814	0.1	1	552.568532586102	14.316884426776696	14.524834808041447	0.1	1	0.08887585956414248	2.1384025699586795	2.1694625140404207	0.8	0	NaN	NaN	NaN	NaN	9	292.74337486606174	291.7128119769626	94545.66594379341	1.12301666293012	1013.3379650446012	0.02565215755334874	0.020952347304796216	0.010057253907564767	1353.962461072539	2131.6686478391016	0.008955569618463072	63.516553684132255	777.7061867665625	284.62700305371663	-2.3623278603106344	-0.04679669459228749	0.12703598656799012	2.366203920229192	-2.6342382808682742e-15	1.628330088049918e-15	2.366203920229192	10.349801179090772	150.8651437854911	181.13485621450897	3.077556827895988	NaN	0.78469984488926	2.1460854068612125	-2547.994381506627	-0.0011381500764084229	1.1113636304516523	0.017810569330204886	0	84.95904812160167	-12.89286332655847	29.163691949281908	72.62171650699517	110.75269982814876	155.33223626492403	232.71599516426298	0.685817324167296	1.0082886587914155	16.573996082162825	1.0134347236740993	13.06186897466756	1.0956210807892068	1.5363899636491487	1.0956210807892068	0.2951190869222234	1.0956210807892068	0.017505028156329257	1.1523750108323867	NaN	NaN	800000009	800000009	800000009	800000009	800001009	800001019	899999999	899999999	89999	89999	89	89	25	19	4	22	40	4	5	NaN	0	0	0	0	0	0	0	0	0	NaN	NaN	NaN	NaN	0	0	0	0	0	0	0	0	18000	0	0	0	18000	18000	18000	18000	87	NaN	2.6553663513812977	1.1455911857410417	0.4912132766000856	0.007168139006091222	0.0513122562864916	0.006221137589805438	1.083232783780779e-7	NaN	0.014564202800797078	0.03998432188004954	0.0076804306482303915	0.000017505028156329257	NaN	407.23491947825363	14.316871528248235	94939.39749826389	11.430000305175781	11.472500076399907	88.00044551895283	87.61670562468635	88.3841842517217	-0.7674920772512753	0.00028809200671255693	-1	0	2.125818101618026	64.57949272908105	1.000147715581788	-273.1499938964844	9.001157677676943	-273.1499938964844	220
DATA	2025-10-19T133000_AIU-0547.ghg	2025-10-19	14:00:00	292.583	1	18000	18000	0.6173438036095038	0	NaN	9.182039704327403	0	NaN	7.5770458573136015	0	NaN	1.847773784319012	0	NaN	0.17116902219714245	0	NaN	-0.0021010015062924033	1	NaN	NaN	NaN	NaN	NaN	NaN	NaN	NaN	NaN	NaN	-4.7070756195697734e-12	-1.6672117322660031e-13	-2.661939449699468e-14	NaN	15.742597114693105	407.64802395566784	413.6201171629123	0.3	0	557.5912674279956	14.43859464140202	14.650121811688146	0.1	1	0.08902733605150111	2.140654741843841	2.172015594568621	-0.2	0	NaN	NaN	NaN	NaN	9	292.6351561940511	291.55358395979135	94512.85058789063	1.1231880129949248	1013.4025264234873	0.025647057325686833	0.01109175263837483	0.010144769304017707	1364.9987863281021	2110.5095517420145	0.009032120345521838	64.67626669594705	745.5107654139124	284.74973418109806	-2.4591446615279198	0.15687885245908983	0.12961591819504362	2.4675501467892667	-2.988561666931822e-14	-2.990024825812571e-16	2.4675501467892667	9.223330569805723	155.65018476695613	176.34981523304378	3.011028778448823	NaN	0.7413739411347915	1.961286823974396	-3721.1944128111245	-0.000779319669516873	1.2118231666058363	0.010880964843015494	0	82.506465537587	-12.520674457310076	28.321799713648545	70.5252858022705	107.55551072661436	150.84813309024946	225.99799149801908	0.6123256277971733	1.0081952732084452	9.528916642986049	1.01350942163289	6.908948618316342	1.0967002761065647	1.6848484718895673	1.0967002761065647	0.15607639199728823	1.0967002761065647	-0.005319973109925525	1.1530735718468086	NaN	NaN	800000009	800000009	800000009	800000009	800000019	800000019	899999999	899999999	89999	89999	89	89	7	17	4	72	22	1	3	NaN	0	0	0	0	0	0	0	0	0	NaN	NaN	NaN	NaN	0	0	0	0	0	0	0	0	18000	0	0	0	18000	18000	18000	18000	87	NaN	2.402766602301275	1.0480246471316237	0.47178239851589315	0.005492976325900915	0.12060751238357859	0.005953015959546729	2.3506656471532088e-8	NaN	0.008371611873952581	0.043844629993586556	0.004061559108743166	-0.000005319973109925525	NaN	407.64771623415913	14.438582210290676	94906.64372374132	11.436389842033385	11.595318379534627	88.01417993121677	87.63170151456197	88.3966559232076	-0.7649881402204435	0.0002881344152394579	-1	0	2.1279678625067073	64.11046104356977	1.000115657594469	-326.8891211530842	9.000893748018477	-273.1499938964844	105
DATA	2025-10-19T140000_AIU-0547.ghg	2025-10-19	14:30:00	292.604	1	18000	18000	0.5788502711535356	0	NaN	4.6739121663088845	0	NaN	10.30453348193394	0	NaN	1.7435326511197238	0	NaN	0.2327306736250085	0	NaN	0.0017637104948726493	2	NaN	NaN	NaN	NaN	NaN	NaN	NaN	NaN	NaN	NaN	-7.237710885162239e-11	-2.619101341398211e-12	-4.1416718656878364e-13	NaN	15.74780209905398	407.45687775266003	413.55457068098985	0.2	0	569.8637353180391	14.744590824589112	14.965247272206597	0.1	1	0.0901144435511805	2.164762077352268	2.197158277125341	0	1	NaN	NaN	NaN	NaN	9	292.4031903881497	291.3149823766994	94479.51044195134	1.1235806883093011	1013.568659299348	0.025635111275983617	0.01508094765090055	0.010364594417050128	1393.4353968344305	2079.147264924879	0.009224610679849051	67.01956231487895	685.7118680904484	285.06198898850727	-2.3196430371356422	0.2519960593429625	0.10278454198164029	2.335553573722221	1.7680275785938011e-15	-4.5960133608721375e-15	2.335553573722221	10.14926666728021	158.2000533310925	173.79994666890752	2.5223241072766798	NaN	0.7177628684046231	1.7454027316646437	-6632.5914778732795	-0.0004372348289012783	0.453578240538813	0.005717973258520517	0	81.27170490138519	-12.333294767029429	27.89794634403749	69.46983098187397	105.94587553031204	148.59059684056587	222.61579081902747	0.5740738424156285	1.0083202340622393	5.215315789859729	1.0134148612250011	9.407978444583533	1.095297309898343	1.5918350527872154	1.095297309898343	0.21248173580067384	1.095297309898343	-0.0005259960965981345	1.1521705360945735	NaN	NaN	800000009	800000009	800000009	800000019	800000019	800001019	899999999	899999999	89999	89999	89	89	21	39	2	45	53	7	1	NaN	0	0	0	0	0	0	0	0	0	NaN	NaN	NaN	NaN	0	1109	0	0	0	0	0	0	18000	0	0	0	18000	18000	18000	18000	87	NaN	2.2147279744804496	0.8168788344121322	0.4591986544367055	0.014571902320235738	0.2154583803101959	0.023044256226874702	0.0000034944504919098034	NaN	0.004579553858796624	0.04141771985375479	0.005528530730632324	-5.259960965981345e-7	NaN	407.45648777327244	14.74456329224898	94871.79625043404	11.4399995803833	11.906854661226264	88.03225689782036	87.64439875009325	88.4201175772349	-0.7757174755384533	0.0002876689240769741	-1	0	2.1460761624442237	44.3045714192083	1.000137523204088	-286.594869461062	9.001030161513222	-273.1499938964844	200
DATA	2025-10-19T143000_AIU-0547.ghg	2025-10-19	15:00:00	292.624	1	18000	18000	0.5603425030124789	0	NaN	6.153437692150429	0	NaN	5.414050172121476	1	NaN	1.2132979392673136	0	NaN	0.12226408617886729	1	NaN	-0.003456461872203923	1	NaN	NaN	NaN	NaN	NaN	NaN	NaN	NaN	NaN	NaN	8.707058335115889e-11	3.2091659178616e-12	5.021878369051207e-13	NaN	15.728231004373702	406.8586796698774	413.052658609237	0.2	0	579.6963905010797	14.995615716928153	15.223907584779536	0.1	1	0.09071406211412911	2.1782743704748384	2.2114362181852414	-0.3	0	NaN	NaN	NaN	NaN	9	292.3246641410545	291.1988110819868	94457.04490108296	1.123654391850538	1013.7068536254412	0.025630983034362117	0.0079227127843906	0.010542748184363487	1416.8214925440093	2064.0258185623697	0.009382554156176719	68.64359349588226	647.2043260183605	285.31461059555147	-2.344089404673844	0.2364501622656113	0.10620357403592301	2.358377199575484	1.6858813448485094e-15	5.535942556219216e-15	2.358377199575484	10.561113417911848	157.7599877672699	174.24001223273015	2.5810439061413133	NaN	0.7061718576633342	1.6795915255943705	-4797.09429308133	-0.0006045326238807859	1.136568280034839	0.007650014617574177	0	80.71094909787475	-12.248197910436984	27.705457022724193	68.9905053550861	105.21487370583074	147.5653563878581	221.07979379760027	0.5557318594507374	1.008296525533552	6.406480605035218	1.0134295333214316	4.9419013619278385	1.095539909766522	1.1074885802434051	1.095539909766522	0.11160167246205009	1.095539909766522	-0.00553066429740156	1.1523223752266474	NaN	NaN	800000009	800000009	800000009	800000019	800001019	800001019	899999999	899999999	89999	89999	89	89	26	52	6	44	32	0	4	NaN	0	0	0	0	0	0	0	0	0	NaN	NaN	NaN	NaN	0	239	0	0	0	0	101	0	18000	0	0	16	18000	18000	18000	18000	87	NaN	2.074776214158359	0.8321587544648367	0.45224808256554544	0.024990932088190063	0.1507055793677666	0.020610054681247682	4.7201584561601485e-7	NaN	0.00562437642721646	0.028818284855387167	0.0029040198199083225	-0.00000553066429740156	NaN	406.8579602165744	14.995589872977323	94851.40787695312	11.401108506361641	12.159964410993796	88.03203285270267	87.64044893349542	88.42360815260146	-0.7831453594714403	0.00028705817510813673	-1	0	2.166940530598163	25.09686847668164	1.000138215864698	-273.1499938964844	9.001072995848126	-273.1499938964844	251
DATA	2025-10-19T150000_AIU-0547.ghg	2025-10-19	15:30:00	292.645	1	18000	18000	0.5043391694536227	0	NaN	10.85782261427859	0	NaN	-0.7129832470528604	2	NaN	1.7266544110270272	0	NaN	-0.016084337467462326	2	NaN	NaN	NaN	NaN	NaN	NaN	NaN	NaN	NaN	NaN	NaN	NaN	NaN	-4.6260904372662555e-11	-1.788507422499402e-12	NaN	NaN	15.762124054964234	406.53998652315585	413.03175980735955	0.3	0	609.3844521405189	15.717370710745204	15.9683512062939	0.1	1	NaN	NaN	NaN	NaN	0	NaN	NaN	NaN	NaN	9	291.56540542687316	290.1172560861837	95109.17436799596	1.1353806162204072	1014.0471304114928	0.025487286550714916	-0.0010422650678915586	0.011112482472264379	1487.8031351470072	1926.9165376658407	0.009787451285945816	77.21160237429115	439.1134025188335	286.0595158430491	-2.320004864444918	0.24801233523459518	0.08075369179074829	2.3346207075699414	1.5616299364751285e-14	-2.934941015014586e-15	2.3346207075699414	8.483929749183362	158.1018396031742	173.89816039682583	1.9822358416472894	NaN	0.6664853562703457	1.5000110032864697	-2297.0888630545105	-0.0012624674851036367	-15.228720533280066	0.014149872111373482	0	84.52607686122117	-12.827158267381915	29.015066926523225	72.25161918573018	110.18827806148181	154.54062671184752	231.5300198036074	0.5001770877367866	1.0083212162629616	10.727747480005501	1.0134142806434996	-0.6509529664449882	1.095291493864195	1.5764336897526519	1.095291493864195	-0.014684983456519583	1.095291493864195	NaN	1	NaN	NaN	800000009	800000009	800000009	800000019	800000009	800001009	899999999	899999999	89999	89999	89	89	14	29	2	32	9	0	0	NaN	0	0	0	0	0	0	0	0	0	NaN	NaN	NaN	NaN	0	5787	0	0	0	0	101	0	17901	0	0	16	18000	18000	18000	18000	87	NaN	1.9340856294317232	0.7070214669810974	0.3589149101601188	0.023356918239661812	0.254732876060952	0.024138201537283598	NaN	NaN	0.009317704351203378	0.040817530233571576	-0.00038022833444395325	NaN	NaN	406.53945880543745	15.717341072539906	94825.73515776909	11.409166495005287	12.871779799964717	88.06870661205716	87.6660227722592	88.47139886644152	-0.8053807340512673	0.00028659348956231655	-1	0	2.104937464664386	20.532072678969204	1.0001706323689885	-273.1499938964844	9.001202108886506	-273.1499938964844	222
DATA	2025-10-19T153000_AIU-0547.ghg	2025-10-19	16:00:00	292.666	1	18000	18000	0.36524249795977254	0	NaN	13.255660612263604	0	NaN	2.996699344416462	0	NaN	0.9316205652530254	0	NaN	0.06759366228701061	0	NaN	NaN	NaN	NaN	NaN	NaN	NaN	NaN	NaN	NaN	NaN	NaN	NaN	3.7924416943824116e-11	1.498539390463478e-12	NaN	NaN	15.73312788760865	406.09233692081295	412.7148703933259	0.1	1	621.676317653195	16.046268132285796	16.307949868564663	0.1	1	NaN	NaN	NaN	NaN	0	NaN	NaN	NaN	NaN	9	291.4490850516425	289.9713479617351	95152.09916678468	1.1363250639664155	1014.227688588974	0.025465625186808328	0.0043800693161982875	0.011354669464305767	1519.4623412010906	1909.12712924816	0.009992448309352224	79.58937453261562	389.66478804706935	286.3817189907903	-1.846117868511544	0.35358155972496896	0.06725950577519911	1.8808761110004584	-1.0882162041851254e-14	2.4104817055287042e-15	1.8808761110004584	8.979107145454702	162.84238994975823	169.15761005024177	2.0493149882482977	NaN	0.5669429499852454	1.0986618951237321	-1158.5887800055846	-0.0025030451270087574	4.423420266354694	0.020287286776674292	0	82.20028149441276	-12.474209847492789	28.216696639728294	70.2635642873291	107.1563689026934	150.28833100693495	225.15930596791847	0.36197891313707964	1.009015952875291	13.317763447592094	1.0133080878524625	2.7470126813503404	1.0908938880265322	0.8539974194358736	1.0908938880265322	0.06196172059345759	1.0908938880265322	NaN	1	NaN	NaN	800000009	800000019	800000009	800000019	800000019	800001019	899999999	899999999	89999	89999	89	89	20	49	4	13	43	0	0	NaN	0	0	0	0	0	0	0	0	0	NaN	NaN	NaN	NaN	0	17873	0	0	0	0	101	0	18000	0	0	21	18000	18000	18000	18000	87	NaN	1.424393450738419	0.4944577109938024	0.2784726285152428	0.006458589779989222	0.17686801814492328	0.007822959694134478	NaN	NaN	0.011555619893861216	0.02210049601394684	0.001603499879305928	NaN	NaN	406.09185000057784	16.046253666638506	94784.93407378472	11.430000305175781	13.182620796256588	88.04694747861227	87.64561049609713	88.4482879869673	-0.8026890652659868	0.0002865777454927512	-1	0	1.9101542465554364	8.63001397859472	1.0001806584679418	-273.1499938964844	9.001219190994899	-273.1499938964844	198
DATA	2025-10-19T160000_AIU-0547.ghg	2025-10-19	16:30:00	292.687	1	18000	18000	0.49174746540610303	0	NaN	-5.223055300957188	2	NaN	31.40060791953876	1	NaN	4.266296903831447	0	NaN	0.7080653321366216	1	NaN	NaN	NaN	NaN	NaN	NaN	NaN	NaN	NaN	NaN	NaN	NaN	NaN	7.60401968492737e-11	3.093122024051846e-12	NaN	NaN	15.74063110737335	404.2316229260798	410.989571905987	0.3	0	640.2888836177066	16.44311545075677	16.718011646365046	0.1	1	NaN	NaN	NaN	NaN	0	NaN	NaN	NaN	NaN	9	291.17919674682616	289.6664710206726	95152.09916678468	1.137352592352752	1014.4433201353896	0.025442043454130946	0.04588263352245308	0.011646271496772114	1556.8433823308178	1872.4516559017616	0.010239807404562543	83.14465035312493	315.60827357094377	286.7546394711473	-1.7807001551952781	0.46391704459671557	0.07236451711747315	1.8415614815470085	4.765417707355526e-14	4.830822622712653e-15	1.8415614815470085	8.12028529903853	166.60239232442441	165.39760767557556	2.252028634019345	NaN	0.6575420088842778	1.8576502939784254	4587.610164793336	0.0006321374083298205	-0.16633612044520915	-0.006884592055474783	0	81.55709884484833	-12.37660439900684	27.995912849493585	69.71378143227601	106.31791535952368	149.11238799094627	223.39752904509393	0.4884140834038215	1.0068249096730602	-3.4284745037252553	1.0122070059764021	28.580160857178676	1.0986854859374122	3.883092075428109	1.0986854859374122	0.6444659014790673	1.0986854859374122	NaN	1	NaN	NaN	800000009	800000019	800000009	800000019	800000009	800100009	899999999	899999999	89999	89999	89	89	15	25	6	10	17	0	9	NaN	0	0	1912	0	0	0	0	0	0	NaN	NaN	NaN	NaN	0	12251	0	0	0	0	101	0	17002	0	0	16	18000	18000	18000	18000	87	NaN	2.20410421627621	1.1291820502889378	0.3820143213917028	0.09912658086237591	12.089174318503304	0.07948408430782747	NaN	NaN	-0.0029715156064979114	0.10043711212511446	0.016669265819695966	NaN	NaN	404.2317928690015	16.443032716087394	94740.14955273436	11.436389842033385	13.548320665306463	88.02978033849928	87.61412492201062	88.44543406126235	-0.8313059514231198	0.00028586312110484026	-1	0	3.116183825965371	12.258787644981398	1.000175681160556	-273.1499938964844	9.001190796401765	-273.1499938964844	018
DATA	2025-10-19T163000_AIU-0547.ghg	2025-10-19	17:00:00	292.708	1	18000	18000	0.46737816544941424	0	NaN	4.4718542955409895	2	NaN	6.129655339518077	0	NaN	-2.464231938672944	2	NaN	0.13820592193334258	0	NaN	NaN	NaN	NaN	NaN	NaN	NaN	NaN	NaN	NaN	NaN	NaN	NaN	-5.328759277365122e-11	-2.2669030082346946e-12	NaN	NaN	15.710961208384466	399.783472041561	406.7002869016878	0.1	1	668.3586811066417	17.007155103873323	17.301402743852602	0.1	1	NaN	NaN	NaN	NaN	0	NaN	NaN	NaN	NaN	9	291.1237294082642	289.5596403297127	95155.58040482523	1.1375744362421376	1014.7566452335677	0.02543626633354624	0.008955743741280598	0.012048503353599875	1610.0155941333376	1859.6972160485832	0.010591397775604814	86.57407131867626	249.68162191524561	287.2717551616156	-1.8751402025716306	0.2648602292559716	0.11879180393196434	1.897475484169387	-6.391548426135063e-14	-3.3917461870641775e-15	1.897475484169387	7.993263868263805	160.0397416770074	171.96025832299264	3.589360186820575	NaN	0.640979732888912	1.4762156899562553	-4964.093374688506	-0.0005841952963227598	0.7295441664902114	0.006043682193196665	0	83.71011256567884	-12.703332537522966	28.73497278843037	71.55414517841913	109.12458619236695	153.04878374113164	229.29496718409294	0.46321787027479017	1.008981292479403	4.782889141675047	1.0133045825418825	5.618177012467799	1.0910399095498786	-2.2586084313722234	1.0910399095498786	0.12667357144649372	1.0910399095498786	NaN	1	NaN	NaN	800000009	800000009	800000009	800000019	800000009	800000009	899999999	899999999	89999	89999	89	89	16	14	5	14	15	0	0	NaN	0	0	13031	0	0	0	0	0	0	NaN	NaN	NaN	NaN	0	6339	0	0	0	0	101	0	18000	0	0	16	18000	18000	18000	18000	87	NaN	1.7026686584481552	0.9096437644831172	0.3401189569812382	0.06362611624997719	6.064716890672182	0.019504226625288328	NaN	NaN	0.00414332105454307	-0.0584393490557986	0.0032775584094533582	NaN	NaN	399.7833859769894	17.007129208539176	94749.80226367188	11.4399995803833	14.070454448752939	87.93780665058561	87.50194639714557	88.37366674444411	-0.8717235236830195	0.0002830726972444809	-1	0	2.04917199072559	10.279087379540314	1.0001757693158255	-273.1499938964844	9.00119456105762	-273.1499938964844	201
DATA	2025-10-19T170000_AIU-0547.ghg	2025-10-19	17:30:00	292.729	1	18000	18000	0.5499696198013546	0	NaN	11.131265452177635	0	NaN	1.788884999895497	0	NaN	1.5349332238845246	0	NaN	0.04035229011062174	0	NaN	0.015489761324136764	0	NaN	NaN	NaN	NaN	NaN	NaN	NaN	NaN	NaN	NaN	4.439885087370101e-11	1.8341573277926466e-12	2.431160105881825e-13	NaN	15.739926253111099	405.9107909770379	412.83340769400127	0.2	0	650.2308169682831	16.76854776756484	17.054527425350066	-0.1	0	0.0861875477023937	2.0601928881736	2.0953285042864676	-0.3	0	NaN	NaN	NaN	NaN	9	291.310325624254	290.0262276415281	94346.09921883735	1.126112456191468	1014.6807655634262	0.02555779281365587	0.0026148283991682887	0.011822978539343547	1582.4714388140533	1916.7083888929983	0.010498932388448191	82.56193002463016	334.23695007894503	287.0057866473701	-2.5105233919446577	0.18258187848311086	0.07825507682962111	2.518370048444302	-6.802410864873527e-15	2.8207788371896143e-15	2.518370048444302	8.486833119279781	156.15960504101977	175.84039495898017	1.7806785384756165	NaN	0.698841148450643	1.65850006888704	-2568.71201506917	-0.001128970465738219	6.222460053512608	0.013939746650630113	0	86.26512110509246	-13.091064940665015	29.612024540053017	73.7381280492803	112.45529787146926	157.7201542293585	236.29353141061057	0.5455212083855716	1.0081544243329197	11.141994242363268	1.013551832318304	1.6303328697982389	1.0972513853056767	1.3988893014310633	1.0972513853056767	0.03677579326945232	1.0972513853056767	0.010860751844321488	1.153435359823092	NaN	NaN	800000009	800000009	800000009	800000019	800001019	800001019	899999999	899999999	89999	89999	89	89	19	25	5	39	43	0	2	NaN	0	0	0	0	0	0	0	0	0	NaN	NaN	NaN	NaN	0	10	0	0	0	0	101	0	18000	0	0	16	18000	18000	18000	18000	87	NaN	2.0943708851490026	0.8476079789731346	0.3750212736519426	0.00797726911950518	0.2721623247269466	0.0017842818158751899	2.6729432344020985e-8	NaN	0.00975105799564649	0.036362431665225854	0.0009559421666367162	0.000010860751844321488	NaN	405.9102017720258	16.768538740755645	94747.41644292534	11.410831506676143	13.852846278349562	88.00997650061713	87.59274461004469	88.4272259220547	-0.8345072689519988	0.0002866434061240095	-1	0	2.045922325477007	48.9018798559587	1.0001831667754386	-273.1499938964844	9.00122080262502	-273.1499938964844	052
DATA	2025-10-19T173000_AIU-0547.ghg	2025-10-19	18:00:00	292.749	0	18000	18000	0.39570657041278007	0	NaN	3.1987369208913274	0	NaN	2.26625405125368	0	NaN	1.0590832975572437	0	NaN	0.0511105551806964	0	NaN	NaN	NaN	NaN	NaN	NaN	NaN	NaN	NaN	NaN	NaN	NaN	NaN	1.3402276263592593e-11	5.505709610843131e-13	NaN	NaN	15.798207461929623	407.54486646793356	414.48420618846484	0.3	0	648.9967894000401	16.74210890770585	17.02717980641595	0.5	0	NaN	NaN	NaN	NaN	0	NaN	NaN	NaN	NaN	9	291.3671159388224	289.8260090460998	95162.5432630051	1.1367244763306783	1014.6134333798386	0.0254556689938435	0.0033119639757091266	0.011851694322352516	1585.1747482481435	1891.5064221159278	0.010426180283026477	83.80488322502721	306.3316738677843	287.0320693532538	-2.027928458880358	0.22049952556060531	0.07886391829139747	2.04140475964898	1.6723074358164042e-14	8.483415789980779e-16	2.04140475964898	7.448437018809087	158.2054728787084	173.79452712129157	2.214011876485978	NaN	0.5900095278957173	1.1108583290003262	-5412.49584921004	-0.0005357971776409321	1.4114644027318133	0.004700712375511317	0	85.13260025106341	-12.91920053177269	29.223266779187252	72.77006625694666	110.97894255713157	155.64954490919283	233.19138133458307	0.392287992134243	1.0087144606694136	3.301424392757563	1.013300490367207	2.0746375663160395	1.0923614264239399	0.9695356060167388	1.0923614264239399	0.046789051631031	1.0923614264239399	NaN	1	NaN	NaN	800000009	800000009	800000009	800000019	800000009	800001009	899999999	899999999	89999	89999	89	89	18	27	7	41	43	0	8	NaN	0	0	0	0	0	0	0	0	0	NaN	NaN	NaN	NaN	0	8667	0	0	0	0	101	0	18000	0	0	21	18000	18000	18000	18000	87	NaN	1.457607000362224	0.48781953346760887	0.2762901241708198	0.009648184073706876	0.39901760939242475	0.005304766774770284	NaN	NaN	0.002862500269705518	0.02509825284662147	0.0012112226111157059	NaN	NaN	407.544608699737	16.74209626545739	94744.09118272571	11.416111098395454	13.828091505580485	88.00602727466159	87.58968734953139	88.422372566647	-0.8327041147467157	0.0002868696788015464	-1	0	0.5225919342785325	23.826299855533787	1.0001656692640648	-273.1499938964844	9.001119667026732	-273.1499938964844	148
DATA	2025-10-19T180000_AIU-0547.ghg	2025-10-19	18:30:00	292.77	0	18000	18000	0.2299203418534327	0	NaN	60.88443764930816	1	NaN	109.92303428941854	1	NaN	5.166748941134817	1	NaN	2.4741364798139167	1	NaN	NaN	NaN	NaN	NaN	NaN	NaN	NaN	NaN	NaN	NaN	NaN	NaN	6.168972485618622e-11	2.205724684172785e-12	NaN	NaN	16.027632641329767	407.58510848653856	413.61279621039466	0	0	573.0702321699426	14.573262188895095	14.788783001023686	0.7	0	NaN	NaN	NaN	NaN	0	NaN	NaN	NaN	NaN	9	289.0828235032824	287.75112696442824	95161.38275126112	1.1458346382841542	1013.3643058623622	0.025256406801995934	0.1603240438919418	0.01039776525624623	1380.7638030841956	1656.2961315003536	0.00907440298001159	83.36454917837867	275.53232841615795	284.92354505529715	-0.5317011842091327	-1.6134167493255074	0.15103924562957788	1.705471374727182	1.3150727714922112e-13	3.848960494459399e-15	1.705471374727182	9.630998546752902	80.23962598191025	251.76037401808975	5.0808614461682335	NaN	0.4479481268720767	2.422550916492635	-124.3909605718994	-0.023313591169864523	0.5538824327665876	0.11705528442783082	0	67.71257993726839	-10.275645242285798	23.243537516512294	57.8796948986915	88.27018670981356	123.80019194505354	185.4752468823217	0.22777061215504094	1.0094381346129433	66.50194051205706	1.0133895478787147	100.89981637626019	1.0894274958787866	4.742627628438053	1.0894274958787866	2.2710428084231107	1.0894274958787866	NaN	1	NaN	NaN	800000009	800000019	800000009	800000019	800000009	811100119	899999999	899999999	89999	89999	89	89	8	23	8	0	26	0	0	NaN	0	0	606	0	0	0	0	0	0	NaN	NaN	NaN	NaN	0	16065	0	0	0	0	101	0	13806	0	0	16	18000	18000	18000	18000	87	NaN	1.7109919779595026	2.851837007504137	0.2822728475216309	1.4938455434372693	10.565989652243053	1.5489290284114035	NaN	NaN	0.057272582763080955	0.12154531969790534	0.058202887897468254	NaN	NaN	407.58449203576	14.571776864341995	94789.4755141059	11.430000305175781	11.673511431641138	88.19322073491416	87.7717501555549	88.61469025421144	-0.8429394662181525	0.0002820700290968588	-1	0	12.52277417002753	4.133040774484679	1.0001597440557348	-273.3518689049614	9.001016816165713	-273.1499938964844	180
DATA	2025-10-19T183000_AIU-0547.ghg	2025-10-19	19:00:00	292.791	0	18000	18000	0.09309090543716092	0	NaN	-8.948466848585815	1	NaN	9.567420389523988	2	NaN	9.728221799108235	1	NaN	0.21508398373660423	2	NaN	NaN	NaN	NaN	NaN	NaN	NaN	NaN	NaN	NaN	NaN	NaN	NaN	-2.191325225637287e-11	-7.572849085246692e-13	NaN	NaN	16.219374925158917	406.8034451364171	412.60401329262197	0.1	0	560.5141451768849	14.058438525393205	14.25889634307224	0	0	NaN	NaN	NaN	NaN	0	NaN	NaN	NaN	NaN	9	287.77965660942925	286.5006249926947	95161.38275126112	1.1510574067088817	1013.0546376316862	0.025142552534201036	0.013937442146131953	0.01007586903611128	1332.2050970434257	1527.2228604880208	0.008753576474452596	87.23056284121641	195.01776344459518	284.3824452491392	-0.2087507195827508	-0.9524160389305407	0.07234215837700672	0.9777047417380791	-1.1681801475257913e-13	-1.3510540546406518e-15	0.9777047417380791	5.633678279625863	74.36260714400328	257.6373928559967	4.243297187399217	NaN	0.2843839848449716	0.8329263742210609	216.5357268755949	0.013392709100914887	-0.9353061205906759	-0.026984454642764718	0	76.20770788414076	-11.564813682637057	26.15964003872651	65.14120249662747	99.3444439702648	139.3319952140314	208.7447184443682	0.09229784575660628	1.008592396431938	-8.345273888119678	1.0130068953432918	8.72537823374179	1.09650494605792	8.872027284584968	1.09650494605792	0.19615413912163326	1.09650494605792	NaN	1	NaN	NaN	800000009	800000019	800000009	800000019	800100019	811100019	899999999	899999999	89999	89999	89	89	14	5	3	4	6	1	0	NaN	0	0	16332	0	0	0	0	0	0	NaN	NaN	NaN	NaN	0	17851	0	0	0	0	101	0	17801	0	0	21	18000	18000	18000	18000	87	NaN	0.8332025624669099	0.7479859331783639	0.08466425279684803	0.043269782575329784	8.501711319755824	0.046212341604943995	NaN	NaN	-0.0071566658773226585	0.22623253862948292	0.0050018386365054774	NaN	NaN	406.80222281263093	14.058388915167919	94835.70721657985	11.404440329551692	11.179603651497114	88.15732737604777	87.71005168363781	88.6046023894416	-0.8945520522097742	0.0002695258887251843	-1	0	19.07795490343032	0.3483051028193632	1.000145837434464	-273.1499938964844	9.000858573966557	-273.1499938964844	095
DATA	2025-10-19T223000_AIU-0547.ghg	2025-10-19	23:00:00	292.958	0	18000	18000	0.1953857482836313	1	NaN	-2.889059753661322	2	NaN	67.45410676904866	1	NaN	6.9532727678071495	1	NaN	1.5139129917069591	1	NaN	0.010968953647848292	1	NaN	NaN	NaN	NaN	NaN	NaN	NaN	NaN	NaN	NaN	-2.66177414241659e-10	-6.032438471632734e-12	-1.4783167664896945e-12	NaN	16.543243620608035	416.66266891279713	420.63468844350194	0	0	374.9232426307408	9.442919568527943	9.532938338510233	0.1	1	0.09187914942424497	2.136731477863141	2.157100807287564	0.7	0	NaN	NaN	NaN	NaN	9	285.1621548690796	284.77076522403297	94695.0263187934	1.154345616203775	1010.483787841232	0.025002201637307465	0.09810156186261094	0.006805857180452665	894.4373760860975	1363.7317537481815	0.00589585743205286	65.5874862213745	469.294377662084	278.51380432245486	-0.8767133768439515	-1.9222980524814959	0.10064867598604606	2.1151799695744793	-9.74838049295891e-14	-1.608979595211183e-14	2.1151799695744793	9.11226413352908	86.51657505762574	245.48342494237426	2.7273909840080717	NaN	0.41141347522111366	2.3389564198880985	2021.8884356819117	0.00143430267903082	-0.042830005347976347	-0.006020226124326574	0	62.129793233030775	-9.428435821388788	21.327147499666808	53.107612791864305	80.99246039661352	113.59307731121123	170.1831291810155	0.19372009861157055	1.008598228495643	0.8190864926411172	1.013315032706365	61.71028479776248	1.0930772235148465	6.3611907907554235	1.0930772235148465	1.3850009488249084	1.0930772235148465	0.006823604461444977	1.1507931469766421	NaN	NaN	800000009	800000009	800000009	800000009	800000019	800101019	899999999	899999999	89999	89999	89	89	8	10	9	10	60	0	2	NaN	0	0	0	0	0	0	0	0	0	NaN	NaN	NaN	NaN	0	0	0	0	0	0	0	0	16313	0	0	0	18000	18000	18000	18000	87	NaN	2.5164011275136597	1.8662587173608076	0.2952529949017294	0.06327667396529471	1.7435470008010527	0.1099452436825477	5.920634844684862e-8	NaN	0.0007022060324666534	0.16056033987259719	0.034958269667115044	0.000006823604461444977	NaN	416.66186526404493	9.442810250716844	95113.53056054687	11.355227988455034	5.355678210576317	88.40578068436517	88.00004527982075	88.81151581806607	-0.8114718662963973	0.00027962897052445147	-1	0	2.1282798226012125	74.53408366545212	1.000137842974729	-273.1499938964844	9.000800123982959	-273.1499938964844	152
DATA	2025-10-19T230000_AIU-0547.ghg	2025-10-19	23:30:00	292.979	0	18000	18000	0.09253340231418077	2	NaN	23.720820825015444	1	NaN	55.54920094346618	1	NaN	3.520905396016159	1	NaN	1.2464530806291358	1	NaN	0.00009850559782654362	1	NaN	NaN	NaN	NaN	NaN	NaN	NaN	NaN	NaN	NaN	-2.8599944309233503e-10	-6.097112814008139e-12	-1.592597636339303e-12	NaN	16.51826240701965	415.82260356549324	419.54174173828676	0.1	0	352.1465227275739	8.864763151776023	8.94405003697141	0.1	1	0.09198250661403788	2.1363315685565594	2.1554390250012907	-0.3	0	NaN	NaN	NaN	NaN	9	284.89973510826957	284.54396471659345	94729.91195833334	1.1559448667351087	1010.1600827889142	0.024973089003759483	0.080770159624768	0.006396606951906105	839.9834891556238	1343.4149797973646	0.005533660934861804	62.525988007244315	503.43149064174077	277.6133657135698	1.084742276534772	-1.7581033492521656	0.21641598740058698	2.0771203799384383	1.7195949168032266e-14	-1.731413607830784e-14	2.0771203799384383	9.726150988572629	30.32559098074296	301.6744090192571	5.98052361678399	NaN	0.28293111106712215	3.0414080304863025	-80.10523890415503	-0.03620237626991932	0.4270236191004209	0.07179954370684301	0	39.42575757016242	-5.983010816818331	13.533586758147045	33.700544587503046	51.395456872536855	72.08285903870639	107.99325805667173	0.09173925388456612	1.0086565826076361	26.501155420721027	1.013306232535128	50.83640760095786	1.092705082143128	3.222191837078848	1.092705082143128	1.140704020690067	1.092705082143128	-0.0110041265771562	1.150574292162202	NaN	NaN	800000009	800000009	800000009	800000009	800001019	800101019	899999999	899999999	89999	89999	89	89	8	10	6	21	61	0	5	NaN	0	0	0	0	0	0	0	0	0	NaN	NaN	NaN	NaN	0	0	0	0	0	0	0	0	16711	0	0	0	18000	18000	18000	18000	87	NaN	2.6753583336580085	2.972148021779836	0.4353097055347606	0.03737921954174474	0.3333796852502668	0.044664563052922296	1.1079539610521384e-8	NaN	0.02269538138890201	0.08118798888196863	0.028741760277488978	-0.0000110041265771562	NaN	415.8218550034328	8.864717518278583	95132.60962782118	11.390000343322754	4.45692493669195	88.44223567559985	88.03813569280837	88.84633253203498	-0.8081903559598658	0.00027957946590484223	-1	0	2.128382854157024	78.17215056037904	1.000137436856826	-273.1499938964856	9.000808107852937	-273.1499938964844	250
