DATAH	filename	date	time	DOY	daytime	file_records	used_records	Tau	qc_Tau	rand_err_Tau	H	qc_H	rand_err_H	LE	qc_LE	rand_err_LE	co2_flux	qc_co2_flux	rand_err_co2_flux	h2o_flux	qc_h2o_flux	rand_err_h2o_flux	ch4_flux	qc_ch4_flux	rand_err_ch4_flux	none_flux	qc_none_flux	rand_err_none_flux	H_strg	LE_strg	co2_strg	h2o_strg	ch4_strg	none_strg	co2_v-adv	h2o_v-adv	ch4_v-adv	none_v-adv	co2_molar_density	co2_mole_fraction	co2_mixing_ratio	co2_time_lag	co2_def_timelag	h2o_molar_density	h2o_mole_fraction	h2o_mixing_ratio	h2o_time_lag	h2o_def_timelag	ch4_molar_density	ch4_mole_fraction	ch4_mixing_ratio	ch4_time_lag	ch4_def_timelag	none_molar_density	none_mole_fraction	none_mixing_ratio	none_time_lag	none_def_timelag	sonic_temperature	air_temperature	air_pressure	air_density	air_heat_capacity	air_molar_volume	ET	water_vapor_density	e	es	specific_humidity	RH	VPD	Tdew	u_unrot	v_unrot	w_unrot	u_rot	v_rot	w_rot	wind_speed	max_wind_speed	wind_dir	yaw	pitch	roll	u*	TKE	L	(z-d)/L	bowen_ratio	T*	model	x_peak	x_offset	x_10%	x_30%	x_50%	x_70%	x_90%	un_Tau	Tau_scf	un_H	H_scf	un_LE	LE_scf	un_co2_flux	co2_scf	un_h2o_flux	h2o_scf	un_ch4_flux	ch4_scf	un_none_flux	un_none_scf	spikes_hf	amplitude_resolution_hf	drop_out_hf	absolute_limits_hf	skewness_kurtosis_hf	skewness_kurtosis_sf	discontinuities_hf	discontinuities_sf	timelag_hf	timelag_sf	attack_angle_hf	non_steady_wind_hf	u_spikes	v_spikes	w_spikes	ts_spikes	co2_spikes	h2o_spikes	ch4_spikes	none_spikes	head_detect_LI-7200	t_out_LI-7200	t_in_LI-7200	aux_in_LI-7200	delta_p_LI-7200	chopper_LI-7200	detector_LI-7200	pll_LI-7200	sync_LI-7200	chopper_LI-7500	detector_LI-7500	pll_LI-7500	sync_LI-7500	not_ready_LI-7700	no_signal_LI-7700	re_unlocked_LI-7700	bad_temp_LI-7700	laser_temp_unregulated_LI-7700	block_temp_unregulated_LI-7700	motor_spinning_LI-7700	pump_on_LI-7700	top_heater_on_LI-7700	bottom_heater_on_LI-7700	calibrating_LI-7700	motor_failure_LI-7700	bad_aux_tc1_LI-7700	bad_aux_tc2_LI-7700	bad_aux_tc3_LI-7700	box_connected_LI-7700	mean_value_RSSI_LI-7200	mean_value_LI-7500	u_var	v_var	w_var	ts_var	co2_var	h2o_var	ch4_var	none_var	w/ts_cov	w/co2_cov	w/h2o_cov	w/ch4_cov	w/none_cov	co2_mean	h2o_mean	air_p_mean	vin_sf_mean	dew_point_mean	avg_signal_strength_7200_mean	co2_signal_strength_7200_mean	h2o_signal_strength_7200_mean	delta_signal_strength_7200_mean	flowrate_mean	hit_power_mean	hit_vin_mean	ch4_mean	rssi_77_mean	ch4_aux-1_mean	ch4_aux-2_mean	ch4_aux-3_mean	ch4_aux-4_mean	CHK
DATAU		[yyyy-mm-dd]	[HH:MM]	[ddd.ddd]	[1=daytime]	[#]	[#]	[kg+1m-1s-2]	[#]	[kg+1m-1s-2]	[W+1m-2]	[#]	[W+1m-2]	[W+1m-2]	[#]	[W+1m-2]	[µmol+1s-1m-2]	[#]	[µmol+1s-1m-2]	[mmol+1s-1m-2]	[#]	[mmol+1s-1m-2]	[µmol+1s-1m-2]	[#]	[µmol+1s-1m-2]	[µmol+1s-1m-2]	[#]	[µmol+1s-1m-2]	[W+1m-2]	[W+1m-2]	[µmol+1s-1m-2]	[mmol+1s-1m-2]	[µmol+1s-1m-2]	[µmol+1s-1m-2]	[µmol+1s-1m-2]	[mmol+1s-1m-2]	[µmol+1s-1m-2]	[µmol+1s-1m-2]	[mmol+1m-3]	[µmol+1mol_a-1]	[µmol+1mol_d-1]	[s]	[1=default]	[mmol+1m-3]	[mmol+1mol_a-1]	[mmol+1mol_d-1]	[s]	[1=default]	[mmol+1m-3]	[µmol+1mol_a-1]	[µmol+1mol_d-1]	[s]	[1=default]	[mmol+1m-3]	[µmol+1mol_a-1]	[µmol+1mol_d-1]	[s]	[1=default]	[K]	[K]	[Pa]	[kg+1m-3]	[J+1kg-1K-1]	[m+3mol-1]	[mm]	[kg+1m-3]	[Pa]	[Pa]	[kg+1kg-1]	[%]	[Pa]	[K]	[m+1s-1]	[m+1s-1]	[m+1s-1]	[m+1s-1]	[m+1s-1]	[m+1s-1]	[m+1s-1]	[m+1s-1]	[deg_from_north]	[deg]	[deg]	[deg]	[m+1s-1]	[m+2s-2]	[m]	[#]	[#]	[K]	[0=KJ/1=KM/2=HS]	[m]	[m]	[m]	[m]	[m]	[m]	[m]	[kg+1m-1s-2]	[#]	[W+1m-2]	[#]	[W+1m-2]	[#]	[µmol+1s-1m-2]	[#]	[mmol+1s-1m-2]	[#]	[µmol+1s-1m-2]	[#]	[µmol+1s-1m-2]	[#]	8u/v/w/ts/co2/h2o/ch4/none	8u/v/w/ts/co2/h2o/ch4/none	8u/v/w/ts/co2/h2o/ch4/none	8u/v/w/ts/co2/h2o/ch4/none	8u/v/w/ts/co2/h2o/ch4/none	8u/v/w/ts/co2/h2o/ch4/none	8u/v/w/ts/co2/h2o/ch4/none	8u/v/w/ts/co2/h2o/ch4/none	8co2/h2o/ch4/none	8co2/h2o/ch4/none	8aa	8U	[#]	[#]	[#]	[#]	[#]	[#]	[#]	[#]	[#_flagged_recs]	[#_flagged_recs]	[#_flagged_recs]	[#_flagged_recs]	[#_flagged_recs]	[#_flagged_recs]	[#_flagged_recs]	[#_flagged_recs]	[#_flagged_recs]	[#_flagged_recs]	[#_flagged_recs]	[#_flagged_recs]	[#_flagged_recs]	[#_flagged_recs]	[#_flagged_recs]	[#_flagged_recs]	[#_flagged_recs]	[#_flagged_recs]	[#_flagged_recs]	[#_flagged_recs]	[#_flagged_recs]	[#_flagged_recs]	[#_flagged_recs]	[#_flagged_recs]	[#_flagged_recs]	[#_flagged_recs]	[#_flagged_recs]	[#_flagged_recs]	[#_flagged_recs]	[#]	[#]	[m+2s-2]	[m+2s-2]	[m+2s-2]	[K+2]	--	--	--	--	[m+1s-1K+1]	--	--	--	--	--	--	--	--	--	--	--	--	--	--	--	--	--	--	--	--	--	--	207
DATA	2026-01-23T233000_AIU-0547.ghg	2026-01-24	00:00:00	24	0	18000	18000	0.06039749346450306	1	NaN	7.859815651527052	1	NaN	37.03745800437251	1	NaN	1.6516930312643332	1	NaN	0.8204463559084881	1	NaN	-0.0007380155895685348	1	NaN	NaN	NaN	NaN	NaN	NaN	NaN	NaN	NaN	NaN	-1.0696904654026122e-10	-4.651941988250548e-13	-5.901032262304297e-13	NaN	17.86925602811149	423.25874724175316	424.0392747088301	0.3	0	77.71102492222707	1.8406961657334686	1.84409057618632	0.8	0	0.09857716763472607	2.143723800301945	2.1476770211600282	-0.2	0	NaN	NaN	NaN	NaN	9	270.52000688934334	271.02778614976677	96091.13854427083	1.234311333101052	1006.1137063831812	0.02344987319523762	0.05316492386287003	0.0014144786711073611	176.92203501587383	521.6325505046099	0.0011459658784414312	33.91698521204733	344.71051548873606	257.21439895474185	3.2937153652222437	0.4433997422282016	0.3911861203219491	3.3463697971445865	-2.7873950886634113e-14	-5.986205937839832e-15	3.3463697971445865	8.994688607807273	324.3329397659802	7.667060234019822	6.71314856746242	NaN	0.22120610026067958	1.7109351141072198	-116.56394544684832	-0.02487904805283348	0.21221261055764545	0.02861168786091466	0	36.39277433785071	-5.522743909990831	12.49246176169142	31.107996138135388	47.44165690727314	66.53759836965226	99.6854470956344	0.05992465535516835	1.0078905436590704	9.60643910467706	1.0145923159180836	33.46120356052437	1.1068776392749726	1.4922092313168651	1.1068776392749726	0.7412258833287997	1.1068776392749726	-0.005524763559287441	1.160159403953375	NaN	NaN	800000009	800000009	800000009	800000009	800000009	800011009	899999999	899999999	89999	89999	89	89	4	10	1	30	53	7	0	NaN	0	0	0	0	0	0	0	0	0	NaN	NaN	NaN	NaN	0	0	0	0	0	0	0	0	17208	0	0	0	18000	18000	18000	18000	100	NaN	1.4690790918323713	1.627746244492776	0.3250448918892922	0.03951774361401587	0.195048767956852	0.010389065640409654	3.441232750331222e-9	NaN	0.007735540282625303	0.035056663229865566	0.017413714929364055	-0.000005524763559287441	NaN	423.258735830124	1.8406844874284847	96479.66473611111	11.369999885559082	-15.956432831684795	101.5811112552219	101.53751390393575	101.62469900978937	-0.08715445814840506	0.0002632656078155075	-1	0	2.141986688501305	81.0932696164449	1	-273.1499938964844	9.000094479454889	-273.1499938964844	024
DATA	2026-01-24T000000_AIU-0547.ghg	2026-01-24	00:30:00	24.02	0	18000	18000	0.13527949891976188	1	NaN	2.903301224649033	2	NaN	29.67843471547684	1	NaN	2.5194777346186785	1	NaN	0.6571939003886837	1	NaN	-0.00548030295645718	1	NaN	NaN	NaN	NaN	NaN	NaN	NaN	NaN	NaN	NaN	-6.019993035337601e-11	-2.4693208933703236e-13	-3.3212485786166967e-13	NaN	17.875932659180204	422.74755465056285	423.4818951733755	0.1	1	73.32469281057757	1.7340541146677684	1.7370662816008289	0.1	1	0.0986220674795524	2.140850415409601	2.14456921448016	-0.1	0	NaN	NaN	NaN	NaN	9	270.1320449015299	270.6468449393378	96111.40912565104	1.2363592874091607	1006.0517482987925	0.02341197459589751	0.04258616474518671	0.0013346868951062978	166.70708988121777	507.1223404838288	0.0010795299624457761	32.87315043588259	340.415250602611	256.50257062614736	2.989851527548763	0.49032922362287007	0.30912995278415106	3.045520683238441	-1.055979336208985e-14	-3.3676525583944998e-15	3.045520683238441	9.179020255236233	322.68652102623923	9.313478973760734	5.8257353008996215	NaN	0.330783353048268	2.4727197320633576	-1055.3106582222922	-0.0027480059804239555	0.09782528130215058	0.007056403982928237	0	43.36128544848574	-6.580242355717624	14.8845261252755	37.06457462555033	56.525814938100325	79.27825917252075	118.77327863069988	0.1342173813797086	1.0079134127721394	4.352949995838709	1.014150251224552	26.90043906827316	1.103269528060607	2.2836466253605017	1.103269528060607	0.5956784662982022	1.103269528060607	-0.007919267891244718	1.157562288139923	NaN	NaN	800000009	800000009	800000009	800000009	800010009	800011109	899999999	899999999	89999	89999	89	89	10	4	5	65	31	4	0	NaN	0	0	0	0	0	0	0	0	0	NaN	NaN	NaN	NaN	0	0	0	0	0	0	0	0	17307	17995	0	0	18000	18000	18000	18000	100	NaN	2.6899420942370984	1.7864475460742677	0.46904982381534926	0.03374591432413223	0.2921784403010519	0.010275811933254967	3.9041260329863666e-9	NaN	0.0034996020526939274	0.053557573421368694	0.013970240771931151	-0.000007919267891244718	NaN	422.7473585331292	1.7340408285476503	96500.5860920139	11.321421922471789	-16.66972126921017	101.59499102189805	101.5496766213311	101.64026042323643	-0.09060315084022781	0.00026279804012220765	-1	0	2.1392155625091656	82.61621445316737	1.0000018773294157	-273.1499938964844	9.000106094360351	-273.1499938964844	042
DATA	2026-01-24T003000_AIU-0547.ghg	2026-01-24	01:00:00	24.041	0	18000	18000	0.20216273447960723	1	NaN	9.995044628145019	1	NaN	29.03225739183573	1	NaN	2.7616892536014634	1	NaN	0.6426228257931704	1	NaN	-0.005299233828814073	1	NaN	NaN	NaN	NaN	NaN	NaN	NaN	NaN	NaN	NaN	-3.5401025904415654e-11	-1.3522438662651809e-13	-1.9559713647663244e-13	NaN	17.880610317844404	422.14634795539513	422.8281622691197	0.1	1	68.30012693040939	1.6125092284902598	1.615113614098053	0.8	0	0.09879363909023484	2.140205956820488	2.1436626325983226	-0.1	0	NaN	NaN	NaN	NaN	9	269.68540757497146	270.21533768039274	96140.03204405382	1.2387593869634368	1005.981310888301	0.023367688461403354	0.04164195911139744	0.0012434869988640278	155.06827316659067	491.1197852565044	0.0010038164085377224	31.574430072207512	336.0515120899137	255.64236506090583	2.5796704325314543	0.07916961875872618	0.22397992886018617	2.5905857209410037	5.847477445445844e-14	-1.9798555684134735e-15	2.5905857209410037	8.603089501776543	330.2421546407449	1.7578453592551653	4.959938926246881	NaN	0.4039774024795513	2.451223369668598	-558.4828788978291	-0.00519263903975566	0.3442737673907425	0.01985412693895274	0	46.66171335908192	-7.081095024282967	16.01745622528878	39.885730763411395	60.82825605259492	85.31249401058417	127.81366199967283	0.2005379078598701	1.0081023415327166	11.325725939653921	1.0136173871324243	26.439640673055774	1.098057940757949	2.5150669660429497	1.098057940757949	0.5852358076383397	1.098057940757949	-0.009970441360134905	1.153961781228031	NaN	NaN	800000009	800000009	800000009	800000009	800010009	800110009	899999999	899999999	89999	89999	89	89	14	3	3	46	9	6	0	NaN	0	0	0	0	0	0	0	0	0	NaN	NaN	NaN	NaN	0	0	0	0	0	0	0	0	18000	18000	0	0	18000	18000	18000	18000	100	NaN	2.00736868531028	2.3127073780533123	0.5823706759736044	0.027103914690209837	0.19715047324102009	0.005081594831973604	7.74886246721894e-9	NaN	0.009088436504436505	0.058866249153986895	0.013697701624412709	-0.000009970441360134905	NaN	422.14629417549565	1.6124935131263287	96530.31986588542	11.326100945578682	-17.522781172063617	101.62621994993422	101.58054166094462	101.67190168380738	-0.09134357600783312	0.00026277351679002294	-1	0	2.1386834984752867	82.39298394415113	1.0000059432312847	-273.1499938964844	9.000102248006398	-273.1499938964844	069
DATA	2026-01-24T010000_AIU-0547.ghg	2026-01-24	01:30:00	24.062	0	18000	18000	0.2554162825142254	1	NaN	4.390362967471173	2	NaN	20.28364626587696	0	NaN	2.022619834251343	0	NaN	0.44872833717217475	0	NaN	-0.006046749780714509	0	NaN	NaN	NaN	NaN	NaN	NaN	NaN	NaN	NaN	NaN	-3.21140463531048e-10	-1.1384624394931298e-12	-1.7761190102059393e-12	NaN	17.888327186826338	421.435156253793	422.06572802865935	0.1	1	63.41520586862038	1.4940132140354696	1.496248629259065	0.7	0	0.0989342720252824	2.137442161368437	2.1406403062725046	-0.1	0	NaN	NaN	NaN	NaN	9	269.09947066497796	269.6357713419596	96176.36134288195	1.241946814383638	1005.9109194220354	0.023308760818522744	0.029077596248756922	0.001155021443988762	143.72729771149997	470.3324869755118	0.000930008781867188	30.558658330353275	326.60518926401187	254.74673446529775	1.740872313940576	0.03335999418445237	0.11051285225166971	1.744695501561567	-2.0042551494659216e-13	-1.795251507740469e-14	1.744695501561567	9.102898963717488	330.90218659604193	1.0978134039580523	3.63167203941521	NaN	0.4534953004930555	2.514176092882257	-1799.0679391703538	-0.0016119457952973942	0.216448409222017	0.007749347125187003	0	59.29450188157028	-8.998169420180616	20.35388372860729	50.6840483888617	77.29637176430917	108.40926045094466	162.4168269092273	0.2530542736142171	1.0093340012254017	5.359373823387152	1.0133637623843115	18.613186893998343	1.0897460161654122	1.856047009346745	1.0897460161654122	0.4117733219628145	1.0897460161654122	-0.008373536199198853	1.1489507086172555	NaN	NaN	800000009	800000009	800000009	800000009	800010009	800011109	899999999	899999999	89999	89999	89	89	9	10	3	66	34	12	0	NaN	0	0	0	0	0	0	0	0	0	NaN	NaN	NaN	NaN	0	0	0	0	0	0	0	0	18000	606	0	0	18000	18000	18000	18000	100	NaN	2.4925895093966	2.132584907631376	0.403177768736538	0.02709869364379645	0.28378958758636996	0.007622742668746053	5.843704209039384e-9	NaN	0.004289943084140699	0.04332690413950214	0.009612290614431416	-0.000008373536199198853	NaN	421.43489104463316	1.4939975835155594	96566.61268467882	11.34000015258789	-18.424889023833817	101.64828559112549	101.60102959039476	101.69552907816569	-0.0945140371676531	0.0002619009518982946	-1	0	2.136031902339723	81.27245624732986	1.0000053684893582	-273.1499938964844	9.00012068883578	-273.1499938964844	103
DATA	2026-01-24T013000_AIU-0547.ghg	2026-01-24	02:00:00	24.083	0	18000	18000	0.06530932783682993	2	NaN	19.77019397866874	1	NaN	23.704038014770052	1	NaN	1.2348529588040906	1	NaN	0.5241516674510116	1	NaN	-0.0004858912466298207	1	NaN	NaN	NaN	NaN	NaN	NaN	NaN	NaN	NaN	NaN	-2.3501262636138053e-10	-7.903696575450085e-13	-1.2987643935197216e-12	NaN	17.90142259504812	420.82368199104957	421.42010513306514	0.1	1	60.20417483552583	1.4152697860184096	1.4172756133724764	0.5	0	0.09892970696836792	2.1324235005430374	2.135445732367739	-0.2	0	NaN	NaN	NaN	NaN	9	268.6046785676744	269.14133402845596	96193.16458550347	1.244482841810652	1005.8630236478493	0.023261954846319717	0.03396502805082555	0.0010963464656992947	136.1757973799214	453.22022354166825	0.0008809655134370296	30.04627558668543	317.04442616174686	254.11462019597087	2.70266949945984	0.3544795379825724	0.27985941636373696	2.7401458828112206	-1.6367559536107418e-14	-1.3128153648883165e-14	2.7401458828112206	8.281758056629247	324.5277930988129	7.472206901187086	5.862013421900672	NaN	0.2290831522071268	2.3203483223716916	-51.50442810450808	-0.05630583828861443	0.8340432953385358	0.0689429755525013	0	38.94410105324606	-5.90991758213354	13.36824966227225	33.288831841202246	50.76756895691477	71.20223730931616	106.67392623575599	0.06478998522144619	1.008015785365727	20.69437644526195	1.0137712191964188	21.554422217853745	1.0997296877267142	1.1228695311087709	1.0997296877267142	0.47661863938083004	1.0997296877267142	-0.008178447063967255	1.155095380969804	NaN	NaN	800000009	800000009	800000009	800000009	800000009	800011109	899999999	899999999	89999	89999	89	89	1	2	5	61	36	8	0	NaN	0	0	0	0	0	0	0	0	0	NaN	NaN	NaN	NaN	0	0	0	0	0	0	0	0	17505	0	0	0	18000	18000	18000	18000	100	NaN	2.5923136565556764	1.7540972944897606	0.29428569369794655	0.03434586702021355	0.1901978288127087	0.006903617655894594	5.273520726450641e-9	NaN	0.016531969231919214	0.026157169713019124	0.011102798939038067	-0.000008178447063967255	NaN	420.82351467798696	1.4152530992716739	96584.52571050347	11.352767613781824	-19.057283660252885	101.65696763081021	101.60715202734205	101.70677101347181	-0.09963191988753754	0.0002612984122566155	-1	0	2.1310913017855753	80.68848797734579	1.000055085932215	-413.5338747914796	9.0004531086021	-361.20787259418387	121
DATA	2026-01-24T020000_AIU-0547.ghg	2026-01-24	02:30:00	24.104	0	18000	18000	0.10145381152788971	1	NaN	17.658496165780047	1	NaN	24.539747354316425	1	NaN	-0.13542428316192068	1	NaN	0.5424408362831636	1	NaN	-0.0012166758122816987	1	NaN	NaN	NaN	NaN	NaN	NaN	NaN	NaN	NaN	NaN	-8.357326787760463e-11	-2.6820434726099324e-13	-4.616428202536216e-13	NaN	17.922531208837967	420.60903344240484	421.1775488474878	0.1	1	57.51720503703417	1.3498236234068246	1.3516481099561768	0.7	0	0.09900065012952144	2.1302554549551282	2.1331348107145423	-0.1	0	NaN	NaN	NaN	NaN	9	268.2244063284132	268.7698087980483	96216.72033072916	1.2465391460736859	1005.8237838929334	0.023224156702349317	0.035150166191149	0.0010473500683919879	129.91043982455471	440.7282483937687	0.000840206319786187	29.476313419439865	310.817808569214	253.56589100728792	2.310502275198314	0.6160791731037976	0.2491347201635765	2.404171878219224	-1.7058962569013359e-15	-4.6630281684984844e-15	2.404171878219224	7.116313915043086	317.06985077387844	14.930149226121593	5.948010439613353	NaN	0.2852865013976505	1.5600596381368037	-111.38731551421981	-0.0260352804680869	0.7195875291957315	0.049367901846738525	0	47.34943053735446	-7.1854587593156785	16.25352727809369	40.47358106378217	61.72476485178559	86.56986034861067	129.69742589618193	0.10062347979547755	1.0082518685907091	18.65902620897541	1.0134611027405456	22.389555648811324	1.0960354791864417	-0.12355830238492148	1.0960354791864417	0.4949117492855279	1.0960354791864417	-0.008261877725743556	1.1526330833007765	NaN	NaN	800000009	800000009	800000009	800000009	800010009	800010109	899999999	899999999	89999	89999	89	89	3	10	2	95	32	10	0	NaN	0	0	0	0	0	0	0	0	0	NaN	NaN	NaN	NaN	0	0	0	0	0	0	0	0	17901	0	0	0	18000	18000	18000	18000	100	NaN	1.6221845965412802	1.2179317319352996	0.2800029477970274	0.025763718223343415	0.12859839906756626	0.006750878841552942	1.0732179870743291e-8	NaN	0.014881994933714313	-0.0028734170230363203	0.011509447911217536	-0.000008261877725743557	NaN	420.6089353936004	1.3498077608894676	96609.01692100694	11.359999656677246	-19.60722552209431	101.66508633295695	101.61346778276231	101.71664274830289	-0.10318681158632463	0.0002611743464674672	-1	0	2.128983659863472	80.65633376181566	1.0000439863055945	-294.4679947916646	9.000415054718653	-273.1499938964844	084
DATA	2026-01-24T023000_AIU-0547.ghg	2026-01-24	03:00:00	24.124	0	18000	18000	0.10189376577268756	1	NaN	17.954364059482497	0	NaN	21.558440904085625	0	NaN	-0.6612965427514749	0	NaN	0.4763030013226793	0	NaN	-0.0016939923855323587	0	NaN	NaN	NaN	NaN	NaN	NaN	NaN	NaN	NaN	NaN	-2.2286679510171346e-10	-7.201050055790254e-13	-1.230441888776079e-12	NaN	17.985345052002938	421.32136433750344	421.8957043156474	0.1	1	58.112456784342655	1.3613316567789058	1.3631874069501093	0.5	0	0.09929663109291897	2.1314635641296524	2.1343691484186467	-0.1	0	NaN	NaN	NaN	NaN	9	267.69267603019154	268.2420475240157	96244.2898921441	1.249344130640747	1005.8241072304734	0.023171913737572318	0.030864434485709615	0.001058660806064261	131.0555434493452	423.5091834328822	0.0008473732577759093	30.945147962798522	292.45363998353696	253.66792455973717	1.9663714357496782	0.35124446254318603	0.1790256420288895	2.0055023002486863	3.393549769279167e-14	-1.2391577390220483e-14	2.0055023002486863	6.200058696734361	321.8723152690167	10.127684730983235	5.121452980965935	NaN	0.28558327267318534	1.2241310399059848	-109.91605729457726	-0.026383770227746992	0.8328229364712498	0.05003030375654783	0	56.46886245216407	-8.569367735381537	19.38393315005326	48.268734303661276	73.61286538721691	103.24309038251599	154.67696274727876	0.10100734317207556	1.0087758233488222	18.80615137205327	1.0132973353045218	19.741562907769108	1.0920331386529432	-0.6055645376908659	1.0920331386529432	0.4361616735461104	1.0920331386529432	-0.008634202961609404	1.1501790030105252	NaN	NaN	800000009	800000009	800000009	800000009	800000009	800011119	899999999	899999999	89999	89999	89	89	1	2	1	66	69	16	0	NaN	0	0	0	0	0	0	0	0	0	NaN	NaN	NaN	NaN	0	0	0	0	0	0	0	0	17703	0	0	0	18000	18000	18000	18000	100	NaN	1.5507374863200816	0.7168779101602879	0.18064668333160022	0.027843256870168923	0.20958456623372212	0.008455542293216023	7.633995639595567e-9	NaN	0.014965657649049995	-0.014051222735215427	0.010120481702793008	-0.000008634202961609403	NaN	421.3206606363497	1.3613057145478833	96636.0993404948	11.350284805297852	-19.5083857674069	101.68556144777934	101.63336031892564	101.73774077648586	-0.10441370674947041	0.00026012883722109517	-1	0	2.1301806917852826	80.64424256197611	1.000014918345544	-273.1499938964844	9.000240626123217	-273.1499938964844	044
DATA	2026-01-24T030000_AIU-0547.ghg	2026-01-24	03:30:00	24.145	0	18000	18000	0.0729943100086228	1	NaN	24.731229075132333	1	NaN	23.251044849464304	1	NaN	-0.7227563549989826	1	NaN	0.5135446977022523	1	NaN	-0.001206659926131252	1	NaN	NaN	NaN	NaN	NaN	NaN	NaN	NaN	NaN	NaN	-1.883866799609269e-10	-5.958249765954605e-13	-1.0402452672736196e-12	NaN	17.995942674727623	421.02166226809607	421.5830411693761	0.2	0	56.917145762146056	1.331597446906012	1.3333729629392352	0.6	0	0.09937111371884419	2.1299354188454576	2.132775417145753	-0.1	0	NaN	NaN	NaN	NaN	9	267.3839778120253	267.92428795878095	96244.97161480035	1.2508487898943514	1005.8047604821173	0.023144300348536453	0.03327769641110595	0.0010367730302072906	128.19393592469152	413.43265172217326	0.0008288556047568771	31.00721130532231	285.23871579748175	253.41142535400306	2.26806593668773	0.6338603493596676	0.26554093318102195	2.369897470956952	1.5870312591527555e-15	-1.0468286289080336e-14	2.369897470956952	6.522385521696843	316.3858236687968	15.614176331203238	6.433354730380423	NaN	0.24156949836628547	1.0971145656490746	-48.29611433125849	-0.06004623850501044	1.063660976754003	0.08137389479999098	0	41.712587629658	-6.330046100993622	14.318581515857026	35.65529252727119	54.37657081786725	76.26391373450377	114.25723987889457	0.0723945228171655	1.008284980245979	25.57255960408851	1.0134372010104296	21.22076601276046	1.095674154056597	-0.659645344670281	1.095674154056597	0.46870202769766633	1.095674154056597	-0.010398070692604358	1.152399946503227	NaN	NaN	800000009	800000009	800000009	800000009	800000009	800011009	899999999	899999999	89999	89999	89	89	11	1	3	47	41	7	0	NaN	0	0	0	0	0	0	0	0	0	NaN	NaN	NaN	NaN	0	0	0	0	0	0	0	0	17703	0	0	0	18000	18000	18000	18000	100	NaN	1.1456282136068168	0.7729855541330339	0.27561536355829863	0.022478656897899445	0.17424478249515324	0.00933781764451121	7.641526958493016e-9	NaN	0.020326176854293675	-0.015287392093300605	0.01086224852525982	-0.000010398070692604358	NaN	421.02176637349623	1.3315880888599092	96638.69549240451	11.350000381469727	-19.769023565504284	101.69586215803358	101.64319274732802	101.74859052403768	-0.10542070487638304	0.00026020445717020067	-1	0	2.12867794273297	80.71344815052882	1.0000083106507858	-273.1499938964844	9.00022525548935	-273.1499938964844	113
DATA	2026-01-24T033000_AIU-0547.ghg	2026-01-24	04:00:00	24.166	0	18000	18000	0.06778526490236553	2	NaN	21.467134046724333	1	NaN	17.656856333936425	1	NaN	-0.15736507966392266	2	NaN	0.38992769991020954	1	NaN	-0.0021761866435830376	1	NaN	NaN	NaN	NaN	NaN	NaN	NaN	NaN	NaN	NaN	1.4924119686405093e-10	4.223986380188326e-13	8.243498122986999e-13	NaN	18.01473264347177	421.51770838597827	422.02119029297467	0.1	1	50.98725213124329	1.1930251811451724	1.1944501902998237	0.5	0	0.09950631451170287	2.1311348812465374	2.1336804157109968	-0.1	0	NaN	NaN	NaN	NaN	9	267.1938941434225	267.76543428124324	96282.60879340277	1.252145946581143	1005.728947678864	0.023121536158114513	0.025267314954181577	0.0009297960994274227	114.89838880838161	408.4755985119643	0.0007425620806952545	28.128580807995615	293.57720970358264	252.147986555501	1.8213506960666932	0.4933016613777666	0.1999212177382073	1.897533499172692	-3.377834994341726e-14	8.2843969887132e-15	1.897533499172692	6.830829668528184	316.84536978718114	15.154630212818864	6.04781967845306	NaN	0.23266988373143382	1.5722393166194735	-49.7266631364758	-0.058318813632052754	1.2157959288293334	0.07326524274445849	0	41.48448342090174	-6.295430407283189	14.240280722432637	35.4603124804298	54.079213943932395	75.84686649079127	113.6324271118554	0.06718189267878702	1.0089811733418017	22.076251137240195	1.0133045714063098	16.183388162233	1.0910481882367529	-0.14423293247774965	1.0910481882367529	0.3573881558250632	1.0910481882367529	-0.009946425289303264	1.1496275509465124	NaN	NaN	800000009	800000009	800000009	800000009	800000009	800010119	899999999	899999999	89999	89999	89	89	5	11	1	68	25	13	0	NaN	0	0	0	0	0	0	0	0	0	NaN	NaN	NaN	NaN	0	0	0	0	0	0	0	0	16609	0	0	0	18000	18000	18000	18000	100	NaN	1.9078933643188198	0.9773744123161006	0.25921085660402643	0.0244016912182752	0.0703379404116038	0.007320947024487183	9.175289691425063e-9	NaN	0.017530303031587584	-0.0033388713896131115	0.008273235993832258	-0.000009946425289303263	NaN	421.5181074928222	1.1930139615821134	96677.2751126302	11.350000381469727	-21.032018937905534	101.68172012880113	101.62780854733785	101.7355720140669	-0.10779799121018092	0.00026016480183494015	-1	0	2.1300079984532463	80.44552277565	1.000006510997812	-273.1499938964844	9.000199652857251	-273.1499938964844	157
DATA	2026-01-24T040000_AIU-0547.ghg	2026-01-24	04:30:00	24.187	0	18000	18000	0.04924863342989007	1	NaN	23.665334916317125	0	NaN	20.807515575556224	0	NaN	0.6649826243452657	0	NaN	0.45948993344830624	0	NaN	-0.0013031045128195041	0	NaN	NaN	NaN	NaN	NaN	NaN	NaN	NaN	NaN	NaN	3.5208913635938794e-11	1.0155035382575944e-13	1.9437482286419643e-13	NaN	18.045700817676426	422.08781539048533	422.6022894436654	0.1	1	52.04782294669556	1.2173953289684545	1.218879186797038	0.6	0	0.09962334925084984	2.1332809275854365	2.1358811393076613	-0.1	0	NaN	NaN	NaN	NaN	9	267.1534652130692	267.72897910987007	96341.36247894965	1.2530690819113135	1005.7415927930913	0.023104289528869938	0.029774947687450242	0.0009494974591827605	117.31698526875299	407.34549351585804	0.0007577375205319778	28.800364097850466	290.02850824710504	252.38724019912425	1.8463717336300174	0.26105367540064095	0.17959006099683567	1.873363336407801	3.1378980417138024e-14	1.9510970502985604e-15	1.873363336407801	6.192625291860552	323.9524411479681	8.047558852031871	5.5011105050298825	NaN	0.19824835155467393	0.9484984730764024	-27.915768384958817	-0.10388393971496544	1.1373455341356633	0.09471999031229454	1	22.005166385274343	10	18	31	50	86	225	0.04880780750011905	1.0090318732258141	24.40405489995028	1.0133098454210083	19.074854676082367	1.0908348152002652	0.6096089115226693	1.0908348152002652	0.42122778540392386	1.0908348152002652	-0.010023981153588673	1.1495126303903578	NaN	NaN	800000009	800000009	800000009	800000009	800000009	800010119	899999999	899999999	89999	89999	89	89	5	1	2	62	72	9	0	NaN	0	0	0	0	0	0	0	0	0	NaN	NaN	NaN	NaN	0	0	0	0	0	0	0	0	13366	0	0	0	18000	18000	18000	18000	100	NaN	1.1170101555339602	0.6452063199337338	0.13478047068511073	0.027724648546548235	0.05403255072717785	0.00827785238668941	9.544822855754046e-9	NaN	0.01936424496707695	0.014101752804168532	0.009744034235287904	-0.000010023981153588673	NaN	422.087851571181	1.2173832960661157	96738.01188302951	11.35638380765915	-20.794903482913988	101.6767282716963	101.62292817963494	101.73052513080174	-0.10762468973450644	0.00025994019932922035	-1	0	2.132131700615088	80.27994585980309	1.0000134570019112	-273.1499938964844	9.000283243338266	-273.1499938964844	079
DATA	2026-01-24T043000_AIU-0547.ghg	2026-01-24	05:00:00	24.208	0	18000	18000	0.053415335933137145	1	NaN	32.39320583314161	1	NaN	32.969276951372144	1	NaN	0.8166587426020111	1	NaN	0.7279839059540019	1	NaN	-0.0023915247376344677	1	NaN	NaN	NaN	NaN	NaN	NaN	NaN	NaN	NaN	NaN	8.063713414444944e-11	2.3731687219168664e-13	4.4585186629391106e-13	NaN	18.03343681258724	421.6402548617584	422.1641168836501	0.1	1	53.07280404538293	1.240896610916892	1.2424383484527604	0.4	0	0.09970891877410279	2.134083830333807	2.1367352979234266	-0.1	0	NaN	NaN	NaN	NaN	9	267.0487711351183	267.6229701326158	96377.05718663195	1.2540187389696582	1005.7530415523241	0.023086587603249525	0.04717335710581932	0.0009685691838106203	119.62604344777348	404.0750125026468	0.0007723721773140548	29.60490991681647	284.4489690548733	252.61157126388855	1.8761052347312888	0.6376682096041231	0.17056576092723408	1.9888399322536185	-5.5934677344957494e-14	4.471534460262459e-15	1.9888399322536185	5.881287746577323	313.22764924017673	18.772350759823283	4.919811611542072	NaN	0.20638634923855492	1.0670207189617653	-23.016453817977016	-0.12599682048912997	0.9825270320886864	0.12444503690810557	0	42.12566907386437	-6.39273280383035	14.460379008356663	36.00838833282351	54.91506420034117	77.01915836008246	115.38873395160104	0.052949099064013974	1.008805378700769	33.6270934729398	1.0132967707315876	30.19501432015882	1.0918781690843964	0.7479394365827711	1.0918781690843964	0.666726313032212	1.0918781690843964	-0.014571272763116604	1.1500903416750967	NaN	NaN	800000009	800000009	800000009	800000009	800000009	800011119	899999999	899999999	89999	89999	89	89	8	4	0	48	51	14	0	NaN	0	0	0	0	0	0	0	0	0	NaN	NaN	NaN	NaN	0	0	0	0	0	0	0	0	10827	0	0	0	18000	18000	18000	18000	100	NaN	1.2662648582412217	0.6714939055051288	0.19628267417717996	0.033121506037239304	0.05666907950612281	0.009149934182684314	1.1415316859032363e-8	NaN	0.0266620752735479	0.017288828728283117	0.015411564721494608	-0.000014571272763116604	NaN	421.6402435395988	1.240878155464506	96771.03994639756	11.359999656677246	-20.57205552800496	101.67329817559984	101.61980444717408	101.72673318502638	-0.10697480855130218	0.00025970726664430307	-1	0	2.132913399246004	80.21667005310059	1.0000146130240626	-273.1499938964844	9.000297101047304	-273.1499938964844	185
DATA	2026-01-24T050000_AIU-0547.ghg	2026-01-24	05:30:00	24.229	0	18000	18000	0.06867885657703425	1	NaN	34.17296552411626	0	NaN	30.427215117024424	0	NaN	0.7116415518927948	0	NaN	0.6717788229823052	0	NaN	-0.0024005950857824954	0	NaN	NaN	NaN	NaN	NaN	NaN	NaN	NaN	NaN	NaN	-2.9993511148253754e-11	-8.563476217810614e-14	-1.6593840973475517e-13	NaN	18.028857935817367	421.27147400721196	421.7787795006872	0.1	1	51.47436570681284	1.2027762375239006	1.2042246503179435	0.5	0	0.09974424135993604	2.1336439883314826	2.136213375017234	-0.1	0	NaN	NaN	NaN	NaN	9	266.93764936743844	267.50514641571044	96397.04388151041	1.2548493459649186	1005.7314205089299	0.023071638898325197	0.04353126772925337	0.0009394229975189876	115.9751745186435	400.4674545639057	0.0007486340894544729	28.959949977691995	284.4922800452622	252.25505657132192	1.9592072875438842	0.5462117276249785	0.212763056815731	2.045020431513056	-2.2441161973963663e-15	-1.66363899782396e-15	2.045020431513056	5.926874362904037	316.4219440144988	15.578055985501154	5.971835205523876	NaN	0.2339460590715358	0.9378055318598119	-31.781558803055137	-0.09124788428317195	1.1231052658840288	0.11574262499360831	0	49.578768234517185	-7.523769355700004	17.018786768264984	42.379185396942596	64.63093169626394	90.6458006698151	135.80392723091757	0.06808593213817478	1.0087084720769657	35.25511715398789	1.0133009449225796	27.853409450026373	1.0924054080925312	0.6514445521973431	1.0924054080925312	0.6149537689998352	1.0924054080925312	-0.01496832982052769	1.15039478241756	NaN	NaN	800000009	800000009	800000009	800000009	800000009	800010009	899999999	899999999	89999	89999	89	89	5	0	3	55	59	7	0	NaN	0	0	0	0	0	0	0	0	0	NaN	NaN	NaN	NaN	0	0	0	0	0	0	0	0	9425	0	0	0	18000	18000	18000	18000	100	NaN	1.0513167798718401	0.6564605743702646	0.1678337094775191	0.038529667698359624	0.052217019270163124	0.010805429775575318	1.1508301013547555e-8	NaN	0.02793499225001871	0.015047997699599146	0.014205081414919976	-0.00001496832982052769	NaN	421.27159159471864	1.2027561113515732	96790.77408810765	11.350284249782563	-20.935984121322612	101.67366798549229	101.61996088557773	101.72739886644152	-0.10739938928314517	0.00025966869227381207	-1	0	2.132509914020697	80.162348566903	1.0000173254526323	-273.1499938964844	9.00032368964619	-273.1499938964844	147
DATA	2026-01-24T053000_AIU-0547.ghg	2026-01-24	06:00:00	24.249	0	18000	18000	0.05362350494369003	1	NaN	31.19609941776291	1	NaN	25.880056043087954	1	NaN	1.232320646971368	1	NaN	0.5713263410164778	1	NaN	-0.0016540233387035508	1	NaN	NaN	NaN	NaN	NaN	NaN	NaN	NaN	NaN	NaN	-1.2116414473782162e-10	-3.288494272927572e-13	-6.699221263307183e-13	NaN	18.035921491632653	420.93532446254477	421.41677331852907	0.1	1	48.950970322568736	1.1424529977603957	1.1437596894463211	0.5	0	0.09972143906230059	2.1319919982847138	2.134430484790574	-0.1	0	NaN	NaN	NaN	NaN	9	266.8205076599121	267.3950815658569	96469.25404947916	1.2563349183678867	1005.6980267537898	0.023044883367692396	0.03702194689786776	0.0008933437867270288	110.24115157246099	397.12336789684326	0.0007110713661350572	27.759925626209238	286.8822163243823	251.67428960596726	1.8976764364094296	0.5840841322463874	0.1835294573774454	1.993994280977418	6.838715821137026e-14	-6.717934805495406e-15	1.993994280977418	6.04411938345768	314.89220474394165	17.10779525605832	5.281041869996978	NaN	0.2065974149730497	0.8149786887449735	-23.98903078345884	-0.12088858554467474	1.2054108138647082	0.11950948747175008	0	45.459859695783216	-6.89870909409628	15.604898754607236	38.858404328514816	59.26151841897448	83.11512220250819	124.52159861760606	0.053155936779491306	1.0087961607400195	32.08870306443619	1.0132968711690797	23.701254486744414	1.091927689209957	1.128573493601018	1.091927689209957	0.5232272673933654	1.091927689209957	-0.013021161359172887	1.1501177973054821	NaN	NaN	800000009	800000009	800000009	800000009	800000009	800010119	899999999	899999999	89999	89999	89	89	5	15	2	55	41	9	0	NaN	0	0	0	0	0	0	0	0	0	NaN	NaN	NaN	NaN	0	0	0	0	0	0	0	0	11425	0	0	0	18000	18000	18000	18000	100	NaN	0.8637821383320072	0.6035954348048104	0.1625798043531294	0.0296184843786543	0.059624258506321845	0.007551284358769258	9.497470798104797e-9	NaN	0.025396808006246992	0.02603759924446224	0.012071506179623112	-0.000013021161359172888	NaN	420.9353406664411	1.1424360467745693	96862.86205143228	11.35305071592331	-21.50818004327352	101.67481644291348	101.6207702416314	101.72889823150635	-0.1080316006590923	0.0002596685640876078	-1	0	2.130914782775773	80.1663526128557	1.0000095012585322	-273.1499938964844	9.000256123834186	-273.1499938964844	156
DATA	2026-01-24T060000_AIU-0547.ghg	2026-01-24	06:30:00	24.27	0	18000	18000	0.042898881675503035	0	NaN	21.428074263375688	0	NaN	20.16803906243077	0	NaN	1.262020350628164	0	NaN	0.44523431582292894	0	NaN	-0.0011535420839522963	0	NaN	NaN	NaN	NaN	NaN	NaN	NaN	NaN	NaN	NaN	2.3181580162188058e-11	6.100763088737207e-14	1.2812519101973426e-13	NaN	18.03321904963753	420.92960730141124	421.39641868565457	0.1	1	47.45854095338646	1.1077725475202078	1.1090010684590175	0.6	0	0.09967006646096707	2.1309853137446395	2.1333485787344526	0	0	NaN	NaN	NaN	NaN	9	266.77962753634984	267.40954104275175	96505.3699891493	1.256753791294605	1005.6796440071381	0.023037504798742402	0.028851183665325793	0.0008665027668027188	106.93467596494969	397.56126643182427	0.0006894769467216951	26.89765955438905	290.6265904668746	251.3269730878244	0.947269331211315	0.1182981780260472	0.09463262937518054	0.9593065095788232	6.172788699255188e-15	1.2854931833512004e-15	0.9593065095788232	4.124404212624878	324.8815638435143	7.118436156485699	5.6612592553586705	NaN	0.18475571592256537	0.48187378721605373	-24.98404089847135	-0.11607409753229457	1.0624768326283207	0.09176464646593803	1	8.744623736342177	4	7	13	20	35	94	0.0423318160018818	1.013395732268987	22.123113382181838	1.015334188699865	18.57108076330941	1.085991672723563	1.1620902648941478	1.085991672723563	0.4099794934028582	1.085991672723563	-0.009116942358495927	1.1486466384046174	NaN	NaN	800000009	800000009	800000009	800000009	800000009	800010109	899999999	899999999	89999	89999	89	89	0	2	3	27	12	7	0	NaN	0	0	0	0	0	0	0	0	0	NaN	NaN	NaN	NaN	0	0	0	0	0	0	0	0	4919	0	0	0	18000	18000	18000	18000	100	NaN	0.4650256078906492	0.3930686733923079	0.10565329314915041	0.026534917431870017	0.09138549783022439	0.008849386131453947	8.063953289486409e-9	NaN	0.017503962789746277	0.026801357826484025	0.009455381768654195	-0.000009116942358495926	NaN	420.92962109769036	1.1077648294631872	96902.18407877604	11.359999656677246	-21.860542825116074	101.66469470829433	101.61137161360847	101.7179854274326	-0.10664266225985357	0.0002595206048944318	-1	0	2.129935883820057	80.00638567500644	1.0000197670459747	-273.1499938964844	9.000301941315334	-273.1499938964844	154
DATA	2026-01-24T063000_AIU-0547.ghg	2026-01-24	07:00:00	24.291	0	18000	18000	0.029463038960533056	1	NaN	28.0664473970745	1	NaN	26.571754506088556	1	NaN	1.749614616800557	1	NaN	0.5865322188558326	1	NaN	-0.0027095543488387355	1	NaN	NaN	NaN	NaN	NaN	NaN	NaN	NaN	NaN	NaN	-1.0338287166394942e-10	-2.809336875836672e-13	-5.717615495582452e-13	NaN	18.05398537277855	421.1200735398409	421.60253695582236	0.1	1	49.06008707944327	1.1443560550302196	1.145667106120157	0.3	0	0.09984801627484038	2.133547342564503	2.1359916775742294	-0.1	0	NaN	NaN	NaN	NaN	9	266.7000412881639	267.2793282368978	96518.81886588542	1.2575238768565902	1005.6978455969903	0.02302307841177894	0.038007287781857954	0.0008956793742411394	110.48152234508991	393.63326755091646	0.0007122563561020034	28.06712019857395	283.15174520582656	251.69917301651054	1.7599344499547902	0.6984831093618501	0.1798394758896271	1.9019963615343156	1.0708385790917607e-14	-5.726318567856387e-15	1.9019963615343156	4.739155680740119	310.35285286885676	21.647147131143218	5.425593211660717	NaN	0.15306667563129864	0.5606691676220533	-10.848051579296428	-0.26732911240343543	1.056251192996814	0.14498498705769008	1	28.496893454548008	13	23	38	59	96	229	0.029201046113572972	1.0089720363421606	29.033602728573054	1.0133037366010642	24.353415377925934	1.0910894465411756	1.6035482905154559	1.0910894465411756	0.5375656603729216	1.0910894465411756	-0.013076021150343278	1.149649313834824	NaN	NaN	800000009	800000009	800000009	800000009	800000009	800011109	899999999	899999999	89999	89999	89	89	1	3	0	56	27	4	0	NaN	0	0	0	0	0	0	0	0	0	NaN	NaN	NaN	NaN	0	0	0	0	0	0	0	0	8578	0	0	0	18000	18000	18000	18000	100	NaN	0.6861728575770641	0.3170866874091364	0.11807879025790605	0.037195257475742496	0.11209399087482784	0.009694069887670796	2.7157156906854556e-8	NaN	0.022957107632647123	0.036960925834467064	0.01239059941114281	-0.000013076021150343278	NaN	421.1200543491633	1.1443412506415445	96910.96089930556	11.359999656677246	-21.491044901371023	101.67159317292108	101.61780154164632	101.72534029261271	-0.10751391830005574	0.0002594938479887787	-1	0	2.132465830690331	79.93452017169528	1.000019561411054	-273.1499938964844	9.000313699960708	-273.1499938964844	167
DATA	2026-01-24T070000_AIU-0547.ghg	2026-01-24	07:30:00	24.312	1	18000	18000	0.07943723337111015	1	NaN	1.9917096740385096	2	NaN	34.09309883576231	1	NaN	4.513575964240392	1	NaN	0.7524522071656695	1	NaN	0.031453568213935294	2	NaN	NaN	NaN	NaN	NaN	NaN	NaN	NaN	NaN	NaN	2.1465828895980791e-10	5.99262493863984e-13	1.192346735752766e-12	NaN	18.09595894178117	421.880174595305	422.3776360853057	0.1	1	50.51856854380541	1.1777647477060262	1.1791535131459434	0.4	0	0.10051630281367245	2.1464160613391354	2.148947015378537	0	1	NaN	NaN	NaN	NaN	9	266.48885205925836	267.134722597758	96570.04237217882	1.2588564327874225	1005.71421782777	0.022998416787664195	0.04875890302433538	0.0009228166144325018	113.76730028077068	389.31158446416066	0.0007330594580901933	29.222685586753688	275.54428418339	252.03454467926505	0.46632057729888815	0.03572927932384154	0.051611341143889954	0.47052650589318423	-2.375552305347138e-14	1.1862222369668975e-14	0.47052650589318423	4.539581493956197	327.6185827602284	4.381417239771638	6.297358603536919	NaN	0.25120249775069353	0.975752724533974	-675.9415850165188	-0.0042903115657977	0.05841973132548705	0.00626255115160669	0	62.90898702444723	-9.546681485385122	21.594619513585062	53.77365592529566	82.00821819989288	115.01769207303423	172.31746169302477	0.07766453197631557	1.0228251088326288	3.6506396525540215	1.0213112980592274	31.256070252341043	1.0907672832994344	4.137982531514321	1.0907672832994344	0.6898375287619517	1.0907672832994344	0.026482549895933735	1.1562812988586264	NaN	NaN	800000009	800000009	800000009	800000009	800000009	800001009	899999999	899999999	89999	89999	89	89	5	15	1	27	8	9	0	NaN	0	0	0	0	0	0	0	0	0	NaN	NaN	NaN	NaN	0	0	0	0	0	0	0	0	4355	0	0	0	18000	18000	18000	18000	100	NaN	1.3095367455924194	0.5352714514910974	0.10669725198443104	0.09547948304960062	1.0567433616896174	0.013915060925418587	2.961552094444441e-7	NaN	0.0028834881661480303	0.09527929361395819	0.015883883498363643	0.000026482549895933735	NaN	421.88008022896463	1.1777514685396577	96964.40869466146	11.359999656677246	-21.169238478289643	101.66852267159356	101.61560539033678	101.7214259768592	-0.10577275528655299	0.000258971995588379	-1	0	2.145280745883784	79.72963060866464	1.000021188063754	-273.1499938964844	9.00031597132153	-273.1499938964844	207
DATA	2026-01-24T073000_AIU-0547.ghg	2026-01-24	08:00:00	24.333	1	18000	18000	0.2274299821167473	1	NaN	14.856695877939034	1	NaN	11.883136752937105	0	NaN	-0.9448551527231671	0	NaN	0.2620081540677407	0	NaN	-0.0035350364436923997	0	NaN	NaN	NaN	NaN	NaN	NaN	NaN	NaN	NaN	NaN	1.7608000816736873e-10	5.506588246098327e-13	9.825675099864571e-13	NaN	18.24240864194976	423.9995382872636	424.56250092161497	0.3	0	57.04987979827864	1.3259829427452559	1.3277435079891904	0.7	0	0.10179689461644267	2.1635113439084597	2.166383932049795	-0.3	0	NaN	NaN	NaN	NaN	9	265.48120699395076	266.0868728756375	96602.40276171875	1.2641664219697153	1005.7830872864764	0.022900530399278134	0.016978128383589596	0.0010433912499433929	128.1274979186153	359.23609550999936	0.0008253590918177295	35.66665474879844	231.10859759138407	253.4054095616176	-0.0755667361839937	-0.28309483256885254	0.0185174085999691	0.29359140019060836	1.978663779115908e-13	9.652234615688842e-15	0.29359140019060836	5.504150121055712	76.94554638850218	255.05445361149782	3.6161619825317572	NaN	0.42415220909993856	1.261745486273948	-436.3305119269229	-0.006646337857953182	1.2502335188785036	0.027548117129330873	0	78.76311889933125	-11.952607163031006	27.036829947259257	67.32552939772926	102.67568031719105	144.0041015563414	215.74438511439257	0.22013487442291857	1.0331392638851649	15.042186949786485	1.0281007232901667	10.81636846016622	1.0986253655003992	-0.860033986465265	1.0986253655003992	0.23848726080377894	1.0986253655003992	-0.008700548214263581	1.1661780663943486	NaN	NaN	800000009	800000009	800000009	800000009	800000009	800000109	899999999	899999999	89999	89999	89	89	7	26	4	25	2	7	0	NaN	0	0	0	0	0	0	0	0	0	NaN	NaN	NaN	NaN	0	0	0	0	0	0	0	0	0	0	0	0	18000	18000	18000	18000	100	NaN	0.4089318500240136	1.9411295069895378	0.17342961553434463	0.03524065203476193	0.06105975608395431	0.002450514117535471	8.95821741145191e-9	NaN	0.011830481010698897	-0.019721391694977	0.0054687381645276605	-0.000008700548214263581	NaN	423.9995578732171	1.3259792744480665	96992.19723155382	11.340569027370877	-19.756505040645592	101.70186404652065	101.6504739979638	101.75322634209527	-0.10278387226019506	0.0002585547102919211	-1	0	2.162233173456457	79.81477388929437	1.000006216428346	-273.1499938964844	9.000227888345718	-273.1499938964844	119
DATA	2026-01-24T080000_AIU-0547.ghg	2026-01-24	08:30:00	24.354	1	18000	18000	0.10943072708762543	0	NaN	18.384066348513688	0	NaN	13.866087156766962	0	NaN	-1.3694712484630713	0	NaN	0.3057211333588725	0	NaN	0.0006683545279435837	0	NaN	NaN	NaN	NaN	NaN	NaN	NaN	NaN	NaN	NaN	-2.0154212952798793e-10	-6.257498044057124e-13	-1.1229881217913175e-12	NaN	18.2702272241058	424.0900772340415	424.64922078733105	0.1	1	56.725564717943975	1.3167186607639407	1.3184546946637765	0.8	0	0.10180128692274218	2.163279199940772	2.1661313855578026	0.1	0	NaN	NaN	NaN	NaN	9	265.3447487733629	266.0570960888333	96661.13111154514	1.2650809616949383	1005.7778455796317	0.022884055581037583	0.019810729441654937	0.0010368472751467596	127.3096554147263	358.41253739131434	0.0008195896599041421	35.52042468752419	231.10288197658804	253.33112636272108	0.5234975968961348	-0.14714048427873455	-0.01120008256661122	0.5438984261047674	-2.1833192556441208e-14	-1.1031178050269269e-14	0.5438984261047674	3.6544373074315044	347.699183061217	344.30081693878293	-1.1799313832018148	NaN	0.2941104681046977	0.5389036890207893	-117.61161144112211	-0.024657429351282865	1.3258294240233337	0.049125921642352105	0	70.01119015062368	-10.624468210257424	24.03257601983708	59.84451233679941	91.26665727545925	128.00278451919385	191.77149637101752	0.1072439208923638	1.020390957147645	18.724684681448082	1.0197292439224608	12.731539844508886	1.0891131258366527	-1.2574187345424275	1.0891131258366527	0.28070649972565404	1.0891131258366527	-0.006110724818066909	1.1540694127518463	NaN	NaN	800000009	800000009	800000009	800000009	800000109	800010119	899999999	899999999	89999	89999	89	89	3	0	0	66	10	23	0	NaN	0	0	0	0	0	0	0	0	0	NaN	NaN	NaN	NaN	0	0	0	0	0	0	0	0	905	0	0	0	18000	18000	18000	18000	100	NaN	0.5325643409077275	0.433301988388426	0.11194104874542501	0.017692486948818215	0.09796795995205297	0.002961471774615965	7.387853834584606e-9	NaN	0.01471614735584481	-0.028812788723044307	0.006432174778057328	-0.000006110724818066909	NaN	424.0900739729885	1.3167108841979174	97056.88625173611	11.343050777965122	-19.831776721053654	101.70117385292053	101.6492586555481	101.75311971770392	-0.10381650895666734	0.00025797467549434964	-1	0	2.1620098663634724	79.69053109335016	1.0000062339625402	-273.1499938964844	9.000252797550626	-273.1499938964844	068
DATA	2026-01-24T083000_AIU-0547.ghg	2026-01-24	09:00:00	24.374	1	18000	18000	0.1255943476545825	0	NaN	33.99128063262976	1	NaN	14.992109057714728	1	NaN	-1.8709624024045932	1	NaN	0.3305984855912949	1	NaN	-0.002974030017149256	1	NaN	NaN	NaN	NaN	NaN	NaN	NaN	NaN	NaN	NaN	4.867392629999349e-11	1.5316440042416063e-13	2.7118694790828296e-13	NaN	18.25591256708846	424.29079751861997	424.8580402098958	0.1	1	57.4466889171909	1.3351346510839637	1.3369196187927277	0.1	1	0.10171287970146449	2.16301860651674	2.1659103885276063	-0.1	0	NaN	NaN	NaN	NaN	9	265.4489666027493	266.2199238976373	96679.00611935764	1.2645321927204716	1005.7892718401718	0.022893827068850948	0.02142278186631591	0.001050900172889536	129.1141153093824	362.9366009608592	0.0008310584569845273	35.57484005954712	233.8224856514768	253.49445953768495	0.1962213557574124	-0.20124667023857853	0.04071255034164299	0.28400801835993394	6.719335333417565e-14	2.6662006690228274e-15	0.28400801835993394	3.414671597087565	17.724370140413896	314.2756298595861	8.241743184120299	NaN	0.3151520251096228	0.7304936398587909	-78.27306798900243	-0.037049780652618054	2.267278106220707	0.08480286714245068	0	75.66130188876687	-11.481894464791248	25.972076542187366	64.67414287000629	98.63214856997584	138.33299078723383	207.24802777058432	0.12146176930933017	1.034023696252339	33.795566526301265	1.028687048697858	13.63746874967559	1.0993322392083473	-1.7019080635276496	1.0993322392083473	0.30072663549771445	1.0993322392083473	-0.014368075028079947	1.1670504740511691	NaN	NaN	800000009	800000009	800000009	800000009	800000009	800000109	899999999	899999999	89999	89999	89	89	5	1	1	24	9	1	0	NaN	0	0	0	0	0	0	0	0	0	NaN	NaN	NaN	NaN	0	0	0	0	0	0	0	0	101	0	0	0	18000	18000	18000	18000	100	NaN	0.5559775398715734	0.7991470956198813	0.10586264422612732	0.047739707784800585	0.20038396220789104	0.0034820285270519154	1.5353806186711033e-8	NaN	0.026571914229995205	-0.03901529353657878	0.006893990462617281	-0.000014368075028079947	NaN	424.2908861232443	1.33512383063599	97074.55987434895	11.350000381469727	-19.669281453185597	101.68163437546625	101.63210577477349	101.73120448387994	-0.09907583621723791	0.0002582767787923028	-1	0	2.1617287327448524	79.59965420998466	1.0000148447420862	-273.1499938964844	9.00030091489686	-273.1499938964844	191
DATA	2026-01-24T090000_AIU-0547.ghg	2026-01-24	09:30:00	24.395	1	18000	18000	0.19242057867913653	1	NaN	33.920364491431606	1	NaN	5.259900153606797	1	NaN	-0.43409090389608024	1	NaN	0.1159216345401008	1	NaN	0.0007160828199210979	1	NaN	NaN	NaN	NaN	NaN	NaN	NaN	NaN	NaN	NaN	-5.0572341069101286e-11	-1.5520894391489654e-13	-2.8076162244795226e-13	NaN	18.337524920750997	425.07799167839204	425.6332663572049	0.1	1	56.2787447999278	1.3045847745058887	1.3062889391670316	0.1	1	0.10180413126208673	2.1588564079636514	2.1616764982106247	-0.1	0	NaN	NaN	NaN	NaN	9	264.89179322984484	265.6057372250027	96716.7903732639	1.2679663007671276	1005.7670817575346	0.022832086246517065	0.007511721918198532	0.0010296307479556533	126.20909733575486	346.1331443249217	0.000812033212028364	36.46258655232393	219.92404698916687	253.2304875334335	-1.5996600333775854	0.3189143748710534	-0.02964297629218784	1.6314096073421451	2.4134124552045703e-14	-2.7578607956994744e-15	1.6314096073421451	6.677749276642255	163.27488107554566	168.72511892445434	-1.0411308703608266	NaN	0.38955779823650444	0.8415217594464167	-148.18060962179214	-0.019570711764527064	6.44886091006345	0.06827842258679559	0	85.68459107091459	-13.002967268279319	29.412747365244783	73.24189970753241	111.6985183401767	156.65876017632328	234.7033697078443	0.19058105938478642	1.0096521621838406	33.744776927156344	1.0134516055276426	4.8306336876046245	1.0888633859991634	-0.39866424886511315	1.0888633859991634	0.10646113739395206	1.0888633859991634	-0.010462005210143224	1.1485391421455708	NaN	NaN	800000009	800000009	800000009	800000009	800001109	800001109	899999999	899999999	89999	89999	89	89	9	14	3	11	40	27	0	NaN	0	0	0	0	0	0	0	0	0	NaN	NaN	NaN	NaN	0	0	0	0	0	0	0	0	2461	0	0	0	18000	18000	18000	18000	100	NaN	1.304847871414891	0.2596804507067588	0.11851519677118358	0.048319142217104497	0.10815071339466559	0.0020338442358843094	1.2848913691202804e-8	NaN	0.0264607063368837	-0.009114229988608953	0.002433905959261669	-0.000010462005210143224	NaN	425.0783537928214	1.304581084789994	97106.28842057292	11.350000381469727	-19.930579725689366	101.7021346022288	101.64954047309028	101.75478602303399	-0.10523993833342335	0.0002579119529966394	-1	0	2.1575943073034285	79.46524707677631	1.0000082404414812	-273.1499938964844	9.000239340729184	-273.1499938964844	015
DATA	2026-01-24T093000_AIU-0547.ghg	2026-01-24	10:00:00	24.416	1	18000	18000	0.19451970475575708	0	NaN	41.900627667920716	0	NaN	10.460722268943115	0	NaN	-0.7656113792623487	1	NaN	0.23054523679605674	0	NaN	-0.002567511417153097	0	NaN	NaN	NaN	NaN	NaN	NaN	NaN	NaN	NaN	NaN	1.0839334159984783e-10	3.309992110855471e-13	6.011842740091993e-13	NaN	18.35112836510934	425.0928969583008	425.6454273535216	0.1	1	56.038580615078345	1.2981001549957278	1.2997874092331148	0.1	1	0.10178124984979126	2.1585348443154437	2.1613404807284757	-0.1	0	NaN	NaN	NaN	NaN	9	264.8139016265869	265.62405089992944	96746.001671875	1.2682649275974192	1005.7637842017297	0.02282676618173892	0.014939331344384476	0.001024751601150021	125.61968688047787	346.6239873794334	0.0008079949061520562	36.24090987764438	221.00430049895553	253.17626634757954	-0.9784105645456949	0.1886559377299934	0.0017879758761876856	0.9964343894673275	3.430969616866646e-14	5.906630886302015e-15	0.9964343894673275	6.009976640275841	162.91376356603428	169.08623643396572	0.10281010735268245	NaN	0.391630772699754	0.8825738497674875	-121.91000866196686	-0.023788038667449735	4.005519560759172	0.08387600619823773	0	77.68789996666068	-11.789438541777058	26.667742081708333	66.40644842592276	101.27402384466134	142.0382584239295	212.79919387851916	0.19201411211481623	1.0130490025620753	41.81293857181075	1.0151309768649766	9.632442969364591	1.0859884976441405	-0.7049903207291852	1.0859884976441405	0.21229068014641383	1.0859884976441405	-0.01640874840491264	1.1484666850818388	NaN	NaN	800000009	800000009	800000009	800000009	800000009	800101109	899999999	899999999	89999	89999	89	89	9	9	7	10	53	12	0	NaN	0	0	0	0	0	0	0	0	0	NaN	NaN	NaN	NaN	0	0	0	0	0	0	0	0	2955	0	0	0	18000	18000	18000	18000	100	NaN	1.103952488009068	0.5081720318075165	0.1530231797183906	0.04947412526112878	0.04956188226262961	0.0018160783227663087	1.345308182652013e-8	NaN	0.03277968035565525	-0.016113571852565498	0.004852210062446076	-0.000016408748404912637	NaN	425.09308408470883	1.2980929914133592	97141.74368381077	11.350000381469727	-19.984281415409505	101.69922815789116	101.64633270475599	101.75211910035875	-0.10585020695812987	0.0002573478443082422	-1	0	2.157281792236699	79.24576241577998	1	-273.1499938964844	9.000183194796245	-273.1499938964844	033
DATA	2026-01-24T100000_AIU-0547.ghg	2026-01-24	10:30:00	24.437	1	18000	18000	0.1339323483469884	0	NaN	42.87248827616579	0	NaN	12.519724674184902	0	NaN	-0.37410903296172	1	NaN	0.2758908749320533	0	NaN	-0.0009489076360281533	0	NaN	NaN	NaN	NaN	NaN	NaN	NaN	NaN	NaN	NaN	-1.8655815059031536e-10	-5.605564948810758e-13	-1.0348907617254444e-12	NaN	18.35502316670312	425.331869367719	425.8761418743844	0.1	1	55.15185167322393	1.278006568458989	1.279641959288235	0.1	1	0.10182049857575971	2.1580877803730836	2.160849360048676	-0.1	0	NaN	NaN	NaN	NaN	9	264.6896502609253	265.49701949055986	96768.7840438368	1.269180199745575	1005.7518531734371	0.022810478005433822	0.01787772869559705	0.0010096096518771814	123.7043151043884	343.23201386162964	0.000795481722831456	36.041018934282306	219.52769875724124	252.99848048213642	-0.5919225329820896	0.1113435324718504	-0.003169398469972485	0.602311972620377	-2.1976235432253623e-14	-1.0163874428049791e-14	0.602311972620377	4.794130611849947	162.65313308615572	169.34686691384434	-0.3014949099779635	NaN	0.3248486735889867	0.9030578076229132	-68.00881809719552	-0.04264152915957802	3.424395455322344	0.10339117307510236	0	74.72502047237364	-11.339810147656753	25.650681429962862	63.87382359742268	97.41161118217397	136.62116974642495	204.6834079168179	0.1314541186305295	1.0188524311164742	42.72157963521015	1.018737256153084	11.50547259982901	1.0881538820379237	-0.343801588302087	1.0881538820379237	0.25354031216187684	1.0881538820379237	-0.01527134826791447	1.1527200483737987	NaN	NaN	800000009	800000009	800000009	800000009	800001009	800001109	899999999	899999999	89999	89999	89	89	20	17	3	6	32	2	0	NaN	0	0	0	0	0	0	0	0	0	NaN	NaN	NaN	NaN	0	0	0	0	0	0	0	0	0	0	0	0	18000	18000	18000	18000	100	NaN	1.277345209261542	0.41273670444640986	0.1160337015378744	0.0589920330124251	0.03612484613059401	0.003011891280965617	1.4052120918751522e-8	NaN	0.03346826297796432	-0.007852316572221142	0.005790778351976397	-0.00001527134826791447	NaN	425.3320286694259	1.2780026541603102	97162.75979904513	11.350000381469727	-20.165472413486913	101.68596635203892	101.63366005791558	101.73834753926594	-0.10458600591371463	0.00025775079169963847	-1	0	2.156853301531739	79.05622257635329	1.0000080111457241	-273.1499938964844	9.000239470746783	-273.1499938964844	242
DATA	2026-01-24T103000_AIU-0547.ghg	2026-01-24	11:00:00	24.458	1	18000	18000	0.15562814261632243	0	NaN	42.929837067698045	0	NaN	8.234731301561176	0	NaN	0.4969176112425946	0	NaN	0.1814302851942707	0	NaN	-0.0031213859499085667	0	NaN	NaN	NaN	NaN	NaN	NaN	NaN	NaN	NaN	NaN	-1.5785662951606007e-10	-4.4859001121427327e-13	-8.746183652637223e-13	NaN	18.360344357845243	425.25338781566404	425.76791400486604	0.1	1	52.175617246064235	1.208466331721142	1.209928489564571	0.1	1	0.10172708246189857	2.154062645516075	2.1566689072791916	-0.1	0	NaN	NaN	NaN	NaN	9	264.46208390553795	265.29586780463325	96763.38178385417	1.2701050184077067	1005.7128100295438	0.02279446836464077	0.011756682480588742	0.0009553442230972002	116.9666556826869	337.9213281166383	0.0007521773469526851	34.61357598663149	220.95467243395137	252.35285988098548	-0.8605710703703091	0.020725668119247264	-0.002763967551703406	0.8608250461004969	3.80741490915749e-15	-8.59769438085779e-15	0.8608250461004969	6.6059967901089465	153.37962318427785	178.6203768157224	-0.18396763459636215	NaN	0.350045300252899	0.6731692308748825	-84.97504273473673	-0.034127667449992544	5.213265071509889	0.09601108446530726	0	79.56166998337785	-12.073790370864879	27.310946693336348	68.00811885375731	103.71667230644063	145.46410762278416	217.93174024986232	0.15340983725902274	1.0144599942020291	42.67957335320605	1.015972998707483	7.581552796535254	1.086153657773698	0.4575021293590563	1.086153657773698	0.16703924338490972	1.086153657773698	-0.01706911821967525	1.1492897552384442	NaN	NaN	800000009	800000009	800000009	800000009	800000009	811000109	899999999	899999999	89999	89999	89	89	30	23	2	2	6	13	0	NaN	0	0	0	0	0	0	0	0	0	NaN	NaN	NaN	NaN	0	0	0	0	0	0	0	0	0	0	0	0	18000	18000	18000	18000	100	NaN	0.7185991968141986	0.5125595937583278	0.11517967117723849	0.08684167072524952	0.058915064659426065	0.0024044927948273695	2.0605295388815323e-8	NaN	0.03341230640798318	0.010441138963915377	0.003812178874560686	-0.000017069118219675252	NaN	425.25338181527934	1.2084607734992252	97159.0631108941	11.35305071592331	-20.809617445203994	101.68231537183127	101.62877240859137	101.7358296792772	-0.10716606946289546	0.00025777371187966013	-1	0	2.152896480427848	79.00414379544078	1.0000036311778757	-273.1499938964844	9.0002126004431	-273.1499938964844	172
DATA	2026-01-24T110000_AIU-0547.ghg	2026-01-24	11:30:00	24.479	1	18000	18000	0.3550534394911696	1	NaN	43.10031959082014	1	NaN	13.273928015201983	1	NaN	1.284277231958241	1	NaN	0.29239068299667764	1	NaN	-0.0018594224467381973	1	NaN	NaN	NaN	NaN	NaN	NaN	NaN	NaN	NaN	NaN	-1.6178589247619862e-10	-4.4561081299506343e-13	-8.973157090557794e-13	NaN	18.365914061569967	425.104247717543	425.6025751131591	0.3	0	50.58568315885558	1.1708749541369166	1.1722475093857054	0.1	1	0.10186316585693433	2.1545972451340027	2.1571229663883407	-0.1	0	NaN	NaN	NaN	NaN	9	264.2926967035929	265.0602374081082	96738.40157899304	1.2709239973558544	1005.6905736042308	0.02278010363869349	0.01894691625818471	0.000926210317990783	113.29895460734383	331.7935232815768	0.0007287692418411762	34.14742804102074	218.494568674233	251.98727622701068	-1.2965125833702311	0.49333103064991396	0.028177228857217858	1.3874848975270258	3.3784603987510565e-14	-8.809030246674732e-15	1.3874848975270258	6.566511632688631	172.83212850713056	159.16787149286944	1.1636503477763909	NaN	0.52855121079705	1.0117531731239513	-291.3232298231237	-0.009954578636797103	3.2469906075623918	0.06379835177731484	0	91.11973469196062	-13.827771281691344	31.278456289353937	77.8877787274746	118.7837769829408	166.59593616574514	249.5910701305474	0.35134477503046513	1.0105556271909348	43.186345919323514	1.0138058147151865	12.208586377647444	1.0872616701557734	1.1812034464290835	1.0872616701557734	0.26892393158197736	1.0872616701557734	-0.016298866183799714	1.1479780122847705	NaN	NaN	800000009	800000009	800000009	800000009	800000109	800000109	899999999	899999999	89999	89999	89	89	7	23	3	3	0	8	0	NaN	0	0	0	0	0	0	0	0	0	NaN	NaN	NaN	NaN	0	0	0	0	0	0	0	0	0	0	0	0	18000	18000	18000	18000	100	NaN	1.4371770723364943	0.3992481003897836	0.1870811735216246	0.07712221810383516	0.065692612871388	0.0034372538743048463	2.1967099392699502e-8	NaN	0.033788001094258634	0.026939488161016125	0.006133298284023879	-0.000016298866183799713	NaN	425.10420433248345	1.1708705760259153	97129.44927712673	11.359999656677246	-21.178877706209864	101.68473666275872	101.62922779507107	101.74027133178711	-0.11100880305096536	0.00025755728403358566	-1	0	2.1534673970076774	79.01267895613776	1.000006755027506	-273.1499938964844	9.000201550536685	-273.1499938964844	013
DATA	2026-01-24T113000_AIU-0547.ghg	2026-01-24	12:00:00	24.499	1	18000	18000	0.19203558373032684	0	NaN	35.093392994566805	0	NaN	7.936983699540556	0	NaN	0.7008893973316486	0	NaN	0.17482498821627845	0	NaN	-0.0006549869689022454	0	NaN	NaN	NaN	NaN	NaN	NaN	NaN	NaN	NaN	NaN	3.805098633887467e-11	1.0026410013862614e-13	2.1125112984182346e-13	NaN	18.360281215729295	424.6763739913876	425.15212749890463	0.1	1	48.379220921968376	1.1190194679626377	1.1202730753433814	0.1	1	0.10193244707230706	2.155641254544471	2.158056161402037	-0.1	0	NaN	NaN	NaN	NaN	9	264.2236833199395	265.02094617886013	96693.22954861111	1.2705437979232812	1005.6625050515221	0.02278736739704535	0.011328659236414844	0.0008849083269180491	108.23063022055385	330.78140110841696	0.0006964799862582007	32.719684316555686	222.5507708878631	251.464233373942	-1.170542061331737	0.4814591902640416	0.029246143406346417	1.2660280431888593	1.0705215178653786e-14	2.0724620659010552e-15	1.2660280431888593	5.801254899057239	174.35800362812884	157.64199637187116	1.3236907861678753	NaN	0.38877294521028566	0.7375514033662107	-142.33401628349242	-0.020374609497591584	4.421502465300293	0.07064597550426166	0	76.19114648016736	-11.56230042568979	26.15395504466871	65.12704605760295	99.32285450753479	139.30171568557913	208.6993541930942	0.189917017888204	1.011155218556401	35.011024754946796	1.0140925795578157	7.304025054994234	1.0866588818878062	0.6449948636264061	1.0866588818878062	0.16088304354772534	1.0866588818878062	-0.012293936976036954	1.147907377242164	NaN	NaN	800000009	800000009	800000009	800000009	800000109	800000109	899999999	899999999	89999	89999	89	89	20	7	1	11	12	25	0	NaN	0	0	0	0	0	0	0	0	0	NaN	NaN	NaN	NaN	0	0	0	0	0	0	0	0	1106	0	0	0	18000	18000	18000	18000	100	NaN	0.8709823018800827	0.44580703942578653	0.15831346542655209	0.05922559357972535	0.06563114072854158	0.002527850396595546	1.5247366429423696e-8	NaN	0.027400779869724303	0.014714204825008004	0.0036702091584454553	-0.000012293936976036954	NaN	424.6764230872799	1.1190158182484877	97088.93441753472	11.353616230487823	-21.698863656997688	101.68618532922532	101.62841231155394	101.74399039967855	-0.11552568414200279	0.0002573065208546017	-1	0	2.154560566590892	78.73088602180478	1.0000156367868185	-273.1499938964844	9.00031743060218	-273.1499938964844	181
DATA	2026-01-24T120000_AIU-0547.ghg	2026-01-24	12:30:00	24.52	1	18000	18000	0.1812337611485755	0	NaN	42.90098566950391	0	NaN	11.372471890647715	0	NaN	0.23377962596188834	1	NaN	0.2504797256077701	0	NaN	-0.0023033654612494153	0	NaN	NaN	NaN	NaN	NaN	NaN	NaN	NaN	NaN	NaN	-2.3098482348906988e-11	-5.846215010424401e-14	-1.2830320219728905e-13	NaN	18.353062524193554	424.7054388417397	425.16245764526724	0.1	1	46.45151486382183	1.074927466688283	1.0760841791288973	0.1	1	0.10194421678498372	2.1551249007964133	2.1574439966062067	-0.1	0	NaN	NaN	NaN	NaN	9	264.19076847500276	264.9467466930813	96672.43338802081	1.270647475745424	1005.6382825480887	0.02278588812557225	0.016231086219383503	0.0008500960407977279	103.94372824815142	328.877557902762	0.000669025876196716	31.60560085370254	224.9338296546106	251.00440870031647	-1.1137405801970401	0.3458177252736565	0.016790317472199116	1.1663146633100316	-2.3104925484511515e-14	-1.2585628321408419e-15	1.1663146633100316	5.598419464078447	169.24962852452444	162.75037147547556	0.8248610689348622	NaN	0.3776652383990035	0.6962190645197233	-106.71606734340459	-0.027174914445338486	3.772353634462182	0.08889828483988646	0	79.27694247864868	-12.030581873536482	27.213208954731694	67.7647380651615	103.34550124742697	144.94353493495916	217.1518275027368	0.17912912126278782	1.0117492894005777	42.86955774580037	1.0144013255255346	10.469112328921613	1.0862880761371252	0.21520960332476086	1.0862880761371252	0.2305831492678111	1.0862880761371252	-0.01654959413746051	1.1479828253853714	NaN	NaN	800000009	800000009	800000009	800000009	800000009	800000109	899999999	899999999	89999	89999	89	89	18	19	1	6	40	14	0	NaN	0	0	0	0	0	0	0	0	0	NaN	NaN	NaN	NaN	0	0	0	0	0	0	0	0	0	0	0	0	18000	18000	18000	18000	100	NaN	0.8214827762996791	0.43567527225107144	0.13528008048869605	0.06484006273111893	0.046403283459742074	0.0024001763906261247	1.8880728997258788e-8	NaN	0.03354919682475898	0.004909020201012022	0.005259697152364113	-0.00001654959413746051	NaN	424.7057006533288	1.0749199343453526	97067.897156033	11.350000381469727	-22.15825711721843	101.67276177893744	101.61269753922356	101.73281905937195	-0.1201582264196538	0.00025779824117004563	-1	0	2.154087100095219	78.65299742550322	1.0000195362352662	-273.1499938964844	9.00032831957605	-273.1499938964844	180
DATA	2026-01-24T123000_AIU-0547.ghg	2026-01-24	13:00:00	24.541	1	18000	18000	0.15554468757954076	0	NaN	45.38748337133896	0	NaN	8.761334922010622	0	NaN	0.1126594056186518	0	NaN	0.19297608525389964	0	NaN	0.0004536250104122018	0	NaN	NaN	NaN	NaN	NaN	NaN	NaN	NaN	NaN	NaN	-5.272036042533907e-11	-1.3106571603371362e-13	-2.9304410645866427e-13	NaN	18.3444844649398	424.72326779110864	425.17220091338874	0.3	0	45.60539746445043	1.0558854067026675	1.0570014791393538	0.1	1	0.10196711507854905	2.1559783246690336	2.158257196947201	-0.2	0	NaN	NaN	NaN	NaN	9	264.208343723721	264.98469502427844	96627.709875	1.2698868994950903	1005.6284498144036	0.022799699561148797	0.012504850324452697	0.0008345309684348383	102.05515661438835	329.85002992311564	0.0006571695233383773	30.939865804522217	227.7948733087273	250.79642052630976	-1.0871217942980698	0.21100458429570992	-0.0035970474360105167	1.1074157615737432	-2.4531093791590196e-14	-2.873907987226289e-15	1.1074157615737432	6.159912165009163	162.9842310405081	169.0157689594919	-0.18610535116534077	NaN	0.3499814853658891	0.7049924842664732	-80.24732154767972	-0.03613827781500392	5.180430125700876	0.10155199008774327	0	79.58694742070362	-12.077626319500043	27.319623619593585	68.02972562699786	103.74962399893793	145.5103228400408	218.000979066828	0.15367700851402066	1.0121532757800247	45.18239283534056	1.0146215996485906	8.066546251473753	1.0861321126634502	0.10372532429999198	1.0861321126634502	0.17767275546312417	1.0861321126634502	-0.014596770591486067	1.148093862710863	NaN	NaN	800000009	800000009	800000009	800000009	800000009	800000109	899999999	899999999	89999	89999	89	89	33	32	4	2	34	8	0	NaN	0	0	0	0	0	0	0	0	0	NaN	NaN	NaN	NaN	0	0	0	0	0	0	0	0	605	0	0	0	18000	18000	18000	18000	100	NaN	0.9370233429837046	0.35791534591803953	0.11504627963120227	0.08893098706394696	0.032287515946130545	0.0026182223102158035	2.144184586920997e-8	NaN	0.035380717262821125	0.002367406611536167	0.004055168386427319	-0.000014596770591486067	NaN	424.72340869845283	1.0558753742914193	97024.50239084201	11.350000381469727	-22.36794978464974	101.66579307301839	101.60429775301616	101.72722875828214	-0.12298432091437282	0.0002574659602881487	-1	0	2.1549586064683064	78.47365237477975	1.0000073295007976	-273.1499938964844	9.000263935724893	-273.1499938964844	254
DATA	2026-01-24T130000_AIU-0547.ghg	2026-01-24	13:30:00	24.562	1	18000	18000	0.22967073271153232	1	NaN	42.13893793357279	1	NaN	12.913517621662162	1	NaN	-0.2159342541093035	2	NaN	0.28445401157864564	1	NaN	-0.003173663571308819	1	NaN	NaN	NaN	NaN	NaN	NaN	NaN	NaN	NaN	NaN	1.1765568263650439e-11	2.9216429444161935e-14	6.541940434881385e-14	NaN	18.338253197744592	424.8187434537628	425.2673648241189	-0.2	0	45.53781582623267	1.054916053907921	1.0560300769895468	0.1	1	0.10196512179531265	2.1567680012531074	2.1590456131315197	-0.1	0	NaN	NaN	NaN	NaN	9	264.2934783689711	265.0686370832655	96606.35981336805	1.2692047216458326	1005.6286858786511	0.022811962410836207	0.018432619950296235	0.0008333166290024329	101.93893658457094	332.01025221577993	0.0006565659698475083	30.703550840447797	230.071315631209	250.78350884840654	-1.0680224205434492	0.37904757998948396	0.015656974288071737	1.1333993557097581	2.2902771034096192e-14	6.415860952938242e-16	1.1333993557097581	5.725806744878505	171.54007986741195	160.45992013258805	0.7915189614053499	NaN	0.42538971796335956	0.8532515478775065	-155.1817187639754	-0.018687768269990444	3.263164938334508	0.07761171223365922	0	84.44537975554636	-12.814912170264336	28.987366221499663	72.1826405135249	110.08308123407609	154.39308666565216	231.30897792909025	0.22695417487012726	1.0119696315036266	42.18960590752923	1.0145206138419747	11.888769884666566	1.0861945976696257	-0.1987988658501702	1.0861945976696257	0.2618812615979927	1.0861945976696257	-0.01724921816664458	1.148038087833163	NaN	NaN	800000009	800000009	800000009	800000009	800000009	800000109	899999999	899999999	89999	89999	89	89	21	22	4	3	14	8	0	NaN	0	0	0	0	0	0	0	0	0	NaN	NaN	NaN	NaN	0	0	0	0	0	0	0	0	502	0	0	0	18000	18000	18000	18000	100	NaN	1.2880349451856747	0.27190617785167687	0.14656197271766117	0.06475604013768337	0.038755632657096	0.003588814603642819	1.896684657792251e-8	NaN	0.0330549219736106	-0.004539782629290425	0.005980335940323028	-0.00001724921816664458	NaN	424.8187893391556	1.054911103544781	97001.58334592014	11.35305071592331	-22.38646884266532	101.65791953129238	101.5961995754242	101.71967218928867	-0.12343871913125935	0.00025741613456274436	-1	0	2.1557487900124657	78.0415643172794	1.0000203481862942	-273.1499938964844	9.000325369384553	-273.1499938964844	117
DATA	2026-01-24T133000_AIU-0547.ghg	2026-01-24	14:00:00	24.583	1	18000	18000	0.19994439249700716	0	NaN	40.066289370463466	0	NaN	10.180095528912974	0	NaN	-0.5356631042582104	1	NaN	0.22427107148402914	0	NaN	-0.0038178886421554336	0	NaN	NaN	NaN	NaN	NaN	NaN	NaN	NaN	NaN	NaN	-2.3226439814063185e-10	-5.653339411859136e-13	-1.2914301915632725e-12	NaN	18.328018462667263	424.9079955718106	425.34790332301856	0.1	1	44.61058601565877	1.0342304447045416	1.0353011847092066	0.1	1	0.10190694994024102	2.1568232466487003	2.159056208311164	0	0	NaN	NaN	NaN	NaN	9	264.427049413893	265.20055883789064	96586.261796875	1.2683193766730403	1005.6188313358941	0.02282806483198587	0.014532765432165088	0.0008164000352225807	99.91924758346337	335.43068789004786	0.000643686480107321	29.788344117225282	235.5114403065845	250.5569943616574	-1.004389262048308	0.3036299384724188	0.0205144330576131	1.0494807150292351	6.321895361217757e-14	-1.267264099573755e-14	1.0494807150292351	5.8604381804842705	168.82022710243436	163.17977289756567	1.1200446858449524	NaN	0.39704552051219827	0.7449587217208172	-132.6904240291838	-0.0218553827167074	3.935747877480058	0.07911827281009078	0	80.22045417310652	-12.173763413261875	27.53708598744432	68.57123767068768	104.57546403292183	146.66857523004907	219.73625220827972	0.1974570692982293	1.0125967796828845	39.99699604737198	1.0148706072896083	9.373678005651765	1.0860300004731323	-0.4932304853685876	1.0860300004731323	0.20650541088765942	1.0860300004731323	-0.017016400979321628	1.1482595527531627	NaN	NaN	800000009	800000009	800000009	800000009	800000009	800000109	899999999	899999999	89999	89999	89	89	31	13	4	5	5	7	0	NaN	0	0	0	0	0	0	0	0	0	NaN	NaN	NaN	NaN	0	0	0	0	0	0	0	0	503	0	0	0	18000	18000	18000	18000	100	NaN	0.9813256368275979	0.3634291632289417	0.14516264338509483	0.054873661280539804	0.0527845644319148	0.002178160357421285	2.1304829920471564e-8	NaN	0.03135922710349754	-0.011271157598301168	0.004719000751296591	-0.000017016400979321627	NaN	424.9079606993886	1.0342272295310173	96980.99419444444	11.359999656677246	-22.608098403771738	101.64674939431085	101.58589418559605	101.70764862102932	-0.12172022619222622	0.00025785056064099387	-1	0	2.155825402743287	77.93298804304334	1.0000116563654609	-273.1499938964844	9.00025876016087	-273.1499938964844	243
DATA	2026-01-24T140000_AIU-0547.ghg	2026-01-24	14:30:00	24.604	1	18000	18000	0.17462233557764179	0	NaN	42.2294009871536	0	NaN	10.7687492352814	0	NaN	-0.2819914682887057	0	NaN	0.23724955667529848	0	NaN	-0.000157670093164097	0	NaN	NaN	NaN	NaN	NaN	NaN	NaN	NaN	NaN	NaN	-7.799275653733227e-11	-1.8970714420408742e-13	-4.334471166174646e-13	NaN	18.33083894235361	424.83471691399785	425.27417597910306	0.1	1	44.587359916615206	1.033354691931282	1.034423618430832	0.1	1	0.10187419495731134	2.1565834012930445	2.158814222098458	-0.1	0	NaN	NaN	NaN	NaN	9	264.50996515485974	265.2464232635498	96580.97933550348	1.2680311339757155	1005.6187809741383	0.022833261561290594	0.015373771272559341	0.0008155230831858251	99.829179087151	336.627181402207	0.0006431412142294003	29.655709521529598	236.79800231505598	250.54679759684737	-1.0009769435816211	0.12564853952956587	0.01010419354123661	1.0088827938839362	3.644424855793385e-14	-4.254729245213602e-15	1.0088827938839362	5.115751894912871	159.1546831495298	172.8453168504702	0.5738400213087526	NaN	0.37109485900571026	0.669155735169678	-102.78289791772963	-0.028214810622689806	3.9214768646295908	0.08924146491556917	0	80.28226086849263	-12.183142817738473	27.55830222590857	68.62406910429955	104.65603530264309	146.7815775814493	219.90555032240178	0.17239186000511825	1.0129384042405327	42.15045095242062	1.0150668789987094	9.916028981518014	1.0859941268175726	-0.2596620564745238	1.0859941268175726	0.21846302002621434	1.0859941268175726	-0.014303004855232167	1.1484127306857088	NaN	NaN	800000009	800000009	800000009	800000009	800000009	801000109	899999999	899999999	89999	89999	89	89	7	24	2	4	2	5	0	NaN	0	0	0	0	0	0	0	0	0	NaN	NaN	NaN	NaN	0	0	0	0	0	0	0	0	1204	0	0	0	18000	18000	18000	18000	100	NaN	0.8177411061259601	0.39400701830170265	0.12656334591169338	0.07049691019010854	0.040983471366187046	0.0030009996270415036	1.95712473734984e-8	NaN	0.033055134816070045	-0.005935066326781122	0.004993384599230836	-0.000014303004855232168	NaN	424.83472497519256	1.0333511483418272	96978.30200737847	11.35361678600311	-22.62150752321878	101.64671788724263	101.58521243010628	101.70819165145028	-0.12301827166270896	0.0002576149814558449	-1	0	2.1555853626396924	78.0440081817839	1.0000158500373364	-273.1499938964844	9.000311598009533	-273.1499938964844	172
DATA	2026-01-24T143000_AIU-0547.ghg	2026-01-24	15:00:00	24.624	1	18000	18000	0.3289639616645994	1	NaN	24.251073362516053	1	NaN	17.591880778781114	1	NaN	-0.6399057835411377	1	NaN	0.3875453204644626	1	NaN	-0.00366078552332366	1	NaN	NaN	NaN	NaN	NaN	NaN	NaN	NaN	NaN	NaN	1.528392959406409e-10	3.673827409897804e-13	8.482259452463322e-13	NaN	18.342563485644483	425.20303505725434	425.63806639126165	0.1	0	44.09037092628519	1.022068673734122	1.0231143668781555	0.1	1	0.10179736928972934	2.1542222860833364	2.1564263018536773	0	0	NaN	NaN	NaN	NaN	9	264.4577042651706	265.1731963144938	96587.09464800348	1.2684670244803307	1005.6120881762524	0.022825512685656427	0.025112936766097174	0.0008068899949760327	98.74512395787397	334.7186702550931	0.0006361142855145185	29.50093100053819	235.97354629721914	250.42341902565047	-0.7399804146010323	0.23174439443656253	0.04400423873341617	0.7766677870056823	2.112110452669574e-15	8.332493768401463e-15	0.7766677870056823	5.234401213827908	169.3893242020345	162.6106757979655	3.2479884821209937	NaN	0.5092541428880348	1.0011235114142432	-462.56451114283925	-0.006269395792675682	1.3785378418302545	0.037332470258722376	0	97.90375804253807	-14.857272998071068	33.60719197492563	83.68665985238219	127.62743658583857	178.99929450387518	268.1735611088781	0.3239174465043398	1.0155796336835843	24.733398880670645	1.016662826298208	16.191236991557282	1.0865062865767563	-0.5889572765908995	1.0865062865767563	0.3566894414255968	1.0865062865767563	-0.012280822366635167	1.1500737295413184	NaN	NaN	800000009	800000009	800000009	800000009	800000109	800000109	899999999	899999999	89999	89999	89	89	9	18	0	8	1	9	0	NaN	0	0	0	0	0	0	0	0	0	NaN	NaN	NaN	NaN	0	0	0	0	0	0	0	0	101	0	0	0	18000	18000	18000	18000	100	NaN	1.4920409298873534	0.365075893202011	0.1451301997391219	0.04252332885502146	0.03843686736535836	0.003247316288208874	1.2475798848018466e-8	NaN	0.019389835947494508	-0.013457009465313512	0.00814995141451626	-0.000012280822366635167	NaN	425.20311632611003	1.022060833481842	96981.2917905816	11.350000381469727	-22.74640282493166	101.63736350949605	101.57558527882894	101.69921421411303	-0.12359928239281757	0.00025744830068207296	-1	0	2.153237104813258	78.03238808521223	1.0000029795828462	-273.1499938964844	9.000245299869114	-273.1499938964844	173
DATA	2026-01-24T150000_AIU-0547.ghg	2026-01-24	15:30:00	24.645	1	18000	18000	0.13983362039861919	0	NaN	31.743994101492408	0	NaN	10.701830024041929	0	NaN	-0.21452146173152395	1	NaN	0.23574979954543124	0	NaN	-0.000053270307046845845	0	NaN	NaN	NaN	NaN	NaN	NaN	NaN	NaN	NaN	NaN	2.318580109292626e-11	5.507958035391371e-14	1.2867844864742636e-13	NaN	18.354082269369286	425.32568273111394	425.7558632729895	0.1	1	43.60147596912206	1.0103925253511663	1.011414450952441	0.1	1	0.10186298171471103	2.15518986715695	2.1573696573331382	-0.1	0	NaN	NaN	NaN	NaN	9	264.3679753545125	265.1317347988553	96590.95967382813	1.268721758922662	1005.6054777656173	0.022821030566020476	0.015276587010543944	0.0007978287205792815	97.6209624385259	333.64233899238576	0.0006288445161189318	29.259164988875636	236.02137655385985	250.29418663326695	-0.9143005944969954	0.1839007017456042	0.005589516705420405	0.9326286977662401	-2.334782371005014e-14	1.2632503631968851e-15	0.9326286977662401	4.680917209337348	163.37262008753896	168.627379912461	0.3433924291382726	NaN	0.33198816884524673	0.6751751198992817	-97.90779849472446	-0.029619703890658513	2.9662211070610103	0.07494539351406186	0	78.27784106098477	-11.878964378848046	26.870249768923294	66.91072120033651	102.04307164334253	143.1168588964157	214.41513393304314	0.13794897539466072	1.0136618992534496	31.80028535576761	1.0154920057641457	9.854233053618008	1.0860134894123215	-0.19753112076684126	1.0860134894123215	0.21707815035796968	1.0860134894123215	-0.010848532675934448	1.1487960397663686	NaN	NaN	800000009	800000009	800000009	800000009	800000009	801000109	899999999	899999999	89999	89999	89	89	5	31	0	9	14	9	0	NaN	0	0	0	0	0	0	0	0	0	NaN	NaN	NaN	NaN	0	0	0	0	0	0	0	0	201	0	0	0	18000	18000	18000	18000	100	NaN	0.8436596751299257	0.3987871536166029	0.10790341105203492	0.05138328945907335	0.041754060864700154	0.0031462141337046177	2.0049388262000146e-8	NaN	0.024925105114598285	-0.004512424287520955	0.004958958943596805	-0.000010848532675934449	NaN	425.3257734908138	1.0103855563492297	96986.23926128472	11.350000381469727	-22.87475405772527	101.63071898036533	101.56658583598667	101.69484619098239	-0.12827199784397247	0.00025744474289240315	-1	0	2.1542148222128548	77.12058453294974	1.00000638833642	-273.1499938964844	9.000258572498957	-273.1499938964844	055
DATA	2026-01-24T153000_AIU-0547.ghg	2026-01-24	16:00:00	24.666	1	18000	18000	0.125263682220821	0	NaN	34.640501533409925	0	NaN	14.196652694739544	0	NaN	-0.3570672517096786	0	NaN	0.31265654845694174	0	NaN	-0.0024207632192675475	0	NaN	NaN	NaN	NaN	NaN	NaN	NaN	NaN	NaN	NaN	6.256088351924164e-11	1.53565907451373e-13	3.4679376901944094e-13	NaN	18.39396590985846	425.7090265145066	426.1543460195081	0.1	1	45.15099384279403	1.0449723419720218	1.0460654514366656	0.1	1	0.10196327811024256	2.1546442920863167	2.1568981910404035	0	0	NaN	NaN	NaN	NaN	9	264.12979359520807	264.858286664327	96625.04936501736	1.2704632392004014	1005.6214932148138	0.022789450663136736	0.020260144340009823	0.0008262771316130261	100.99758839699614	326.6205713715684	0.0006503746870575057	30.921992443060113	225.62298297457227	250.67843902747268	-0.7790480346270234	0.26689057040918135	-0.01173663307668336	0.8235800904499859	1.0018069769493864e-14	3.401163393790537e-15	0.8235800904499859	4.636939000869604	170.9107170386948	161.0892829613052	-0.81653540658726	NaN	0.3140013645234132	0.5555373699289893	-75.93327368601	-0.038191425961584716	2.440047120843189	0.08634873619784285	0	72.64734506061194	-11.024514888198874	24.937482694585203	62.09785790474504	94.70315144413857	132.82251645313863	198.99233307821567	0.12342125395661284	1.0149279658498351	34.80040890303719	1.0162594880243574	13.06902983430794	1.0862820633763834	-0.3287058340997012	1.0862820633763834	0.2878226190029707	1.0862820633763834	-0.014203218906022247	1.149606350818891	NaN	NaN	800000009	800000009	800000009	800000009	800000009	800100119	899999999	899999999	89999	89999	89	89	11	16	3	11	12	3	0	NaN	0	0	0	0	0	0	0	0	0	NaN	NaN	NaN	NaN	0	0	0	0	0	0	0	0	0	0	0	0	18000	18000	18000	18000	100	NaN	0.7188646616319189	0.27587765890196436	0.1163324193240954	0.05263625788819207	0.03419958790569666	0.0038200908682755694	1.9851928831226308e-8	NaN	0.027238782799335316	-0.007498863595906521	0.006566182695331148	-0.000014203218906022247	NaN	425.7090440639172	1.0449684510542834	97018.23021918403	11.35305071592331	-22.49326000796427	101.63642857890659	101.57025736914741	101.70263196648492	-0.132318704671123	0.00025744457493096385	-1	0	2.153629301733441	77.50649582793972	1.0000112008700768	-273.1499938964844	9.000307935847177	-273.1499938964844	018
DATA	2026-01-24T160000_AIU-0547.ghg	2026-01-24	16:30:00	24.687	1	18000	18000	0.16670707913688607	1	NaN	28.740796280149443	1	NaN	9.039716228763634	1	NaN	-0.1699036927895057	1	NaN	0.199045535627783	1	NaN	-0.0007825737953677224	1	NaN	NaN	NaN	NaN	NaN	NaN	NaN	NaN	NaN	NaN	5.998502576187185e-11	1.4511260230574305e-13	3.3217706653413387e-13	NaN	18.421359967389044	425.82851421412283	426.26763032821754	0.1	1	44.56397990876257	1.0301418237095576	1.031204110192248	0.1	1	0.10201134762912989	2.153622596651112	2.1558434211245814	0	0	NaN	NaN	NaN	NaN	9	263.99356718699136	264.65280305141874	96630.58647569445	1.2715296552300424	1005.6117600008547	0.022770465178982888	0.012898150708680337	0.0008152295456150106	99.56990999014565	321.43099082378774	0.0006411408041187376	30.977072165617983	221.8610808336421	250.5173993178957	-0.9019418266081158	0.4708795390804655	0.040838566276276266	1.0182801124470575	-1.2043026676337741e-14	3.2562756424097955e-15	1.0182801124470575	6.269670991407859	179.5678489730673	152.4321510269327	2.2984885748831743	NaN	0.3620877018419253	0.5075116234140964	-140.33959470913058	-0.020664161144334017	3.1793914269895542	0.06207663756351722	0	85.14253236414221	-12.920707768250734	29.226676152204483	72.77855607782237	110.99189006964255	155.66770397958587	233.2185869310477	0.16459094336375305	1.0128569393302296	28.7720826507341	1.0150197046089302	8.323871035988168	1.0859990729890596	-0.15644920609542484	1.0859990729890596	0.18328333842858463	1.0859990729890596	-0.010463906194983415	1.1483745772411984	NaN	NaN	800000009	800000009	800000009	800000009	800000009	810000109	899999999	899999999	89999	89999	89	89	24	26	2	28	6	15	0	NaN	0	0	0	0	0	0	0	0	0	NaN	NaN	NaN	NaN	0	0	0	0	0	0	0	0	0	0	0	0	18000	18000	18000	18000	100	NaN	0.6711812280200898	0.23981450986531272	0.10402750894279031	0.0353874266095712	0.028527763700372324	0.0022469503123423115	9.611911745555561e-9	NaN	0.02250165502648399	-0.0035660957694750054	0.004177751706753757	-0.000010463906194983415	NaN	425.8285283138967	1.0301381274258894	97023.05700434028	11.359999656677246	-22.647949292606764	101.63934832106696	101.57164487923517	101.70702400249905	-0.13538555965862323	0.0002570645191089069	-1	0	2.1526268101467028	78.3299129989942	1.0000235718952284	-273.1499938964844	9.000367295000288	-273.1499938964844	127
DATA	2026-01-24T163000_AIU-0547.ghg	2026-01-24	17:00:00	24.708	1	18000	18000	0.290081636529438	1	NaN	17.59581267469839	1	NaN	15.531482979682993	1	NaN	-0.19479139054419803	1	NaN	0.3419514348968669	1	NaN	0.00730433119543121	2	NaN	NaN	NaN	NaN	NaN	NaN	NaN	NaN	NaN	NaN	3.8560174702625047e-10	9.420687502508495e-13	2.138752646486987e-12	NaN	18.43490638345791	425.89620055259894	426.33981252708753	0.1	1	45.03856466312462	1.040512664907242	1.0415964592147775	0.7	0	0.10224980856395433	2.1575535246752353	2.1598008247871037	0	1	NaN	NaN	NaN	NaN	9	263.88084548738266	264.53982327185736	96629.36846809895	1.2720516761103813	1005.6163122647545	0.02276103140846173	0.022158452981316974	0.0008237780707915698	100.57105157861305	318.6090498207055	0.0006475979602577773	31.565660685158992	218.03799824209244	250.6305412888001	0.011041630310008732	0.1723317962408224	0.05540232711351269	0.18135485503576873	1.8874895411450747e-13	2.0916935459583362e-14	0.18135485503576873	4.516378082079304	245.6660398727445	86.3339601272555	17.787723025816398	NaN	0.4775377855480785	0.9742004624675107	-525.833121600983	-0.005515057688208165	1.1329125942265643	0.028804777480632406	0	94.68866508593293	-14.369370237998226	32.50355460318231	80.93844674971149	123.43623820243828	173.12107917789504	259.3669233994834	0.2766707596929454	1.0484723317034885	17.702678060198895	1.038323957421066	13.977092228872554	1.111209880092193	-0.17529666900373214	1.111209880092193	0.30772893674100205	1.111209880092193	0.00023619832597343362	1.1816297561750395	NaN	NaN	800000009	800000009	800000009	800000009	800000019	800010119	899999999	899999999	89999	89999	89	89	11	14	2	33	5	5	0	NaN	0	0	0	0	0	0	0	0	0	NaN	NaN	NaN	NaN	0	0	0	0	0	0	0	0	0	0	0	0	18000	18000	18000	18000	100	NaN	0.4182427127026709	1.3914323108707778	0.1387259013615728	0.03767792945546885	0.0205947750119013	0.003016328095121456	1.2877615309384184e-7	NaN	0.013838910713470683	-0.003994090005004167	0.007011525532533808	2.3619832597343363e-7	NaN	425.8962198229152	1.0405072875042216	97022.76439019098	11.359999656677246	-22.53738688580198	101.64042072444492	101.57176772660503	101.70908241377937	-0.13723528677432073	0.00025657412156255703	-1	0	2.156545115570227	72.45021215693184	1.0000174918240972	-273.1499938964844	9.000318168189791	-273.1499938964844	166
DATA	2026-01-24T170000_AIU-0547.ghg	2026-01-24	17:30:00	24.729	0	18000	18000	0.0428750128579802	0	NaN	40.70545560389775	1	NaN	10.085163402789552	0	NaN	0.05353881211565371	0	NaN	0.2219692310202828	0	NaN	0.027940630116950388	2	NaN	NaN	NaN	NaN	NaN	NaN	NaN	NaN	NaN	NaN	1.5982184496737473e-10	4.79658078994799e-13	9.082071864179188e-13	NaN	18.454986414339462	425.9755455151134	426.5208267271254	0	0	55.38719274066823	1.278439827185391	1.2800763277446168	0.1	1	0.10487271805784537	2.2096249299661355	2.2124534185321796	0	1	NaN	NaN	NaN	NaN	9	263.54416141340465	264.1928462375449	96639.2873482653	1.2737384178266757	1005.7404991405887	0.02272884438503029	0.014383606170114324	0.0010135792955569118	123.58065412955902	310.07995266536676	0.000795751530590039	39.854448205145744	186.49929853580772	252.98691769811865	0.6735527994452515	-0.047706712231590585	0.10605334276503936	0.6835178238672294	5.082334580278309e-14	8.66009009051308e-15	0.6835178238672294	3.343640568447342	336.0514064096115	355.9485935903885	8.925966995433033	NaN	0.18346871012239185	0.545485248437016	-12.891807607122011	-0.22494905977327107	4.036172144978695	0.17319064345660715	1	4.650118578129062	2	4	7	10	18	46	0.04215294839745544	1.0171296312114753	40.51374896946907	1.0176370676084303	9.276279069750894	1.087199223627969	0.04924471150466372	1.087199223627969	0.2041661051592499	1.087199223627969	0.012256355634537074	1.1512777177935745	NaN	NaN	800000009	800000009	800000009	800000019	800000019	800010019	899999999	899999999	89999	89999	89	89	4	1	2	44	6	6	0	NaN	0	0	0	0	0	0	0	0	0	NaN	NaN	NaN	NaN	0	144	0	0	0	0	0	0	0	0	0	0	18000	18000	18000	18000	100	NaN	0.5329716734869286	0.4725562240638585	0.08544259932324491	0.08337990179827366	0.03543276774193061	0.010649053042647166	0.000008315360294249929	NaN	0.03162541594673014	0.0011207085273134743	0.00464640137080875	0.000012256355634537074	NaN	425.9755793656831	1.2784288883990915	97032.31813585068	11.359999656677246	-20.201976842880335	101.6629131787618	101.5975272623698	101.72832361645169	-0.13081888126526744	0.00025659445496987445	-1	0	2.210266090896395	44.62876139312541	1.0000087379349603	-273.1499938964844	9.000288465711806	-273.1499938964844	106
DATA	2026-01-24T173000_AIU-0547.ghg	2026-01-24	18:00:00	24.749	0	18000	18000	0.157437760458188	1	NaN	31.302638776874815	1	NaN	-4.673656982394778	2	NaN	0.03961507742253883	2	NaN	-0.10272856703795491	2	NaN	NaN	NaN	NaN	NaN	NaN	NaN	NaN	NaN	NaN	NaN	NaN	NaN	-1.8539792776974476e-10	-6.266415016190286e-13	NaN	NaN	18.490463958176772	425.77044417326516	426.3840517893626	0.1	1	62.49741968407964	1.439096076699925	1.441170058877513	0.1	1	NaN	NaN	NaN	NaN	0	NaN	NaN	NaN	NaN	9	262.9022826902602	262.7822827143301	95081.34160975889	1.2598551200249366	1005.8146834453995	0.02298841750948203	-0.006656811144059478	0.0011280685908788698	136.80538822533927	277.46228132166726	0.0008953954886943997	49.30594081965981	140.656893096328	254.16850438325616	0.03187518091418176	0.19130722657897017	0.03778692126743706	0.19759132956311476	-2.2800877841430324e-13	-1.0026677977853492e-14	0.19759132956311476	4.299905438007589	251.45959558500155	80.54040441499845	11.025026679527027	NaN	0.3535038507909645	0.7231917493457458	-118.53539051685418	-0.02446526718607012	-6.697675694812196	0.06987924819368095	0	90.3448299362128	-13.710176495404932	31.01245656258773	77.22540179722353	117.77361037083487	165.1791631290422	247.46848595171735	0.15061148888231993	1.0453237108704354	29.99712962626241	1.0362151796619175	-4.215896602180464	1.108579603204111	0.03573498674162862	1.108579603204111	-0.09266683848506689	1.108579603204111	NaN	1	NaN	NaN	800000009	800000009	800000009	800000019	800010009	800010009	899999999	899999999	89999	89999	89	89	18	3	0	44	0	0	0	NaN	0	0	0	0	0	0	0	0	0	NaN	NaN	NaN	NaN	0	6085	0	0	0	0	0	0	0	0	0	0	18000	18000	18000	18000	100	NaN	0.35290068113830175	1.0079924677582186	0.08549034979497139	0.06140941760520985	0.054393069801735805	0.006307740123094897	NaN	NaN	0.023672336362463738	0.0008226744793200615	-0.0021333334653831255	NaN	NaN	425.7704458024225	1.4390897356779788	97054.4643467882	11.340569027370877	-18.80353734811138	101.68949019728767	101.62126335906983	101.75771220037672	-0.136465964586785	0.00025593607239392843	-1	0	3.7356830357314172	31.327623801562524	1.000018102263411	-273.1499938964844	9.00033630516794	-273.1499938964844	142
DATA	2026-01-24T180000_AIU-0547.ghg	2026-01-24	18:30:00	24.77	0	18000	18000	0.12310409805595196	1	NaN	7.984200310964177	1	NaN	5.969242765236226	2	NaN	-6.487317203814127	1	NaN	0.13112170893309558	2	NaN	NaN	NaN	NaN	NaN	NaN	NaN	NaN	NaN	NaN	NaN	NaN	NaN	-2.021510778836242e-10	-8.24490186978234e-13	NaN	NaN	18.514584939919864	421.1183629516109	421.8429062760301	0.1	1	75.51329312093425	1.717566690442406	1.720521801378634	0.1	1	NaN	NaN	NaN	NaN	0	NaN	NaN	NaN	NaN	9	262.2404668070475	262.0976171233753	95138.17548817623	1.263768300930995	1005.9586741384213	0.022916849412408128	0.008496686738864593	0.0013505587847217997	163.36090886053216	262.76280343388197	0.0010686759461579053	62.17048483486669	99.40189457334981	256.2609032378684	-0.251568644849039	0.3558547777663038	0.05428508115691138	0.43916543120617574	-2.2067644309977215e-14	-1.0918477434930775e-14	0.43916543120617574	4.15014891636178	206.74190964898133	125.25809035101868	7.100471374889276	NaN	0.31210629368964454	0.4083707640385704	-319.9812148594216	-0.009063032032283728	1.337556642437579	0.02012247053871219	0	82.19177476973825	-12.472918919204275	28.213776556424747	70.2562928670228	107.14527952792722	150.27277800114925	225.13600473112274	0.12020780717098772	1.0240940331008987	8.106870888606979	1.0221403828445503	5.467964970491284	1.0916753851661753	-5.942533185198295	1.0916753851661753	0.12011052984687033	1.0916753851661753	NaN	1	NaN	NaN	800000009	800000019	800000009	800000019	800000019	810010019	899999999	899999999	89999	89999	89	89	33	26	2	30	5	0	0	NaN	0	0	5345	0	0	0	0	0	0	NaN	NaN	NaN	NaN	0	17045	0	0	0	0	101	0	0	0	0	26	18000	18000	18000	18000	100	NaN	0.3247462219025476	0.40757999710469633	0.0844153090698969	0.044316793246250506	22.50815195255316	0.004327950616614473	NaN	NaN	0.006376842034008925	-0.13641838091322542	0.002757289442346283	NaN	NaN	421.11848461999523	1.7175623054232592	97072.08363997396	11.343050777965122	-16.70385604079571	101.71155123011272	101.64174139616225	101.78132909838358	-0.13960953424953776	0.0002529340016998399	-1	0	18.246299306861548	3.706064895060097	1.0000096118085915	-273.1499938964844	9.000306779172686	-273.1499938964844	162
