DATAH	filename	date	time	DOY	daytime	file_records	used_records	Tau	qc_Tau	rand_err_Tau	H	qc_H	rand_err_H	LE	qc_LE	rand_err_LE	co2_flux	qc_co2_flux	rand_err_co2_flux	h2o_flux	qc_h2o_flux	rand_err_h2o_flux	ch4_flux	qc_ch4_flux	rand_err_ch4_flux	none_flux	qc_none_flux	rand_err_none_flux	H_strg	LE_strg	co2_strg	h2o_strg	ch4_strg	none_strg	co2_v-adv	h2o_v-adv	ch4_v-adv	none_v-adv	co2_molar_density	co2_mole_fraction	co2_mixing_ratio	co2_time_lag	co2_def_timelag	h2o_molar_density	h2o_mole_fraction	h2o_mixing_ratio	h2o_time_lag	h2o_def_timelag	ch4_molar_density	ch4_mole_fraction	ch4_mixing_ratio	ch4_time_lag	ch4_def_timelag	none_molar_density	none_mole_fraction	none_mixing_ratio	none_time_lag	none_def_timelag	sonic_temperature	air_temperature	air_pressure	air_density	air_heat_capacity	air_molar_volume	ET	water_vapor_density	e	es	specific_humidity	RH	VPD	Tdew	u_unrot	v_unrot	w_unrot	u_rot	v_rot	w_rot	wind_speed	max_wind_speed	wind_dir	yaw	pitch	roll	u*	TKE	L	(z-d)/L	bowen_ratio	T*	model	x_peak	x_offset	x_10%	x_30%	x_50%	x_70%	x_90%	un_Tau	Tau_scf	un_H	H_scf	un_LE	LE_scf	un_co2_flux	co2_scf	un_h2o_flux	h2o_scf	un_ch4_flux	ch4_scf	un_none_flux	un_none_scf	spikes_hf	amplitude_resolution_hf	drop_out_hf	absolute_limits_hf	skewness_kurtosis_hf	skewness_kurtosis_sf	discontinuities_hf	discontinuities_sf	timelag_hf	timelag_sf	attack_angle_hf	non_steady_wind_hf	u_spikes	v_spikes	w_spikes	ts_spikes	co2_spikes	h2o_spikes	ch4_spikes	none_spikes	head_detect_LI-7200	t_out_LI-7200	t_in_LI-7200	aux_in_LI-7200	delta_p_LI-7200	chopper_LI-7200	detector_LI-7200	pll_LI-7200	sync_LI-7200	chopper_LI-7500	detector_LI-7500	pll_LI-7500	sync_LI-7500	not_ready_LI-7700	no_signal_LI-7700	re_unlocked_LI-7700	bad_temp_LI-7700	laser_temp_unregulated_LI-7700	block_temp_unregulated_LI-7700	motor_spinning_LI-7700	pump_on_LI-7700	top_heater_on_LI-7700	bottom_heater_on_LI-7700	calibrating_LI-7700	motor_failure_LI-7700	bad_aux_tc1_LI-7700	bad_aux_tc2_LI-7700	bad_aux_tc3_LI-7700	box_connected_LI-7700	mean_value_RSSI_LI-7200	mean_value_LI-7500	u_var	v_var	w_var	ts_var	co2_var	h2o_var	ch4_var	none_var	w/ts_cov	w/co2_cov	w/h2o_cov	w/ch4_cov	w/none_cov	co2_mean	h2o_mean	air_p_mean	vin_sf_mean	dew_point_mean	avg_signal_strength_7200_mean	co2_signal_strength_7200_mean	h2o_signal_strength_7200_mean	delta_signal_strength_7200_mean	flowrate_mean	hit_power_mean	hit_vin_mean	ch4_mean	rssi_77_mean	ch4_aux-1_mean	ch4_aux-2_mean	ch4_aux-3_mean	ch4_aux-4_mean	CHK
DATAU		[yyyy-mm-dd]	[HH:MM]	[ddd.ddd]	[1=daytime]	[#]	[#]	[kg+1m-1s-2]	[#]	[kg+1m-1s-2]	[W+1m-2]	[#]	[W+1m-2]	[W+1m-2]	[#]	[W+1m-2]	[µmol+1s-1m-2]	[#]	[µmol+1s-1m-2]	[mmol+1s-1m-2]	[#]	[mmol+1s-1m-2]	[µmol+1s-1m-2]	[#]	[µmol+1s-1m-2]	[µmol+1s-1m-2]	[#]	[µmol+1s-1m-2]	[W+1m-2]	[W+1m-2]	[µmol+1s-1m-2]	[mmol+1s-1m-2]	[µmol+1s-1m-2]	[µmol+1s-1m-2]	[µmol+1s-1m-2]	[mmol+1s-1m-2]	[µmol+1s-1m-2]	[µmol+1s-1m-2]	[mmol+1m-3]	[µmol+1mol_a-1]	[µmol+1mol_d-1]	[s]	[1=default]	[mmol+1m-3]	[mmol+1mol_a-1]	[mmol+1mol_d-1]	[s]	[1=default]	[mmol+1m-3]	[µmol+1mol_a-1]	[µmol+1mol_d-1]	[s]	[1=default]	[mmol+1m-3]	[µmol+1mol_a-1]	[µmol+1mol_d-1]	[s]	[1=default]	[K]	[K]	[Pa]	[kg+1m-3]	[J+1kg-1K-1]	[m+3mol-1]	[mm]	[kg+1m-3]	[Pa]	[Pa]	[kg+1kg-1]	[%]	[Pa]	[K]	[m+1s-1]	[m+1s-1]	[m+1s-1]	[m+1s-1]	[m+1s-1]	[m+1s-1]	[m+1s-1]	[m+1s-1]	[deg_from_north]	[deg]	[deg]	[deg]	[m+1s-1]	[m+2s-2]	[m]	[#]	[#]	[K]	[0=KJ/1=KM/2=HS]	[m]	[m]	[m]	[m]	[m]	[m]	[m]	[kg+1m-1s-2]	[#]	[W+1m-2]	[#]	[W+1m-2]	[#]	[µmol+1s-1m-2]	[#]	[mmol+1s-1m-2]	[#]	[µmol+1s-1m-2]	[#]	[µmol+1s-1m-2]	[#]	8u/v/w/ts/co2/h2o/ch4/none	8u/v/w/ts/co2/h2o/ch4/none	8u/v/w/ts/co2/h2o/ch4/none	8u/v/w/ts/co2/h2o/ch4/none	8u/v/w/ts/co2/h2o/ch4/none	8u/v/w/ts/co2/h2o/ch4/none	8u/v/w/ts/co2/h2o/ch4/none	8u/v/w/ts/co2/h2o/ch4/none	8co2/h2o/ch4/none	8co2/h2o/ch4/none	8aa	8U	[#]	[#]	[#]	[#]	[#]	[#]	[#]	[#]	[#_flagged_recs]	[#_flagged_recs]	[#_flagged_recs]	[#_flagged_recs]	[#_flagged_recs]	[#_flagged_recs]	[#_flagged_recs]	[#_flagged_recs]	[#_flagged_recs]	[#_flagged_recs]	[#_flagged_recs]	[#_flagged_recs]	[#_flagged_recs]	[#_flagged_recs]	[#_flagged_recs]	[#_flagged_recs]	[#_flagged_recs]	[#_flagged_recs]	[#_flagged_recs]	[#_flagged_recs]	[#_flagged_recs]	[#_flagged_recs]	[#_flagged_recs]	[#_flagged_recs]	[#_flagged_recs]	[#_flagged_recs]	[#_flagged_recs]	[#_flagged_recs]	[#_flagged_recs]	[#]	[#]	[m+2s-2]	[m+2s-2]	[m+2s-2]	[K+2]	--	--	--	--	[m+1s-1K+1]	--	--	--	--	--	--	--	--	--	--	--	--	--	--	--	--	--	--	--	--	--	--	207
DATA	2026-06-13T060000_AIU-0547.ghg	2026-06-13	06:30:00	164.27	1	18000	18000	0.03307573564026422	0	NaN	29.405915413376857	0	NaN	22.880814006425183	0	NaN	7.55184277382309	0	NaN	0.5181093662246102	0	NaN	NaN	NaN	NaN	NaN	NaN	NaN	NaN	NaN	NaN	NaN	NaN	NaN	-3.426981776708789e-10	-1.7580856722319264e-11	NaN	NaN	16.692982408207726	432.3081592106382	442.1133327360144	0.1	0	856.3714402611907	22.17796388246643	22.680981879406787	0.1	1	NaN	NaN	NaN	NaN	9	NaN	NaN	NaN	NaN	9	296.0678206524319	293.99633721713496	95574.47143511285	1.1231758964235006	1017.7446057997223	0.02575486763299004	0.03357348693135474	0.01551733527442477	2105.2759245125117	2453.992400711522	0.013815587855683346	85.78983064096279	348.71647619901023	291.4781327828215	1.9377774888409234	0.3617730709606381	0.47079726870518285	2.0266996371814487	-5.0923079723493625e-14	-2.0529475757572153e-14	2.0266996371814487	4.358878169203388	321.4249163651457	10.575083634854305	13.43237329110313	NaN	0.17160536789377742	0.5695003432816796	-14.546407754557034	-0.1993619351892223	1.2851778527249667	0.14990539079068868	1	28.007620252891353	12	22	38	59	98	240	0.03278918636221726	1.00873913963224	30.548831450733193	1.0132988974122137	20.948821217497823	1.0922244153438876	6.914186011347665	1.0922244153438876	0.47436164120308844	1.0922244153438876	NaN	NaN	NaN	NaN	800000099	800000099	800000099	800000099	800000099	800000099	899999999	899999999	89999	89999	89	89	1	3	1	26	16	0	NaN	NaN	0	0	0	0	0	0	0	0	0	NaN	NaN	NaN	NaN	NaN	NaN	NaN	NaN	NaN	NaN	NaN	NaN	NaN	NaN	NaN	NaN	NaN	NaN	NaN	NaN	93	NaN	0.3289935368651702	0.7219938784618444	0.08801327123634471	0.14613290868890855	88.60949538839824	0.28094832596410724	NaN	NaN	0.026724403371134263	0.18208483688892768	0.01249229655133229	NaN	NaN	432.3049566147159	22.17768794437582	NaN	0	18.365692692650693	95.84705049472387	95.33676953167384	96.35733137003581	-1.0205611499117515	0.00028843039501548945	-1	0	NaN	NaN	NaN	NaN	NaN	NaN	192
DATA	2026-06-13T063000_AIU-0547.ghg	2026-06-13	07:00:00	164.291	1	18000	18000	0.07073540254493789	0	NaN	6.793589382886985	0	NaN	90.20613849016861	0	NaN	23.805843214795868	0	NaN	2.043028551544374	0	NaN	NaN	NaN	NaN	NaN	NaN	NaN	NaN	NaN	NaN	NaN	NaN	NaN	-1.6262977745234472e-11	-8.158985281849111e-13	NaN	NaN	16.64053596402911	431.1740411970969	440.7072450197252	0.3	0	834.8402742688303	21.631602226556424	22.109874231205044	0.1	1	NaN	NaN	NaN	NaN	9	NaN	NaN	NaN	NaN	9	296.2285656619602	294.20672943571446	95598.53848372395	1.1228831990729646	1017.44092708761	0.025762363462626014	0.1323882501400754	0.01513065675697191	2054.28836198071	2486.0445993086523	0.013474826918297069	82.63280403545414	431.7562373279425	291.0878655081207	1.599818402390856	-0.07989876429431537	0.3932925263474819	1.6493882940184021	3.4512785760963413e-14	-9.773109339981127e-16	1.6493882940184021	4.918956484735879	334.8591129852358	357.1408870147641	13.79492905653449	NaN	0.2509869394422472	0.731341667868111	-197.01012272310885	-0.014720055801781581	0.07531183017691645	0.02369214510133818	0	53.294683200618884	-8.087673787897627	18.294340129291427	45.55549362071287	69.47500215052021	97.43967835814242	145.98239401463692	0.07006294514994943	1.0095979036215115	11.982377130309233	1.0134348839082759	82.83460696324478	1.0889909640084936	21.860459821602518	1.0889909640084936	1.8760748427371148	1.0889909640084936	NaN	NaN	NaN	NaN	800000099	800000099	800000099	800000099	800000099	800000099	899999999	899999999	89999	89999	89	89	3	6	3	0	7	0	NaN	NaN	0	0	0	0	0	0	0	0	0	NaN	NaN	NaN	NaN	NaN	NaN	NaN	NaN	NaN	NaN	NaN	NaN	NaN	NaN	NaN	NaN	NaN	NaN	NaN	NaN	93	NaN	0.44121472321243854	0.8602260873434957	0.1612425251802876	0.19837611534131439	145.4563743572901	0.3382241292848371	NaN	NaN	0.010488157418847417	0.5755448216833388	0.04939352463943627	NaN	NaN	431.1692298439375	21.631272796710498	NaN	0	17.971458874172626	95.97988053215875	95.48735449769761	96.47240672387017	-0.9850534436272267	0.0002880852507724841	-1	0	NaN	NaN	NaN	NaN	NaN	NaN	187
DATA	2026-06-13T070000_AIU-0547.ghg	2026-06-13	07:30:00	164.312	1	18000	18000	0.15622418957204393	0	NaN	-7.017379843816455	2	NaN	124.23671592960434	1	NaN	36.99105542737205	0	NaN	2.8144496073444283	1	NaN	NaN	NaN	NaN	NaN	NaN	NaN	NaN	NaN	NaN	NaN	NaN	NaN	-2.0584256101274645e-10	-9.957887916324696e-12	NaN	NaN	16.324349148759673	423.1184793014232	431.96022061753786	0.2	0	789.7105357148821	20.46887860061369	20.89660874824606	0.1	1	NaN	NaN	NaN	NaN	9	NaN	NaN	NaN	NaN	9	296.3717245780097	294.45706075472395	95635.63285112847	1.1228491385567885	1016.7926214774654	0.025764816362717238	0.18237633455591895	0.01431600340208934	1945.3464831271097	2524.753296637617	0.012749712236934939	77.05095328394492	579.4068135105074	290.22468533589046	1.7292541452398844	-0.7205874130115241	0.32315687111094965	1.9010514148665807	7.824440466323804e-14	-1.260954168138375e-14	1.9010514148665807	5.940184382626395	354.62169583065213	337.37830416934787	9.787150199295414	NaN	0.3730039536491194	0.9939104549967102	626.081657805003	0.004631983645978689	-0.05648394511484575	-0.016478123512066612	0	60.17840300798835	-9.13230482622693	20.657298382307086	51.439593777400795	78.44862615388081	110.02531361584231	164.83796903368685	0.15483470814544695	1.0089739661296855	0.22007281841263127	1.0133039095991228	113.86678239384015	1.0910707523103347	33.90344333678064	1.0910707523103347	2.5795298805186104	1.0910707523103347	NaN	NaN	NaN	NaN	800000099	800000099	800000099	800000099	800000099	800001099	899999999	899999999	89999	89999	89	89	13	22	6	12	49	0	NaN	NaN	0	0	0	0	0	0	0	0	0	NaN	NaN	NaN	NaN	NaN	NaN	NaN	NaN	NaN	NaN	NaN	NaN	NaN	NaN	NaN	NaN	NaN	NaN	NaN	NaN	93	NaN	0.5344910457689769	1.1904772612859602	0.26285260293848334	0.14193584795713315	115.15854698014414	0.42893905415341615	NaN	NaN	0.00019275808773293112	0.8916533175867856	0.06784108483999987	NaN	NaN	423.11577047413095	20.46846461501396	NaN	0	17.100282278696643	96.11294070794847	95.64048384030659	96.58539585155911	-0.9449060569389013	0.00028834569188054756	-1	0	NaN	NaN	NaN	NaN	NaN	NaN	072
DATA	2026-06-13T073000_AIU-0547.ghg	2026-06-13	08:00:00	164.333	1	18000	18000	0.1274959273632109	0	NaN	9.471273488716129	1	NaN	39.320059035821025	1	NaN	8.68844266069377	1	NaN	0.8908673201683184	1	NaN	NaN	NaN	NaN	NaN	NaN	NaN	NaN	NaN	NaN	NaN	NaN	NaN	5.104948558924697e-10	2.432564430260169e-11	NaN	NaN	16.113132535398826	417.76638892271967	426.25179636020766	0.1	1	767.808580502823	19.90703032795505	20.311369374087302	0.1	1	NaN	NaN	NaN	NaN	9	NaN	NaN	NaN	NaN	9	296.45167153676346	294.5887887238806	95681.62779123263	1.1231215455183394	1016.4804532120505	0.02575937778289442	0.05772820234690703	0.01392598438050389	1893.1992509616205	2545.3188432093452	0.012399356450843274	74.37965015709077	652.1195922477248	289.7963942682755	0.8954785526529274	-0.4455904907286787	0.21661574561042485	1.0234036862037887	7.036232577911021e-14	3.168191254996303e-14	1.0234036862037887	4.440142602705896	358.45495631969584	333.54504368030416	12.219771764327897	NaN	0.33692619452529565	0.8903006741797698	-341.95434556715986	-0.008480664268764029	0.24087638017246338	0.0246233880999663	0	58.05079039336365	-8.80943140357563	19.926957821152136	49.62094251479682	75.67506822841013	106.13535918906845	159.01010845987545	0.12588297110468796	1.0128131410020624	11.676949382715298	1.0149944078251982	36.206313610730895	1.0860000677939017	8.000407107104012	1.0860000677939017	0.8203197647841998	1.0860000677939017	NaN	NaN	NaN	NaN	800000099	800000099	800000099	800000099	800001099	800011199	899999999	899999999	89999	89999	89	89	10	8	1	25	55	0	NaN	NaN	0	0	0	0	0	0	0	0	0	NaN	NaN	NaN	NaN	NaN	NaN	NaN	NaN	NaN	NaN	NaN	NaN	NaN	NaN	NaN	NaN	NaN	NaN	NaN	NaN	93	NaN	0.7571364027705064	0.7888064574965928	0.23465848809244028	0.10497260571410291	35.83343298524003	0.2279581088309615	NaN	NaN	0.010228303527519585	0.21024552048378578	0.021557472463750782	NaN	NaN	417.7589201410849	19.90680385959226	NaN	0	16.67212182892692	96.1481475361718	95.68389093695747	96.61240062289768	-0.9284934121254426	0.0002885285848589976	-1	0	NaN	NaN	NaN	NaN	NaN	NaN	199
DATA	2026-06-13T080000_AIU-0547.ghg	2026-06-13	08:30:00	164.354	1	18000	18000	0.1591295378512251	0	NaN	-6.192500392095444	2	NaN	76.24132802616151	0	NaN	13.742722906049593	0	NaN	1.7275909507758722	0	NaN	NaN	NaN	NaN	NaN	NaN	NaN	NaN	NaN	NaN	NaN	NaN	NaN	1.136303909554223e-10	5.452641004098169e-12	NaN	NaN	16.080283661025163	418.74341733179335	427.33006909638226	0.1	0	771.624679897765	20.093722360202566	20.50575939629687	0.1	1	NaN	NaN	NaN	NaN	9	NaN	NaN	NaN	NaN	9	296.59273124779594	294.7115745313015	95738.15542382812	1.123238846393535	1016.587763704823	0.025756418187481065	0.11194789361027652	0.01405820019302304	1911.968752614307	2564.4849187475183	0.012515771011802814	74.55566373726631	652.5161661332113	289.95172970740623	1.1479726050847252	-0.462643201952372	0.21636953889039548	1.2564615440583309	2.4507430315576128e-14	7.066441945351731e-15	1.2564615440583309	4.737412222294738	353.94987453147075	338.05012546852925	9.916074019454543	NaN	0.3763910979442147	0.8842374487471061	729.4961138961047	0.0039753467424406596	-0.08122235738037702	-0.014408199282342373	0	65.66135339032695	-9.96436370010477	22.539417820543395	56.12633729785784	85.59620573832511	120.04989561209148	179.85661958207706	0.15792133692723395	1.0076506503015983	-1.751489735601351	1.0121721681696603	69.72158311307317	1.0935111427764734	12.567519770448985	1.0935111427764734	1.579856741458932	1.0935111427764734	NaN	NaN	NaN	NaN	800000099	800000099	800000099	800000099	800001099	800011099	899999999	899999999	89999	89999	89	89	7	5	1	4	39	0	NaN	NaN	0	0	0	0	0	0	0	0	0	NaN	NaN	NaN	NaN	NaN	NaN	NaN	NaN	NaN	NaN	NaN	NaN	NaN	NaN	NaN	NaN	NaN	NaN	NaN	NaN	93	NaN	0.6088544673663655	0.944396196800446	0.2152242333274005	0.12080351029655281	57.1941025468956	0.4446008077407551	NaN	NaN	-0.0015338772415324866	0.33029046371383164	0.04152065206731332	NaN	NaN	418.736724583081	20.09329340029933	NaN	0	16.824772717846727	96.1279365119934	95.68083082283866	96.57504541121588	-0.8942104719844131	0.0002894911272968683	-1	0	NaN	NaN	NaN	NaN	NaN	NaN	000
DATA	2026-06-13T100000_AIU-0547.ghg	2026-06-13	10:30:00	164.437	1	18000	18000	0.13792652487082505	0	NaN	16.900401977417356	0	NaN	172.2324646813477	0	NaN	3.4533837654917603	0	NaN	3.9113086970424242	0	NaN	0.00426655619349278	0	NaN	NaN	NaN	NaN	NaN	NaN	NaN	NaN	NaN	NaN	2.7781025024549374e-11	1.2081728697674228e-12	1.5231367240696272e-13	NaN	15.516431199861776	406.4286443226726	413.74162349195444	0.1	1	674.7962393295406	17.675231966174415	17.993267136643937	0.4	0	0.08507118137694623	2.0980139671157807	2.135764092882505	0	0	NaN	NaN	NaN	NaN	9	298.03630307600235	296.98519738274933	95392.19791369949	1.1115353219783353	1015.3445152365371	0.025884034386900102	0.2534528035683491	0.012305179352138545	1686.5314987915863	2945.8045216625333	0.011070434838037817	57.25198282470396	1259.273022870947	287.990151281382	1.573987987736281	0.5133360202812498	0.37912056883035905	1.6984358866223201	1.6413591020715664e-14	1.7904262047574995e-15	1.6984358866223201	5.7521820990168	313.9369265360357	18.063073463964265	12.898081349023348	NaN	0.35225913391582425	0.9864230944099691	-218.45787877571618	-0.013274870269052363	0.0981255305652467	0.04251068237160998	0	69.12160344184291	-10.489469995152454	23.727209689697354	59.084106997970736	90.10699115505157	126.37633629641373	189.33478055562244	0.1366343149538753	1.00945743327645	26.813558530249725	1.0133946914855898	158.10298650696635	1.0893688252609874	3.1700776499312893	1.0893688252609874	3.5904356782978115	1.0893688252609874	-0.011987705054517548	1.1487723555924365	NaN	NaN	800000009	800000009	800000009	800000019	800001019	800111119	899999999	899999999	89999	89999	89	89	4	3	6	37	69	8	6	NaN	0	0	0	0	0	0	0	0	0	NaN	NaN	NaN	NaN	0	8	0	0	0	0	0	0	1255	0	0	0	18000	18000	18000	18000	93	NaN	1.099634984547516	0.7074140494430973	0.1657971548293252	0.06575863020855507	9.818114172987299	0.7082099210487505	2.9972381055785713e-8	NaN	0.023758431156238793	0.08353122878287143	0.0946076207567279	-0.000011987705054517548	NaN	406.42472204512194	17.674530491719743	95800.41570073785	3.634718840282028	14.822765016211433	96.10579177517361	95.6836429731581	96.52794119432238	-0.84429422190951	0.00029141064176090167	-1	0	2.0828050756454473	67.75697415998246	1.0000904394653107	-273.1499938964844	9.000868667761484	-273.1499938964844	204
DATA	2026-06-13T103000_AIU-0547.ghg	2026-06-13	11:00:00	164.458	1	18000	18000	0.17299469896480624	1	NaN	51.68916243848214	1	NaN	129.4918638788587	0	NaN	-2.1519490886923416	1	NaN	2.941460676177094	0	NaN	-0.042870213779555286	1	NaN	NaN	NaN	NaN	NaN	NaN	NaN	NaN	NaN	NaN	-5.254703792454744e-10	-2.3041286053847656e-11	-2.881829383501579e-12	NaN	15.437371113618017	404.7534598950762	412.06681543037917	0.1	0	676.9113879625802	17.747984699191445	18.06866712689435	0.5	0	0.08466294473748122	2.090579398579019	2.1283533818342866	-0.2	0	NaN	NaN	NaN	NaN	9	298.5504895340249	297.2545968992446	95388.25065190972	1.1104512384806184	1015.3919638191894	0.02590858624338176	0.19060665181627567	0.012344119696645086	1693.403328757793	2993.853027504292	0.011116309540556686	56.56267402576645	1300.4496987464993	288.0532596119695	1.1587453272130923	0.5392425700592195	0.31407005918259684	1.316097748944582	1.1588336589701204e-14	-3.403885126412053e-14	1.316097748944582	5.145483398518114	307.04425576850747	24.955744231492535	13.806128716036607	NaN	0.39469956819454793	1.0620028316103718	-100.47866403566807	-0.028861848710195363	0.3991691901727356	0.11614476216697149	0	74.64589351573005	-11.327802326712334	25.62351970629177	63.80618706499345	97.30846120261064	136.476500433432	204.46666692375408	0.17113050364912544	1.0108934133654104	58.850710629036996	1.0139636570545814	119.14039224555881	1.0868846529560234	-1.979924072752007	1.0868846529560234	2.7063227621966512	1.0868846529560234	-0.06287522041453046	1.1479167504943286	NaN	NaN	800000009	800000009	800000009	800000009	800011009	800011109	899999999	899999999	89999	89999	89	89	1	15	0	63	37	15	0	NaN	0	0	0	0	0	0	0	0	0	NaN	NaN	NaN	NaN	0	0	0	0	0	0	0	0	2161	0	0	0	18000	18000	18000	18000	93	NaN	1.5173712925600382	0.434880885638233	0.17175348502247204	0.10638257141013698	2.6408843640769386	0.4247228170711763	3.519799221765462e-7	NaN	0.05219374947304496	-0.05222415573516814	0.07138426334002715	-0.00006287522041453046	NaN	404.7529372757784	17.747426674544226	95801.90988802083	11.40999984741211	14.892072450055007	96.07296694289315	95.65130770047506	96.49462763277691	-0.8433084115286663	0.0002914913761681722	-1	0	2.0753541593220524	67.87193435584169	1.0000977394945092	-273.1499938964844	9.000882990413242	-273.1499938964844	083
DATA	2026-06-13T110000_AIU-0547.ghg	2026-06-13	11:30:00	164.479	1	18000	18000	0.08197602499811046	0	NaN	30.12647688226704	0	NaN	150.46885594269682	0	NaN	-3.9516182861820752	1	NaN	3.418856262998826	0	NaN	0.006871463327944221	0	NaN	NaN	NaN	NaN	NaN	NaN	NaN	NaN	NaN	NaN	6.056437504661811e-11	2.6706874486031415e-12	3.270909161043678e-13	NaN	15.40181435290152	403.9723695432715	411.2991864246637	0.1	1	679.1687728363124	17.813837525628518	18.136925774591475	0.4	0	0.08318080657948221	2.0565821447400667	2.0938822224485674	0	0	NaN	NaN	NaN	NaN	9	298.8794656914605	297.52433238220215	95378.30470355903	1.1093010141217194	1015.4355758627962	0.025934800446639997	0.22154188584232393	0.012377398406143242	1699.509376607623	3042.645284589745	0.01115783565378145	55.85630981091429	1343.1359079821223	288.10914676352394	1.1878994720402734	0.054276513221246554	0.2853364946244402	1.2228932949058169	6.935439915166117e-14	3.932288343367059e-15	1.2228932949058169	4.2992656278834875	329.3839084773743	2.616091522625533	13.493144697466082	NaN	0.27184335583315294	0.8524647090082909	-56.31922201444995	-0.051492188568512905	0.20021735855917008	0.09838476184966274	0	55.52430672099336	-8.426027759057048	19.05969773332209	47.46134227125577	72.38154159442234	101.51614125533655	152.08967826343095	0.08105206411638714	1.0113995971823315	38.70113115226674	1.0142170382174052	138.49214435205317	1.0864793569821427	-3.6370854731729834	1.0864793569821427	3.1467291495488747	1.0864793569821427	-0.011895846513833333	1.147924161137307	NaN	NaN	800000009	800000009	800000009	800000009	800001019	800001019	899999999	899999999	89999	89999	89	89	11	1	1	16	28	2	2	NaN	0	0	0	0	0	0	0	0	0	NaN	NaN	NaN	NaN	0	0	0	0	0	0	0	0	101	0	0	0	18000	18000	18000	18000	93	NaN	0.6378979301153397	0.8962988140664893	0.17073267383475269	0.0626718897677744	8.097545692456777	0.7531526574595059	2.9708005802375354e-8	NaN	0.034357525208779945	-0.09603835654088487	0.08309034754091879	-0.000011895846513833333	NaN	403.96599866120084	17.81311836176955	95783.99348350694	11.390443354818554	14.939893693606061	96.00330657026504	95.58031648805407	96.42629579501681	-0.8459731730156478	0.0002911702199425133	-1	0	2.0416257025811406	66.31045736609556	1.0000759329232904	-273.1499938964844	9.000738027095794	-273.1499938964844	049
DATA	2026-06-13T113000_AIU-0547.ghg	2026-06-13	12:00:00	164.499	1	18000	18000	0.01704848564133567	2	NaN	22.711781092221834	1	NaN	99.42087550147353	1	NaN	0.8580901996556475	1	NaN	2.259965256043	1	NaN	0.029145171235985517	2	NaN	NaN	NaN	NaN	NaN	NaN	NaN	NaN	NaN	NaN	-1.6934773409814e-11	-7.547084860767718e-13	-9.231441609786723e-14	NaN	15.32090567321235	403.1281541101384	410.50310996145845	0.1	1	682.7854879507429	17.965651592779576	18.29432098980896	0.3	0	0.08351694038571927	2.0692813092561613	2.1071374057459056	0	1	NaN	NaN	NaN	NaN	9	299.2720830552842	297.9749788074164	95368.83185242063	1.1074493318454717	1015.5320544106709	0.025976662665203657	0.14644574859158638	0.012462765191252938	1713.8227974135023	3125.711276632945	0.011253575972170918	54.8298497761333	1411.8884792194428	288.23946564771757	1.0822833805957657	0.3410912450110061	0.19902099703971868	1.1520806875386551	-2.6817981564876672e-14	-1.1053376197872817e-15	1.1520806875386551	5.079001680448643	314.50729032785216	17.49270967214781	9.947700973710736	NaN	0.12407405363805626	0.8877957776772102	-7.102739830863085	-0.40829314730054084	0.22844076737068383	0.16276188866044441	1	17.52597073599212	8	14	23	36	58	136	0.016848942980095233	1.0118430373630067	28.362136085884906	1.014451783294885	91.52742697945784	1.0862413462555578	0.7899627487147468	1.0862413462555578	2.0805369486564382	1.0862413462555578	0.013701416750340612	1.1480045041646467	NaN	NaN	800000009	800000009	800000009	800000019	800011119	800011119	899999999	899999999	89999	89999	89	89	2	7	2	53	22	15	1	NaN	0	0	0	0	0	0	0	0	0	NaN	NaN	NaN	NaN	0	1	0	0	0	0	0	0	1306	0	0	0	18000	18000	18000	18000	93	NaN	0.9174212852999285	0.7421283638196701	0.11604190623482179	0.08102387136650055	3.520172105776846	0.35881133043441465	4.3908692725468917e-7	NaN	0.02521862681122465	0.020896108751261137	0.055034400559868274	0.000013701416750340612	NaN	403.128304497243	17.96529314134719	95769.00518315972	11.380000114440918	15.077674857298542	95.98066592216492	95.55783519384596	96.40349421077305	-0.845658542984062	0.0002923997633818848	-1	0	2.0541115963790144	67.86842451291614	1.0000607909378079	-273.1499938964844	9.000585000276565	-273.1499938964844	039
DATA	2026-06-13T120000_AIU-0547.ghg	2026-06-13	12:30:00	164.52	1	18000	18000	0.09380420695500451	0	NaN	21.392173386591242	0	NaN	139.69238050630256	0	NaN	-0.7781243756213269	1	NaN	3.1764578722388577	0	NaN	0.0014714153176304777	0	NaN	NaN	NaN	NaN	NaN	NaN	NaN	NaN	NaN	NaN	6.043663778363835e-11	2.6189398642779404e-12	3.336457488749438e-13	NaN	15.27117251169353	402.1491736610828	409.28155548690825	0.1	1	661.7555829018518	17.42658991153492	17.735662020373553	0.4	0	0.08430584452932337	2.0916781950942007	2.1287754926177764	0	0	NaN	NaN	NaN	NaN	9	299.70867951965334	298.32169140981534	95362.09535074756	1.1063111083208033	1015.2379543203444	0.026008725303892574	0.20583447012107797	0.012073915653965407	1662.281898731733	3190.959271198898	0.01091367117545408	52.09348529563604	1528.677372467165	287.7656314172124	1.3913914039391708	0.4259797217267878	0.2879429943667415	1.4833542834680733	-2.1808564654785598e-14	3.95756368657092e-15	1.4833542834680733	5.839962402626523	314.9778336820077	17.022166317992276	11.19309505591788	NaN	0.2911873617044156	0.9019086593535475	-97.46266156335469	-0.029754984662663683	0.1531377252578646	0.06540896392404676	0	64.27645712930452	-9.754200349530647	22.064027749313286	54.9425488034809	83.79085359183438	117.51786355693419	176.06317416680108	0.09286081919237311	1.0101591583063363	29.433569203038736	1.0136357467166075	128.41387421946322	1.0878293436390216	-0.7153000423929865	1.0878293436390216	2.9199964965211613	1.0878293436390216	-0.013813752645022073	1.1481388670649455	NaN	NaN	800000009	800000009	800000009	800000019	800001019	800011119	899999999	899999999	89999	89999	89	89	0	0	2	24	19	11	2	NaN	0	0	0	0	0	0	0	0	0	NaN	NaN	NaN	NaN	0	25	0	0	0	0	0	0	804	0	0	0	18000	18000	18000	18000	93	NaN	0.8474611804127843	0.8204928023313275	0.1358633359629832	0.047807659380161266	0.9293707251630359	0.6506708442910496	4.862073317643663e-8	NaN	0.026205823442245445	-0.018934087396223796	0.07729269619059238	-0.000013813752645022073	NaN	402.14846772340627	17.425762243232683	95764.37332942708	11.399596295197805	14.59750571065479	95.96930034806994	95.5467485347324	96.39184986919827	-0.8451015683395998	0.000292944599628552	-1	0	2.0772457452160342	66.45334762034155	1.000060315705008	-273.1903688981798	9.000597345590592	-273.1499938964844	004
DATA	2026-06-13T123000_AIU-0547.ghg	2026-06-13	13:00:00	164.541	1	18000	18000	0.08892623241328824	0	NaN	33.33816113041773	0	NaN	180.99074319466894	0	NaN	0.6701796626659186	1	NaN	4.117602921016774	0	NaN	-0.008820509634526748	0	NaN	NaN	NaN	NaN	NaN	NaN	NaN	NaN	NaN	NaN	9.460104841335555e-11	4.055726995527341e-12	5.229958802939038e-13	NaN	15.210991234361124	401.3525258089475	408.3794068022093	0.3	0	652.1241446328272	17.206746658175796	17.50800242031285	0.6	0	0.08409299774350534	2.091148236636264	2.1277600650245243	-0.1	0	NaN	NaN	NaN	NaN	9	300.30741196950277	298.837784827104	95347.1688524904	1.1043200437718428	1015.1278744302147	0.02605779880990822	0.2668206692818869	0.011899147059768031	1641.0546565126015	3290.2827398201794	0.010775089274958814	49.87579446142942	1649.228083307578	287.5667194955455	1.1094467425277093	0.2232196636226073	0.2365353863426156	1.1561349755653183	-1.7258192684820195e-13	6.219255994287534e-15	1.1561349755653183	4.524934745270263	320.62402296855794	11.375977031442053	11.805586770967125	NaN	0.2837706460583463	0.9581300064659621	-57.87314536497061	-0.050109597149273113	0.1841981558944154	0.104799319899408	0	59.797647618609766	-9.074523726925035	20.52659737836019	51.11412979731494	77.95227304870666	109.32917132835522	163.79502103329764	0.08788775448850114	1.0118159569650056	43.72398933368393	1.0144372455049433	166.61925352565854	1.0862534753031843	0.6169643438690631	1.0862534753031843	3.7906464877983566	1.0862534753031843	-0.029373498906740764	1.147997930794622	NaN	NaN	800000009	800000009	800000009	800000019	800001019	800011019	899999999	899999999	89999	89999	89	89	7	1	2	22	51	5	9	NaN	0	0	0	0	0	0	0	0	0	NaN	NaN	NaN	NaN	0	41	0	0	0	0	0	0	702	0	0	0	18000	18000	18000	18000	93	NaN	0.7380036362636452	1.0236911672318358	0.15456520943644322	0.13716775721972518	1.6894451121615863	0.6777950215154747	2.3616827039531824e-7	NaN	0.03900354411334697	0.016358281045234006	0.10050574430553257	-0.000029373498906740764	NaN	401.3526659752604	17.20604220286758	95747.97704470486	11.39681429386139	14.397541656600103	95.95514941681756	95.53270901023016	96.37759310552809	-0.8448795486026339	0.00029371974102751773	-1	0	2.079666290138827	64.75077242670119	1.0000497778339519	-273.1499938964844	9.000591571119097	-273.1499938964844	174
DATA	2026-06-13T130000_AIU-0547.ghg	2026-06-13	13:30:00	164.562	1	18000	18000	0.5963125911835652	1	NaN	155.19520701946396	1	NaN	-77.0237061471065	2	NaN	4.51472139245637	1	NaN	-1.75348956418931	2	NaN	0.07304394890873472	2	NaN	NaN	NaN	NaN	NaN	NaN	NaN	NaN	NaN	NaN	1.158000472426416e-9	4.751290417384963e-11	6.3974316232429414e-12	NaN	15.15448453505249	401.1623350193342	407.875866038646	0.1	1	621.7903953090045	16.459740765038905	16.735197782185327	0.1	1	0.08372170902084972	2.0878400692674624	2.1227804857642245	0	1	NaN	NaN	NaN	NaN	9	300.68405670928956	299.5264134809706	95334.45149175348	1.1019474036695187	1014.7278065414547	0.02612132930660643	-0.11362612375946728	0.011354879002768235	1569.601273551207	3427.0024452475013	0.010304374750515441	45.800996603544846	1857.4011716962943	286.8801135958445	0.10362472061721208	-0.05825460207184051	0.19780288448891714	0.2307762173571564	-8.541539691865728e-14	7.641305580192768e-14	0.2307762173571564	4.459238510550838	1.3433434645168632	330.65665653548314	58.99472542087577	NaN	0.7356251297838935	0.9168863758058459	-216.53025736296323	-0.013393047398169468	-2.014901837144253	0.18867368001114204	0	70.47902890450149	-10.695464546091847	24.193169924802916	60.24441386708106	91.87653234140919	128.85814297080015	193.052979198241	0.5733193335524469	1.0401054984290266	146.59434957527085	1.0327305718620794	-69.75102894029628	1.10426623545633	4.088435603204597	1.10426623545633	-1.5879228286507314	1.10426623545633	0.02418501218483286	1.1731160833876118	NaN	NaN	800000009	800000009	800000009	800000009	800010009	800010109	899999999	899999999	89999	89999	89	89	8	2	1	14	13	11	0	NaN	0	0	0	0	0	0	0	0	0	NaN	NaN	NaN	NaN	0	0	0	0	0	0	0	0	1408	0	0	0	18000	18000	18000	18000	93	NaN	0.3588003066480158	0.786240237360377	0.688732207603299	0.19810112924265855	0.2759315801635539	0.4232007762302458	2.3941330940646854e-7	NaN	0.1311012412133256	0.10858310185903958	-0.042172997934106914	0.00002418501218483286	NaN	401.16256866039674	16.459237879531585	95739.56402495659	11.390000343322754	13.716377060625286	95.90731862068176	95.48246507793002	96.33217208078173	-0.8496968630933102	0.0002940693043379319	-1	0	2.0738384409579953	67.69707486036094	1.0000430049830014	-273.1499938964844	9.000500760687721	-273.1499938964844	071
DATA	2026-06-13T133000_AIU-0547.ghg	2026-06-13	14:00:00	164.583	1	18000	18000	0.06373111318960649	1	NaN	12.3687109565359	0	NaN	110.57716965151796	0	NaN	0.711193170395587	1	NaN	2.5170614996871596	0	NaN	0.0023837557553052424	0	NaN	NaN	NaN	NaN	NaN	NaN	NaN	NaN	NaN	NaN	-1.0464989147137704e-10	-4.25760557943533e-12	-5.825606037018888e-13	NaN	15.147845006043012	400.9836918656932	407.63371959046015	0.1	1	616.2791810614544	16.313733151045835	16.584284746907848	0.2	0	0.08432438493179586	2.1016462437249688	2.1365005434681725	-0.1	0	NaN	NaN	NaN	NaN	9	300.6803348507351	299.4070060751719	95311.70345519477	1.1021850599290848	1014.6429404719244	0.026117147824130164	0.16310558517972792	0.011255956370057245	1555.3067790408431	3402.946593519031	0.010212401509762306	45.704707267606	1847.6398144781879	286.7394659987975	1.3519565947747199	0.3822661697155322	0.2655820350766318	1.4298419059528926	7.217490778044096e-14	-6.908566296369451e-15	1.4298419059528926	6.112660538138616	316.2117322541795	15.788267745820507	10.704409536776634	NaN	0.24046312801274464	0.9482540344959633	-94.87724518664508	-0.03056581158416901	0.11185591922379347	0.045994742357888384	0	53.94208636730674	-8.185919716139912	18.516572686478867	46.10888411032433	70.31895756401951	98.6233378254976	147.75573158773	0.0630768139948101	1.0103730539537115	18.788557499885254	1.013725119753339	101.68022884390834	1.087499220927871	0.6539711998954685	1.087499220927871	2.3145409681669142	1.087499220927871	-0.008485020401916156	1.1480390459423948	NaN	NaN	800000009	800000009	800000009	800000019	800001019	800111119	899999999	899999999	89999	89999	89	89	4	3	1	30	38	16	0	NaN	0	0	0	0	0	0	0	0	0	NaN	NaN	NaN	NaN	0	0	0	0	0	0	101	0	903	0	0	21	18000	18000	18000	18000	93	NaN	1.1094264436328718	0.6434782353959458	0.1436033899631091	0.04640627565112863	0.7428101309110317	0.5285863498968709	6.475303700427478e-8	NaN	0.016800634364611617	0.017363197044741718	0.06145198887173177	-0.000008485020401916157	NaN	400.98352963222754	16.3131198009288	95703.12283658855	11.390000343322754	13.57102819567257	95.94556089549594	95.5211337682936	96.3699804151323	-0.8488435895674757	0.0002942297253984078	-1	0	2.0876748200919892	65.88449002075197	1.0000409265293015	-273.1499938964844	9.000507254494561	-273.1499938964844	223
DATA	2026-06-13T140000_AIU-0547.ghg	2026-06-13	14:30:00	164.604	1	18000	18000	0.1720132202501088	1	NaN	53.9383307465729	1	NaN	85.21907545080742	1	NaN	-0.9172807427670069	2	NaN	1.9414505562804816	1	NaN	-0.007853527564174727	1	NaN	NaN	NaN	NaN	NaN	NaN	NaN	NaN	NaN	NaN	5.470829505184822e-10	2.2242634831173854e-11	3.051451574985203e-12	NaN	15.035842023097645	399.4229379917249	406.01634014118395	0.1	1	611.3090221181749	16.239253196475545	16.507319741350514	0.3	0	0.08386505881626811	2.098361248844201	2.132999568911732	0.2	0	NaN	NaN	NaN	NaN	9	301.3191539264255	300.26207711198595	95277.79451215277	1.0986864405306274	1014.6245070678814	0.02620105683481827	0.1258059960469752	0.011168684891577272	1547.6552598971853	3578.504539716691	0.010165488968975702	43.248659956142255	2030.8492798195057	286.6637128535994	0.6156803284162897	0.4069483323452504	0.2318023114947239	0.7735641690330088	-5.974375248076936e-14	3.638525529052969e-14	0.7735641690330088	3.716877200261249	298.5363563395789	33.463643660421084	17.43687818387218	NaN	0.39567993786675976	0.7746735313793685	-96.91024659462082	-0.02992459623109627	0.632937290873435	0.12228532961872048	0	86.06909381714279	-13.061317043440537	29.54473471553386	73.57056687189116	112.1997565034758	157.36175382728965	235.75658229920734	0.16936679592599713	1.0156254023088918	58.37592779836208	1.0166913672607067	78.43292141012361	1.0865217553889035	-0.8442359651037825	1.0865217553889035	1.7868492247406216	1.0865217553889035	-0.028737445566308042	1.1501074889031138	NaN	NaN	800000009	800000009	800000009	800000009	800010009	800010109	899999999	899999999	89999	89999	89	89	0	0	0	34	4	26	0	NaN	0	0	0	0	0	0	0	0	0	NaN	NaN	NaN	NaN	0	0	0	0	0	0	0	0	3015	0	0	0	18000	18000	18000	18000	93	NaN	0.8353051130865142	0.5931333912363113	0.12090855843591138	0.14333185816821883	0.564833667569116	0.4944285331697958	8.625595633119438e-8	NaN	0.0523666368955054	-0.022485113906898314	0.04759037758810331	-0.00002873744556630804	NaN	399.42290749839435	16.23881610152447	95685.96810568575	11.390000343322754	13.49866145237285	95.88338720787895	95.45560336367289	96.31116911676195	-0.8555670799083175	0.0002951977876590616	-1	0	2.0845146370927496	67.88844422488754	1.0000321421921252	-273.1499938964844	9.000432487620248	-273.1499938964844	020
DATA	2026-06-13T143000_AIU-0547.ghg	2026-06-13	15:00:00	164.624	1	18000	18000	0.07281465102186734	1	NaN	21.146283952025566	0	NaN	67.19768043151811	1	NaN	1.2330214264666168	1	NaN	1.5311767914263463	1	NaN	-0.0025053258490049905	0	NaN	NaN	NaN	NaN	NaN	NaN	NaN	NaN	NaN	NaN	9.632509004597655e-11	3.938594379327735e-12	5.379942342770504e-13	NaN	14.99566397896715	399.38990497013367	406.02041268646735	0.1	0	613.151130548197	16.330478737417092	16.601590660709103	0.3	0	0.08375367991859312	2.097553140175494	2.1323758587977726	-0.1	0	NaN	NaN	NaN	NaN	9	301.51405019039584	300.45502879079186	95252.13060394966	1.0976470166389425	1014.6807389564316	0.026224957841132678	0.09922025608442724	0.01122118989372663	1555.9301433887056	3619.193664253927	0.010222949385027758	42.991071706284345	2063.263520865222	286.7456231132556	0.9240407359213211	0.008269028190107774	0.22492089661407105	0.9510568164956961	5.328529650944077e-14	6.4235295070016026e-15	0.9510568164956961	3.6409473046015073	331.4872869222075	0.512713077792342	13.679808620851471	NaN	0.25755977411558933	0.7670613406521334	-68.16487053741173	-0.042543908279094565	0.31468770672190055	0.07371636406218475	0	66.95214742580208	-10.16024667490338	22.982505642886775	57.22968862518233	87.27888612978057	122.40987878658278	183.39230442270454	0.07184642098273192	1.0134763851266597	24.9201072803956	1.0153818880895396	61.87666449863476	1.085993903776128	1.1353852191796445	1.085993903776128	1.4099312952883671	1.085993903776128	-0.012859739368216296	1.1486910149504965	NaN	NaN	800000009	800000009	800000009	800000009	800010009	800010109	899999999	899999999	89999	89999	89	89	3	7	3	39	11	23	0	NaN	0	0	0	0	0	0	0	0	0	NaN	NaN	NaN	NaN	0	0	0	0	0	0	0	0	202	0	0	0	18000	18000	18000	18000	93	NaN	0.7386999494720385	0.6994314367625358	0.09599129506969245	0.10942216185341161	0.4945218032175348	0.5150282541699807	7.588709967452281e-8	NaN	0.0223747293020637	0.030269883796719292	0.037589406440021705	-0.000012859739368216296	NaN	399.3901572853495	16.32966358921175	95652.24938411458	11.380188452084859	13.578509458806746	95.86968257013957	95.44175745688544	96.29760819541085	-0.8558501696222357	0.0002957672162220762	-1	0	2.08364424326464	65.91867693678523	1.000024209631814	-273.1499938964844	9.000349499543509	-273.1499938964844	049
DATA	2026-06-13T150000_AIU-0547.ghg	2026-06-13	15:30:00	164.645	1	18000	18000	0.08329063821473318	0	NaN	23.6640424015521	0	NaN	87.704204293514	0	NaN	0.03838588569801261	2	NaN	1.999422187980301	0	NaN	-0.006431236469302481	0	NaN	NaN	NaN	NaN	NaN	NaN	NaN	NaN	NaN	NaN	4.1879375606907235e-10	1.728059215886832e-11	2.3423608471757277e-12	NaN	14.958960496430661	398.8503460002044	405.52433234205836	-0.1	0	617.2482080100685	16.45767173404629	16.733058924939396	0.2	0	0.08366715805454483	2.1003909063936987	2.135536871195791	0.1	0	NaN	NaN	NaN	NaN	9	301.9363724441529	300.95898621114094	95215.65998025173	1.095336421346508	1014.765730753405	0.026279007170442244	0.1295625577811235	0.011285329305074478	1567.4484145885547	3727.372970117736	0.010303071353366767	42.05236307594525	2159.924555529181	286.8590032247092	0.5984236133835327	0.29624200002614437	0.17675978952873156	0.6907345125507349	2.6684065698140756e-14	2.7996180360861317e-14	0.6907345125507349	3.5655189975972874	305.6628742372677	26.33712576273228	14.826991941889343	NaN	0.2757555935084335	0.5556725974830542	-74.73795870747873	-0.038802237178439405	0.26981651098911036	0.07720604099708374	0	69.81567016370197	-10.594797297921115	23.96546033534458	59.6773847926989	91.01177722559157	127.64531162519945	191.23593683572392	0.08189876545952293	1.0169950395149503	28.584857265005954	1.017551964323972	80.67497362311583	1.0871302506181928	0.03530937132527092	1.0871302506181928	1.8391744566424644	1.0871302506181928	-0.018449182947304996	1.1511687189945847	NaN	NaN	800000009	800000009	800000009	800000009	800011009	800011109	899999999	899999999	89999	89999	89	89	1	5	0	31	13	29	2	NaN	0	0	0	0	0	0	0	0	0	NaN	NaN	NaN	NaN	0	0	0	0	0	0	0	0	1608	0	0	0	18000	18000	18000	18000	93	NaN	0.6362291299615119	0.37602067734359407	0.09909538766100226	0.1177844653950178	0.21501605529580545	0.5405580479777436	8.773156766047521e-8	NaN	0.02571714223156259	0.0009434259822058956	0.049140636128066156	-0.000018449182947304996	NaN	398.85013454628233	16.456919080138825	95616.78244661458	11.380000114440918	13.691541544013596	95.89279893832736	95.46600688680013	96.31959300422669	-0.8535840784460311	0.00029637823992783934	-1	0	2.0863775575690804	66.50337701659728	1.0000229475879008	-273.1499938964844	9.000333099842072	-273.1499938964844	026
DATA	2026-06-13T153000_AIU-0547.ghg	2026-06-13	16:00:00	164.666	1	18000	18000	0.06102922063551035	0	NaN	14.632253255439572	0	NaN	135.46154915809916	1	NaN	1.9568830052729758	0	NaN	3.0888294915198786	1	NaN	0.005539591862002828	1	NaN	NaN	NaN	NaN	NaN	NaN	NaN	NaN	NaN	NaN	3.881011163911356e-11	1.5435877203575064e-12	2.1463680973253517e-13	NaN	14.95530334789485	399.59785522561884	406.0512830714435	0.3	0	594.814640490925	15.893134968100036	16.149806014801918	0.2	0	0.08270933691258431	2.0780119457758532	2.1115714355965745	-0.1	0	NaN	NaN	NaN	NaN	9	302.22809705013697	301.1808042941624	95196.01615407986	1.09453896246668	1014.4569166456238	0.026303802491574647	0.20015615105048812	0.010887942803096075	1513.3689695066619	3775.8735908655194	0.009947515051048288	40.07996912735	2262.5046213588575	286.32016713763346	0.9506491911260926	-0.4252956151359044	0.2348142363958182	1.0675897950321018	6.048269477812416e-14	2.5950735158158178e-15	1.0675897950321018	4.723617164423028	356.10249501479404	335.897504985206	12.705978592340223	NaN	0.2361311591487141	0.8774616280109625	-75.8757464183288	-0.03822038183336363	0.10801776110180207	0.055807565404536116	0	57.22559754892236	-8.684205205817296	19.643695820857683	48.91558008268903	74.59934601375052	104.62664348767056	156.74977741518526	0.06027858138412781	1.0124528353877318	22.54716941968744	1.014789008629183	124.72849162629157	1.0860513695937712	1.8018328230688867	1.0860513695937712	2.844091520896687	1.0860513695937712	-0.007690928065184775	1.1482016701141358	NaN	NaN	800000009	800000009	800000009	800000009	800001009	800011109	899999999	899999999	89999	89999	89	89	0	10	2	23	60	5	0	NaN	0	0	0	0	0	0	0	0	0	NaN	NaN	NaN	NaN	0	0	0	0	0	0	0	0	603	0	0	0	18000	18000	18000	18000	93	NaN	0.7326428411734179	0.9028217063327194	0.1194587085157877	0.06544631833510065	4.95134387198677	2.0770885223165445	4.904843661122322e-8	NaN	0.0203061315222666	0.04816068427310264	0.07601892474598179	-0.000007690928065184775	NaN	399.59346004061996	15.891143687500804	95590.96269748264	11.380000114440918	13.114017474730879	95.91101775572035	95.48584618123373	96.33619313028123	-0.8503369293643368	0.00029654842822088144	-1	0	2.064634799770544	62.434808532078826	1.000010051969025	-273.1499938964844	9.000238593127992	-273.1499938964844	147
DATA	2026-06-13T160000_AIU-0547.ghg	2026-06-13	16:30:00	164.687	1	18000	18000	0.19701495966825222	1	NaN	2.2045443288828364	2	NaN	99.88770222375416	1	NaN	3.355802410620176	1	NaN	2.278318263897219	1	NaN	0.04365111530704305	2	NaN	NaN	NaN	NaN	NaN	NaN	NaN	NaN	NaN	NaN	-8.474426446374942e-10	-3.259404371660164e-11	-4.6548968602098395e-12	NaN	14.956059221827337	400.1953281233047	406.45150003646233	0.2	0	575.234738526581	15.392173266912339	15.632795971146514	0.2	0	0.08215176986116504	2.066410156190883	2.0987139245553204	0	1	NaN	NaN	NaN	NaN	9	302.4332494489882	301.4750718239678	95171.46012131075	1.0933968610223097	1014.1861765451143	0.02633629602771243	0.14763502350053978	0.010531737900054947	1465.2885469908992	3841.0625477044077	0.009632127432859034	38.148000163825024	2375.7740007135085	285.8266897286045	0.9528765461415954	-0.303870473950583	0.2517746865066091	1.0313590402432038	1.0447402692924807e-13	-5.666216160743133e-14	1.0313590402432038	5.148298071397681	349.6873810088567	342.31261899114327	14.12979534604339	NaN	0.42448337989872825	1.144175057580142	-2924.8551517223477	-0.0009915020914086253	0.0220702276637071	0.004683414927234258	0	88.36592816800504	-13.409870517427521	30.33316362273161	75.53386632944989	115.19391205300518	161.56109955841038	242.04796742540753	0.19453545261499958	1.0127457849966288	8.125610554611047	1.0149558606458275	91.97715300971856	1.0860055889444606	3.0900415658835017	1.0860055889444606	2.097888157381973	1.0860055889444606	0.0330145823311634	1.1483238680611567	NaN	NaN	800000009	800000009	800000009	800000009	800001009	800011119	899999999	899999999	89999	89999	89	89	0	2	0	24	37	24	1	NaN	0	0	0	0	0	0	0	0	0	NaN	NaN	NaN	NaN	0	0	0	0	0	0	0	0	602	0	0	0	18000	18000	18000	18000	93	NaN	1.1978461884503953	0.9602183528006412	0.13028557390924733	0.10910436981581281	7.239995709494457	1.9025256339710905	3.3563032421227636e-7	NaN	0.007327578741469058	0.08265279684288221	0.056114560265341736	0.000033014582331163406	NaN	400.1926079885816	15.390245639691068	95567.42956163196	11.373481076346502	12.621992241674016	95.9367329205407	95.51188483047486	96.36158384259542	-0.8496915510644516	0.00029715042808998586	-1	0	2.0535577871600803	63.7106214427949	1.0000079148742889	-273.1499938964844	9.000181602080662	-273.1499938964844	113
DATA	2026-06-13T163000_AIU-0547.ghg	2026-06-13	17:00:00	164.708	1	18000	18000	0.2840455005652038	1	NaN	67.54858046307551	1	NaN	-73.88564052628077	2	NaN	-7.402606427664278	2	NaN	-1.6855079755791955	2	NaN	-0.20030213780510142	1	NaN	NaN	NaN	NaN	NaN	NaN	NaN	NaN	NaN	NaN	-8.344218645540517e-10	-3.396222480746024e-11	-4.5903686312084485e-12	NaN	14.95667922762023	400.7596347891376	407.405030025099	0.1	1	608.7593385067687	16.31151985421481	16.581997434591695	0.1	1	0.08228052747659935	2.071990362639764	2.1063481015175554	0.2	0	NaN	NaN	NaN	NaN	9	302.58928115251337	301.63674398973245	95151.23463498264	1.0921965398115328	1014.7031972480643	0.02635602048834196	-0.10922091681753186	0.01115242693559074	1552.4775769027435	3877.292898939441	0.010211007386559914	40.04024502062751	2324.8153220366976	286.7114940105027	0.4252145239882583	-0.05092796212705254	0.22334519078422777	0.48299495130212405	6.022118549861531e-14	-5.5789246520252964e-14	0.48299495130212405	3.650268917890736	338.82978456927185	353.1702154307281	27.543197705765778	NaN	0.5099687439480828	0.7339396954181299	-165.5232972362808	-0.017520192313836735	-0.9142315067167727	0.1195178694364729	0	95.4395934580029	-14.483326515560044	32.76132401330657	81.58032902781177	124.41514917687938	174.4940157383595	261.4238325488564	0.2778323952620395	1.0223627820553622	62.12048498437331	1.0210100783875937	-67.75749191345425	1.0904423767729468	-6.788626877810397	1.0904423767729468	-1.5457102653762274	1.0904423767729468	-0.1968778141690411	1.155855662298999	NaN	NaN	800000009	800000009	800000009	800000009	800001009	800001109	899999999	899999999	89999	89999	89	89	3	1	6	22	15	32	0	NaN	0	0	0	0	0	0	0	0	0	NaN	NaN	NaN	NaN	0	0	0	0	0	0	0	0	1407	0	0	0	18000	18000	18000	18000	93	NaN	0.6328345312345534	0.6799302429302866	0.15511461667141999	0.18675388619214497	22.587501264541324	3.1460147528298155	7.259342883044502e-7	NaN	0.05605250325349255	-0.1818888688093214	-0.04141448583589253	-0.0001968778141690411	NaN	400.7475785007942	16.307983585208998	95552.84799609375	11.369999885559082	13.486324807855866	95.93279361830817	95.50563661893209	96.3599508304596	-0.8543156017743876	0.0002978875083693613	-1	0	2.0583083485364955	65.98085751713643	1.0000103357384602	-273.1499938964844	9.000232471466065	-273.1499938964844	228
DATA	2026-06-13T170000_AIU-0547.ghg	2026-06-13	17:30:00	164.729	1	18000	18000	0.15503027409600476	0	NaN	57.30528571022077	0	NaN	-23.8448664971406	1	NaN	-5.000128172784766	2	NaN	-0.5438394253305558	1	NaN	0.01634074919221351	2	NaN	NaN	NaN	NaN	NaN	NaN	NaN	NaN	NaN	NaN	-7.007895268976852e-10	-3.100014932102134e-11	-3.865763681579944e-12	NaN	15.028954757843906	402.22964644861753	409.51618609175915	0.1	1	664.8213532735291	17.793044305967857	18.115371921180508	0.1	1	0.08290418912533691	2.086859449832229	2.12466368491317	0	1	NaN	NaN	NaN	NaN	9	302.53647578175867	301.4122504393038	95130.25332557654	1.092153022532347	1015.5251810185758	0.02634221357086021	-0.035240794761420016	0.0121717433891684	1693.110849531573	3827.064118370605	0.011144723438979359	44.240462066060836	2133.953268839032	288.050578180397	0.5959150684290062	0.18580603474839363	0.24411365600288681	0.6702463191817338	1.7685210630651944e-14	-4.662929246838869e-14	0.6702463191817338	3.5380940510607872	314.6825462954952	17.317453704504818	21.359270616696712	NaN	0.37676149491868965	0.6846078394944122	-78.68427389184632	-0.03685615761017416	-2.403254625774174	0.13713679077491367	0	78.9681137592831	-11.983715923903931	27.107198049056553	67.50075592078902	102.94291182098645	144.3788975400907	216.3058977948192	0.15238126874883323	1.0173840614986467	55.20471707440783	1.0177986101576688	-21.929778862375276	1.087328178126366	-4.598545566436766	1.087328178126366	-0.5001612542293119	1.087328178126366	-0.0008584642846056529	1.1514846008706394	NaN	NaN	800000009	800000009	800000009	800000019	800001019	800101119	899999999	899999999	89999	89999	89	89	3	0	0	12	36	10	0	NaN	0	0	130	0	0	0	0	0	0	NaN	NaN	NaN	NaN	0	5	0	0	0	0	0	0	1105	0	0	0	18000	18000	18000	18000	93	NaN	0.583995943770159	0.6492661485836303	0.13595358663503493	0.29061430923330195	57.28303195766649	3.4635822745406317	1.3975779641135652e-7	NaN	0.04977393768828766	-0.12333089005052465	-0.013414096209703397	-8.58464284605653e-7	NaN	402.2153116265721	17.789624765532736	95526.76679513889	11.379835110664368	14.828096769650777	95.91807489458719	95.49018403752646	96.34596809535557	-0.8557849949234064	0.00029734259123021423	-1	0	2.0718472692304193	65.77932141409966	1.0000175454417863	-273.1499938964844	9.000251757409837	-273.1499938964844	010
DATA	2026-06-13T173000_AIU-0547.ghg	2026-06-13	18:00:00	164.749	1	18000	18000	0.07726584713430903	0	NaN	0.7797227874147775	1	NaN	295.9829594863229	0	NaN	11.447783032920478	1	NaN	6.750035155567344	0	NaN	0.005665705503222323	0	NaN	NaN	NaN	NaN	NaN	NaN	NaN	NaN	NaN	NaN	-1.0265576628458563e-10	-4.556968179198441e-12	-5.645356308066636e-13	NaN	15.03952820688716	402.3049455235869	409.6201990546038	0.1	0	667.6161890307087	17.858625008972606	18.18335472236444	0.4	0	0.08270699104980067	2.0811762332605754	2.1190189989497066	0	0	NaN	NaN	NaN	NaN	9	302.53868766869437	301.32604176995227	95111.24479861342	1.0922199240603585	1015.5595060348749	0.026339942417743494	0.4374022780807639	0.012217658758387779	1699.0116746760918	3807.926605846391	0.011186079368492278	44.61776316979332	2108.914931170299	288.1045980301413	1.282044059095451	0.13564499665309004	0.3027603419881799	1.324273521316395	2.38228354615194e-14	-6.825730493166383e-15	1.324273521316395	5.311121757291104	325.96036476324616	6.0396352367538455	13.216058073575276	NaN	0.2659737263962337	0.8307694290793329	-2034.2341767510477	-0.0014255979145093804	0.002634350263839455	0.002642932177231236	0	56.26157835710997	-8.53791157424992	19.312779227924906	48.09155097686738	73.34264963426006	102.86410894688574	154.10917949724524	0.07643631573338364	1.010852582217841	18.4095343295282	1.0139440905393167	272.31264588589846	1.0869232992225506	10.532282306496507	1.0869232992225506	6.21022215679384	1.0869232992225506	-0.013390364240404778	1.1479210137071956	NaN	NaN	800000009	800000009	800000009	800000019	800001019	800111119	899999999	899999999	89999	89999	89	89	2	6	8	61	69	13	7	NaN	0	0	0	0	0	0	0	0	0	NaN	NaN	NaN	NaN	0	6	0	0	0	0	0	0	0	0	0	0	18000	18000	18000	18000	93	NaN	0.562895517987829	0.940505881731504	0.15813745843933283	0.1376671492787429	66.21759639092302	3.091287274404606	7.78252752445466e-8	NaN	0.016596913588935055	0.28246550818837096	0.1665520830560577	-0.000013390364240404777	NaN	402.2808913074068	17.855534161003664	95505.01791341146	11.383185742908054	14.88842241255436	95.93188546456231	95.50391026624044	96.35985572772556	-0.8559487175825572	0.0002975560797494836	-1	0	2.0661557802624175	64.95072740821482	1.00000789602432	-273.1499938964844	9.000191830131742	-273.1499938964844	008
DATA	2026-06-13T180000_AIU-0547.ghg	2026-06-13	18:30:00	164.77	1	18000	18000	0.056506618804954514	0	NaN	-14.059325021992866	0	NaN	303.21555795416276	0	NaN	13.678167505088783	0	NaN	6.913142199218311	0	NaN	0.006474693542324671	1	NaN	NaN	NaN	NaN	NaN	NaN	NaN	NaN	NaN	NaN	-1.442791440255227e-10	-6.335581987655788e-12	-7.977149670245302e-13	NaN	15.116131414505253	403.07128494038244	410.3340564578805	0.1	1	663.7791661408517	17.699655690761638	18.018578323117847	0.3	0	0.08357662747657708	2.1003175299649217	2.138162265882012	-0.1	0	NaN	NaN	NaN	NaN	9	302.2631952904595	301.0533790749444	95109.34542838542	1.0932534707233261	1015.4629149628909	0.0263166335795439	0.4479716145093465	0.012119627689016053	1683.8542220012923	3747.945309505384	0.01108583509092121	44.92739575817104	2064.091087504092	287.96550299122237	1.4552180912995225	0.059586901018146184	0.294545646007357	1.4859230900689648	-5.2680051741984915e-14	-9.544713529486401e-15	1.4859230900689648	4.679559656706814	329.65521622104006	2.3447837789598456	11.433123646217032	NaN	0.2273470002197248	1.0320780811693306	70.45421083574821	0.0411614858160976	-0.04636742625231064	-0.055704503878150645	0	49.35641280036317	-7.490026060714376	16.942459343131464	42.1891193161667	64.34106893063161	90.23926401955312	135.1948612481482	0.055938875333124145	1.0101493544239024	4.07878282693589	1.013631779991112	278.73042518094394	1.0878452101428242	12.573633985383788	1.0878452101428242	6.354895103422552	1.0878452101428242	-0.008778668956313518	1.1481443768963513	NaN	NaN	800000009	800000009	800000009	800000009	800001019	800111019	899999999	899999999	89999	89999	89	89	13	0	3	68	63	9	4	NaN	0	0	583	0	0	0	0	0	0	NaN	NaN	NaN	NaN	0	0	0	0	0	0	0	0	3312	0	0	0	18000	18000	18000	18000	93	NaN	0.662762805909235	1.2411033137566005	0.1602900426728258	0.19427311403326938	84.33942793045745	4.089169793609997	1.0825678015511739e-7	NaN	0.0036740549708537086	0.3368596169158313	0.1702536858133199	-0.000008778668956313518	NaN	403.03786882137643	17.695780606722117	95503.51044401042	11.390000343322754	14.728979915618964	95.94626767073737	95.51835796949598	96.37417774306404	-0.8558252807574142	0.000296902643458452	-1	0	2.085272924217913	64.34236402977832	1.0000098345478377	-273.1499938964844	9.0002208673954	-273.1499938964844	137
DATA	2026-06-13T183000_AIU-0547.ghg	2026-06-13	19:00:00	164.791	1	18000	18000	0.10662401252638187	0	NaN	-19.044797132084852	2	NaN	345.56454513587954	0	NaN	18.93802963461876	1	NaN	7.879250505393061	0	NaN	0.0001419089376335307	0	NaN	NaN	NaN	NaN	NaN	NaN	NaN	NaN	NaN	NaN	3.140026895173141e-10	1.2773318194512158e-11	1.7556935449915779e-12	NaN	15.04213536655334	401.03880183262845	407.6897964956523	0.1	1	611.8991581163388	16.313860980071667	16.58441685101468	0.3	0	0.08410558523095392	2.113122791524524	2.1481677007565465	-0.1	0	NaN	NaN	NaN	NaN	9	302.09236846613004	301.1283907233344	95119.54777170139	1.0936750367461665	1014.6900471332472	0.02632036736005837	0.5105754327494703	0.011169136656654085	1552.1833239269151	3764.3640492419663	0.010212482027462015	41.23361353000595	2212.180725315051	286.70858219324197	1.6922211395089273	-0.1534775651069708	0.28302719239265595	1.7225771795846423	-4.2774626304624644e-14	2.087487460161467e-14	1.7225771795846423	5.91813111253362	337.18231539825115	354.8176846017488	9.456834196025373	NaN	0.3122362780144057	1.4033096639771814	134.71287846835267	0.021527266234469784	-0.05511212709798177	-0.054963108861716216	0	54.25628076872818	-8.233599928725374	18.62442545717056	46.37745275901557	70.72854169893716	99.19778539846072	148.61635873008186	0.10563191582390541	1.009392016558048	1.5868169066046316	1.0133777521588982	317.1600293677032	1.0895589391412415	17.381372364807692	1.0895589391412415	7.2315964032228095	1.0895589391412415	-0.015765943025535172	1.1488635260190458	NaN	NaN	800000009	800000009	800000009	800000009	800011009	800011119	899999999	899999999	89999	89999	89	89	19	3	7	66	80	10	3	NaN	0	0	113	0	0	0	0	0	0	NaN	NaN	NaN	NaN	0	0	0	0	0	0	0	0	8475	0	0	0	18000	18000	18000	18000	93	NaN	0.7952724930152915	1.7727148076183692	0.23863202732070188	0.11829290074255465	51.18662118910567	2.293429575240449	6.730330731581611e-8	NaN	0.0014298981987388758	0.4650732819003946	0.19349578399433434	-0.000015765943025535172	NaN	401.0157862265406	16.311568532618203	95512.77718880208	11.390000343322754	13.500905484649893	95.96010038333469	95.53292214096918	96.38727798334757	-0.8543571211910908	0.0002963151241549187	-1	0	2.099188394619359	63.444171354081945	1.0000300311578645	-273.1499938964844	9.000346908224953	-273.1499938964844	097
DATA	2026-06-13T190000_AIU-0547.ghg	2026-06-13	19:30:00	164.812	0	18000	18000	0.05998875538255213	0	NaN	-42.591786334966976	0	NaN	391.4585763208679	0	NaN	29.54776169589662	0	NaN	8.922021729161479	0	NaN	0.0011764055111147644	1	NaN	NaN	NaN	NaN	NaN	NaN	NaN	NaN	NaN	NaN	1.8324588221173174e-11	7.591000546070479e-13	1.0100225288077799e-13	NaN	15.349384808222029	407.7739604102285	414.7804842154721	0.1	1	635.8516058026853	16.892125044156614	17.18237181745221	0.2	0	0.0846033988459883	2.1220218020940993	2.15848316970242	-0.1	0	NaN	NaN	NaN	NaN	9	301.3968952484131	300.70677634945	95132.16646978958	1.0951127511601597	1015.0013985414388	0.026280029472084594	0.5781470080496638	0.011582791367662618	1607.415508297056	3672.886915714605	0.01057680257616564	43.76436152770344	2065.471407417549	287.24682022590247	1.6665050237085135	0.11816988831707463	0.3610891346406714	1.7092654795865276	-5.4512271627741266e-14	1.1938320949095921e-15	1.7092654795865276	6.082605306087275	327.9440132720854	4.055986727914594	12.19584876915704	NaN	0.23404830908780294	0.979889366524231	25.37493059092797	0.11428602689604227	-0.10880279271249291	-0.16371741200542064	0	50.302219464268845	-7.633555870907526	17.267124164590427	42.99758062705939	65.57402344058656	91.96850025073662	137.78557223055898	0.05952043809234497	1.0078681761293586	-19.692002562531467	1.0148535889179824	349.3036761471086	1.1206826697008647	26.3658593951342	1.1206826697008647	7.961238243777757	1.1206826697008647	-0.010068987335878996	1.2079323679173235	NaN	NaN	800000009	800000009	800000009	800000019	800000019	800111019	899999999	899999999	89999	89999	89	89	17	5	3	18	37	5	2	NaN	0	0	229	0	0	0	0	0	0	NaN	NaN	NaN	NaN	0	24	0	0	0	0	0	0	8775	0	0	0	18000	18000	18000	18000	93	NaN	0.6164725732598536	1.181300493610205	0.1620056661784032	0.3912198046291724	164.00414095984345	3.8334446821743855	5.848682757843979e-8	NaN	-0.017715948420576937	0.7048043995732123	0.21281747945984283	-0.000010068987335878997	NaN	407.7466245818996	16.888424344162942	95522.48064670138	11.390000343322754	14.006632644282424	96.00440962431166	95.57873707750109	96.43007989141677	-0.8513323651370073	0.00029555450915035584	-1	0	2.107617218511193	65.69910385904052	1.0000161106991534	-273.1499938964844	9.000303731944825	-273.1499938964844	220
DATA	2026-06-13T193000_AIU-0547.ghg	2026-06-13	20:00:00	164.833	0	18000	18000	0.05552458412068699	0	NaN	22.25496033176238	0	NaN	111.86085610806737	0	NaN	7.4513643907170595	0	NaN	2.5454671257117516	0	NaN	0.011515822152306142	2	NaN	NaN	NaN	NaN	NaN	NaN	NaN	NaN	NaN	NaN	2.2095394383440612e-10	9.35236181926784e-12	1.1876582543829675e-12	NaN	15.80977702126483	415.4468909717616	422.8831661625794	0.2	0	669.1835973546956	17.58470373341583	17.89946044228134	0.8	0	0.0849797557509608	2.1162416500057972	2.154121233706384	0	0	NaN	NaN	NaN	NaN	9	300.33585750579846	299.0777151565551	95154.38063020834	1.1010446092273767	1015.3457314233088	0.02613155702704672	0.1649462697461215	0.012126195403415606	1673.7104270281047	3337.3684216074735	0.011013355228109041	50.15060417638718	1663.6579945793687	287.87180086032345	1.1710395122219328	-0.2605324364769651	0.33295644759405535	1.2450183475098715	-8.89140021604196e-14	1.3975778629718404e-14	1.2450183475098715	4.719433693176288	344.54286123793776	347.45713876206224	15.51145081492803	NaN	0.2245640332181461	0.6302409338004649	-42.90552238293442	-0.067590366902361	0.19895217242269397	0.08864775927023637	0	63.23728982135175	-9.59650270141568	21.707315239899078	54.05428421824839	82.43619405322714	115.61793429258238	173.21673391636108	0.054905687720583074	1.0112719906770589	28.670792205531793	1.0141515727349768	102.94893461414395	1.0865664275917533	6.857716382082716	1.0865664275917533	2.3426705087451305	1.0865664275917533	-0.003338606313925383	1.1479125770465362	NaN	NaN	800000009	800000009	800000009	800000009	800000009	801100009	899999999	899999999	89999	89999	89	89	7	0	5	2	10	0	0	NaN	0	0	4169	0	0	0	0	0	0	NaN	NaN	NaN	NaN	0	0	0	0	0	0	0	0	4816	0	0	0	18000	18000	18000	18000	93	NaN	0.2820755685650031	0.8942407550358223	0.08416554400010437	0.6315274244975301	195.0255697118473	2.968736039550641	2.746006986850978e-7	NaN	0.025646070445144102	0.18241131608251582	0.062313689694777734	-0.000003338606313925383	NaN	415.4262935546447	17.581881486293458	95532.05276649306	11.380191229926215	14.650113334178887	96.06881782001918	95.6458266061147	96.49180694919161	-0.8459778400874802	0.00029214870219584546	-1	0	2.1011010993056836	64.97957663684414	1.0000325594577524	-273.1499938964844	9.000385845952565	-273.1499938964844	106
DATA	2026-06-13T200000_AIU-0547.ghg	2026-06-13	20:30:00	164.854	0	18000	18000	0.04526470033803949	1	NaN	28.304721038508543	1	NaN	102.25905423327886	1	NaN	4.309417238021521	1	NaN	2.3231667868815125	1	NaN	0.0025687227691985363	1	NaN	NaN	NaN	NaN	NaN	NaN	NaN	NaN	NaN	NaN	-1.1879935820399892e-10	-5.106779255180731e-12	-6.341267270952554e-13	NaN	16.148493623951648	421.4681265939043	429.24496249450993	0.2	0	694.1686679788701	18.117477384967778	18.45177703816928	0.6	0	0.08619736305048795	2.130523970505325	2.1698359237835647	-0.4	0	NaN	NaN	NaN	NaN	9	298.9121615227592	297.3923791138312	95190.04512991749	1.1074746482695061	1015.6027790843586	0.025974567367604902	0.150541207789922	0.012569100514763724	1725.0660965450834	3018.690348933572	0.011349334753986178	57.146175895600095	1293.6242523884885	288.34116323000603	1.351192087027093	-0.2202422932126902	0.3199022952908647	1.405903340310706	-2.673139262669659e-14	-7.356683599750395e-15	1.405903340310706	3.0974690293248432	341.2577115867568	350.7422884132432	13.152412013274075	NaN	0.2021682389799878	0.2677909839950097	-24.62279629056358	-0.11777703741598973	0.27679427754082575	0.1244767603848536	0	78.84618880067136	-11.965213341045098	27.065345156251155	67.39653629998116	102.78397032339154	144.15597982977732	215.9719264438445	0.04479547798628981	1.0104747705090522	34.0782479311774	1.0137696210434577	94.04338520064898	1.087360413654837	3.9631912141593455	1.087360413654837	2.136519554793136	1.087360413654837	-0.012889577241083075	1.1480022065186848	NaN	NaN	800000009	800000009	800000009	800000019	800000019	800000019	899999999	899999999	89999	89999	89	89	10	9	1	35	21	0	4	NaN	0	0	1830	0	0	0	0	0	0	NaN	NaN	NaN	NaN	0	3	0	0	0	0	0	0	13567	0	0	0	18000	18000	18000	18000	93	NaN	0.2902692530847522	0.20601555627310875	0.03929715863215845	0.27003605550702475	107.53658722910744	1.446837927215058	1.5395475178976045e-7	NaN	0.030298392284984044	0.10484216219972237	0.05651943537476122	-0.000012889577241083075	NaN	421.45734346216915	18.116099154086644	95568.67076041667	11.389556696044071	15.154214293426962	96.19939959144594	95.77428705554539	96.62451116307577	-0.8502215222070618	0.0002902885441726538	-1	0	2.114792206224468	66.4181848197513	1.0000523765318923	-273.1499938964844	9.000574798795911	-273.1499938964844	139
DATA	2026-06-13T203000_AIU-0547.ghg	2026-06-13	21:00:00	164.874	0	18000	18000	0.011358844968385884	0	NaN	37.12018747072021	0	NaN	78.64731312470208	0	NaN	-7.460211439094111	1	NaN	1.7834321385404754	0	NaN	-0.015364659171239697	1	NaN	NaN	NaN	NaN	NaN	NaN	NaN	NaN	NaN	NaN	-3.029102287838185e-10	-1.3500862403152534e-11	-1.6055853458763905e-12	NaN	16.344849995532403	420.79093829772256	428.83365577567577	0.1	0	728.498247404313	18.754865364766058	19.113333358578082	0.7	0	0.08663639963146903	2.1232596987814034	2.163842269211046	-0.1	0	NaN	NaN	NaN	NaN	9	297.04327830674924	295.4779959445644	95222.20112906767	1.1147558521759127	1015.9175862291467	0.025798648100492202	0.1155664025774228	0.01310001509952143	1786.3586051997331	2689.2076859737736	0.011751465645101811	66.4269485215637	902.8490807740404	288.88553551868176	1.5931098542993813	0.4692906018708903	0.3990019967934328	1.7080501369442798	-2.5404148681118648e-14	-1.853245694311138e-14	1.7080501369442798	3.2976171072819866	315.58633577608333	16.413664223916665	13.509163155277298	NaN	0.10094323193283569	0.16441817158848013	-2.3378295615558966	-1.2404668191764852	0.47198290692859346	0.3247092914860267	1	26.71650091509973	12	21	34	50	79	173	0.01125271933927992	1.009431109575044	41.41801321945625	1.0133876992957216	72.19026642271207	1.0894448382304145	-6.847718376647444	1.0894448382304145	1.6370100403039265	1.0894448382304145	-0.030510909901747717	1.148808593006528	NaN	NaN	800000009	800000009	800000009	800000019	800000019	810010019	899999999	899999999	89999	89999	89	89	14	13	0	52	10	0	0	NaN	0	0	15353	0	0	0	0	0	0	NaN	NaN	NaN	NaN	0	69	0	0	0	0	0	0	15919	0	0	0	18000	18000	18000	18000	93	NaN	0.11723508759487891	0.17351971325421714	0.03808154232786421	0.3160048683416108	48.296819847459645	0.4280327321536321	4.7189047331844055e-7	NaN	0.03657219469492115	-0.18003939708420522	0.043040073272026656	-0.00003051090990174772	NaN	420.7904676370294	18.754451442280292	95602.4713780382	11.40999984741211	15.719409531911221	96.27002413007948	95.83406269285413	96.70598309410943	-0.8719196959121356	0.00028661871706006176	-1	0	2.1350464486899114	65.57320307238584	1.0000778295819959	-343.1198718346547	9.00064891788253	-293.3374947441974	189
DATA	2026-06-13T210000_AIU-0547.ghg	2026-06-13	21:30:00	164.895	0	18000	18000	0.015333563170879066	1	NaN	26.15832867520919	0	NaN	80.14901868763347	0	NaN	1.1389969785841103	1	NaN	1.8153141922351754	0	NaN	0.004857489439475658	0	NaN	NaN	NaN	NaN	NaN	NaN	NaN	NaN	NaN	NaN	-3.7856474865678315e-11	-1.6675222124502878e-12	-2.0162715873980473e-13	NaN	16.35459660007551	418.17775853173157	426.0251924769205	0.1	1	720.3960010290095	18.420117128669702	18.765785088002144	0.1	1	0.08710612534603755	2.1224525935956438	2.162282082826532	0	0	NaN	NaN	NaN	NaN	9	295.7818660888673	294.2430312816913	95240.46259057845	1.1197920011351374	1015.7014284073488	0.025685895422330535	0.11763235965683937	0.012922676468475646	1754.8110595686887	2493.737340610819	0.011540247166773722	70.36872051404032	738.9262810421303	288.60743014273163	1.04605631641206	0.17848569591290417	0.35656427092989945	1.1194771279730837	2.0571377512785872e-14	-2.314729968057025e-15	1.1194771279730837	2.2432476047875745	322.31702987641415	9.682970123585863	18.572818902558083	NaN	0.11701805166761177	0.12346061225323954	-5.168474697808363	-0.5610939725079266	0.32637116590480814	0.19654124612676305	1	16.813899758192335	7	13	22	33	54	124	0.015150738847355467	1.012067023619479	30.577010544390653	1.0145738874710506	73.7914229629298	1.0861562966186122	1.0486492433271344	1.0861562966186122	1.6713194941525034	1.0861562966186122	-0.008708310959435379	1.1480671735236752	NaN	NaN	800000009	800000009	800000009	800000019	800000019	800010019	899999999	899999999	89999	89999	89	89	12	0	0	28	14	0	2	NaN	0	0	18000	0	0	0	0	0	0	NaN	NaN	NaN	NaN	0	8	0	0	0	0	0	0	15422	0	0	0	18000	18000	18000	18000	93	NaN	0.07872368662452656	0.1269273124158841	0.041270225466068435	0.22058509895192321	3.3931513434168825	0.31516297781559316	3.8217227571183456e-7	NaN	0.026883858375837885	0.027441098636335003	0.043735160620872245	-0.000008708310959435378	NaN	418.17773402996266	18.419809618753384	95629.5417298177	11.403480809317694	15.444862317932957	96.33620621490479	95.89245477867127	96.77996045154995	-0.887502483611305	0.0002845314363172899	-1	0	2.106404166791171	69.2164942268531	1.0001025455858972	-273.1499938964844	9.00091961034139	-273.1499938964844	129
DATA	2026-06-13T213000_AIU-0547.ghg	2026-06-13	22:00:00	164.916	0	18000	18000	0.032397901688935735	0	NaN	48.533501984066724	0	NaN	90.22039860079903	0	NaN	1.27881731672353	2	NaN	2.0413264888990796	0	NaN	0.007570809541561604	0	NaN	NaN	NaN	NaN	NaN	NaN	NaN	NaN	NaN	NaN	4.598451822593048e-11	1.9743774872102106e-12	2.417794419436661e-13	NaN	16.621308995535212	423.44856413395956	431.2898714175868	0.1	1	713.6475395374275	18.181060588912185	18.517732607416907	0.1	1	0.08739225653227824	2.1189188272811736	2.1581563995415878	0	0	NaN	NaN	NaN	NaN	9	294.6562702891031	293.1811296463012	95242.46608680555	1.1239738318494439	1015.5438778498485	0.025592658527528712	0.13227795648066035	0.012801433546781805	1732.0735323577774	2335.7121641258123	0.011389440914044834	74.15612073099945	603.6386317680349	288.404252523324	1.6381717684740935	0.40698222045459376	0.40484052005178844	1.7358390240651498	4.630437442307323e-14	2.766600286312153e-15	1.7358390240651498	3.3524008957756912	318.04808148012074	13.951918519879245	13.48699746109987	NaN	0.16977758102987975	0.3000909987134511	-8.507302522832306	-0.3408836105471553	0.5379437769812391	0.2504415571028196	1	20.858770697318548	9	17	28	43	70	164	0.03209756635175006	1.009356950427156	53.35490167733124	1.0133691976214803	82.79609231369564	1.0896697667683926	1.1735824519717453	1.0896697667683926	1.8733441554068189	1.0896697667683926	-0.013743267279497018	1.148915313036854	NaN	NaN	800000009	800000009	800000009	800000009	800000009	810010009	899999999	899999999	89999	89999	89	89	7	4	0	50	14	0	0	NaN	0	0	18000	0	0	0	0	0	0	NaN	NaN	NaN	NaN	0	0	0	0	0	0	0	0	14527	0	0	0	18000	18000	18000	18000	93	NaN	0.36046585126540565	0.185605138373378	0.05411100778811853	0.1844140406536193	7.038694293439366	0.35623401913429387	5.552797977139649e-7	NaN	0.04674330664469462	0.030591428757592472	0.04883191136020809	-0.000013743267279497018	NaN	423.44831901298954	18.180714493692246	95630.43742838541	11.399999618530273	15.240605017556076	96.38566576851738	95.93470208740234	96.83662912284004	-0.9019270764556185	0.0002831466529524832	-1	0	2.1030355142421167	63.06817720985407	1.0001138931016127	-273.1499938964844	9.000952297555076	-273.1499938964844	089
DATA	2026-06-13T220000_AIU-0547.ghg	2026-06-13	22:30:00	164.937	0	18000	18000	0.02655263126540703	0	NaN	48.606845835452404	0	NaN	54.24733666666509	0	NaN	2.1847424103376794	1	NaN	1.2266843503592804	0	NaN	0.004890281346178596	0	NaN	NaN	NaN	NaN	NaN	NaN	NaN	NaN	NaN	NaN	2.649992685854129e-10	1.1290975257682554e-11	1.3987693360701528e-12	NaN	16.755122012739154	425.56230832486705	433.42117758881875	0.1	1	713.8950575039578	18.132176437874303	18.46702377117568	0.1	1	0.08844005879200993	2.1383106912690995	2.177798925634925	0	0	NaN	NaN	NaN	NaN	9	294.0240756132337	292.5773049265543	95283.59228255208	1.1268008147968964	1015.5039538996206	0.025528925336338302	0.07948914590328136	0.012798886780547395	1728.1623438442925	2249.8216999127067	0.01135860625274252	76.81330231241638	521.6593560684141	288.3690670502449	1.752377943320394	0.34134616105174825	0.4318189973701312	1.8367943010555898	-2.5777219125511778e-14	1.5816015447928715e-14	1.8367943010555898	3.509931054739055	320.9773682696675	11.022631730332478	13.597153479749718	NaN	0.1535077146141772	0.23798257425144603	-6.280735975820693	-0.46172932776736597	0.8960227141496007	0.27671867080834894	1	23.907492360450647	11	19	31	48	77	176	0.026312868105845925	1.0091120116057526	51.35203803700825	1.0133207094707064	49.74483155326373	1.0905120184914157	2.003409749999814	1.0905120184914157	1.12487008814102	1.0905120184914157	-0.014116348466299722	1.1493430119773531	NaN	NaN	800000009	800000009	800000009	800000009	800000009	800010019	899999999	899999999	89999	89999	89	89	8	4	0	59	9	0	3	NaN	0	0	18000	0	0	0	0	0	0	NaN	NaN	NaN	NaN	0	0	0	0	0	0	0	0	14334	0	0	0	18000	18000	18000	18000	93	NaN	0.23934882489045836	0.17756132062379804	0.05905500298863563	0.18714670602885927	6.826949361485227	0.2999146597654228	1.0797098356354993e-7	NaN	0.04487752663257666	0.052089650002046135	0.02924718180544043	-0.000014116348466299722	NaN	425.5616332255	18.131883857846198	95676.0912999132	11.399999618530273	15.207144768291034	96.3909516720242	95.92923224809435	96.85266728252834	-0.923435814344221	0.0002826268833272884	-1	0	2.122298965798484	60.45187801996864	1.0001206226762798	-273.1499938964844	9.001011317597495	-273.1499938964844	211
DATA	2026-06-13T223000_AIU-0547.ghg	2026-06-13	23:00:00	164.958	0	18000	18000	0.02860043030433959	0	NaN	53.247930783233784	0	NaN	48.96878404041507	1	NaN	1.6569215246395697	1	NaN	1.1069123301665023	1	NaN	0.0003117716037290223	0	NaN	NaN	NaN	NaN	NaN	NaN	NaN	NaN	NaN	NaN	-4.7245219778969894e-11	-2.0091569097582906e-12	-2.5003871123145737e-13	NaN	16.75632463905936	424.9138620352008	432.73333042275533	0.1	1	712.5818355427544	18.069947096322277	18.402478916789857	0.1	1	0.08868050222493151	2.140304918366844	2.1796918345025915	-0.1	0	NaN	NaN	NaN	NaN	9	293.62524708302817	292.1945595609876	95294.9948454861	1.1284385663583603	1015.4610732894097	0.025492478090050723	0.07172791899478934	0.01277319729783135	1722.4374171056352	2196.821660250722	0.011319355504706264	78.40588283843917	474.38424314508666	288.31743864182937	1.7013641591014055	0.19172400018049	0.440885090044341	1.7679869221075777	1.732174757778724e-14	-2.8195455027673697e-15	1.7679869221075777	3.563685976129934	325.5705540360259	6.429445963974157	14.440308503702814	NaN	0.15920156160082835	0.22801701134152536	-6.395664152538317	-0.4534321895012335	1.087385195010908	0.291886636478726	1	21.769557707578837	10	17	29	44	70	162	0.028337601977638537	1.0092748965458846	55.65055460936061	1.0133506503527874	44.92833562642016	1.089930961333429	1.520207777759135	1.089930961333429	1.0155802242853054	1.089930961333429	-0.019461435628383733	1.1490449821962765	NaN	NaN	800000009	800000009	800000009	800000009	800000009	800010009	899999999	899999999	89999	89999	89	89	8	13	3	31	22	1	0	NaN	0	0	18000	0	0	0	0	0	0	NaN	NaN	NaN	NaN	0	0	0	0	0	0	0	0	13338	0	0	0	18000	18000	18000	18000	93	NaN	0.18424232130007187	0.20863631866619628	0.06315538271678253	0.22380757890218453	2.983093126664779	0.35899961802824965	7.977635963050164e-8	NaN	0.048565548332075	0.03946722544312967	0.0263662206271142	-0.000019461435628383734	NaN	424.91432162304517	18.0695988264963	95690.35192556423	11.39681429386139	15.15469770865968	96.38875739034017	95.91949872377184	96.85801629511516	-0.938514474825728	0.0002815888966304353	-1	0	2.1243212608363895	59.27560832426284	1.0001377757903602	-284.69724438137297	9.00108306090037	-273.1499938964844	151
DATA	2026-06-13T230000_AIU-0547.ghg	2026-06-13	23:30:00	164.979	0	18000	18000	0.02213345950183985	0	NaN	45.092113643229744	0	NaN	53.18101181797243	1	NaN	0.33443383049418723	2	NaN	1.2018150170094013	1	NaN	0.0026966336553263938	0	NaN	NaN	NaN	NaN	NaN	NaN	NaN	NaN	NaN	NaN	-1.0467066772333605e-10	-4.366461871667015e-12	-5.530003871195925e-13	NaN	16.746929304811193	424.39017617233395	432.0389694102808	0.1	0	698.6181503135484	17.70394288364135	18.02302142554993	0.1	1	0.08847806735219965	2.1324828568106042	2.17091664102852	-0.1	0	NaN	NaN	NaN	NaN	9	293.3046715918647	291.92529958936905	95289.37263498263	1.12957013773119	1015.2486245104515	0.025470489244201294	0.0778776131022092	0.012525281833837424	1687.4501297984414	2160.1944727382725	0.011088538387704912	78.11565815458374	472.7443429398311	287.9986007156078	1.5850642681341243	0.4192366046533988	0.41337687737925116	1.690878028584146	9.907331787780734e-15	-6.250140895576923e-15	1.690878028584146	3.3408734521001526	317.18497997239814	14.815020027601838	14.15079151836816	NaN	0.13998066388323627	0.3117436358822335	-5.133355232251253	-0.5649326549193818	0.8478987537426083	0.28089689054830996	1	22.884118054588416	10	18	30	45	72	164	0.021925639888055078	1.0094783830641125	47.7853562787891	1.013400381765038	48.82077038707655	1.0893111967780438	0.3070140392234772	1.0893111967780438	1.1032797795194986	1.0893111967780438	-0.014940717559678279	1.1487444272072695	NaN	NaN	800000009	800000009	800000009	800000009	800000009	800010009	899999999	899999999	89999	89999	89	89	4	0	0	24	9	0	0	NaN	0	0	12144	0	0	0	0	0	0	NaN	NaN	NaN	NaN	0	0	0	0	0	0	0	0	15024	0	0	0	18000	18000	18000	18000	93	NaN	0.3090002035344653	0.253804736568458	0.06068233166154381	0.18845051626059614	13.270207701754742	0.3322434189950246	2.776375571973481e-7	NaN	0.041668629459111116	0.00796077265309601	0.028607680351449515	-0.00001494071755967828	NaN	424.389847195117	17.70361928432757	95687.69097048612	11.390000343322754	14.836722413010069	96.42828209008111	95.95885608800253	96.89770990244548	-0.9388527334564254	0.000281872304596214	-1	0	2.1168697610497484	59.711978113598285	1.0000883015592894	-408.1639995659728	9.000706982188754	-273.1499938964844	002
