DATAH	filename	date	time	DOY	daytime	file_records	used_records	Tau	qc_Tau	rand_err_Tau	H	qc_H	rand_err_H	LE	qc_LE	rand_err_LE	co2_flux	qc_co2_flux	rand_err_co2_flux	h2o_flux	qc_h2o_flux	rand_err_h2o_flux	ch4_flux	qc_ch4_flux	rand_err_ch4_flux	none_flux	qc_none_flux	rand_err_none_flux	H_strg	LE_strg	co2_strg	h2o_strg	ch4_strg	none_strg	co2_v-adv	h2o_v-adv	ch4_v-adv	none_v-adv	co2_molar_density	co2_mole_fraction	co2_mixing_ratio	co2_time_lag	co2_def_timelag	h2o_molar_density	h2o_mole_fraction	h2o_mixing_ratio	h2o_time_lag	h2o_def_timelag	ch4_molar_density	ch4_mole_fraction	ch4_mixing_ratio	ch4_time_lag	ch4_def_timelag	none_molar_density	none_mole_fraction	none_mixing_ratio	none_time_lag	none_def_timelag	sonic_temperature	air_temperature	air_pressure	air_density	air_heat_capacity	air_molar_volume	ET	water_vapor_density	e	es	specific_humidity	RH	VPD	Tdew	u_unrot	v_unrot	w_unrot	u_rot	v_rot	w_rot	wind_speed	max_wind_speed	wind_dir	yaw	pitch	roll	u*	TKE	L	(z-d)/L	bowen_ratio	T*	model	x_peak	x_offset	x_10%	x_30%	x_50%	x_70%	x_90%	un_Tau	Tau_scf	un_H	H_scf	un_LE	LE_scf	un_co2_flux	co2_scf	un_h2o_flux	h2o_scf	un_ch4_flux	ch4_scf	un_none_flux	un_none_scf	spikes_hf	amplitude_resolution_hf	drop_out_hf	absolute_limits_hf	skewness_kurtosis_hf	skewness_kurtosis_sf	discontinuities_hf	discontinuities_sf	timelag_hf	timelag_sf	attack_angle_hf	non_steady_wind_hf	u_spikes	v_spikes	w_spikes	ts_spikes	co2_spikes	h2o_spikes	ch4_spikes	none_spikes	head_detect_LI-7200	t_out_LI-7200	t_in_LI-7200	aux_in_LI-7200	delta_p_LI-7200	chopper_LI-7200	detector_LI-7200	pll_LI-7200	sync_LI-7200	chopper_LI-7500	detector_LI-7500	pll_LI-7500	sync_LI-7500	not_ready_LI-7700	no_signal_LI-7700	re_unlocked_LI-7700	bad_temp_LI-7700	laser_temp_unregulated_LI-7700	block_temp_unregulated_LI-7700	motor_spinning_LI-7700	pump_on_LI-7700	top_heater_on_LI-7700	bottom_heater_on_LI-7700	calibrating_LI-7700	motor_failure_LI-7700	bad_aux_tc1_LI-7700	bad_aux_tc2_LI-7700	bad_aux_tc3_LI-7700	box_connected_LI-7700	mean_value_RSSI_LI-7200	mean_value_LI-7500	u_var	v_var	w_var	ts_var	co2_var	h2o_var	ch4_var	none_var	w/ts_cov	w/co2_cov	w/h2o_cov	w/ch4_cov	w/none_cov	co2_mean	h2o_mean	air_p_mean	vin_sf_mean	dew_point_mean	avg_signal_strength_7200_mean	co2_signal_strength_7200_mean	h2o_signal_strength_7200_mean	delta_signal_strength_7200_mean	flowrate_mean	hit_power_mean	hit_vin_mean	ch4_mean	rssi_77_mean	ch4_aux-1_mean	ch4_aux-2_mean	ch4_aux-3_mean	ch4_aux-4_mean	CHK
DATAU		[yyyy-mm-dd]	[HH:MM]	[ddd.ddd]	[1=daytime]	[#]	[#]	[kg+1m-1s-2]	[#]	[kg+1m-1s-2]	[W+1m-2]	[#]	[W+1m-2]	[W+1m-2]	[#]	[W+1m-2]	[µmol+1s-1m-2]	[#]	[µmol+1s-1m-2]	[mmol+1s-1m-2]	[#]	[mmol+1s-1m-2]	[µmol+1s-1m-2]	[#]	[µmol+1s-1m-2]	[µmol+1s-1m-2]	[#]	[µmol+1s-1m-2]	[W+1m-2]	[W+1m-2]	[µmol+1s-1m-2]	[mmol+1s-1m-2]	[µmol+1s-1m-2]	[µmol+1s-1m-2]	[µmol+1s-1m-2]	[mmol+1s-1m-2]	[µmol+1s-1m-2]	[µmol+1s-1m-2]	[mmol+1m-3]	[µmol+1mol_a-1]	[µmol+1mol_d-1]	[s]	[1=default]	[mmol+1m-3]	[mmol+1mol_a-1]	[mmol+1mol_d-1]	[s]	[1=default]	[mmol+1m-3]	[µmol+1mol_a-1]	[µmol+1mol_d-1]	[s]	[1=default]	[mmol+1m-3]	[µmol+1mol_a-1]	[µmol+1mol_d-1]	[s]	[1=default]	[K]	[K]	[Pa]	[kg+1m-3]	[J+1kg-1K-1]	[m+3mol-1]	[mm]	[kg+1m-3]	[Pa]	[Pa]	[kg+1kg-1]	[%]	[Pa]	[K]	[m+1s-1]	[m+1s-1]	[m+1s-1]	[m+1s-1]	[m+1s-1]	[m+1s-1]	[m+1s-1]	[m+1s-1]	[deg_from_north]	[deg]	[deg]	[deg]	[m+1s-1]	[m+2s-2]	[m]	[#]	[#]	[K]	[0=KJ/1=KM/2=HS]	[m]	[m]	[m]	[m]	[m]	[m]	[m]	[kg+1m-1s-2]	[#]	[W+1m-2]	[#]	[W+1m-2]	[#]	[µmol+1s-1m-2]	[#]	[mmol+1s-1m-2]	[#]	[µmol+1s-1m-2]	[#]	[µmol+1s-1m-2]	[#]	8u/v/w/ts/co2/h2o/ch4/none	8u/v/w/ts/co2/h2o/ch4/none	8u/v/w/ts/co2/h2o/ch4/none	8u/v/w/ts/co2/h2o/ch4/none	8u/v/w/ts/co2/h2o/ch4/none	8u/v/w/ts/co2/h2o/ch4/none	8u/v/w/ts/co2/h2o/ch4/none	8u/v/w/ts/co2/h2o/ch4/none	8co2/h2o/ch4/none	8co2/h2o/ch4/none	8aa	8U	[#]	[#]	[#]	[#]	[#]	[#]	[#]	[#]	[#_flagged_recs]	[#_flagged_recs]	[#_flagged_recs]	[#_flagged_recs]	[#_flagged_recs]	[#_flagged_recs]	[#_flagged_recs]	[#_flagged_recs]	[#_flagged_recs]	[#_flagged_recs]	[#_flagged_recs]	[#_flagged_recs]	[#_flagged_recs]	[#_flagged_recs]	[#_flagged_recs]	[#_flagged_recs]	[#_flagged_recs]	[#_flagged_recs]	[#_flagged_recs]	[#_flagged_recs]	[#_flagged_recs]	[#_flagged_recs]	[#_flagged_recs]	[#_flagged_recs]	[#_flagged_recs]	[#_flagged_recs]	[#_flagged_recs]	[#_flagged_recs]	[#_flagged_recs]	[#]	[#]	[m+2s-2]	[m+2s-2]	[m+2s-2]	[K+2]	--	--	--	--	[m+1s-1K+1]	--	--	--	--	--	--	--	--	--	--	--	--	--	--	--	--	--	--	--	--	--	--	207
DATA	2026-08-02T063000_AIU-0547.ghg	2026-08-02	07:00:00	214.291	1	18000	16319	0.26578941187428184	1	NaN	-13.370320197616522	1	NaN	-5.941097866362031	1	NaN	3.2259320757244594	0	NaN	-0.13456430420369025	1	NaN	-0.00948900571829769	0	NaN	NaN	NaN	NaN	NaN	NaN	NaN	NaN	NaN	NaN	-5.121165559424207e-12	-2.9208855237306964e-13	-2.768597681216573e-14	NaN	16.232357225246844	423.64767096891575	434.13773352305793	0.2	0	925.8216061380313	24.16298272212977	24.7612893283483	0.1	1	0.08775515271478623	2.144537266927985	2.197638774669814	-0.1	0	NaN	NaN	NaN	NaN	9	295.6262671274538	294.26581201536266	94740.48502518657	1.1113915751943317	1018.974145535592	0.02582344771029324	-0.008719766912399129	0.01686130221641906	2289.826759823982	2497.2273989887667	0.015171342479783318	91.69476359066178	207.40063916478493	292.8247062904739	-1.2075271877629825	-0.20291138004445539	0.23787289996211244	0.9874471746367214	-2.6039060611787523e-14	-3.154911814939022e-16	0.9874471746367214	16.536441670041544	142.4612040261071	155.37197615455528	13.939478375023162	NaN	0.48902975878100147	0.688822509546983	736.0241806504268	0.003940087943085323	2.2504797090312363	-0.024142167291491504	0	82.65709219786145	-12.543532634128097	28.37350497184901	70.65403920597142	107.75186779110989	151.12352666514047	226.41058125648559	0.2635470617078548	1.0085083481936623	-13.650412044639612	1.012598313940075	-5.43540884282972	1.0930360600563482	2.951350091375902	1.0930360600563482	-0.123110580813549	1.0930360600563482	-0.004077805255612082	1.167931649395965	NaN	NaN	800000009	800000009	800000009	811110019	811010019	811110019	899999999	899999999	89999	89999	89	89	23	66	2	60	15	0	0	NaN	0	0	0	0	0	0	0	0	0	NaN	NaN	NaN	NaN	0	1250	0	0	0	0	0	0	18000	0	0	0	18000	18000	18000	18000	100	NaN	0.4314558582163967	0.7418473085671362	0.20434185231043292	78.45201781986195	3.1361428961760667	0.004990943900191477	7.192141388217832e-8	NaN	-0.012053564491116785	0.07810171127292694	-0.003257880881511965	-0.000004077805255612082	NaN	423.64722582938646	24.162962235783947	95142.63891493055	11.350000381469727	19.670880042288033	103.27526886982388	103.14850550799899	103.40200139787461	-0.253528270550073	0.000213485834708586	-1	0	2.2766263410184266	58.02520506870433	1.0001400148471196	-273.1903688981798	9.001070048385197	-273.1499938964844	102
DATA	2026-08-02T130000_AIU-0547.ghg	2026-08-02	13:30:00	214.562	1	18000	16562	0.3215101112553784	1	NaN	-43.37541803956656	2	NaN	5.859129735419797	1	NaN	-0.2318663134224436	2	NaN	0.13292096887660176	1	NaN	-0.015283827410840672	2	NaN	NaN	NaN	NaN	NaN	NaN	NaN	NaN	NaN	NaN	1.1083123110566741e-11	6.936374555018477e-13	6.085995796087895e-14	NaN	15.602969114772177	408.9736012907507	419.71650549647376	0.1	1	976.5120974543663	25.595620055531203	26.26796490486824	0.1	1	0.08567946371402972	2.111041290517083	2.166494049049114	0	1	NaN	NaN	NaN	NaN	9	297.2427274962892	295.92414121419904	94701.3835068474	1.104103359509773	1019.8270660995918	0.025979697644828572	0.008613278783203794	0.017753596966713896	2424.590827389153	2763.0447899050746	0.01607965125166957	87.75068852475789	338.4539625159214	293.7491472084423	-1.344268427263474	-0.24503387203240365	0.14726092498612797	1.1729685263794165	1.123790439766807e-14	7.103214156896425e-16	1.1729685263794165	17.895834774486634	141.66951640501645	175.65972422793564	7.212259038821238	NaN	0.5396254852437162	0.730450703236288	304.83130944270044	0.009513458461015195	-7.403047892480022	-0.07138631367902733	0	87.76191104736999	-13.318208589058186	30.125824091183656	75.01756157945614	114.40651473239247	160.45676362050938	240.39347095407643	0.3189789017573522	1.0079353508463442	-42.848033656652035	1.0126310388397755	5.343632193258459	1.0964695030491973	-0.21146626766876891	1.0964695030491973	0.12122632549921247	1.0964695030491973	-0.000994664663165996	1.172425244411511	NaN	NaN	800000009	800000009	800000009	811110019	811011019	811111019	899999999	899999999	89999	89999	89	89	7	16	2	9	49	0	6	NaN	0	0	0	0	0	0	0	0	0	NaN	NaN	NaN	NaN	0	21	0	0	0	0	100	0	18000	0	0	15	18000	18000	18000	18000	100	NaN	0.5975854863484488	0.6491221755959644	0.21419374452816276	108.86619314020257	1.02043479808512	0.0068394248311071425	3.4130896355198485e-8	NaN	-0.03805350207733227	-0.0056381811489738965	0.003232174997572805	-9.94664663165996e-7	NaN	408.97272841875684	25.595596274055836	95120.58247873266	11.380000114440918	20.598217904090877	103.19468095249599	103.07209645991855	103.31723895072938	-0.24516542145154513	0.00029154760390035026	-1	0	2.089382960999135	62.21269317287128	1.0000935438887941	-357.85674745349814	9.000744592441453	-295.15436982048647	154
DATA	2026-08-02T133000_AIU-0547.ghg	2026-08-02	14:00:00	214.583	1	18000	18000	0.10580109573509149	1	NaN	18.18227867454009	0	NaN	-0.1338694551679029	2	NaN	0.8843453879601308	1	NaN	-0.003037837176028538	2	NaN	0.015191952797627707	2	NaN	NaN	NaN	NaN	NaN	NaN	NaN	NaN	NaN	NaN	-5.031687685017122e-11	-3.158108760391011e-12	-2.76759570935799e-13	NaN	15.6168959363929	410.0635531458769	420.8963278969659	0	0	980.1851576300561	25.737394301384423	26.417306946651085	0.1	1	0.08589812582317327	2.1194171880671444	2.1754064824723223	0	1	NaN	NaN	NaN	NaN	9	298.6741529659695	296.21549925740567	94677.00496592882	1.1026737227624648	1019.9137461764637	0.026011972619035945	-0.00019685184900664925	0.017829784001772094	2437.3930376334524	2812.214937089918	0.016169591814615993	86.67164822599472	374.8218994564654	293.8346079561029	-0.6764714327799937	0.28366499238438664	0.20670308723193134	0.7621060251323811	2.82892036692395e-14	-3.221951215856864e-15	0.7621060251323811	3.1047657266964457	174.74978233568845	157.25021766431155	15.737243270682457	NaN	0.30975731427601594	0.2622854811466985	-137.52316402944163	-0.021087356595279858	-135.82096566939302	0.0521934817842197	0	70.80733699940934	-10.745286566114848	24.305867469750027	60.52504668868734	92.30451510122585	129.45839487678808	193.95226593362915	0.10415566087923571	1.0157978437462327	18.02268192831195	1.01679877891021	-0.12320151243590988	1.086589381258956	0.8138726580739276	1.086589381258956	-0.0027957545218312424	1.086589381258956	0.008307523052180337	1.1502361636278997	NaN	NaN	800000009	800000009	800000009	800000009	800001009	801001109	899999999	899999999	89999	89999	89	89	14	27	2	6	47	0	0	NaN	0	0	0	0	0	0	0	0	0	NaN	NaN	NaN	NaN	0	0	0	0	0	0	0	0	18000	0	0	0	18000	18000	18000	18000	100	NaN	0.19190050869670155	0.211962873087575	0.12070758050912044	0.02103152992424961	1.2567891255512504	0.016292943527680757	1.2637116265886682e-7	NaN	0.016025402556395105	0.021729853113086554	-0.0000746447672089288	0.000008307523052180337	NaN	410.06295778656	25.737360919897498	95093.3383016493	11.386159699863857	20.68308957714505	103.21033914226956	103.09556327290005	103.32515264532302	-0.22968470505128266	0.0002918076433593847	-1	0	2.0972317185137013	60.31027310265381	1.0000941763884492	-273.1499938964844	9.000871990892621	-273.1499938964844	204
DATA	2026-08-02T140000_AIU-0547.ghg	2026-08-02	14:30:00	214.604	1	18000	18000	0.11780060197673407	1	NaN	24.405789061315986	0	NaN	19.494769864915135	1	NaN	0.2877516169850125	2	NaN	0.4426304167948919	1	NaN	-0.006512057337342019	1	NaN	NaN	NaN	NaN	NaN	NaN	NaN	NaN	NaN	NaN	-3.5471136651485695e-10	-2.2541699639660854e-11	-1.9303621281514308e-12	NaN	15.543383380850601	409.275770283906	420.2049806032043	0.1	1	987.7729123759423	26.009235548825373	26.703780464983243	0.1	1	0.08458809458668877	2.0928233780056895	2.148709674043938	0.1	0	NaN	NaN	NaN	NaN	9	299.12425047132706	296.78590428530254	94650.41864118536	1.1001311942147773	1020.0803863104466	0.02606938293196654	0.028682451008308994	0.017978424492953005	2462.44538100855	2910.694268654831	0.016342073188630173	84.59993230915875	448.24888764628076	294.0007127276328	-0.5670206955592081	0.1232699506308747	0.20553107990389138	0.6155899404046326	1.5335081781751873e-14	-2.2820730713742814e-14	0.6155899404046326	3.2077761385161407	164.26521583442116	167.73478416557884	19.504239405666237	NaN	0.32722879662219617	0.20320523145205094	-120.77023990779567	-0.024012538206548733	1.2519147048377957	0.06646032514126539	0	80.36969135116847	-12.196410730793492	27.588314281364813	68.69880336589188	104.77000976701996	146.94142838830302	220.14503595969938	0.11565615702883507	1.0185415545785803	25.313441858335644	1.0185375717013974	17.918497618922594	1.0879689960350216	0.2644851259858418	1.0879689960350216	0.4068410206614414	1.0879689960350216	-0.014611749613288469	1.1524533149449776	NaN	NaN	800000009	800000009	800000009	800000019	800000019	801100019	899999999	899999999	89999	89999	89	89	21	19	6	3	7	0	0	NaN	0	0	0	0	0	0	0	0	0	NaN	NaN	NaN	NaN	0	15	0	0	0	0	0	0	12435	0	0	0	18000	18000	18000	18000	100	NaN	0.21123610941977833	0.09703135170164928	0.09814300178267428	0.045873594181895724	1.7193062936772983	0.040865734277548194	9.530208093087955e-8	NaN	0.022556531718588062	0.007079136342781405	0.010889395176244673	-0.00001461174961328847	NaN	409.27524973955525	26.009179766320266	95066.75770160591	11.390000343322754	20.849017943382268	103.16172028350829	103.04816750420466	103.27522298812866	-0.22706960663944484	0.0002929889575914584	-1	0	2.070748656606232	59.93775924062736	1.000094824615452	-273.1499938964844	9.000876119772593	-273.1499938964844	162
DATA	2026-08-02T143000_AIU-0547.ghg	2026-08-02	15:00:00	214.624	1	18000	18000	0.1676409508991797	1	NaN	25.330144267983325	1	NaN	51.308708600305124	1	NaN	2.036010249120497	1	NaN	1.165398442230704	1	NaN	0.01596978970242265	2	NaN	NaN	NaN	NaN	NaN	NaN	NaN	NaN	NaN	NaN	-7.901737909997744e-11	-5.000618009271727e-12	-4.308823242810158e-13	NaN	15.4177530364029	406.71988494685445	417.46513881966274	0.1	1	975.7131200060544	25.7392842506307	26.419298073445248	0.1	1	0.08407311580292426	2.083511805466934	2.138556724895107	0	1	NaN	NaN	NaN	NaN	9	299.38957883453367	297.1662617841358	94627.84011633458	1.0985742272926589	1019.9319812764292	0.02610902137717529	0.07551781905654961	0.01776481406342173	2436.3062128777246	2978.0232830219657	0.016170790850611502	81.80950856789372	541.717070144241	293.82736818392283	-1.1005636613826395	0.1179017392513758	0.16689643316940767	1.1193728656168238	7.455351825946125e-15	-5.125090466386982e-15	1.1193728656168238	3.9562683386251347	158.11469055741205	173.88530944258804	8.574667163560283	NaN	0.3906387797842591	0.36758726953933946	-197.9220773410347	-0.014652231014143412	0.49368118900253694	0.05787109402571697	0	88.83292632227098	-13.480739289027786	30.49346897705245	75.93304932782635	115.80269131246305	162.41492112583063	243.32714772006338	0.16564202252130866	1.0120677612325937	28.209960545833866	1.0145742943740808	47.23882867102676	1.0861553946991611	1.8745110129333042	1.0861553946991611	1.072957376005568	1.0861553946991611	0.003733750425522189	1.1480673913053763	NaN	NaN	800000009	800000009	800000009	800000019	800000019	800001019	899999999	899999999	89999	89999	89	89	3	9	1	2	17	0	1	NaN	0	0	0	0	0	0	0	0	0	NaN	NaN	NaN	NaN	0	1	0	0	0	0	0	0	14200	0	0	0	18000	18000	18000	18000	100	NaN	0.4698889915214983	0.15639182483611525	0.10889372272106537	0.06407063963113949	4.216541020557602	0.0970063591950119	2.1738577955266304e-7	NaN	0.025176877261768992	0.050235008098291366	0.028754177543303096	0.0000037337504255221892	NaN	406.7190979366743	25.739176781497175	95038.26599652777	11.36152635828654	20.674301919513297	103.15365989769829	103.04421225908068	103.2631115099589	-0.21890871296905862	0.0002932434662167604	-1	0	2.061755009320046	62.369080754174036	1.000091225037972	-273.1499938964844	9.000821927097109	-273.1499938964844	238
DATA	2026-08-02T150000_AIU-0547.ghg	2026-08-02	15:30:00	214.645	1	18000	18000	0.20418431010835963	1	NaN	-2.2682734714793495	2	NaN	24.513686514011418	1	NaN	10.542788756111811	1	NaN	0.5569125359297648	1	NaN	0.004921275987640316	2	NaN	NaN	NaN	NaN	NaN	NaN	NaN	NaN	NaN	NaN	7.237333918224138e-11	4.6784020826885375e-12	3.959708077463856e-13	NaN	15.322692269318008	404.7094250376952	415.5816547597253	0	0	990.4989355909504	26.161476565456375	26.864285952859838	0.1	1	0.08383389385217041	2.0801291350512345	2.136010318954126	0	1	NaN	NaN	NaN	NaN	9	299.68043202124704	297.391779735989	94605.32399761284	1.097303028903679	1020.1789612928488	0.02613505405665543	0.03608793232824875	0.018038218507793045	2475.6788632955945	3018.5819138364377	0.016438684695708097	82.01463249838247	542.9030505408432	294.08785824162896	-0.8242023337823717	0.1205118215328578	0.20173365574165328	0.85704670467873	2.0974789304240702e-14	4.723278253597834e-15	0.85704670467873	5.120062804746867	160.31862962631718	171.6813703736828	13.614161259647464	NaN	0.43136796987100756	0.4180948090967585	2975.8802544492114	0.0009745015766895312	-0.09253089983764215	-0.004697259765550755	0	85.85248729988682	-13.028446168773652	29.470380707536755	73.3854148788131	111.91738803164294	156.96572803064032	235.163263490478	0.20233789041577618	1.0091254272187444	-0.8123001152719747	1.0126988162686483	22.470570855731665	1.0909240655877066	9.664090369509047	1.0909240655877066	0.5104961504628123	1.0909240655877066	0.003619885078612891	1.1650948134391872	NaN	NaN	800000009	800000009	800000009	800000009	800001009	800001009	899999999	899999999	89999	89999	89	89	18	12	2	2	8	0	2	NaN	0	0	0	0	0	0	0	0	0	NaN	NaN	NaN	NaN	0	0	0	0	0	0	0	0	13765	0	0	0	18000	18000	18000	18000	100	NaN	0.48051534347879854	0.21106350358820417	0.14461077112651433	0.08308689255168747	8.900236866130724	0.04907396588768013	3.5813819865949434e-8	NaN	-0.000725627233494458	0.2593585468189318	0.01370036233916343	0.000003619885078612891	NaN	404.7085900997583	26.161412965761922	95016.18043381078	11.36847818406423	20.935463844511244	103.15158189519246	103.04520746527778	103.25798936144511	-0.21279181373574682	0.00029369104599269745	-1	0	2.0580682240691446	62.3303600468106	1.0000833040210937	-273.1499938964844	9.000739090919495	-273.1499938964844	053
DATA	2026-08-02T153000_AIU-0547.ghg	2026-08-02	16:00:00	214.666	1	18000	18000	0.19322301753838886	1	NaN	35.45627766730777	1	NaN	27.570383917842893	1	NaN	1.8933877088585946	1	NaN	0.6265263804487975	1	NaN	-0.001994367750667769	1	NaN	NaN	NaN	NaN	NaN	NaN	NaN	NaN	NaN	NaN	-2.762987096052816e-10	-1.7909627127596856e-11	-1.5150173258139885e-12	NaN	15.220590521646393	402.67394914072145	413.4659244908883	0.1	1	986.595635187545	26.101244893289092	26.800778578291908	0.1	1	0.08345843664039199	2.0734929223957645	2.129064147092549	-0.2	0	NaN	NaN	NaN	NaN	9	300.06453470187716	297.6722121463352	94568.47386436633	1.095867471552707	1020.1494324863236	0.026169892255363553	0.040598909453082074	0.01797273127631945	2469.0170055894737	3069.6884905623174	0.01640046058749635	80.43216805810773	600.6714849728437	294.0440395141996	-1.2645215733053177	0.15812968986896367	0.17536426938699048	1.2863795843957817	1.770579084873721e-14	-1.8152955971868212e-14	1.2863795843957817	4.678525881556113	159.1278935766859	172.87210642331408	7.835181016505064	NaN	0.4199043870505784	0.4262351480500567	-175.55042722309634	-0.01651946990886309	1.2860277090433012	0.07553024603850111	0	87.13035346183943	-13.222367288889165	29.909030809245245	74.47771565429234	113.58321563428649	159.30207492919865	238.66353688266452	0.19111195708160497	1.011046197679209	36.8958980067035	1.014038241486914	25.369702841600038	1.086744456172119	1.7422566069743257	1.086744456172119	0.5765167486159857	1.086744456172119	-0.014291257981207332	1.1479076616352901	NaN	NaN	800000009	800000009	800000009	800000009	800000009	800000009	899999999	899999999	89999	89999	89	89	7	19	1	1	20	0	0	NaN	0	0	0	0	0	0	0	0	0	NaN	NaN	NaN	NaN	0	0	0	0	0	0	0	0	13500	0	0	0	18000	18000	18000	18000	100	NaN	0.5423373580402018	0.17807509719226838	0.1320578408676432	0.039878399915195505	2.985685442699408	0.061660342078077406	2.3760466007132357e-8	NaN	0.033003215616241026	0.04681697684713272	0.015491846128689457	-0.000014291257981207332	NaN	402.67354693736775	26.101169630370983	94971.85586545139	11.390000343322754	20.8902515808741	103.15188614315457	103.04798238605923	103.25574860530429	-0.207780318049507	0.00029396784520779157	-1	0	2.051576198306348	62.75217161856753	1.0000770428197252	-273.1499938964844	9.00062977080875	-273.1499938964844	018
DATA	2026-08-02T160000_AIU-0547.ghg	2026-08-02	16:30:00	214.687	1	18000	18000	0.188911666679678	1	NaN	24.078157087030686	0	NaN	15.229286652867014	1	NaN	-0.4541345771602088	2	NaN	0.3462336687327937	1	NaN	0.012588467536387099	2	NaN	NaN	NaN	NaN	NaN	NaN	NaN	NaN	NaN	NaN	-2.322296838691083e-10	-1.5177192498238142e-11	-1.2675339518878754e-12	NaN	15.185301783882009	402.3859927488685	413.2535814062425	0.1	1	992.4237267089263	26.29762728345432	27.007870187361473	0.1	1	0.08288296853378424	2.0637365074397778	2.11947363513363	0	1	NaN	NaN	NaN	NaN	9	300.4244581841363	298.13045904351463	94536.42507374541	1.0937302011338605	1020.2710104838244	0.02621906460450821	0.02243594173388503	0.01807399535091775	2486.7505369270298	3154.825802751532	0.016525094883711355	78.8237035071214	668.0752658245024	294.1604548638295	-1.081775243391973	0.11578688266099783	0.20795417878271133	1.107650314803815	-1.666997581811015e-14	-1.529305687659113e-14	1.107650314803815	4.506090620584108	158.10934514726742	173.8906548527326	10.821128317036573	NaN	0.41559880256850007	0.4658791674368976	-250.58639670888792	-0.011572854863981295	1.581043001938493	0.05191862766323712	0	79.58293307943383	-12.077017127724924	27.318245626139564	68.02629422845818	103.74439089965668	145.50298334389115	217.9899831641645	0.18664365131319813	1.0121515805682242	24.838500186739566	1.014620659392411	14.021634905073077	1.0861277415914605	-0.4181226201761343	1.0861277415914605	0.3187780363895973	1.0861277415914605	0.0033433354191777136	1.1480933145406922	NaN	NaN	800000009	800000009	800000009	800000009	800000009	800101009	899999999	899999999	89999	89999	89	89	21	26	1	1	12	1	2	NaN	0	0	0	0	0	0	0	0	0	NaN	NaN	NaN	NaN	0	1	0	0	0	0	0	0	16100	0	0	0	18000	18000	18000	18000	100	NaN	0.48449615427803533	0.2850117792576308	0.1622504013381291	0.08760343419706132	3.513398784037237	0.06782423260678996	2.2136886158395426e-7	NaN	0.022258690820518054	-0.011258947004214542	0.00858385756863893	0.0000033433354191777135	NaN	402.38576884693316	26.297546781879767	94949.0275828993	11.390000343322754	21.00814478598701	103.12964414172703	103.02652902285259	103.23277727614507	-0.20624504457248577	0.00029480990674508374	-1	0	2.041783983316686	62.7638978936936	1.00007789690627	-273.1499938964844	9.000770874871147	-273.1499938964844	199
DATA	2026-08-02T163000_AIU-0547.ghg	2026-08-02	17:00:00	214.708	1	18000	18000	0.22653055042017264	1	NaN	49.288184378265136	1	NaN	36.44397603553623	1	NaN	-0.3279901060543663	1	NaN	0.8289091519078996	1	NaN	0.013186355227681286	1	NaN	NaN	NaN	NaN	NaN	NaN	NaN	NaN	NaN	NaN	9.598468878724769e-11	6.2625918285715976e-12	5.302141386001043e-13	NaN	15.079593096914278	400.71194759933525	411.4697191522507	0.1	1	983.8791759406815	26.144746629422976	26.84664537048426	0.1	1	0.08329884240227631	2.0782780565751606	2.1340728505412936	-0.2	0	NaN	NaN	NaN	NaN	9	300.83098795912	298.5843726654053	94530.91851801216	1.0920676423875675	1020.1920300660056	0.026260513631496885	0.05371331304363189	0.01794056083386635	2472.1498635017097	3241.1811936009876	0.016428067399417885	76.27311513415034	769.031330099278	294.06465893660965	-1.5795352697238936	0.06658488676554297	0.15412060173885594	1.5884326788780583	3.1873576934515073e-15	6.365204165017485e-15	1.5884326788780583	5.526290534525185	154.41385910904484	177.58614089095505	5.567988154555343	NaN	0.45544781245331967	0.5328963590117524	-161.10335598435617	-0.018000866476559324	1.3524370757516857	0.09713432671758666	0	88.43683368316803	-13.420630702908733	30.357503191587877	75.59447529735617	115.28634455325833	161.6907374542825	242.24218861654157	0.22433482880351546	1.009787698273906	51.20866066864734	1.01349631118039	33.47958255850288	1.0885433225415315	-0.3013110266374836	1.0885433225415315	0.7614847610957386	1.0885433225415315	-0.005136477192478328	1.1484055888323645	NaN	NaN	800000009	800000009	800000009	800000009	800000009	800000019	899999999	899999999	89999	89999	89	89	10	20	1	3	15	0	0	NaN	0	0	0	0	0	0	0	0	0	NaN	NaN	NaN	NaN	0	0	0	0	0	0	0	0	10200	0	0	0	18000	18000	18000	18000	100	NaN	0.6704981979309063	0.24560846735823366	0.14968605273436483	0.06539192195459562	1.2808167826703925	0.14652376524214633	1.2708110145031876e-7	NaN	0.04596337933850418	-0.00812506712518327	0.02053398067688683	-0.000005136477192478328	NaN	400.7116326493644	26.144593196601626	94936.81128559027	11.390000343322754	20.91037898540496	103.09132471635606	102.99154666455587	103.19113075553045	-0.19954042694386473	0.0002949744749914518	-1	0	2.056329784287347	63.74513401254019	1.0000774792763922	-273.1499938964844	9.000791813585494	-273.1499938964844	242
DATA	2026-08-02T170000_AIU-0547.ghg	2026-08-02	17:30:00	214.729	1	18000	18000	0.18960231091972846	1	NaN	34.97604029749376	0	NaN	22.13450986350271	1	NaN	1.9733893590440668	1	NaN	0.5034271110002276	1	NaN	0.004790410013291294	0	NaN	NaN	NaN	NaN	NaN	NaN	NaN	NaN	NaN	NaN	5.024059439346002e-11	3.324497417289424e-12	2.795707555137516e-13	NaN	15.09421294418735	401.0813229362368	412.0163049422886	-0.1	0	998.807290295507	26.540168131412813	27.26375271229026	0.1	1	0.08399384138737867	2.095623464373688	2.152758024284446	-0.2	0	NaN	NaN	NaN	NaN	9	300.94744155629473	298.5500194117228	94531.78311328126	1.092038355269259	1020.4186169197244	0.026257252107628276	0.03262207679281475	0.01821416178517202	2509.5624006162257	3234.5742816794827	0.01667904950159103	77.58555476157406	725.0118810632571	294.3091434706929	-1.018868767440689	0.18417382857477063	0.18029015772181298	1.0509605631845835	-2.110065219362444e-14	3.3284673125541955e-15	1.0509605631845835	4.085408995049042	162.24631570974213	169.75368429025787	9.87783386905446	NaN	0.41668020298834585	0.4305746044632707	-173.8614113562936	-0.016679952022574118	1.5801587888406452	0.07532714509133603	0	81.54111637550919	-12.374178997623865	27.990426584961426	69.7001198578694	106.29708059656004	149.08316693964716	223.35375058547515	0.1872458526824897	1.012584835410131	36.07892227838692	1.014863812670626	20.38115848790299	1.0860280526565946	1.8170703364584804	1.0860280526565946	0.46354890167778456	1.0860280526565946	-0.007700511341553432	1.148254529088992	NaN	NaN	800000009	800000009	800000009	800000009	800001019	800001019	899999999	899999999	89999	89999	89	89	4	11	3	4	43	0	0	NaN	0	0	0	0	0	0	0	0	0	NaN	NaN	NaN	NaN	0	0	0	0	0	0	0	0	10200	0	0	0	18000	18000	18000	18000	100	NaN	0.46402707817982436	0.24364235383057328	0.15347977691614376	0.04925906583696774	2.311108623093218	0.062422137111233456	1.7434701798920262e-8	NaN	0.03237705108501215	0.049012420733747515	0.012503453137636577	-0.000007700511341553432	NaN	401.08031290044664	26.540091607893693	94935.00341905383	11.371016575495402	21.15528526581658	103.06342924902174	102.9619959081014	103.16488615226746	-0.20290085496463683	0.00029535467162592496	-1	0	2.073156585951646	63.42924614927502	1.0000706294178963	-273.1499938964844	9.000748898161783	-273.1499938964844	166
DATA	2026-08-02T173000_AIU-0547.ghg	2026-08-02	18:00:00	214.749	1	18000	18000	0.2424144665400777	0	NaN	22.593051758165153	0	NaN	46.946211129051406	0	NaN	3.2053420557509433	1	NaN	1.067936594919598	0	NaN	0.011049057110907375	2	NaN	NaN	NaN	NaN	NaN	NaN	NaN	NaN	NaN	NaN	1.0392876465326955e-10	6.8155990023606365e-12	5.72757747294539e-13	NaN	15.19434791156137	403.6007839843349	414.57369893894906	0.1	1	996.4381161755703	26.46794763560259	27.187546184350506	0.1	1	0.08373697609578573	2.0909813045498877	2.1478299553379507	0	1	NaN	NaN	NaN	NaN	9	300.98772479163273	298.73545155927866	94504.67870355901	1.091077680572274	1020.3806346136229	0.026281096114348337	0.06920229135078995	0.018148117661850365	2502.015846532339	3270.3769702761847	0.016633204019288174	76.50542641636332	768.3611237438458	294.2600862238387	-1.2287390222330372	0.15467157567427386	0.20589565031899976	1.2554345462428194	2.4704306833408012e-14	6.8399621529128086e-15	1.2554345462428194	4.893222581934877	159.1745595012388	172.8254404987612	9.439350228769198	NaN	0.47135859528324764	0.6058038846071805	-389.5395233802177	-0.007444687447464472	0.48125399717686795	0.043053214887558464	0	84.20078932060596	-12.777794628126193	28.90340624011978	71.97356828850256	109.76423289925226	153.9458973424629	230.6390068343889	0.2397262593966841	1.0112136532316442	25.266783609591922	1.0141219505058339	43.204322352231884	1.0866091301308471	2.949857466562022	1.0866091301308471	0.9828157755227027	1.0866091301308471	0.0002855217668378446	1.1479092674466786	NaN	NaN	800000009	800000009	800000009	800000009	800001009	800001009	899999999	899999999	89999	89999	89	89	19	28	4	1	22	0	0	NaN	0	0	0	0	0	0	0	0	0	NaN	NaN	NaN	NaN	0	0	0	0	0	0	0	0	12500	0	0	0	18000	18000	18000	18000	100	NaN	0.7172835534886522	0.31306524361816157	0.18125897210754693	0.04805717436236787	5.831831971362345	0.11502532021451725	2.125811264466831e-8	NaN	0.02269509899489877	0.07963379612807328	0.026531909418201573	2.855217668378446e-7	NaN	403.59965835571273	26.467822473177275	94909.60659592014	11.372826061354743	21.105991932657023	103.07799557473925	102.97651960712008	103.17945665677388	-0.20294878035659555	0.0002952563771703152	-1	0	2.0686341895659766	63.413857914394775	1.00006507667568	-273.1499938964844	9.000683025942909	-273.1499938964844	113
DATA	2026-08-02T180000_AIU-0547.ghg	2026-08-02	18:30:00	214.77	1	18000	18000	0.2528526358554827	1	NaN	22.41841026702488	0	NaN	30.330189616629074	0	NaN	1.6048690183413907	1	NaN	0.6897739232082956	0	NaN	0.002800219650196807	0	NaN	NaN	NaN	NaN	NaN	NaN	NaN	NaN	NaN	NaN	1.2197901842713838e-10	7.986075942677226e-12	6.697281677732011e-13	NaN	15.22819222292877	404.24185084723285	415.2313970632238	-0.1	0	997.0034283776366	26.46607721312959	27.18557267872795	0.1	1	0.08361068491506353	2.0852873672285224	2.1419770985063464	0	0	NaN	NaN	NaN	NaN	9	300.9626733474731	298.46694370437694	94496.2237185711	1.0919623172138213	1020.374240847475	0.02625982364489467	0.04469735022389755	0.018161535507675495	2501.615205132967	3218.645450655664	0.01663201671099353	77.72260857819452	717.030245522697	294.257478187678	-0.9455312794647498	0.2822107113081007	0.23564016332227955	1.014494244731723	4.193359462179916e-14	8.010078717254247e-15	1.014494244731723	4.749328916614278	168.61867423696287	163.38132576303713	13.430961235104311	NaN	0.48120476249680305	0.6051261254938027	-417.6638779766706	-0.0069433823534099945	0.7391450746069052	0.04181265623928187	0	78.25377760273132	-11.87531265622067	26.861989562397284	66.89015211814814	102.01170249517415	143.07286322008204	214.3492203928334	0.2496349459964148	1.0128895810088787	24.08311781644141	1.0150385877289116	27.92852989273569	1.0859930591806075	1.4777893880392572	1.0859930591806075	0.635155001569473	1.0859930591806075	-0.006158288408928846	1.1483896718163762	NaN	NaN	800000009	800000009	800000009	800000019	800000019	800001019	899999999	899999999	89999	89999	89	89	22	33	6	2	19	1	2	NaN	0	0	0	0	0	0	0	0	0	NaN	NaN	NaN	NaN	0	8	0	0	0	0	0	0	16100	0	0	0	18000	18000	18000	18000	100	NaN	0.5551370726943038	0.4282417612094961	0.22687341708380554	0.014903465385555204	5.231577654580841	0.06337961682580984	1.3266496018099144e-8	NaN	0.02161451885307146	0.039861756015128966	0.017132613015947987	-0.0000061582884089288464	NaN	404.2410234737097	26.466000254773206	94897.08511197916	11.380000114440918	21.103204253514612	103.0932281044854	102.9907893632253	103.19567602263557	-0.2049401467359727	0.0002948493669229921	-1	0	2.062993692400279	64.6193946743111	1.0000636298904817	-273.1499938964844	9.000675919824177	-273.1499938964844	075
DATA	2026-08-02T183000_AIU-0547.ghg	2026-08-02	19:00:00	214.791	1	18000	18000	0.2863736195492477	0	NaN	3.809684025385293	1	NaN	79.34388617060884	1	NaN	9.458533824834593	1	NaN	1.8042571951812718	1	NaN	0.02190258387215658	1	NaN	NaN	NaN	NaN	NaN	NaN	NaN	NaN	NaN	NaN	-3.0375511694680276e-10	-1.9721774122695513e-11	-1.6611925652598037e-12	NaN	15.303317063074987	405.95910645935	416.9488470975496	0.3	0	993.5916980743843	26.35752734346447	27.07105337295861	0.1	1	0.0836916157479771	2.0861632084333657	2.142637843993568	-0.9	0	NaN	NaN	NaN	NaN	9	300.8651433639526	298.35629966735837	94494.54363997396	1.0923931344387248	1020.3096620863622	0.02625055563933195	0.11691586624774641	0.01809343228360167	2491.3106062885913	3197.5369474710205	0.016563114242655996	77.91342671611679	706.2263411824292	294.19027282145544	-1.1297953454033745	0.11851367310908194	0.22776044645003407	1.158601671920015	-5.708444982485717e-15	-1.9848972330301275e-14	1.158601671920015	5.9741494352999185	157.98833256082304	174.011667439177	11.337165188227084	NaN	0.5120083260783214	0.7520044474080375	-2960.5274849236043	-0.0009795551687218447	0.04801484032674599	0.006675763953329157	0	83.47323468302258	-12.66738540494916	28.653660276671793	71.35166552708854	108.81579194838947	152.6156954233102	228.64612196497214	0.2830339062343821	1.0117996933982176	8.513315457513963	1.0144284654661089	73.04316060427848	1.086260308483438	8.707428367736227	1.086260308483438	1.6609805044798625	1.086260308483438	0.013961225238053978	1.1479940881355062	NaN	NaN	800000009	800000009	800000009	800000009	800001019	800101019	899999999	899999999	89999	89999	89	89	20	30	5	11	21	0	5	NaN	0	0	0	0	0	0	0	0	0	NaN	NaN	NaN	NaN	0	0	0	0	0	0	0	0	17135	0	0	0	18000	18000	18000	18000	100	NaN	0.8514161821638744	0.43403154789663684	0.21856116475556395	0.018909970750500903	11.186235528534432	0.14138745627076532	3.26077345191319e-8	NaN	0.007638142649600762	0.2347642990888326	0.044782329232736194	0.000013961225238053978	NaN	405.9580380918317	26.35737814194057	94895.87885329861	11.380000114440918	21.035460823059058	103.10816033681233	103.00547820917765	103.21087385453119	-0.20539681752688363	0.00029460020359773704	-1	0	2.0639449021485117	62.9494156979371	1.000071446766456	-273.1499938964844	9.00075601278411	-273.1499938964844	056
DATA	2026-08-02T190000_AIU-0547.ghg	2026-08-02	19:30:00	214.812	0	18000	18000	0.18672906264529227	1	NaN	5.188152159249473	1	NaN	53.29014379175179	0	NaN	18.11721937398216	0	NaN	1.2114377832665983	0	NaN	0.000005141569132434223	1	NaN	NaN	NaN	NaN	NaN	NaN	NaN	NaN	NaN	NaN	-6.72027748957813e-11	-4.330422225621122e-12	-3.632250148846886e-13	NaN	15.51336653542659	411.14784960904376	422.3370815047986	0.1	1	999.6525789805668	26.493605193006736	27.214618552412635	0.1	1	0.08384836488493996	2.0872439613927467	2.144047509627877	0.1	0	NaN	NaN	NaN	NaN	9	300.593179268731	298.046234699236	94487.54172668152	1.093391719528602	1020.3819183256475	0.026225218161112545	0.07850116835567557	0.018204415720204	2503.9871140813952	3139.0251086394005	0.016649491115638352	79.76957900686368	635.0379945580053	294.2729131658826	-0.6439876753735836	0.22304586840274224	0.2133617140274269	0.7141378063492618	2.004210492629394e-14	-4.331927228194853e-15	0.7141378063492618	4.110857214563225	171.10358616503464	160.89641383496536	17.383637339363247	NaN	0.41325495379141036	0.38624980924500496	-1143.0196301214328	-0.0025371392787820347	0.09735669281591414	0.011252683446690072	0	78.65209274707406	-11.935758516084343	26.998718261990515	67.2306259126697	102.53094651442512	143.8011103400402	215.44026728253073	0.18368408857245458	1.016577233752267	8.312282456962485	1.017287802564112	49.0281930800279	1.0869285699509095	16.668270459392208	1.0869285699509095	1.1145514220141552	1.0869285699509095	-0.004907216602732387	1.1508361613199134	NaN	NaN	800000009	800000009	800000009	800000019	801001019	811101019	899999999	899999999	89999	89999	89	89	28	30	5	11	17	0	9	NaN	0	0	0	0	0	0	0	0	0	NaN	NaN	NaN	NaN	0	14	0	0	0	0	0	0	16365	0	0	0	18000	18000	18000	18000	100	NaN	0.3568461681261805	0.25043920626819033	0.16521424409563906	0.03124331853546233	24.26397885406584	0.07637078832519026	3.9725831559962096e-8	NaN	0.007450437189266308	0.44902860687672624	0.03002503910281159	-0.000004907216602732387	NaN	411.1434793633898	26.493515945486283	94891.05457291666	11.380000114440918	21.119090970887072	103.11457406573825	103.0116445089976	103.21744269667731	-0.2058249769252208	0.00029453378972539205	-1	0	2.0648942090533398	63.012993428177296	1.0000893419517412	-273.1499938964844	9.000849154472352	-273.1499938964844	114
DATA	2026-08-02T193000_AIU-0547.ghg	2026-08-02	20:00:00	214.833	0	18000	18000	0.12004476902307733	1	NaN	-4.85253316534487	0	NaN	34.134172324799806	1	NaN	21.47122698407301	0	NaN	0.7756264891497607	1	NaN	0.003989295300496509	0	NaN	NaN	NaN	NaN	NaN	NaN	NaN	NaN	NaN	NaN	1.572938040630353e-11	1.0000127495811066e-12	8.417994339282795e-14	NaN	15.76366569708746	417.12829191362147	428.491629548335	0.1	0	1002.1924748481797	26.519392331400752	27.241829084723502	0.1	1	0.08436343020304211	2.095745613887171	2.152837557705744	0	1	NaN	NaN	NaN	NaN	9	300.20575986395943	297.5932211676703	94489.9103828125	1.095072808618561	1020.3882499020139	0.026184700893081395	0.050260596496904494	0.018250330983388297	2506.4871631495075	3055.2172030184656	0.01666586079003383	82.0395735096402	548.7300398689581	294.2891681504089	-0.5297753365447443	0.2146195830008201	0.20391860009413396	0.6068824170157483	-6.503039138390698e-15	9.978250432708514e-16	0.6068824170157483	4.293527878332753	174.0535750357546	157.9464249642454	19.633971147877734	NaN	0.33109309420803146	0.25550154798208097	628.492695555685	0.004614214326605579	-0.14216056329625182	-0.013116257843873892	0	76.05329268712816	-11.541380580752753	26.106634298460715	65.0092107087043	99.14314816550058	139.0496749856912	208.3217512968333	0.11872557844969342	1.011111258337165	-2.810357005449388	1.0137432759616665	31.26925560853512	1.0916208800148954	19.66912448924578	1.0916208800148954	0.7105273482302548	1.0916208800148954	0.002951145649759522	1.1675686114859742	NaN	NaN	800000009	800000009	800000009	800000009	800000019	811100019	899999999	899999999	89999	89999	89	89	20	26	10	2	0	0	1	NaN	0	0	0	0	0	0	0	0	0	NaN	NaN	NaN	NaN	0	0	0	0	0	0	0	0	16000	0	0	0	18000	18000	18000	18000	100	NaN	0.20601569847134765	0.18964413016635479	0.11534326732645953	0.040351927039354356	55.66502041843063	0.0564143178131971	2.4058512522312227e-8	NaN	-0.002515087209007446	0.5290643707192287	0.019111918508410264	0.000002951145649759522	NaN	417.12681071189627	26.519321529711217	94888.31649153646	11.370508786095513	21.134589864942757	103.12452093336317	103.01993079842461	103.2291115705702	-0.20917836203012175	0.00029383679029059654	-1	0	2.07325146881077	63.1571639058855	1.0000746258265443	-273.1499938964844	9.000764238039652	-273.1499938964844	232
DATA	2026-08-02T200000_AIU-0547.ghg	2026-08-02	20:30:00	214.854	0	18000	18000	0.08205625112708309	1	NaN	1.1929737155457736	2	NaN	15.5678796771523	0	NaN	3.3511532680343525	1	NaN	0.353692878987995	0	NaN	0.01165690196344872	1	NaN	NaN	NaN	NaN	NaN	NaN	NaN	NaN	NaN	NaN	-1.4380862501887675e-10	-9.087035356986153e-12	-7.690789672643093e-13	NaN	15.793876580862667	417.324945889699	428.6279027203306	0.1	1	997.9896191576536	26.370091071757667	27.084306706216	0.1	1	0.08446460209403577	2.096557583037273	2.1533413916434974	0	1	NaN	NaN	NaN	NaN	9	300.05969169871014	297.43564482102965	94520.20019368471	1.096066685448265	1020.2994941119349	0.026162449359764094	0.022919298558422074	0.01816301840552049	2493.174875654433	3026.526651384513	0.01657108882758557	82.37743006538227	533.3517757300801	294.20244937850896	-0.4328622535844275	0.14864613494469048	0.2617668543607918	0.5272450000276355	-3.1674483520178e-14	-9.105340559209427e-15	0.5272450000276355	3.041534219835739	170.95261802087077	161.04738197912923	29.767422786721745	NaN	0.2736133900187744	0.21390597913999154	-1443.0650851508408	-0.0020096113680810653	0.07663045580295712	0.0038987813424346453	0	69.57138218701756	-10.557725654990211	23.88160417809644	59.46857110444465	90.69332317565178	127.19867529216627	190.56679422104438	0.08037735155076779	1.0208877195369503	2.1007252209751015	1.0200512117328302	14.289818973864058	1.0894385510149431	3.076036977865663	1.0894385510149431	0.32465610718336296	1.0894385510149431	0.009303307255000826	1.154514221996941	NaN	NaN	800000009	800000009	800000009	800000019	800000019	800100019	899999999	899999999	89999	89999	89	89	14	26	1	10	1	0	6	NaN	0	0	0	0	0	0	0	0	0	NaN	NaN	NaN	NaN	0	2	0	0	0	0	0	0	16000	0	0	0	18000	18000	18000	18000	100	NaN	0.09940044932901766	0.22999109833580608	0.09842041061515933	0.06188252888191775	69.02444420001964	0.050451374782271845	4.9466508303016406e-8	NaN	0.0018784714572801584	0.08265691675831686	0.00872391099965066	0.000009303307255000826	NaN	417.3234071831709	26.37002565331032	94920.71103884549	11.372826061354743	21.048268275049008	103.13338675350613	103.02717559983995	103.23959333250258	-0.21242261817554625	0.00029364936337191876	-1	0	2.074117937803931	63.15533493391672	1.0000778513318962	-273.1499938964844	9.000738405783972	-273.1499938964844	044
DATA	2026-08-02T203000_AIU-0547.ghg	2026-08-02	21:00:00	214.874	0	18000	18000	0.05420522090311463	1	NaN	-4.67149904122004	2	NaN	1.3955430030183167	2	NaN	2.439839327461463	0	NaN	0.03169186914473707	2	NaN	-0.008882031899556532	2	NaN	NaN	NaN	NaN	NaN	NaN	NaN	NaN	NaN	NaN	-1.0127200675146714e-10	-6.331089417735623e-12	-5.298490320943474e-13	NaN	16.126097181991717	425.3968775465642	437.01895055130296	0.1	1	1008.1340983875085	26.593979483217975	27.32054140069856	0.1	1	0.08437076796855228	2.0900086713874377	2.147108839821897	0	1	NaN	NaN	NaN	NaN	9	299.6041919809977	296.97938846441866	94544.70857688067	1.097941342160384	1020.4202980118895	0.026115545469003125	0.0020536331205789618	0.018350124797022922	2514.9944798748893	2944.775934719412	0.01671321052627089	85.40529179903551	429.7814548445226	294.3443754322811	-0.27951020330200943	0.2937629863232957	0.24308859148027126	0.47277342267871775	-2.3877782020824637e-14	-6.28000722112473e-15	0.47277342267871775	3.243083302986482	198.42420076856698	133.57579923143305	30.94237154265485	NaN	0.2221933158560773	0.139838581253064	197.39499239133016	0.014691355463824681	-3.3474418424343786	-0.01876579840750203	0	74.39238189536661	-11.289330960268092	25.5364973706453	63.58948914485066	96.97798320157568	136.01300033802326	203.77225932005612	0.05351810789230684	1.012838888328983	-4.559518367505395	1.0151382171710714	1.2723278456434917	1.0968423019245543	2.2244212528824274	1.0968423019245543	0.02889373348304447	1.0968423019245543	-0.006645423724940051	1.1773745462023268	NaN	NaN	800000009	800000009	800000009	800000019	810000019	810100019	899999999	899999999	89999	89999	89	89	10	25	2	2	14	0	6	NaN	0	0	0	0	0	0	0	0	0	NaN	NaN	NaN	NaN	0	31	0	0	0	0	0	0	16900	0	0	0	18000	18000	18000	18000	100	NaN	0.05902183466256548	0.16576094869505756	0.054894379148504965	0.04228860826905263	80.40368789184699	0.006254143263136574	3.1547108301733073e-7	NaN	-0.004069684501002338	0.059679515920853736	0.0007751967057407894	-0.000006645423724940051	NaN	425.3926236868844	26.593954654301314	94945.58977756076	11.380000114440918	21.190631033685477	103.13716380903456	103.02873015764024	103.24563058429294	-0.21688717968265184	0.00029314021804667496	-1	0	2.0675757763981806	61.915724561143676	1.0000778733558124	-273.1499938964844	9.000655571116342	-273.1499938964844	210
DATA	2026-08-02T210000_AIU-0547.ghg	2026-08-02	21:30:00	214.895	0	18000	18000	0.03148360091592609	1	NaN	1.602348514552045	2	NaN	6.905366535620306	0	NaN	-7.265919931851642	1	NaN	0.1567664404440475	0	NaN	0.008919027896637888	1	NaN	NaN	NaN	NaN	NaN	NaN	NaN	NaN	NaN	NaN	-9.133071821137363e-11	-5.377866533755513e-12	-4.4582492085897076e-13	NaN	17.14874430784481	451.8040066929737	464.15220638613636	0.1	1	1009.7769941505193	26.603772476500833	27.3308769073266	0.1	1	0.08371047248507836	2.0705473920897357	2.127137267993726	0	1	NaN	NaN	NaN	NaN	9	299.26489840189623	296.6510651998936	94548.71499285848	1.0991989721433557	1020.4201729329187	0.026085568230707373	0.010158465340774277	0.01837797758517582	2516.027218296894	2887.1468477148246	0.016719427556723548	87.14580002358828	371.1196294179308	294.35106613795944	-0.28393679341417993	-0.037256997907916985	0.2391476716279356	0.37309488792062045	1.3182189551007734e-14	-5.325796254924261e-15	0.37309488792062045	2.5338661553697674	144.52459515846562	187.47540484153436	39.865196677416286	NaN	0.16924039977190514	0.1040600735269712	-254.31151930067915	-0.011403337166851865	0.2320439481795164	0.00844107171928304	1	1.7870527517391652	1	1	3	5	9	28	0.03064389879662344	1.0274019348802697	1.983334589049604	1.024311484424111	6.311223963163243	1.094140625641698	-6.640755092692298	1.094140625641698	0.14327814612688036	1.094140625641698	0.007198956032819394	1.1605981736007294	NaN	NaN	800000009	800000009	800000009	800000019	810100019	810100019	899999999	899999999	89999	89999	89	89	18	3	4	13	0	0	0	NaN	0	0	0	0	0	0	0	0	0	NaN	NaN	NaN	NaN	0	81	0	0	0	0	0	0	17800	0	0	0	18000	18000	18000	18000	100	NaN	0.033305965576103505	0.12775800850431818	0.047056172973520737	0.12077953940645818	1152.4513999525989	0.00979261496668483	4.516558135815841e-7	NaN	0.0017682376629215698	-0.17796364435809467	0.003839668936092887	0.000007198956032819394	NaN	451.8053942653417	26.603744714324613	94948.13877473958	11.380000114440918	21.196996248669084	103.14121162584092	103.03035318459405	103.25208085886638	-0.2217242995641296	0.00029272765431475516	-1	0	2.0481220916929077	59.75824799525844	1.0000818675971694	-273.1499938964844	9.000729655424754	-273.1499938964844	151
DATA	2026-08-02T213000_AIU-0547.ghg	2026-08-02	22:00:00	214.916	0	18000	18000	0.04497923939609651	1	NaN	-13.007551751174335	1	NaN	-16.291293190831723	1	NaN	109.63091367370244	1	NaN	-0.36969413417024577	1	NaN	-0.03219695329295796	1	NaN	NaN	NaN	NaN	NaN	NaN	NaN	NaN	NaN	NaN	-3.898382990371792e-11	-2.2578112433600015e-12	-1.9139715885956136e-13	NaN	17.43021964258767	458.25497097978695	470.74891750170957	0.1	1	1009.499220073181	26.5405740882606	27.264181106883598	0.1	1	0.08557636656349235	2.112462828466746	2.1700573976036237	0	1	NaN	NaN	NaN	NaN	9	298.8129044748942	296.22501107701436	94580.57777251069	1.10117746964986	1020.376504790427	0.026039328582005136	-0.023956179894231926	0.01836687730863469	2510.896172383519	2813.832968431222	0.01667930720964967	89.23401639520212	302.93679604770296	294.31780037148343	-0.030476032969015403	0.09547490328671336	0.26635863380913327	0.284589471955324	4.608010262046952e-14	-2.236565614380888e-15	0.284589471955324	1.5458991545620688	224.2966752405734	107.70332475942661	69.38052204023916	NaN	0.20210515689652375	0.11395429522742084	53.36344869584358	0.05434431377419349	0.7984358024134398	-0.057279655899134564	0	69.36395093163365	-10.526247161710797	23.810399740588963	59.29126198721419	90.42291558434228	126.81942480051873	189.99860787606852	0.044226279806166446	1.0170251622616713	-13.807698692648563	1.0192444414179398	-14.598610505783217	1.1159482050965024	98.24014517252799	1.1159482050965024	-0.3312825205344331	1.1159482050965024	-0.02322862312744751	1.2121148097377588	NaN	NaN	800000009	800000009	800000009	800000019	800000019	801000019	899999999	899999999	89999	89999	89	89	4	0	0	9	0	0	26	NaN	0	0	0	0	0	0	0	0	0	NaN	NaN	NaN	NaN	0	3	0	0	0	0	0	0	18000	0	0	0	18000	18000	18000	18000	100	NaN	0.019542206620395824	0.15426513475798112	0.054101249076464734	0.026465023957930885	544.786676757709	0.019304584894976176	6.857133550481385e-7	NaN	-0.012288631873689693	2.6278713425685583	-0.008861630247771288	-0.00002322862312744751	NaN	458.2564070501459	26.540537145205487	94981.86536458334	11.380000114440918	21.163941362910798	103.12763478957282	103.01002642567951	103.24517601860893	-0.2351184890601375	0.0002923235419956553	-1	0	2.089454975471451	59.836051472107414	1.0000866350862716	-273.1499938964844	9.000864090866513	-273.1499938964844	197
DATA	2026-08-02T220000_AIU-0547.ghg	2026-08-02	22:30:00	214.937	0	18000	18000	0.026187284197178924	1	NaN	-3.048900045920091	1	NaN	5.61920479874996	1	NaN	100.08027562039514	0	NaN	0.12753389751848307	1	NaN	-0.030796254709219227	0	NaN	NaN	NaN	NaN	NaN	NaN	NaN	NaN	NaN	NaN	2.876158460702807e-10	1.667952621188646e-11	1.4048192480276915e-12	NaN	17.483364756824948	459.65255200149454	472.2407640229397	0.3	0	1013.9018580435791	26.656343502005814	27.386363823351992	0.1	1	0.08539504226298797	2.1094852351688993	2.167256365299224	0.5	0	NaN	NaN	NaN	NaN	9	298.92479266611736	296.3765132411964	94609.6127341099	1.1009037583285686	1020.446037270954	0.02604465085394992	0.008264196559197702	0.018443223555960876	2522.6228210397144	2839.714440442924	0.016752802791737253	88.83367936975552	317.09161940320973	294.39373981695144	-0.0361847224734391	0.06469649497878688	0.24003340148330302	0.2512190367600794	-2.749335293293237e-15	1.6450829120750608e-14	0.2512190367600794	1.509016966504491	212.7817332621088	119.21826673789121	72.83805794431595	NaN	0.15423060192395827	0.0952167583138428	101.20018494985172	0.02865607411129785	-0.5425856780657549	-0.01759678125825002	1	0.8366050194525637	1	1	1	3	5	23	0.02568539352571073	1.019539925326268	-2.691592855926463	1.0189402177600446	5.0865320294228455	1.1047221891547894	90.59316143270865	1.1047221891547894	0.11544431601944904	1.1047221891547894	-0.026710500119788767	1.190455478987646	NaN	NaN	800000009	800000009	800000009	800000019	800001019	800001019	899999999	899999999	89999	89999	89	89	6	12	0	25	5	0	13	NaN	0	0	0	0	0	0	0	0	0	NaN	NaN	NaN	NaN	0	23	0	0	0	0	0	0	17835	0	0	0	18000	18000	18000	18000	100	NaN	0.02307277109718681	0.07830294176681676	0.08905780376368204	0.03640674116161446	349.46832761895035	0.005907851302452242	3.476478846149388e-7	NaN	-0.002395907069953873	2.424102295765262	0.0030890723656185094	-0.000026710500119788766	NaN	459.65175716626743	26.656318821173986	95014.80000412326	11.370508230527243	21.240631040043304	103.12188970608182	103.00520192994011	103.23864233610365	-0.23346232037163445	0.000292248022561479	-1	0	2.0867083516809672	61.042643003702096	1.0000858903394805	-273.1499938964844	9.000833100848729	-273.1499938964844	076
DATA	2026-08-02T223000_AIU-0547.ghg	2026-08-02	23:00:00	214.958	0	18000	18000	0.08413872214457115	1	NaN	15.803167612116122	1	NaN	-8.925218493906897	2	NaN	-45.754593466548826	1	NaN	-0.20257149652789716	2	NaN	0.0025661564751479913	2	NaN	NaN	NaN	NaN	NaN	NaN	NaN	NaN	NaN	NaN	-2.891215397113783e-11	-1.6592497372480248e-12	-1.39933623480309e-13	NaN	17.651997582393747	464.17704058557007	476.88057586620863	0.1	1	1013.0366758467055	26.63881886479392	27.36786650329095	0.1	1	0.08543493458964867	2.110632676406689	2.168396189732071	0	1	NaN	NaN	NaN	NaN	9	298.98036108737523	296.39720021530053	94620.2798682639	1.100958407909237	1020.4363249347123	0.026043532380382747	-0.013126632975007735	0.018431890004673854	2521.24861323648	2843.264525317607	0.016741676953697764	88.67443007100593	322.01591208112677	294.38485672970046	0.2513403700976024	0.14102983053096332	0.27185822165338036	0.3961922354374995	2.4048050365173044e-15	-1.6378970049245338e-15	0.3961922354374995	1.838350727792076	302.70274046800256	29.297259531997433	43.32828612989735	NaN	0.2764473936183219	0.15825650887748854	-112.4449404551314	-0.025790400068353266	-1.770619691036661	0.05088324783607731	0	75.7175851444355	-11.490435665981154	25.991396762534865	64.72225295042301	98.70551947817502	138.4358945292198	207.40219632759624	0.08199611039360377	1.0261306510843289	15.049616790054742	1.0234758060427511	-8.164460712523683	1.0931791833128996	-41.85461465510959	1.0931791833128996	-0.18530493410421564	1.0931791833128996	-0.001938863825141616	1.159383853650822	NaN	NaN	800000009	800000009	800000009	800000019	800000019	800101019	899999999	899999999	89999	89999	89	89	5	1	1	5	3	0	14	NaN	0	0	0	0	0	0	0	0	0	NaN	NaN	NaN	NaN	0	51	0	0	0	0	0	0	17565	0	0	0	18000	18000	18000	18000	100	NaN	0.1170405868634674	0.11816688486647298	0.08130554602503672	0.015612395620605863	710.7101117334417	0.009251379639111563	3.496081924034053e-7	NaN	0.013395798897186372	-1.1198823575209496	-0.004958108638077242	-0.000001938863825141616	NaN	464.1757797816848	26.63879134216681	95024.53286089409	11.372826061354743	21.231492754830256	103.12549462890625	103.01060616026984	103.24037605285645	-0.22979303585820735	0.0002921373288069541	-1	0	2.0883588348763964	59.435992486545985	1.0000777152909173	-273.1499938964844	9.0007961057557	-273.1499938964844	188
DATA	2026-08-02T230000_AIU-0547.ghg	2026-08-02	23:30:00	214.979	0	18000	18000	0.07854125778249009	1	NaN	4.295586391670061	2	NaN	11.515885831680512	1	NaN	59.74655393396782	1	NaN	0.26139921325485793	1	NaN	-0.03423047863321795	1	NaN	NaN	NaN	NaN	NaN	NaN	NaN	NaN	NaN	NaN	-1.2789801621788344e-10	-7.66301755143525e-12	-6.566063708092575e-13	NaN	16.736256519196758	440.2675931974319	452.19591554050135	0.1	1	1002.7538443867958	26.37866007438772	27.09334624526937	0.1	1	0.08592105631475773	2.1235611672517334	2.181095545229093	0	1	NaN	NaN	NaN	NaN	9	299.0767346564399	296.5099006478373	94595.97993281164	1.100366646959736	1020.288091446482	0.026060127668607658	0.016938669018914793	0.018240258402783528	2495.984540938303	2862.673159466253	0.01657652788112085	87.19069212231273	366.68861852795	294.2207857746937	-0.18471036978170566	0.19717882167717984	0.23533657998930382	0.35830254576817444	-2.3327735631387366e-14	-7.641972747680005e-15	0.35830254576817444	2.3103626619492346	198.87000838575338	133.12999161424662	41.057012235916545	NaN	0.26716540245066356	0.20385101891167987	-373.3061779378354	-0.007768422199760435	0.37301397864268393	0.014321285583405938	0	62.79947176204807	-9.530062121803462	21.55702646791225	53.68004392616218	81.86545399465209	114.81746324526706	172.01748242256005	0.07638014422602497	1.0282941800956793	4.9022338190253745	1.0248990557364535	10.518482519409456	1.094823878865661	54.57184035469776	1.094823878865661	0.23875914501032963	1.094823878865661	-0.03312169892578803	1.1614556122123587	NaN	NaN	800000009	800000009	800000009	800000019	800000019	800101019	899999999	899999999	89999	89999	89	89	14	17	7	2	20	0	19	NaN	0	0	0	0	0	0	0	0	0	NaN	NaN	NaN	NaN	0	70	0	0	0	0	0	0	17900	0	0	0	18000	18000	18000	18000	100	NaN	0.08772881434682335	0.19875790275140892	0.12121532072512749	0.02059524621805502	353.0156215436032	0.008629006091116729	9.305045931425359e-7	NaN	0.004366503231647487	1.4606905210310772	0.006390717587299598	-0.00003312169892578803	NaN	440.26451274711434	26.378633516100663	94999.73201519097	11.380000114440918	21.06744547229343	103.12847272237141	103.01496388965182	103.24193675274319	-0.22691832102379844	0.0002923470296340788	-1	0	2.1002108631578857	58.116920534594946	1.0000848170982466	-273.1499938964844	9.00085607043902	-273.1499938964844	172
