DATAH	filename	date	time	DOY	daytime	file_records	used_records	Tau	qc_Tau	rand_err_Tau	H	qc_H	rand_err_H	LE	qc_LE	rand_err_LE	co2_flux	qc_co2_flux	rand_err_co2_flux	h2o_flux	qc_h2o_flux	rand_err_h2o_flux	ch4_flux	qc_ch4_flux	rand_err_ch4_flux	none_flux	qc_none_flux	rand_err_none_flux	H_strg	LE_strg	co2_strg	h2o_strg	ch4_strg	none_strg	co2_v-adv	h2o_v-adv	ch4_v-adv	none_v-adv	co2_molar_density	co2_mole_fraction	co2_mixing_ratio	co2_time_lag	co2_def_timelag	h2o_molar_density	h2o_mole_fraction	h2o_mixing_ratio	h2o_time_lag	h2o_def_timelag	ch4_molar_density	ch4_mole_fraction	ch4_mixing_ratio	ch4_time_lag	ch4_def_timelag	none_molar_density	none_mole_fraction	none_mixing_ratio	none_time_lag	none_def_timelag	sonic_temperature	air_temperature	air_pressure	air_density	air_heat_capacity	air_molar_volume	ET	water_vapor_density	e	es	specific_humidity	RH	VPD	Tdew	u_unrot	v_unrot	w_unrot	u_rot	v_rot	w_rot	wind_speed	max_wind_speed	wind_dir	yaw	pitch	roll	u*	TKE	L	(z-d)/L	bowen_ratio	T*	model	x_peak	x_offset	x_10%	x_30%	x_50%	x_70%	x_90%	un_Tau	Tau_scf	un_H	H_scf	un_LE	LE_scf	un_co2_flux	co2_scf	un_h2o_flux	h2o_scf	un_ch4_flux	ch4_scf	un_none_flux	un_none_scf	spikes_hf	amplitude_resolution_hf	drop_out_hf	absolute_limits_hf	skewness_kurtosis_hf	skewness_kurtosis_sf	discontinuities_hf	discontinuities_sf	timelag_hf	timelag_sf	attack_angle_hf	non_steady_wind_hf	u_spikes	v_spikes	w_spikes	ts_spikes	co2_spikes	h2o_spikes	ch4_spikes	none_spikes	head_detect_LI-7200	t_out_LI-7200	t_in_LI-7200	aux_in_LI-7200	delta_p_LI-7200	chopper_LI-7200	detector_LI-7200	pll_LI-7200	sync_LI-7200	chopper_LI-7500	detector_LI-7500	pll_LI-7500	sync_LI-7500	not_ready_LI-7700	no_signal_LI-7700	re_unlocked_LI-7700	bad_temp_LI-7700	laser_temp_unregulated_LI-7700	block_temp_unregulated_LI-7700	motor_spinning_LI-7700	pump_on_LI-7700	top_heater_on_LI-7700	bottom_heater_on_LI-7700	calibrating_LI-7700	motor_failure_LI-7700	bad_aux_tc1_LI-7700	bad_aux_tc2_LI-7700	bad_aux_tc3_LI-7700	box_connected_LI-7700	mean_value_RSSI_LI-7200	mean_value_LI-7500	u_var	v_var	w_var	ts_var	co2_var	h2o_var	ch4_var	none_var	w/ts_cov	w/co2_cov	w/h2o_cov	w/ch4_cov	w/none_cov	co2_mean	h2o_mean	air_p_mean	vin_sf_mean	dew_point_mean	avg_signal_strength_7200_mean	co2_signal_strength_7200_mean	h2o_signal_strength_7200_mean	delta_signal_strength_7200_mean	flowrate_mean	hit_power_mean	hit_vin_mean	ch4_mean	rssi_77_mean	ch4_aux-1_mean	ch4_aux-2_mean	ch4_aux-3_mean	ch4_aux-4_mean	CHK
DATAU		[yyyy-mm-dd]	[HH:MM]	[ddd.ddd]	[1=daytime]	[#]	[#]	[kg+1m-1s-2]	[#]	[kg+1m-1s-2]	[W+1m-2]	[#]	[W+1m-2]	[W+1m-2]	[#]	[W+1m-2]	[µmol+1s-1m-2]	[#]	[µmol+1s-1m-2]	[mmol+1s-1m-2]	[#]	[mmol+1s-1m-2]	[µmol+1s-1m-2]	[#]	[µmol+1s-1m-2]	[µmol+1s-1m-2]	[#]	[µmol+1s-1m-2]	[W+1m-2]	[W+1m-2]	[µmol+1s-1m-2]	[mmol+1s-1m-2]	[µmol+1s-1m-2]	[µmol+1s-1m-2]	[µmol+1s-1m-2]	[mmol+1s-1m-2]	[µmol+1s-1m-2]	[µmol+1s-1m-2]	[mmol+1m-3]	[µmol+1mol_a-1]	[µmol+1mol_d-1]	[s]	[1=default]	[mmol+1m-3]	[mmol+1mol_a-1]	[mmol+1mol_d-1]	[s]	[1=default]	[mmol+1m-3]	[µmol+1mol_a-1]	[µmol+1mol_d-1]	[s]	[1=default]	[mmol+1m-3]	[µmol+1mol_a-1]	[µmol+1mol_d-1]	[s]	[1=default]	[K]	[K]	[Pa]	[kg+1m-3]	[J+1kg-1K-1]	[m+3mol-1]	[mm]	[kg+1m-3]	[Pa]	[Pa]	[kg+1kg-1]	[%]	[Pa]	[K]	[m+1s-1]	[m+1s-1]	[m+1s-1]	[m+1s-1]	[m+1s-1]	[m+1s-1]	[m+1s-1]	[m+1s-1]	[deg_from_north]	[deg]	[deg]	[deg]	[m+1s-1]	[m+2s-2]	[m]	[#]	[#]	[K]	[0=KJ/1=KM/2=HS]	[m]	[m]	[m]	[m]	[m]	[m]	[m]	[kg+1m-1s-2]	[#]	[W+1m-2]	[#]	[W+1m-2]	[#]	[µmol+1s-1m-2]	[#]	[mmol+1s-1m-2]	[#]	[µmol+1s-1m-2]	[#]	[µmol+1s-1m-2]	[#]	8u/v/w/ts/co2/h2o/ch4/none	8u/v/w/ts/co2/h2o/ch4/none	8u/v/w/ts/co2/h2o/ch4/none	8u/v/w/ts/co2/h2o/ch4/none	8u/v/w/ts/co2/h2o/ch4/none	8u/v/w/ts/co2/h2o/ch4/none	8u/v/w/ts/co2/h2o/ch4/none	8u/v/w/ts/co2/h2o/ch4/none	8co2/h2o/ch4/none	8co2/h2o/ch4/none	8aa	8U	[#]	[#]	[#]	[#]	[#]	[#]	[#]	[#]	[#_flagged_recs]	[#_flagged_recs]	[#_flagged_recs]	[#_flagged_recs]	[#_flagged_recs]	[#_flagged_recs]	[#_flagged_recs]	[#_flagged_recs]	[#_flagged_recs]	[#_flagged_recs]	[#_flagged_recs]	[#_flagged_recs]	[#_flagged_recs]	[#_flagged_recs]	[#_flagged_recs]	[#_flagged_recs]	[#_flagged_recs]	[#_flagged_recs]	[#_flagged_recs]	[#_flagged_recs]	[#_flagged_recs]	[#_flagged_recs]	[#_flagged_recs]	[#_flagged_recs]	[#_flagged_recs]	[#_flagged_recs]	[#_flagged_recs]	[#_flagged_recs]	[#_flagged_recs]	[#]	[#]	[m+2s-2]	[m+2s-2]	[m+2s-2]	[K+2]	--	--	--	--	[m+1s-1K+1]	--	--	--	--	--	--	--	--	--	--	--	--	--	--	--	--	--	--	--	--	--	--	207
DATA	2026-06-21T233000_AIU-0547.ghg	2026-06-22	00:00:00	173	0	18000	18000	0.008350070082689579	1	NaN	21.421043189587166	0	NaN	13.40058953581868	1	NaN	-0.5746284393600327	2	NaN	0.3032593572336245	1	NaN	-0.004017444091058222	1	NaN	NaN	NaN	NaN	NaN	NaN	NaN	NaN	NaN	NaN	-5.61079053515863e-11	-2.6018000301625458e-12	-2.786586636268904e-13	NaN	16.857932230298434	436.0547153373832	445.0539062038793	0.2	0	781.7252900535979	20.220451367914915	20.637756111714733	0.1	1	0.08372454536256954	2.0336887834218635	2.075659556541254	-0.2	0	NaN	NaN	NaN	NaN	9	295.03258756340875	293.37788008352516	95153.31288520215	1.1212972890706991	1016.7043477065179	0.025633828408656002	0.01965120634873887	0.014214518958467082	1924.5590398410527	2364.311754682997	0.012676851265954359	81.40039214494766	439.75271484194445	290.0551779252463	0.688101442416482	-0.14235730164537075	0.2969364916290913	0.7628371231451694	6.932305109068286e-15	-3.328279209163307e-15	0.7628371231451694	1.7590684755350123	343.688689341791	348.311310658209	22.908014873486277	NaN	0.08629480946792727	0.06603218693879638	-2.5303122694586166	-1.1461035995452378	1.5985149856527185	0.21774113868762612	1	12.089239362024978	5	9	16	23	37	84	0.0082202986227502	1.015786708718857	21.978760796426403	1.0167918141038692	12.332756352879446	1.0865851195292542	-0.5288388631798873	1.0865851195292542	0.27909397228355826	1.0865851195292542	-0.010845676339679151	1.1502278638926788	NaN	NaN	800000009	800000019	800000009	800000019	800000019	800010019	899999999	899999999	89999	89999	89	89	11	7	0	47	4	3	0	NaN	0	0	0	0	0	0	0	0	0	NaN	NaN	NaN	NaN	0	467	0	0	0	0	101	0	17010	0	0	16	18000	18000	18000	18000	93	NaN	0.04313852082522554	0.06234411921164294	0.02658173384072429	0.046759244904261144	8.075220871242315	0.13122375287330487	0.0000010706332978586123	NaN	0.01927914410494469	-0.013836010089155597	0.007301935022548257	-0.000010845676339679151	NaN	436.0545275777507	20.220317177364766	95554.67462868923	11.399999618530273	16.898517037179715	94.38151734606424	93.80588586701288	94.95714443143208	-1.1512561348312431	0.00028735294702993185	-1	0	2.013682475512971	43.071964982720985	1.0001177936328782	-273.1499938964844	9.000962427934011	-273.1499938964844	066
DATA	2026-06-22T000000_AIU-0547.ghg	2026-06-22	00:30:00	173.02	0	18000	18000	0.03324175570438094	0	NaN	29.359268877768468	0	NaN	20.94466895039092	0	NaN	-0.7503834485121343	0	NaN	0.4738133061103225	0	NaN	-0.00478864462363304	1	NaN	NaN	NaN	NaN	NaN	NaN	NaN	NaN	NaN	NaN	4.3020585989487794e-11	1.993414852062769e-12	2.2304529663298329e-13	NaN	16.82306384577496	434.6905862913358	443.62608250761525	0.1	1	779.5185620103471	20.141954156011682	20.55599200459967	0.1	1	0.08722115655684884	2.11497679608788	2.158452242198176	0	0	NaN	NaN	NaN	NaN	9	294.65650155300557	293.0048349922421	95137.7036558939	1.1225742926334192	1016.6524355522206	0.025605434065725265	0.0307031022359489	0.014175038750701988	1916.7732818079508	2310.343641144342	0.01262726114763337	82.96485629551407	393.57035933639145	289.9912765205421	0.9845659130165945	0.2805591608436807	0.3325080522674751	1.07640377397621	2.7551600598710827e-14	2.5572384664219312e-15	1.07640377397621	2.3459558962142086	316.0947153227252	15.905284677274768	17.993339538707737	NaN	0.17208159805088452	0.1980159742985863	-14.637223822724883	-0.1981250020579471	1.4017537802725928	0.14949380911787985	1	11.20640451072084	5	9	16	24	41	104	0.03283510491509552	1.0123846349916328	30.328870413721933	1.0147506068433487	19.28487735530574	1.0860670028906632	-0.6909181906041916	1.0860670028906632	0.4362652625015092	1.0860670028906632	-0.014798616597821218	1.148175132405493	NaN	NaN	800000009	800000009	800000009	800000019	800000019	800001019	899999999	899999999	89999	89999	89	89	7	0	0	32	12	0	6	NaN	0	0	0	0	0	0	0	0	0	NaN	NaN	NaN	NaN	0	10	0	0	0	0	0	0	15373	0	0	0	18000	18000	18000	18000	93	NaN	0.1764139299783365	0.1814725534688641	0.038145465149972003	0.08292145061795043	4.93819080961143	0.11735723916668427	8.457835624895904e-7	NaN	0.026574716343264918	-0.018055021131093616	0.011400450357717166	-0.000014798616597821219	NaN	434.68959267098774	20.14183307990836	95534.2754390191	11.390694181919098	16.834147533204813	94.38253562757703	93.80025789811877	94.96481353632609	-1.1645552636848564	0.0002873142949894019	-1	0	2.09752244422281	45.768681056817265	1.0001269593603082	-273.1499938964844	9.001028086344402	-273.1499938964844	034
DATA	2026-06-22T003000_AIU-0547.ghg	2026-06-22	01:00:00	173.041	0	18000	18000	0.04136652194127518	0	NaN	28.49595866712365	0	NaN	24.043526896142918	0	NaN	4.5988057458647456	1	NaN	0.543679158439552	0	NaN	0.01690624125601354	2	NaN	NaN	NaN	NaN	NaN	NaN	NaN	NaN	NaN	NaN	-4.290454000808278e-11	-1.9611045921977805e-12	-2.2271825588621263e-13	NaN	17.039968953895738	439.69405088806826	448.71216952470866	0.2	0	778.8723841369023	20.09778037933024	20.509985564794718	0.1	1	0.08845479208148856	2.140459905149937	2.1843607069065842	0.9	0	NaN	NaN	NaN	NaN	9	294.1803736300998	292.5537176859554	95127.2886832057	1.1242011413290218	1016.6186992919014	0.02556881040666561	0.03523040946688297	0.014164210335978278	1912.3601888509036	2246.5234283345603	0.012599355947311581	85.12531695556874	334.16323948365675	289.9549549406871	1.0876870164760868	0.2691904917012873	0.34701970204004395	1.1730086275203033	-3.885855795214297e-14	-2.517876653658679e-15	1.1730086275203033	2.425754084952488	318.09924709380005	13.900752906199992	17.20775216519093	NaN	0.19182380119050677	0.20336572412863374	-20.88737264543737	-0.1388398650815221	1.1851821402996827	0.12998063786514427	1	11.236230231655895	5	9	16	25	44	113	0.040887884691418075	1.0117060897982224	29.65820338646157	1.014378218923321	22.133290195809323	1.086306043224214	4.233434743873141	1.086306043224214	0.500484335727235	1.086306043224214	0.005102389127927836	1.1479732892746528	NaN	NaN	800000009	800000009	800000009	800000019	800000019	800010019	899999999	899999999	89999	89999	89	89	2	0	0	39	15	0	0	NaN	0	0	0	0	0	0	0	0	0	NaN	NaN	NaN	NaN	0	41	0	0	0	0	101	0	15471	0	0	11	18000	18000	18000	18000	93	NaN	0.17004585739031478	0.19636447604917026	0.040321114817782444	0.07680707863955927	5.6992326528970905	0.08856007670852707	3.2857618720453493e-7	NaN	0.025950320354948587	0.11046457869376927	0.013059322898257172	0.000005102389127927835	NaN	439.6934518441609	20.097685952035306	95525.16311935763	11.40056477769216	16.798429997762053	94.34326879670886	93.75053383721246	94.93600231170655	-1.1854685546822015	0.00028674029813070465	-1	0	2.1227171619026755	50.60549518717588	1.0001265894340143	-273.1499938964844	9.001029276265038	-273.1499938964844	074
DATA	2026-06-22T010000_AIU-0547.ghg	2026-06-22	01:30:00	173.062	0	18000	18000	0.005573301788723315	1	NaN	22.32008138407482	0	NaN	11.022485109486597	1	NaN	0.07972308452659119	2	NaN	0.24921195061777018	1	NaN	0.007658487399120905	0	NaN	NaN	NaN	NaN	NaN	NaN	NaN	NaN	NaN	NaN	-1.745731909385254e-11	-7.8922136946273e-13	-8.994144400160906e-14	NaN	17.11777846501791	441.44749264883666	450.43696843733323	0.1	1	773.8712049479813	19.957233571842636	20.363635399890086	0.1	1	0.08819210469639152	2.1328435834130115	2.176276032510629	0	1	NaN	NaN	NaN	NaN	9	294.0166531592475	292.42217133809606	95051.52521892531	1.123871281381887	1016.5360038286037	0.025577684596910236	0.016148934400031508	0.014060277964717892	1897.4743310656863	2228.206441551205	0.01251057678725422	85.1570256544419	330.73211048551866	289.8318931135151	0.9552953643533746	0.1071808620278558	0.2992512621557377	1.006791084705213	-2.6128137276530766e-14	-1.0198355545685158e-15	1.006791084705213	2.642211174586838	325.59838189462084	6.401618105379148	17.29147001543373	NaN	0.07042031984880408	0.15770806895362607	-1.3185563016929496	-2.1993751774395744	2.024959087027012	0.2774332066777811	1	17.432638833339308	8	14	22	33	51	110	0.005502012407797552	1.012956964768878	22.764115287649307	1.0150775181248217	10.14971578669607	1.0859895332177207	0.07341054594732285	1.0859895332177207	0.22947914597240213	1.0859895332177207	-0.0006166971234053453	1.1484215386572465	NaN	NaN	800000009	800000009	800000009	800000019	800000019	800010019	899999999	899999999	89999	89999	89	89	6	7	1	60	8	0	1	NaN	0	0	0	0	0	0	0	0	0	NaN	NaN	NaN	NaN	0	74	0	0	0	0	101	0	17010	17999	0	11	18000	18000	18000	18000	93	NaN	0.11023073709143412	0.1762524088644093	0.028932991951408773	0.05024377244786148	7.468376813742175	0.10649131231760403	2.2866103573461003e-7	NaN	0.019925601367223877	0.0019159184794447785	0.005989103210473601	-6.166971234053453e-7	NaN	441.4473718007055	19.9571228470297	95516.46883680555	11.430000305175781	16.68620137045118	94.34298953755697	93.74756485960218	94.93841314146253	-1.1908487847248692	0.00028676686636430943	-1	0	2.1153660573716513	48.08959228221518	1.0001302705572712	-273.1499938964844	9.001033299949434	-273.1499938964844	227
DATA	2026-06-22T013000_AIU-0547.ghg	2026-06-22	02:00:00	173.083	0	18000	18000	0.029037766511536556	1	NaN	26.61688982744748	0	NaN	7.5864369244775824	1	NaN	-3.025939157443859	1	NaN	0.17149594878828664	1	NaN	0.004980980981355426	0	NaN	NaN	NaN	NaN	NaN	NaN	NaN	NaN	NaN	NaN	1.5056124734427097e-10	6.834795879451347e-12	7.815964752032555e-13	NaN	17.14308560381274	441.9865224861591	451.0361929337736	0.1	0	778.2181199528928	20.064177973724654	20.47499185429989	0.1	1	0.08899351937095623	2.1505196484714215	2.1945515207563853	0.1	0	NaN	NaN	NaN	NaN	9	293.8481055035062	292.2472913217887	95093.4175952674	1.1249935857438746	1016.5937469836641	0.025551126897034294	0.011112937481480973	0.014150314964125525	1908.4830478527185	2204.058042684111	0.012578129460861747	86.58950948172671	295.5749948313926	289.9229837040946	1.0220852954454445	0.4343951625724954	0.35110946621789124	1.1647469105775619	-7.771413592211273e-15	8.782622383381502e-15	1.1647469105775619	2.424197219233704	308.9740848381738	23.02591516182623	17.544534260094405	NaN	0.1606595629773372	0.17570862539236815	-13.134287465152914	-0.22079614198289035	3.5084836389489094	0.14486158922023046	1	13.827773019475478	6	11	19	30	50	123	0.028700266311142572	1.011759479746115	26.844493391849248	1.0144068037369347	6.98387048886678	1.0862797264885387	-2.7855984822853874	1.0862797264885387	0.15787457374598812	1.0862797264885387	-0.004276104684622886	1.147985023193369	NaN	NaN	800000009	800000009	800000009	800000019	800000019	800000019	899999999	899999999	89999	89999	89	89	1	0	0	21	6	0	1	NaN	0	0	0	0	0	0	0	0	0	NaN	NaN	NaN	NaN	0	21	0	0	0	0	0	0	15422	18000	0	0	18000	18000	18000	18000	93	NaN	0.12928489383861103	0.18124478136465128	0.04088757558147402	0.06420145395625057	4.508733516294212	0.04838522714643093	2.6568049783999864e-7	NaN	0.023472412676932612	-0.07263289045638234	0.004116489398476638	-0.000004276104684622886	NaN	441.9860714774071	20.064122017903266	95495.70707356771	11.394153387811444	16.767790298355933	94.28843975109524	93.68349925274319	94.89338067287869	-1.2098813964592086	0.0002864120274963272	-1	0	2.132724453500023	43.42214651334755	1.000129186683231	-273.1499938964844	9.001086536327998	-273.1499938964844	152
DATA	2026-06-22T020000_AIU-0547.ghg	2026-06-22	02:30:00	173.104	0	18000	18000	0.01013217759774859	0	NaN	21.396585376915464	0	NaN	23.074989137089684	0	NaN	1.0292067429263891	2	NaN	0.521538039309333	0	NaN	-0.007740018254786189	0	NaN	NaN	NaN	NaN	NaN	NaN	NaN	NaN	NaN	NaN	-3.0865156300092243e-10	-1.3770107554980009e-11	-1.6200112289043335e-12	NaN	17.175718358326687	442.4915496995379	451.4027882674591	0.1	1	766.2734211635802	19.74121294669812	20.138776828556686	0.1	1	0.09014973497770487	2.176472378382976	2.220303869884749	0	1	NaN	NaN	NaN	NaN	9	293.6387002680036	292.0766769307844	95093.64370550288	1.1257919374864058	1016.4067223134462	0.025536149393148338	0.03379566494724477	0.013930708891062831	1877.7674264284994	2180.7198112293922	0.012374141639499037	86.1076886979762	302.9523848008928	289.6676653050714	0.9450711356521521	0.060248264886654246	0.28671337337804037	0.989441187407572	-1.2715985637399449e-14	-1.797022730355205e-14	0.989441187407572	2.162247766610447	328.3523313731263	3.647668626873658	16.84436830111364	NaN	0.09486856463355868	0.15013947220951815	-3.363882906308592	-0.8620989733505198	0.9272630747428422	0.19710447227007433	1	16.571881217306064	7	13	21	32	51	115	0.01000104180445655	1.0131122132929795	22.536365988340687	1.0151678871420646	21.247990200076135	1.0859845528828886	0.9477176633813295	1.0859845528828886	0.4802444361891168	1.0859845528828886	-0.015446389954609752	1.1484980292121139	NaN	NaN	800000009	800000009	800000009	800000019	800000019	800011019	899999999	899999999	89999	89999	89	89	3	8	0	69	21	0	0	NaN	0	0	0	0	0	0	0	0	0	NaN	NaN	NaN	NaN	0	131	0	0	0	0	101	0	16614	602	0	21	18000	18000	18000	18000	93	NaN	0.09185787627760403	0.1760085594561597	0.032412508685272574	0.04776851744092756	6.432407985276538	0.06034095656967293	5.254288721482134e-7	NaN	0.019695101537028713	0.02468857294566451	0.012510635026366351	-0.000015446389954609752	NaN	442.49135049217733	19.741145025088297	95504.22582486979	11.369999885559082	16.51374091063606	94.34003294711644	93.73853622690837	94.94152777968512	-1.202989962051314	0.0002859689470982024	-1	0	2.16367771342728	30.263173185242305	1.0001267439888584	-273.1499938964844	9.001025467369292	-273.1499938964844	195
DATA	2026-06-22T023000_AIU-0547.ghg	2026-06-22	03:00:00	173.124	0	18000	18000	0.03872924619677276	1	NaN	26.445933126041716	1	NaN	19.773668223312626	1	NaN	9.432033594773168	1	NaN	0.44685043705573546	1	NaN	0.012814935668591848	2	NaN	NaN	NaN	NaN	NaN	NaN	NaN	NaN	NaN	NaN	-2.3829683915268016e-10	-1.0627593361795444e-11	-1.2366539628519824e-12	NaN	17.169233388078773	442.0968201775729	450.98882770352947	0.1	1	765.7156990880313	19.71669136735674	20.11325827311978	0.1	1	0.08910063844738739	2.149502044873408	2.192735534660546	0	1	NaN	NaN	NaN	NaN	9	293.46771376970077	291.91077877036537	95089.90653218389	1.1263979994539959	1016.389675716877	0.025522648020222836	0.028955908321211657	0.013920764971010071	1875.3612501483656	2158.234509018612	0.012358655624173648	86.89330294329906	282.8732588702462	289.6475098667672	0.9091682715828494	0.17618058491423824	0.3055753838264903	0.9751937549812228	-5.253118853832799e-14	-1.387929407017895e-14	0.9751937549812228	2.3192499000609983	321.033027759531	10.966972240468985	18.261135792941282	NaN	0.18542726253952696	0.22290810449413676	-20.321923108606523	-0.1427030298511376	1.337431822329388	0.12457565896674358	1	8.79630520801434	4	7	13	20	34	90	0.03822301713605344	1.0132440895211756	27.349133947814853	1.0152449620581447	18.208053662092205	1.085984729080622	8.68523593582958	1.085984729080622	0.41147027678191406	1.085984729080622	0.0022119430508996396	1.1485660069925447	NaN	NaN	800000009	800000009	800000009	800000019	800000019	800010019	899999999	899999999	89999	89999	89	89	0	0	0	39	5	0	0	NaN	0	0	0	0	0	0	0	0	0	NaN	NaN	NaN	NaN	0	97	0	0	0	0	101	0	16117	0	0	16	18000	18000	18000	18000	93	NaN	0.17810305809395333	0.23139776858663133	0.036315382307688895	0.06112076929121492	24.332971557591637	0.06371516976939601	4.131260588263094e-7	NaN	0.023888642045435716	0.2261299501535269	0.010713094481924949	0.0000022119430508996397	NaN	442.09598588691847	19.716620905106968	95491.24075065104	11.397917970392438	16.492066100862285	94.31214197836982	93.70286738204956	94.92141689978706	-1.2185498015748135	0.00028626726201360313	-1	0	2.1334078901012736	48.69874595068225	1.0001355145225923	-273.1499938964844	9.001076430930032	-273.1499938964844	246
DATA	2026-06-22T030000_AIU-0547.ghg	2026-06-22	03:30:00	173.145	0	18000	18000	0.017828150904747847	1	NaN	33.95922745216141	0	NaN	28.297804226536183	1	NaN	0.031081462633569173	2	NaN	0.6393222480877535	1	NaN	0.011427960532219035	2	NaN	NaN	NaN	NaN	NaN	NaN	NaN	NaN	NaN	NaN	8.019097466313069e-11	3.5815434614605277e-12	4.1487564873980514e-13	NaN	17.074898719851394	439.41875816148	448.21525931145067	0.1	1	762.6106568985427	19.625617306032527	20.018492580460293	0.1	1	0.08833861557766798	2.1285672438372756	2.171177951415043	0	0	NaN	NaN	NaN	NaN	9	293.1999047376845	291.65340320926236	95073.34837369791	1.1272348077313528	1016.3330521932279	0.025504586046036757	0.04142808167608643	0.013866276020939823	1866.3736519062197	2123.7524543305885	0.012301142517810266	87.88094149581593	257.3788024243688	289.57202353416693	1.0319930009846194	0.27486946835581355	0.3230513761680887	1.1157620581286671	2.287888863546546e-14	4.696424615971521e-15	1.1157620581286671	2.38782198859378	317.0856200741471	14.91437992585292	16.830076749191107	NaN	0.12576099226318813	0.12790763588406207	-4.936508339671501	-0.58745975909624	1.200065813598224	0.23570098971171644	1	14.967377693005727	7	12	20	30	48	111	0.017615124311751724	1.0120933914076329	35.304390120825964	1.0145884453673721	26.05338266971672	1.086147030705087	0.02861625705811876	1.086147030705087	0.5886148283927352	1.086147030705087	-0.0018591251347238066	1.1480750712297991	NaN	NaN	800000009	800000009	800000009	800000009	800000019	800010019	899999999	899999999	89999	89999	89	89	3	2	1	28	17	0	0	NaN	0	0	0	0	0	0	0	0	0	NaN	NaN	NaN	NaN	0	0	0	0	0	0	0	0	15919	0	0	0	18000	18000	18000	18000	93	NaN	0.0914561754643154	0.12567914199378755	0.038679954310021164	0.08300092842561343	5.255158050948084	0.08172726998624824	2.315575956195187e-7	NaN	0.030816142461457138	0.0007444602005595963	0.015312984933970797	-0.0000018591251347238066	NaN	439.41911753700015	19.625529610704696	95474.01959635416	11.399999618530273	16.416061102390273	94.2879460097419	93.672177128262	94.90371533457439	-1.2315374445517848	0.0002862083484328145	-1	0	2.11123343222671	54.85748419910013	1.0001195554302797	-352.85024724322244	9.00089465634028	-273.1499938964844	185
DATA	2026-06-22T033000_AIU-0547.ghg	2026-06-22	04:00:00	173.166	0	18000	18000	0.01525004043237785	0	NaN	24.751905641315858	0	NaN	16.835917565404202	0	NaN	1.2652057832858525	2	NaN	0.38026820565797775	0	NaN	-0.011222254469922586	1	NaN	NaN	NaN	NaN	NaN	NaN	NaN	NaN	NaN	NaN	1.0742909777880114e-10	4.7194962999683096e-12	5.490759303874415e-13	NaN	17.182767041948754	441.7351707781432	450.4771232594384	0.1	1	754.8607142235234	19.40598540952003	19.790030451720067	0.1	1	0.08782205189523991	2.113287095795009	2.155109111774019	0.3	0	NaN	NaN	NaN	NaN	9	292.8967117004394	291.3816615701152	95081.78871843741	1.1284806418435918	1016.2031175529065	0.025478560794304654	0.024641379726636957	0.013725102681206316	1845.6507480930618	2087.8703363098207	0.012162461784708777	88.39872457573841	242.2195882167589	289.3967493441603	0.9629400053612248	0.08979297314992302	0.28376432313383637	1.0078881004534783	5.6350005839290574e-14	6.2521418998774516e-15	1.0078881004534783	2.3923142639396726	326.6726443142258	5.327355685774187	16.35234602726221	NaN	0.1162487899109186	0.15129159502983305	-5.349396993997637	-0.5421171775536541	1.4701845352449376	0.18567163574227405	1	14.81977495302252	7	12	20	30	48	111	0.015055120073266277	1.0129471142151631	25.5003818209906	1.0150719319734784	15.50283233822248	1.0859897854855192	1.1650254912114208	1.0859897854855192	0.35015817896295337	1.0859897854855192	-0.01907568025969468	1.1484169047096102	NaN	NaN	800000009	800000009	800000009	800000019	800000019	800011019	899999999	899999999	89999	89999	89	89	4	0	0	79	8	0	2	NaN	0	0	0	0	0	0	0	0	0	NaN	NaN	NaN	NaN	0	5	0	0	0	0	0	0	16665	0	0	0	18000	18000	18000	18000	93	NaN	0.1139663022903433	0.15546939388911946	0.03314749388020336	0.05401709130459661	13.373563368148744	0.050949742037300114	2.552665403709077e-7	NaN	0.022236787547713622	0.03027076438978322	0.0090981320275846	-0.00001907568025969468	NaN	441.7344269989079	19.405927153983196	95483.50792100694	11.399999618530273	16.24152343797683	94.28682940631442	93.66638806618585	94.90726909722221	-1.2408826806147897	0.00028580971376181375	-1	0	2.0965804964414363	44.09634815661138	1.000158285237021	-273.1499938964844	9.001154022375742	-273.1499938964844	100
DATA	2026-06-22T040000_AIU-0547.ghg	2026-06-22	04:30:00	173.187	0	18000	18000	0.007122039831781977	0	NaN	26.916752704879123	0	NaN	26.394196225835223	1	NaN	3.6108379702453024	1	NaN	0.5960800282766008	1	NaN	0.005887535074573044	1	NaN	NaN	NaN	NaN	NaN	NaN	NaN	NaN	NaN	NaN	-8.1723285322524e-11	-3.592741738228201e-12	-4.216951313576034e-13	NaN	17.05151801020952	438.3378354140512	446.95072312299146	0.1	1	749.6235646139046	19.270329509166473	19.648971667719707	0.1	1	0.08798645451885714	2.1158730650105206	2.157447794917404	0	0	NaN	NaN	NaN	NaN	9	292.7416532431709	291.24536485765304	95045.34892608157	1.1286343768988856	1016.1233535990217	0.02547640669202765	0.038625985832323725	0.013630310895201692	1832.0464874109741	2070.073884774866	0.012076817058021291	88.50150233213637	238.02739736389208	289.2807426988762	0.8279722428286326	0.031407108379918884	0.2582475258658979	0.8678803062446604	-5.900439915126659e-15	-4.792727854117888e-15	0.8678803062446604	1.8713272991197998	329.82766580450823	2.17233419549181	17.311183288902754	NaN	0.07943749892131571	0.08528190844863538	-1.5691760039952958	-1.8481037134242932	1.0197981584501676	0.2954591168546139	1	13.400151535248256	6	10	17	25	40	88	0.007021106683572165	1.0143756750550412	28.168702285771403	1.0159217616653522	24.301093292793688	1.0861320479627241	3.3244926130466466	1.0861320479627241	0.548809907040933	1.0861320479627241	-0.004589709092262901	1.1492347991355085	NaN	NaN	800000009	800000009	800000009	800000019	800000019	800010019	899999999	899999999	89999	89999	89	89	1	1	0	48	15	0	16	NaN	0	0	0	0	0	0	0	0	0	NaN	NaN	NaN	NaN	0	14	0	0	0	0	101	0	16761	0	0	11	18000	18000	18000	18000	93	NaN	0.06819773192618103	0.07393540864898625	0.02843067632210347	0.06488414674092133	8.980944286817769	0.0714932119006154	3.0842240032415197e-7	NaN	0.02456219260922369	0.08636077280746435	0.014256505642529645	-0.000004589709092262901	NaN	438.33739315405774	19.27025163594241	95447.6230342882	11.394025607109068	16.125266185548575	94.30449007034301	93.6849689119127	94.92401095920138	-1.239041295753586	0.0002854791118362402	-1	0	2.099025345628791	45.11293783555223	1.0001572033001316	-273.1499938964844	9.001151688920126	-273.1499938964844	237
DATA	2026-06-22T043000_AIU-0547.ghg	2026-06-22	05:00:00	173.208	0	18000	18000	0.021777989539046357	1	NaN	24.639891932123803	0	NaN	20.051971237208722	1	NaN	2.0356523248078213	1	NaN	0.4526154831481288	1	NaN	NaN	NaN	NaN	NaN	NaN	NaN	NaN	NaN	NaN	NaN	NaN	NaN	-7.543988184044165e-11	-3.3146044126984524e-12	NaN	NaN	17.07741485416819	438.65106766617686	447.2713395881749	0.1	1	750.3309025964481	19.27302547472661	19.65177462775084	0.1	1	NaN	NaN	NaN	NaN	0	NaN	NaN	NaN	NaN	9	292.4906946241591	290.71094601432696	95141.6562168046	1.131947333844838	1016.0482973408672	0.025559441908009822	0.029329483307998748	0.013587930685463163	1822.9300950005413	2000.1838465206097	0.012004030822979732	91.13812703625182	177.25375152006836	289.20258113088914	1.0043957007636883	0.37675825253920125	0.3176983980965442	1.1187894246559924	5.2888671939747916e-14	-4.417523523592833e-15	1.1187894246559924	2.7025569241641456	311.43846041341646	20.56153958658354	16.497064188688253	NaN	0.13870617062928625	0.1883046417662834	-9.132372519259992	-0.31755165417135117	1.228801479946354	0.15445516774075202	1	15.178194613822578	7	12	20	32	52	125	0.021518223878287782	1.0120718913525517	25.580615832031096	1.0145765731096035	18.46143567383673	1.0861544893621722	1.8741830418647234	1.0861544893621722	0.41671372496367476	1.0861544893621722	NaN	1	NaN	NaN	800000009	800000019	800000009	800000019	800000009	800010019	899999999	899999999	89999	89999	89	89	5	1	0	46	1	0	1	NaN	0	0	0	0	0	0	0	0	0	NaN	NaN	NaN	NaN	0	3580	0	0	0	0	101	0	15226	0	0	16	18000	18000	18000	18000	93	NaN	0.14332690872325593	0.19469913375468434	0.03858324105462654	0.07132409482652446	5.336336331772265	0.03891495914132767	NaN	NaN	0.022241825147550024	0.048838832813909085	0.010859031103233713	NaN	NaN	438.65063478003685	19.27297899199694	95439.9680188802	11.390000343322754	16.126804901070066	94.20213226445517	93.56569949976604	94.83857101694744	-1.2728726982540521	0.0002856178431118476	-1	0	2.105662076920272	27.092506980287823	1.0001604817443424	-273.1499938964844	9.001144020928276	-273.1499938964844	003
DATA	2026-06-22T050000_AIU-0547.ghg	2026-06-22	05:30:00	173.229	1	18000	18000	0.04317590862748464	0	NaN	36.911561278722665	0	NaN	14.217997629173146	0	NaN	-0.7643340165086742	1	NaN	0.32096630432176454	0	NaN	0.007463812182279092	1	NaN	NaN	NaN	NaN	NaN	NaN	NaN	NaN	NaN	NaN	8.963004845477884e-11	3.9203901776374905e-12	4.695766513246128e-13	NaN	17.16971658528505	440.80022089125447	449.4661362175016	0.1	1	750.9980125441083	19.28046326064852	19.6595076761204	0.1	1	0.08995306995040399	2.1590661722730924	2.201512350260147	0.1	0	NaN	NaN	NaN	NaN	9	292.32907767401804	290.8271939998665	95035.27969440557	1.1301330998606884	1016.1215362017676	0.025442523015557838	0.020798616520050342	0.013655640743542486	1832.8157201883394	2016.2994024062712	0.012083214574660115	90.89997834652134	183.4836822179318	289.2873222649448	1.0693914096857275	0.4214335134346141	0.330385218515422	1.195975997237781	-5.219271962159648e-14	5.220240416291694e-15	1.195975997237781	2.674689008014119	310.49123288045155	21.50876711954847	16.036362800085538	NaN	0.19545912286734532	0.19234439952306803	-17.044636829784167	-0.17014149547219903	2.5961153069111376	0.1644489931109267	1	11.026037329498049	5	9	15	24	42	106	0.042682431324712146	1.0115616024546095	37.42828898475192	1.0143015852511588	13.087484700563046	1.0863812225554283	-0.7035596719085201	1.0863812225554283	0.29544537189880277	1.0863812225554283	-0.005724928123409133	1.1479466259771909	NaN	NaN	800000009	800000019	800000009	800000019	800000019	800011019	899999999	899999999	89999	89999	89	89	4	1	0	33	31	0	7	NaN	0	0	0	0	0	0	0	0	0	NaN	NaN	NaN	NaN	0	879	0	0	0	0	101	151	14033	0	0	11	18000	18000	18000	18000	93	NaN	0.17773900028621067	0.1640078886941119	0.042941910065813486	0.08155532841963382	2.7242971954034543	0.0340629137739891	1.9951183301665444e-7	NaN	0.03259302899329391	-0.018252341135123338	0.007664694168814577	-0.0000057249281234091335	NaN	440.7989786536875	19.28042113361733	95436.18367100695	11.399306335449218	16.132262741830605	94.10810800679525	93.45704283905029	94.75917342291937	-1.302129251367515	0.00028544079178957166	-1	0	2.1660833209868913	39.40337221866227	1.0001202498972417	-337.1847465854187	9.000886294311947	-273.1499938964844	062
DATA	2026-06-22T053000_AIU-0547.ghg	2026-06-22	06:00:00	173.249	1	18000	18000	0.03584473032533413	0	NaN	31.426153353620936	0	NaN	2.77515999285638	1	NaN	-0.16640374270747785	2	NaN	0.0626472355214148	1	NaN	0.006023053421647458	0	NaN	NaN	NaN	NaN	NaN	NaN	NaN	NaN	NaN	NaN	-1.320773075871334e-10	-5.767475129843759e-12	-6.853952094916431e-13	NaN	17.148367012564993	440.1316626108754	448.756499434487	0.2	0	748.8249273793992	19.219413723211737	19.59603808653262	0.1	1	0.08898885672137634	2.1356975724799225	2.1775487834515546	0.1	0	NaN	NaN	NaN	NaN	9	292.29849478403725	290.81019165124786	95038.29817042661	1.1302613532547607	1016.0864971999173	0.02544022757070821	0.004059540861787679	0.013613629841309937	1827.070332936256	2014.1391395898588	0.012044674271227096	90.7122202743304	187.0688066536029	289.2381208931969	1.0244435617463776	0.48639225686081644	0.3448898145160337	1.185331608831337	9.896595154319152e-15	-7.702034105659004e-15	1.185331608831337	2.5901730082231795	306.6022505108924	25.39774948910758	16.915728038227808	NaN	0.17808331016409684	0.18560542296954347	-15.141389655598996	-0.19152799485136	11.324087056067365	0.15365915749741074	1	12.389726270867758	5	10	17	27	46	115	0.035432727678810186	1.0116277428669522	31.331845952467468	1.014336605406683	2.554584396036454	1.0863450027966028	-0.15317762062613707	1.0863450027966028	0.057667900492146214	1.0863450027966028	-0.004465040493443964	1.14795777879793	NaN	NaN	800000009	800000009	800000009	800000019	800000019	800010119	899999999	899999999	89999	89999	89	89	1	1	0	43	13	0	6	NaN	0	0	0	0	0	0	0	0	0	NaN	NaN	NaN	NaN	0	99	0	0	0	0	101	0	14630	0	0	16	18000	18000	18000	18000	93	NaN	0.1711832900263519	0.1573058313598585	0.042721724552876504	0.0750294408382774	2.960722324743188	0.03963750333567529	1.0629545923983739e-7	NaN	0.0272820138096728	-0.003973257694681261	0.001495841418804728	-0.000004465040493443964	NaN	440.1307987222038	19.219366481591752	95440.52061935765	11.394717527283564	16.083287920316057	94.09930987675986	93.44614730326336	94.75247463734945	-1.306325467334853	0.0002853124859134873	-1	0	2.118875003195471	43.32231474555857	1.0001328700648413	-305.36924524943174	9.000958604918585	-273.1499938964844	108
DATA	2026-06-22T060000_AIU-0547.ghg	2026-06-22	06:30:00	173.27	1	18000	18000	0.057344923725631866	1	NaN	29.74946622742233	1	NaN	20.172720627498517	1	NaN	3.7590864646894957	1	NaN	0.4554124398383707	1	NaN	-0.0006036689388079034	1	NaN	NaN	NaN	NaN	NaN	NaN	NaN	NaN	NaN	NaN	2.704431350558187e-10	1.1771036565777314e-11	1.4076262051047086e-12	NaN	17.11536820187391	439.3635489073979	447.92943656883665	-0.1	0	744.9463448181747	19.123297024312457	19.496127256665464	0.1	1	0.08908357309939127	2.1384790332852908	2.1801710926539317	0	0	NaN	NaN	NaN	NaN	9	292.33510773637556	290.8735529986917	95051.99859915003	1.1302194230592673	1016.0329899651069	0.025442102799222443	0.02951072610152642	0.013544549403086269	1818.1951827882885	2022.1999450353833	0.011983999855907635	89.9117412821646	204.00476224709473	289.1618497040005	0.8620727925992845	0.28209181374257264	0.29066974527067396	0.9524884208935022	-5.366534312613148e-15	1.5801187089051857e-14	0.9524884208935022	2.5462495910843415	313.8806071487465	18.119392851253508	17.768319405000053	NaN	0.22525067779542687	0.24457244743347742	-32.37010967209554	-0.08958882219975695	1.4747374326331193	0.11501182517359167	0	83.19848912032853	-12.625691705835173	28.559349015752613	71.11681715241085	108.45763335896392	152.11337290910254	227.89355130354244	0.05658318436812898	1.0134622921281176	30.63094791431879	1.0153735312485752	18.57536993315064	1.0859929411955966	3.4614280830877444	1.0859929411955966	0.4193511970133027	1.0859929411955966	-0.011178848895051692	1.1486832862566638	NaN	NaN	800000009	800000009	800000009	800000019	800000019	800001019	899999999	899999999	89999	89999	89	89	12	2	1	45	21	0	2	NaN	0	0	0	0	0	0	0	0	0	NaN	NaN	NaN	NaN	0	75	0	0	0	0	101	0	15072	0	0	21	18000	18000	18000	18000	93	NaN	0.26435905174118324	0.18213470036834278	0.042651142757428796	0.08913626543541235	11.896342012619591	0.0519524226509077	1.2368853992490742e-7	NaN	0.026674105276558432	0.08978342477693325	0.010877240765486204	-0.000011178848895051692	NaN	439.3635174801988	19.12323784405631	95456.55171983507	11.380000114440918	16.0071204946306	94.18895566474067	93.55018552568222	94.82772539520265	-1.2775400051607022	0.0002852378725365269	-1	0	2.1217174836436907	46.0566153584982	1.0001091887056828	-373.40112310621276	9.000818479484982	-273.1499938964844	109
DATA	2026-06-22T063000_AIU-0547.ghg	2026-06-22	07:00:00	173.291	1	18000	18000	0.057792523442649325	1	NaN	-8.129109971788653	2	NaN	8.871621307407533	1	NaN	12.495638132054609	2	NaN	0.20039253548296102	1	NaN	0.010775750485833716	2	NaN	NaN	NaN	NaN	NaN	NaN	NaN	NaN	NaN	NaN	-2.694186467280873e-10	-1.1655589462785167e-11	-1.3789021492139e-12	NaN	17.028541632773702	437.5455626495231	445.9877068018198	0.1	0	736.6887660966938	18.9290960794308	19.294320118745834	0.1	1	0.08715318312435921	2.097336173697749	2.1378028492296988	0	1	NaN	NaN	NaN	NaN	9	292.8811435521444	291.4420999192942	95093.52456466394	1.1285908607848398	1015.9331557705917	0.025480700497974806	0.012985436299295872	0.013386693086512715	1800.51730320601	2095.8046555034675	0.011861422550598539	85.91054984432594	295.2873522974576	289.0089504686836	0.41675792277207996	-0.221588579973002	0.2559673762840741	0.5369431652321303	9.215628986605601e-15	-1.582159250851847e-14	0.5369431652321303	1.6586945168097182	359.9994064104045	332.0005935895955	28.470892129601214	NaN	0.2262911473313135	0.1925237098717657	120.14608140869696	0.024137283263822525	-0.9163048883749235	-0.03133096498526064	0	82.98747757632155	-12.593669889944367	28.486915581018813	70.93644765831478	108.18255849983615	151.72757650797755	227.3155579933485	0.057119386127321266	1.0117847435164589	-7.556505385082869	1.0149869395008657	8.067102144115614	1.099728396755055	11.362476561417546	1.099728396755055	0.18222002457539058	1.099728396755055	0.011529275485692955	1.1826936133200465	NaN	NaN	800000009	800000019	800000009	800000019	800000019	800001119	899999999	899999999	89999	89999	89	89	0	7	0	19	18	0	3	NaN	0	0	0	0	0	0	0	0	0	NaN	NaN	NaN	NaN	0	1046	0	0	0	0	101	0	15562	0	0	21	18000	18000	18000	18000	93	NaN	0.12889289055689493	0.21283429698682405	0.0433202321998124	0.11421330385290857	53.85071947220619	0.1009773995741884	8.876311938764607e-7	NaN	-0.006590514699375002	0.2951115556046003	0.004732703704520837	0.000011529275485692956	NaN	437.54437414474864	18.928990681506956	95499.7115687934	11.397923288239376	15.85354727141062	94.36635642793445	93.75770562108357	94.97500672107272	-1.2172981547315895	0.00028578645391583754	-1	0	2.08127448972723	19.22688191601325	1.0001448946115044	-288.29061953227074	9.001064228375753	-273.1499938964844	165
DATA	2026-06-22T070000_AIU-0547.ghg	2026-06-22	07:30:00	173.312	1	18000	18000	0.04530064539292615	1	NaN	9.419524854907118	1	NaN	25.84335745189393	1	NaN	7.440786103748527	1	NaN	0.5838179071683189	1	NaN	NaN	NaN	NaN	NaN	NaN	NaN	NaN	NaN	NaN	NaN	NaN	NaN	-7.076316713440046e-11	-3.176670479577529e-12	NaN	NaN	16.488148377208	424.429021481847	432.6728630065918	0	0	740.1790554864565	19.053289978621073	19.42336906171572	0.1	1	NaN	NaN	NaN	NaN	0	NaN	NaN	NaN	NaN	9	293.32585828230117	291.5612763253225	95179.9526375816	1.1291927210210615	1015.9405687416148	0.0256221096793878	0.037831400384507066	0.01340015695794562	1802.998681972925	2110.1040453852343	0.011867023855616656	85.44596110869774	307.1053634123093	289.03049169355245	0.4176155274395711	-0.3004811260274723	0.2547307491140786	0.5740900542611548	-4.431862844595712e-14	-4.29175948175104e-15	0.5740900542611548	2.46191041033756	7.7356261809898115	324.2643738190102	26.34097377262923	NaN	0.20029410143934004	0.20879252091305903	-71.94901054152055	-0.040306322188078725	0.36448533718736337	0.04099439333015989	0	80.46162887899894	-12.210362605339018	27.619873459574865	68.77739018189412	104.88985961995351	147.10951951114768	220.39686709193364	0.044431598762477945	1.019559202339172	10.776159095204449	1.0191918832900007	23.740364417561302	1.0885830140322947	6.835295065083372	1.0885830140322947	0.536309954907122	1.0885830140322947	NaN	1	NaN	NaN	800000009	800000019	800000009	800000019	800000019	800001019	899999999	899999999	89999	89999	89	89	0	2	1	12	8	0	3	NaN	0	0	0	0	0	0	0	0	0	NaN	NaN	NaN	NaN	0	2014	0	0	0	0	101	0	15018	0	0	16	18000	18000	18000	18000	93	NaN	0.10592386754249171	0.2749962049045587	0.03666496937906758	0.09939948621479679	50.9245484289348	0.07916591477160204	NaN	NaN	0.009393503933707808	0.17851632364348746	0.014006722544062723	NaN	NaN	424.4264495061241	19.053205384566493	95494.40751388887	11.40999984741211	15.955369690630178	94.43106412506104	93.83913231574164	95.02299644173516	-1.1838641159004644	0.0002859078192009797	-1	0	2.114561156987764	37.07286265159315	1.0001253973642985	-320.1464958699459	9.000979983833101	-273.1499938964844	019
DATA	2026-06-22T073000_AIU-0547.ghg	2026-06-22	08:00:00	173.333	1	18000	18000	0.09378473360832382	1	NaN	25.1346054214935	1	NaN	26.512654411749008	1	NaN	-5.172994273280179	1	NaN	0.5995632686779501	1	NaN	-0.01738424265878126	1	NaN	NaN	NaN	NaN	NaN	NaN	NaN	NaN	NaN	NaN	-8.463835528665181e-11	-3.904839531596414e-12	-4.4557989961998997e-13	NaN	16.337329687968825	421.56407752227045	429.925747594871	0.1	1	753.7321654023839	19.44910282619288	19.83487331687734	0.1	1	0.08600811886962414	2.081660853593279	2.1229503329130046	0	1	NaN	NaN	NaN	NaN	9	293.99275402069094	292.64264148064484	95064.69043006942	1.1233975766143214	1016.25131842128	0.025593423912318364	0.03885169981033116	0.013693862928760396	1849.4188933206276	2258.980041797609	0.012189685302714248	81.86964289639901	409.5611484769813	289.42874838858944	0.11031557876192619	-0.4328531471952679	0.21423173655887826	0.49540550148686885	-4.6543182289045027e-14	-5.18067253971017e-15	0.49540550148686885	1.9458350229463153	47.70215089042125	284.2978491095787	25.622326675903448	NaN	0.2889344545595373	0.2591080883199348	-80.87825538939994	-0.0358563619607957	0.9480229716401075	0.07619704580161502	0	98.9487235015757	-15.01585053798257	33.96589480197937	84.5798806099549	128.98965459998027	180.90982463763555	271.0358833934235	0.0917726684724745	1.0219244484151924	26.297899246053543	1.0207246048890808	24.320430616520706	1.0901391850249207	-4.745260370731398	1.0901391850249207	0.5499878152386972	1.0901391850249207	-0.025158457710274307	1.1554540857764612	NaN	NaN	800000009	800000009	800000009	800000019	800000019	800000019	899999999	899999999	89999	89999	89	89	0	0	1	5	5	0	2	NaN	0	0	0	0	0	0	0	0	0	NaN	NaN	NaN	NaN	0	0	0	0	0	0	101	0	16314	0	0	16	18000	18000	18000	18000	93	NaN	0.1519176213789383	0.32080391508357525	0.04549464017735601	0.12585819460210199	110.77442960055397	0.1045638481109669	0.0000010094458200431474	NaN	0.02303490642938958	-0.12385701421161903	0.01435534477062576	-0.000025158457710274306	NaN	421.56400219679733	19.448994266542396	95473.7031141493	11.382081762578753	16.273709008905644	94.43092258707682	93.84806622229681	95.01377705404494	-1.1657094535099144	0.0002866939545816017	-1	0	2.0653230662379007	47.820296644157935	1.0001404330531756	-273.1499938964844	9.001084256834455	-273.1499938964844	105
DATA	2026-06-22T080000_AIU-0547.ghg	2026-06-22	08:30:00	173.354	1	18000	18000	0.020419055482346588	1	NaN	12.185678540211809	1	NaN	17.312543718246054	1	NaN	10.598676420299984	1	NaN	0.39217923255461656	1	NaN	0.006737623900518518	2	NaN	NaN	NaN	NaN	NaN	NaN	NaN	NaN	NaN	NaN	3.048331036856256e-11	1.456203661890926e-12	1.6630661363476693e-13	NaN	16.115008442460656	418.6435161327797	427.18674676567554	0.1	0	769.8223723600453	19.99881948018869	20.406934070815034	0.1	1	0.08791802630219679	2.145596836554977	2.189381889741104	0	1	NaN	NaN	NaN	NaN	9	294.735157913208	294.4099244715311	95069.77407254171	1.11647991836366	1016.5988005281421	0.0257466070150604	0.02541321426953915	0.013997134962167033	1901.793248804079	2519.4048804761424	0.012536844355142162	75.48581268305946	617.6116316720634	289.867684751773	-0.06770556256658186	-0.46375465576453856	0.196977912312438	0.5083824563109106	-1.1878504959999886e-14	1.8916099533800777e-15	0.5083824563109106	1.334538281186438	70.30617858728692	261.6938214127131	22.796550824040924	NaN	0.13523601551877076	0.08057590605718881	-17.108318595654268	-0.16950818303890114	0.7038641310328687	0.07938836205358114	1	4.873222617623908	2	4	7	11	19	51	0.019989531995147906	1.0214874208812363	13.015704084053615	1.0204403530798023	15.885391360835527	1.0898405538140588	9.724978927613167	1.0898405538140588	0.3598501002574433	1.0898405538140588	0.0012575546784080233	1.155056141164692	NaN	NaN	800000009	800000009	800000009	800000019	800000019	800000019	899999999	899999999	89999	89999	89	89	0	0	1	16	2	2	0	NaN	0	0	0	0	0	0	0	0	0	NaN	NaN	NaN	NaN	0	36	0	0	0	0	101	0	6869	0	0	21	18000	18000	18000	18000	93	NaN	0.04553426946128479	0.10171907319121884	0.01389846946187402	0.07632279877910368	164.93814638414577	0.11298762426207914	0.000001413979733318418	NaN	0.011467457975636414	0.2554962037375547	0.009454039460106103	0.0000012575546784080234	NaN	418.6416744359334	19.99870259664189	95494.27931293403	11.387923377248974	16.7151488108635	94.41808467186823	93.8657231212192	94.97044687949287	-1.1047241719828744	0.0002889416393979144	-1	0	2.1281081379116644	38.0943656498855	1.000112452328205	-273.1499938964844	9.000984957297643	-273.1499938964844	155
DATA	2026-06-22T083000_AIU-0547.ghg	2026-06-22	09:00:00	173.374	1	18000	18000	0.06112816767668604	1	NaN	25.483473316685004	1	NaN	44.944431874397914	1	NaN	5.615206508044849	1	NaN	1.0200744678582123	1	NaN	-0.012478014256457651	0	NaN	NaN	NaN	NaN	NaN	NaN	NaN	NaN	NaN	NaN	1.464027852799437e-10	7.039776211484849e-12	8.272445577586109e-13	NaN	15.384848648364052	402.69944540747764	410.65121257940274	0.1	1	739.7802666455509	19.363798104912618	19.746158736024555	0.1	1	0.086931626962992	2.14014468573629	2.1824043224188983	0	0	NaN	NaN	NaN	NaN	9	296.6073555865817	296.38889200769063	95100.12837505761	1.1096477703180772	1016.2819600026794	0.025911397705307745	0.06610082551721215	0.01346649269165674	1841.9936484026748	2841.838291117373	0.012135826387319835	64.81697618615827	999.8446427146982	289.36563839910843	-0.6060065990512379	-0.35451923304355776	0.2033503015674283	0.7309440675174629	-2.3904780077392772e-14	9.516036759679884e-15	0.7309440675174629	2.6941669351150255	121.67198743595435	210.32801256404565	16.15294004866763	NaN	0.23470812096273355	0.19056870374672927	-42.77345720881833	-0.06779905551805912	0.5669995648827274	0.09627890510071789	0	77.26986231253645	-11.725999714964114	26.52424328272662	66.04911612667658	100.72906954199759	141.2739522659189	211.65412397900226	0.06014817569001165	1.0162929627612485	27.82722597398312	1.01710885991634	41.35486545767148	1.0867991317829462	5.166738124673355	1.0867991317829462	0.9386044191852924	1.0867991317829462	-0.022192348643530917	1.150614026871302	NaN	NaN	800000009	800000009	800000009	800000019	800001019	800101019	899999999	899999999	89999	89999	89	89	1	5	7	1	26	0	0	NaN	0	0	0	0	0	0	0	0	0	NaN	NaN	NaN	NaN	0	0	0	0	0	0	101	0	6320	0	0	16	18000	18000	18000	18000	93	NaN	0.1256871901338078	0.19974216886255408	0.05570804849709663	0.3621682775589202	10.80477823277978	0.3756006082593471	2.685241356867954e-7	NaN	0.024675760900795915	0.13652169401947434	0.02480092124456995	-0.000022192348643530916	NaN	402.6967214214196	19.36343375926109	95518.75966015625	11.40999984741211	16.207393873850474	94.37222590382892	93.84383816740247	94.9006126990848	-1.0567737198240232	0.0002910172378825438	-1	0	2.123235665334595	57.84960343187778	1.00008468833069	-350.19895546525476	9.000657464053896	-309.00299540201434	090
DATA	2026-06-22T090000_AIU-0547.ghg	2026-06-22	09:30:00	173.395	1	18000	18000	0.06546235016607435	1	NaN	37.08776609658586	1	NaN	40.066916548025155	0	NaN	0.5825792382019829	1	NaN	0.9103178847179928	0	NaN	0.006220502785656875	2	NaN	NaN	NaN	NaN	NaN	NaN	NaN	NaN	NaN	NaN	9.378303530060414e-11	4.529875432831817e-12	5.371323656618155e-13	NaN	15.238050321635283	401.0074532597402	408.92811357527944	0.1	1	736.0229872596796	19.36932202163485	19.751902991211722	0.1	1	0.08727431343098171	2.159090047672138	2.201736184843049	-0.3	0	NaN	NaN	NaN	NaN	9	297.66005078972717	297.46009688300387	95107.86001487513	1.1057393010169727	1016.3099361413574	0.026002932303371112	0.05898859892972593	0.01342291649026552	1842.6689112970219	3030.9632651114234	0.01213931392139193	60.79482824841436	1188.2943538144016	289.3713869402196	-0.7108983711303611	-0.10856722803139573	0.19274429902087314	0.7445224656672691	3.2349236016253282e-15	6.1545298329569854e-15	0.7445224656672691	2.411664548808061	143.31697260672797	188.68302739327206	15.00380077748294	NaN	0.243315302616445	0.14356567552518895	-32.746317652963825	-0.08855957578905135	0.9256456271630382	0.13563829886978712	0	76.62830978693732	-11.62864164407896	26.30401906129847	65.50072667707114	99.89274103005414	140.10098963644018	209.8968122182672	0.06442686405537532	1.0160722724267477	39.03948582434889	1.0169704365710885	36.870172316733054	1.086702720123749	0.5360980766990638	1.086702720123749	0.837688051994873	1.086702720123749	-0.008488679824353257	1.1504439346019508	NaN	NaN	800000009	800000009	800000009	800000019	800000019	800001019	899999999	899999999	89999	89999	89	89	11	13	2	5	19	1	1	NaN	0	0	0	0	0	0	0	0	0	NaN	NaN	NaN	NaN	0	0	0	0	0	0	101	0	5722	0	0	16	18000	18000	18000	18000	93	NaN	0.11626191834791859	0.10973965886273263	0.061129773839726655	0.42304035919893085	3.163134704293253	0.34232544625567285	2.2493431490133162e-7	NaN	0.03473962864248516	0.014215541251064678	0.022212706174922048	-0.000008488679824353257	NaN	401.0070757426927	19.368990562367316	95522.8072235243	11.392076673613653	16.213136461681792	94.3073356221517	93.7924015312195	94.82227355363634	-1.0298752927647692	0.0002925224889574263	-1	0	2.1418513336072373	58.74100593586337	1.0000796079817746	-273.1499938964844	9.000782787905798	-273.1499938964844	149
DATA	2026-06-22T093000_AIU-0547.ghg	2026-06-22	10:00:00	173.416	1	18000	18000	0.09065101502877804	1	NaN	12.790530748019805	1	NaN	119.56727313300519	1	NaN	10.701810751799897	1	NaN	2.717268844153437	1	NaN	0.018652425726068518	2	NaN	NaN	NaN	NaN	NaN	NaN	NaN	NaN	NaN	NaN	1.385883199364477e-10	6.9140329545004145e-12	7.860523640741976e-13	NaN	15.271283154172943	402.7317712917898	410.9893219351892	0.1	1	761.8690740596126	20.09188609698598	20.503847056597152	0.1	1	0.08661644957734378	2.146023489888503	2.190025227305042	0.8	0	NaN	NaN	NaN	NaN	9	298.26483190324575	297.7285257839627	95129.6325638021	1.104691143567065	1016.7246987952609	0.02602044070450611	0.1760790211011427	0.013914283688838496	1911.8464369631795	3080.0417298773314	0.012595632516713275	62.072095271232655	1168.1952929141519	289.9507217704952	-0.4333310321512845	-0.45854597576537015	0.20467263290423313	0.6632730071213894	7.035411921165444e-15	9.075093332846616e-15	0.6632730071213894	2.776045941803536	105.38057814488133	226.61942185511867	17.97366175226057	NaN	0.2864612611185172	0.2114883431692129	-154.99676614187564	-0.01871006777873996	0.10697350882788614	0.03975377913396155	0	89.79628548745549	-13.626932759007984	30.82415900420231	76.75651425281363	117.05852728058343	164.176248927435	245.96593772281443	0.0890900244935633	1.017521496307676	19.656279281505977	1.0178860932114064	109.95694408982379	1.0874008378709643	9.841642915001891	1.0874008378709643	2.4988658731159448	1.0874008378709643	0.005406318811262533	1.1515975552916986	NaN	NaN	800000009	800000009	800000009	800000009	800101009	800111019	899999999	899999999	89999	89999	89	89	8	1	2	11	1	0	0	NaN	0	0	0	0	0	0	0	0	0	NaN	NaN	NaN	NaN	0	0	0	0	0	0	0	0	2007	0	0	0	18000	18000	18000	18000	93	NaN	0.2041246388330759	0.16185230065930556	0.05699974684604432	0.29681589885621107	21.787416918574362	0.5254860308317943	2.503064601653319e-7	NaN	0.017500766407038584	0.26133602806743284	0.0663551489922405	0.000005406318811262533	NaN	402.7304211305053	20.091381352440145	95540.67965755207	11.380000114440918	16.789263657463906	94.26371059057448	93.75252698961894	94.7748973420461	-1.0223722991016169	0.00029299333497248065	-1	0	2.12841683352987	53.06408673773897	1.0000642171551783	-273.1499938964844	9.000690213070975	-273.1499938964844	058
DATA	2026-06-22T100000_AIU-0547.ghg	2026-06-22	10:30:00	173.437	1	18000	18000	0.17234357571620787	1	NaN	44.18130359915869	1	NaN	101.13080244694787	1	NaN	2.846497752437951	1	NaN	2.300578177014511	1	NaN	0.024503007982851092	2	NaN	NaN	NaN	NaN	NaN	NaN	NaN	NaN	NaN	NaN	7.369399879134124e-11	3.6501311243408895e-12	4.096508262212566e-13	NaN	15.35662173469658	405.92564279177503	414.2545909772443	0.1	1	760.6275121161135	20.105868146979045	20.51840856415581	0.8	0	0.08536451929278277	2.124986299775204	2.168587636867225	0	1	NaN	NaN	NaN	NaN	9	299.70988633982347	298.755884989033	95109.3540451806	1.1006518031187404	1016.7570840046258	0.02611579536770792	0.1490774658705403	0.01387312716748741	1912.769074441257	3274.3432504886737	0.01260446503442538	58.41687716019966	1361.5741760474166	289.95832332894037	-0.6499654312340963	-0.41942359921725597	0.16396643109004544	0.7907314385453901	-2.4269809954945307e-14	4.7988418328256305e-15	0.7907314385453901	3.6888645877452206	119.16579044703303	212.83420955296697	11.96771286780868	NaN	0.39570594488777805	0.5127683135029292	-118.26006563470426	-0.024522225524192285	0.43687286692237737	0.09976972947056782	0	88.14676551818239	-13.376611739782021	30.2579321771407	75.34652939269937	114.90821140421016	161.16040033619248	241.44764697356686	0.16973370478676886	1.0153762679764617	49.71247584196441	1.0165365460476088	93.08547118673135	1.0864295056752458	2.6200482751697494	1.0864295056752458	2.1175586312750574	1.0864295056752458	0.0023836249617217313	1.14992492265617	NaN	NaN	800000009	800000009	800000009	800000019	800001019	800011119	899999999	899999999	89999	89999	89	89	2	4	0	27	50	6	21	NaN	0	0	0	0	0	0	0	0	0	NaN	NaN	NaN	NaN	0	0	0	0	0	0	101	0	2916	0	0	16	18000	18000	18000	18000	93	NaN	0.46301554058763983	0.4485968160854968	0.11392427033272172	0.2831346112054692	7.843007697915297	0.17935479347297964	8.885613686303778e-7	NaN	0.04442201317878832	0.06982899374979068	0.056436741959856145	0.0000023836249617217315	NaN	405.92704324739776	20.105681582576388	95521.57002777778	11.380000114440918	16.802577103720783	94.23816156217786	93.72965288437737	94.74668101755779	-1.0170370191136997	0.00029396032385476344	-1	0	2.1078704889505	52.44340088531727	1.0000581516408258	-273.1499938964844	9.000573170953327	-273.1499938964844	151
DATA	2026-06-22T103000_AIU-0547.ghg	2026-06-22	11:00:00	173.458	1	18000	18000	0.213549221990054	1	NaN	7.292179343264813	2	NaN	55.9391495464643	1	NaN	2.4745442011386505	1	NaN	1.2728519277487342	1	NaN	-0.028291488378435918	1	NaN	NaN	NaN	NaN	NaN	NaN	NaN	NaN	NaN	NaN	-1.406542124374841e-10	-7.0843514783708776e-12	-7.757652956526857e-13	NaN	15.297928904907595	405.2394882769428	413.6830730044046	0	0	770.5130431245635	20.410757119307853	20.836036397547247	0.1	1	0.08437431154124973	2.103040636743014	2.146859667995712	-0.2	0	NaN	NaN	NaN	NaN	9	300.56363651106096	299.0129631268818	95117.08442248868	1.0996671301112362	1016.9356946222424	0.02613614358062817	0.08248080491811798	0.014072537077137945	1941.9324711832674	3324.603502331472	0.012797088038554399	58.4109494507069	1382.6710311482047	290.1969558418727	-0.5347064706405362	-0.26190792004506747	0.14908345914648952	0.6137855049756422	4.4828400315178653e-14	-9.194330377124583e-15	0.6137855049756422	3.705892866419328	125.90363617461719	206.0963638253828	14.057279149258196	NaN	0.4406749610906613	0.509091592823615	-989.7094836948327	-0.0029301527850107848	0.13035913849937542	0.014797359702594628	0	90.81521324380061	-13.781558977081797	31.173923930500568	77.62747837374508	118.38680251953784	166.03917383637412	248.7569387057698	0.20965321939507559	1.0185830802227591	10.514189102244076	1.0185641966879717	51.414972728098896	1.0879933719364379	2.27441109933822	1.0879933719364379	1.1699077959301172	1.0879933719364379	-0.0314467608658877	1.1524888427200322	NaN	NaN	800000009	800000009	800000009	800000019	800001019	800011119	899999999	899999999	89999	89999	89	89	12	6	1	19	45	10	1	NaN	0	0	0	0	0	0	0	0	0	NaN	NaN	NaN	NaN	0	0	0	0	0	0	101	0	201	0	0	16	18000	18000	18000	18000	93	NaN	0.46642715796720635	0.4206184099699016	0.13113761771012222	0.21822645795699971	4.392564312860485	0.16568835795895562	5.462325587755585e-7	NaN	0.00940201735388485	0.06068325854401984	0.031214153533522856	-0.0000314467608658877	NaN	405.23316642379774	20.410584287369495	95530.00412065972	11.377359498447841	17.041687627845345	94.1759700094859	93.66739760716754	94.68454453447131	-1.0171455318133042	0.000294855767198088	-1	0	2.0855614058117076	57.49966831021854	1.0000414388875167	-273.1499938964844	9.000519158469306	-273.1499938964844	246
DATA	2026-06-22T110000_AIU-0547.ghg	2026-06-22	11:30:00	173.479	1	18000	18000	0.23942725526756847	1	NaN	35.232448232132185	1	NaN	37.87033114304426	1	NaN	0.24633945968107512	2	NaN	0.8621121800023659	1	NaN	0.021227507005844512	2	NaN	NaN	NaN	NaN	NaN	NaN	NaN	NaN	NaN	NaN	5.245628059736374e-11	2.6773238732398125e-12	3.0209022710263315e-13	NaN	15.223967704088693	403.59012458189295	412.0784865244406	0	0	777.0183420445745	20.59889613296823	21.032134895127534	0.6	0	0.08767323585962432	2.1902417508519245	2.2363072108087825	0	1	NaN	NaN	NaN	NaN	9	301.1713824310303	299.49303057049457	95107.22614192532	1.0977119406217586	1017.053811421735	0.026180818820721055	0.05586486926415331	0.014178017777742523	1959.6293816672978	3420.262236956561	0.012915972991704824	57.29471151343727	1460.6328552892633	290.3402336295739	-0.8680483642298626	-0.3397239957861899	0.1692813761447311	0.9474051616201437	3.696812189804657e-14	3.4456379320402516e-15	0.9474051616201437	4.859502214938756	130.62634994957824	201.37365005042176	10.292822856475192	NaN	0.4670276563291688	0.7040473933519861	-243.82716345126062	-0.011893670741814992	0.9303443399808617	0.06757217578288459	0	93.43370652063632	-14.178925434053333	32.07276793811705	79.86572704331188	121.80027296563239	170.82661467202706	255.92939746351828	0.23623512365061125	1.013512519085343	37.177572466782735	1.015403331056035	34.87152243409271	1.085995921589581	0.2268327668491665	1.085995921589581	0.7938447676124653	1.085995921589581	0.005741285575973629	1.1487110080318195	NaN	NaN	800000009	800000019	800000009	800000019	800001019	801101019	899999999	899999999	89999	89999	89	89	11	21	1	14	51	4	0	NaN	0	0	0	0	0	0	0	0	0	NaN	NaN	NaN	NaN	0	288	0	0	0	0	0	0	604	0	0	0	18000	18000	18000	18000	93	NaN	0.7954941720365634	0.4754135031299748	0.13718711153743385	0.21398368168231038	4.506542190664592	0.15957513705878318	7.014585515337799e-7	NaN	0.03330034314861577	0.006063604637661796	0.021220747255088126	0.000005741285575973629	NaN	403.58227651024436	20.5987345290155	95512.52817404513	11.369999885559082	17.18398818890253	94.10835939682855	93.59667535485161	94.62004304525587	-1.0233632367451986	0.0002946256652293313	-1	0	2.1728477307655223	17.14285252762982	1.000032265232669	-273.1499938964844	9.00047300640742	-273.1499938964844	214
DATA	2026-06-22T113000_AIU-0547.ghg	2026-06-22	12:00:00	173.499	1	18000	18000	0.2649217111209785	1	NaN	39.79504473548812	1	NaN	44.0215629725002	1	NaN	-2.3151651262495516	1	NaN	1.0028649740387037	1	NaN	0.05224064176932417	1	NaN	NaN	NaN	NaN	NaN	NaN	NaN	NaN	NaN	NaN	1.3010762659410887e-10	6.737529487370408e-12	7.40656180566418e-13	NaN	15.13656305131187	402.5433530841983	411.11317866483057	0.1	1	783.8359869080326	20.845416847166952	21.289199076253784	0.7	0	0.08616703931939249	2.1601020846678596	2.2060889279733846	0	1	NaN	NaN	NaN	NaN	9	301.87324148305254	300.23246825067037	95101.9872505098	1.0948452173974867	1017.2115963309994	0.026246904120530802	0.06498565031770799	0.014311570473112897	1982.9723359271347	3572.2960992370813	0.013071775120078037	55.50974165749108	1589.3237633099466	290.52749617734315	-1.0700823692916117	-0.18389301880627504	0.16247896786461688	1.0978580666154614	-3.612922264842573e-14	8.595585811194609e-15	1.0978580666154614	6.567541161026326	142.2489994536645	189.7510005463355	8.51082892420386	NaN	0.49190633194566097	0.698058405773202	-252.24631993033182	-0.011496698944115237	0.9039898188155577	0.07264112410557508	0	95.65782507206926	-14.516444004937568	32.83623586445062	81.76687012920108	124.69963612653434	174.89301273027627	262.02160274951905	0.26172261833995586	1.0122232186171518	42.10651231557449	1.0146603413939448	40.53154149678918	1.0861063099706558	-2.1316192577060917	1.0861063099706558	0.923358021983869	1.0861063099706558	0.03238934945149495	1.1481172100224089	NaN	NaN	800000009	800000009	800000009	800000019	800001019	800001019	899999999	899999999	89999	89999	89	89	16	8	3	8	38	0	0	NaN	0	0	0	0	0	0	0	0	0	NaN	NaN	NaN	NaN	0	0	0	0	0	0	101	0	2660	0	0	16	18000	18000	18000	18000	93	NaN	0.7707395832069922	0.4818776489976909	0.14349957934172097	0.2154974354035714	2.5400505293098807	0.08490400201187398	4.5295779901176895e-7	NaN	0.037808133880709346	-0.05713982934059084	0.02475138071946357	0.000032389349451494954	NaN	402.53003778271636	20.845325504422327	95505.50979904513	11.369999885559082	17.371985079659364	94.10304037094116	93.59085095808241	94.61523018858168	-1.0243750709758868	0.00029565919620735156	-1	0	2.1415879404875966	35.854584087080696	1.000031019785338	-273.1499938964844	9.000423934433195	-273.1499938964844	211
DATA	2026-06-22T120000_AIU-0547.ghg	2026-06-22	12:30:00	173.52	1	18000	18000	0.34245672435677554	1	NaN	4.97382367629135	2	NaN	-15.361311610581076	2	NaN	5.448609292256329	1	NaN	-0.350186074680582	2	NaN	0.020148385788329535	1	NaN	NaN	NaN	NaN	NaN	NaN	NaN	NaN	NaN	NaN	-4.866428504667817e-10	-2.607694067515881e-11	-2.7491484938089956e-12	NaN	14.957220709234473	398.9889876635429	407.7057260483316	0.1	1	801.488312683201	21.37997537899529	21.84706509278228	0.1	1	0.08449650651380011	2.1254241709141324	2.1718584511258663	0	1	NaN	NaN	NaN	NaN	9	302.53233369530574	300.92700767080186	95089.33310323727	1.091950455114496	1017.5314511120359	0.026311123026373087	-0.02269205763930171	0.014642748716747365	2033.5529333199884	3720.425775334863	0.013409718955803727	54.65914538066426	1686.8728420148745	290.9267185360183	-0.7358586105703309	-0.44091600814158116	0.16725936006873315	0.8739968618459705	-1.2940744415689279e-14	-3.2535646824167815e-14	0.8739968618459705	6.397179979333067	121.07055869197308	210.92944130802687	11.032918993106918	NaN	0.5600172212394033	1.0084626119059015	-2978.0168067045342	-0.0009738024290095033	-0.3237889968240286	0.007993522974997253	0	91.16338275568714	-13.834395043757151	31.29343925718193	77.92508843585892	118.84067664232803	166.67573874707315	249.71062893931102	0.33762735636096936	1.0143038409205294	4.011364440920559	1.0158780475435512	-14.143349975139474	1.0861154986323946	5.016602100897244	1.0861154986323946	-0.32242065887240007	1.0861154986323946	0.017786777092379497	1.1491886617438207	NaN	NaN	800000009	800000009	800000009	800000019	801000019	801101019	899999999	899999999	89999	89999	89	89	12	9	2	9	20	2	1	NaN	0	0	0	0	0	0	0	0	0	NaN	NaN	NaN	NaN	0	0	0	0	0	0	101	0	1660	0	0	16	18000	18000	18000	18000	93	NaN	1.2208779305023147	0.5862795323847814	0.20976776092470678	0.22769680436064912	1.36139342976575	0.15449900801454314	1.9314629238191122e-7	NaN	0.003610283818958962	0.13487687278276111	-0.008668634528835532	0.000017786777092379498	NaN	398.98823750485997	21.379778101984833	95493.23112109376	11.369999885559082	17.77032964282565	94.07249484697978	93.55809223175049	94.58689631525675	-1.0288035562833155	0.00029639071021746427	-1	0	2.1069361408959937	50.55172011163531	1.0000327668107218	-273.1499938964844	9.000397395213446	-273.1499938964844	164
DATA	2026-06-22T123000_AIU-0547.ghg	2026-06-22	13:00:00	173.541	1	18000	18000	0.2414654683304599	1	NaN	42.031951224904084	1	NaN	76.10022475791155	1	NaN	0.5036391109281186	1	NaN	1.7348876946313125	1	NaN	-0.0472142623870644	1	NaN	NaN	NaN	NaN	NaN	NaN	NaN	NaN	NaN	NaN	3.3733237518887226e-10	1.8548051475403296e-11	1.878084062169687e-12	NaN	14.942251063939452	398.2703009213148	407.1871676008437	0	0	821.5921811156508	21.898692761039765	22.38898220354764	0.3	0	0.08319036546791686	2.0933601096666488	2.1402283119075918	-0.2	0	NaN	NaN	NaN	NaN	9	302.7081503863864	300.9621379447529	95082.8609894902	1.091532798718385	1017.8259588485486	0.026315985750042282	0.11242072261210904	0.014995237269976444	2082.7488851716785	3728.05828114744	0.013737779833627528	55.86685422017168	1645.3093959757616	291.3067409902145	-0.6572402039519822	-0.6826292448412256	0.1916932172716049	0.9667955632662993	7.700726380708728e-14	2.257574001034997e-14	0.9667955632662993	4.646657610571972	105.91443840217096	226.08556159782907	11.436214291911531	NaN	0.4703369740637832	0.7413091743192723	-208.77566816016142	-0.013890507574739393	0.5523236147937178	0.08043778770613348	0	90.33672542929733	-13.708946605213121	31.009674547625117	77.21847418660809	117.76304532754037	165.1643455056008	247.44628645167762	0.23829060387199477	1.0133234983120467	46.24635466803847	1.0152917184996553	70.07477163726712	1.0859860543225799	0.4637620427292507	1.0859860543225799	1.5975229955540329	1.0859860543225799	-0.06042402817727251	1.1486077141886608	NaN	NaN	800000009	800000009	800000009	800000019	800001019	801001019	899999999	899999999	89999	89999	89	89	7	11	5	25	43	9	0	NaN	0	0	0	0	0	0	0	0	0	NaN	NaN	NaN	NaN	0	2	0	0	0	0	101	0	6065	0	0	16	18000	18000	18000	18000	93	NaN	0.8611354514717859	0.4701112839347472	0.15137161323201162	0.15024523123640113	2.378058068154794	0.26849195969698914	2.1222597290853137e-7	NaN	0.04162624082154135	0.012477673337675408	0.042981892115705606	-0.00006042402817727251	NaN	398.2683641606199	21.89840969644851	95475.62558376737	11.360693005879721	18.147013942559568	94.09016846211752	93.5731237472958	94.60721261490716	-1.0340869853595889	0.0002960457490310849	-1	0	2.074778970767501	49.38214370314303	1.000049249995086	-273.1499938964844	9.000522401359346	-273.1499938964844	127
DATA	2026-06-22T130000_AIU-0547.ghg	2026-06-22	13:30:00	173.562	1	18000	18000	0.13333629841345826	0	NaN	7.6198967730432985	0	NaN	71.30099716075901	0	NaN	1.2144331452555162	1	NaN	1.6268687375224349	0	NaN	-0.012788186045154908	0	NaN	NaN	NaN	NaN	NaN	NaN	NaN	NaN	NaN	NaN	-1.0322896707276714e-11	-5.644943254003286e-13	-5.6457395716901823e-14	NaN	14.877953857192493	397.612712968705	406.45013369874926	-0.1	0	813.5817652842434	21.742939655653675	22.226202638394618	0.4	0	0.08136965351801095	2.055698499560458	2.1013888709751325	-0.1	0	NaN	NaN	NaN	NaN	9	303.54709417978927	301.84031119452584	95044.29067317708	1.0879802127261191	1017.7601997873364	0.026403483360200472	0.10542109419145378	0.014839245790525184	2067.0966048108785	3923.3345261017303	0.013639260730066896	52.68723814037773	1856.2379212908518	291.1866942666933	-0.8639054153114399	-0.8738105116851639	0.15368460722374136	1.2383441910201807	3.705781976172367e-14	-6.938384677329999e-16	1.2383441910201807	4.999113124739268	106.67341378254036	225.32658621745958	7.129069011163618	NaN	0.3500770968428484	0.712729130479597	-474.72925834566155	-0.006108745035235308	0.10686942786877265	0.0196570765477204	0	74.59407581635888	-11.319938790918796	25.605732366916	63.76189407493557	97.24091159805262	136.38176115257394	204.32473021727142	0.13184514235793354	1.0113099051573438	11.84695924384358	1.014170979086302	65.62218538124745	1.0865379863002	1.1177088703459097	1.0865379863002	1.4972957761579324	1.0865379863002	-0.01826666196873883	1.1479151240855237	NaN	NaN	800000009	800000009	800000009	800000009	800001009	800101109	899999999	899999999	89999	89999	89	89	13	8	7	14	30	4	1	NaN	0	0	0	0	0	0	0	0	0	NaN	NaN	NaN	NaN	0	0	0	0	0	0	0	0	6277	0	0	0	18000	18000	18000	18000	93	NaN	0.6260788134639088	0.6640308963169375	0.1353485511783476	0.06358868880468282	3.7390603023187228	0.35712446994672004	4.104655902646413e-7	NaN	0.010698932167657133	0.030167513941309315	0.040412751835394146	-0.000018266661968738828	NaN	397.60815706607514	21.742580531888287	95445.6153394097	11.359999656677246	18.027190409554382	94.06326279279921	93.5449304154714	94.58159918446012	-1.036666555987464	0.00029710156265840243	-1	0	2.0376516933441158	57.235493017938275	1.0000251363151604	-273.1499938964844	9.00041642138693	-273.1499938964844	036
DATA	2026-06-22T133000_AIU-0547.ghg	2026-06-22	14:00:00	173.583	1	18000	18000	0.12853571694547006	0	NaN	5.104069489630022	1	NaN	107.36663809478613	0	NaN	-0.6897826798389755	1	NaN	2.4511791185261136	0	NaN	0.040016730313065345	0	NaN	NaN	NaN	NaN	NaN	NaN	NaN	NaN	NaN	NaN	-8.692060579302739e-11	-4.758197871568604e-12	-4.844940415688016e-13	NaN	14.783367403773896	396.1086937562168	404.8881825637817	0	0	809.2694094050637	21.683736857846924	22.164342631086562	0.3	0	0.08240224922621806	2.08742472929451	2.133691126211197	0.9	0	NaN	NaN	NaN	NaN	9	304.14082690090606	302.4280076212365	94995.50174183477	1.0853330753251167	1017.7420836055772	0.026468479130687693	0.15883640688049216	0.014762500820089543	2060.4099974080027	4058.935715357953	0.013601816028381302	50.76232150245566	1998.5257179499504	291.1351674470791	-1.1036675183387052	-1.2619623989263398	0.15218844646091703	1.6833871837981609	-1.6367609386491873e-14	-5.879621565167778e-15	1.6833871837981609	6.3789272629397145	103.17178993278014	228.82821006721983	5.186969341910844	NaN	0.34413622707260644	0.9096251762991359	-673.0098900734354	-0.004309000570086075	0.047538691535856915	0.013427198652256568	0	69.1783160967627	-10.498076359335355	23.74667730891243	59.132584122408964	90.18092182854264	126.48002511718069	189.49012530370834	0.12732617743698402	1.009499535231745	11.517994221750504	1.0134061919230055	98.56932089880613	1.0892500538277174	-0.6332638473737232	1.0892500538277174	2.25033646765723	1.0892500538277174	0.02819579339794045	1.1487172404403305	NaN	NaN	800000009	800000009	800000009	800000019	800001019	800101019	899999999	899999999	89999	89999	89	89	8	4	3	43	31	9	2	NaN	0	0	0	0	0	0	0	0	0	NaN	NaN	NaN	NaN	0	3	0	0	0	0	101	0	6415	0	0	16	18000	18000	18000	18000	93	NaN	1.0234025703213292	0.6379329665832051	0.15791481569373725	0.07613333250150321	1.7426620197948866	0.3132458502708982	5.795116093913912e-7	NaN	0.010427401236744765	-0.017133141105474977	0.06088352018682959	0.000028195793397940452	NaN	396.1078811748088	21.68336772070851	95400.1595060764	11.359999656677246	17.977009068595013	94.03104407543606	93.51081477186415	94.55127249060737	-1.0404595742424325	0.000297896052536089	-1	0	2.0688643994331346	47.63166065777685	1.0000319381240341	-273.1499938964844	9.00038449048996	-273.1499938964844	234
DATA	2026-06-22T140000_AIU-0547.ghg	2026-06-22	14:30:00	173.604	1	18000	18000	0.24890981771067353	1	NaN	-178.49387608693849	1	NaN	623.5854198775166	1	NaN	51.23764836078156	1	NaN	14.228886529110689	1	NaN	-0.040747211702659096	1	NaN	NaN	NaN	NaN	NaN	NaN	NaN	NaN	NaN	NaN	5.472982718524977e-10	3.0921643901920556e-11	3.0199794073716748e-12	NaN	14.941508501119202	400.2046810358717	409.4630695111793	0.1	1	844.1758890728686	22.61104642809489	23.134133392301973	0.7	0	0.08244690383493467	2.0842471943633707	2.132464446980304	-0.9	0	NaN	NaN	NaN	NaN	9	303.6420597720675	301.8829701670497	94957.44905812651	1.0864728099514396	1018.25268160935	0.026431365194240716	0.9220318470863725	0.015415437705210136	2147.6632227833347	3933.0429400894377	0.014188516789388532	54.605638827184954	1785.379717306103	291.79631188472985	-0.36732090389272426	-0.5254286364830228	0.1795521841052143	0.6657618833262414	-8.455848707362081e-14	3.6629385300118927e-14	0.6657618833262414	3.903603674261153	96.95693914820777	235.04306085179223	15.64607664782717	NaN	0.4786428571940987	0.6750490043718077	51.77239976359845	0.05601440175154892	-0.2862380523938451	-0.33708335951514845	0	92.56688256301568	-14.047381554256171	31.775215323849032	79.12477896181151	120.67028039032955	169.2417840181748	253.55503235009112	0.24632674781313144	1.01048635570629	-140.33843815262463	1.0152646250679709	562.7609422709253	1.1080822655551479	46.23993177538273	1.1080822655551479	12.841001946711993	1.1080822655551479	-0.021225534757155502	1.1975481857928951	NaN	NaN	800000009	800000009	800000009	800000019	800001019	800011019	899999999	899999999	89999	89999	89	89	17	3	2	7	12	2	0	NaN	0	0	0	0	0	0	0	0	0	NaN	NaN	NaN	NaN	0	0	0	0	0	0	101	0	4117	0	0	16	18000	18000	18000	18000	93	NaN	0.7674432597063026	0.43516184470350583	0.14749290433380693	0.7104554619632206	48.78255780739136	3.114165862602159	3.9560932133954253e-7	NaN	-0.12685342988719284	1.2504664628568345	0.34725921227226475	-0.000021225534757155503	NaN	400.19121236698834	22.608079916002513	95351.46266688369	11.359999656677246	18.601539792802765	94.0580774023268	93.53850697835287	94.57764496019152	-1.039138910995589	0.00029762573597771625	-1	0	2.0652057720259385	45.30862989362123	1.0000332932174205	-273.1499938964844	9.000384956386354	-273.1499938964844	102
DATA	2026-06-22T143000_AIU-0547.ghg	2026-06-22	15:00:00	173.624	1	18000	18000	0.08799473628511123	1	NaN	54.48613062036899	1	NaN	-119.03728289733789	2	NaN	-23.4621534488995	1	NaN	-2.710931414070885	2	NaN	-0.017766771017553053	1	NaN	NaN	NaN	NaN	NaN	NaN	NaN	NaN	NaN	NaN	8.604820190973263e-12	5.324748348234251e-13	4.553884100698449e-14	NaN	15.573306329724815	415.0774402641065	426.0199348224626	0.1	1	963.6916904171702	25.685404986778874	26.362537437335966	0.1	1	0.08241779667242405	2.0673783183652303	2.121879656680271	0.6	0	NaN	NaN	NaN	NaN	9	301.9268359773425	299.8975775824654	94938.36988845486	1.092163673881826	1019.9574064085914	0.026262810947250366	-0.17566835563179334	0.017623818209019097	2439.1845893567	3502.726068853837	0.016136609036244164	69.63674981740294	1063.541479497137	293.8465360250248	0.5546119352558004	-0.19438734068185556	0.25380368327129055	0.6401540022428254	-2.911967527927277e-14	5.525365011634824e-16	0.6401540022428254	2.142250775818442	351.3151826013566	340.6848173986435	23.357863803092005	NaN	0.2838471142391182	0.23604271527901083	-35.384168410592295	-0.08195755701671037	-0.45772323841900714	0.1723184265811054	0	100.04837993659618	-15.182727644498605	34.343371271290565	85.5198503912176	130.4231678249354	182.9203473182847	274.048012734236	0.08643899954332282	1.0179980882472925	46.84427956295937	1.0181897599138554	-109.44350149438205	1.0876596716292772	-21.57122679169854	1.0876596716292772	-2.492444543806614	1.0876596716292772	-0.02507807834376759	1.1519941117605288	NaN	NaN	800000009	800000009	800000009	800000009	800000019	800000019	899999999	899999999	89999	89999	89	89	6	8	3	7	10	0	0	NaN	0	0	0	0	0	0	0	0	0	NaN	NaN	NaN	NaN	0	0	0	0	0	0	0	0	101	0	0	0	18000	18000	18000	18000	93	NaN	0.2207415710698227	0.20863373149486064	0.042710127993338315	0.11940235928403337	92.18863223746169	0.8555221186486361	4.900746900163168e-7	NaN	0.042052014037189736	-0.5814600953286602	-0.06718472973456123	-0.000025078078343767593	NaN	415.06906033150364	25.684596380940295	95331.02731618923	11.359999656677246	20.681678000238207	94.01056438997057	93.48119507598878	94.53993305418227	-1.0587389647099685	0.0002963756601028661	-1	0	2.045872895512316	53.66697991519602	1.000028062896596	-273.1499938964844	9.000387470271852	-273.1499938964844	067
DATA	2026-06-22T150000_AIU-0547.ghg	2026-06-22	15:30:00	173.645	1	18000	18000	0.031214096191466277	1	NaN	6.512907795483014	1	NaN	-7.882986817820975	2	NaN	1.7938211172064509	2	NaN	-0.1793923659032888	2	NaN	NaN	NaN	NaN	NaN	NaN	NaN	NaN	NaN	NaN	NaN	NaN	NaN	-1.5796115819742767e-10	-1.0225649381146433e-11	NaN	NaN	15.674913481719573	416.66554613748684	428.21578185947004	0.2	0	1014.7188788242237	26.97293329972062	27.720640281046844	0.1	1	NaN	NaN	NaN	NaN	0	NaN	NaN	NaN	NaN	9	301.6981610361735	299.1341116063539	95150.93878240696	1.0970415840466123	1020.5485069434206	0.02636146887200786	-0.011624625310533114	0.018437981159123984	2545.181579249755	3344.1257175020505	0.016807002968030216	76.10902801677325	798.9441382522955	294.53896064158596	0.7937157524942177	0.0006090148165399501	0.27212065320899936	0.83906776636891	-1.3664770468587072e-13	-1.0077322492506605e-14	0.83906776636891	2.2544395802776984	331.956037193805	0.043962806203636	18.923963463967148	NaN	0.1686800950834055	0.19736006948587653	-62.238663700735856	-0.046594830730045264	-0.8261979812980735	0.034486915339616904	1	8.31714032895156	4	7	13	21	38	111	0.03076103533084369	1.0147284009055544	5.9935295368925185	1.0161369652830463	-7.25725582525287	1.0862214324029706	1.651432262055544	1.0862214324029706	-0.16515266643784757	1.0862214324029706	NaN	1	NaN	NaN	800000009	800000009	800000009	800000019	800000009	800011009	899999999	899999999	89999	89999	89	89	0	0	1	29	21	0	0	NaN	0	0	0	0	0	0	0	0	0	NaN	NaN	NaN	NaN	0	3273	0	0	0	0	101	0	853	0	0	16	18000	18000	18000	18000	93	NaN	0.1366108580892864	0.23284713917713598	0.025262141705330705	0.057304892383264375	61.730833893469104	0.4515453802054444	NaN	NaN	0.005353353326226961	0.04473067590440719	-0.004473323288467741	NaN	NaN	416.6637769229201	26.97249727097071	95319.69985980904	11.359999656677246	21.48072540230225	93.95298791228399	93.40824454265172	94.49773232502407	-1.0894889611038894	0.00029550043067946613	-1	0	2.0870081602334998	42.3353262848591	1.0000371261487404	-273.1499938964844	9.000451340251498	-273.1499938964844	149
DATA	2026-06-22T153000_AIU-0547.ghg	2026-06-22	16:00:00	173.666	1	18000	18000	0.05648712271658999	1	NaN	30.40178774092534	1	NaN	56.125487083990016	1	NaN	-1.819829333445947	2	NaN	1.276504184655581	1	NaN	NaN	NaN	NaN	NaN	NaN	NaN	NaN	NaN	NaN	NaN	NaN	NaN	-1.4794287307807908e-10	-9.900072860034301e-12	NaN	NaN	15.761710840606662	417.2409216850263	429.225329555255	0.1	1	1054.7455411281953	27.921017342211403	28.72299251432405	0.1	1	NaN	NaN	NaN	NaN	0	NaN	NaN	NaN	NaN	9	301.18821687062575	298.5391849803262	95149.77841218018	1.0988290907885574	1021.0737348420636	0.026317232439732448	0.08271747116568164	0.019118147862983888	2633.8091397342196	3227.9330949439973	0.01739865464361164	81.59429152542316	594.1239552097777	295.09879937575175	0.5104881907607851	-0.279845130423517	0.2509765616610807	0.6339564057813272	-1.19862006085238e-14	-9.386219210222792e-15	0.6339564057813272	1.9819240425927889	0.7311652247217921	331.2688347752782	23.321449360249655	NaN	0.22673034692189778	0.18667514069663102	-32.384779315944954	-0.08954824029238197	0.5416752587898261	0.11950944140328663	0	88.60674191453285	-13.446414932528496	30.415827189192918	75.73971029802048	115.50783709304933	162.00138389066842	242.70759358543987	0.055481177150917604	1.0181312945638492	33.469956181354995	1.0182750376083531	51.598528468042964	1.0877342581339462	-1.6730458931834515	1.0877342581339462	1.17354415852037	1.0877342581339462	NaN	1	NaN	NaN	800000009	800000019	800000009	800000019	800000009	800100019	899999999	899999999	89999	89999	89	89	1	3	3	2	8	0	0	NaN	0	0	0	0	0	0	0	0	0	NaN	NaN	NaN	NaN	0	7785	0	0	0	0	101	0	14815	0	0	16	18000	18000	18000	18000	93	NaN	0.14303540686869468	0.1933967658846933	0.03691810863987404	0.09569575304179567	200.45909120137495	0.16844015237992827	NaN	NaN	0.029831005369338665	-0.04528341262762364	0.03176367401727228	NaN	NaN	417.2393043331987	27.920841881047135	95316.27089853877	11.362640828238593	22.04828234598369	93.92953907352023	93.36666521623401	94.49241473706563	-1.1257465854750763	0.000294298312908116	-1	0	2.640240352037918	18.990037374891944	1.0000504924257596	-273.1499938964844	9.000594080607096	-273.1499938964844	181
DATA	2026-06-22T160000_AIU-0547.ghg	2026-06-22	16:30:00	173.687	1	18000	18000	0.509391311474236	1	NaN	52.611764496082884	1	NaN	521.8935407211324	1	NaN	35.00808049652127	1	NaN	11.87387220701614	1	NaN	0.15355357600899666	1	NaN	NaN	NaN	NaN	NaN	NaN	NaN	NaN	NaN	NaN	2.5349911412444374e-10	1.5471565980956288e-11	1.3850874037989233e-12	NaN	15.139407082631314	400.88362980721126	410.9379425998384	0.2	0	923.988773690557	24.466742421051585	25.08037755860059	0.1	1	0.08271982378937574	2.064427075310527	2.1162036858015125	0	1	NaN	NaN	NaN	NaN	9	300.78619263712557	298.8907470873624	94941.75655479182	1.0963917292660603	1019.2383524751248	0.026173706506580442	0.7694269190146458	0.016844794445550176	2323.5386001217757	3300.626327024843	0.015363846694489673	70.3968995550064	977.087726903067	293.06034245450866	-0.9562322808198807	-0.09443562683011456	0.19843696884720335	0.981160279007352	-8.936278816038014e-15	1.6744322465261577e-14	0.981160279007352	11.052288165338508	146.3598699538474	185.64013004615256	11.668402983887336	NaN	0.6816208886607298	1.3953199818451523	-507.3342043938009	-0.005716153129208244	0.10080938044066608	0.06907143333444768	0	95.25041170889601	-14.454617455265215	32.69638404075082	81.41861931406505	124.16853166014579	174.14813116456787	260.905634428895	0.5027606645879057	1.0131884758561316	83.28142914985229	1.0152123696885098	480.57225290479676	1.085983507301079	32.236291123356445	1.085983507301079	10.933750031366005	1.085983507301079	0.0922613891048995	1.1485368930331128	NaN	NaN	800000009	800000009	800000009	800000019	811100019	811100019	899999999	899999999	89999	89999	89	89	18	54	5	4	0	0	1	NaN	0	0	0	0	0	0	0	0	0	NaN	NaN	NaN	NaN	0	0	0	0	0	0	101	0	10269	0	0	16	18000	18000	18000	18000	93	NaN	1.7237888903793583	0.7883635862684961	0.2784874870424502	0.6796877352084373	89.29826193596196	7.498762492819701	0.0000013697084497534454	NaN	0.07452580251844447	0.8649104400364125	0.2933561592023579	0.00009226138910489951	NaN	400.86837668519394	24.459772318957306	95340.0704327257	11.369999885559082	19.822401523060126	94.02622078047861	93.47869110510084	94.57374993854098	-1.0950628044373514	0.0002946037262186615	-1	0	2.043965971337424	39.80202912452406	1.0000570207022959	-273.1499938964844	9.000635802586874	-273.1499938964844	055
DATA	2026-06-22T163000_AIU-0547.ghg	2026-06-22	17:00:00	173.708	1	18000	18000	0.05030283638079391	1	NaN	16.252965216724682	1	NaN	-112.89929263438313	1	NaN	-0.8544425110821924	2	NaN	-2.5697493472325865	1	NaN	-0.04208125757211668	1	NaN	NaN	NaN	NaN	NaN	NaN	NaN	NaN	NaN	NaN	2.6637092951456325e-10	1.638152199297841e-11	1.4698307238419308e-12	NaN	14.849621736069045	394.9103034627447	404.74004418566864	0.1	1	913.2355602773297	24.286553465944333	24.891071812339373	0.1	1	0.08193998611215539	2.0490496832308844	2.100052726043236	0	1	NaN	NaN	NaN	NaN	9	301.0095971425375	299.33875654401635	94915.17606736059	1.0945195723131051	1019.14507074348	0.026220279253770105	-0.1665197577006716	0.016691038898524063	2305.7808337274887	3389.263224935301	0.015249648631910731	68.031919644468	1083.4823912078123	292.9365969819467	0.3605147880067462	0.004471648671429139	0.2435132486118549	0.43507425833166846	-4.5278053715812083e-14	1.7937893250678606e-14	0.43507425833166846	2.189077317099421	331.28936768421977	0.7106323157804512	34.03540070720934	NaN	0.21438010086651463	0.22266751215604427	-51.08253429843303	-0.056770871684981336	-0.1439598498580397	0.0679655122736421	0	78.98839209735797	-11.986793239941123	27.114158946311576	67.51808953917889	102.96934668271662	144.4159728095358	216.3614433044466	0.04911082560729717	1.0242718536851398	9.336001467997646	1.0222568157018947	-103.40618055486851	1.0918041071488707	-0.7825969013007996	1.0918041071488707	-2.3536725410780983	1.0918041071488707	-0.03604752934302837	1.157628230980225	NaN	NaN	800000009	800000009	800000009	800000019	800000019	800001019	899999999	899999999	89999	89999	89	89	4	2	1	0	20	0	4	NaN	0	0	0	0	0	0	0	0	0	NaN	NaN	NaN	NaN	0	0	0	0	0	0	101	0	2411	0	0	16	18000	18000	18000	18000	93	NaN	0.11213566509826771	0.2892099817072135	0.043989377506607294	0.18759420191986012	10.174441830366993	1.3423569782211937	3.233948984241065e-7	NaN	0.00836953579239703	-0.0210308122489158	-0.06325050000142579	-0.00003604752934302837	NaN	394.9085300576323	24.285290632084283	95330.80314236111	11.369999885559082	19.769044940418734	94.02263227229646	93.48503831969367	94.56022338485718	-1.075186346603764	0.00029569007989872873	-1	0	2.028851939664947	48.10276105672506	1.0000442846119404	-273.1499938964844	9.000530734936396	-273.1499938964844	183
DATA	2026-06-22T170000_AIU-0547.ghg	2026-06-22	17:30:00	173.729	1	18000	18000	0.2127386936780909	1	NaN	-63.97119430194549	2	NaN	144.42408309655994	1	NaN	18.114299435679996	1	NaN	3.290016805272524	1	NaN	0.020101350150938554	2	NaN	NaN	NaN	NaN	NaN	NaN	NaN	NaN	NaN	NaN	-6.472351659327943e-11	-4.2847114645952605e-12	-3.575047611599524e-13	NaN	14.64345158773954	391.0112214999129	401.4015122752793	0.1	1	969.3998132627453	25.885031465055405	26.572871068787837	0.1	1	0.08088410423261422	2.031883172523038	2.085876142093332	0	1	NaN	NaN	NaN	NaN	9	302.1235871463352	300.18866480000815	94877.98204557292	1.0903274836201273	1020.0778373593437	0.026305034164285562	0.21319308898165953	0.017732281664383988	2456.5783250120176	3563.128518089404	0.016263262121494825	68.94442096434025	1106.5501930773867	293.9619455170007	-0.23702832415265893	0.45496496202101766	0.22501440910736503	0.5601848154166218	-3.78585621273135e-14	-4.419963162747109e-15	0.5601848154166218	4.847493909984063	214.4813203547314	117.51867964526859	23.68317539071309	NaN	0.4417176615762356	0.48025257403904925	113.53041232897974	0.0255438163264712	-0.44293993723453473	-0.13021152433344255	0	86.63114913846331	-13.146611106874234	29.73767011925902	74.05100330695768	112.93245238066982	158.3893702130142	237.2961389012453	0.21032053965512126	1.011497469657195	-55.01790521580434	1.0148213871256198	131.35756597990775	1.0994728930852056	16.47543977628214	1.0994728930852056	2.9923582709169696	1.0994728930852056	0.0275774568966535	1.1821744463651986	NaN	NaN	800000009	800000009	800000009	800000009	800000019	810111019	899999999	899999999	89999	89999	89	89	10	17	1	1	25	1	2	NaN	0	0	0	0	0	0	0	0	0	NaN	NaN	NaN	NaN	0	0	0	0	0	0	0	0	1807	0	0	0	18000	18000	18000	18000	93	NaN	0.25117956641191014	0.561076709359369	0.1482488723068193	0.4521611843180466	10.246323087286571	1.0563564449639729	2.9628872501168836e-7	NaN	-0.04946679573721765	0.44490651447032264	0.08080632180008107	0.0000275774568966535	NaN	391.0099921475264	25.88403590858449	95277.2041189236	11.369999885559082	20.796096912701927	93.98921149190267	93.44967528152466	94.5287454164293	-1.0790702201492253	0.0002971211831706265	-1	0	2.010624319235484	66.83950764591589	1.0000386933088303	-288.3309945339645	9.000451870123545	-273.1499938964844	119
DATA	2026-06-22T173000_AIU-0547.ghg	2026-06-22	18:00:00	173.749	1	18000	18000	0.05999027035494311	1	NaN	36.52193469620251	1	NaN	-12.000543482304064	1	NaN	-5.765515692739789	1	NaN	-0.273410144129854	1	NaN	-0.012855011869014759	1	NaN	NaN	NaN	NaN	NaN	NaN	NaN	NaN	NaN	NaN	1.285632328581369e-10	8.471396482273515e-12	7.180959782293224e-13	NaN	14.675612530166038	391.15528458861195	401.50377639303383	0.1	1	967.0177826069591	25.77433242942086	26.456223940079674	0.1	1	0.0819713233844453	2.060320455999352	2.1148287553715974	-0.4	0	NaN	NaN	NaN	NaN	9	302.33326368204746	300.3193291812473	94882.1959251302	1.0899475757438126	1020.017309982046	0.026315315307237543	-0.017716977339614536	0.017649550192100596	2446.18124567057	3590.5359183852506	0.01619302669677119	68.12858306596961	1144.3546727146804	293.893046057543	-0.08828945721059084	0.4801706610326827	0.25031268998023276	0.5486486441578406	-2.984758085784933e-14	8.76033164502486e-15	0.5486486441578406	1.9664619161742876	231.58134103082284	100.41865896917717	27.144421654484013	NaN	0.23460518418104467	0.1858399111625257	-29.793929053609045	-0.09733526567717703	-3.0433567238065136	0.14002417391992172	0	78.0901007655771	-11.850474064713238	26.805804600777112	66.75024361953169	101.79833320708823	142.77360975971433	213.90088417808244	0.05879931976234352	1.020254496096438	35.39923702462062	1.0196409004646807	-11.01954229403134	1.0890237690547344	-5.294205559667645	1.0890237690547344	-0.25105985002253184	1.0890237690547344	-0.021772791284780515	1.1539477210678355	NaN	NaN	800000009	800000009	800000009	800000009	800001019	800001019	899999999	899999999	89999	89999	89	89	21	3	0	3	36	0	3	NaN	0	0	0	0	0	0	0	0	0	NaN	NaN	NaN	NaN	0	0	0	0	0	0	0	0	6014	0	0	0	18000	18000	18000	18000	93	NaN	0.16703086596970684	0.15043984236246202	0.0542091139928826	0.13825277788198578	15.78301640353534	0.5534524588879837	4.916973859184872e-7	NaN	0.03184056385302865	-0.14300554988220202	-0.0067815560807331435	-0.000021772791284780515	NaN	391.1492344879414	25.773803066959623	95279.38364930556	11.351387013753257	20.732207140922533	93.97459298282199	93.43498712709214	94.51419740613302	-1.0792101659576112	0.00029643489145221087	-1	0	2.038886011842367	32.114212848932034	1.0000247429658968	-273.1499938964844	9.00038442881902	-273.1499938964844	076
