DATAH	filename	date	time	DOY	daytime	file_records	used_records	Tau	qc_Tau	rand_err_Tau	H	qc_H	rand_err_H	LE	qc_LE	rand_err_LE	co2_flux	qc_co2_flux	rand_err_co2_flux	h2o_flux	qc_h2o_flux	rand_err_h2o_flux	ch4_flux	qc_ch4_flux	rand_err_ch4_flux	none_flux	qc_none_flux	rand_err_none_flux	H_strg	LE_strg	co2_strg	h2o_strg	ch4_strg	none_strg	co2_v-adv	h2o_v-adv	ch4_v-adv	none_v-adv	co2_molar_density	co2_mole_fraction	co2_mixing_ratio	co2_time_lag	co2_def_timelag	h2o_molar_density	h2o_mole_fraction	h2o_mixing_ratio	h2o_time_lag	h2o_def_timelag	ch4_molar_density	ch4_mole_fraction	ch4_mixing_ratio	ch4_time_lag	ch4_def_timelag	none_molar_density	none_mole_fraction	none_mixing_ratio	none_time_lag	none_def_timelag	sonic_temperature	air_temperature	air_pressure	air_density	air_heat_capacity	air_molar_volume	ET	water_vapor_density	e	es	specific_humidity	RH	VPD	Tdew	u_unrot	v_unrot	w_unrot	u_rot	v_rot	w_rot	wind_speed	max_wind_speed	wind_dir	yaw	pitch	roll	u*	TKE	L	(z-d)/L	bowen_ratio	T*	model	x_peak	x_offset	x_10%	x_30%	x_50%	x_70%	x_90%	un_Tau	Tau_scf	un_H	H_scf	un_LE	LE_scf	un_co2_flux	co2_scf	un_h2o_flux	h2o_scf	un_ch4_flux	ch4_scf	un_none_flux	un_none_scf	spikes_hf	amplitude_resolution_hf	drop_out_hf	absolute_limits_hf	skewness_kurtosis_hf	skewness_kurtosis_sf	discontinuities_hf	discontinuities_sf	timelag_hf	timelag_sf	attack_angle_hf	non_steady_wind_hf	u_spikes	v_spikes	w_spikes	ts_spikes	co2_spikes	h2o_spikes	ch4_spikes	none_spikes	head_detect_LI-7200	t_out_LI-7200	t_in_LI-7200	aux_in_LI-7200	delta_p_LI-7200	chopper_LI-7200	detector_LI-7200	pll_LI-7200	sync_LI-7200	chopper_LI-7500	detector_LI-7500	pll_LI-7500	sync_LI-7500	not_ready_LI-7700	no_signal_LI-7700	re_unlocked_LI-7700	bad_temp_LI-7700	laser_temp_unregulated_LI-7700	block_temp_unregulated_LI-7700	motor_spinning_LI-7700	pump_on_LI-7700	top_heater_on_LI-7700	bottom_heater_on_LI-7700	calibrating_LI-7700	motor_failure_LI-7700	bad_aux_tc1_LI-7700	bad_aux_tc2_LI-7700	bad_aux_tc3_LI-7700	box_connected_LI-7700	mean_value_RSSI_LI-7200	mean_value_LI-7500	u_var	v_var	w_var	ts_var	co2_var	h2o_var	ch4_var	none_var	w/ts_cov	w/co2_cov	w/h2o_cov	w/ch4_cov	w/none_cov	co2_mean	h2o_mean	air_p_mean	vin_sf_mean	dew_point_mean	avg_signal_strength_7200_mean	co2_signal_strength_7200_mean	h2o_signal_strength_7200_mean	delta_signal_strength_7200_mean	flowrate_mean	hit_power_mean	hit_vin_mean	ch4_mean	rssi_77_mean	ch4_aux-1_mean	ch4_aux-2_mean	ch4_aux-3_mean	ch4_aux-4_mean	CHK
DATAU		[yyyy-mm-dd]	[HH:MM]	[ddd.ddd]	[1=daytime]	[#]	[#]	[kg+1m-1s-2]	[#]	[kg+1m-1s-2]	[W+1m-2]	[#]	[W+1m-2]	[W+1m-2]	[#]	[W+1m-2]	[µmol+1s-1m-2]	[#]	[µmol+1s-1m-2]	[mmol+1s-1m-2]	[#]	[mmol+1s-1m-2]	[µmol+1s-1m-2]	[#]	[µmol+1s-1m-2]	[µmol+1s-1m-2]	[#]	[µmol+1s-1m-2]	[W+1m-2]	[W+1m-2]	[µmol+1s-1m-2]	[mmol+1s-1m-2]	[µmol+1s-1m-2]	[µmol+1s-1m-2]	[µmol+1s-1m-2]	[mmol+1s-1m-2]	[µmol+1s-1m-2]	[µmol+1s-1m-2]	[mmol+1m-3]	[µmol+1mol_a-1]	[µmol+1mol_d-1]	[s]	[1=default]	[mmol+1m-3]	[mmol+1mol_a-1]	[mmol+1mol_d-1]	[s]	[1=default]	[mmol+1m-3]	[µmol+1mol_a-1]	[µmol+1mol_d-1]	[s]	[1=default]	[mmol+1m-3]	[µmol+1mol_a-1]	[µmol+1mol_d-1]	[s]	[1=default]	[K]	[K]	[Pa]	[kg+1m-3]	[J+1kg-1K-1]	[m+3mol-1]	[mm]	[kg+1m-3]	[Pa]	[Pa]	[kg+1kg-1]	[%]	[Pa]	[K]	[m+1s-1]	[m+1s-1]	[m+1s-1]	[m+1s-1]	[m+1s-1]	[m+1s-1]	[m+1s-1]	[m+1s-1]	[deg_from_north]	[deg]	[deg]	[deg]	[m+1s-1]	[m+2s-2]	[m]	[#]	[#]	[K]	[0=KJ/1=KM/2=HS]	[m]	[m]	[m]	[m]	[m]	[m]	[m]	[kg+1m-1s-2]	[#]	[W+1m-2]	[#]	[W+1m-2]	[#]	[µmol+1s-1m-2]	[#]	[mmol+1s-1m-2]	[#]	[µmol+1s-1m-2]	[#]	[µmol+1s-1m-2]	[#]	8u/v/w/ts/co2/h2o/ch4/none	8u/v/w/ts/co2/h2o/ch4/none	8u/v/w/ts/co2/h2o/ch4/none	8u/v/w/ts/co2/h2o/ch4/none	8u/v/w/ts/co2/h2o/ch4/none	8u/v/w/ts/co2/h2o/ch4/none	8u/v/w/ts/co2/h2o/ch4/none	8u/v/w/ts/co2/h2o/ch4/none	8co2/h2o/ch4/none	8co2/h2o/ch4/none	8aa	8U	[#]	[#]	[#]	[#]	[#]	[#]	[#]	[#]	[#_flagged_recs]	[#_flagged_recs]	[#_flagged_recs]	[#_flagged_recs]	[#_flagged_recs]	[#_flagged_recs]	[#_flagged_recs]	[#_flagged_recs]	[#_flagged_recs]	[#_flagged_recs]	[#_flagged_recs]	[#_flagged_recs]	[#_flagged_recs]	[#_flagged_recs]	[#_flagged_recs]	[#_flagged_recs]	[#_flagged_recs]	[#_flagged_recs]	[#_flagged_recs]	[#_flagged_recs]	[#_flagged_recs]	[#_flagged_recs]	[#_flagged_recs]	[#_flagged_recs]	[#_flagged_recs]	[#_flagged_recs]	[#_flagged_recs]	[#_flagged_recs]	[#_flagged_recs]	[#]	[#]	[m+2s-2]	[m+2s-2]	[m+2s-2]	[K+2]	--	--	--	--	[m+1s-1K+1]	--	--	--	--	--	--	--	--	--	--	--	--	--	--	--	--	--	--	--	--	--	--	207
DATA	2026-05-19T233000_AIU-0547.ghg	2026-05-20	00:00:00	140	0	18000	18000	0.041078143762537725	1	NaN	21.14960987416398	1	NaN	29.90535369841548	1	NaN	-2.8926849789049234	1	NaN	0.6765628958640922	1	NaN	-0.01133060214152909	1	NaN	NaN	NaN	NaN	NaN	NaN	NaN	NaN	NaN	NaN	-2.790538918045025e-10	-1.109091278203791e-11	-1.3383360207861912e-12	NaN	17.592692295600667	445.40884163942485	453.43585335964644	0	0	699.2162502733784	17.70264009946945	18.021671259772145	0.1	1	0.08437414597430165	2.043394456079444	2.0802198392209483	0	0	NaN	NaN	NaN	NaN	9	294.52779102834063	293.0655612742106	95754.09516015626	1.1306631937223606	1015.2722493201535	0.02544587855337644	0.043841275651993174	0.012536473417060988	1695.5549773778469	2319.054697009886	0.011087716913989663	73.11405718735486	623.4997196320389	288.0729732955994	1.0192317267386979	0.21377432998770715	0.3149755855632186	1.0879992630757682	-1.7955146230244873e-14	-1.586192079732358e-14	1.0879992630757682	2.356533541609218	320.15445337342726	11.845546626572723	16.82801306082839	NaN	0.19060697008331678	0.1616343563938152	-27.728773588915843	-0.10458450283424114	0.7072181819834011	0.09666022738100002	1	10.266169467840191	5	8	15	24	42	112	0.04057916178390519	1.0122965077812534	22.683351093140875	1.0147012332008192	27.53491445030836	1.0860884914817874	-2.6633971371507075	1.0860884914817874	0.622935332774804	1.0860884914817874	-0.018446171502969986	1.1481429847425944	NaN	NaN	800000009	800000009	800000009	800000009	800000009	800011009	899999999	899999999	89999	89999	89	89	1	4	0	35	15	0	1	NaN	0	0	18000	0	0	0	0	0	0	NaN	NaN	NaN	NaN	0	0	0	0	0	0	0	0	17307	0	0	0	18000	18000	18000	18000	100	NaN	0.1456091482354223	0.1398846209567268	0.037774943595481315	0.05108778846592956	4.801478928906204	0.15500170691923099	7.463356867692058e-8	NaN	0.019760204930616424	-0.06899418697436753	0.016136878808987294	-0.000018446171502969987	NaN	445.40638696202274	17.702484866607005	96140.949421875	11.369999885559082	14.912819134182392	100.05993723042806	99.80469098875258	100.31518582789103	-0.5104872171133756	0.000281341424878014	-1	0	2.0283747443689237	77.34910272707764	1.0001102667897939	-273.1499938964844	9.00096235789193	-273.1499938964844	212
DATA	2026-05-20T000000_AIU-0547.ghg	2026-05-20	00:30:00	140.02	0	18000	18000	0.029340881852862523	0	NaN	24.77902265756599	0	NaN	31.12295693418298	0	NaN	0.06873619615251467	2	NaN	0.7040230734380034	0	NaN	0.0009365177831612841	1	NaN	NaN	NaN	NaN	NaN	NaN	NaN	NaN	NaN	NaN	1.2681839414507585e-10	5.0060987905946615e-12	6.023747258615131e-13	NaN	17.777848941247086	449.886864033095	458.02089401636766	0.2	0	701.7725518771463	17.759080621728174	18.080167778969262	0.1	1	0.0844430096642011	2.0439514248357145	2.0809064095288075	0	0	NaN	NaN	NaN	NaN	9	294.3954651947021	292.9387880384657	95742.09998589409	1.1309865028886463	1015.3014655748735	0.025438057908805333	0.04562069515878262	0.012580309370862805	1700.7477577851457	2300.901868386915	0.01112330636902519	73.91657076524879	600.1541106017692	288.12045983769076	1.0114148033329975	0.5816803090897942	0.31702044311617994	1.2090549399169201	5.93514895341077e-15	7.133506115626819e-15	1.2090549399169201	2.394072020298725	302.09612596461045	29.903874035389556	15.200948819057812	NaN	0.16106748234236537	0.19663442922392005	-14.279744801906071	-0.20308486182560528	0.7961654385850041	0.13397503135096336	1	14.741248404852643	7	12	20	32	53	133	0.029007819345672606	1.0114818181684382	26.36025235301217	1.0142598695970448	28.647032847828022	1.086428639905116	0.0632680266589049	1.086428639905116	0.6480159373371175	1.086428639905116	-0.008374685583743583	1.1479339748405122	NaN	NaN	800000009	800000009	800000009	800000009	800000009	800010009	899999999	899999999	89999	89999	89	89	2	1	0	35	3	0	0	NaN	0	0	18000	0	0	0	0	0	0	NaN	NaN	NaN	NaN	0	0	0	0	0	0	0	0	17009	0	0	0	18000	18000	18000	18000	100	NaN	0.16880663085350073	0.18736053403765937	0.037101693556680006	0.060705819635207665	21.613354890590728	0.11457279861916353	6.42330223369665e-8	NaN	0.022956048221030163	0.001638522178803066	0.01678238664324264	-0.000008374685583743583	NaN	449.88568279360175	17.758963673119702	96130.167828125	11.369999885559082	14.961326682037763	100.06914590538872	99.81277865748936	100.32550648032294	-0.5127270318915448	0.00028140007788250736	-1	0	2.0288953078720295	75.52478904130984	1.0001081048846245	-273.1499938964844	9.000966681374443	-273.1499938964844	196
DATA	2026-05-20T003000_AIU-0547.ghg	2026-05-20	01:00:00	140.041	0	18000	18000	0.059306343535417035	1	NaN	7.01536741285457	1	NaN	13.12514902888038	1	NaN	-8.719246517074279	1	NaN	0.29697017759162625	1	NaN	-0.007429519270338473	1	NaN	NaN	NaN	NaN	NaN	NaN	NaN	NaN	NaN	NaN	1.2476856108767467e-10	4.923175801506191e-12	5.829884243730283e-13	NaN	18.045069361439417	456.7470431856347	465.12986328864224	0.1	1	712.0307234633592	18.022536853982796	18.353310060948818	0.1	1	0.08431664565992023	2.0434041939528256	2.080907424704285	0	0	NaN	NaN	NaN	NaN	9	294.6769664594862	293.18319267866343	95731.90036805556	1.129809974347503	1015.455419522321	0.025461993907558288	0.01924366750793738	0.012754936665696865	1725.7945044501453	2336.010468328042	0.011289453054318449	73.87785833362948	610.2159638778967	288.3477317010328	0.6958559604960768	0.12534556346126038	0.3303717083234546	0.7804309666446468	-1.2951542349395576e-14	6.914274397542251e-15	0.7804309666446468	2.37622994812985	321.7887296592678	10.211270340732224	25.044344517581415	NaN	0.22911201886375265	0.1877347545982375	-145.16551430241603	-0.01997719647077181	0.5344981148342058	0.02668924464190391	0	82.04351900637734	-12.450420535139862	28.16288515041259	70.12956607034407	106.95201316701176	150.00171918197495	224.7299092266158	0.05839971158888988	1.0155245963012536	7.696594303329241	1.0166285265803803	12.080385723390457	1.0864842670931456	-8.025193535845988	1.0864842670931456	0.2733313188106815	1.0864842670931456	-0.00965765949715222	1.1500334257882674	NaN	NaN	800000009	800000009	800000009	800000009	800000009	800000009	899999999	899999999	89999	89999	89	89	0	1	0	19	0	0	0	NaN	0	0	18000	0	0	0	0	0	0	NaN	NaN	NaN	NaN	0	0	0	0	0	0	0	0	17406	0	0	0	18000	18000	18000	18000	100	NaN	0.1393503281918018	0.19042382105886946	0.04569535994580372	0.07576222081991718	65.75960830423956	0.16647324199040428	5.3561502937189804e-8	NaN	0.006708606655018507	-0.2080887215443118	0.007087326235222019	-0.00000965765949715222	NaN	456.7452284472071	18.022370384377812	96122.62149609375	11.369999885559082	15.188039796405372	100.04828156767951	99.78784831492106	100.30869214736092	-0.5208494927386441	0.0002816767367411456	-1	0	2.028139590303103	74.67042387970818	1.0001126763059034	-273.1499938964844	9.001011989858416	-273.1499938964844	239
DATA	2026-05-20T010000_AIU-0547.ghg	2026-05-20	01:30:00	140.062	0	18000	18000	0.05473772875736528	1	NaN	12.727592732161675	1	NaN	16.016056926918647	1	NaN	0.4272034290899523	2	NaN	0.36238276175701817	1	NaN	-0.020700704507832204	1	NaN	NaN	NaN	NaN	NaN	NaN	NaN	NaN	NaN	NaN	2.913187806135213e-11	1.155352187974333e-12	1.4086374015306376e-13	NaN	17.552717347002808	444.43200750659145	452.4060704644383	0.1	1	696.1298667063509	17.62589734850528	17.94214373214011	0.1	1	0.08487408227307462	2.056640546907743	2.0935410872057085	0.1	0	NaN	NaN	NaN	NaN	9	294.6469390470717	293.19113074662954	95736.8015438368	1.1300078432407765	1015.2315084484861	0.025461379759081807	0.023482402961854776	0.012474527251368066	1687.8996762903312	2337.158584356965	0.011039328024124214	72.22016030866523	649.2589080666339	288.0027341059596	0.774516018219252	0.23375355588101085	0.3199390312590949	0.8699866499483155	-1.6103264377817814e-15	1.6596790961444214e-15	0.8699866499483155	2.4303537981325465	315.2058724733687	16.794127526631364	21.577022748734507	NaN	0.22009118952775578	0.18594587412586228	-70.9279885303149	-0.040886539433731835	0.794677041311588	0.05040772142120031	0	81.92840112661625	-12.432950952758494	28.123368907499867	70.03116503815583	106.80194538419263	149.79124698280702	224.41458351920608	0.053963310511539936	1.014350829081543	13.52166812288205	1.0159066346049788	14.746017405544508	1.0861276293419133	0.3933270985370252	1.0861276293419133	0.3336465733558279	1.0861276293419133	-0.023693584144590513	1.1492187551048254	NaN	NaN	800000009	800000009	800000009	800000009	800000009	800000009	899999999	899999999	89999	89999	89	89	3	0	0	20	8	0	1	NaN	0	0	18000	0	0	0	0	0	0	NaN	NaN	NaN	NaN	0	0	0	0	0	0	0	0	17604	17997	0	0	18000	18000	18000	18000	100	NaN	0.14965830591601773	0.179917289751305	0.0423161525844018	0.07970692995337195	34.73687992012262	0.25289160087520557	1.3683024084409436e-7	NaN	0.011786469224258272	0.01019438398976746	0.008647564071508409	-0.000023693584144590512	NaN	444.4303282267173	17.625649395568637	96128.20823459202	11.369999885559082	14.841228885385684	100.05971524662442	99.802853673723	100.31654132609897	-0.513700973078608	0.00028193174187132774	-1	0	2.0416181108156843	74.26928666259626	1.0000971023937066	-273.1499938964844	9.000889669391844	-273.1499938964844	187
DATA	2026-05-20T013000_AIU-0547.ghg	2026-05-20	02:00:00	140.083	0	18000	18000	0.07186166594510118	1	NaN	7.6688801444922605	1	NaN	5.309579041068678	1	NaN	5.200200523345622	1	NaN	0.12009656751306662	1	NaN	-0.032967394283461286	1	NaN	NaN	NaN	NaN	NaN	NaN	NaN	NaN	NaN	NaN	9.718637115268872e-11	3.798854805816386e-12	4.698357113080079e-13	NaN	17.509899745862203	443.09004516138026	450.899469944138	0.1	1	684.4330744114989	17.319658379117712	17.624915901492237	0.1	1	0.08464948433051432	2.047866445641902	2.0839599195238283	-0.1	0	NaN	NaN	NaN	NaN	9	294.25107448493117	292.85408537038165	95693.52483593751	1.130928795588076	1015.0514728206747	0.02544361146633166	0.007782257574846716	0.012266350229100496	1657.8237336667228	2288.842595902822	0.010846262184633887	72.43065716420762	631.018862236099	287.7240416933693	0.6820603496654004	0.08486079813103996	0.3024542830250028	0.7509236106058336	2.4020414943272926e-14	5.550367081665046e-15	0.7509236106058336	2.3576547179886194	324.9078014603285	7.092198539671498	23.75185765166863	NaN	0.25207571601157197	0.24181446533055995	-176.7870377681867	-0.01640391759831762	1.4443480519217806	0.026501936740468534	0	82.91904209718459	-12.583284541959564	28.46342389560003	70.87795004005295	108.09334594100895	151.6024546257386	227.1281026135624	0.07073200471696502	1.015971005383723	7.888380046767905	1.016906995783834	4.886143511076888	1.0866604775385458	4.7854878601316955	1.0866604775385458	0.11051894312481478	1.0866604775385458	-0.0327355530311585	1.150366561787208	NaN	NaN	800000009	800000009	800000009	800000009	800000009	800001019	899999999	899999999	89999	89999	89	89	10	2	0	30	15	0	5	NaN	0	0	18000	0	0	0	0	0	0	NaN	NaN	NaN	NaN	0	0	0	0	0	0	0	0	17109	18000	0	0	18000	18000	18000	18000	100	NaN	0.1748150726518945	0.25494802432640906	0.05386583368281633	0.09571601401241937	11.978938232436066	0.22730272284938946	1.0585171890804704e-7	NaN	0.00687170485648093	0.12390669099655059	0.0028615758591967085	-0.0000327355530311585	NaN	443.08902136493595	17.31943471620225	96104.23684331597	11.369999885559082	14.566004378318793	100.08902975845336	99.83337479570177	100.34469946840075	-0.5113205637402004	0.0002811835352751789	-1	0	2.0331391805251444	74.40288240922992	1.0000954002439977	-285.66624442206376	9.000907201978896	-273.1499938964844	246
DATA	2026-05-20T020000_AIU-0547.ghg	2026-05-20	02:30:00	140.104	0	18000	18000	0.07772974238714787	1	NaN	26.493706782526875	1	NaN	18.303941354380836	1	NaN	4.932516381981434	1	NaN	0.4138414477423096	1	NaN	-0.04738019249258404	1	NaN	NaN	NaN	NaN	NaN	NaN	NaN	NaN	NaN	NaN	1.2851763364529092e-10	4.9726218688704e-12	6.294122253076386e-13	NaN	17.470146047537547	441.65198698539126	449.33035030859867	0.1	1	675.9572816918896	17.0884591212989	17.38555140579812	0.1	1	0.0855596480291478	2.065648359627421	2.101560795370026	0	0	NaN	NaN	NaN	NaN	9	293.77370687611904	292.4222318452389	95675.99290025281	1.1324911155641781	1014.9119731737475	0.025410746853664398	0.02681692581370166	0.012118260058046938	1635.3938530157286	2228.2148366352258	0.010700534327821132	73.39480135072155	592.8209836194972	287.5132925608278	0.8453092190645054	0.12059090960062946	0.3017258316677886	0.905609364356077	1.0691794369436742e-15	7.356414382317413e-15	0.905609364356077	2.546285400074432	323.88102752040857	8.118972479591427	19.461560655576275	NaN	0.261984870870551	0.27262857349629327	-57.43768967944214	-0.050489495942208064	1.447431800047038	0.0879839252675655	0	87.63074631852689	-13.298303835419484	30.080799484256374	74.90544394202539	114.2355282611127	160.21695266333955	240.03419044095813	0.07666052858514069	1.013947383637196	27.27812344238555	1.0156629023619044	16.85370504230487	1.0860485162423152	4.541709056468071	1.0860485162423152	0.381052449824419	1.0860485162423152	-0.0524623917335409	1.148965042648163	NaN	NaN	800000009	800000009	800000009	800000019	800000019	800001019	899999999	899999999	89999	89999	89	89	5	0	0	34	17	0	0	NaN	0	0	18000	0	0	0	0	0	0	NaN	NaN	NaN	NaN	0	2	0	0	0	0	0	0	17109	604	0	0	18000	18000	18000	18000	100	NaN	0.2319624405597861	0.26261918729516126	0.050675519137639215	0.08226603009153227	7.442568687018889	0.18589742102427528	5.510718532384324e-7	NaN	0.023732927400140113	0.11741520220764955	0.009851214573979817	-0.000052462391733540896	NaN	441.6508243081173	17.088274791019614	96064.23263802084	11.369999885559082	14.352508011606005	100.12312269253201	99.86649338150025	100.37976680056254	-0.5132715619636903	0.00028058027044042114	-1	0	2.050987839655741	76.31986354418164	1.000112281848987	-273.1499938964844	9.000979006899728	-273.1499938964844	172
DATA	2026-05-20T023000_AIU-0547.ghg	2026-05-20	03:00:00	140.124	0	18000	18000	0.02592378991366035	0	NaN	24.89432065413849	0	NaN	21.078551591315108	1	NaN	-0.10955487033560758	2	NaN	0.4763167227878995	1	NaN	-0.010588989542198219	1	NaN	NaN	NaN	NaN	NaN	NaN	NaN	NaN	NaN	NaN	1.2824274182120631e-10	4.9396102626529e-12	6.369337435600295e-13	NaN	17.543379447182083	442.86745181106295	450.553084415809	0.1	1	675.7299160035959	17.0582177119292	17.354250291631153	0.1	1	0.08713140554625938	2.0982665475576483	2.13468039040252	0.2	0	NaN	NaN	NaN	NaN	9	293.18947325897216	291.86334772915313	95647.74405837673	1.1343377446587561	1014.8833586890041	0.025369671777508738	0.030865323636655884	0.012116399893996151	1632.017695877192	2151.8432988610457	0.010681474676346187	75.842776132491	519.8256029838537	287.48135079925544	1.1441327397922658	0.2565606215862481	0.3061775719108824	1.2118612892383827	-1.5344096904590787e-14	7.310036370546918e-15	1.2118612892383827	2.518489148333832	319.36105569409665	12.638944305903332	14.63442105040853	NaN	0.15117433086361357	0.20056252289511342	-11.742109410450132	-0.24697436368793202	1.1810261509806763	0.14304204474570656	1	15.7576693708558	7	13	22	33	55	135	0.02562994292080961	1.0114649881881774	25.884433543196046	1.0142510739314505	19.401510707442934	1.086438675274334	-0.10083852207115523	1.086438675274334	0.4384202565944423	1.086438675274334	-0.018625700361074724	1.147931716611335	NaN	NaN	800000009	800000009	800000009	800000009	800000019	800010019	899999999	899999999	89999	89999	89	89	1	2	0	32	0	0	4	NaN	0	0	18000	0	0	0	0	0	0	NaN	NaN	NaN	NaN	0	0	0	0	0	0	0	0	17207	0	0	0	18000	18000	18000	18000	100	NaN	0.17757820732600732	0.18863114444637577	0.03491569401784371	0.09292207520686742	3.95555623323048	0.1662293867166901	3.399310133266448e-7	NaN	0.022484340349213497	-0.0026026486639149017	0.011315654688528512	-0.000018625700361074723	NaN	442.8670037129342	17.05805243780312	96034.92768793403	11.369999885559082	14.320872303114971	100.14158820406595	99.88107210583156	100.40212278366089	-0.5210329622775317	0.0002807801257683119	-1	0	2.0833674526664954	76.1008145330712	1.0001151140580575	-304.6424952189146	9.000981469180848	-273.1499938964844	106
DATA	2026-05-20T030000_AIU-0547.ghg	2026-05-20	03:30:00	140.145	0	18000	18000	0.03456551814563165	0	NaN	11.64293942831012	0	NaN	13.675311762176277	0	NaN	-0.43253100422325197	2	NaN	0.30899797244437516	0	NaN	-0.0008277042486652125	1	NaN	NaN	NaN	NaN	NaN	NaN	NaN	NaN	NaN	NaN	-7.30579648915229e-11	-2.7596022727924712e-12	-3.6017600338163036e-13	NaN	17.70084500805404	446.43100652671825	454.0882694064874	0.1	1	668.6100849798112	16.862939202938446	17.152175292087055	0.1	1	0.08726522318196057	2.100507408082517	2.1365356793482757	0.4	0	NaN	NaN	NaN	NaN	9	293.06655272928873	291.77585124037	95631.6863780382	1.1345717263206236	1014.7713498197727	0.025366324898036374	0.020023068614395508	0.011979274524980196	1613.063884546013	2140.0968542734972	0.010558410937868657	75.37340570941603	527.0329697274842	287.3009433625455	0.983375001141171	0.1117595138757413	0.29243452460972214	1.0320051031825772	2.0776675423316172e-14	-4.1273715948747584e-15	1.0320051031825772	2.7448921535143427	325.51621564813024	6.483784351869775	16.4611646033551	NaN	0.17454425439285992	0.3051200539623115	-38.636568687395396	-0.07505842517909934	0.8513838390516717	0.057937123168162186	1	10.999116412762909	5	9	16	26	47	129	0.03413068016673743	1.0127403842164855	12.315371473617603	1.014952757594334	12.592266007517358	1.0860088052469954	-0.3982757802086878	1.0860088052469954	0.2845262128184113	1.0860088052469954	-0.005169684011877177	1.1483214620535387	NaN	NaN	800000009	800000009	800000009	800000009	800011019	800011019	899999999	899999999	89999	89999	89	89	0	0	0	19	25	0	5	NaN	0	0	18000	0	0	0	0	0	0	NaN	NaN	NaN	NaN	0	0	0	0	0	0	0	0	16612	0	0	0	18000	18000	18000	18000	100	NaN	0.15652697977964364	0.40953702736698977	0.04417610077798961	0.1110659697207491	21.513313194788086	0.17936799183950555	3.1213179017476006e-7	NaN	0.010696639570926515	-0.010276124992835345	0.007341211974095042	-0.000005169684011877177	NaN	446.42842088338324	16.862761307652857	96021.60156184896	11.369999885559082	14.140491320875007	100.16118194135029	99.89859068298338	100.42380649121603	-0.5251997381995128	0.00028035525190514614	-1	0	2.0857716144025327	75.3185108899117	1.0001456133127213	-273.1499938964844	9.00117200673951	-273.1499938964844	142
DATA	2026-05-20T033000_AIU-0547.ghg	2026-05-20	04:00:00	140.166	0	18000	18000	0.049530536349275185	0	NaN	60.8713307961132	2	NaN	11.800878843936587	2	NaN	-16.781085520950032	2	NaN	0.2670987230735678	2	NaN	-0.006802588974048345	1	NaN	NaN	NaN	NaN	NaN	NaN	NaN	NaN	NaN	NaN	-1.4114027060985483e-10	-5.273434135378406e-12	-6.967098699068617e-13	NaN	17.494945254297605	442.7711744791652	450.21928327853044	0.1	1	653.6649044383203	16.543291404862774	16.821575632439156	0.1	1	0.0863601931573616	2.0952289356147644	2.130473987622483	0	0	NaN	NaN	NaN	NaN	9	294.87003199174677	293.53786021084255	95615.2737703993	1.1277048860147119	1014.6286544425456	0.025523890415805824	0.01730799725516719	0.011679650373314407	1582.2156355208908	2387.791803009334	0.010357009638035776	66.26271325359373	805.5761674884434	287.0032975768428	0.8949902919179633	-0.022551466614575317	0.29016896520201196	0.941123913010518	4.36139945878366e-14	-8.067488555026142e-15	0.941123913010518	4.36158887109557	333.44340169675627	358.5565983032435	17.95812000153405	NaN	0.20957466680529704	0.5620398907186388	-12.790472895328687	-0.22673125722029658	5.1582031814003	0.25384664445086336	0	64.84744733145382	-9.8408503156011	22.260030208494637	55.4306226402947	84.53519698858409	118.56181575444782	177.6272047916738	0.04886713813062777	1.0135755488048854	60.943884885984936	1.0154406463515129	10.866350526076987	1.0860020404842385	-15.452167579231707	1.0860020404842385	0.24594679670626668	1.0860020404842385	-0.025440576513240252	1.1487463517740666	NaN	NaN	800000009	800000009	800000009	800000009	800000009	800100009	899999999	899999999	89999	89999	89	89	5	1	1	8	0	0	0	NaN	0	0	18000	0	0	0	0	0	0	NaN	NaN	NaN	NaN	0	0	0	0	0	0	0	0	14752	0	0	0	18000	18000	18000	18000	100	NaN	0.2874512247223799	0.7677898957715948	0.06883866094330299	1.7090543348027767	274.42097851530355	0.4294607324555578	3.048339218482586e-7	NaN	0.05326323615822331	-0.4010356614103614	0.006383145651450505	-0.00002544057651324025	NaN	442.76382926289284	16.542875280379768	96015.84943446181	11.369999885559082	13.838256004916317	100.12049596659344	99.86323079024422	100.37774820306566	-0.514530615948967	0.0002815013143279227	-1	0	2.0808642293744617	75.66228335508063	1.00013401126696	-288.0887445237907	9.001109233670764	-273.1499938964844	133
DATA	2026-05-20T040000_AIU-0547.ghg	2026-05-20	04:30:00	140.187	0	18000	18000	0.293773297750675	1	NaN	-114.82359256916592	1	NaN	282.6565578647342	1	NaN	51.04078605682124	1	NaN	6.410483183988824	1	NaN	0.0012021489898374526	1	NaN	NaN	NaN	NaN	NaN	NaN	NaN	NaN	NaN	NaN	-6.291004706615142e-10	-2.3692217697578682e-11	-3.2714268237894883e-12	NaN	16.447314683178554	419.45640009414586	426.1888733512068	0.1	1	619.4135566369832	15.796924035398158	16.050472124277647	0.1	1	0.0855287651863915	2.0941823404917694	2.127794955770987	0	1	NaN	NaN	NaN	NaN	9	296.9845596610175	295.61826729498966	95606.19892643229	1.119980394620906	1014.2577816079589	0.025707227166114677	0.4153993103224758	0.011073173086921862	1510.6889794122624	2712.234536631011	0.00988693475359445	55.699054009125526	1201.5455572187486	286.2930263297122	0.5839085516735684	-0.6908593821243838	0.2952669953648288	0.9515348029046535	-2.2533978979502566e-14	-3.82494335871694e-14	0.9515348029046535	5.5939593438013935	21.795785714925273	310.2042142850748	18.077674765156036	NaN	0.5121544482139083	0.9296207754794192	98.94409424233001	0.02930948049205881	-0.40623006745916346	-0.19736557901076762	0	79.43026059653619	-12.053848489430997	27.26583810323528	67.89579208634916	103.54536689875003	145.22384935276324	217.57178958058208	0.2912143277995151	1.0087872391804897	-97.66125701918438	1.0136335213300451	256.6060863280394	1.1015193049762368	46.33671495927377	1.1015193049762368	5.819673931295391	1.1015193049762368	0.017675075169854625	1.1834931178407224	NaN	NaN	800000009	800000009	800000009	800000009	800000019	800111019	899999999	899999999	89999	89999	89	89	10	6	1	16	15	4	5	NaN	0	0	18000	0	0	0	0	0	0	NaN	NaN	NaN	NaN	0	0	0	0	0	0	0	0	13183	0	0	0	18000	18000	18000	18000	100	NaN	0.729263315104448	0.8823934307573125	0.24758480509707811	0.4926732913647252	91.47732468432478	0.9133553362018838	1.2094452885695547e-7	NaN	-0.08597328893488396	1.2103128055663803	0.1520096081359766	0.000017675075169854627	NaN	419.44661757794626	15.79604025139827	96007.81292534721	11.369999885559082	13.115130393028252	99.96430599636503	99.7181926146613	100.21039315880668	-0.4922172448022496	0.00028344780396825334	-1	0	2.0805527760095073	75.01809422408553	1.000107735445102	-273.1499938964844	9.000910430775749	-273.1499938964844	136
DATA	2026-05-20T043000_AIU-0547.ghg	2026-05-20	05:00:00	140.208	0	18000	18000	0.09011832770113448	0	NaN	-36.910738836638586	1	NaN	134.95867679893303	0	NaN	20.48377464726634	0	NaN	3.0602654213313016	0	NaN	-0.009456785285754424	0	NaN	NaN	NaN	NaN	NaN	NaN	NaN	NaN	NaN	NaN	-2.309036937700122e-10	-8.666836999752803e-12	-1.2000366758268112e-12	NaN	16.472230247798887	420.5690728312479	427.3145829103357	0.2	0	618.2756639755903	15.7858176361446	16.03900646730238	0.1	1	0.0856083335319499	2.0944717607584966	2.128065006874884	0.2	0	NaN	NaN	NaN	NaN	9	296.78067923227945	295.44372235668084	95597.00915679388	1.1205390836893148	1014.2473501982877	0.02569451836766882	0.19830519930226834	0.011070860897519815	1509.4817470277726	2683.607392942244	0.009879941769696778	56.248233292158744	1174.1256459144715	286.2807866040776	0.6760296361845245	-0.4142337085698203	0.328881920137493	0.8583524635652556	5.531316389314245e-15	-1.401775535531182e-14	0.8583524635652556	5.410091268891115	3.497671790568006	328.50232820943194	22.529239539721342	NaN	0.2835914005944169	0.5741329365747243	52.25311144300599	0.05549908742110248	-0.2734965969741221	-0.11452196474374086	0	64.02577663138216	-9.716158616839376	21.977977246385844	54.72827088421921	83.46406624483598	117.05953965628792	175.37652144608347	0.08928396240926124	1.0093450746288417	-28.885440864532637	1.0146683420670342	121.75152165121139	1.1084763045964792	18.479217428759643	1.1084763045964792	2.7607856014976666	1.1084763045964792	-0.00565351266829558	1.1968410715181288	NaN	NaN	800000009	800000009	800000009	800000019	800000019	801100019	899999999	899999999	89999	89999	89	89	1	6	1	6	5	1	2	NaN	0	0	18000	0	0	0	0	0	0	NaN	NaN	NaN	NaN	0	16	0	0	0	0	0	0	13225	0	0	0	18000	18000	18000	18000	100	NaN	0.33173788545946387	0.6863954092593512	0.13013257843063344	0.2459012258846054	61.810381267655146	0.6669318553207666	6.032684806241886e-8	NaN	-0.02541605312307992	0.482432221514655	0.0720751263407582	-0.00000565351266829558	NaN	420.56046260914684	15.785175325658736	95989.68591840277	11.369999885559082	13.107792793062035	99.92453902774386	99.68063089455498	100.16846592309739	-0.4878225669422084	0.0002839197857247199	-1	0	2.0808420722263836	73.715836776389	1.0001025001340442	-273.1499938964844	9.000972846693463	-273.1499938964844	026
DATA	2026-05-20T050000_AIU-0547.ghg	2026-05-20	05:30:00	140.229	1	18000	18000	0.13149275605692654	1	NaN	82.31392066981462	1	NaN	14.915229618386268	2	NaN	-21.912941236340135	1	NaN	0.33780529644187446	2	NaN	0.008015629686117775	1	NaN	NaN	NaN	NaN	NaN	NaN	NaN	NaN	NaN	NaN	2.1591691905662718e-10	8.228087494149513e-12	1.1039029333794655e-12	NaN	16.944166721405566	431.55906162187904	438.77502577471313	0.1	1	645.7024623559823	16.44570390052022	16.720687374087632	0.1	1	0.08662922493130218	2.108079340676048	2.1433278762912646	0	0	NaN	NaN	NaN	NaN	9	295.5472335578072	294.2023659903401	95593.41589396844	1.1249423311146414	1014.5885945135191	0.025587520311616152	0.021889783209433463	0.01158187998508329	1572.5227120860695	2487.5179301299518	0.01029553219284358	63.21653778004802	914.9952180438822	286.9087197813584	0.9161483199566093	0.4456237574571404	0.3577072683721902	1.0797512524724626	6.237436017292388e-14	1.2742846703925507e-14	1.0797512524724626	3.219006628438606	306.06124560346444	25.93875439653555	19.346893755866734	NaN	0.3418895167650498	0.45611378172684375	-41.057754629609356	-0.07063221128777036	5.518783335949772	0.21094404431602867	0	86.28094105492059	-13.093465679085194	29.617455016896173	73.75165070445328	112.47592077383634	157.74907814315856	236.33686470411018	0.1298874964232353	1.012358846524076	82.40837834225408	1.0147362201210333	13.733170800696385	1.0860732626750658	-20.17630116624656	1.0860732626750658	0.31103361812796965	1.0860732626750658	-0.018726574733520948	1.1481655403333368	NaN	NaN	800000009	800000009	800000009	800000019	800000019	800000019	899999999	899999999	89999	89999	89	89	0	0	2	13	15	0	2	NaN	0	0	18000	0	0	0	0	0	0	NaN	NaN	NaN	NaN	0	3	0	0	0	0	0	0	10458	0	0	0	18000	18000	18000	18000	100	NaN	0.4485749255096249	0.3739363195649169	0.08971631837914573	0.36161549453316744	36.999151102583255	0.3097677171942951	1.5433494509176818e-7	NaN	0.07220231671299503	-0.5248961175517812	0.008091688225618723	-0.000018726574733520947	NaN	431.55767687726467	16.44540199893562	95978.90057269965	11.369999885559082	13.744219309171028	99.95445292705959	99.70829627630445	100.20060123274061	-0.49231560397727614	0.0002833140010609187	-1	0	2.093753677272135	74.15689354145084	1.0000986803770064	-273.1499938964844	9.00093075942993	-273.1499938964844	147
DATA	2026-05-20T053000_AIU-0547.ghg	2026-05-20	06:00:00	140.249	1	18000	18000	0.1769339190178718	1	NaN	-86.57103332132417	1	NaN	186.37878166572034	1	NaN	36.499380548246414	1	NaN	4.225433711457964	1	NaN	0.01722545269861185	2	NaN	NaN	NaN	NaN	NaN	NaN	NaN	NaN	NaN	NaN	2.4973263525741155e-10	9.36662218922451e-12	1.300759448073826e-12	NaN	16.51262393544672	420.81506925190564	427.5634497038448	0.1	1	619.3323896039925	15.783342698290648	16.036451508107632	0.1	1	0.08600778818668582	2.1023536545984265	2.1360679470332866	0	1	NaN	NaN	NaN	NaN	9	296.58536085849335	295.2452637676665	95589.52468836805	1.1212055575414699	1014.2412086906071	0.025679269051361638	0.27380810450247606	0.011075698444822204	1509.1269252893549	2651.3792261594626	0.009878383468869443	56.91856187148806	1142.2523008701078	286.2771875480124	1.0604552086830887	-0.5469966661489372	0.3474380725474835	1.2427726327275992	-3.808750569563498e-14	1.5123740250713553e-14	1.2427726327275992	5.192920832222712	359.2852755563567	332.7147244436433	16.234356705435054	NaN	0.39724910520649587	0.8043852537965983	61.23157131635958	0.04736118864265028	-0.4644897479617269	-0.19163868402820686	0	77.76162178579787	-11.800626112251724	26.693048396583478	66.46946472810752	101.37012768158287	142.17304542168054	213.001129362557	0.1754995095710195	1.0081732960414447	-75.22411106927548	1.0141297403359153	167.84687931604697	1.1104095734468724	32.87019620602427	1.1104095734468724	3.8052929410015843	1.1104095734468724	0.029185416022621268	1.1962599393865934	NaN	NaN	800000009	800000009	800000009	800000009	800000019	800100019	899999999	899999999	89999	89999	89	89	0	0	2	23	6	0	1	NaN	0	0	18000	0	0	0	0	0	0	NaN	NaN	NaN	NaN	0	0	0	0	0	0	0	0	15185	0	0	0	18000	18000	18000	18000	100	NaN	0.4736078272216566	0.9780903673619499	0.15707231300959001	0.5237243787282849	75.22982031164919	0.7564603191193693	1.9730893509042073e-7	NaN	-0.06615010997956323	0.8576223911796977	0.09928460453189769	0.00002918541602262127	NaN	420.80854599581346	15.782614749062919	95984.29019444445	11.369999885559082	13.101981563462095	99.94803691715666	99.70219781515334	100.19387948756747	-0.4916797432419328	0.0002832802036524905	-1	0	2.088637481751707	72.58459854936591	1.0001054482443466	-273.1499938964844	9.00096558215883	-273.1499938964844	228
DATA	2026-05-20T060000_AIU-0547.ghg	2026-05-20	06:30:00	140.27	1	18000	18000	0.1169814589234737	0	NaN	-54.96141666475895	1	NaN	108.39967313973762	0	NaN	21.66522298340592	1	NaN	2.456698927520104	0	NaN	0.01588939663700363	1	NaN	NaN	NaN	NaN	NaN	NaN	NaN	NaN	NaN	NaN	-2.641946235541575e-10	-9.863915651574479e-12	-1.373542375858046e-12	NaN	16.616452112976162	423.9616437907163	430.78044329167017	0.1	1	620.3884086128071	15.828943971667291	16.08352925511315	0.1	1	0.08638859037534555	2.108253563200741	2.1421617210616772	-0.9	0	NaN	NaN	NaN	NaN	9	296.1343009719849	294.88643300882967	95589.93874197049	1.122555279204127	1014.2582675012465	0.025647948270511374	0.15919409050330274	0.011121262888096763	1513.4936543826282	2593.965705406546	0.009907095974802733	58.34671026020454	1080.4720510239179	286.32142881753293	0.994807941068615	-0.08776616127945176	0.33644944315234787	1.0538234987304196	2.1304494928839792e-14	-1.5899580834577913e-14	1.0538234987304196	4.611421879447788	337.04182184891545	354.95817815108455	18.61850879000239	NaN	0.32281570004421356	0.8056180427069567	51.756674425515335	0.056031420723784746	-0.507025667816437	-0.14953641925647473	0	72.92687550900224	-11.066934712177474	25.033436451925226	62.33679632774877	95.06754761532788	133.33358726446008	199.75801028287026	0.11597034144694346	1.0087187591578561	-48.31451040271275	1.014641688562031	97.47528144611567	1.1120734562809234	19.48182726693282	1.1120734562809234	2.2091156961303384	1.1120734562809234	0.02341470527573339	1.2013580362910121	NaN	NaN	800000009	800000009	800000009	800000009	800000019	800000019	899999999	899999999	89999	89999	89	89	7	3	2	7	16	0	1	NaN	0	0	18000	0	0	0	0	0	0	NaN	NaN	NaN	NaN	0	0	0	0	0	0	0	0	8751	0	0	0	18000	18000	18000	18000	100	NaN	0.47552261487023206	1.0139330871287102	0.12178038341497101	0.913706837917328	87.7953570354931	0.7572408472305876	4.139251809288003e-7	NaN	-0.042434715015602795	0.507707527665827	0.057570814741480174	0.000023414705275733387	NaN	423.95532026661203	15.828212960202602	95977.99054644097	11.369999885559082	13.145008591148526	99.91188307317097	99.66619557507832	100.15755541059706	-0.49137037883947293	0.000284099348591149	-1	0	2.0944605133930843	73.17951623014525	1.0000946754978763	-273.1499938964844	9.000869630654654	-273.3518689049614	045
DATA	2026-05-20T063000_AIU-0547.ghg	2026-05-20	07:00:00	140.291	1	18000	18000	0.09757576696577328	0	NaN	-6.208352364066179	2	NaN	77.10628043771946	1	NaN	9.620659630866443	1	NaN	1.7474906322439607	1	NaN	-0.0011392718184520146	2	NaN	NaN	NaN	NaN	NaN	NaN	NaN	NaN	NaN	NaN	-4.030449141535761e-11	-1.5120467075019733e-12	-2.0874374075815567e-13	NaN	16.607711075873585	423.23448264708327	430.06297553012877	0.1	0	623.0480517079588	15.877890615038924	16.134065542905038	0.1	1	0.08601412928603622	2.099167965852796	2.1330360793994316	0.7	0	NaN	NaN	NaN	NaN	9	296.2073532825045	294.88914315965434	95598.55010026041	1.1226251853146727	1014.285780140391	0.025645873641996664	0.11323739296940864	0.011156554765082939	1518.3104829459044	2594.395227975599	0.0099379159767877	58.522713369721956	1076.0847450296947	286.370100219008	1.3006930040240285	-0.16380439772077204	0.36455689255255663	1.3607115415610391	-1.2085224442443868e-13	-2.426854081891447e-15	1.3607115415610391	5.288570381302118	339.17782807268156	352.8221719273184	15.540316081420542	NaN	0.2948177288580604	0.9615735964195059	349.04096033621914	0.008308480463744225	-0.08051681819979385	-0.018493863323722635	0	58.88146614877833	-8.935489654227384	20.212101927357008	50.33099165673891	76.75793797128065	107.65409940041047	161.28545804716683	0.09685501743310972	1.0074415301526463	-1.7355066438345748	1.0121879305519648	70.4247916909755	1.0948741002467197	8.787000832971131	1.0948741002467197	1.5960653666482565	1.0948741002467197	-0.003912992514456604	1.1677493173822506	NaN	NaN	800000009	800000009	800000009	800000009	800000009	800100019	899999999	899999999	89999	89999	89	89	1	0	2	4	2	0	0	NaN	0	0	18000	0	0	0	0	0	0	NaN	NaN	NaN	NaN	0	0	0	0	0	0	0	0	10484	0	0	0	18000	18000	18000	18000	100	NaN	0.4925130874209704	1.2572346569260542	0.1733994484919872	0.7443820018958716	93.09485214591132	1.0366859372949944	2.9550117256877906e-7	NaN	-0.001524162115348921	0.22898712078412806	0.04159307821170075	-0.0000039129925144566035	NaN	423.224858068084	15.8768476020152	95987.76613780382	11.369999885559082	13.186592883215905	99.93872652859157	99.6926724541982	100.1847690094842	-0.4921190880040335	0.00028343142738190683	-1	0	2.085388542645507	72.71189151832078	1.0001078225705358	-273.1499938964844	9.001006884998745	-273.1499938964844	235
DATA	2026-05-20T070000_AIU-0547.ghg	2026-05-20	07:30:00	140.312	1	18000	18000	0.15944938932483416	0	NaN	-56.31375292870894	1	NaN	144.20588395663822	0	NaN	19.532587578623176	1	NaN	3.2713438089594766	0	NaN	0.013756364087722637	1	NaN	NaN	NaN	NaN	NaN	NaN	NaN	NaN	NaN	NaN	-2.4262490546322773e-10	-8.727265988124939e-12	-1.2923448808525144e-12	NaN	16.152981955865975	412.90019152345275	419.1250798816556	0.1	1	581.0259658260459	14.852101811613268	15.076012280922663	0.1	1	0.08603907954672148	2.108376722267278	2.140162635624991	0	1	NaN	NaN	NaN	NaN	9	297.0678824852838	295.8833222427369	95617.0915985243	1.1195068138894317	1013.7359559981319	0.025727345394011964	0.21198307882057407	0.010402739774822633	1420.4957101080452	2756.21643169724	0.009292252307675601	51.53788700233978	1335.7207215891947	285.35396624955416	0.6971577979371383	-1.1408791052789535	0.27174724725530097	1.3643609106381225	-7.592101933137538e-14	-1.5020440567948397e-14	1.3643609106381225	5.229562296422152	30.572120061639282	301.4278799383607	11.488747839260641	NaN	0.37739666626913665	0.8786133011394871	80.71713903762138	0.03592793345473186	-0.3905093979774232	-0.13148155133806202	0	67.15908479880846	-10.191650219626595	23.05354054655606	57.40657557918472	87.54864989553039	122.78822630372849	183.95913794733318	0.15821441609879472	1.0078056934158786	-47.60669520032719	1.0135782356996235	130.26049456772492	1.1070577033750078	17.643694198663333	1.1070577033750078	2.954989427368026	1.1070577033750078	0.019968106567785537	1.1889635066649218	NaN	NaN	800000009	800000009	800000009	800000009	800000019	800111119	899999999	899999999	89999	89999	89	89	10	16	7	26	62	15	3	NaN	0	0	18000	0	0	0	0	0	0	NaN	NaN	NaN	NaN	0	0	0	0	0	0	0	0	14523	0	0	0	18000	18000	18000	18000	100	NaN	0.6620357153984747	0.890677729428543	0.20451315745195658	0.18317248455800864	28.238508001492946	0.3569563165051239	8.114183718197188e-8	NaN	-0.04194850062814286	0.46077066314927473	0.0771704849742075	0.000019968106567785537	NaN	412.8934683510181	14.851698632279787	96012.17826757813	11.369999885559082	12.188466412544201	99.86973247824774	99.62615908728705	100.11330579566955	-0.4871346023571158	0.0002843685279723205	-1	0	2.0954746631450125	71.75648534176086	1.000097275995546	-273.1499938964844	9.000936921146181	-273.1499938964844	153
DATA	2026-05-20T073000_AIU-0547.ghg	2026-05-20	08:00:00	140.333	1	18000	18000	0.14403453008330983	0	NaN	-49.903511168156996	1	NaN	79.18217032770012	1	NaN	11.812666374921879	1	NaN	1.7974418983613807	1	NaN	0.03309540205256492	1	NaN	NaN	NaN	NaN	NaN	NaN	NaN	NaN	NaN	NaN	-1.1911322549047228e-10	-4.199931911557935e-12	-6.330905942130213e-13	NaN	16.038630875363488	410.5179610577752	416.5474275302555	0.1	1	565.5220682150499	14.474861862020186	14.687460828618267	0.1	1	0.0852458348721266	2.0950574145389056	2.1258284882486524	0	1	NaN	NaN	NaN	NaN	9	297.7177454121908	296.55867269134524	95611.40500477431	1.1170511619313193	1013.5424613951022	0.025787601433455834	0.11647423501381746	0.01011482265598953	1384.33311300161	2871.1082047010627	0.009054932308115203	48.215985407131164	1486.7750916994528	284.9626544255838	0.902369507648756	-1.4775783895555388	0.28146475795684756	1.7540612975569647	2.5867802320948765e-14	-7.426645479661168e-15	1.7540612975569647	6.104252770068375	30.58723783328651	301.4127621667135	9.233864731884653	NaN	0.35908459809557103	0.8057309714518482	78.4523998508985	0.036965089729715725	-0.630236718211036	-0.12274938168619325	0	65.6092791990131	-9.956461240669377	22.52154243578377	56.08182506234511	85.5283217706149	119.95468738215826	179.71398030442612	0.1429670003317559	1.0074669661465703	-44.94816240109452	1.0138804205242764	71.16261692456987	1.1126933458845496	10.616282031893748	1.1126933458845496	1.6153973644306119	1.1126933458845496	0.03885163960113349	1.1937892626735407	NaN	NaN	800000009	800000009	800000009	800000009	800011119	800111119	899999999	899999999	89999	89999	89	89	11	10	4	18	50	18	5	NaN	0	0	14494	0	0	0	0	0	0	NaN	NaN	NaN	NaN	0	0	0	0	0	0	0	0	14621	0	0	0	18000	18000	18000	18000	100	NaN	0.7902931070908602	0.6248927236183703	0.19627611219446608	0.3077013915594624	46.766887491268236	0.3586424371593691	3.574922851161786e-7	NaN	-0.03970058707125511	0.2777905075521435	0.04226922875781281	0.00003885163960113349	NaN	410.5120517110367	14.474471424783507	96006.33427560765	11.369999885559082	11.796635634581264	99.7946045689053	99.55055751864117	100.03865167681377	-0.4880728038703956	0.0002846117236185819	-1	0	2.082546874993376	71.69082152292467	1.0000996166153087	-273.1499938964844	9.00091235338317	-273.1499938964844	048
DATA	2026-05-20T080000_AIU-0547.ghg	2026-05-20	08:30:00	140.354	1	18000	18000	0.09211283154761733	1	NaN	-7.107442170578615	2	NaN	98.96168325048166	1	NaN	2.438689613084895	1	NaN	2.248109807967062	1	NaN	0.00714474642534807	1	NaN	NaN	NaN	NaN	NaN	NaN	NaN	NaN	NaN	NaN	-2.8952153498888925e-11	-1.0235741421099588e-12	-1.5297473558178236e-13	NaN	15.916089499061343	413.3425400959211	419.4724197565731	0.2	0	562.6972672472269	14.613307983893845	14.83002368744695	0.5	0	0.0840959751995073	2.0740972242082183	2.104856135173294	0	1	NaN	NaN	NaN	NaN	9	298.1508547117445	297.32551981523295	95636.1238483073	1.1143995071569952	1013.6393727893421	0.025847601013867304	0.14567751555626562	0.010187862859705155	1397.935012892197	3006.615586478881	0.009142020248820786	46.49530253148696	1608.6805735866842	285.11088320165805	1.5455669944534953	-1.6296598037226304	0.29934077730804837	2.2658714242367757	3.8835020012541445e-14	-1.8190494279764128e-15	2.2658714242367757	6.311706324781533	18.517068652301134	313.48293134769887	7.591449009449754	NaN	0.2875011662083505	1.2836443456807642	282.7817128101196	0.010255260042035579	-0.07182014227252974	-0.021885140608093368	0	45.928168489556775	-6.9697767602983065	15.765654009058812	39.2587076418297	59.87200622940109	83.97134003695541	125.80436895692533	0.09150146445066491	1.0066815006800471	-1.371087140470456	1.0126918026962257	89.60570370548851	1.1044127679164701	2.208132397532496	1.1044127679164701	2.035570280673442	1.1044127679164701	0.002490942246449029	1.1737559680092655	NaN	NaN	800000009	800000009	800000009	800000009	800011119	800011119	899999999	899999999	89999	89999	89	89	6	0	3	61	82	24	1	NaN	0	0	130	0	0	0	0	0	0	NaN	NaN	NaN	NaN	0	0	0	0	0	0	0	0	14223	0	0	0	18000	18000	18000	18000	100	NaN	1.026121733086189	1.2342870459219926	0.3068799123533469	0.08072424603834304	19.673730115387894	0.18016019053207646	9.603421355789956e-8	NaN	-0.001213781949618966	0.05792157810170426	0.05339509674568765	0.000002490942246449029	NaN	413.3265270062606	14.613005479980613	96034.5423999566	11.369999885559082	11.950611885044335	99.69506481001113	99.45261577924092	99.93751795895895	-0.4848977341072427	0.000288998451691845	-1	0	2.0616552226278526	71.65772101423475	1.0000875203079647	-273.1499938964844	9.000819713963402	-273.1903688981798	100
DATA	2026-05-20T083000_AIU-0547.ghg	2026-05-20	09:00:00	140.374	1	18000	18000	0.11449212423242001	0	NaN	-28.900377000565424	1	NaN	83.78983096379652	0	NaN	7.536434460690765	1	NaN	1.9042096922146876	0	NaN	-0.022203716575174465	1	NaN	NaN	NaN	NaN	NaN	NaN	NaN	NaN	NaN	NaN	-7.732553597238107e-11	-2.831266354979308e-12	-4.079713385747215e-13	NaN	15.900541898847829	415.66887768206817	422.0929946882458	0.2	0	582.1966668323684	15.219672174190944	15.454890541723987	0.4	0	0.08389163141207828	2.0734299962523712	2.105474629890379	-0.1	0	NaN	NaN	NaN	NaN	9	298.2473674316406	297.73605246565074	95644.68624978299	1.112705953130579	1013.9882186592469	0.025880972976740114	0.12339278805551175	0.010596916024931093	1456.0712408819297	3081.427812631961	0.009523554713729043	47.253134891329665	1625.3565717500312	285.73046352519873	1.0718165295813304	-1.3584787356549004	0.22802253030110609	1.7453508021699324	-6.982318266778185e-15	-4.863075514299558e-15	1.7453508021699324	6.527581894763716	23.727162965569278	308.27283703443067	7.506904875197098	NaN	0.3207728485240961	1.0437838466794682	96.60779605856067	0.030018281322162752	-0.34491508895694695	-0.07985324820119062	0	59.52087307538781	-9.032522122188084	20.4315896340835	50.877547080598895	77.59146947824223	108.8231391906324	163.03689267986033	0.11366077272620319	1.0073143221383816	-23.860141970265953	1.0134300643935064	75.56934276166778	1.1087807290855325	6.797046758655739	1.1087807290855325	1.7173906817312614	1.1087807290855325	-0.016232973052351947	1.187283041985724	NaN	NaN	800000009	800000009	800000009	800000009	800001109	800011109	899999999	899999999	89999	89999	89	89	14	14	4	41	46	17	2	NaN	0	0	0	0	0	0	0	0	0	NaN	NaN	NaN	NaN	0	0	0	0	0	0	0	0	7061	0	0	0	18000	18000	18000	18000	100	NaN	1.142642779897552	0.7451186828150792	0.19980623064630534	0.09028890001096221	9.054759769998636	0.17301365352047018	1.0156239904587664e-7	NaN	-0.021147532584868727	0.17863365847848658	0.04513486392069346	-0.000016232973052351947	NaN	415.66252883739867	15.21941308165479	96042.73724782986	11.369999885559082	12.570581725623834	99.62593845261469	99.3865274211036	99.8653553774092	-0.4788299712662894	0.00029058958196482204	-1	0	2.0604980066749796	71.33089977010096	1.0000684298823277	-394.31537398445715	9.00053354540136	-341.10112174987626	236
DATA	2026-05-20T090000_AIU-0547.ghg	2026-05-20	09:30:00	140.395	1	18000	18000	0.07729486549595883	0	NaN	5.415795626188859	0	NaN	65.31204595071554	0	NaN	-0.9289514279531355	0	NaN	1.4844039744171185	0	NaN	-0.00929378476907185	1	NaN	NaN	NaN	NaN	NaN	NaN	NaN	NaN	NaN	NaN	6.083715559843731e-11	2.2968749166849693e-12	3.247637567513501e-13	NaN	15.83982169314181	414.5876881081038	421.1802288339207	0.1	1	598.0241642440363	15.652540823364452	15.901438742430576	0.3	0	0.08455687891280048	2.0910484542325887	2.1242991331350223	-0.1	0	NaN	NaN	NaN	NaN	9	298.71219364844427	297.8199440773858	95641.5661232639	1.1121731064319325	1014.2321078380285	0.025889109886262137	0.09618937754222927	0.010894881736334013	1497.435081548742	3096.9138223397495	0.009796030557946965	48.35249436864907	1599.4787407910076	286.1581755839614	1.8283207942133477	-0.9385859343572894	0.3342599677518718	2.082169591740302	-1.0260028620442712e-13	3.840772754707085e-15	2.082169591740302	6.241731750522056	359.1741298235273	332.8258701764727	9.237919450358158	NaN	0.26362653914313183	1.2652466518952468	-286.18760840098065	-0.010133213021357576	0.08292184921408859	0.01821224125447297	0	50.00052162109712	-7.587772059248489	17.16356105795781	42.73969384840541	65.18072983146124	91.41690037182683	136.95917509729395	0.07663209986407947	1.008648668548231	9.172711409622778	1.0133072332574284	59.76841873797899	1.092751779782555	-0.8501028734430303	1.092751779782555	1.358409111639697	1.092751779782555	-0.014130917127729325	1.1506031199484648	NaN	NaN	800000009	800000009	800000009	800000009	800011009	800011109	899999999	899999999	89999	89999	89	89	6	8	1	26	44	21	4	NaN	0	0	0	0	0	0	0	0	0	NaN	NaN	NaN	NaN	0	0	0	0	0	0	0	0	7691	0	0	0	18000	18000	18000	18000	100	NaN	0.8928487594199895	1.4289894575844984	0.20865508678600586	0.029707831753335773	3.71585375944402	0.10628056579345321	4.441583708981039e-8	NaN	0.008131824287951095	-0.022358467403876627	0.03572737699463917	-0.000014130917127729325	NaN	414.5846846999244	15.652282552109202	96035.5267172309	11.369999885559082	12.999570942295925	99.56506543477376	99.32414668189156	99.80598070865207	-0.48183326500323104	0.00029130945826182146	-1	0	2.0776281187733012	71.87444170439689	1.000070558173789	-273.1499938964844	9.00071661927965	-273.1499938964844	058
DATA	2026-05-20T093000_AIU-0547.ghg	2026-05-20	10:00:00	140.416	1	18000	18000	0.07377315654439792	0	NaN	5.315043392933903	1	NaN	80.13634522935116	0	NaN	-1.1074882749857329	1	NaN	1.8221249541404172	0	NaN	-0.01257937996141953	1	NaN	NaN	NaN	NaN	NaN	NaN	NaN	NaN	NaN	NaN	6.639728457424752e-11	2.555970384638632e-12	3.521532608998723e-13	NaN	15.799284925393813	413.9586084465113	420.6620174382314	0.1	1	608.1951186214127	15.935379743916181	16.19342817117976	0.3	0	0.08379513924461844	2.0766837032715952	2.1103123316547836	-0.2	0	NaN	NaN	NaN	NaN	9	299.1956551216974	298.2701018498739	95649.9220234375	1.1104721186461304	1014.4018840122156	0.025925976459993474	0.11807369702829902	0.011075978115947235	1524.6266852171516	3181.17602023049	0.009974116351026343	47.92651131284102	1656.5493350133384	286.4337165985046	1.4636508763402147	-1.0574298216971036	0.30414727163705985	1.8311027492934508	1.6690373294684877e-15	4.202549981710169e-15	1.8311027492934508	5.469015684327078	7.846621105105214	324.1533788948948	9.561176721620667	NaN	0.2577480294001653	0.9387176469319773	-272.5699718316978	-0.010639469859837115	0.06632500368867818	0.018306012513394213	0	53.20436108805391	-8.07396705885095	18.26333547086725	45.4782876373829	69.35725815453716	97.27454072961332	145.73498775508452	0.07310607362125747	1.0091248632308778	9.956595862207	1.0133226584984918	73.4886257660394	1.0904591614554833	-1.0156164615165597	1.0904591614554833	1.670970375184292	1.0904591614554833	-0.01797245816287825	1.149317944393719	NaN	NaN	800000009	800000009	800000009	800000009	800000009	800001109	899999999	899999999	89999	89999	89	89	5	6	1	8	32	21	0	NaN	0	0	0	0	0	0	0	0	0	NaN	NaN	NaN	NaN	0	0	0	0	0	0	0	0	7369	0	0	0	18000	18000	18000	18000	100	NaN	0.7991450912978755	0.9075209473514337	0.17076925521464537	0.08905044781084404	1.0464170174684706	0.10622035598171961	1.541351954888184e-7	NaN	0.008838797281785734	-0.026757351403431617	0.044023254060658074	-0.00001797245816287825	NaN	413.95871727031715	15.93517483534623	96048.49437109375	11.369999885559082	13.276125349415668	99.52256738747491	99.28228975847033	99.76284343952602	-0.4805589713763297	0.0002909183436713648	-1	0	2.063125382648575	71.36657358971347	1.0000563256740571	-273.1499938964844	9.000603505081601	-273.1499938964844	085
DATA	2026-05-20T100000_AIU-0547.ghg	2026-05-20	10:30:00	140.437	1	18000	18000	0.12306302954540058	1	NaN	19.18424295405047	1	NaN	77.07684125187946	1	NaN	-3.3659261820074664	1	NaN	1.7543925217207208	1	NaN	0.003367108418153291	1	NaN	NaN	NaN	NaN	NaN	NaN	NaN	NaN	NaN	NaN	-2.9916855333806427e-10	-1.187894877691534e-11	-1.5884809629191656e-12	NaN	15.624528068567221	410.6722594734179	417.47984250128707	0.1	1	620.3959825291272	16.30637538589229	16.57668096841545	0.3	0	0.0829608095990928	2.066428215329183	2.100682736598827	-0.2	0	NaN	NaN	NaN	NaN	9	300.15797470008	299.3466105617949	95642.55092751737	1.1062372251053956	1014.6377142838955	0.02602155312750779	0.1136846354075027	0.011292211807979374	1560.0016800093683	3390.8354336945163	0.010207766970509893	46.006410824534	1830.833753685148	286.7857853607084	1.1420481887215161	-0.3134519542487318	0.2864208832602457	1.2184264915670058	6.554442434002508e-14	-1.9147365733235758e-14	1.2184264915670058	4.6714532936726325	347.3477351939255	344.6522648060746	13.596008767817938	NaN	0.33353365824746967	0.6947691118206573	-163.63976844911215	-0.017721853480267096	0.2488976279056153	0.051244319388218745	0	82.89711908880608	-12.579957640858618	28.455898436251225	70.85921058222422	108.06476708543138	151.56237237443779	227.0680520971713	0.1216728049679807	1.0114259269175698	23.55728316372945	1.0142307158785917	70.94292003502264	1.086462767726909	-3.0980593923615416	1.086462767726909	1.6147746373225937	1.086462767726909	-0.007355222518398102	1.1479269689259168	NaN	NaN	800000009	800000009	800000009	800000009	800010009	800110109	899999999	899999999	89999	89999	89	89	0	0	3	16	3	18	3	NaN	0	0	0	0	0	0	0	0	0	NaN	NaN	NaN	NaN	0	0	0	0	0	0	0	0	5581	0	0	0	18000	18000	18000	18000	100	NaN	0.7879645549628588	0.5072071796737639	0.09436648900469176	0.1261904600385824	3.707684729008738	0.15944056901518064	1.0659437626844262e-7	NaN	0.020987752433181222	-0.08195303244516837	0.04271566857963258	-0.000007355222518398102	NaN	410.6722237284797	16.30615648290956	96049.55348958333	11.369999885559082	13.628500773270927	99.44553725157843	99.20557872136435	99.6854921635522	-0.4799093299400473	0.00029190852982315433	-1	0	2.0526616816189547	71.95032865358284	1.0000395197553766	-273.1499938964844	9.000504349072774	-273.1499938964844	243
DATA	2026-05-20T103000_AIU-0547.ghg	2026-05-20	11:00:00	140.458	1	18000	18000	0.13621070004430086	1	NaN	76.39699643106212	1	NaN	3.4800114516123424	2	NaN	-8.813745208783418	1	NaN	0.07931020328852477	2	NaN	0.0005153604317138567	1	NaN	NaN	NaN	NaN	NaN	NaN	NaN	NaN	NaN	NaN	1.5442738535656451e-10	6.473753137843933e-12	8.287874484976636e-13	NaN	15.435066041740164	407.6335391070657	414.7204533959569	0.1	1	647.0536750319727	17.088412763006204	17.385503421566593	0.3	0	0.0828375677836533	2.076198677810681	2.112294437027611	0.3	0	NaN	NaN	NaN	NaN	9	301.1079699274699	300.63799682956267	95630.4193641493	1.1010179821893564	1015.1101085679577	0.02613712584615119	0.005139301173096405	0.011781448544802373	1634.6104281549676	3658.1490551316983	0.01070050511016646	44.68408486149342	2023.5386269767307	287.5058857599832	0.348849797894143	-0.08957646103188145	0.21653850572953554	0.42024879336575705	1.883579443772305e-14	1.0004970820270894e-14	0.42024879336575705	2.9831738900489984	346.4010873064357	345.5989126935643	31.015012302013574	NaN	0.35172918557809024	0.36728499556735383	-48.19445030176884	-0.060172903349694676	21.95308765310707	0.19433915651621073	0	84.94115104146863	-12.890147375600904	29.157548460820923	72.60641835207865	110.72936917664549	155.2995146944599	232.6669722890569	0.13289581110796184	1.0249435170958554	75.31650162298916	1.0226967041889097	3.1859597691332193	1.0922961066012216	-8.06900725500907	1.0922961066012216	0.07260870272192553	1.0922961066012216	-0.022278121356286065	1.1582593457892882	NaN	NaN	800000009	800000009	800000009	800000009	800011009	800011119	899999999	899999999	89999	89999	89	89	2	0	1	29	47	17	0	NaN	0	0	0	0	0	0	0	0	0	NaN	NaN	NaN	NaN	0	0	0	0	0	0	0	0	3748	0	0	0	18000	18000	18000	18000	100	NaN	0.25144687364937307	0.3843796176626045	0.09874349982273013	0.24343589662550064	5.409424051570934	0.4170181741598222	5.893867930163871e-8	NaN	0.06738800115709903	-0.21456827282455854	0.0019307857141166829	-0.000022278121356286066	NaN	407.63096139513874	17.087990133127978	96041.34971983507	11.369999885559082	14.343884326378522	99.35009962760077	99.11131270896064	99.58888227844238	-0.4775669370624745	0.00029319394878823203	-1	0	2.0617557694514597	72.49934165785051	1.0000241781605614	-273.1499938964844	9.000379115528531	-273.1499938964844	230
DATA	2026-05-20T110000_AIU-0547.ghg	2026-05-20	11:30:00	140.479	1	18000	18000	0.07300732503776923	0	NaN	-16.71285697041465	2	NaN	90.83461093228439	1	NaN	6.288534870035127	1	NaN	2.0697103291738217	1	NaN	-0.01313691083838955	0	NaN	NaN	NaN	NaN	NaN	NaN	NaN	NaN	NaN	NaN	1.9041875768778465e-11	8.19368354308044e-13	1.0294634859324796e-13	NaN	15.341988709529463	406.0742189894169	413.2958606101501	0.2	0	660.1629058703894	17.473297724472395	17.7840436132721	0.3	0	0.0829435995163103	2.077206598323269	2.1141477310616263	-0.1	0	NaN	NaN	NaN	NaN	9	301.62463531070284	300.4246259562175	95611.22478320313	1.1014174476181533	1015.3197889130197	0.026123819100357246	0.13411722933046363	0.012052940237425062	1671.0915288442425	3612.755779772701	0.010943117219987654	46.255313968368505	1941.6642509284584	287.84752805304845	0.9293105988433513	0.19851227292097678	0.23215728303193747	0.978224062108327	2.7992513320039084e-14	1.24116085139281e-15	0.978224062108327	3.951162618629455	319.9421320746879	12.057867925312099	13.728728824643513	NaN	0.25745850449470586	0.5745629949442324	86.39387580900821	0.03356719411930376	-0.18399216773079802	-0.058048185857250786	0	72.06856411606525	-10.93668264691274	24.738805925646897	61.60312465850669	93.94865202783294	131.76432029379274	197.40696240292854	0.07238010355566646	1.0086656615739764	-11.261299491952341	1.0134823969326825	82.52264552632185	1.10072344812687	5.713092494519393	1.10072344812687	1.8803181968149236	1.10072344812687	-0.01219645149130347	1.1818287300574242	NaN	NaN	800000009	800000009	800000009	800000009	800011009	800111119	899999999	899999999	89999	89999	89	89	5	0	1	21	11	15	2	NaN	0	0	0	0	0	0	0	0	0	NaN	NaN	NaN	NaN	0	0	0	0	0	0	0	0	301	0	0	0	18000	18000	18000	18000	100	NaN	0.4948845006418234	0.5744536196941173	0.07978786955252413	0.06544577277415947	10.042933720158844	0.6048838327948541	3.3192356759596355e-8	NaN	-0.010070098205763899	0.1519027487569358	0.04999490256947079	-0.00001219645149130347	NaN	406.0712060878532	17.472500491832456	96005.14737868923	11.369999885559082	14.679409201886918	99.3408249183231	99.10496910434298	99.5766794957055	-0.47170663087152775	0.00029430844615692164	-1	0	2.062422153141763	72.23454178137085	1.000025490494238	-273.1499938964844	9.000382256084018	-273.1499938964844	014
DATA	2026-05-20T113000_AIU-0547.ghg	2026-05-20	12:00:00	140.499	1	18000	18000	0.36209912559765556	1	NaN	181.39706256166494	1	NaN	63.694551097939936	1	NaN	-9.73800276184799	2	NaN	1.4526434690090877	1	NaN	0.03340520902351117	0	NaN	NaN	NaN	NaN	NaN	NaN	NaN	NaN	NaN	NaN	7.519468862793442e-10	3.288951656474503e-11	4.1067412038228695e-12	NaN	15.200695621640234	403.02098724528975	410.2528401405603	0.1	1	664.8654839403875	17.627794832066943	17.944109920184005	0.1	1	0.08301826122991508	2.0881682612003414	2.1256385820111596	-0.3	0	NaN	NaN	NaN	NaN	9	302.4301116824679	301.3672438586194	95594.699	1.09771809249248	1015.4321490858333	0.02621031596574787	0.09413129679178887	0.012119383403526269	1685.5757576102185	3817.0626643424075	0.011040524417346518	44.158975260119405	2131.486906732189	287.98135621975104	0.2660024517962964	-0.08365135506474693	0.20060164338430525	0.34350527345911297	-4.2609531087634814e-14	4.9467926007862864e-14	0.34350527345911297	3.719931276482618	349.4571040885703	342.5428959114297	35.731258935813	NaN	0.5743390254251916	0.6517711655317576	-88.3599730427143	-0.032820290682955555	2.847921202596117	0.2833480261574802	0	83.25199137506505	-12.633810879404459	28.577714608473173	71.16255007505846	108.52737895157557	152.21119209442983	228.0401022681521	0.3518065948112271	1.0292562190084902	181.64563720205336	1.0255333581855879	58.13841142164742	1.0955674491343896	-8.888546998673618	1.0955674491343896	1.32592791996223	1.0955674491343896	-0.0275222951246269	1.1623849676414153	NaN	NaN	800000009	800000009	800000009	800000009	800010009	800010119	899999999	899999999	89999	89999	89	89	1	1	1	15	5	9	0	NaN	0	0	0	0	0	0	0	0	0	NaN	NaN	NaN	NaN	0	0	0	0	0	0	0	0	3612	0	0	0	18000	18000	18000	18000	100	NaN	0.6031125219369332	0.4235845216699854	0.2768452874565968	0.3476289240457469	1.3464171174919333	0.2719074478165327	1.9436409913149336e-7	NaN	0.16296083444990753	-0.2371532352583364	0.03537677147742173	-0.0000275222951246269	NaN	403.02119345511073	17.627411044023468	95995.43360199653	11.369999885559082	14.8212232525879	99.27862746704949	99.03905891545611	99.5181978785197	-0.4791383502922136	0.0002944410224218801	-1	0	2.0732162486049863	71.27760693585124	1.0000199143489201	-273.1499938964844	9.000346230162515	-273.1499938964844	016
DATA	2026-05-20T120000_AIU-0547.ghg	2026-05-20	12:30:00	140.52	1	18000	18000	0.6125194186628359	1	NaN	77.76043562516638	1	NaN	-45.295707323395234	2	NaN	0.23004892351250072	2	NaN	-1.0334035803214008	2	NaN	-0.06759892571484931	1	NaN	NaN	NaN	NaN	NaN	NaN	NaN	NaN	NaN	NaN	1.1215160973735416e-9	4.8644273036171294e-11	6.164888667198244e-12	NaN	15.10544084880025	401.55077651533554	408.6684454186664	0.1	1	655.1784594992201	17.41673227557135	17.725451722688987	0.1	1	0.08303345918965051	2.0918927591089496	2.128972503219578	0.2	0	NaN	NaN	NaN	NaN	9	303.0278222554524	301.73634988742407	95587.35526519097	1.0963791389569495	1015.3242854041554	0.026244433753860614	-0.06696455200482676	0.011958708041741603	1665.2659457576951	3899.762084290223	0.010907456751793573	42.70173179194808	2234.4961385325278	287.79341452897194	0.3463490370605557	-0.07840073273274868	0.23669951141237044	0.42676807409716855	-4.161599443927749e-14	7.424583688748271e-14	0.42676807409716855	4.58705105830565	344.75471266711213	347.24528733288787	33.68541692535401	NaN	0.7474455301261623	1.0861728092375074	-454.28222140794975	-0.0063836968812296365	-1.7167285868831794	0.09345737922409987	0	94.12276990712755	-14.283493461376937	32.30930110064021	80.45472806222034	122.698536683199	172.08644230802844	257.8168488329009	0.5977882104927305	1.0246428549635718	73.78414342081794	1.0224996832675668	-41.476734528442606	1.092075059388626	0.21065303298959004	1.092075059388626	-0.9462752321254629	1.092075059388626	-0.08111179564770274	1.1579766600113808	NaN	NaN	800000009	800000009	800000009	800000009	800010009	800011109	899999999	899999999	89999	89999	89	89	7	0	0	20	16	17	1	NaN	0	0	0	0	0	0	0	0	0	NaN	NaN	NaN	NaN	0	0	0	0	0	0	0	0	1405	0	0	0	18000	18000	18000	18000	100	NaN	1.041893213124475	0.7854601010308772	0.34499230431966266	0.13775176899229793	0.38814247532500545	0.23504506827282726	2.1436362621831204e-7	NaN	0.06628228963437002	0.005626490941875238	-0.025274779795541397	-0.00008111179564770274	NaN	401.55063407504167	17.41629712328235	95976.0980297309	11.369999885559082	14.63183853618302	99.22147483995226	98.97718546973334	99.46576170942518	-0.4885829236168001	0.0002951538051193994	-1	0	2.0770796218165635	71.20097109476723	1.000011106092069	-273.1499938964844	9.000252710872227	-273.1499938964844	102
DATA	2026-05-20T123000_AIU-0547.ghg	2026-05-20	13:00:00	140.541	1	18000	18000	0.20398193276007226	1	NaN	34.657572935534226	1	NaN	65.81219191261444	1	NaN	0.14794058942080038	1	NaN	1.502430448896932	1	NaN	0.018807808749181667	2	NaN	NaN	NaN	NaN	NaN	NaN	NaN	NaN	NaN	NaN	2.4040620494606405e-10	1.0252956541232114e-11	1.2958407692089858e-12	NaN	15.07944046641469	401.7422728671962	408.7455943164988	0.1	1	643.1150468971206	17.133692807169012	17.432373743794955	0.4	0	0.08128140343808476	2.0536323400870664	2.0894320265718083	0	1	NaN	NaN	NaN	NaN	9	303.65713102722174	302.38627119276254	95558.2299622396	1.0938071641476104	1015.1844322917474	0.026308978930334577	0.0973574930885212	0.011735504843909278	1637.704536470063	4049.173042843159	0.01072904368207773	40.44540747313027	2411.468506373096	287.53512050434654	-0.6027083497619179	-0.2727844923614186	0.18332368098665874	0.6864956708939567	3.0019696867908156e-14	1.594264757246814e-14	0.6864956708939567	4.124633539819809	127.64859562894083	204.35140437105915	15.4883678051226	NaN	0.4318425875446171	0.5682071471298449	-196.5244118650997	-0.014756436477676105	0.5266132600712132	0.07227481081685662	0	84.90487159142019	-12.88464182908904	29.145094899620617	72.57540722383865	110.68207524939487	155.23318428903423	232.56759725474683	0.20055763657073228	1.017073875858785	38.1821852462087	1.017601759660958	60.53535248844773	1.0871695498126275	0.13607867277583133	1.0871695498126275	1.3819651673981066	1.0871695498126275	0.0028672256045829724	1.1512321866451483	NaN	NaN	800000009	800000009	800000009	800000009	800000009	800100109	899999999	899999999	89999	89999	89	89	7	11	0	11	2	19	0	NaN	0	0	0	0	0	0	0	0	0	NaN	NaN	NaN	NaN	0	0	0	0	0	0	0	0	3410	0	0	0	18000	18000	18000	18000	100	NaN	0.49452269023771955	0.49288467197159985	0.1490069320503704	0.3924933650990787	0.7383926517795918	0.1894428121222991	2.9625743758914244e-7	NaN	0.03438547812283835	0.0036425174507343687	0.03699207330488232	0.0000028672256045829725	NaN	401.74211798642	17.13341011294105	95949.99789670139	11.369999885559082	14.37513647842405	99.2219133046468	98.9768099577162	99.46701628430685	-0.4902093761397729	0.0002961908538159655	-1	0	2.0393559360702858	71.45579742731876	1.0000331530157063	-273.1499938964844	9.000361185471217	-273.1499938964844	090
DATA	2026-05-20T130000_AIU-0547.ghg	2026-05-20	13:30:00	140.562	1	18000	18000	0.3204063928075723	1	NaN	-30.649976154392032	2	NaN	101.40968722665475	1	NaN	0.9916428529784405	2	NaN	2.3161128774605206	1	NaN	0.012577147900509449	2	NaN	NaN	NaN	NaN	NaN	NaN	NaN	NaN	NaN	NaN	2.3184925304815818e-10	9.805452837683841e-12	1.242885247864231e-12	NaN	15.008824266264822	400.96464141919745	407.8813888928752	0.1	1	634.7586483764762	16.957742280058582	17.250267876978356	0.3	0	0.08045851355170208	2.03701441463312	2.072153458954807	0	1	NaN	NaN	NaN	NaN	9	303.9906956448025	302.840223487854	95500.74077213541	1.0915835964915168	1015.0991941532031	0.02636433600117843	0.15008411445944173	0.011590601830773768	1619.911357116704	4156.463154919881	0.010618153174917048	38.97331208624485	2536.551797803177	287.36633337714954	-0.6924342591102403	-0.13888898191966287	0.17886507120731548	0.7285245817307456	-9.480766744479276e-14	1.5447529329081647e-14	0.7285245817307456	4.759335420489262	140.6580764549634	191.34192354503662	14.21238087741317	NaN	0.5417788985339093	0.8444191096350576	438.6118559564272	0.006611768379302755	-0.3022391350629856	-0.051055504414538114	0	92.86687337511319	-14.092906317363926	31.87819246195331	79.38120659597787	121.06134871204476	169.79026289985129	254.3767536607805	0.31724640080091593	1.0099606867049673	-24.36804878644228	1.0133094153329036	92.81009241254289	1.0926579705996466	0.9075510174828364	1.0926579705996466	2.119705287272509	1.0926579705996466	0.013966510385334675	1.1690035877863492	NaN	NaN	800000009	800000009	800000009	800000009	800000009	800110109	899999999	899999999	89999	89999	89	89	1	12	8	21	2	16	0	NaN	0	0	0	0	0	0	0	0	0	NaN	NaN	NaN	NaN	0	0	0	0	0	0	0	0	3615	0	0	0	18000	18000	18000	18000	100	NaN	0.9516394530169557	0.5497514747460278	0.18744729150713174	0.35190467528523084	0.33577820575089573	0.2675560374082549	7.074494793953423e-8	NaN	-0.021991521210840553	0.02433983940232738	0.056848910175402695	0.000013966510385334674	NaN	400.9645602081449	16.957386829087763	95891.63631163194	11.369999885559082	14.204325387054007	99.19717892964681	98.94775947083367	99.44660636901855	-0.4988545971819091	0.00029709917943950546	-1	0	2.023036682996485	71.76643472605463	1.0000045555548536	-273.1499938964844	9.000185556782617	-273.1499938964844	191
DATA	2026-05-20T133000_AIU-0547.ghg	2026-05-20	14:00:00	140.583	1	18000	18000	0.17119494550463946	0	NaN	60.69437748254029	0	NaN	131.7747484928001	0	NaN	-2.8869983139895736	1	NaN	3.011105221181558	0	NaN	-0.02601416968448487	1	NaN	NaN	NaN	NaN	NaN	NaN	NaN	NaN	NaN	NaN	1.519845793006715e-10	6.2040436450074084e-12	8.269762061276899e-13	NaN	14.9835998314694	401.0583599332871	407.73348287924364	0.1	1	611.6338100976741	16.3712896444502	16.64376961763602	0.4	0	0.08152853795943829	2.068392007008292	2.102817847051898	-0.3	0	NaN	NaN	NaN	NaN	9	304.3776977598402	303.34399996100535	95477.560499783	1.0897494063090682	1014.7867900257423	0.026414604672283504	0.19511961833256494	0.011168467145647377	1563.5100800472146	4278.414861091257	0.010248656325011884	36.54414381985444	2714.9047810440425	286.82031888642075	-0.7397673583860802	-0.3547068876787382	0.13229966209231817	0.8310089778636572	-1.043125996554365e-14	1.014339551310393e-14	0.8310089778636572	4.895110206227034	126.38301012022856	205.61698987977144	9.160676228438254	NaN	0.39635299887975406	0.9506988028194506	-86.70221638976918	-0.03344781853053296	0.4605918673854006	0.13847292520260168	0	71.93226152564813	-10.915998202958182	24.692017657102216	61.486615254278504	93.77096783508327	131.51511568702867	197.03360849097103	0.16869302017921475	1.0148312320377377	67.95076542935821	1.016200086459612	121.31157271980418	1.086250433807852	-2.6577649353558352	1.086250433807852	2.7720175085464644	1.086250433807852	-0.049545486591906496	1.1495397099072593	NaN	NaN	800000009	800000009	800000009	800000009	800000009	800000009	899999999	899999999	89999	89999	89	89	21	14	8	12	0	14	0	NaN	0	0	0	0	0	0	0	0	0	NaN	NaN	NaN	NaN	0	0	0	0	0	0	0	0	4513	0	0	0	18000	18000	18000	18000	100	NaN	0.740568187189864	0.9708344637988814	0.189994954650156	0.3270222960803066	0.6859937708057794	0.4577433567513766	7.190225093652292e-7	NaN	0.061445899605197835	-0.0713725847644974	0.07444076485677421	-0.0000495454865919065	NaN	401.05847765298745	16.370829141359884	95868.11225130208	11.369999885559082	13.653301191197508	99.21151508712768	98.96075208176507	99.46228495407105	-0.501530644868811	0.0002977918414269678	-1	0	2.054729335983599	72.62386685708358	1.0000081915044123	-273.1499938964844	9.00021419315868	-273.1499938964844	143
DATA	2026-05-20T140000_AIU-0547.ghg	2026-05-20	14:30:00	140.604	1	18000	18000	0.4225500808795396	1	NaN	-34.27448114426105	2	NaN	256.4412362868858	1	NaN	1.4823528862371316	2	NaN	5.860680891802604	1	NaN	0.018136042120268474	2	NaN	NaN	NaN	NaN	NaN	NaN	NaN	NaN	NaN	NaN	-3.2431611956869715e-11	-1.2753888587625918e-12	-1.7738916239366618e-13	NaN	15.019873825197395	402.46096423876605	408.9331377555983	0.1	1	590.6638178254021	15.826972478567942	16.081493838971603	0.1	0	0.08215326579059992	2.085347828576871	2.118883336834243	0	1	NaN	NaN	NaN	NaN	9	304.5828554712932	303.50084064059797	95440.70414952256	1.088991293974559	1014.4882183918648	0.026438467858879	0.3797721217888087	0.010787389438477749	1510.9425835762754	4317.011477675773	0.009905854618090053	34.99973514987616	2806.0688940994974	286.2955964441455	-0.1871316537529797	-0.39950896522870266	0.18605108292164343	0.47879084639421293	-2.353531653688701e-13	-2.159246631117655e-15	0.47879084639421293	5.902310321432714	87.09858625728668	244.90141374271332	22.866501009015046	NaN	0.6229122773103982	1.580959580305046	595.7779328716264	0.00486758545423479	-0.1336543281436903	-0.04980495852754321	0	81.46147826812684	-12.362093607582809	27.963089399782536	69.63204640147666	106.1932642803841	148.93756308008062	223.13560947134738	0.41715101665150756	1.0129427090250687	-18.635696013644363	1.014628204395563	234.80792279286828	1.0921319572044466	1.357301996758287	1.0921319572044466	5.366275433240058	1.0921319572044466	0.010655608329990218	1.1686143932161432	NaN	NaN	800000009	800000009	800000009	800000009	800000009	800100109	899999999	899999999	89999	89999	89	89	6	0	3	20	1	19	1	NaN	0	0	0	0	0	0	0	0	0	NaN	NaN	NaN	NaN	0	0	0	0	0	0	0	0	4310	0	0	0	18000	18000	18000	18000	100	NaN	0.9851364427149986	1.8329397696442138	0.3438429482508795	0.39617176512554997	0.5011526714840352	0.3629227004579725	1.0502942766886145e-7	NaN	-0.01686841208607317	0.036462226671510625	0.14415830205501629	0.000010655608329990218	NaN	402.4607702221657	15.826422386152506	95829.80924348958	11.369999885559082	13.129861594544609	99.23495431539747	98.98561190880669	99.48429341464572	-0.4986731558053029	0.00029778089273733917	-1	0	2.072013155257261	71.43437785982196	1.0000021123441585	-273.1499938964844	9.000173118432363	-273.1499938964844	168
DATA	2026-05-20T143000_AIU-0547.ghg	2026-05-20	15:00:00	140.624	1	18000	18000	0.22324135727293695	1	NaN	84.33778053465949	1	NaN	32.53202331488026	1	NaN	0.27789935350512834	2	NaN	0.7439279810884388	1	NaN	0.00216166692770376	1	NaN	NaN	NaN	NaN	NaN	NaN	NaN	NaN	NaN	NaN	2.429444929539475e-11	9.804810869813504e-13	1.3297766826971838e-13	NaN	14.94910730281937	401.4287620346342	408.03939032529473	0.3	0	603.3195813352977	16.200956200308084	16.46774948848874	0.4	0	0.08182516951390884	2.083170868320766	2.11747600432199	-0.2	0	NaN	NaN	NaN	NaN	9	305.14407910410563	304.11310233222116	95418.60757682292	1.086392665112306	1014.7149672949683	0.0264979378446121	0.04820653317453083	0.01101750775640043	1546.2873460290448	4470.593225851586	0.010141367951210803	34.587967813477334	2924.305879822541	286.65013526394097	-1.0909245988504044	-0.02634616360427289	0.14301181588452677	1.100573932180945	1.009178023246725e-14	1.6251438165015292e-15	1.100573932180945	5.0681021387662994	150.61655827094273	181.38344172905732	7.466295232075307	NaN	0.45330855444703694	0.6029159233119219	-93.3034442446053	-0.031081382080572813	2.592454201767496	0.16877082053674672	0	88.06393940455565	-13.36404255749397	30.22950065258184	75.27573087651815	114.80023919991586	161.0089677844487	241.22077341643086	0.22054992929275807	1.012203259320053	85.51148906851896	1.0146492475472024	29.95272540387968	1.0861122944981325	0.2558661336519897	1.0861122944981325	0.6849457324596356	1.0861122944981325	-0.02515221024797234	1.1481103736431957	NaN	NaN	800000009	800000009	800000009	800000009	800000019	800000019	899999999	899999999	89999	89999	89	89	14	28	4	2	0	10	0	NaN	0	0	0	0	0	0	0	0	0	NaN	NaN	NaN	NaN	0	0	0	0	0	0	0	0	4913	0	0	0	18000	18000	18000	18000	100	NaN	0.7527316051386563	0.30324235104383573	0.14985789044135175	0.24159840241810854	0.666498369737079	0.42993752497069176	1.1260490378979028e-7	NaN	0.07756996188052184	0.006891605453240408	0.018448614819079102	-0.000025152210247972338	NaN	401.4291711401706	16.200325726455834	95811.47125021703	11.369999885559082	13.483630884885761	99.2303089673784	98.9765730067359	99.48404216978285	-0.5074677670300008	0.00029864377133910437	-1	0	2.069562382956346	72.45141438116177	1.0000066969659593	-273.1499938964844	9.000221051587	-273.1499938964844	240
DATA	2026-05-20T150000_AIU-0547.ghg	2026-05-20	15:30:00	140.645	1	18000	18000	0.17861479950327674	0	NaN	28.394309461279956	0	NaN	40.873605520651616	0	NaN	1.8531468450512756	1	NaN	0.9343762875604414	0	NaN	0.0028033322981514002	1	NaN	NaN	NaN	NaN	NaN	NaN	NaN	NaN	NaN	NaN	-8.993224039528483e-11	-3.724570611850378e-12	-4.943903144262375e-13	NaN	14.911100005270292	400.5496451916185	407.3064035707807	0.1	1	617.5476628390944	16.588883258222683	16.8687164257251	0.4	0	0.08197175326272826	2.0841619658242894	2.119319103011061	-0.2	0	NaN	NaN	NaN	NaN	9	304.8608478944567	303.7807042829726	95382.5863216146	1.087010373499834	1014.9210475652868	0.02647897140147375	0.0605475834339166	0.01128939930870528	1582.7150220572846	4386.634750549406	0.010385732817210327	36.08039219264966	2803.919728492121	287.00815648305405	-1.1621092567913536	-0.00046808528749176957	0.12654916285607343	1.1689793986394978	-4.9966511642575414e-14	-6.03122776746843e-15	1.1689793986394978	5.254588102622212	151.9769218687328	180.0230781312702	6.214797720333609	NaN	0.40536091900985693	0.7380202055742757	-198.12506574495725	-0.014637219117610876	0.6946857048599144	0.06349265497546482	0	78.36935912684652	-11.892852598421523	26.901664959413257	66.9889494665568	102.16237468523549	143.28418310900102	214.66581609395953	0.17654358447193436	1.0117320322771155	30.59940758947273	1.01439205853423	37.626751488424894	1.0862911068266297	1.705939442388379	1.0862911068266297	0.860152754347796	1.0862911068266297	-0.008446000172317348	1.1479791955396328	NaN	NaN	800000009	800000009	800000009	800000009	800000009	800000009	899999999	899999999	89999	89999	89	89	6	15	1	5	5	10	2	NaN	0	0	0	0	0	0	0	0	0	NaN	NaN	NaN	NaN	0	0	0	0	0	0	0	0	3214	0	0	0	18000	18000	18000	18000	100	NaN	0.7194269843726449	0.596213165506796	0.16040026126911044	0.1656820618198602	1.3788922763926843	0.3788601609691388	5.4029940449947424e-8	NaN	0.027736207061580927	0.04593371514123552	0.023160266193766706	-0.000008446000172317349	NaN	400.550013252825	16.588484110926263	95766.99049609376	11.369999885559082	13.842355391022032	99.24131843778822	98.98633857048883	99.4962936867608	-0.5099612624148527	0.00029865340706116214	-1	0	2.0702188980248244	72.23838589402658	1.0000109431627724	-273.1499938964844	9.000236111958822	-273.1499938964844	113
DATA	2026-05-20T153000_AIU-0547.ghg	2026-05-20	16:00:00	140.666	1	18000	18000	0.20869312727594969	1	NaN	-24.80855851192993	2	NaN	391.0361321742317	1	NaN	12.747028752133495	0	NaN	8.932609657291927	1	NaN	0.007915025300077084	2	NaN	NaN	NaN	NaN	NaN	NaN	NaN	NaN	NaN	NaN	2.668626755092349e-10	1.1230613671032133e-11	1.4589818221030018e-12	NaN	15.042195366195177	402.49098807384524	409.42600030931203	0.2	0	633.0337676468426	16.938377704951602	17.230229846026734	0.1	0	0.08223813825564869	2.0842020201664884	2.1201133000195105	-0.3	0	NaN	NaN	NaN	NaN	9	304.08005270300976	303.031866575453	95346.14244726562	1.0891353270506674	1015.0937629624954	0.02642379517453219	0.5788331057925168	0.011551314618392651	1615.4421825427653	4202.494151607027	0.010605949813117462	38.44008163402257	2587.0519690642614	287.3236825536666	-0.041299322470464916	-0.3140222111206091	0.2052315206080866	0.3774063594650672	1.73543347657079e-14	1.7740939338480086e-14	0.3774063594650672	3.2727872445653543	69.49238005141433	262.50761994858567	32.94232568811275	NaN	0.4377368929938017	0.4668643977265252	285.4832744456424	0.010158213316108562	-0.06344313599357138	-0.0512625699840254	0	80.25011100149317	-12.178263951386324	27.54726621693586	68.59658788153878	104.61412470397195	146.72279737090014	219.81748685584233	0.2055394557280738	1.015343387656179	-1.2340768518039944	1.0156706876081387	357.99526038352656	1.0922941598592892	11.66995963228036	1.0922941598592892	8.177842549705327	1.0922941598592892	-0.009391703372213872	1.1685260551758152	NaN	NaN	800000009	800000009	800000009	800000009	800001009	800101009	899999999	899999999	89999	89999	89	89	7	6	2	5	16	6	0	NaN	0	0	0	0	0	0	0	0	0	NaN	NaN	NaN	NaN	0	0	0	0	0	0	0	0	7713	0	0	0	18000	18000	18000	18000	100	NaN	0.35402274714838905	0.40342758522247046	0.17627846308219103	0.8394738531412314	17.45892227088571	3.0085850342035187	9.492768938182445e-8	NaN	-0.0011162313140422842	0.3136792661206523	0.2198139265491663	-0.000009391703372213872	NaN	402.4880924849015	16.9354813104339	95739.2461486545	11.369999885559082	14.10097145893842	99.2016172926161	98.94946314705743	99.45377191585965	-0.5043093990865685	0.0002974382087801736	-1	0	2.069957284940614	70.97179735724121	1.0000089040150244	-273.1499938964844	9.0002295894093	-273.1499938964844	076
DATA	2026-05-20T160000_AIU-0547.ghg	2026-05-20	16:30:00	140.687	1	18000	18000	0.23016157455803746	1	NaN	-30.369054795745996	2	NaN	183.6740648080111	1	NaN	2.2697289593242904	1	NaN	4.199554121063889	1	NaN	-0.0018561669329178695	1	NaN	NaN	NaN	NaN	NaN	NaN	NaN	NaN	NaN	NaN	2.7554027753469808e-11	1.0761902737261496e-12	1.509437172222626e-13	NaN	14.96405126658042	401.9669661671825	408.3784290048585	0.1	1	584.4577995173631	15.699807781962281	15.950223220605174	0.7	0	0.08197456804106323	2.0853510698931936	2.118612884951318	-0.2	0	NaN	NaN	NaN	NaN	9	304.9590504523384	303.96107960679797	95310.35744487846	1.0859099170661244	1014.4312428400824	0.026514772198944415	0.27213110704494	0.010669921617865957	1496.755672713196	4432.023042581361	0.009825788907696505	33.77138743036486	2935.2673698681647	286.15123474447523	-0.6493112750830049	0.02308214055990485	0.170191471537525	0.6716420580538791	5.355590381816406e-15	1.841348125758356e-15	0.6716420580538791	4.2093435646408075	154.03593040972257	177.96406959027755	14.678566729747507	NaN	0.46038324562955724	0.5036236898356885	271.1906534377757	0.01069358387996731	-0.16534209567088223	-0.05988186932870798	0	87.1614312011197	-13.227083455723632	29.919698791465958	74.5042804384041	113.62372860619408	159.35889494833958	238.7486636253007	0.22778660753233793	1.0104262803306483	-19.13594157030977	1.0136005947999298	168.0112184423935	1.0932250031326805	2.076177321978815	1.0932250031326805	3.841436217640373	1.0932250031326805	-0.0038853602446452134	1.1703035397924395	NaN	NaN	800000009	800000009	800000009	800000009	800001009	800101009	899999999	899999999	89999	89999	89	89	4	32	4	0	26	7	0	NaN	0	0	0	0	0	0	0	0	0	NaN	NaN	NaN	NaN	0	0	0	0	0	0	0	0	8614	0	0	0	18000	18000	18000	18000	100	NaN	0.549977025287286	0.2986659671360359	0.15860438724805515	0.21487811926258235	1.0346979549568558	0.8272644725376065	6.566063119832028e-8	NaN	-0.017371343999925685	0.05592765774167242	0.10347985585927118	-0.000003885360244645213	NaN	401.96717344723095	15.699003839097951	95699.56486328124	11.369999885559082	12.973478973918496	99.22622846433852	98.9703283920288	99.48212916946412	-0.5118003595835632	0.00029892931026471255	-1	0	2.072171486179034	65.76902865469668	1.0000027480158542	-273.1499938964844	9.000162402815288	-273.1499938964844	230
DATA	2026-05-20T163000_AIU-0547.ghg	2026-05-20	17:00:00	140.708	1	18000	18000	0.250072147573641	1	NaN	-308.49510328338266	1	NaN	848.8629960206214	1	NaN	32.83291793256674	1	NaN	19.40137362257823	1	NaN	0.052897307848853145	1	NaN	NaN	NaN	NaN	NaN	NaN	NaN	NaN	NaN	NaN	-3.5863168126182987e-10	-1.367810649048735e-11	-1.9545553479215745e-12	NaN	15.055644100892641	404.3619870022601	410.69583962380773	0.1	1	574.2178230610358	15.42224685633384	15.663818126188637	0.1	1	0.08205379287815759	2.0836303567103447	2.116267963660061	0	1	NaN	NaN	NaN	NaN	9	304.43095315043126	303.58261418151847	95274.03130750867	1.0869640374177922	1014.2653143921018	0.026491855332106913	1.2572090107430693	0.010490352209343882	1469.7337646239387	4337.254725517803	0.009651057301090584	33.886268103575	2867.520960893865	285.87290641607996	-0.19351792902398782	0.047272355738979005	0.2252222463734573	0.3006807688102975	5.176488926737657e-14	-2.3820414381379192e-14	0.3006807688102975	4.1469480286778	165.7273202563343	166.2726797436657	48.50738101098177	NaN	0.4796506906095246	0.5777033819234313	30.180818259794375	0.0960875207238254	-0.36342154709249264	-0.5833866026435568	0	67.03884160988048	-10.17340285180558	23.01226495086111	57.303793509807875	87.3919007545718	122.56838340476996	183.62977322407204	0.2460897739513303	1.0161826050646798	-254.76818935796044	1.0197702340555161	755.5041624116207	1.1235715675092948	29.221919530546618	1.1235715675092948	17.26759040867037	1.1235715675092948	0.08217950894669596	1.2265324455383073	NaN	NaN	800000009	800000009	800000009	800000009	800001009	801001109	899999999	899999999	89999	89999	89	89	26	2	2	2	15	8	0	NaN	0	0	0	0	0	0	0	0	0	NaN	NaN	NaN	NaN	0	0	0	0	0	0	0	0	8014	0	0	0	18000	18000	18000	18000	100	NaN	0.1528363280511104	0.6707363819153553	0.33183405388039694	0.6006192022779777	12.577751446138832	2.5104343384922654	1.1061443694094822e-7	NaN	-0.2310885625736506	0.7862722014097895	0.4646178807478856	0.00008217950894669596	NaN	404.3588278521578	15.419843655108334	95663.04449761283	11.369999885559082	12.652465987629315	99.23384366925558	98.97856591500177	99.48912091530693	-0.5105591243108109	0.0002985099056063011	-1	0	2.070667135337989	75.18638800950096	1.0000088700850804	-273.1499938964844	9.000195069736904	-273.1499938964844	170
DATA	2026-05-20T170000_AIU-0547.ghg	2026-05-20	17:30:00	140.729	1	18000	18000	0.15425215349931587	1	NaN	273.7373203813948	1	NaN	-680.1694358670178	1	NaN	-59.65723219706613	1	NaN	-15.522215120745301	1	NaN	-0.038525178440308984	1	NaN	NaN	NaN	NaN	NaN	NaN	NaN	NaN	NaN	NaN	-1.3419943566511689e-11	-6.027004596701699e-13	-7.24036007395413e-14	NaN	15.300130160405104	409.1532520893937	416.8123463651291	0.1	1	687.1411518972989	18.375401646634614	18.719377731017122	0.1	1	0.08254762845362226	2.083922304216002	2.1229320329907133	0	1	NaN	NaN	NaN	NaN	9	303.12980503167046	302.02856327650295	95260.55637695313	1.0911753394025994	1015.8689920223504	0.02635997070124567	-1.0058395398242954	0.012561650659579498	1750.9205244549416	3966.3348947745435	0.01151203679736457	44.1445458062983	2215.414370319602	288.5728297880668	0.2981267094928432	0.019623861159785917	0.2531217842368684	0.3915804751198855	-3.5159338686616446e-14	-8.7711303275320415e-16	0.3915804751198855	2.813153954529774	328.23400145475523	3.7659985452447913	40.27152273625779	NaN	0.3759831194185406	0.3301540204998758	-16.38812536217594	-0.17695739664606464	-0.40245460314231774	0.6568004145255927	0	81.44532277565658	-12.35964194927216	27.957543742008482	69.61823692949991	106.17220396429424	148.90802568731493	223.09135707456673	0.15028848752054705	1.0263737166043867	228.58152743904324	1.0236353294211182	-622.0901139939112	1.0933615895295759	-54.563131509617	1.0933615895295759	-14.19678107351824	1.0933615895295759	-0.07417974448717511	1.1596151015018472	NaN	NaN	800000009	800000009	800000009	800000009	800000019	800100019	899999999	899999999	89999	89999	89	89	4	3	3	0	4	0	1	NaN	0	0	0	0	0	0	0	0	0	NaN	NaN	NaN	NaN	0	0	0	0	0	0	0	0	4411	0	0	0	18000	18000	18000	18000	100	NaN	0.2302521309513588	0.30472494626328905	0.12533096378510378	0.7457680525761802	67.71532601615831	4.145093200771798	2.4199101975736435e-7	NaN	0.20620960189492032	-1.4652136595015377	-0.38123393900523295	-0.00007417974448717511	NaN	409.139652855165	18.37147318023365	95644.03115820313	11.369999885559082	15.334658554289035	99.2017760105133	98.94736978700425	99.45618785201178	-0.5088160906483729	0.0002968917641458878	-1	0	2.0684342873324377	70.60316647398918	1.0000035033987629	-273.1499938964844	9.000163562138875	-273.1499938964844	006
DATA	2026-05-20T173000_AIU-0547.ghg	2026-05-20	18:00:00	140.749	1	18000	18000	0.00923197051753942	0	NaN	-0.49668742803554405	1	NaN	65.55238727717055	0	NaN	-1.6818849696443112	1	NaN	1.4931800727423554	0	NaN	0.002199733409416359	2	NaN	NaN	NaN	NaN	NaN	NaN	NaN	NaN	NaN	NaN	2.5372286363757962e-12	1.2591782581465177e-13	1.323866610564816e-14	NaN	15.760596099689733	413.5675567632478	422.2337224936913	0.1	1	782.1683729892587	20.52457032389914	20.954655626927096	0.5	0	0.0822351073917445	2.059778611672035	2.1029405631473326	-0.8	0	NaN	NaN	NaN	NaN	9	301.61073891957597	300.10624083964035	95250.05504318577	1.0971451896095203	1017.0274468075855	0.026195084981415654	0.09675806871370463	0.014119166394614156	1955.4908521451505	3545.93363611486	0.01286900451128008	55.14741822093729	1590.4427839697094	290.3068292856694	0.7003920499335756	0.10680199632169426	0.25189916518001987	0.7519367522915991	-2.910082642675283e-14	1.609855756931519e-16	0.7519367522915991	1.6170931099364674	323.32982143056665	8.670178569433377	19.572566504828576	NaN	0.09173079402492294	0.08895505484692966	131.19756455109857	0.022104068851602147	-0.0075769540769802255	-0.004852563618609473	1	16.312402438717005	7	14	28	50	101	369	0.009086986513531662	1.015955124814135	3.4076266159073683	1.0168970589903512	60.32501260780092	1.0866535197158609	-1.5477656301008365	1.0866535197158609	1.3741087160264231	1.0866535197158609	-0.0018646094114114155	1.1503544756052568	NaN	NaN	800000009	800000009	800000009	800000009	800000019	800000019	899999999	899999999	89999	89999	89	89	6	7	3	2	17	3	1	NaN	0	0	9944	0	0	0	0	0	0	NaN	NaN	NaN	NaN	0	0	0	0	0	0	0	0	0	0	0	0	18000	18000	18000	18000	100	NaN	0.049192710580515	0.10944430919171876	0.019273089921625547	0.08418098008900139	65.85832619708162	0.5941102912188876	8.294042436206407e-7	NaN	0.00305390290372575	-0.04139366734089047	0.03674936177366221	-0.0000018646094114114154	NaN	413.56302255524247	20.523980587288605	95628.08162456597	11.369999885559082	17.139258464813203	99.21244220309788	98.95601266521878	99.46887145974901	-0.5128615796938536	0.00029225992322123265	-1	0	2.0426114457183453	69.07927415964687	1.000021819870781	-273.1499938964844	9.000343052122329	-273.1499938964844	124
DATA	2026-05-20T180000_AIU-0547.ghg	2026-05-20	18:30:00	140.77	1	18000	18000	0.505575330237367	1	NaN	-169.16218465178588	1	NaN	681.7155564915951	1	NaN	76.63404548815627	1	NaN	15.512069940899615	1	NaN	NaN	NaN	NaN	NaN	NaN	NaN	NaN	NaN	NaN	NaN	NaN	NaN	-2.1356704825501872e-10	-1.059394035753299e-11	NaN	NaN	15.769242150409218	411.0779957118026	419.63494896869	0.1	1	782.2293382331501	20.39142182489147	20.815887364806674	0.1	1	NaN	NaN	NaN	NaN	0	NaN	NaN	NaN	NaN	9	300.960675157335	299.02368362321107	95148.61805610415	1.1001022572959844	1016.8502369241045	0.026297670994892167	1.005182132170295	0.013972850586343134	1928.1638726415833	3324.224683384664	0.012701410704026684	58.00341602296157	1396.0608107430805	290.0846876794524	0.23602512862985575	-0.3966655464805144	0.2692152918602359	0.5343484728909152	4.344371742526769e-14	-1.3543266456180113e-14	0.5343484728909152	8.977822703086387	31.246380658986254	300.75361934101375	30.253033286935263	NaN	0.6779168196009681	1.3127666650215175	155.3622866832584	0.01866604863966964	-0.24814188709785076	-0.2230677701986308	0	85.65513930409693	-12.998497849039095	29.402637526754095	73.21672478022626	111.66012498759235	156.60491295342138	234.6226967556885	0.49963398031183187	1.011891404827644	-127.75459646657845	1.0146541733856898	621.7813386584047	1.096391149278472	69.89662908040498	1.096391149278472	14.148299127649844	1.096391149278472	NaN	1	NaN	NaN	800000009	800000009	800000009	800000019	811100009	811110009	899999999	899999999	89999	89999	89	89	5	1	2	9	11	0	1	NaN	0	0	17987	0	0	0	0	0	0	NaN	NaN	NaN	NaN	0	2249	0	0	0	0	0	0	11410	0	0	0	18000	18000	18000	18000	100	NaN	1.0462721505564119	1.2200446506583098	0.3592165288283131	0.537461751434305	151.13763503578792	2.2428817200429316	NaN	NaN	-0.11420535932169885	1.8761380416273308	0.37976312401520546	NaN	NaN	411.0632670917703	20.389300113506277	95651.22994704862	11.369999885559082	17.012264679272857	99.26197284359401	99.00602470737033	99.51792149501378	-0.5118913311494725	0.0002898409661979208	-1	0	1.6239988736819742	65.02679052275522	1.0000236166240992	-273.1499938965019	9.000381164974636	-273.1499938964844	123
DATA	2026-05-20T190000_AIU-0547.ghg	2026-05-20	19:30:00	140.812	0	18000	18000	0.7070489313222195	1	NaN	-141.31417339484304	1	NaN	-20.71518210439528	1	NaN	-7.582168838029301	1	NaN	-0.46859152013851685	1	NaN	NaN	NaN	NaN	NaN	NaN	NaN	NaN	NaN	NaN	NaN	NaN	NaN	1.9028839991607864e-12	9.907221124650559e-14	NaN	NaN	16.13761195957821	407.68578944155945	416.52692804507166	0.2	1	840.1925192384656	21.225851219289037	21.686158390810313	0.2	1	NaN	NaN	NaN	NaN	0	NaN	NaN	NaN	NaN	9	294.91321420542397	292.93790289070944	95099.89587677189	1.1220336753500375	1017.1871344701991	0.02578245160311235	-0.03036473050497589	0.014835278328572182	2005.501835106614	2298.8601499405645	0.013221776364193404	87.23896645728819	293.35831483395054	290.7064075218696	1.2405615774212724	-0.3735301092688663	0.15771998892553488	1.305141128311786	2.5453221433496068e-14	1.1791608349036807e-16	1.305141128311786	6.807722317285965	348.75692187954013	343.24307812045987	6.940881680831294	NaN	0.7938195480601503	1.5497332054002462	298.5036237977569	0.009715124939202804	6.8217683379601795	-0.15597578610856577	0	121.8300946067204	-18.488186880082978	41.8203290622659	104.1385324831586	158.81783278339648	222.74426865686002	333.7115037680197	0.7016931070480994	1.0076327160981402	-141.68778130361076	1.0125689685871326	-18.798349421039934	1.1019681377562833	-6.865605732429299	1.1043699760117824	-0.4252314600425887	1.1019681377562833	NaN	1	NaN	NaN	800000009	800000019	800000009	800000019	800000009	800000009	899999999	899999999	89999	89999	89	89	6	9	0	14	5	0	0	NaN	0	0	18000	0	0	0	0	0	0	NaN	NaN	NaN	NaN	0	18000	0	0	0	0	101	0	17504	0	0	21	18000	18000	18000	18000	100	NaN	0.34666575445140724	2.54865310137452	0.20414755497456477	0.4680331355406898	13.277470603322826	0.09490166585105884	NaN	NaN	-0.12414397575000215	-0.18082546185080434	-0.011199692809695547	NaN	NaN	407.6854503117399	21.225749841675896	95724.21597200522	11.369999885559082	17.69487535169383	98.89057703908287	98.50886845948963	99.27228510030109	-0.7634163249929726	0.000134417145139499	-1	0	0.6831866848402453	0.07834879944970333	1.0001455574863487	-273.1499938964844	9.001117143445544	-273.1499938964844	046
DATA	2026-05-20T210000_AIU-0547.ghg	2026-05-20	21:30:00	140.895	0	18000	18000	0.06166914975875964	0	NaN	62.57670474310868	0	NaN	8.50931541526374	2	NaN	-2.891082015537074	1	NaN	0.19237140487752774	2	NaN	NaN	NaN	NaN	NaN	NaN	NaN	NaN	NaN	NaN	NaN	NaN	NaN	3.8744020515020027e-10	1.875229356563787e-11	NaN	NaN	16.87118793569072	425.637694225042	434.5907284765989	0.2	0	816.573666763548	20.601070535813154	21.034401729521658	0.1	1	NaN	NaN	NaN	NaN	0	NaN	NaN	NaN	NaN	9	294.2316038852267	292.3185557729011	95190.39979105805	1.125742500958481	1016.8243762875858	0.02569840614254431	0.012465667036063798	0.014445693454949098	1948.7123455782514	2212.130510218674	0.012832147176330048	88.09210562290093	263.41816464042245	290.2519819687537	1.8475375898312372	0.10494572913299559	0.48685420670572743	1.9134878548058547	4.659249827513922e-14	2.2964607271701178e-14	1.9134878548058547	4.58517092693043	328.74891986593093	3.2510801340691624	14.739982645729654	NaN	0.23405312770643577	0.5094082855153208	-17.28787239505319	-0.16774765186431015	7.353905888934445	0.23356793923678015	0	60.6801400090315	-9.208445351848965	20.829528458579073	51.86847101951246	79.10269100862908	110.94264887455823	166.21230441161347	0.06112218117342733	1.0089487739938525	62.64995470629982	1.0133017928342405	7.797697537438412	1.0912600000716492	-2.6493063205352096	1.0912600000716492	0.17628374985328624	1.0912600000716492	NaN	1	NaN	NaN	800000009	800000019	800000009	800000019	800000009	800001109	899999999	899999999	89999	89999	89	89	8	7	0	24	25	2	0	NaN	0	0	16548	0	0	0	0	0	0	NaN	NaN	NaN	NaN	0	18000	0	0	0	0	101	0	15617	0	0	16	18000	18000	18000	18000	100	NaN	0.3001809057078118	0.6172679821449182	0.10136768317791145	0.16123951559332392	4.580623068877132	0.011071958147663184	NaN	NaN	0.05473129822633901	-0.06950585505240629	0.004624890927268039	NaN	NaN	425.63803110590044	20.601049248314787	95809.97129861111	11.369999885559082	17.23730596076116	99.01187124760946	98.63641056272719	99.38732989798652	-0.7509199588795509	0.00017920563983433457	-1	0	13.233952218731817	0.08282267293800372	1.0001341385659244	-273.1499938964844	9.001031027793884	-273.1499938964844	149
DATA	2026-05-20T213000_AIU-0547.ghg	2026-05-20	22:00:00	140.916	0	18000	18000	0.021621582321165532	0	NaN	30.7141331108141	0	NaN	4.204693999209951	0	NaN	4.8344505573355425	1	NaN	0.09503572973773057	0	NaN	NaN	NaN	NaN	NaN	NaN	NaN	NaN	NaN	NaN	NaN	NaN	NaN	-9.453491469933111e-11	-4.567162475762175e-12	NaN	NaN	16.848708370174496	424.87350528799374	433.7774163341583	0.1	1	813.9933153593411	20.52645138009097	20.956616346621104	0.1	1	NaN	NaN	NaN	NaN	0	NaN	NaN	NaN	NaN	9	294.00050010596385	292.09584144477424	95243.81426433136	1.1272642997738629	1016.778493810075	0.025663820551088293	0.006158315287004941	0.014412766776891218	1942.7898543433867	2181.6249942088666	0.01278561450032838	89.05242007680197	238.83513986547996	290.20392375192137	2.0393961097928988	0.0999727189660581	0.442015575181995	2.0891406859949493	-4.468077875963836e-14	-5.610810788717572e-15	2.0891406859949493	4.6641480547947225	329.1935646852596	2.8064353147405345	12.21482536041124	NaN	0.1384939685481378	0.3497474892782324	-7.300147149393335	-0.3972522663794522	7.30472493755436	0.19348856201232473	1	33.47165210238877	15	26	44	67	108	247	0.021436418041935534	1.0086378367350257	30.75014585985848	1.0133086902054946	3.847333974638842	1.092885106134997	4.423567061347046	1.092885106134997	0.0869585734165833	1.092885106134997	NaN	1	NaN	NaN	800000009	800000019	800000009	800000019	800000009	801000009	899999999	899999999	89999	89999	89	89	21	11	0	57	16	12	0	NaN	0	0	16823	0	0	0	0	0	0	NaN	NaN	NaN	NaN	0	18000	0	0	0	0	101	0	16415	0	0	16	18000	18000	18000	18000	100	NaN	0.21566641405806722	0.41381831772873395	0.07001024676966355	0.10568143670119226	12.472807208883545	0.011055055940216545	NaN	NaN	0.026828418676268274	0.11588955433410468	0.0022781592726003747	NaN	NaN	424.87564372099746	20.526445951100964	95832.45662934027	11.369999885559082	17.18349903133181	99.01168593639798	98.63649466874864	99.38687718497381	-0.7503842711216862	0.00018193876849869	-1	0	14.567627979472757	0.08331491928461045	1.0001507323218717	-273.1499938964844	9.00113301565912	-273.1499938964844	250
DATA	2026-05-20T220000_AIU-0547.ghg	2026-05-20	22:30:00	140.937	0	18000	18000	0.03836486170100636	0	NaN	35.44669182958636	0	NaN	15.10980228324034	1	NaN	1.728113203707203	2	NaN	0.34145534072712613	1	NaN	NaN	NaN	NaN	NaN	NaN	NaN	NaN	NaN	NaN	NaN	NaN	NaN	-1.0946312813343215e-10	-5.258028861048648e-12	NaN	NaN	16.872279716693356	425.47735043504457	434.35454893385077	0.1	0	810.4549469289663	20.437678206883792	20.86409180119551	0.6	0	NaN	NaN	NaN	NaN	0	NaN	NaN	NaN	NaN	9	293.80643196445044	291.91121867288115	95243.81426433136	1.1280144933480314	1016.7251946642533	0.025646880001814774	0.022126306079117773	0.014359913079959869	1934.4426214487828	2156.621216683102	0.012730255829726596	89.69783875278611	222.17859523431912	290.1359711236373	2.6905199283692873	0.6037322882905486	0.44676809397194306	2.793383591751737	-5.6424675943238334e-15	-6.4877497274496835e-15	2.793383591751737	4.403080244122168	319.3527549470072	12.647245052992789	9.203295650007668	NaN	0.18442062037657356	0.26032592336479815	-14.935562881664822	-0.19416743935108696	2.3459401496539445	0.16758994776441166	1	38.929789521205734	17	31	53	82	135	328	0.038060711124215704	1.0079911953247016	36.04897844288756	1.0138314246851947	13.730560811003981	1.100450483503267	1.5703688894804075	1.100450483503267	0.31028687419002116	1.100450483503267	NaN	1	NaN	NaN	800000009	800000019	800000009	800000019	800000009	800000009	899999999	899999999	89999	89999	89	89	3	3	1	44	6	10	0	NaN	0	0	17747	0	0	0	0	0	0	NaN	NaN	NaN	NaN	0	18000	0	0	0	0	101	0	16811	0	0	16	18000	18000	18000	18000	100	NaN	0.25427245240902274	0.20068645074637673	0.06569294357419685	0.09765531548016092	10.593807663429553	0.02205215576253204	NaN	NaN	0.03143219404044217	0.04111002465840941	0.008122869177160744	NaN	NaN	425.47713756534773	20.437721359359394	95853.03096527778	11.369999885559082	17.118532704936147	99.07544336467318	98.70584571690031	99.44504274580216	-0.7391969741268307	0.000182900506990134	-1	0	11.970382387395338	0.08433313132957043	1.000156876898474	-273.1499938964844	9.001158820708593	-273.1499938964844	201
