DATAH	filename	date	time	DOY	daytime	file_records	used_records	Tau	qc_Tau	rand_err_Tau	H	qc_H	rand_err_H	LE	qc_LE	rand_err_LE	co2_flux	qc_co2_flux	rand_err_co2_flux	h2o_flux	qc_h2o_flux	rand_err_h2o_flux	ch4_flux	qc_ch4_flux	rand_err_ch4_flux	none_flux	qc_none_flux	rand_err_none_flux	H_strg	LE_strg	co2_strg	h2o_strg	ch4_strg	none_strg	co2_v-adv	h2o_v-adv	ch4_v-adv	none_v-adv	co2_molar_density	co2_mole_fraction	co2_mixing_ratio	co2_time_lag	co2_def_timelag	h2o_molar_density	h2o_mole_fraction	h2o_mixing_ratio	h2o_time_lag	h2o_def_timelag	ch4_molar_density	ch4_mole_fraction	ch4_mixing_ratio	ch4_time_lag	ch4_def_timelag	none_molar_density	none_mole_fraction	none_mixing_ratio	none_time_lag	none_def_timelag	sonic_temperature	air_temperature	air_pressure	air_density	air_heat_capacity	air_molar_volume	ET	water_vapor_density	e	es	specific_humidity	RH	VPD	Tdew	u_unrot	v_unrot	w_unrot	u_rot	v_rot	w_rot	wind_speed	max_wind_speed	wind_dir	yaw	pitch	roll	u*	TKE	L	(z-d)/L	bowen_ratio	T*	model	x_peak	x_offset	x_10%	x_30%	x_50%	x_70%	x_90%	un_Tau	Tau_scf	un_H	H_scf	un_LE	LE_scf	un_co2_flux	co2_scf	un_h2o_flux	h2o_scf	un_ch4_flux	ch4_scf	un_none_flux	un_none_scf	spikes_hf	amplitude_resolution_hf	drop_out_hf	absolute_limits_hf	skewness_kurtosis_hf	skewness_kurtosis_sf	discontinuities_hf	discontinuities_sf	timelag_hf	timelag_sf	attack_angle_hf	non_steady_wind_hf	u_spikes	v_spikes	w_spikes	ts_spikes	co2_spikes	h2o_spikes	ch4_spikes	none_spikes	head_detect_LI-7200	t_out_LI-7200	t_in_LI-7200	aux_in_LI-7200	delta_p_LI-7200	chopper_LI-7200	detector_LI-7200	pll_LI-7200	sync_LI-7200	chopper_LI-7500	detector_LI-7500	pll_LI-7500	sync_LI-7500	not_ready_LI-7700	no_signal_LI-7700	re_unlocked_LI-7700	bad_temp_LI-7700	laser_temp_unregulated_LI-7700	block_temp_unregulated_LI-7700	motor_spinning_LI-7700	pump_on_LI-7700	top_heater_on_LI-7700	bottom_heater_on_LI-7700	calibrating_LI-7700	motor_failure_LI-7700	bad_aux_tc1_LI-7700	bad_aux_tc2_LI-7700	bad_aux_tc3_LI-7700	box_connected_LI-7700	mean_value_RSSI_LI-7200	mean_value_LI-7500	u_var	v_var	w_var	ts_var	co2_var	h2o_var	ch4_var	none_var	w/ts_cov	w/co2_cov	w/h2o_cov	w/ch4_cov	w/none_cov	co2_mean	h2o_mean	air_p_mean	vin_sf_mean	dew_point_mean	avg_signal_strength_7200_mean	co2_signal_strength_7200_mean	h2o_signal_strength_7200_mean	delta_signal_strength_7200_mean	flowrate_mean	hit_power_mean	hit_vin_mean	ch4_mean	rssi_77_mean	ch4_aux-1_mean	ch4_aux-2_mean	ch4_aux-3_mean	ch4_aux-4_mean	CHK
DATAU		[yyyy-mm-dd]	[HH:MM]	[ddd.ddd]	[1=daytime]	[#]	[#]	[kg+1m-1s-2]	[#]	[kg+1m-1s-2]	[W+1m-2]	[#]	[W+1m-2]	[W+1m-2]	[#]	[W+1m-2]	[µmol+1s-1m-2]	[#]	[µmol+1s-1m-2]	[mmol+1s-1m-2]	[#]	[mmol+1s-1m-2]	[µmol+1s-1m-2]	[#]	[µmol+1s-1m-2]	[µmol+1s-1m-2]	[#]	[µmol+1s-1m-2]	[W+1m-2]	[W+1m-2]	[µmol+1s-1m-2]	[mmol+1s-1m-2]	[µmol+1s-1m-2]	[µmol+1s-1m-2]	[µmol+1s-1m-2]	[mmol+1s-1m-2]	[µmol+1s-1m-2]	[µmol+1s-1m-2]	[mmol+1m-3]	[µmol+1mol_a-1]	[µmol+1mol_d-1]	[s]	[1=default]	[mmol+1m-3]	[mmol+1mol_a-1]	[mmol+1mol_d-1]	[s]	[1=default]	[mmol+1m-3]	[µmol+1mol_a-1]	[µmol+1mol_d-1]	[s]	[1=default]	[mmol+1m-3]	[µmol+1mol_a-1]	[µmol+1mol_d-1]	[s]	[1=default]	[K]	[K]	[Pa]	[kg+1m-3]	[J+1kg-1K-1]	[m+3mol-1]	[mm]	[kg+1m-3]	[Pa]	[Pa]	[kg+1kg-1]	[%]	[Pa]	[K]	[m+1s-1]	[m+1s-1]	[m+1s-1]	[m+1s-1]	[m+1s-1]	[m+1s-1]	[m+1s-1]	[m+1s-1]	[deg_from_north]	[deg]	[deg]	[deg]	[m+1s-1]	[m+2s-2]	[m]	[#]	[#]	[K]	[0=KJ/1=KM/2=HS]	[m]	[m]	[m]	[m]	[m]	[m]	[m]	[kg+1m-1s-2]	[#]	[W+1m-2]	[#]	[W+1m-2]	[#]	[µmol+1s-1m-2]	[#]	[mmol+1s-1m-2]	[#]	[µmol+1s-1m-2]	[#]	[µmol+1s-1m-2]	[#]	8u/v/w/ts/co2/h2o/ch4/none	8u/v/w/ts/co2/h2o/ch4/none	8u/v/w/ts/co2/h2o/ch4/none	8u/v/w/ts/co2/h2o/ch4/none	8u/v/w/ts/co2/h2o/ch4/none	8u/v/w/ts/co2/h2o/ch4/none	8u/v/w/ts/co2/h2o/ch4/none	8u/v/w/ts/co2/h2o/ch4/none	8co2/h2o/ch4/none	8co2/h2o/ch4/none	8aa	8U	[#]	[#]	[#]	[#]	[#]	[#]	[#]	[#]	[#_flagged_recs]	[#_flagged_recs]	[#_flagged_recs]	[#_flagged_recs]	[#_flagged_recs]	[#_flagged_recs]	[#_flagged_recs]	[#_flagged_recs]	[#_flagged_recs]	[#_flagged_recs]	[#_flagged_recs]	[#_flagged_recs]	[#_flagged_recs]	[#_flagged_recs]	[#_flagged_recs]	[#_flagged_recs]	[#_flagged_recs]	[#_flagged_recs]	[#_flagged_recs]	[#_flagged_recs]	[#_flagged_recs]	[#_flagged_recs]	[#_flagged_recs]	[#_flagged_recs]	[#_flagged_recs]	[#_flagged_recs]	[#_flagged_recs]	[#_flagged_recs]	[#_flagged_recs]	[#]	[#]	[m+2s-2]	[m+2s-2]	[m+2s-2]	[K+2]	--	--	--	--	[m+1s-1K+1]	--	--	--	--	--	--	--	--	--	--	--	--	--	--	--	--	--	--	--	--	--	--	207
DATA	2026-01-25T023000_AIU-0547.ghg	2026-01-25	03:00:00	25.124	0	18000	18000	0.02751540980165076	1	NaN	12.297782993865768	0	NaN	4.025382626954192	1	NaN	-0.1912344227086965	1	NaN	0.08829700770751103	1	NaN	NaN	NaN	NaN	NaN	NaN	NaN	NaN	NaN	NaN	NaN	NaN	NaN	-4.948081385063174e-11	-1.9232399308267993e-13	NaN	NaN	18.447681492134354	416.3886071253946	417.0635977748818	0.1	1	71.70318132589551	1.6184357807499703	1.6210593612228932	0.1	1	NaN	NaN	NaN	NaN	0	NaN	NaN	NaN	NaN	9	260.7170894813078	260.5832630217834	95132.37455677423	1.2710826440896121	1005.895257365352	0.022785112765728203	0.005721646099446714	0.0012799679145181432	153.92784593541134	232.69228736012744	0.0010069903168529967	66.15081560360619	78.7644414247161	255.55500059584534	0.9139515335051462	-0.07305087336004332	0.14152980600608073	0.9277254559852899	2.2579162670224962e-14	-2.682223989596154e-15	0.9277254559852899	3.863477994185217	336.5698567583386	355.4301432416614	8.775062257221018	NaN	0.14712995370827286	0.6696823709630787	-21.761797687773317	-0.1332610495514964	3.0550593902599745	0.06537311473898036	1	11.831328756291105	5	10	17	27	46	120	0.027143210366689565	1.0137124323148585	12.31208992489544	1.015522193143698	3.706548349622223	1.0860191874643872	-0.1760875175282918	1.0860191874643872	0.08130335884181279	1.0860191874643872	NaN	1	NaN	NaN	800000009	800000009	800000009	800000019	800010009	800010109	899999999	899999999	89999	89999	89	89	9	6	0	52	19	0	0	NaN	0	0	18000	0	0	0	0	0	0	NaN	NaN	NaN	NaN	0	7648	0	0	0	0	101	0	0	0	0	17995	18000	18000	18000	18000	100	NaN	0.6901909094326426	0.5676264630319162	0.08154736946159837	0.018766592599232364	0.08453587900266706	0.0014544478490382724	NaN	NaN	0.009629533083732914	-0.004018676316573699	0.0018555084836322385	NaN	NaN	416.3886635907128	1.6184342409996313	96517.67262673611	10.927189976692176	-17.473341300328553	101.80165912734137	101.73091613324483	101.87248884137472	-0.14150766241260693	0.00025099435183963364	-1	0	2.6036631085541866	21.16722091069209	1.0000505753838353	-273.1499938964844	9.00073168041971	-273.1499938964844	071
DATA	2026-01-25T030000_AIU-0547.ghg	2026-01-25	03:30:00	25.145	0	18000	18000	0.07925019236892408	1	NaN	14.50970930213914	0	NaN	3.004675828704133	1	NaN	-0.16474739873774397	0	NaN	0.06595550085066954	1	NaN	0.018547859475070174	1	NaN	NaN	NaN	NaN	NaN	NaN	NaN	NaN	NaN	NaN	1.184395819563983e-10	4.584129582080117e-13	6.706667916076439e-13	NaN	18.422990383467322	416.19422709912374	416.86573677141405	0.1	0	71.30502642125187	1.610853598789654	1.6134526347728544	0.1	1	0.10432059661310744	2.1701076848784395	2.1736090508403474	0	1	NaN	NaN	NaN	NaN	9	260.82541047371757	261.35620908683364	96057.34414858776	1.2796485738309387	1005.8967755697477	0.022621024364224848	0.004273916455123386	0.001283212549536486	154.77582435487233	247.63444391370908	0.001002785120679561	62.50173518220497	92.85861955883675	255.62001640305473	1.2989849738350716	0.4569920948008995	0.09324926327773254	1.3801808439699983	1.0390019258535136e-14	6.428901035669283e-15	1.3801808439699983	4.91680905733551	312.6177676201726	19.382232379827432	3.8740302699579248	NaN	0.2488598322521172	0.7946985672814814	-89.872339525635	-0.03226799274734369	4.829043174483464	0.04529599191640374	0	61.98047496036489	-9.405776197438158	21.275891368593	52.97997777821237	80.79780894750887	113.3200758861575	169.774123298912	0.07841985630940469	1.010588339466516	14.465579153566683	1.0138206698017647	2.7636281114103407	1.0872214739380328	-0.15153067032516496	1.0872214739380328	0.06066427350056988	1.0872214739380328	0.012665428253407223	1.1479692412232239	NaN	NaN	800000009	800000009	800000009	800000019	800010019	800010019	899999999	899999999	89999	89999	89	89	0	5	1	60	35	1	0	NaN	0	0	18000	0	0	0	0	0	0	NaN	NaN	NaN	NaN	0	634	0	0	0	0	101	0	0	0	0	18000	18000	18000	18000	18000	100	NaN	1.0158736006622437	0.4648410849005183	0.10868244900020077	0.018555536622439413	0.06074307101166748	0.0005974313543173479	0.0000028397830357793168	NaN	0.011238068968153856	-0.003433311030296354	0.0013745027254712281	0.000012665428253407224	NaN	416.19432990994346	1.6108528923720746	96455.0118344184	11.329999923706055	-17.535420160717447	101.80715805795458	101.73764690632291	101.87665620825025	-0.13905859619379043	0.00025118079954538383	-1	0	2.177399623433749	49.503044511079935	1.0000626767956549	-332.42049638536065	9.000715033133824	-273.1499938964844	126
DATA	2026-01-25T033000_AIU-0547.ghg	2026-01-25	04:00:00	25.166	0	18000	18000	0.026169798205769007	1	NaN	14.384761989269075	0	NaN	4.911845489515729	1	NaN	0.03597978508362947	2	NaN	0.10783170065003263	1	NaN	0.01133190297933042	2	NaN	NaN	NaN	NaN	NaN	NaN	NaN	NaN	NaN	NaN	2.0252379644291844e-10	8.255722173382399e-13	1.1650604776583274e-12	NaN	18.406386647912726	416.08877338036524	416.7957226676451	0.3	0	75.03217747740196	1.6961529325567215	1.6990347553395067	0.1	1	0.10588658714002151	2.203973440160516	2.207718067635194	-0.6	0	NaN	NaN	NaN	NaN	9	260.9414029651218	261.4749792949183	96020.65916583431	1.2785375673874322	1005.9433320686481	0.022639950576713603	0.006987494202122114	0.00135003282205926	162.90940963617948	250.00461203926713	0.0010559195572312525	65.16256172529809	87.09520240308765	256.2279570711297	1.0763025816065057	0.46934285988970775	0.1347041190949559	1.1818862749872965	-4.3019995955148363e-14	1.1002908953120602e-14	1.1818862749872965	3.401961829701039	308.4394465299165	23.560553470083512	6.5444413533364845	NaN	0.1430683077326708	0.3500866536431914	-17.220098196306605	-0.16840786660682322	2.9285860110976953	0.07817578133747964	1	17.38560834923255	8	14	24	38	64	161	0.025868446034930097	1.0116494114270334	14.428511233189894	1.0143481230838283	4.521463050866435	1.086339849349092	0.033120192640625004	1.086339849349092	0.09926147946670899	1.086339849349092	0.005667366769241351	1.1479618300926204	NaN	NaN	800000009	800000009	800000009	800000019	800000019	800110019	899999999	899999999	89999	89999	89	89	3	5	5	38	48	0	0	NaN	0	0	18000	0	0	0	0	0	0	NaN	NaN	NaN	NaN	0	1293	0	0	0	0	0	0	0	0	0	18000	18000	18000	18000	18000	100	NaN	0.3442293188784019	0.2904316886472449	0.06551229976073598	0.022815574521626504	0.018174676837580953	0.0024011164828163616	0.0000061978179885317036	NaN	0.01121849276507882	0.0007511138702067035	0.002251094213541268	0.000005667366769241351	NaN	416.08877302607056	1.6961504847309585	96419.90819184028	11.336388403256734	-16.930002442571812	101.79288265376621	101.7225006427765	101.86330697165594	-0.14073786598609553	0.0002514033279342887	-1	0	2.22169123066796	33.83412146090085	1.0000618955079053	-327.8581211937855	9.000733455366559	-273.1499938964844	235
DATA	2026-01-25T040000_AIU-0547.ghg	2026-01-25	04:30:00	25.187	0	18000	18000	0.009828535269372938	1	NaN	9.153486697265938	1	NaN	0.4919354479836237	2	NaN	0.051357541615875454	2	NaN	0.010794862576950164	2	NaN	NaN	NaN	NaN	NaN	NaN	NaN	NaN	NaN	NaN	NaN	NaN	NaN	-4.3580512823926695e-11	-1.860739653561235e-13	NaN	NaN	18.38275147500948	416.21094421417155	416.9519007447706	0.1	1	78.48809569843293	1.7770791529563545	1.7802427852973073	0.1	1	NaN	NaN	NaN	NaN	0	NaN	NaN	NaN	NaN	9	261.1486614532471	261.0014797227429	95197.3651970911	1.2698368067967363	1005.9829769319509	0.0228072485706636	0.0006995070949863706	0.001404069709931636	169.12320767713666	240.6728552944323	0.00110570878274785	70.27099398901308	71.54964761729565	256.6743865931929	0.882269895815789	0.3291558795873159	0.09208956171054819	0.9461629085447086	3.462496154985439e-14	-2.370728499657542e-15	0.9461629085447086	2.4520390702648056	311.5405391646618	20.459460835338167	5.585411754071374	NaN	0.0879772625625446	0.18902689692273208	-6.254127028481285	-0.46369381158927603	18.607089069886776	0.08144746415088105	1	20.735686246192937	9	16	27	41	67	155	0.00969737944498514	1.0135248728929158	9.04366487932581	1.0154106675141696	0.4529787347291377	1.086001196673792	0.047290501864246104	1.086001196673792	0.009940009836096594	1.086001196673792	NaN	1	NaN	NaN	800000009	800000019	800000009	800000019	800000009	800010009	899999999	899999999	89999	89999	89	89	3	1	0	24	33	1	0	NaN	0	0	18000	0	0	0	0	0	0	NaN	NaN	NaN	NaN	0	7191	0	0	0	0	101	0	0	0	0	18000	18000	18000	18000	18000	100	NaN	0.21178581376714964	0.1300325936392325	0.036235386439082036	0.014544630458690819	0.07446310167277355	0.0005849905488280849	NaN	NaN	0.007079554313331545	0.0010804857717760113	0.00022710774417338038	NaN	NaN	416.21087912171606	1.7770784863916234	96379.0548170573	11.34000015258789	-16.37565796359382	101.77155542733934	101.70097022035387	101.84220477337307	-0.1413197962339553	0.0002518185002716363	-1	0	3.1861688957279157	16.364371865572704	1.000044680873553	-273.1499938964844	9.000733008649615	-273.1499938964844	236
DATA	2026-01-25T043000_AIU-0547.ghg	2026-01-25	05:00:00	25.208	0	18000	18000	0.03568972799458767	1	NaN	8.836227560628894	0	NaN	1.4071752841748748	1	NaN	-0.037466889631202475	2	NaN	0.030877243710270192	1	NaN	NaN	NaN	NaN	NaN	NaN	NaN	NaN	NaN	NaN	NaN	NaN	NaN	1.691128674974559e-10	7.1956784795985e-13	NaN	NaN	18.37656751275752	416.54140630186754	417.28098069453836	-0.1	0	78.19149029711029	1.7723654489112923	1.7755123055758117	0.1	1	NaN	NaN	NaN	NaN	0	NaN	NaN	NaN	NaN	9	261.1023656675551	260.9556001818956	95197.3651970911	1.2700623219353377	1005.9801473762795	0.022803205358317893	0.0020008453924255085	0.0014005937075400228	168.67486068633315	239.7855664312462	0.0011027755751432573	70.344042469586	71.11070574491305	256.6426700168109	0.7007760898097315	0.09783580585924807	0.09106458085507385	0.713408530116922	-1.2423424737467852e-14	9.202636312796341e-15	0.713408530116922	2.9382349497660325	324.05227001566925	7.947729984330777	7.333652413527094	NaN	0.16763284002645532	0.33124237274250856	-44.81793960421806	-0.06470623204925434	6.279407874769625	0.04125659164054707	1	6.364353162644105	3	5	10	16	28	80	0.03510730310891974	1.0165898498059212	8.759496988777252	1.0172957732655634	1.2946245151487805	1.0869369981095711	-0.03447015760468717	1.0869369981095711	0.02840757446289223	1.0869369981095711	NaN	1	NaN	NaN	800000009	800000019	800000009	800000019	800010009	800010009	899999999	899999999	89999	89999	89	89	2	3	1	29	17	0	0	NaN	0	0	18000	0	0	0	0	0	0	NaN	NaN	NaN	NaN	0	18000	0	0	0	0	101	0	0	0	0	18000	18000	18000	18000	18000	100	NaN	0.47093339848364646	0.15323183675793337	0.03831951024343723	0.01086009595758364	0.02502623813109607	0.0002309906298390665	NaN	NaN	0.006855903959841631	-0.000787425277183523	0.0006489335631152676	NaN	NaN	416.541368404066	1.7723651156040534	96326.13956336805	11.34000015258789	-16.41325656085545	101.76610599305894	101.69554198900859	101.83660931799147	-0.14107513694134016	0.00025149450364955956	-1	0	4.190360836466074	1.5738318780692586	1.0000525688247548	-273.1499938964844	9.000668517589569	-273.1499938964844	088
DATA	2026-01-25T050000_AIU-0547.ghg	2026-01-25	05:30:00	25.229	0	18000	18000	0.03238129051879504	0	NaN	8.844524248578136	0	NaN	0.7203668368632145	0	NaN	0.2881620111414049	0	NaN	0.015806750709967562	0	NaN	NaN	NaN	NaN	NaN	NaN	NaN	NaN	NaN	NaN	NaN	NaN	NaN	2.1707164454733085e-12	9.19002388647688e-15	NaN	NaN	18.385641242509433	417.1097953361678	417.84766884089584	0.1	1	77.83811770496571	1.7658911602280019	1.7690150482640417	0.1	1	NaN	NaN	NaN	NaN	0	NaN	NaN	NaN	NaN	9	261.09830324384905	260.9520759111341	95239.16833792735	1.2706402992887136	1005.9766558745101	0.02279284175883431	0.0010242774460058979	0.001396111971873689	168.1328505879654	239.71754062842936	0.0010987468071453523	70.13790069228904	71.58469004046395	256.60422687022196	0.6115888412552013	-0.19746625741763182	0.04397103218441999	0.6441795442559204	-7.077163696299366e-15	1.1806585458952586e-16	0.6441795442559204	2.4493931713908186	349.8939294602917	342.1060705397083	3.9139943206210996	NaN	0.15963781098495575	0.21130758831182234	-38.682093905184225	-0.07497008841114824	12.277805967708035	0.04334391988755655	1	5.7823319222468	3	5	9	14	25	71	0.03181146689636023	1.017912522685334	8.726954733491606	1.0181353849398915	0.6623364853653524	1.0876146079524096	0.2649486399267027	1.0876146079524096	0.014533411554416353	1.0876146079524096	NaN	1	NaN	NaN	800000009	800000019	800000009	800000019	800000009	800010009	899999999	899999999	89999	89999	89	89	7	2	0	22	19	0	0	NaN	0	0	18000	0	0	0	0	0	0	NaN	NaN	NaN	NaN	0	18000	0	0	0	0	101	0	0	0	0	18000	18000	18000	18000	18000	100	NaN	0.1720858253389334	0.19898958753563206	0.05153976374907919	0.015457949660007188	0.09751554911701474	0.0003934431592950981	NaN	NaN	0.006827350440156271	0.006049612258548963	0.00033184357814577774	NaN	NaN	417.10977733728	1.7658907014652476	96273.81147916666	11.34000015258789	-16.4640959057278	101.76354070907169	101.69313890605503	101.83397200308906	-0.14081123097158146	0.0002521231254860241	-1	0	6.2451560059387745	0.6067176705515936	1.0000559224304226	-273.1499938964844	9.000599231216643	-300.52424504597974	097
DATA	2026-01-25T053000_AIU-0547.ghg	2026-01-25	06:00:00	25.249	0	18000	18000	0.020503932423946877	0	NaN	10.360778797134104	0	NaN	0.08291664207927407	2	NaN	0.045484013373423525	0	NaN	0.001819397407660457	2	NaN	NaN	NaN	NaN	NaN	NaN	NaN	NaN	NaN	NaN	NaN	NaN	NaN	-1.0872491437246907e-10	-4.600002793818608e-13	NaN	NaN	18.375912000082117	417.2872073717271	418.025224737597	0.2	0	77.74597664870345	1.765485243942178	1.7686076947295457	0.1	1	NaN	NaN	NaN	NaN	0	NaN	NaN	NaN	NaN	9	261.09082741122774	260.94463786165426	95182.27412815181	1.269917632793932	1005.9763861717106	0.02280581294132919	0.00011789695201639761	0.001394997175622762	167.9938078804486	239.57400345839727	0.0010984942169466878	70.12188528611419	71.58019557794867	256.5943471424637	0.5605471985594114	-0.019945079735104843	0.05465332445702523	0.5635582968004874	-2.0972600893950955e-14	-5.916708480753674e-15	0.5635582968004874	2.3350194497571843	334.03780697929017	357.9621930207097	5.565234645015374	NaN	0.12706642293812598	0.2063791384099193	-16.64530762203483	-0.17422327456183623	124.95415319916694	0.06382609254165678	1	6.4895598342113185	3	5	9	15	25	66	0.0201050567217189	1.0198395710964139	10.173607522687844	1.0193729785653278	0.07615692220127242	1.0887604131392892	0.041775961749267405	1.0887604131392892	0.0016710723366718282	1.0887604131392892	NaN	1	NaN	NaN	800000009	800000019	800000009	800000019	800010009	800010009	899999999	899999999	89999	89999	89	89	0	0	0	32	22	0	0	NaN	0	0	18000	0	0	0	0	0	0	NaN	NaN	NaN	NaN	0	18000	0	0	0	0	101	0	0	0	0	18000	18000	18000	18000	18000	100	NaN	0.16783004798941262	0.20808107325045938	0.0368471555799666	0.014946088155487378	0.02098096271137585	0.00017708720868000487	NaN	NaN	0.007963640371745132	0.0009544192900059453	0.00003817754532348668	NaN	NaN	417.2871894611757	1.7654849724992392	96213.8305826823	11.34000015258789	-16.473811037487458	101.75831363677979	101.68755656920538	101.82907616668277	-0.14136097629699446	0.00025311532888897795	-1	0	5.785583853331155	1.4168338414272474	1.0000234880083136	-273.1499938964844	9.00053868118922	-273.1499938964844	229
DATA	2026-01-25T060000_AIU-0547.ghg	2026-01-25	06:30:00	25.27	0	18000	18000	0.04642802355408832	0	NaN	6.617428245940439	0	NaN	0.6675236172873792	0	NaN	-0.03732997255941191	2	NaN	0.014647438114870313	0	NaN	NaN	NaN	NaN	NaN	NaN	NaN	NaN	NaN	NaN	NaN	NaN	NaN	-1.3962968337198011e-10	-5.91621215761461e-13	NaN	NaN	18.37113250183075	417.33790116762833	418.0771834202174	0.1	0	77.83983665345089	1.7682913153527642	1.7714237085123363	0.1	1	NaN	NaN	NaN	NaN	0	NaN	NaN	NaN	NaN	9	261.11360472276476	260.96717015056106	95182.27412815181	1.2698066407806679	1005.9780387041465	0.022807802498416935	0.0009491539898435963	0.0013970925103736795	168.26066818506277	240.00905781362144	0.0011002403558976169	70.10596588222319	71.74838962855867	256.61330255548205	0.5694374034110404	-0.054320662744140866	0.04043662727514285	0.5734499207689027	9.585445024425116e-14	-7.600494055446256e-15	0.5734499207689027	2.346488313282528	337.4491594720316	354.5508405279684	4.043548220867001	NaN	0.19121471082981423	0.2834043781827339	-88.81099387908422	-0.03265361497866286	9.91339942822058	0.027092048598175142	1	3.3456004299567916	2	3	5	9	16	51	0.045536600136871073	1.0195759765669343	6.528895109191173	1.0192026989352372	0.6131975457614253	1.0885947308521853	-0.03429189164840883	1.0885947308521853	0.0134553637820788	1.0885947308521853	NaN	1	NaN	NaN	800000009	800000019	800000009	800000019	800010019	800010019	899999999	899999999	89999	89999	89	89	3	0	0	30	18	0	0	NaN	0	0	18000	0	0	0	0	0	0	NaN	NaN	NaN	NaN	0	17726	0	0	0	0	101	0	0	0	0	18000	18000	18000	18000	18000	100	NaN	0.24730371130578366	0.273104119289964	0.04640092576972021	0.010028644217150693	0.01974251132422775	0.0002854566703267256	NaN	NaN	0.005111090814421948	-0.0007835077559847847	0.00030743074750572065	NaN	NaN	417.33785982596635	1.7682909353540122	96161.28075477431	11.34000015258789	-16.46173684448666	101.7628757779298	101.69204969427321	101.83362513054742	-0.14156636597009173	0.00025234722065053776	-1	0	3.8857474993995007	2.611440738309012	1.000026724393169	-273.1499938964844	9.000575128555298	-273.1499938964844	087
DATA	2026-01-25T063000_AIU-0547.ghg	2026-01-25	07:00:00	25.291	0	18000	18000	0.022348440923269382	1	NaN	7.779037281315595	0	NaN	0.2228952697120712	2	NaN	0.032792010080450316	2	NaN	0.004891221222162028	2	NaN	NaN	NaN	NaN	NaN	NaN	NaN	NaN	NaN	NaN	NaN	NaN	NaN	-7.003010045340994e-11	-2.9716759935759193e-13	NaN	NaN	18.365759206005762	417.69766201707534	418.43933293850955	-0.2	0	77.9337533188213	1.77246941922456	1.7756166454288487	0.1	1	NaN	NaN	NaN	NaN	0	NaN	NaN	NaN	NaN	9	261.16660405815975	261.0197938563985	95111.49413224586	1.2686045654255083	1005.9806220270904	0.02282940843217588	0.0003169511351960994	0.001399068205230579	168.53259087032842	241.02787178409562	0.0011028402729745114	69.92244906070201	72.4952809137672	256.6325899428947	0.27505328840991816	-0.1810263495073047	0.023329265226616977	0.3301046883900336	4.0158002956931005e-15	-3.8130795284797965e-15	0.3301046883900336	1.8442610809895146	5.35091763711273	326.64908236288727	4.052604141215585	NaN	0.13272736745813363	0.19705386385995982	-25.253257843899377	-0.11483666851722955	34.8999657613385	0.045925034073077714	1	2.2883143216096937	1	2	3	6	10	28	0.021693426848043526	1.03019412653492	7.5958238498004	1.0261527595606055	0.20331611406703717	1.096299084481707	0.0299115547432508	1.096299084481707	0.004461575578597177	1.096299084481707	NaN	1	NaN	NaN	800000009	800000019	800000009	800000019	800010009	800010009	899999999	899999999	89999	89999	89	89	3	2	0	38	25	0	0	NaN	0	0	18000	0	0	0	0	0	0	NaN	NaN	NaN	NaN	0	18000	0	0	0	0	101	0	0	0	0	18000	18000	18000	18000	18000	100	NaN	0.13462167211351084	0.23087078134657152	0.028615274259837273	0.013326810297335373	0.03708916752701115	0.00043710141237335244	NaN	NaN	0.005951946236970972	0.0006840752456158883	0.00010203593346986999	NaN	NaN	417.69764418506077	1.772468887101852	96125.1381935764	11.34000015258789	-16.43785981474984	101.76083926645914	101.69202941894531	101.82974457804362	-0.13764841864796093	0.0002524232645551415	-1	0	8.316223780526018	0.3942876647975772	1.000040187186665	-273.1499938964844	9.000638897392484	-273.1499938964844	008
DATA	2026-01-25T070000_AIU-0547.ghg	2026-01-25	07:30:00	25.312	1	18000	18000	0.012826167662244729	0	NaN	17.769773040234774	0	NaN	2.927986231536686	1	NaN	-0.2919778294692102	2	NaN	0.06425602193745343	1	NaN	NaN	NaN	NaN	NaN	NaN	NaN	NaN	NaN	NaN	NaN	NaN	NaN	2.2620856989705823e-10	9.737742549254456e-13	NaN	NaN	18.351995920874202	417.8868872257537	418.63998034435315	0.3	0	79.0009908217739	1.7989039603431227	1.8021458476455683	0.1	1	NaN	NaN	NaN	NaN	0	NaN	NaN	NaN	NaN	9	261.23848860761854	261.08944888443693	95111.49413224586	1.2682534601643236	1005.9952565917782	0.02283569209063013	0.004163790221546982	0.0014195431341491643	171.04464372681832	242.38231814011357	0.0011192897782161292	70.56811942360532	71.33767441329525	256.8094659038492	0.19178527246487265	-0.24986363880103235	0.02453756521478258	0.31593594419753596	9.199641956832887e-15	1.2326101796903772e-14	0.31593594419753596	1.8715284921879594	24.491606913033593	307.50839308696635	4.454435182578683	NaN	0.10056466897646671	0.12074444661535279	-4.808595119734569	-0.6030867494121812	6.068940095701447	0.1384951176971881	1	2.8970393372453014	1	2	4	6	10	26	0.01243732613887154	1.0312640771039931	17.456381661380906	1.0268598351872922	2.668746422103559	1.0971391688944314	-0.2661265204517594	1.0971391688944314	0.05856688354514143	1.0971391688944314	NaN	1	NaN	NaN	800000009	800000019	800000009	800000019	800010009	800010109	899999999	899999999	89999	89999	89	89	7	0	0	26	34	0	0	NaN	0	0	18000	0	0	0	0	0	0	NaN	NaN	NaN	NaN	0	18000	0	0	0	0	101	0	0	0	0	18000	18000	18000	18000	18000	100	NaN	0.07499328112872873	0.13749960361415073	0.028996008487826103	0.03244270996372451	0.04764725497695971	0.0008839965705974543	NaN	NaN	0.01368208360273906	-0.006088131927095818	0.0013398248057968811	NaN	NaN	417.88688881296434	1.7989029432708743	96081.91232443575	11.34000015258789	-16.26665136962465	101.74887796062893	101.68119484519958	101.81660548337301	-0.13533731823538708	0.00025311756051410656	-1	0	5.684602679557178	0.6504570767068174	1.0000301034731998	-273.1499938964844	9.000589893023173	-273.1499938964844	089
DATA	2026-01-25T073000_AIU-0547.ghg	2026-01-25	08:00:00	25.333	1	18000	18000	0.009427626070374586	0	NaN	10.99563967257356	0	NaN	1.967509747499019	1	NaN	0.09212096820428624	1	NaN	0.043181397098400943	1	NaN	NaN	NaN	NaN	NaN	NaN	NaN	NaN	NaN	NaN	NaN	NaN	NaN	2.3890547493467997e-11	1.0415349756356806e-13	NaN	NaN	18.32256815404247	417.6675014475678	418.42940612247014	0.1	0	79.87927267519272	1.8208679020978793	1.8241895102243906	0.1	1	NaN	NaN	NaN	NaN	0	NaN	NaN	NaN	NaN	9	261.32632254452176	261.1754132312143	95141.6562168046	1.2682275646594983	1006.0076102278964	0.0228361280644955	0.002798154531976381	0.0014368477907169852	173.18673123861706	244.06328625026055	0.0011329573893173969	70.95976371515083	70.87655501164349	256.9584682593653	0.4453161370903144	-0.1659483114899967	0.04666432582612326	0.47751739585509123	2.942276977296328e-14	1.3038864035114572e-15	0.47751739585509123	1.5467580263830967	352.43805066872414	339.56194933127586	5.608052844289763	NaN	0.0862189203476466	0.10810373561959497	-4.898364506621837	-0.5920343404578498	5.588607470204689	0.09995843892212705	1	7.496942037953084	3	6	10	15	25	60	0.009219602115675445	1.0225632247562455	10.869943319700873	1.0211404928884797	1.8040892477877786	1.0905833787943868	0.08446944084745149	1.0905833787943868	0.039594769128186165	1.0905833787943868	NaN	1	NaN	NaN	800000009	800000019	800000009	800000019	800010009	800010009	899999999	899999999	89999	89999	89	89	3	1	0	36	23	0	0	NaN	0	0	18000	0	0	0	0	0	0	NaN	NaN	NaN	NaN	0	18000	0	0	0	0	101	0	0	0	0	18000	18000	18000	18000	18000	100	NaN	0.09705035102937105	0.0986615764099592	0.02049554379985967	0.022155899344918087	0.019434592885794917	0.0010143704570071163	NaN	NaN	0.008519788724526845	0.0019324726563101997	0.0009058401228358971	NaN	NaN	417.66750474598444	1.820866790504757	96041.97014084201	11.343055222511293	-16.125649602201225	101.75004817199707	101.68415832010905	101.81593922657437	-0.13180932011827814	0.00025336267826949344	-1	0	6.238997132394094	0.57372168151537	1.0000143987172179	-273.1499938964844	9.000416148397658	-273.1499938964844	103
DATA	2026-01-25T080000_AIU-0547.ghg	2026-01-25	08:30:00	25.354	1	18000	18000	0.01282863466739066	0	NaN	17.53133200538489	0	NaN	0.6971444652252645	1	NaN	-0.037257261810904246	2	NaN	0.015301376561662425	1	NaN	NaN	NaN	NaN	NaN	NaN	NaN	NaN	NaN	NaN	NaN	NaN	NaN	-1.3839178799705278e-10	-6.048912450255138e-13	NaN	NaN	18.324608275342523	418.0545998610179	418.8198920580088	0.1	1	80.09431249282528	1.8272584743536908	1.8306034600392287	0.1	1	NaN	NaN	NaN	NaN	0	NaN	NaN	NaN	NaN	9	261.3954840121799	261.24400523244975	95147.45771417874	1.26796883333452	1006.0114992415114	0.02284077900016671	0.0009915292011957251	0.0014415969907060964	173.8047974025063	245.41202994348643	0.0011369340892354324	70.82162901408303	71.60723254098014	257.00115448694044	0.4329662502466889	-0.060652415175826487	0.06018031245402987	0.4413163936750981	1.7895573754006178e-14	-7.55223718387868e-15	0.4413163936750981	2.403064614976693	339.97443072904315	352.02556927095685	7.837585159635592	NaN	0.10058562745457272	0.22475465738943792	-4.8783872377308235	-0.5944587542314357	25.147344459975145	0.13663673045094996	1	5.163039194766244	2	4	7	11	18	43	0.012527946926257146	1.0240013581557652	17.196449840004107	1.022079977909399	0.63863961465329	1.091608552350352	-0.03413060637046614	1.091608552350352	0.014017274350514104	1.091608552350352	NaN	1	NaN	NaN	800000009	800000019	800000009	800000019	800010009	800010009	899999999	899999999	89999	89999	89	89	4	18	0	52	32	0	0	NaN	0	0	18000	0	0	0	0	0	0	NaN	NaN	NaN	NaN	0	18000	0	0	0	0	101	0	0	0	0	18000	18000	18000	18000	18000	100	NaN	0.23493056396307663	0.17139454386641825	0.04318420694938097	0.02881101896991398	0.04860073181293096	0.0008304500136329965	NaN	NaN	0.013481160324576594	-0.0007809962744136189	0.0003207513785825417	NaN	NaN	418.0545494782805	1.8272575569507847	95985.93302756076	11.350000381469727	-16.090081172413296	101.75011589898004	101.68439042727152	101.81593206469218	-0.13144732827113734	0.00025332788678093094	-1	0	7.0014159282843345	0.4725348564344753	1.0000153929484568	-273.1499938964844	9.000440423700544	-273.1499938964844	208
DATA	2026-01-25T083000_AIU-0547.ghg	2026-01-25	09:00:00	25.374	1	18000	18000	0.006629391097507295	1	NaN	10.39259548685854	1	NaN	1.2609605023417707	1	NaN	0.15643536993332735	1	NaN	0.027677495064411202	1	NaN	NaN	NaN	NaN	NaN	NaN	NaN	NaN	NaN	NaN	NaN	NaN	NaN	-8.592145106041651e-11	-3.7054674486631675e-13	NaN	NaN	18.325960607103305	418.11966238347503	418.87497441891435	0.1	1	79.03294189870682	1.803192077748518	1.8064494530911852	0.1	1	NaN	NaN	NaN	NaN	0	NaN	NaN	NaN	NaN	9	261.4366952955458	261.2871871163198	95147.45771417874	1.2677708016070617	1005.9988864295341	0.022844380048666957	0.0017935016801738457	0.0014223858002950563	171.5169655686929	246.26459013128866	0.001121958163488227	69.64743306264766	74.74762456259575	256.8424630357862	0.5381217226541904	-0.11643397667881163	0.03964952880629947	0.5519999496848851	2.037913728887478e-14	-4.68851008154588e-15	0.5519999496848851	2.3223001270947776	344.2089450484991	347.7910549515009	4.119037843957916	NaN	0.07231301142153532	0.238408968524723	-3.0577869193083456	-0.9483983274596399	8.241808896914783	0.11268583587390552	1	10.516078249195987	5	8	14	21	33	75	0.0064983887530887284	1.0201592039805714	10.26032561986983	1.0195794634536017	1.1579451572781094	1.0889639240823903	0.14365523638916394	1.0889639240823903	0.025416356274367398	1.0889639240823903	NaN	1	NaN	NaN	800000009	800000019	800000009	800000019	800010009	800010009	899999999	899999999	89999	89999	89	89	10	3	2	46	23	0	0	NaN	0	0	18000	0	0	0	0	0	0	NaN	NaN	NaN	NaN	0	18000	0	0	0	0	101	0	0	0	0	18000	18000	18000	18000	18000	100	NaN	0.15828870276489151	0.2571615826811386	0.061367651603415826	0.016296717375424225	0.029853603066831283	0.0006862287106594764	NaN	NaN	0.008044941650065647	0.003287641261875799	0.00058166944494652	NaN	NaN	418.11964776546563	1.803191320599035	95927.99775694445	11.350000381469727	-16.256328361511223	101.7593958483802	101.6924090631273	101.82627703475953	-0.13388078026970232	0.00025382216968056225	-1	0	5.342336339950503	0.6469518530029151	1.0000270310921802	-273.1499938964844	9.000548012892406	-273.1499938964844	080
DATA	2026-01-25T090000_AIU-0547.ghg	2026-01-25	09:30:00	25.395	1	18000	18000	0.034672670805045824	0	NaN	14.327176990072783	0	NaN	1.5126456016443899	1	NaN	-0.05797287743470208	1	NaN	0.033207175639301416	1	NaN	NaN	NaN	NaN	NaN	NaN	NaN	NaN	NaN	NaN	NaN	NaN	NaN	-1.208551241695123e-10	-5.311861325637834e-13	NaN	NaN	18.30948949202746	418.3674457547858	419.13816597310824	0.1	1	80.47442737178352	1.8388213741716923	1.842208867212411	0.1	1	NaN	NaN	NaN	NaN	0	NaN	NaN	NaN	NaN	9	261.6103317014906	261.45776952414496	95124.25384703022	1.266617659227636	1006.0191554478099	0.02286512860604265	0.0021518249814267316	0.0014491745181593656	174.8613384254467	249.65814244600304	0.0011441294123777257	70.0403106072402	74.79680402055635	257.0738105631799	0.7283327716530582	0.14292053150341757	0.06548655607526851	0.7451062968567752	4.441185840760223e-14	-6.600682352292592e-15	0.7451062968567752	2.7279188323295367	320.8979302818059	11.102069718194139	5.042167344790283	NaN	0.1654515647334436	0.30866242595059584	-26.56202528508756	-0.10917842178352705	9.471601923476177	0.06795758834113842	1	6.907076927652034	3	6	10	16	28	77	0.03412452954874457	1.0160629688833738	14.170356023382027	1.0169645955458186	1.3919602827131154	1.0867016971892636	-0.0533475539650375	1.0867016971892636	0.030557765507490446	1.0867016971892636	NaN	1	NaN	NaN	800000009	800000019	800000009	800000019	800010009	800010009	899999999	899999999	89999	89999	89	89	3	7	0	66	17	0	0	NaN	0	0	18000	0	0	0	0	0	0	NaN	NaN	NaN	NaN	0	18000	0	0	0	0	101	0	0	0	0	18000	18000	18000	18000	18000	100	NaN	0.31006290144703735	0.24655574388817847	0.06070620656597595	0.02309245786818146	0.03805434474705773	0.0006940045631107234	NaN	NaN	0.011120619287661993	-0.0012220450960763146	0.0006999939961624519	NaN	NaN	418.36742972130185	1.8388205759723593	95853.07603363715	11.350000381469727	-16.030717221419017	101.75477230114407	101.6870426211887	101.82263479381137	-0.13550998894828897	0.00025390689268210237	-1	0	8.533338954276555	0.45702949457944864	1.0000266610864137	-273.1499938964844	9.000565279960632	-273.1499938964844	190
DATA	2026-01-25T093000_AIU-0547.ghg	2026-01-25	10:00:00	25.416	1	18000	18000	0.009215079997225427	1	NaN	14.413599194937795	1	NaN	0.08716025365957243	2	NaN	-0.03648204272968673	1	NaN	0.0019140270280565864	2	NaN	NaN	NaN	NaN	NaN	NaN	NaN	NaN	NaN	NaN	NaN	NaN	NaN	-1.5777141525591131e-10	-7.137736235909419e-13	NaN	NaN	18.257440533713055	417.8322915244004	418.62362202571114	-0.2	0	82.59848253314215	1.8903149742995273	1.8938950324390986	0.1	1	NaN	NaN	NaN	NaN	0	NaN	NaN	NaN	NaN	9	261.9458869773017	261.78885342343966	95124.25384703022	1.2649911752053589	1006.0490848240173	0.022894456631759198	0.0001240289514180668	0.0014878482144565625	179.75514433190364	256.3640973933647	0.0011761728015335956	70.11712878659745	76.60895306146108	257.40531507223864	0.6537798190350108	0.11349067600288146	0.04787545203165173	0.6652820786885894	1.5151364087573476e-14	-8.641485917184308e-15	0.6652820786885894	3.0271030088623125	322.15207143938676	9.847928560613198	4.126722351048076	NaN	0.08535044837668722	0.2725827576202559	-3.6245878588447518	-0.8000909656316908	165.36894501516647	0.1326966528044549	1	11.416007916136973	5	9	15	23	36	83	0.009056753205962288	1.0174816280915007	14.173444747910828	1.0178606839055422	0.08015609277851549	1.0873815157184694	-0.033550361305876915	1.0873815157184694	0.0017602166308592476	1.0873815157184694	NaN	1	NaN	NaN	800000009	800000019	800000009	800000019	800010009	800010009	899999999	899999999	89999	89999	89	89	6	4	0	57	4	0	0	NaN	0	0	18000	0	0	0	0	0	0	NaN	NaN	NaN	NaN	0	18000	0	0	0	0	101	0	0	0	0	18000	18000	18000	18000	18000	100	NaN	0.32290983971494197	0.17725953451011253	0.04499614101545738	0.030924940776996902	0.12987006787966152	0.0009494674914097171	NaN	NaN	0.011137013571904126	-0.000769571541870187	0.000040375500409249356	NaN	NaN	417.8322778679104	1.8903139575308396	95791.74672287327	11.330558825386895	-15.707986928886836	101.74913884671528	101.68127762497797	101.81695133633085	-0.13569688936198732	0.0002543888666227253	-1	0	9.926909214496478	0.3382303069399462	1.0000207917160457	-273.1499938964844	9.000489783445994	-273.1499938964844	209
DATA	2026-01-25T100000_AIU-0547.ghg	2026-01-25	10:30:00	25.437	1	18000	18000	0.030015157791251947	1	NaN	23.75995388023942	0	NaN	2.4684259919205904	1	NaN	0.0004040688404037717	2	NaN	0.05421691730713307	1	NaN	NaN	NaN	NaN	NaN	NaN	NaN	NaN	NaN	NaN	NaN	NaN	NaN	-2.3083583064175014e-11	-1.0699628043116104e-13	NaN	NaN	18.211037351319693	417.8457213092857	418.6565690823969	0.1	1	84.41121354371455	1.9367850237927051	1.9405434392638905	0.1	1	NaN	NaN	NaN	NaN	0	NaN	NaN	NaN	NaN	9	262.15886297522655	261.9978401353479	95190.39979105805	1.2648388702483686	1006.0755131081837	0.022897149203703403	0.003513256241502223	0.001524245067201904	184.29945481113933	260.6793186395275	0.0012050903107544422	70.69968410727368	76.37986382838815	257.7060038348523	0.0801979120667558	-0.22833527213417174	0.03884951136465683	0.24510811111370528	-4.9162350394053335e-14	-1.2675600307031508e-15	0.24510811111370528	1.9358822210014222	42.647258759324245	289.35274124067575	9.119812161435673	NaN	0.1540468114982261	0.1720584143205335	-12.934377611754721	-0.22420870080091748	9.625548409394556	0.12120683119654203	1	0.856480609487075	1	1	1	2	4	12	0.02890967047612965	1.0382393606331515	23.168066242058586	1.0314873734145467	2.238448064391239	1.1027398987663783	0.0003664226177503857	1.1027398987663783	0.04916564401794554	1.1027398987663783	NaN	1	NaN	NaN	800000009	800000019	800000009	800000019	800000009	800010009	899999999	899999999	89999	89999	89	89	1	3	1	21	36	0	0	NaN	0	0	18000	0	0	0	0	0	0	NaN	NaN	NaN	NaN	0	18000	0	0	0	0	101	0	0	0	0	18000	18000	18000	18000	18000	100	NaN	0.12454662073211964	0.1824463986757666	0.037123809233180746	0.0608803481899284	0.0728390754086442	0.0013059103018245174	NaN	NaN	0.018206396803363983	0.000008406308921672042	0.00112793690107131	NaN	NaN	417.8458605646074	1.9367836255140802	95730.06322591146	11.336110063552857	-15.423925205177724	101.7307515027788	101.66637693776025	101.79512203598023	-0.12874682741322468	0.0002551002233780713	-1	0	7.454602990653623	0.4426779496123344	1.0000312746779787	-273.1499938964844	9.000489277733697	-273.1499938964844	030
DATA	2026-01-25T103000_AIU-0547.ghg	2026-01-25	11:00:00	25.458	1	18000	18000	0.04482078248597689	1	NaN	28.317907580471392	0	NaN	5.446287725636152	1	NaN	-0.10271045498343034	2	NaN	0.11964152428781817	1	NaN	NaN	NaN	NaN	NaN	NaN	NaN	NaN	NaN	NaN	NaN	NaN	NaN	2.2791876231653886e-10	1.062938999363407e-12	NaN	NaN	18.176035143778684	417.8545942153517	418.6704732599348	0.1	1	84.7671179492022	1.9487379614575873	1.952542956037394	0.1	1	NaN	NaN	NaN	NaN	0	NaN	NaN	NaN	NaN	9	262.32354221937396	262.1614243456234	95181.11337578898	1.2639206128343952	1006.0831115045576	0.022913767791317315	0.007752770773850617	0.0015325396934697548	185.41807112297653	264.1022098669104	0.0012125284435649563	70.20693663124389	78.68413874393389	257.7790042914658	0.15952012075821684	-0.28347278404831916	0.04700890602576315	0.328653807932526	-1.5287021151859044e-14	1.2539520336180204e-14	0.328653807932526	1.5020910114039876	32.63200948526003	299.36799051474	8.2234908041396	NaN	0.18831279041406898	0.14177118154145674	-19.823592077559468	-0.1462903387364812	5.199487982828474	0.1182572255593242	1	1.0793710977177844	1	1	2	3	5	12	0.043502640211105455	1.0303002822006866	27.876228611697233	1.0262225901088469	4.967510540547491	1.0963817149819057	-0.09368129145160492	1.0963817149819057	0.10912396900908977	1.0963817149819057	NaN	1	NaN	NaN	800000009	800000019	800000009	800000019	800000009	800010009	899999999	899999999	89999	89999	89	89	1	4	0	23	70	0	0	NaN	0	0	18000	0	0	0	0	0	0	NaN	NaN	NaN	NaN	0	18000	0	0	0	0	101	0	0	0	0	18000	18000	18000	18000	18000	100	NaN	0.0895805937169081	0.1506450738783269	0.043316695487678476	0.03798527745414674	0.031367585727397805	0.0013523562020002055	NaN	NaN	0.021922009519549118	-0.00215078119939921	0.0025053217917028565	NaN	NaN	417.8545919274534	1.9487365584975092	95694.55534657117	11.350000381469727	-15.35370262416205	101.7155620201676	101.65402838028801	101.77711615477668	-0.1231479985798812	0.0002554818652230702	-1	0	6.133552654796008	0.5187369726093342	1.0000120812637938	-273.1499938964844	9.000351153797574	-273.1499938964844	230
DATA	2026-01-25T110000_AIU-0547.ghg	2026-01-25	11:30:00	25.479	1	18000	18000	0.018263764297583075	0	NaN	21.575320821004212	0	NaN	2.737252504456625	0	NaN	0.14746125661323772	0	NaN	0.060133931911085625	0	NaN	NaN	NaN	NaN	NaN	NaN	NaN	NaN	NaN	NaN	NaN	NaN	NaN	7.594405526092247e-11	3.5997676481003166e-13	NaN	NaN	18.17300817997981	418.17134281328697	419.00186436832547	0.2	0	86.14052369233346	1.9821428629931352	1.9860795564112124	0.1	1	NaN	NaN	NaN	NaN	0	NaN	NaN	NaN	NaN	9	262.3837465727064	262.2188132750085	95181.11337578898	1.2636280558423951	1006.1014599135736	0.022919026597143947	0.003896678787838348	0.0015584525307710062	188.5944723456591	265.3124396852358	0.001233315866615566	71.08391621946029	76.71796733957669	257.98417157420744	0.3718109553491722	-0.2716898048123331	0.02110842611145209	0.4609818892424646	3.0828424385732207e-14	4.17894794900196e-15	0.4609818892424646	2.277201650425235	8.156357027069191	323.8436429729308	2.624499565937363	NaN	0.12022243416706492	0.1582447965105826	-6.770266866539022	-0.4283435287215624	7.882108349842263	0.14115969338353931	1	4.4137938075472	2	4	6	9	16	39	0.017849756383197673	1.0231940372460835	21.267226773328833	1.0215523305454746	2.5088728675062684	1.0910287802575498	0.1351579896713887	1.0910287802575498	0.055116723774133916	1.0910287802575498	NaN	1	NaN	NaN	800000009	800000019	800000009	800000019	800000009	800010109	899999999	899999999	89999	89999	89	89	6	0	0	51	17	0	0	NaN	0	0	18000	0	0	0	0	0	0	NaN	NaN	NaN	NaN	0	18000	0	0	0	0	101	0	0	0	0	18000	18000	18000	18000	18000	100	NaN	0.1626724297245497	0.11466413391713169	0.0391530293794838	0.04151657814116412	0.03868876681114684	0.0015524434748455207	NaN	NaN	0.016728223526599573	0.0031038395931168297	0.0012657296095404612	NaN	NaN	418.17125598726466	1.9821411886508766	95640.00672395834	11.356388251781462	-15.155538168165418	101.7204854888916	101.66060329522027	101.78042171584235	-0.11979584317074879	0.0002560071236495989	-1	0	5.081293061084137	0.6344352875616722	1.0000194233540032	-273.1499938964844	9.000332009765836	-273.1499938964844	080
DATA	2026-01-25T113000_AIU-0547.ghg	2026-01-25	12:00:00	25.499	1	18000	18000	0.03962227059648445	0	NaN	23.390424853249645	0	NaN	-0.4894081189919494	0	NaN	0.21587130671346472	2	NaN	-0.010749838137234551	0	NaN	NaN	NaN	NaN	NaN	NaN	NaN	NaN	NaN	NaN	NaN	NaN	NaN	2.080404314122076e-11	9.684399037212222e-14	NaN	NaN	18.200252569265675	418.7498579976283	419.56772309307576	0.1	0	84.72319888126954	1.9493041300177882	1.9531113380153662	0.1	1	NaN	NaN	NaN	NaN	0	NaN	NaN	NaN	NaN	9	262.1993142369588	262.0372260826346	95241.49127280053	1.2653215499658588	1006.0825186628597	0.022888397372129637	-0.0006965895112927989	0.0015346841656788263	185.58956108457195	261.4997840927542	0.0012128807619851535	70.97121006369288	75.91022300818227	257.79016087091196	0.526663584647707	-0.30855048023357384	0.04885256262377064	0.612343451929777	-8.849927476721698e-15	1.1430634306884313e-15	0.612343451929777	2.647815202487248	2.364278881323173	329.6357211186768	4.575901662295314	NaN	0.17695760324506993	0.26730632129077375	-19.923696599296644	-0.14555531828879473	-47.79329141786144	0.10383275447993416	1	4.249010526029984	2	3	6	10	17	47	0.038898126462318314	1.018616427062821	22.95387968450724	1.018585510953312	-0.44981766473774243	1.08801444975997	0.19840849242497535	1.08801444975997	-0.009880234715270652	1.08801444975997	NaN	1	NaN	NaN	800000009	800000019	800000009	800000019	800001009	800011009	899999999	899999999	89999	89999	89	89	7	4	1	13	51	0	0	NaN	0	0	18000	0	0	0	0	0	0	NaN	NaN	NaN	NaN	0	18000	0	0	0	0	101	0	0	0	0	18000	18000	18000	18000	18000	100	NaN	0.24426354634885467	0.21730729148686612	0.0730418047458267	0.04103425154536182	0.09436509941048214	0.0011196579314748539	NaN	NaN	0.01803107389960022	0.004550118873392918	-0.000226584265129197	NaN	NaN	418.74955397734703	1.9493029076587167	95557.47124826387	11.359999656677246	-15.367301171408785	101.72607962587145	101.66436227734884	101.78778257285224	-0.12344072055388933	0.0002557562471338315	-1	0	7.877397560556501	0.4589262111832335	1.0000094499356216	-273.1499938964844	9.000306386470795	-273.1499938964844	070
DATA	2026-01-25T120000_AIU-0547.ghg	2026-01-25	12:30:00	25.52	1	18000	18000	0.05319250160074133	0	NaN	15.158753006561648	0	NaN	2.4544354842058924	0	NaN	0.16605198462051465	1	NaN	0.05391159851540535	0	NaN	NaN	NaN	NaN	NaN	NaN	NaN	NaN	NaN	NaN	NaN	NaN	NaN	2.953166860231066e-11	1.3502520274253937e-13	NaN	NaN	18.189920317666036	418.6617282392306	419.46467269582945	0.1	1	83.1682663055253	1.9142123493699557	1.917883585814576	0.1	1	NaN	NaN	NaN	NaN	0	NaN	NaN	NaN	NaN	9	262.19598552619084	262.0368159031446	95241.49127280053	1.2653402949998331	1006.0636849046895	0.022888106796027194	0.0034934715837982664	0.0015070755931919598	182.25056993223262	261.491302046442	0.0011910437051182018	69.69660883782058	79.24073211420938	257.5712621834054	0.620300910470258	-0.2765789720714543	0.09007766104234521	0.6851154153434038	-9.445848441045373e-15	1.6235183050048617e-15	0.6851154153434038	3.7195962012302046	356.0310749444875	335.9689250555125	7.555013393645615	NaN	0.20503194823947637	0.5311851053370775	-47.81884806289181	-0.060645542865982296	6.176064966509441	0.058077662273027915	0	61.211493636277396	-9.289080314758944	21.011924964233813	52.32266410825311	79.79536412682049	111.91413277171125	167.6677643170927	0.052298219658022775	1.0170996632116016	15.025649483772423	1.01761810294126	2.2576070953126375	1.0871845190874536	0.15273578836451163	1.0871845190874536	0.049588269119815044	1.0871845190874536	NaN	1	NaN	NaN	800000009	800000019	800000009	800000019	800000009	800010009	899999999	899999999	89999	89999	89	89	0	1	1	25	36	0	0	NaN	0	0	18000	0	0	0	0	0	0	NaN	NaN	NaN	NaN	0	18000	0	0	0	0	101	0	0	0	0	18000	18000	18000	18000	18000	100	NaN	0.5220789221711444	0.46418024219072745	0.07611104631228313	0.02984877034185288	0.05066031113454178	0.0009876884875088616	NaN	NaN	0.011803218372356405	0.003502535356850974	0.0011371576219103695	NaN	NaN	418.66167640456433	1.9142112671530849	95451.7134518229	11.321117471536002	-15.599567354626116	101.73085319328308	101.66870981004503	101.79290979660882	-0.12429235756273078	0.0002559346622422002	-1	0	9.211434117608526	0.37654264999347253	1.0000234160456392	-273.1499938964844	9.000434281958475	-273.1499938964844	064
DATA	2026-01-25T123000_AIU-0547.ghg	2026-01-25	13:00:00	25.541	1	18000	18000	0.023174313354378386	1	NaN	22.752297729704814	1	NaN	3.0721624535593954	1	NaN	0.13143434387928993	1	NaN	0.0674934201794415	1	NaN	NaN	NaN	NaN	NaN	NaN	NaN	NaN	NaN	NaN	NaN	NaN	NaN	5.5074406445455004e-11	2.5624090091588835e-13	NaN	NaN	18.167946611287036	418.6365262645178	419.4535216250892	0.1	1	84.52875496858185	1.9477613572205925	1.9515625353130748	0.1	1	NaN	NaN	NaN	NaN	0	NaN	NaN	NaN	NaN	9	262.41162892913815	262.24953784867705	95193.88243036659	1.2636659174536191	1006.0832327737361	0.022918387476345864	0.0043735736276278095	0.001531462904827656	185.3500692492028	265.96251268747073	0.0012119207170781879	69.69029859745888	80.61244343826795	257.7745777590399	1.2380984949387988	0.40183382670706896	0.11414115522584456	1.3066700083694125	3.086529136844989e-14	3.0314051237490664e-15	1.3066700083694125	4.129773533801367	314.0187862737343	17.981213726265718	5.011328110934569	NaN	0.13542140066854985	0.5782149351990415	-9.17661491725232	-0.3160206706013031	7.405955275361201	0.13215140272687428	1	19.576730065290228	9	16	26	40	66	157	0.022923506646922675	1.010941027100205	22.603101915223874	1.0139866826955402	2.826682169367003	1.0868439638713836	0.12093211928151609	1.0868439638713836	0.06210037726025281	1.0868439638713836	NaN	1	NaN	NaN	800000009	800000019	800000009	800000019	800000019	800010019	899999999	899999999	89999	89999	89	89	2	1	0	67	6	0	0	NaN	0	0	18000	0	0	0	0	0	0	NaN	NaN	NaN	NaN	0	17281	0	0	0	0	101	0	0	0	0	18000	18000	18000	18000	18000	100	NaN	0.6081801186268839	0.46089359800593643	0.08735615376526282	0.04419641506268988	0.027122938500212856	0.0012048340156585236	NaN	NaN	0.0177787760682043	0.00277697616174315	0.0014260170772789627	NaN	NaN	418.6365283029504	1.9477600582282157	95334.50266970487	11.332219683170319	-15.405188031673424	101.72841412565444	101.6652253381941	101.79154733890957	-0.12637768595934717	0.0002563940933210283	-1	0	8.381605235390815	1.5210268897909753	1.0000184619691637	-273.1499938964844	9.000436811182235	-273.1499938964844	016
DATA	2026-01-25T130000_AIU-0547.ghg	2026-01-25	13:30:00	25.562	1	18000	18000	0.07708142052032357	0	NaN	26.859070416660078	0	NaN	2.8195334794060494	0	NaN	0.09311526022048895	0	NaN	0.061964996435150035	0	NaN	NaN	NaN	NaN	NaN	NaN	NaN	NaN	NaN	NaN	NaN	NaN	NaN	4.872316109285682e-11	2.343481367070055e-13	NaN	NaN	18.158864993793667	418.7080502751304	419.5529869788818	0.3	0	87.34031373497034	2.013897481306598	2.017961448785681	0.1	1	NaN	NaN	NaN	NaN	0	NaN	NaN	NaN	NaN	9	262.79012142209655	262.6222876663923	95143.97677330437	1.2611793175713972	1006.1215058731027	0.02296348275108399	0.004015331768997722	0.0015803540616340878	191.5391275475058	273.9620764148664	0.001253076417933425	69.91446774459915	82.42294886736056	258.17163240461815	1.8806546039505232	0.6038380421925129	0.16718438275476571	1.9822796821832078	1.9077085992532428e-14	2.683161150738739e-15	1.9822796821832078	4.940190973464342	314.1992845125604	17.800715487439597	4.838041880886747	NaN	0.24722161250528668	0.7160558348979617	-47.27780041922838	-0.061339571094355304	9.52606898014848	0.08562040362996114	0	55.48959325654836	-8.420759856902116	19.047781724304222	47.43166972395637	72.33628908756552	101.45267397103945	151.99459270630047	0.07640771766899349	1.0088172094636911	26.66156260761855	1.0132967203886243	2.5824119121804032	1.0918217446671539	0.08528430641292595	1.0918217446671539	0.056753766572070145	1.0918217446671539	NaN	1	NaN	NaN	800000009	800000009	800000009	800000019	800010009	800010019	899999999	899999999	89999	89999	89	89	5	0	1	60	23	0	0	NaN	0	0	18000	0	0	0	0	0	0	NaN	NaN	NaN	NaN	0	2626	0	0	0	0	101	0	101	0	0	18000	18000	18000	18000	18000	100	NaN	0.7548918803632424	0.5357931981841346	0.14142659124854645	0.037515363363341644	0.022357371558397097	0.0005737762538711414	NaN	NaN	0.021011561426635815	0.0019623752556305876	0.0013058930988501883	NaN	NaN	418.70807998927694	2.0138968322017283	95233.56316796874	11.359999656677246	-15.013917623625874	101.732925157547	101.66758884069655	101.79821095339457	-0.13070468645501468	0.0002561709986039205	-1	0	2.328052096181469	41.28703278481801	1.000016876987285	-273.1499938964844	9.000478023105197	-273.1499938964844	130
DATA	2026-01-25T133000_AIU-0547.ghg	2026-01-25	14:00:00	25.583	1	18000	18000	0.023922330271785665	1	NaN	17.666302875859294	1	NaN	0.060681800805526154	1	NaN	0.07982052764777298	1	NaN	0.0013347900312330584	1	NaN	0.009340294947318362	2	NaN	NaN	NaN	NaN	NaN	NaN	NaN	NaN	NaN	NaN	1.0380768716482453e-11	5.120718740281895e-14	5.963975160738729e-14	NaN	18.121788046652675	418.56079047027123	419.42678692364825	0.1	0	89.3927821651296	2.064714225166356	2.0689860901784187	0.1	1	0.10411357456293564	2.1889292484434195	2.193458112610834	0.7	0	NaN	NaN	NaN	NaN	9	262.96624962615965	263.56715997733215	94722.01430483846	1.2510596227186555	1006.1568927855728	0.023133981937920073	0.00008649439402390219	0.0016082899638646313	195.62635099738338	295.2127877440885	0.0012855422192986174	66.26621851048209	99.58643674670509	258.42761096285875	1.1741948422201574	0.23382102105807648	0.10524732795897722	1.2018663808542247	1.9004900706662996e-14	5.72833579653301e-16	1.2018663808542247	4.321358935909291	320.737836593778	11.262163406222012	5.023820978248866	NaN	0.1382810718266654	0.9593054153900287	-12.538908184374657	-0.23128010488296188	291.13016821100115	0.10149373156642821	1	17.90135237046718	8	14	24	38	63	154	0.023649754636684218	1.0115255164076267	17.431950562391776	1.0142826584636881	0.05585563395258833	1.0864042982133977	0.07347221267353103	1.0864042982133977	0.0012286310293765715	1.0864042982133977	0.003054823561213264	1.1479403957657999	NaN	NaN	800000009	800000009	800000009	800000019	800000019	800010019	899999999	899999999	89999	89999	89	89	3	2	3	41	13	0	0	NaN	0	0	18000	0	0	0	0	0	0	NaN	NaN	NaN	NaN	0	714	0	0	0	0	0	0	802	0	0	18000	18000	18000	18000	18000	100	NaN	0.6399002617073342	1.1991252857571628	0.0795852833155603	0.04168566116531579	0.05487368275601466	0.002022199359716379	0.0000022629976883976424	NaN	0.013848485197849154	0.0017032224518623352	0.000028481950905540057	0.000003054823561213264	NaN	418.5607902229716	2.0647121047674313	95131.10847113717	11.347223306814833	-14.726958845403432	101.7273578016493	101.66307853847078	101.79166080644396	-0.12857381306009166	0.000256949500125807	-1	0	2.1958385238978586	46.568341774569625	1.0000178472780519	-273.1499938964844	9.000478261470795	-273.1499938964844	234
DATA	2026-01-25T140000_AIU-0547.ghg	2026-01-25	14:30:00	25.604	1	18000	18000	0.07713654356131092	1	NaN	19.79267588415768	1	NaN	3.887695919688776	1	NaN	-0.38144889702973755	2	NaN	0.08549446297782168	1	NaN	NaN	NaN	NaN	NaN	NaN	NaN	NaN	NaN	NaN	NaN	NaN	NaN	1.080870427161219e-10	5.687262940390754e-13	NaN	NaN	18.032154377232008	418.0209940044161	418.942466021604	0.1	1	94.8805710175471	2.199519246493379	2.204367795886782	0.1	1	NaN	NaN	NaN	NaN	0	NaN	NaN	NaN	NaN	9	263.4842417339749	263.3004632653451	95178.79191352948	1.258303061133552	1006.226478262123	0.02301571538926916	0.005540041200962844	0.0017220988715995486	209.2575802289623	289.06838611472386	0.001368588319294227	72.39033747049506	79.81080588576157	259.24812906924143	0.05232408889748888	-0.18450556560994993	0.02965834148001636	0.19406115334950746	-1.2606967681557025e-14	5.9941280700544675e-15	0.19406115334950746	3.5403116069089875	46.16714917353539	285.8328508264646	8.790957645571504	NaN	0.2475924861256322	0.48500202020023603	-64.46516951015933	-0.04498553283945026	5.091106993198726	0.0631373075502372	0	90.26391867831317	-13.697897899861035	30.98468234603535	77.15624007091745	117.66813437437538	165.03123154427954	247.24685748107873	0.07374644490162374	1.045969655407925	19.29425503969777	1.0366472700398321	3.5052158697875315	1.109117402211359	-0.3439211180612661	1.109117402211359	0.07708333022939029	1.109117402211359	NaN	1	NaN	NaN	800000009	800000019	800000009	800000019	800000009	800100009	899999999	899999999	89999	89999	89	89	0	0	1	17	26	0	0	NaN	0	0	18000	0	0	0	0	0	0	NaN	NaN	NaN	NaN	0	13736	0	0	0	0	101	0	403	0	0	18000	18000	18000	18000	18000	100	NaN	0.5058536254536546	0.42211875715893565	0.04203165778788171	0.05271578990900465	0.1824984961531313	0.004912349712131776	NaN	NaN	0.015238668460132831	-0.007933031924301412	0.0017780371353418542	NaN	NaN	418.0209890098874	2.199514246707547	95045.9461345486	11.34000015258789	-13.969737379921854	101.70482234891256	101.64405910703871	101.7655269595252	-0.12151355497063067	0.00025807500595692546	-1	0	4.620754488454974	7.007021110238279	1.0000146116763353	-273.1499938964844	9.000372481213676	-273.1499938964844	077
DATA	2026-01-25T143000_AIU-0547.ghg	2026-01-25	15:00:00	25.624	1	18000	18000	0.019720740126304308	0	NaN	13.428825071975126	0	NaN	1.4717890457329328	1	NaN	-0.2429456296806479	2	NaN	0.03237442527890235	1	NaN	NaN	NaN	NaN	NaN	NaN	NaN	NaN	NaN	NaN	NaN	NaN	NaN	-1.6611761826716365e-10	-8.8889980121083e-13	NaN	NaN	18.012725705048833	418.4930841866931	419.4323474140761	0.1	1	96.38657515984926	2.239367643372909	2.2443936659273778	0.1	1	NaN	NaN	NaN	NaN	0	NaN	NaN	NaN	NaN	9	263.75938124084473	263.572079814466	95178.79191352948	1.2569874464495483	1006.2500787414557	0.023039749208296764	0.002097862758072872	0.0017514689617566526	213.04597560905648	295.3240683375136	0.0013933862002391535	72.13972664279265	82.27809272845712	259.4676892825061	0.6656027875245469	-0.1123779756665559	0.08246374049818105	0.680041284535211	1.9207210807433747e-14	-9.222236600238803e-15	0.680041284535211	2.4141796142191594	341.5832359055244	350.4167640944756	6.964990514869037	NaN	0.12525530674435012	0.45379113865434567	-12.301874761881905	-0.2357364268563214	9.124150713655935	0.08476274525349954	1	8.742886516295536	4	7	12	19	32	81	0.01938736862272284	1.017195294011728	13.277609553741407	1.017678795814188	1.3537017502425917	1.087232874943967	-0.22345316746715246	1.087232874943967	0.029776900630024496	1.087232874943967	NaN	1	NaN	NaN	800000009	800000019	800000009	800000019	800000009	800000009	899999999	899999999	89999	89999	89	89	5	1	0	31	30	0	0	NaN	0	0	18000	0	0	0	0	0	0	NaN	NaN	NaN	NaN	0	18000	0	0	0	0	101	0	0	0	0	18000	18000	18000	18000	18000	100	NaN	0.29875541992287075	0.5592490243926935	0.049577832993127	0.02843876026698187	0.36797431070345094	0.0023424817028238763	NaN	NaN	0.01049743092813188	-0.005159854635846515	0.0006875914112050285	NaN	NaN	418.49308842048015	2.2393651758473996	94997.65500065104	11.349720930629307	-13.753618756929999	101.69106314722697	101.63254431555006	101.74959744114346	-0.11703146437617684	0.0002579794011463592	-1	0	3.942666726045886	2.5642902602488147	1.0000187935100662	-273.1499938964844	9.000338853889042	-273.1499938964844	210
DATA	2026-01-25T150000_AIU-0547.ghg	2026-01-25	15:30:00	25.645	1	18000	18000	0.051731866722793785	0	NaN	24.543425363875215	0	NaN	-0.21912222424466524	2	NaN	-0.1255441366250299	0	NaN	-0.0048183295758141165	2	NaN	NaN	NaN	NaN	NaN	NaN	NaN	NaN	NaN	NaN	NaN	NaN	NaN	-1.0637741200440389e-10	-5.606317268833305e-13	NaN	NaN	18.087013940285672	419.3862584722382	420.31526252326523	0.1	0	95.32243423148364	2.2102553341746645	2.2151513843379016	0.1	1	NaN	NaN	NaN	NaN	0	NaN	NaN	NaN	NaN	9	263.3977323972914	263.21311802964306	95210.13643193731	1.2591300415876465	1006.2315592812798	0.023000584068236917	-0.0003122277565127547	0.001731643061153854	210.3475211309513	287.081909753743	0.0013752694352129127	73.27090770414131	76.7343886227917	259.31165870427884	0.9252758968371145	-0.20148387971531298	0.10840313294742204	0.9531434720364376	6.722372785999758e-15	-5.881424781094835e-15	0.9531434720364376	3.3778482993474537	344.2846953299576	347.7153046700424	6.5305074463287305	NaN	0.20269534829123223	0.4850259092295803	-28.530932504253393	-0.10164406647303476	-112.00792365301463	0.09557028297854228	0	62.35902732816223	-9.463222979715786	21.40583614652073	53.303558648585145	81.29129019155347	114.01219034757636	170.81103688188497	0.05104501231766118	1.0134558573687513	24.178061182186568	1.015369716775212	-0.20177089212801474	1.0859952192987372	-0.11560284464796988	1.0859952192987372	-0.004436787096471262	1.0859952192987372	NaN	1	NaN	NaN	800000009	800000009	800000009	800000019	800000009	800110019	899999999	899999999	89999	89999	89	89	8	0	4	44	34	8	0	NaN	0	0	18000	0	0	0	0	0	0	NaN	NaN	NaN	NaN	0	5172	0	0	0	0	101	0	0	0	0	18000	18000	18000	18000	18000	100	NaN	0.36925309253743327	0.5297876176462064	0.07101110827552082	0.03544629420422381	0.03964361696588975	0.0014426256353542038	NaN	NaN	0.01908327689988583	-0.002664820327873874	-0.00010227464973832502	NaN	NaN	419.3863626926553	2.2102531829710337	94997.32784288195	11.350000381469727	-13.91299972269264	101.71930668724907	101.65941552861531	101.77909165255228	-0.1197121851185539	0.0002575745927687321	-1	0	2.3215878541204535	21.909229173881194	1.0000079056587483	-273.1499938964844	9.000295683039559	-273.1499938964844	154
DATA	2026-01-25T153000_AIU-0547.ghg	2026-01-25	16:00:00	25.666	1	18000	18000	0.015756858557001246	1	NaN	18.8085935586974	0	NaN	0.9758502383196169	1	NaN	0.43104159963531424	0	NaN	0.021479327829173427	1	NaN	0.052131354980663076	1	NaN	NaN	NaN	NaN	NaN	NaN	NaN	NaN	NaN	NaN	1.7404453233515544e-11	9.893223096376443e-14	1.0136220149946324e-13	NaN	18.05340231559509	418.5025004740709	419.50044845765035	0.3	0	102.62105586453083	2.3788961066633063	2.384568747973933	0.1	1	0.10514163120852005	2.218027066084711	2.223316104108657	-0.9	0	NaN	NaN	NaN	NaN	9	263.8636792287474	264.2606395301447	94595.09932777885	1.245956549583621	1006.3317498444347	0.02322597018943488	0.001391860443330438	0.0018456799964404365	225.09227592891972	311.73021395715074	0.0014813357633195424	72.207397887925	86.63793802823102	260.14341803099774	1.1658253980299929	0.1589468854640339	0.13182836492710698	1.1839728412804311	1.78423823469659e-14	9.640539178856629e-16	1.1839728412804311	3.3544079012873382	324.2362479293339	7.76375207066606	6.3928015962955405	NaN	0.11245619103538654	0.48736058919751585	-6.328766119669199	-0.45822518089064435	19.274057452796445	0.133391722244091	1	20.21489478362855	9	16	27	41	66	151	0.015575616429995916	1.0116362731337099	18.60497642862526	1.0143411369823672	0.8982873579275829	1.0863452877384108	0.39678139584208144	1.0863452877384108	0.01977210015232799	1.0863452877384108	0.043564485164957666	1.1479593504208585	NaN	NaN	800000009	800000009	800000009	800000019	800000019	800010119	899999999	899999999	89999	89999	89	89	1	0	0	70	0	0	0	NaN	0	0	18000	0	0	0	0	0	0	NaN	NaN	NaN	NaN	0	1017	0	0	0	0	101	0	1707	0	0	18000	18000	18000	18000	18000	100	NaN	0.5743431995462763	0.36116387569451475	0.03921410315424066	0.06526954255260907	0.14661094347905423	0.003723771849168906	0.000005835915477474388	NaN	0.014838330901873106	0.009237614090393127	0.0004603215596239861	0.000043564485164957666	NaN	418.50247816062597	2.378892262701623	95000.8512421875	11.350000381469727	-13.012257029109481	101.70486256599426	101.6413264359368	101.7683654653761	-0.12707950944287905	0.00025765443766593107	-1	0	2.235697218696288	29.344107461345168	1.000037044700649	-273.1499938964844	9.000483202298483	-273.1499938964844	128
DATA	2026-01-25T160000_AIU-0547.ghg	2026-01-25	16:30:00	25.687	1	18000	18000	0.03405906074123961	0	NaN	19.068992263442812	0	NaN	-1.6006146435999022	1	NaN	0.38006729909480874	1	NaN	-0.035219745301340456	1	NaN	NaN	NaN	NaN	NaN	NaN	NaN	NaN	NaN	NaN	NaN	NaN	NaN	-1.6610645780809058e-10	-9.803294284525715e-13	NaN	NaN	18.0122207036621	418.34915088531034	419.38461943767925	0.1	0	106.30477743365962	2.469018901449593	2.4751300443125466	0.1	1	NaN	NaN	NaN	NaN	0	NaN	NaN	NaN	NaN	9	264.1291258358425	263.92233901289353	95224.07064218617	1.2558075915514553	1006.3764993029931	0.02306107623198305	-0.0022822394955268614	0.0019292994359357545	234.98883453910943	303.56849742466045	0.0015363017781667102	77.40883409597826	68.57966288555102	260.6748377748164	0.9194302259890991	-0.2144900471940594	0.053449444459920836	0.9456292951896419	8.437837897423283e-14	-9.221875555539865e-15	0.9456292951896419	3.031482872027191	345.13144129560123	346.8685587043988	3.240234405969993	NaN	0.1646852796075907	0.3948037927083891	-19.69798995613566	-0.14722314339980097	-11.913543550092244	0.09161980651365376	1	10.114329182444857	4	8	14	23	39	102	0.03360438702758795	1.0135301891767403	18.71496717831295	1.0154138254870866	-1.473860730219321	1.08600128274109	0.3499694752988789	1.08600128274109	-0.032430666391521264	1.08600128274109	NaN	1	NaN	NaN	800000009	800000019	800000009	800000019	800000009	800010009	899999999	899999999	89999	89999	89	89	13	3	0	42	15	0	0	NaN	0	0	18000	0	0	0	0	0	0	NaN	NaN	NaN	NaN	0	18000	0	0	0	0	101	0	202	0	0	18000	18000	18000	18000	18000	100	NaN	0.40947466149378636	0.3174997978292589	0.06263312609373298	0.03082498987355437	0.0782480944915294	0.0020955585172844626	NaN	NaN	0.014808309372064432	0.008090638390543917	-0.0007497362286070349	NaN	NaN	418.349134055116	2.4690166472911743	94992.90439192709	11.350000381469727	-12.552304508844982	101.67128817198012	101.60812144215902	101.7344432159	-0.12636861893369092	0.00025805773397668316	-1	0	14.968824377497143	0.46042918359942714	1.000018458402819	-273.1499938964844	9.000355223788155	-273.1499938964844	132
DATA	2026-01-25T163000_AIU-0547.ghg	2026-01-25	17:00:00	25.708	1	18000	18000	0.03318931137591444	1	NaN	16.84400956680092	1	NaN	3.761077861599426	1	NaN	0.2852623676973998	1	NaN	0.08279024122580204	1	NaN	NaN	NaN	NaN	NaN	NaN	NaN	NaN	NaN	NaN	NaN	NaN	NaN	3.821038519467984e-10	2.3253426886580543e-12	NaN	NaN	18.011425177931635	418.8938843316942	419.9644717124245	-0.1	0	109.61087054324275	2.5492332157643394	2.555748414513755	0.1	1	NaN	NaN	NaN	NaN	0	NaN	NaN	NaN	NaN	9	264.54626876322425	264.33243099554295	95153.25956531352	1.2528889708554964	1006.4231344155588	0.023114685598213742	0.005364807631431972	0.001987359211094108	242.43663252819908	313.4820835952526	0.001586221331118512	77.33667894118544	71.04545106705353	261.06176069529704	0.7705903479505699	-0.05177890941252567	0.08025311550852246	0.7764863826000248	1.4458305235067447e-14	2.1214526233880056e-14	0.7764863826000248	2.4787007611805225	335.8441438167347	356.15585618326537	5.932352261052679	NaN	0.16275818108215123	0.4124675773783704	-21.51516185134569	-0.1347886676399144	4.478505946068844	0.08207472840715936	1	7.515349108932759	3	6	11	17	30	79	0.03268008057598626	1.0155822993992973	16.767924869463137	1.0166644881822566	3.461622821104668	1.0865071256952241	0.26254992806868965	1.0865071256952241	0.0761985257784913	1.0865071256952241	NaN	1	NaN	NaN	800000009	800000019	800000009	800000019	800000009	800010009	899999999	899999999	89999	89999	89	89	2	4	0	26	17	4	0	NaN	0	0	18000	0	0	0	0	0	0	NaN	NaN	NaN	NaN	0	18000	0	0	0	0	101	0	2709	0	0	18000	18000	18000	18000	18000	100	NaN	0.6545170266885307	0.1509377939344576	0.019480334133752535	0.0783580360464486	0.09966275281552363	0.0044504878659906094	NaN	NaN	0.013297993673128006	0.006084260850735875	0.0017658039775069773	NaN	NaN	418.8938008924148	2.5492286014453627	94904.80275303821	11.350000381469727	-12.169296195883865	101.66718082258436	101.60435751152039	101.72999115668402	-0.12563929177241182	0.00025845660812531915	-1	0	13.750949009603566	0.23811686416466626	1.0000187363856368	-273.1499938964844	9.000363039096197	-273.1499938964844	070
DATA	2026-01-25T170000_AIU-0547.ghg	2026-01-25	17:30:00	25.729	0	18000	18000	0.021927464037650952	1	NaN	12.465410650801234	1	NaN	0.6329679925190262	2	NaN	-0.2896842533269087	1	NaN	0.013940580947177612	2	NaN	NaN	NaN	NaN	NaN	NaN	NaN	NaN	NaN	NaN	NaN	NaN	NaN	-7.468810258735232e-11	-4.949843794480641e-13	NaN	NaN	17.982080840103215	420.25057254086374	421.4243018706384	-0.2	0	119.17358745876993	2.7851486603042814	2.792927378250142	0.1	1	NaN	NaN	NaN	NaN	0	NaN	NaN	NaN	NaN	9	265.135387646993	264.9012544700536	95153.25956531352	1.2500873517763649	1006.5552161403303	0.023166159761285283	0.0009033496453771092	0.002166452283665812	264.8527635107394	327.709846198557	0.001733040719584355	80.81928772755491	62.85708268781758	262.1655312780799	-0.36409965875245726	-0.06583525251527271	-0.019456797164099076	0.37051505898316306	1.0506327347723664e-14	-4.153473852747045e-15	0.37051505898316306	3.41114056795236	141.75071485334252	190.24928514665743	-3.01014851722082	NaN	0.13244147937070605	0.2710457272860732	-15.66554200526714	-0.18511967214571629	19.69358766656205	0.07480051743573053	1	2.7917769536755648	1	2	4	7	11	31	0.021339503145253066	1.0275526983170964	12.210407927305527	1.0244108896957573	0.5784458709363329	1.0942562205421884	-0.2647316486657707	1.0942562205421884	0.012739777654880729	1.0942562205421884	NaN	1	NaN	NaN	800000009	800000019	800000009	800000019	800000009	800111009	899999999	899999999	89999	89999	89	89	4	4	2	7	2	0	0	NaN	0	0	18000	0	0	0	0	0	0	NaN	NaN	NaN	NaN	0	18000	0	0	0	0	101	0	1207	0	0	18000	18000	18000	18000	18000	100	NaN	0.4050429855670431	0.12107554615835837	0.015972922846744946	0.2798732070102046	0.6837746124067955	0.01760920329587804	NaN	NaN	0.009704031739532144	-0.006149933597618739	0.00029595549689965655	NaN	NaN	420.25058400518344	2.7851309573771403	94842.10006380208	11.34027960342831	-11.083098887761404	101.58565494537352	101.52336586507164	101.6479284515381	-0.12456838324045173	0.0002598839162544917	-1	0	20.05761403454648	0.2096117748965908	1.0000051546970175	-273.1499938964844	9.000207291391161	-273.1499938964844	130
DATA	2026-01-25T173000_AIU-0547.ghg	2026-01-25	18:00:00	25.749	0	18000	18000	0.04185913891288855	1	NaN	1.8056080638649126	2	NaN	-1.9054684186005213	1	NaN	0.1903471894224415	1	NaN	-0.04197534625904773	1	NaN	NaN	NaN	NaN	NaN	NaN	NaN	NaN	NaN	NaN	NaN	NaN	NaN	2.0738238400058308e-11	1.4225278635181466e-13	NaN	NaN	18.027475784607795	421.8833357386353	423.10776100262535	0.1	1	123.65846181241288	2.8938851442680993	2.9022840208805722	0.1	1	NaN	NaN	NaN	NaN	0	NaN	NaN	NaN	NaN	9	265.373382256402	265.12989659221506	95147.45771417874	1.248881912116816	1006.615908114095	0.023188368381922037	-0.0027200024375862927	0.002248877986338154	275.16673731843315	333.58888895645276	0.0018007130734453316	82.48678131313716	58.42215163801961	262.64565754838156	0.087732673639094	-0.20499213555107634	-0.007967898175549304	0.2231194412483294	-3.0245781376018836e-14	1.1503683958774205e-15	0.2231194412483294	2.017034816065816	38.83001080187711	293.1699891981229	-2.0465452275474076	NaN	0.18307728245793156	0.26395702505570734	-285.65990913423985	-0.01015193209571878	-0.9475927526476919	0.007845197173662192	1	0.48366484794687165	1	1	1	2	6	NaN	0.04020320396330753	1.0411891288836668	1.6554380700855673	1.0334526721484647	-1.7241617178216373	1.1051564356781758	0.17223551641866477	1.1051564356781758	-0.03798136164613627	1.1051564356781758	NaN	1	NaN	NaN	800000009	800000019	800000009	800000019	800000009	801000009	899999999	899999999	89999	89999	89	89	0	5	0	19	9	0	0	NaN	0	0	18000	0	0	0	0	0	0	NaN	NaN	NaN	NaN	0	18000	0	0	0	0	101	0	2207	0	0	18000	18000	18000	18000	18000	100	NaN	0.14792304230279932	0.36397484889049025	0.01601615891812515	0.14716958812101105	0.21307014062269827	0.006602208512528141	NaN	NaN	0.0013168241213685956	0.0040054443604487355	-0.0008832802546826757	NaN	NaN	421.88328935856407	2.893878360014236	94765.9652873264	11.346110001087188	-10.603663969781628	101.54777724414402	101.48263845973545	101.61282873662313	-0.1302172294890298	0.00026048909770745213	-1	0	36.684629645135594	0.08496724067835341	1.000005907634894	-273.1499938964844	9.000234952635235	-273.1499938964844	159
DATA	2026-01-25T180000_AIU-0547.ghg	2026-01-25	18:30:00	25.77	0	18000	18000	0.018584248613885457	0	NaN	2.0420889399137057	1	NaN	-0.4334385935968215	0	NaN	0.10881602639491836	0	NaN	-0.009545601563393813	0	NaN	NaN	NaN	NaN	NaN	NaN	NaN	NaN	NaN	NaN	NaN	NaN	NaN	-1.0387506458234454e-10	-6.981747134560456e-13	NaN	NaN	18.0433095379689	422.2961750045863	423.4982222790108	0.2	0	121.2743647103477	2.8383761989739744	2.846455510546548	0.1	1	NaN	NaN	NaN	NaN	0	NaN	NaN	NaN	NaN	9	265.08252940707735	264.8439724959217	95164.86432895123	1.2504851071063325	1006.583420201097	0.023158716875509355	-0.000618554981307919	0.0022085653646880025	269.94277194790857	326.2511907632883	0.0017661668676716208	82.74077753290581	56.30841881537975	262.40451882451845	-0.4156190651512507	0.06537543292397	-0.01762204743350961	0.4210981965087446	1.2753105735803978e-14	-5.756985123142633e-15	0.4210981965087446	2.4241998783507106	160.93918200414282	171.0608179958571	-2.398404649597359	NaN	0.12190829054966797	0.23334450821615155	-74.58410454902999	-0.038882279508948216	-4.711368507745824	0.013308009898770217	1	4.372599927233407	2	4	7	11	21	63	0.01813268231030299	1.0249034475900947	1.9771701223878015	1.0226707248389362	-0.39682463833113163	1.0922673436298511	0.09962398585798429	1.0922673436298511	-0.008739253827429851	1.0922673436298511	NaN	1	NaN	NaN	800000009	800000019	800000009	800000019	800000009	801101109	899999999	899999999	89999	89999	89	89	5	3	7	7	17	0	0	NaN	0	0	18000	0	0	0	0	0	0	NaN	NaN	NaN	NaN	0	18000	0	0	0	0	101	0	0	0	0	18000	18000	18000	18000	18000	100	NaN	0.19676469683177888	0.24402901479617797	0.02589530480434622	0.17269382701288308	0.15487785900112935	0.006571728529119878	NaN	NaN	0.0015707813730836708	0.002313726754043541	-0.00020296563339401187	NaN	NaN	422.29615835831396	2.8383694944318774	94766.39584570314	11.359999656677246	-10.847351922988908	101.54417316118877	101.47848022037083	101.60981113179525	-0.13129776439277663	0.0002598385339483178	-1	0	36.6690928812026	0.08574265261449758	1.0000117878143986	-273.1499938964844	9.00027023074362	-273.1499938964844	157
DATA	2026-01-25T183000_AIU-0547.ghg	2026-01-25	19:00:00	25.791	0	18000	18000	0.05897968139506949	0	NaN	4.411999903515572	2	NaN	-3.835239350276761	2	NaN	0.26608704181030374	1	NaN	-0.08459859471296448	2	NaN	NaN	NaN	NaN	NaN	NaN	NaN	NaN	NaN	NaN	NaN	NaN	NaN	-2.710272777910312e-10	-2.1257358670455847e-12	NaN	NaN	17.78068953245475	417.75670211338723	419.1300117987397	0.3	0	139.4584699665674	3.276572058056114	3.287343275176797	0.1	1	NaN	NaN	NaN	NaN	0	NaN	NaN	NaN	NaN	9	266.8211148639256	266.5439539705546	95164.86432895123	1.2423043188184475	1006.8358490021899	0.023310606962151748	-0.005481988937400098	0.002532916864570966	311.573854240476	372.082819471367	0.0020388859848607926	83.73776964041004	60.508965230890965	264.2212694261258	-0.1623292040538298	0.7448526332596179	0.05754478325783068	0.7645048187177755	1.972724385526476e-14	-1.5242787817442645e-14	0.7645048187177755	5.335434273257964	229.70550261203695	102.29449738796305	4.316774013128155	NaN	0.2178899572027384	0.5070988009282135	-197.121713994594	-0.01471172272822025	-1.1503845003043136	0.016188686586490635	0	57.56327386563991	-8.73544888964275	19.759609173196843	49.20422071939542	75.03954119685763	105.24402349096775	157.67472516149067	0.058064504482118195	1.0157613833290033	4.151298544524314	1.016775976677724	-3.529654512081943	1.0865764162324691	0.24488571428130038	1.0865764162324691	-0.07785793382696142	1.0865764162324691	NaN	1	NaN	NaN	800000009	800000019	800000009	800000019	800011009	811111109	899999999	899999999	89999	89999	89	89	22	10	2	41	5	0	0	NaN	0	0	18000	0	0	0	0	0	0	NaN	NaN	NaN	NaN	0	18000	0	0	0	0	101	0	15008	0	0	18000	18000	18000	18000	18000	100	NaN	0.5164714707085359	0.39749612207613044	0.10023000907176048	0.08656196498655734	0.7256702866061124	0.010440900206352787	NaN	NaN	0.0033189239547292905	0.0057271856882491305	-0.0018208773249149513	NaN	NaN	417.7566849011782	3.2765614417362325	94597.90094965277	11.359999656677246	-9.054702847957627	101.46114477369521	101.39028363015916	101.53204996914333	-0.1417247213348748	0.0002610854840879457	-1	0	36.29106651284977	0.08813454164481822	1.0000264173299074	-285.0202443949428	9.000339605251948	-273.1903688981798	011
DATA	2026-01-25T190000_AIU-0547.ghg	2026-01-25	19:30:00	25.812	0	18000	18000	0.044085652785256446	1	NaN	20.1849542900337	1	NaN	8.171148595109713	1	NaN	1.2639172113429353	1	NaN	0.1802172113894077	1	NaN	NaN	NaN	NaN	NaN	NaN	NaN	NaN	NaN	NaN	NaN	NaN	NaN	-5.973155897239428e-11	-4.516169769195335e-13	NaN	NaN	17.830731655024884	418.8050396639621	420.1353947652181	0	0	134.8141797207639	3.166491368810869	3.176549886609415	0.1	1	NaN	NaN	NaN	NaN	0	NaN	NaN	NaN	NaN	9	266.6710604909262	266.40335423605785	95178.79191352948	1.2431934945101681	1006.7749902698974	0.023294088444995316	0.011678075298033618	0.0024495560570386623	301.1607274388301	368.0862967465446	0.001970373934432318	81.81796771592455	66.92556930771445	263.7881088607015	0.05888753702978517	-0.0569197364922269	0.010742054529507038	0.08260139318012222	-2.7104512847459306e-14	-3.349921928501532e-15	0.08260139318012222	2.16423837345786	16.02652214237139	315.9734778576286	7.47230208317557	NaN	0.18831255397929875	0.26093211274892275	-27.816694982675347	-0.10425393821250739	2.470271352318086	0.08564013621540971	1	0.03629041914175186	1	NaN	NaN	NaN	NaN	NaN	0.04053056874336279	1.087713648046842	19.361403080849254	1.0649608682939604	7.134374512009998	1.1453209501904351	1.1035484954088903	1.1453209501904351	0.15735083808555372	1.1453209501904351	NaN	1	NaN	NaN	800000009	800000019	800000009	800000019	800000009	800101009	899999999	899999999	89999	89999	89	89	3	6	7	9	0	0	0	NaN	0	0	18000	0	0	0	0	0	0	NaN	NaN	NaN	NaN	0	18000	0	0	0	0	101	0	2507	0	0	18000	18000	18000	18000	18000	100	NaN	0.253916531724644	0.23864045133951187	0.029307242433689693	0.08054204672534064	1.0634596891397423	0.0110108078526937	NaN	NaN	0.015469122518606037	0.025787752777366137	0.003676978881075948	NaN	NaN	418.80496769036176	3.1664801907609714	94822.62981206598	11.359999656677246	-9.459069854895196	101.4529409766727	101.38793887201945	101.51791130044725	-0.1300271132687727	0.0002610080019383329	-1	0	37.7728826442295	0.08501769571130481	1.0000862716022465	-365.50781027477615	9.000668843626976	-321.3981209225199	134
DATA	2026-01-25T193000_AIU-0547.ghg	2026-01-25	20:00:00	25.833	0	18000	18000	0.012155082449707222	1	NaN	3.791066556978734	1	NaN	-0.9676206155295143	1	NaN	-0.2860574652907313	1	NaN	-0.021338734340173304	1	NaN	NaN	NaN	NaN	NaN	NaN	NaN	NaN	NaN	NaN	NaN	NaN	NaN	-9.730462636537683e-11	-7.245916837121572e-13	NaN	NaN	17.80709614733857	418.528912317818	419.83739034628445	0.1	1	132.60288088435078	3.116630530185081	3.1263742837265283	0.1	1	NaN	NaN	NaN	NaN	0	NaN	NaN	NaN	NaN	9	266.5454360487196	266.28206595496624	95178.79191352948	1.2437831458207191	1006.7468826504991	0.023283114975049878	-0.00138274998524323	0.0024121206795733284	296.4232262277335	364.66921542983863	0.0019393418279371147	81.28550853362738	68.24598920210514	263.58661196108034	0.5744632299383472	0.09552690640937472	0.04672773146541687	0.5842233077234067	-4.170848810323996e-14	-5.464373616015988e-15	0.5842233077234067	2.199001529970999	322.5587338916873	9.44126610831268	4.587568765452673	NaN	0.09885681651807039	0.20562435788068817	-21.42643778457886	-0.13534680982235892	-3.9179266089779783	0.030625968203123924	1	10.667334017921098	5	9	15	24	42	109	0.01192495356391262	1.0192980949201362	3.675579474254184	1.0190236211386408	-0.8890119994548636	1.0884224466293513	-0.2628184177720699	1.0884224466293513	-0.01960519502905837	1.0884224466293513	NaN	1	NaN	NaN	800000009	800000019	800000009	800000019	800001009	800001109	899999999	899999999	89999	89999	89	89	3	1	0	16	7	0	0	NaN	0	0	18000	0	0	0	0	0	0	NaN	NaN	NaN	NaN	0	18000	0	0	0	0	101	0	705	0	0	18000	18000	18000	18000	18000	100	NaN	0.20142764869544547	0.19362617583336506	0.016194891232565765	0.021250230724251015	0.471505461801637	0.0011089220609172114	NaN	NaN	0.0029353565175695966	-0.006138348608050872	-0.0004578960737886894	NaN	NaN	418.52887439669496	3.116629142325164	94749.59606749131	11.359999656677246	-9.665039961126109	101.46467501661513	101.39945717514885	101.5298867799971	-0.13046171144934166	0.0002608815675420272	-1	0	30.835141090393613	0.10845489072054892	1.0000564249522157	-321.1962459140366	9.000465009371439	-273.1499938964844	131
DATA	2026-01-25T200000_AIU-0547.ghg	2026-01-25	20:30:00	25.854	0	18000	18000	0.015282223554874928	0	NaN	1.0627343213415554	2	NaN	-0.5543786342472834	2	NaN	1.2454284257392496	1	NaN	-0.012228622774019328	2	NaN	NaN	NaN	NaN	NaN	NaN	NaN	NaN	NaN	NaN	NaN	NaN	NaN	8.810384144317509e-11	6.606151058692351e-13	NaN	NaN	17.805508727446558	418.95095784298076	420.27117827850293	0.2	0	133.50823120038743	3.1413537348194436	3.1512529349961547	0.1	1	NaN	NaN	NaN	NaN	0	NaN	NaN	NaN	NaN	9	266.8106233037313	266.5449015633454	95139.3357169031	1.2420299892618019	1006.7627815991989	0.02331594503400669	-0.0007924147557564524	0.002427831905967495	298.64845170295723	372.11055564540334	0.0019547288929879	80.25798977536918	73.4621039424461	263.6816102723949	0.8177250444589995	-0.5618748408715555	0.04138618554878361	0.9930208464549681	2.7761162896267068e-14	4.948122673258201e-15	0.9930208464549681	1.9564906602356347	6.4937172837914545	325.50628271620855	2.3886112527869687	NaN	0.11092443700420955	0.10745170552030653	-107.95002568106433	-0.026864282631742745	-1.9169828267002031	0.007661931045497222	1	20.524372778018893	9	17	32	53	98	293	0.015084916635489252	1.0130797487419643	1.0200945695838664	1.0151489194826515	-0.510483884846529	1.0859865525705106	1.1468175391226927	1.0859865525705106	-0.011260381397057264	1.0859865525705106	NaN	1	NaN	NaN	800000009	800000019	800000009	800000019	800000009	800000009	899999999	899999999	89999	89999	89	89	7	1	0	43	7	0	0	NaN	0	0	18000	0	0	0	0	0	0	NaN	NaN	NaN	NaN	0	18000	0	0	0	0	101	0	0	0	0	18000	18000	18000	18000	18000	100	NaN	0.14297800429441887	0.05562768841228788	0.016297718333906298	0.026655828823172564	0.42233168237665625	0.00019034865769497418	NaN	NaN	0.0008157953047919733	0.026823334867670894	-0.0002633731789470346	NaN	NaN	418.95092908916683	3.1413533166353114	94728.4874375	11.35694487810135	-9.567696582688239	101.44838059192233	101.38291026645237	101.51386707496644	-0.13097858356187728	0.0002612479363661906	-1	0	20.835034957991386	0.15845531274957805	1.0000074134651158	-273.1499938964844	9.000210866875118	-273.1499938964844	250
DATA	2026-01-25T203000_AIU-0547.ghg	2026-01-25	21:00:00	25.874	0	18000	18000	0.0034731078650583986	1	NaN	7.906531607218846	0	NaN	0.8214840411473444	1	NaN	0.1904436935855153	0	NaN	0.01812720952766762	1	NaN	NaN	NaN	NaN	NaN	NaN	NaN	NaN	NaN	NaN	NaN	NaN	NaN	-2.7231706648734027e-11	-2.092525289838825e-13	NaN	NaN	17.784756785679928	418.7678793021096	420.11977236532016	0.3	0	136.66074560698894	3.217875358732151	3.228263508327091	0.1	1	NaN	NaN	NaN	NaN	0	NaN	NaN	NaN	NaN	9	267.2103593453302	266.9377623304473	95143.97677330437	1.2402267571665324	1006.8080113663074	0.02334973797543021	0.0011746431773928616	0.0024833732617854194	305.9308464275217	383.484965313625	0.00200235420453194	79.77649037096478	77.55411888610331	263.98816218285157	0.7162245291935012	0.33187043352186685	0.06999523605794812	0.7924739074159921	4.459007948061829e-14	-1.5311824039483446e-15	0.7924739074159921	2.1994967270545023	307.13883852533047	24.86116147466949	5.067251295289337	NaN	0.05291862939945639	0.21324083885663725	-1.5755333837797654	-1.8406464946130103	9.624692886517927	0.11965467310694317	1	19.79970932559563	9	15	25	37	58	126	0.003420596226558953	1.0153516039372676	7.82727540788833	1.016521225123083	0.7561368016911459	1.0864225088767605	0.17529431876592175	1.0864225088767605	0.016685230082731928	1.0864225088767605	NaN	1	NaN	NaN	800000009	800000019	800000009	800000019	800000009	800010009	899999999	899999999	89999	89999	89	89	5	0	0	43	9	0	0	NaN	0	0	18000	0	0	0	0	0	0	NaN	NaN	NaN	NaN	0	18000	0	0	0	0	101	0	2366	0	0	18000	18000	18000	18000	18000	100	NaN	0.15841929426360327	0.24795061594261653	0.020111767507054682	0.01655994128718859	0.09229412988216033	0.0009896709005386987	NaN	NaN	0.006268488819808052	0.00410627995596483	0.0003908525178210344	NaN	NaN	418.7678274137812	3.217874083096962	94735.31472569445	11.350000381469727	-9.260515432834634	101.42803785366482	101.36203459760878	101.49402773157756	-0.13199782558903103	0.000261884423606615	-1	0	12.90794749975197	0.2855141550890451	1.0000088597221506	-273.1499938964844	9.000210964388318	-273.1499938964844	067
DATA	2026-01-25T210000_AIU-0547.ghg	2026-01-25	21:30:00	25.895	0	18000	18000	0.023429816347605603	0	NaN	6.713871715826051	0	NaN	1.2703098204117966	1	NaN	-0.21260493882501688	2	NaN	0.028033991467504467	1	NaN	NaN	NaN	NaN	NaN	NaN	NaN	NaN	NaN	NaN	NaN	NaN	NaN	-2.8472136462985133e-11	-2.2046909390586682e-13	NaN	NaN	17.81419680249172	419.1667592544918	420.53169822216006	0.1	1	137.94117040749694	3.2457457391171642	3.2563149093594412	0.7	0	NaN	NaN	NaN	NaN	0	NaN	NaN	NaN	NaN	9	267.3190055541992	267.0439377199041	95143.97677330437	1.239720617350151	1006.8241378833277	0.02335923184578513	0.0018166026470942895	0.0025038639800809824	308.5778152496023	386.6116210793223	0.002019700201028263	79.81596993596072	78.03380582972	264.097978274189	1.0646479452225623	-0.00033040449662424814	0.07997456873767274	1.0676475486219352	-4.5305796837500933e-13	-1.5982834802298052e-15	1.0676475486219352	2.788665744252212	332.0177812606185	359.9822187394047	4.295894577990879	NaN	0.1374746207549106	0.332761540944153	-32.53005535394553	-0.08914832663044524	5.285223815438672	0.039126686061674895	1	16.666598789851065	7	14	24	39	67	181	0.023141647644809152	1.0124523848612434	6.686763693228806	1.0147887537080824	1.1696544809197547	1.0860556182479566	-0.19575879471807786	1.0860556182479566	0.025812666493755982	1.0860556182479566	NaN	1	NaN	NaN	800000009	800000019	800000009	800000019	800000009	800100009	899999999	899999999	89999	89999	89	89	0	0	2	12	1	0	0	NaN	0	0	18000	0	0	0	0	0	0	NaN	NaN	NaN	NaN	0	18000	0	0	0	0	101	0	8811	0	0	18000	18000	18000	18000	18000	100	NaN	0.24753622427632022	0.3917076330267714	0.02627922458521432	0.03935448587873737	0.7724494704332014	0.0008034631762006555	NaN	NaN	0.0053572082993486436	-0.00458765408263896	0.0006049260008696905	NaN	NaN	419.1667540422168	3.24574472444011	94718.76777083334	11.362776731332142	-9.1529864514139	101.44001906161839	101.37421916453043	101.50583250787523	-0.13159480190194306	0.00026174360279562986	-1	0	5.694533091492092	0.5942739495138402	1.0000364058746232	-313.88837060716367	9.000340830264268	-273.1499938964844	198
DATA	2026-01-25T213000_AIU-0547.ghg	2026-01-25	22:00:00	25.916	0	18000	18000	0.12347393214038276	0	NaN	-26.596191696101595	1	NaN	-6.194732812591108	2	NaN	0.4297236007860352	1	NaN	-0.13681327534000398	2	NaN	NaN	NaN	NaN	NaN	NaN	NaN	NaN	NaN	NaN	NaN	NaN	NaN	2.0211641854669688e-10	1.65570909063682e-12	NaN	NaN	17.770651704572007	418.5223501989787	419.9621803923324	0.1	0	145.57466328250166	3.428475849917341	3.440270735049636	-0.6	0	NaN	NaN	NaN	NaN	0	NaN	NaN	NaN	NaN	9	268.14220813073064	267.85077336793546	95102.21541471434	1.2353586144422193	1006.9312256219159	0.02344145516145325	-0.008865500242032257	0.002635550372130966	325.78824961756413	411.1220958216854	0.0021334293874827204	79.24367309094163	85.33384620412124	264.79221045200825	0.9592328491894189	-0.6320204616633746	0.09131254275044011	1.1523521611855623	-1.15164802345416e-13	1.1373607558505955e-14	1.1523521611855623	6.886608712395823	5.3801349267565115	326.6198650732435	4.544890115463522	NaN	0.3161484925971336	1.1794560569929338	99.84452790146501	0.029045157115289925	4.293355742808388	-0.06762939187537849	0	71.6583353486375	-10.874428848782863	24.59798766477287	61.25246727815901	93.41387739765148	131.01429127117996	196.28328225387227	0.12246940319871182	1.0082022849416605	-26.575845570168283	1.0135903099975503	-5.608239453057224	1.104577089556005	0.3890390311813969	1.104577089556005	-0.12386032322560427	1.104577089556005	NaN	1	NaN	NaN	800000009	800000019	800000009	800000019	800001009	800101009	899999999	899999999	89999	89999	89	89	3	12	8	7	13	0	0	NaN	0	0	18000	0	0	0	0	0	0	NaN	NaN	NaN	NaN	0	18000	0	0	0	0	101	0	11917	0	0	18000	18000	18000	18000	18000	100	NaN	1.039346403840487	1.1975256253057387	0.12204008483964172	0.4470867853962893	1.0813317499734747	0.009365789203866092	NaN	NaN	-0.021364573853402576	0.009150989221175713	-0.0029134467030901955	NaN	NaN	418.52189500080607	3.4284662476669125	94743.07996267363	11.369999885559082	-8.453769157038709	101.40083082580567	101.33370303344728	101.46801347033184	-0.13425919069846454	0.0002619320988483701	-1	0	5.384171531597758	0.6270559329026267	1.0000269228683578	-301.17024507311356	9.000329178492228	-273.1499938964844	021
DATA	2026-01-25T220000_AIU-0547.ghg	2026-01-25	22:30:00	25.937	0	18000	18000	0.1878671639260486	1	NaN	-8.805221915077423	1	NaN	7.336018540450754	1	NaN	0.293093870607201	1	NaN	0.16233567141632188	1	NaN	NaN	NaN	NaN	NaN	NaN	NaN	NaN	NaN	NaN	NaN	NaN	NaN	-3.4154651759113247e-10	-3.1846856762021872e-12	NaN	NaN	17.619462488232987	417.1962226307413	418.8254818130291	0.1	1	164.28933371772777	3.890066992187291	3.90525871019176	-0.2	0	NaN	NaN	NaN	NaN	0	NaN	NaN	NaN	NaN	9	270.2518510547213	269.9186170613381	95102.21541471434	1.2256812140908055	1007.204054301229	0.02362588379114998	0.010519351507777656	0.002967042800174086	369.59636709229324	480.3628155479615	0.0024207296041287535	76.94108601447131	110.76644845566824	266.4221894570362	2.6046519343577654	-2.0928214513818477	0.2202309724045288	3.348524302991282	1.7781327737792303e-13	-1.938461617766328e-14	3.348524302991282	13.473586233815002	10.78165830734497	321.2183416926551	3.7710402787544695	NaN	0.39150442471449043	4.317180144652959	572.7725128176494	0.005063092126635025	-1.2002725819905569	-0.018218333003386558	0	47.945578641192554	-7.275926534027214	16.458165630816268	40.9831594965719	62.501904114257066	87.65980921411263	131.33036791139145	0.18655847630132566	1.0070148923311808	-8.326494395470037	1.014603877248913	6.544326254175357	1.1209738413897516	0.2614636129633779	1.1209738413897516	0.14481664551160509	1.1209738413897516	NaN	1	NaN	NaN	800000009	800000019	800000009	800000019	800000009	800100009	899999999	899999999	89999	89999	89	89	9	3	14	26	10	0	0	NaN	0	0	18000	0	0	0	0	0	0	NaN	NaN	NaN	NaN	0	18000	0	0	0	0	101	0	16910	0	0	18000	18000	18000	18000	18000	100	NaN	3.1290665369383386	4.9942136226196325	0.5110801297479467	0.3065109744501439	0.0951728313629715	0.02025672446211337	NaN	NaN	-0.00674477084543377	0.006201409514188548	0.0034347698064369917	NaN	NaN	417.1961271111266	3.890046556826008	94704.98316232639	11.34083847845925	-6.831595227029634	101.32787260415819	101.26060386869642	101.39516794289483	-0.13456504993389048	0.0002635466679639649	-1	0	7.482972528086737	0.46402653870317967	1.0000099279599057	-273.1499938964844	9.000230109479693	-273.1499938964844	145
DATA	2026-01-25T223000_AIU-0547.ghg	2026-01-25	23:00:00	25.958	0	18000	18000	0.16585826116741648	1	NaN	-16.625806675463707	1	NaN	5.765586841644814	1	NaN	0.5283386701677005	1	NaN	0.1276821569119934	1	NaN	NaN	NaN	NaN	NaN	NaN	NaN	NaN	NaN	NaN	NaN	NaN	NaN	1.1313911372579813e-11	1.1191891585611651e-13	NaN	NaN	17.587119541913882	418.0462128040478	419.7821699653548	0.1	0	173.97443619130107	4.1353761200726025	4.152548469852274	-0.2	0	NaN	NaN	NaN	NaN	0	NaN	NaN	NaN	NaN	9	271.0853331112332	270.73001513459	95162.5432630051	1.2226698753259393	1007.3467017221001	0.02368372452234544	0.008273803767897171	0.00314644256608396	393.12184047280056	510.2417233153458	0.0025734195546816604	77.0461964416498	117.11988284254522	267.2277768174891	3.038700002092522	-1.3029275267911162	0.3240837670685831	3.32209995798806	-2.6818228823537404e-14	6.433066737060798e-16	3.32209995798806	10.005126273361846	355.2085859571354	336.7914140428646	5.598329776992048	NaN	0.36831037097245845	3.455973966151236	252.69087222696828	0.011476473108989882	-2.883627830453539	-0.03665055853414525	0	48.684562729623394	-7.388070220465454	16.711834954883685	41.614831980665556	63.46524450863878	89.01090781465089	133.35455981739764	0.16467484543252697	1.00718637829464	-16.11652744643005	1.0149803591206477	5.12884186405972	1.1241498557495162	0.46998953695140205	1.1241498557495162	0.1135810819695943	1.1241498557495162	NaN	1	NaN	NaN	800000009	800000019	800000009	800000019	800000009	800100009	899999999	899999999	89999	89999	89	89	12	0	11	18	8	1	0	NaN	0	0	18000	0	0	0	0	0	0	NaN	NaN	NaN	NaN	0	18000	0	0	0	0	101	0	16116	0	0	18000	18000	18000	18000	18000	100	NaN	2.260910242174311	4.21568947357556	0.43534821655260075	0.08427394826297116	0.07874503898409947	0.003607841511868255	NaN	NaN	-0.013085288170691954	0.01117727668274881	0.002701181790843568	NaN	NaN	418.04616303282035	4.135372125542098	94690.79449826389	11.34916507101059	-6.029464203304693	101.25549604649015	101.18819156222874	101.32284642071195	-0.1346701913869214	0.00026421884575069673	-1	0	4.328850360250396	0.8803263048355428	1.0000055164661672	-273.1499938964844	9.000080350875855	-273.1499938964844	057
DATA	2026-01-25T230000_AIU-0547.ghg	2026-01-25	23:30:00	25.979	0	18000	18000	0.18024926983503786	0	NaN	-36.807868676824874	1	NaN	-0.5190129413390903	2	NaN	1.1569209684761401	1	NaN	-0.011494541645997142	2	NaN	NaN	NaN	NaN	NaN	NaN	NaN	NaN	NaN	NaN	NaN	NaN	NaN	1.537528186607673e-10	1.5426126671587056e-12	NaN	NaN	17.589060310024554	418.4165252051996	420.18044352475806	0.2	0	176.47225900636963	4.198001945929657	4.215699460468157	0.1	1	NaN	NaN	NaN	NaN	0	NaN	NaN	NaN	NaN	9	271.1559950654771	270.79520797003033	95156.74084580845	1.222272140662671	1007.381462959307	0.023691342546371796	-0.0007448462986606148	0.003193064986238159	399.042971204603	512.7121016197816	0.0026124010193891815	77.82983275485984	113.66913041517859	267.4237744459262	2.9079548557963304	-1.002480357934737	0.28806710922411166	3.0893609324277977	1.9270681846557854e-14	8.74138901969304e-15	3.0893609324277977	8.903073594211195	351.020980027811	340.979019972189	5.350310781199702	NaN	0.38401907800271184	2.4255610725881827	129.37012440724214	0.02241630371221671	70.91898052071295	-0.07784415382724227	0	60.235695749465506	-9.140999220782899	20.67696512646573	51.488566751103455	78.52331302878633	110.13006301984524	164.9949027287238	0.17893024274056385	1.0073717392558759	-36.32936064557267	1.015239812027765	-0.4607098288837358	1.1265506155938074	1.0269587113636474	1.1265506155938074	-0.010203306879325916	1.1265506155938074	NaN	1	NaN	NaN	800000009	800000019	800000009	800000019	800000009	800100009	899999999	899999999	89999	89999	89	89	35	10	10	21	14	0	0	NaN	0	0	18000	0	0	0	0	0	0	NaN	NaN	NaN	NaN	0	18000	0	0	0	0	101	0	13721	0	0	18000	18000	18000	18000	18000	100	NaN	1.5229869433305923	3.0501908638426496	0.2779443380031242	0.20452499768081348	0.1683931287325566	0.004383771082953486	NaN	NaN	-0.029505018197785345	0.024432489070920483	-0.00024274801027332008	NaN	NaN	418.41642275268816	4.197997095955903	94668.97783246529	11.369999885559082	-5.835797509802739	101.2395318449153	101.17153912088148	101.30754641937224	-0.13598135991311747	0.00026464427514777823	-1	0	1.6928883618910717	2.2341529869502854	1.0000027850965658	-273.1499938964844	9.00008245282703	-273.1499938964844	108
