DATAH	filename	date	time	DOY	daytime	file_records	used_records	Tau	qc_Tau	rand_err_Tau	H	qc_H	rand_err_H	LE	qc_LE	rand_err_LE	co2_flux	qc_co2_flux	rand_err_co2_flux	h2o_flux	qc_h2o_flux	rand_err_h2o_flux	ch4_flux	qc_ch4_flux	rand_err_ch4_flux	none_flux	qc_none_flux	rand_err_none_flux	H_strg	LE_strg	co2_strg	h2o_strg	ch4_strg	none_strg	co2_v-adv	h2o_v-adv	ch4_v-adv	none_v-adv	co2_molar_density	co2_mole_fraction	co2_mixing_ratio	co2_time_lag	co2_def_timelag	h2o_molar_density	h2o_mole_fraction	h2o_mixing_ratio	h2o_time_lag	h2o_def_timelag	ch4_molar_density	ch4_mole_fraction	ch4_mixing_ratio	ch4_time_lag	ch4_def_timelag	none_molar_density	none_mole_fraction	none_mixing_ratio	none_time_lag	none_def_timelag	sonic_temperature	air_temperature	air_pressure	air_density	air_heat_capacity	air_molar_volume	ET	water_vapor_density	e	es	specific_humidity	RH	VPD	Tdew	u_unrot	v_unrot	w_unrot	u_rot	v_rot	w_rot	wind_speed	max_wind_speed	wind_dir	yaw	pitch	roll	u*	TKE	L	(z-d)/L	bowen_ratio	T*	model	x_peak	x_offset	x_10%	x_30%	x_50%	x_70%	x_90%	un_Tau	Tau_scf	un_H	H_scf	un_LE	LE_scf	un_co2_flux	co2_scf	un_h2o_flux	h2o_scf	un_ch4_flux	ch4_scf	un_none_flux	un_none_scf	spikes_hf	amplitude_resolution_hf	drop_out_hf	absolute_limits_hf	skewness_kurtosis_hf	skewness_kurtosis_sf	discontinuities_hf	discontinuities_sf	timelag_hf	timelag_sf	attack_angle_hf	non_steady_wind_hf	u_spikes	v_spikes	w_spikes	ts_spikes	co2_spikes	h2o_spikes	ch4_spikes	none_spikes	head_detect_LI-7200	t_out_LI-7200	t_in_LI-7200	aux_in_LI-7200	delta_p_LI-7200	chopper_LI-7200	detector_LI-7200	pll_LI-7200	sync_LI-7200	chopper_LI-7500	detector_LI-7500	pll_LI-7500	sync_LI-7500	not_ready_LI-7700	no_signal_LI-7700	re_unlocked_LI-7700	bad_temp_LI-7700	laser_temp_unregulated_LI-7700	block_temp_unregulated_LI-7700	motor_spinning_LI-7700	pump_on_LI-7700	top_heater_on_LI-7700	bottom_heater_on_LI-7700	calibrating_LI-7700	motor_failure_LI-7700	bad_aux_tc1_LI-7700	bad_aux_tc2_LI-7700	bad_aux_tc3_LI-7700	box_connected_LI-7700	mean_value_RSSI_LI-7200	mean_value_LI-7500	u_var	v_var	w_var	ts_var	co2_var	h2o_var	ch4_var	none_var	w/ts_cov	w/co2_cov	w/h2o_cov	w/ch4_cov	w/none_cov	co2_mean	h2o_mean	air_p_mean	vin_sf_mean	dew_point_mean	avg_signal_strength_7200_mean	co2_signal_strength_7200_mean	h2o_signal_strength_7200_mean	delta_signal_strength_7200_mean	flowrate_mean	hit_power_mean	hit_vin_mean	ch4_mean	rssi_77_mean	ch4_aux-1_mean	ch4_aux-2_mean	ch4_aux-3_mean	ch4_aux-4_mean	CHK
DATAU		[yyyy-mm-dd]	[HH:MM]	[ddd.ddd]	[1=daytime]	[#]	[#]	[kg+1m-1s-2]	[#]	[kg+1m-1s-2]	[W+1m-2]	[#]	[W+1m-2]	[W+1m-2]	[#]	[W+1m-2]	[µmol+1s-1m-2]	[#]	[µmol+1s-1m-2]	[mmol+1s-1m-2]	[#]	[mmol+1s-1m-2]	[µmol+1s-1m-2]	[#]	[µmol+1s-1m-2]	[µmol+1s-1m-2]	[#]	[µmol+1s-1m-2]	[W+1m-2]	[W+1m-2]	[µmol+1s-1m-2]	[mmol+1s-1m-2]	[µmol+1s-1m-2]	[µmol+1s-1m-2]	[µmol+1s-1m-2]	[mmol+1s-1m-2]	[µmol+1s-1m-2]	[µmol+1s-1m-2]	[mmol+1m-3]	[µmol+1mol_a-1]	[µmol+1mol_d-1]	[s]	[1=default]	[mmol+1m-3]	[mmol+1mol_a-1]	[mmol+1mol_d-1]	[s]	[1=default]	[mmol+1m-3]	[µmol+1mol_a-1]	[µmol+1mol_d-1]	[s]	[1=default]	[mmol+1m-3]	[µmol+1mol_a-1]	[µmol+1mol_d-1]	[s]	[1=default]	[K]	[K]	[Pa]	[kg+1m-3]	[J+1kg-1K-1]	[m+3mol-1]	[mm]	[kg+1m-3]	[Pa]	[Pa]	[kg+1kg-1]	[%]	[Pa]	[K]	[m+1s-1]	[m+1s-1]	[m+1s-1]	[m+1s-1]	[m+1s-1]	[m+1s-1]	[m+1s-1]	[m+1s-1]	[deg_from_north]	[deg]	[deg]	[deg]	[m+1s-1]	[m+2s-2]	[m]	[#]	[#]	[K]	[0=KJ/1=KM/2=HS]	[m]	[m]	[m]	[m]	[m]	[m]	[m]	[kg+1m-1s-2]	[#]	[W+1m-2]	[#]	[W+1m-2]	[#]	[µmol+1s-1m-2]	[#]	[mmol+1s-1m-2]	[#]	[µmol+1s-1m-2]	[#]	[µmol+1s-1m-2]	[#]	8u/v/w/ts/co2/h2o/ch4/none	8u/v/w/ts/co2/h2o/ch4/none	8u/v/w/ts/co2/h2o/ch4/none	8u/v/w/ts/co2/h2o/ch4/none	8u/v/w/ts/co2/h2o/ch4/none	8u/v/w/ts/co2/h2o/ch4/none	8u/v/w/ts/co2/h2o/ch4/none	8u/v/w/ts/co2/h2o/ch4/none	8co2/h2o/ch4/none	8co2/h2o/ch4/none	8aa	8U	[#]	[#]	[#]	[#]	[#]	[#]	[#]	[#]	[#_flagged_recs]	[#_flagged_recs]	[#_flagged_recs]	[#_flagged_recs]	[#_flagged_recs]	[#_flagged_recs]	[#_flagged_recs]	[#_flagged_recs]	[#_flagged_recs]	[#_flagged_recs]	[#_flagged_recs]	[#_flagged_recs]	[#_flagged_recs]	[#_flagged_recs]	[#_flagged_recs]	[#_flagged_recs]	[#_flagged_recs]	[#_flagged_recs]	[#_flagged_recs]	[#_flagged_recs]	[#_flagged_recs]	[#_flagged_recs]	[#_flagged_recs]	[#_flagged_recs]	[#_flagged_recs]	[#_flagged_recs]	[#_flagged_recs]	[#_flagged_recs]	[#_flagged_recs]	[#]	[#]	[m+2s-2]	[m+2s-2]	[m+2s-2]	[K+2]	--	--	--	--	[m+1s-1K+1]	--	--	--	--	--	--	--	--	--	--	--	--	--	--	--	--	--	--	--	--	--	--	207
DATA	2026-06-23T020000_AIU-0547.ghg	2026-06-23	02:30:00	174.104	0	18000	17262	1.00608252909505	1	NaN	274.4490060883593	2	NaN	-50.316445886423544	2	NaN	-21.73201256143822	1	NaN	-1.138849938549931	2	NaN	0.06693038998336952	1	NaN	NaN	NaN	NaN	NaN	NaN	NaN	NaN	NaN	NaN	-4.692035150788162e-10	-2.6628907689676297e-11	-2.4163502662172277e-12	NaN	16.360806047083276	425.4129875672277	435.93812291872115	0.1	1	928.5318203195792	24.143645160062803	24.740982666473403	0.1	1	0.08425648311854042	2.0517967521656453	2.102560220046102	0.2	0	NaN	NaN	NaN	NaN	9	295.8657219295192	293.53568180385645	94935.5180937392	1.1164578550934454	1018.9516031052759	0.02570645536592069	-0.07379747601803553	0.01692448402728859	2292.704290676365	2387.47071650837	0.015159089033299912	96.03067693451757	94.7664258320051	292.84493766987157	0.725679957953476	-1.046142474635902	0.14822724024576656	1.345621511895476	-1.9575629623409997e-13	-2.867850848720644e-14	1.345621511895476	18.421568204717993	27.252029948068753	299.4814466316692	6.324263677548507	NaN	0.9492828544350426	1.8538218058107625	-262.65432744011514	-0.011041127813366015	-5.45445929761926	0.2541383084286952	0	108.06949809422184	-16.399963270590206	37.09676157179122	92.3761815506541	140.87950545157784	197.58550951485117	296.0190980471302	0.9953832179817718	1.0107489366105367	269.87158307102237	1.0138948666622098	-46.28787579880218	1.0870329436833999	-19.992045951983314	1.0870329436833999	-1.0476682838065146	1.0870329436833999	-0.0177553798781665	1.1479355470379147	NaN	NaN	800000009	800000019	800000009	811110019	811110019	811111019	899999999	899999999	89999	89999	89	89	7	16	11	8	17	0	0	NaN	0	0	0	0	0	0	0	0	0	NaN	NaN	NaN	NaN	0	636	0	0	0	0	0	0	6887	602	0	0	18000	18000	18000	18000	93	NaN	1.0611375290003013	2.2525747770598885	0.39393130556133493	44.18242852308782	61.27577161174852	0.040774740600167864	3.6731681660740295e-8	NaN	0.23722544287174688	-0.5266431325431288	-0.02759834126907908	-0.0000177553798781665	NaN	425.4092050464733	24.1435917508265	95339.59800520833	11.359999656677246	19.690545322736106	93.34527553600736	92.65885293367175	94.03169854990641	-1.3728456071880082	0.00028942607848310014	-1	0	2.0300755285405736	67.37359819417439	1.0000867122784256	-353.29437226191027	9.000737923701605	-311.22362049525503	057
DATA	2026-06-23T023000_AIU-0547.ghg	2026-06-23	03:00:00	174.124	0	18000	18000	0.14821881785961863	0	NaN	-6.815520220984926	2	NaN	29.619569381514196	1	NaN	23.153255605206063	0	NaN	0.6709279171635307	1	NaN	0.009815352725923486	2	NaN	NaN	NaN	NaN	NaN	NaN	NaN	NaN	NaN	NaN	-1.4906834358549277e-10	-8.427297894949172e-12	-7.686188342394895e-13	NaN	16.321281062413767	424.6683850837329	435.11453962871826	0.2	0	922.6928684645222	24.007826890590696	24.598380552688518	0.1	1	0.08415498369238189	2.0568255357148084	2.1074201129728087	0	1	NaN	NaN	NaN	NaN	9	296.75023901960583	294.34664518717335	94926.08859630747	1.1133289821139658	1018.8870829799008	0.02578003628163136	0.04347612903219679	0.016781242790149174	2279.5804117578787	2509.645707848018	0.015073031475642807	90.83275797174507	230.06529609013933	292.752484745409	0.9589360135818368	-0.946900676839807	0.28598972246454907	1.3776680628146496	1.366889803251558e-13	-9.133372742951034e-15	1.3776680628146496	5.180024986509821	16.638182622101624	315.3618173778984	11.981140750365117	NaN	0.3648714774250119	0.8946691499736565	600.5432013357027	0.004828961502769397	-0.230101934744485	-0.016466811885659453	0	69.97043878212605	-10.618284032868122	24.01858739374424	59.80967867992897	91.21353375086015	127.92827802059782	191.65987205925902	0.14712652700089449	1.0074241598778275	-5.070369180743459	1.0122470224094406	27.03557902791603	1.0955774000967402	21.13338190725878	1.0955774000967402	0.6123966386165755	1.0955774000967402	0.009074149698942217	1.1688053249759145	NaN	NaN	800000009	800000019	800000009	800000019	800000019	800101019	899999999	899999999	89999	89999	89	89	3	3	2	9	46	0	5	NaN	0	0	0	0	0	0	0	0	0	NaN	NaN	NaN	NaN	0	771	0	0	0	0	0	0	14621	0	0	0	18000	18000	18000	18000	93	NaN	0.709182999370212	0.9076190345991709	0.17253626597793012	0.06439347618848766	51.44132008595535	0.05040119669710065	1.3926682954900307e-7	NaN	-0.004469819757626909	0.5582247093926911	0.016176063874915363	0.000009074149698942217	NaN	424.66088112471755	24.007764500494474	95329.6756953125	11.38389741166433	19.59788231086731	93.51800166575114	92.85308422300551	94.18291965103148	-1.32983476697074	0.00028955287544845824	-1	0	2.03081213771991	59.90381934406544	1.0001138630509376	-273.1499938964844	9.001043946822485	-273.1499938964844	141
DATA	2026-06-23T030000_AIU-0547.ghg	2026-06-23	03:30:00	174.145	0	18000	18000	0.057050039810698325	0	NaN	-16.785286151888307	1	NaN	33.88228651792455	1	NaN	20.242985245336886	1	NaN	0.7675081946031251	1	NaN	NaN	NaN	NaN	NaN	NaN	NaN	NaN	NaN	NaN	NaN	NaN	NaN	5.199895904557413e-11	2.9240306563244376e-12	NaN	NaN	16.275725158246242	423.709462097159	434.05126997971314	0.1	1	915.2244619918711	23.826235741776493	24.407781292792286	0.1	1	NaN	NaN	NaN	NaN	0	NaN	NaN	NaN	NaN	9	296.60656310611296	294.3780340110381	95199.68711236304	1.1166375831466444	1018.6807073657585	0.025903309563965776	0.04973453101028251	0.01657505479610532	2251.6815063754125	2511.858019866669	0.014843719257055108	89.64206927965351	260.1765134912566	292.55438695158136	0.6738922325307902	-0.6849154444662716	0.297767919888364	1.0059352072814547	-3.302198755180304e-15	3.1948781722471144e-15	1.0059352072814547	3.6158384147964857	17.464796951558128	314.53520304844193	17.21817323696305	NaN	0.22603300323239206	0.34828941976847205	58.08980471377969	0.04992270182846871	-0.49540004164147794	-0.06528397229371233	0	68.23590041097799	-10.35506114315454	23.4231765005105	58.327021368612044	88.95238780104668	124.75698867549931	186.90870273572128	0.056553114049599694	1.008786885911584	-14.73712551964469	1.0144244594999918	30.5410775089418	1.109400495382146	18.246778624669673	1.109400495382146	0.6918224733068539	1.109400495382146	NaN	1	NaN	NaN	800000009	800000019	800000009	800000019	800000009	800100019	899999999	899999999	89999	89999	89	89	3	6	4	18	16	0	7	NaN	0	0	0	0	0	0	0	0	0	NaN	NaN	NaN	NaN	0	3109	0	0	0	0	0	0	13822	0	0	0	18000	18000	18000	18000	93	NaN	0.22054127730170012	0.4055360468579987	0.07050151537724521	0.07982585430559311	35.581673433855805	0.06312066087759428	NaN	NaN	-0.012955747054223327	0.4841020305969572	0.018354618698977077	NaN	NaN	423.7071981098901	23.82616163101503	95306.75909092883	11.399999618530273	19.471650515026496	93.65850080829198	93.01000731107925	94.30699108844333	-1.296982939263183	0.00028954854576861383	-1	0	2.0272918306696783	54.79580121137672	1.0001259130769307	-273.1499938964844	9.001114679283566	-273.1499938964844	071
DATA	2026-06-23T033000_AIU-0547.ghg	2026-06-23	04:00:00	174.166	0	18000	18000	0.09339232795085264	1	NaN	-11.524722024096691	1	NaN	39.67434388439354	1	NaN	30.525701484195427	1	NaN	0.8986746244301824	1	NaN	-0.006311740458534221	2	NaN	NaN	NaN	NaN	NaN	NaN	NaN	NaN	NaN	NaN	2.2632531223962912e-10	1.2570762594442677e-11	1.1479300038357435e-12	NaN	16.61351112410555	432.3192137885173	442.9555782219131	0.3	0	922.7624702452308	24.012259820932105	24.60303427226093	0.1	1	0.08426431714463943	2.059441603362002	2.1101101157112376	-0.3	0	NaN	NaN	NaN	NaN	9	296.44791647254095	294.3361785917117	94906.25305586806	1.1131340421648361	1018.8893719164448	0.025784507448323356	0.05823411566307582	0.01678143087488637	2279.524901459432	2508.0346994843267	0.015075840140734218	90.88889009103907	228.50979802489474	292.75209270599476	0.8025774314834286	-0.7042549045720938	0.29497702076995913	1.1077531073857667	4.2220955744265154e-14	1.3622966906209249e-14	1.1077531073857667	4.464847343067962	13.266677567330248	318.7333224326698	15.443267204943048	NaN	0.2896555592551407	0.5142877764116667	177.65363765007552	0.016323898786199536	-0.29048298965392855	-0.03508117200937886	0	80.20431639070742	-12.171314442522847	27.531546408964598	68.5574433370134	104.55442680369839	146.63907021694178	219.6920483221277	0.09263725486903278	1.0081508576963703	-9.176000598746498	1.0128627335815847	36.14849575425818	1.0975378935296365	27.8128907112501	1.0975378935296365	0.8188096554371185	1.0975378935296365	-0.00467360417986113	1.1749455828304922	NaN	NaN	800000009	800000009	800000009	800000019	800000019	800100019	899999999	899999999	89999	89999	89	89	2	5	9	7	8	0	0	NaN	0	0	0	0	0	0	0	0	0	NaN	NaN	NaN	NaN	0	834	0	0	0	0	0	0	14375	0	0	0	18000	18000	18000	18000	93	NaN	0.3143470981777116	0.6369325578395334	0.07729589680608831	0.08307972169815336	110.2952545453787	0.08203137195103792	9.368517027205603e-8	NaN	-0.008090566584781656	0.7347903984760769	0.0216321805324369	-0.00000467360417986113	NaN	432.3153970707576	24.01216781981172	95307.81625260416	11.372359864552815	19.596805825021534	93.52352410803901	92.85908524280123	94.18796359761555	-1.328877211862141	0.0002898874278147963	-1	0	2.061815278202189	63.925809728048634	1.0001416094402473	-273.1499938964844	9.001165178431405	-273.1499938964844	055
DATA	2026-06-23T040000_AIU-0547.ghg	2026-06-23	04:30:00	174.187	0	18000	18000	0.12437765795904243	0	NaN	-8.525471011107605	2	NaN	22.236175217439648	1	NaN	25.002614263749997	1	NaN	0.5036870431028565	1	NaN	NaN	NaN	NaN	NaN	NaN	NaN	NaN	NaN	NaN	NaN	NaN	NaN	1.061123149423074e-10	5.868190288524496e-12	NaN	NaN	16.42763430888003	427.63538243930657	437.9934721574347	0.3	0	908.475931066191	23.648959120571135	24.221778981532914	0.1	1	NaN	NaN	NaN	NaN	0	NaN	NaN	NaN	NaN	9	296.5668939310709	294.3551396225255	95141.6562168046	1.1161170962279274	1018.5798685019577	0.025915642571160347	0.032638920393065096	0.016443900608838966	2233.6927183587986	2508.3718682896633	0.0147331320919762	89.0495044453614	274.6791499308647	292.4255126282043	0.9684342218726225	-0.9415442218404287	0.25234005113384755	1.3740618127222566	-7.712470639977518e-14	6.459378931082483e-15	1.3740618127222566	5.084173783963929	16.19340360234179	315.8065963976582	10.582163111796918	NaN	0.3338230394894468	0.7708239133046779	368.2477696331325	0.007875132557867573	-0.3834054610444493	-0.022464524268581837	0	66.92868677137393	-10.156686430082125	22.974452359407284	57.20963481063734	87.24830279727979	122.36698522789617	183.32804205556224	0.12345596141499608	1.0074657921211927	-7.200355580552074	1.0123975408339436	20.272375005859757	1.0968707519968555	22.79449444543278	1.0968707519968555	0.4592036410724721	1.0968707519968555	NaN	1	NaN	NaN	800000009	800000019	800000009	800000019	800000009	800101009	899999999	899999999	89999	89999	89	89	3	3	6	4	25	0	4	NaN	0	0	0	0	0	0	0	0	0	NaN	NaN	NaN	NaN	0	7657	0	0	0	0	0	0	15567	0	0	0	18000	18000	18000	18000	93	NaN	0.5200271834108225	0.8602260755134401	0.16139456768509328	0.05613081022634425	47.26827076448956	0.05713913262096201	NaN	NaN	-0.006333577587592725	0.6049363933263013	0.012186670561949923	NaN	NaN	427.6256302902107	23.64889084526524	95290.3614470486	11.372641057120429	19.34884816106161	93.67450746451485	93.02726737128364	94.32174977027046	-1.2944810404380114	0.0002896044092356332	-1	0	0.7726133712668549	44.149516930601436	1.0001250551773442	-273.1499938964844	9.001060741901398	-273.1499938964844	230
DATA	2026-06-23T043000_AIU-0547.ghg	2026-06-23	05:00:00	174.208	0	18000	18000	0.07637536440806916	0	NaN	1.324996445357276	1	NaN	27.976049691877208	1	NaN	28.830791281779458	1	NaN	0.633647603778785	1	NaN	NaN	NaN	NaN	NaN	NaN	NaN	NaN	NaN	NaN	NaN	NaN	NaN	1.317833565449374e-10	7.262037063362522e-12	NaN	NaN	16.5124204141054	429.46158521304875	439.8715213284141	0.1	0	909.9313615689201	23.665856075263193	24.239504704946114	0.1	1	NaN	NaN	NaN	NaN	0	NaN	NaN	NaN	NaN	9	296.4742620044284	294.26162849140826	95164.86432895123	1.1167371226260339	1018.5878547285691	0.02590122974152074	0.04106036472486527	0.016464806421893307	2235.821816798712	2494.014242566335	0.014743672515494	89.64751598603769	258.1924257676228	292.44081316935535	1.1360042210548107	-1.1741313364612802	0.2641758038902738	1.654955842575837	-5.223724939575464e-14	7.980862480485546e-15	1.654955842575837	5.390825210317864	17.945539526842254	314.05446047315775	9.18525251630845	NaN	0.2615177500045189	0.6992794070432377	-1139.3960245660842	-0.0025452081080451425	0.04736181340648627	0.0044541423789032555	0	56.57469818349942	-8.585428715928542	19.42026313178132	48.35920109498343	73.75083295209475	103.43659185397226	154.96686321210495	0.0756505217512471	1.0095814627585185	2.94437286843493	1.0134299201035863	25.688911810316956	1.0890321045300841	26.473775347715673	1.0890321045300841	0.5818447418978554	1.0890321045300841	NaN	1	NaN	NaN	800000009	800000019	800000009	800000019	800000009	800101019	899999999	899999999	89999	89999	89	89	13	7	4	20	31	0	4	NaN	0	0	0	0	0	0	0	0	0	NaN	NaN	NaN	NaN	0	4218	0	0	0	0	101	0	16760	0	0	11	18000	18000	18000	18000	93	NaN	0.48467297559912315	0.7631092940875582	0.1507765443997939	0.07069355495808587	114.4776091598596	0.07726454394224022	NaN	NaN	0.0025884713382079995	0.7022009837847394	0.015433082165438336	NaN	NaN	429.45108980824824	23.665768942055973	95275.60653645833	11.380000114440918	19.357617607222664	93.5317308103773	92.86465701675418	94.19880240821837	-1.3341454212798025	0.00028898822525904206	-1	0	1.7438401857412762	38.30256776750345	1.000135487685601	-273.1499938964844	9.001128969563378	-273.1499938964844	035
DATA	2026-06-23T050000_AIU-0547.ghg	2026-06-23	05:30:00	174.229	1	18000	18000	0.03789260103471418	1	NaN	2.8801222544498812	1	NaN	10.05682316747914	1	NaN	8.180163429255222	1	NaN	0.22781151085340445	1	NaN	NaN	NaN	NaN	NaN	NaN	NaN	NaN	NaN	NaN	NaN	NaN	NaN	1.8037212879935716e-10	9.962301138599124e-12	NaN	NaN	16.32584006605952	424.9877137443435	435.2031914616525	0.1	0	901.7076871095376	23.472892473512804	24.037113043353106	0.1	1	NaN	NaN	NaN	NaN	0	NaN	NaN	NaN	NaN	9	296.58435763549807	294.3888398486419	95164.86432895123	1.116334463398815	1018.4810654399487	0.025910848155660953	0.014762185903300609	0.016324495712333232	2217.7288567265196	2513.601104942955	0.014623301750114687	88.22914870483596	295.8722482164353	292.3103809710994	1.0315930294094533	-1.2621338782954459	0.2255937213584113	1.6456180091940342	2.857714518246495e-14	1.104826018566361e-14	1.6456180091940342	5.118662430265685	22.739482585558903	309.2605174144411	7.879349472310205	NaN	0.18423835291871882	0.6904444786228887	-183.27391502214687	-0.015823310151090314	0.28638489575548715	0.013749394994756562	1	20.195333611631973	9	17	32	54	101	317	0.03753194604729744	1.009609280237221	3.448398567053411	1.0134383018647484	9.235228932463057	1.0889630610160697	7.511883297145658	1.0889630610160697	0.20920040266640655	1.0889630610160697	NaN	1	NaN	NaN	800000009	800000019	800000009	800000019	800001009	800011119	899999999	899999999	89999	89999	89	89	2	5	4	43	80	0	4	NaN	0	0	0	0	0	0	0	0	0	NaN	NaN	NaN	NaN	0	4704	0	0	0	0	101	0	17604	0	0	16	18000	18000	18000	18000	93	NaN	0.5023836805321742	0.7193832663770948	0.15912201033650855	0.02759135796031898	6.32396764101338	0.010129408803895663	NaN	NaN	0.0030329843127106736	0.19928338176615243	0.0055498950211385215	NaN	NaN	424.9766739873307	23.472868321120618	95297.58166319445	11.380000114440918	19.230561757193673	93.75716388108995	93.12013507058886	94.39419589530097	-1.2740565676424227	0.0002894838205571027	-1	0	1.754311506822101	36.649348343186624	1.0001245745056204	-273.1499938964844	9.001095770226584	-273.1499938964844	145
DATA	2026-06-23T053000_AIU-0547.ghg	2026-06-23	06:00:00	174.249	1	18000	18000	0.0701457577810377	0	NaN	8.653332535231339	0	NaN	15.154273585147408	0	NaN	8.416447301610106	0	NaN	0.34325724839038674	0	NaN	NaN	NaN	NaN	NaN	NaN	NaN	NaN	NaN	NaN	NaN	NaN	NaN	-2.192570129443626e-11	-1.2095601454605784e-12	NaN	NaN	16.442665146741216	427.6271653680585	437.95888477471476	0.1	1	907.0812458664049	23.59061493174386	24.160577819614826	0.1	1	NaN	NaN	NaN	NaN	0	NaN	NaN	NaN	NaN	9	296.5228253267077	294.3168219281186	95198.52614764807	1.1169538129995835	1018.5464267703538	0.025896312364570722	0.02224306969569706	0.01641557617814602	2229.555567679487	2502.4941655259227	0.014696736773799027	89.09333729499126	272.93859784643564	292.39574483943863	1.2709112615561318	-0.2569869461737113	0.32506795479111766	1.336759851464002	1.2528128155257315e-14	-1.3334639548249713e-15	1.336759851464002	4.678193463581304	343.4314599858194	348.5685400141806	14.074068403304734	NaN	0.2506011722035274	0.7033756302022341	-153.55215732886407	-0.018886090892158834	0.5710159900843025	0.030351785942776547	0	63.552568286148336	-9.644347424800664	21.815540134467216	54.32377950800784	82.84719137424135	116.19436387913954	174.08033047624698	0.06939685929324718	1.010791532864995	9.482162042741718	1.0139149345176086	13.941551578143267	1.0869861579040725	7.742920404652351	1.0869861579040725	0.31578805847192715	1.0869861579040725	NaN	1	NaN	NaN	800000009	800000019	800000009	800000019	800001019	800001019	899999999	899999999	89999	89999	89	89	2	5	2	39	59	0	0	NaN	0	0	0	0	0	0	0	0	0	NaN	NaN	NaN	NaN	0	17368	0	0	0	0	101	0	17307	0	0	16	18000	18000	18000	18000	93	NaN	0.3840770299193876	0.9191551301088108	0.10351910037626993	0.0377697114076218	14.51290550348222	0.03040203770415409	NaN	NaN	0.008334726020032324	0.2053217335369428	0.008373862600571663	NaN	NaN	427.62425511489823	23.590571668268716	95314.2885499132	11.380000114440918	19.31351909775204	93.64471564695569	92.9915490044488	94.2978783730401	-1.3063290984498122	0.0002892301386940137	-1	0	-1.5031965498621687	2.7314583203750598	1.0001336594820023	-273.1499938964844	9.001108116308847	-273.1499938964844	162
DATA	2026-06-23T060000_AIU-0547.ghg	2026-06-23	06:30:00	174.27	1	18000	18000	0.08058726687556546	0	NaN	16.144322948836738	0	NaN	21.447624041012308	1	NaN	11.35345971591667	1	NaN	0.4857612834257317	1	NaN	0.016108802701738565	2	NaN	NaN	NaN	NaN	NaN	NaN	NaN	NaN	NaN	NaN	-5.697320675017447e-11	-3.123741104144978e-12	-2.874217298462713e-13	NaN	16.66426179409308	433.31418183067365	443.8593284555643	0.1	0	913.6722769476527	23.757857385994537	24.336029299431825	0.1	1	0.08406883208227864	2.0532863230149547	2.1032551591319693	0	1	NaN	NaN	NaN	NaN	9	296.3076483120388	294.2195014514554	94941.81047507054	1.114100827216265	1018.7413309154305	0.02576463333517006	0.031477331165987416	0.016616444405071647	2256.2190378108967	2490.13699762398	0.014914668402670639	90.60622126267425	233.91795981308314	292.5867519289116	1.3800731096557721	-0.12828582768847055	0.33607054738175873	1.4261845793577699	-6.501480754755942e-14	-3.4188857240810727e-15	1.4261845793577699	5.1717734009049865	337.3107150113325	354.68928498866745	13.629534005709079	NaN	0.2689496386369601	0.5704448097351549	-101.54235349884044	-0.028559511377024723	0.7527324666809453	0.052888402422532364	0	69.08852728089292	-10.484450560119647	23.715855713986258	59.05583399307299	90.06387303866309	126.31586252509666	189.24417982642555	0.07975870763590238	1.010388323284342	17.29637781718636	1.0137317439995923	19.722315324056424	1.087480029023338	10.440154681381298	1.087480029023338	0.44668524521042674	1.087480029023338	0.008634976754871265	1.1480329576632191	NaN	NaN	800000009	800000009	800000009	800000019	800000019	800100119	899999999	899999999	89999	89999	89	89	1	6	1	11	25	0	1	NaN	0	0	0	0	0	0	0	0	0	NaN	NaN	NaN	NaN	0	2	0	0	0	0	101	0	15315	0	0	21	18000	18000	18000	18000	93	NaN	0.5111532757661923	0.5329722685615069	0.09676407514261075	0.06571502753033018	43.506117522265754	0.05386803919738922	1.4075926364215452e-7	NaN	0.015239360421224918	0.2755346255933371	0.01178883412681765	0.000008634976754871265	NaN	433.3119983309617	23.757792470455048	95341.9633734809	11.370693234761557	19.431473409334806	93.57958292897543	92.92067313045925	94.23849442715114	-1.317820986588794	0.00028900061255747765	-1	0	2.033267791947407	70.67620077215976	1.000127270412114	-290.1478696102565	9.001022791915469	-273.1499938964844	124
DATA	2026-06-23T063000_AIU-0547.ghg	2026-06-23	07:00:00	174.291	1	18000	18000	0.07074386882204235	0	NaN	0.5015338210820437	2	NaN	33.8264836902649	1	NaN	34.09248236377994	1	NaN	0.7660494891998633	1	NaN	NaN	NaN	NaN	NaN	NaN	NaN	NaN	NaN	NaN	NaN	NaN	NaN	1.1124155779556883e-10	6.041384009110903e-12	NaN	NaN	16.82808309144724	437.72990055552316	448.3892521456034	0.2	0	913.9112585917834	23.77254035210197	24.351435843318892	0.1	1	NaN	NaN	NaN	NaN	0	NaN	NaN	NaN	NaN	9	296.3368979187012	294.11538154336176	95239.16833792735	1.1181205412454078	1018.6459035852388	0.02586903069705763	0.049640006900151135	0.016559614834483257	2247.5774703261563	2471.6862280622263	0.014810223248415138	90.93296085920386	224.10875773606995	292.52506470485366	1.4853223745688446	-0.18721127036025564	0.3629789387362869	1.540449390960575	-1.3902101448669904e-13	6.610471150579628e-15	1.540449390960575	4.312478283670246	339.18372671656954	352.81627328343046	13.62887104364217	NaN	0.2515359652285102	0.5922119774247592	-2680.004532694595	-0.0010820877220995635	0.014826661431154983	0.001750605407708701	0	68.14346091770652	-10.341033093416746	23.391445013808127	58.24800548010064	88.8318835854638	124.5879797997348	186.65549664237662	0.07004690387092094	1.009949975125321	2.4663502075417627	1.0135544125910811	31.084571760197658	1.088208129461128	31.32900907537078	1.088208129461128	0.7039549406593798	1.088208129461128	NaN	1	NaN	NaN	800000009	800000009	800000009	800000019	800000009	800100009	899999999	899999999	89999	89999	89	89	7	6	7	30	46	0	1	NaN	0	0	0	0	0	0	0	0	0	NaN	NaN	NaN	NaN	0	4408	0	0	0	0	101	0	15317	0	0	16	18000	18000	18000	18000	93	NaN	0.36554253047212987	0.7312768526462766	0.08760457173111175	0.06922779136988315	182.78042990567616	0.09671885689742965	NaN	NaN	0.002165423645839411	0.8300394453125582	0.018650777209844805	NaN	NaN	437.7231330850392	23.772435328226415	95350.65055859376	11.372641057120429	19.44235657321079	93.6125675459968	92.95883211814032	94.26630175187856	-1.307469937913951	0.00028918136079705115	-1	0	1.3570150617126944	52.0947029939749	1.0001418764160739	-273.1499938964844	9.001119875060187	-273.1499938964844	207
DATA	2026-06-23T070000_AIU-0547.ghg	2026-06-23	07:30:00	174.312	1	18000	18000	0.03340200737755491	0	NaN	26.42765043843791	0	NaN	4.893404052081875	2	NaN	11.208343924830016	2	NaN	0.1108030486362682	2	NaN	0.01417176645376767	1	NaN	NaN	NaN	NaN	NaN	NaN	NaN	NaN	NaN	NaN	-1.5080222175184883e-10	-8.093642349482507e-12	-7.368922564094907e-13	NaN	17.385497309001686	452.01217610534104	463.2505200340787	0.2	0	933.0896829789252	24.259754587886775	24.862922998159654	0.1	1	0.08495390977669276	2.073054187805939	2.1245963744483705	0	1	NaN	NaN	NaN	NaN	9	296.10130500115287	293.97409804102585	94918.39645949443	1.114542393987516	1019.0255942287149	0.025749493694366056	0.007180037551630179	0.01697745168712264	2303.3146780783422	2452.857424662667	0.015232665691954653	93.90332495151482	149.54274658432496	292.9193455149772	1.8568046155058688	0.11574202917158707	0.4575746535990268	1.9158533767219315	-3.798079361660406e-14	-8.67402404841005e-15	1.9158533767219315	3.569299199024066	328.4331407279342	3.5668592720658276	13.817847143018291	NaN	0.1731163104431636	0.4301919646580951	-16.541355052775824	-0.17531816412545642	5.400667951626516	0.13441225946741625	1	26.11577692224753	12	21	36	56	94	232	0.03310590707502276	1.0089440323100387	26.568718435635898	1.0133014291839055	4.484399297453602	1.0912061410009852	10.271518371907602	1.0912061410009852	0.10154181182908881	1.0912061410009852	0.004701264198776714	1.1497177522615984	NaN	NaN	800000009	800000009	800000009	800000019	800000019	801000019	899999999	899999999	89999	89999	89	89	4	0	4	32	7	4	1	NaN	0	0	0	0	0	0	0	0	0	NaN	NaN	NaN	NaN	0	10	0	0	0	0	101	0	16713	0	0	11	18000	18000	18000	18000	93	NaN	0.2359658730797442	0.5596411539955143	0.06477690224093184	0.055079401503070474	163.50907428693986	0.016467606381638265	2.805280007122004e-7	NaN	0.023393161650035736	0.27106411027039506	0.0026796759624141218	0.000004701264198776714	NaN	452.01076309521204	24.259723842196934	95319.97289149306	11.380000114440918	19.764812828435268	93.21995949257744	92.51792613135444	93.92199444876778	-1.4040695242683099	0.00028864879619989857	-1	0	2.052269567269904	64.41461430222049	1.0001379613478978	-273.1499938964844	9.001131103303697	-273.1499938964844	129
DATA	2026-06-23T073000_AIU-0547.ghg	2026-06-23	08:00:00	174.333	1	18000	18000	0.046973023454023474	0	NaN	12.398897571627412	1	NaN	46.725187458411035	1	NaN	14.086568861434863	2	NaN	1.0581467404225273	1	NaN	NaN	NaN	NaN	NaN	NaN	NaN	NaN	NaN	NaN	NaN	NaN	NaN	-2.3832883169701454e-10	-1.3171940399946665e-11	NaN	NaN	16.616982338585817	432.14240051768684	442.7160602397689	0.1	1	918.3861618097319	23.88361451435821	24.467998764794356	0.1	1	NaN	NaN	NaN	NaN	0	NaN	NaN	NaN	NaN	9	296.334993367513	294.10317619680154	95156.74084580845	1.117153171878875	1018.708207173846	0.025891272788017387	0.06856790877937977	0.0166226953941806	2256.044319458305	2469.8084365519157	0.014879513223977922	91.34491104937493	213.76411709361082	292.5855067669924	2.1921652057882675	1.1954403551435273	0.45394844621868574	2.5378603436750886	9.04471824939675e-16	-1.434248570774478e-14	2.5378603436750886	5.145726809063394	303.3953041252296	28.604695874770396	10.303978782068418	NaN	0.20505383493945045	0.3928188475851247	-58.69434767626934	-0.04940850550030896	0.2653578989418367	0.053131569900111586	0	51.21498895655009	-7.772072162848444	17.580448394112064	43.7778022605434	66.7639106606767	93.6373339955252	140.28578928157606	0.04659376771757108	1.0081396237100047	15.021839809135873	1.013568923582621	42.575600167794065	1.0974639764152025	12.835563776268774	1.0974639764152025	0.9641744632738631	1.0974639764152025	NaN	1	NaN	NaN	800000009	800000009	800000009	800000019	800000009	800010019	899999999	899999999	89999	89999	89	89	8	14	5	81	11	0	2	NaN	0	0	0	0	0	0	0	0	0	NaN	NaN	NaN	NaN	0	4149	0	0	0	0	0	0	17307	0	0	0	18000	18000	18000	18000	93	NaN	0.3523658375689752	0.3143860147376039	0.11888584286367022	0.03448053788427238	71.75362754045092	0.08088853626672357	NaN	NaN	0.013199594768418301	0.3403995192753522	0.02556993440387867	NaN	NaN	432.1396065667534	23.883523977811493	95312.33440082465	11.380000114440918	19.51112753253515	93.45553884251913	92.78155268012155	94.12952589586048	-1.3479724095000156	0.0002889250760652228	-1	0	1.9579845110056722	38.32361104214948	1.0001181304173337	-273.23074389987516	9.000927574528589	-273.1499938964844	230
DATA	2026-06-23T080000_AIU-0547.ghg	2026-06-23	08:30:00	174.354	1	18000	18000	0.01931105355236478	1	NaN	23.43855700060858	1	NaN	36.20503119450375	1	NaN	4.627639371086451	1	NaN	0.8202343308651978	1	NaN	-0.00046469435080823525	1	NaN	NaN	NaN	NaN	NaN	NaN	NaN	NaN	NaN	NaN	-4.1799048878535604e-11	-2.306818073606156e-12	-2.2022913256688374e-13	NaN	16.134311462190556	420.02377150061676	429.99113549564584	0.3	0	890.4250762816897	23.180394134264578	23.730475919062116	0.1	1	0.08500780551747905	2.0785742687923197	2.127899825423878	-0.1	0	NaN	NaN	NaN	NaN	9	296.51789457066855	294.5177535918844	94933.15944458978	1.1131163915221511	1018.415301654656	0.025793101353506816	0.05315118464006482	0.016194667858336096	2201.1783367864723	2536.1111586271077	0.014548943831642264	86.7934486743102	334.93282184063537	292.1902487036671	2.1695694054659094	0.771041803347681	0.40497161272249693	2.3378491984630627	8.838337623844557e-15	-2.590693069021772e-15	2.3378491984630627	5.272162530534364	312.4353300702394	19.564669929760626	9.975323000687554	NaN	0.13171422930427634	0.49611528319697623	-8.213907244942169	-0.3530597453222663	0.647383974748978	0.1569757915334209	1	42.192687528358945	19	33	56	84	136	313	0.019151752660542205	1.00831782315938	25.394933197552234	1.013416294961737	33.054179426101165	1.0953238538396302	4.224905131815013	1.0953238538396302	0.7488509704138069	1.0953238538396302	-0.009768192910577643	1.1521858644279308	NaN	NaN	800000009	800000009	800000009	800000019	800001019	800011019	899999999	899999999	89999	89999	89	89	11	0	6	90	69	0	0	NaN	0	0	0	0	0	0	0	0	0	NaN	NaN	NaN	NaN	0	1297	0	0	0	0	101	0	17703	0	0	16	18000	18000	18000	18000	93	NaN	0.43071128456474544	0.4205312600427017	0.14098802178650527	0.023605529078838818	13.760840654780912	0.091112583540681	2.3485973085696944e-7	NaN	0.022401731141018243	0.11156010719742365	0.019773673473792195	-0.000009768192910577642	NaN	420.02103379178504	23.18029475449206	95338.48182421875	11.380000114440918	19.035440034230565	93.83090399932863	93.20616937425399	94.45564065382214	-1.2494711941381338	0.0002896830952344721	-1	0	2.0514697474820753	42.93239913608952	1.0001316052244769	-273.1499938964844	9.001058105336295	-273.1499938964844	152
DATA	2026-06-23T083000_AIU-0547.ghg	2026-06-23	09:00:00	174.374	1	18000	18000	0.043915482318893286	0	NaN	17.25402722910217	0	NaN	46.18863723389897	1	NaN	2.839184436828412	1	NaN	1.046437499163843	1	NaN	0.008672870967237381	2	NaN	NaN	NaN	NaN	NaN	NaN	NaN	NaN	NaN	NaN	-1.8058161313507387e-10	-1.0021621807433045e-11	-9.596609507153734e-13	NaN	15.944005816467293	415.4279150018685	425.2315154112452	0.1	0	884.8342509191672	23.054736194460034	23.59880031011549	0.1	1	0.08473088435973555	2.0718556449073073	2.1207489525428604	0	1	NaN	NaN	NaN	NaN	9	296.5138702994453	294.53947795189754	94956.70805425347	1.1133637513537227	1018.3437836858632	0.025788606933308544	0.06780914994581702	0.01610968573900659	2189.789084307924	2539.4886739699664	0.01446938228357	86.22952749321148	349.6995896620424	292.10711878078286	2.1621288394621545	0.676528730041521	0.3977124203491683	2.3001450846208633	4.887799383342158e-15	-1.132598766042631e-14	2.3001450846208633	5.448929620317188	314.6251318268528	17.37486817314724	9.956912606342222	NaN	0.19860505111329305	0.47104362579281694	-38.25869893609886	-0.07579975484382495	0.37355566785241756	0.07662468376813382	1	29.585976231096602	13	24	43	69	120	322	0.04355144948077478	1.0083586847845145	19.8243885188829	1.0133936636093346	42.184116768167975	1.0949295794845895	2.5930292596213236	1.0949295794845895	0.9557121469459499	1.0949295794845895	-0.0001242626230178252	1.1519371983216635	NaN	NaN	800000009	800000009	800000009	800000009	800001019	800011019	899999999	899999999	89999	89999	89	89	8	3	3	88	49	0	8	NaN	0	0	0	0	0	0	0	0	0	NaN	NaN	NaN	NaN	0	0	0	0	0	0	0	0	17406	0	0	0	18000	18000	18000	18000	93	NaN	0.41460165794282555	0.4049169582433328	0.1225686353994756	0.021994973742424023	6.959533861157232	0.13286425507902055	2.716321605040917e-8	NaN	0.017485107479791543	0.06844911186190347	0.02522827207265552	-1.242626230178252e-7	NaN	415.42578238006035	23.054596857121513	95361.75666427951	11.361387466218737	18.95163374370994	93.9002835597992	93.28916630596584	94.51140299987793	-1.2222346835401299	0.00028964340729483714	-1	0	2.0523042832542346	75.2590114986496	1.0001229620989827	-329.39237125820085	9.000938234885533	-273.1499938964844	035
DATA	2026-06-23T090000_AIU-0547.ghg	2026-06-23	09:30:00	174.395	1	18000	18000	0.03606594765203203	1	NaN	16.547234249384605	1	NaN	27.999794815702817	1	NaN	2.9784111021874122	1	NaN	0.6344434749919029	1	NaN	0.009404896556792752	2	NaN	NaN	NaN	NaN	NaN	NaN	NaN	NaN	NaN	NaN	-3.0788782586925643e-10	-1.7092812352479473e-11	-1.6396507081961375e-12	NaN	15.946911115555105	415.8170184027663	425.6428336467709	0.1	1	885.3145087185152	23.084648600377452	23.630142127774093	0.1	1	0.08492496911931872	2.077945446504511	2.1270475927391734	0	1	NaN	NaN	NaN	NaN	9	296.6238301976522	294.68211370031554	94973.67094726836	1.1130109401443284	1018.3635986880279	0.02579648726713654	0.041111937179475304	0.01612565969151077	2193.0219172689904	2561.762279946324	0.014488320922900986	85.60598828533537	368.74036267733345	292.130753617873	1.9864236236702277	0.4034716913581605	0.33313306109043833	2.05417765901445	-1.761638500661109e-14	-1.9307050979229027e-14	2.05417765901445	4.969104451073261	320.5185794814899	11.481420518510118	9.333073130503507	NaN	0.18001096389733265	0.7085041629748129	-29.70846052054248	-0.09761529036466698	0.5909769824493357	0.08110061682005691	1	28.704900383467407	13	23	41	65	112	293	0.03575511259202639	1.008693443747537	18.07574508238842	1.0133022712709239	25.629498106409148	1.0924831496681133	2.7262764675979003	1.0924831496681133	0.5807352499529546	1.0924831496681133	0.001868201356955811	1.150445181845068	NaN	NaN	800000009	800000009	800000009	800000019	800000019	800010019	899999999	899999999	89999	89999	89	89	0	5	0	82	24	0	7	NaN	0	0	0	0	0	0	0	0	0	NaN	NaN	NaN	NaN	0	0	0	0	0	0	101	0	17604	0	0	21	18000	18000	18000	18000	93	NaN	0.6359070572267542	0.6301529576351619	0.15094831108770967	0.013636028488788985	2.96862868601807	0.06555749941220025	3.8353184966666165e-8	NaN	0.015947547621094446	0.07199068155079144	0.015335028175450852	0.0000018682013569558108	NaN	415.8160056156479	23.08457332502785	95377.2082265625	11.362640828238593	18.975808309025265	93.9417824872335	93.34028205744426	94.54328479131064	-1.202995212193993	0.0002899915176288535	-1	0	2.0582439488417577	73.89516116141309	1.0001407546020216	-273.1499938964844	9.001109240108066	-273.1499938964844	007
DATA	2026-06-23T093000_AIU-0547.ghg	2026-06-23	10:00:00	174.416	1	18000	18000	0.0365242595861935	0	NaN	19.888705239166537	0	NaN	24.15525907516219	0	NaN	-0.908158737996599	2	NaN	0.5472771372112971	0	NaN	NaN	NaN	NaN	NaN	NaN	NaN	NaN	NaN	NaN	NaN	NaN	NaN	2.661018597832405e-10	1.4891679230062257e-11	NaN	NaN	15.851507288403123	413.4512039370777	423.24409518837155	0.1	0	887.0872305972528	23.137691376262193	23.68572435644483	0.1	1	NaN	NaN	NaN	NaN	0	NaN	NaN	NaN	NaN	9	296.74656664360896	294.5810288653609	95211.29753824198	1.1162893079261558	1018.2954489685858	0.025912376145110553	0.03546355849129205	0.016090427346730527	2187.360573260966	2543.456645793327	0.014414208962211912	85.9995226133964	356.0960725323612	292.08934411035955	1.7904311591503814	0.3310919617176545	0.3522483762372045	1.8545469908666061	-3.318006423112139e-14	1.6787164459616982e-14	1.8545469908666061	4.250682478826951	321.52304582211445	10.47695417788553	10.949148032874588	NaN	0.180884905730428	0.5597687863732979	-25.124535673122264	-0.11542501870402179	0.8233695683942067	0.09672831348858163	1	24.510396195988697	11	20	35	55	94	242	0.036195872548276525	1.0090724995641143	21.1765215659942	1.0133150351084228	22.14731822738983	1.0906629338665985	-0.8326667293780774	1.0906629338665985	0.5017839336220037	1.0906629338665985	NaN	1	NaN	NaN	800000009	800000009	800000009	800000019	800001009	800011009	899999999	899999999	89999	89999	89	89	8	1	3	69	40	0	4	NaN	0	0	0	0	0	0	0	0	0	NaN	NaN	NaN	NaN	0	6756	0	0	0	0	0	0	17108	0	0	0	18000	18000	18000	18000	93	NaN	0.46775220641653525	0.5396456516185807	0.11213971471147981	0.02094083004925769	1.7392561835272078	0.06094411427164791	NaN	NaN	0.018629622602186723	-0.02208371934868356	0.013308152196814	NaN	NaN	413.4482698733982	23.13762036627732	95390.72133767362	11.369999885559082	19.014893610636403	93.95008614222209	93.35103323788113	94.54914154815674	-1.1981065300140126	0.00029012031587707395	-1	0	2.040061759968598	38.86816687468724	1.0001345066527525	-273.1499938964844	9.001102091789246	-273.1499938964844	186
DATA	2026-06-23T100000_AIU-0547.ghg	2026-06-23	10:30:00	174.437	1	18000	18000	0.07093780146369033	0	NaN	17.58499002158031	0	NaN	14.326159658551495	0	NaN	-0.3361535780661276	2	NaN	0.3247133950240519	0	NaN	-0.019751168485301004	1	NaN	NaN	NaN	NaN	NaN	NaN	NaN	NaN	NaN	NaN	1.06588493830382e-10	5.900326542447374e-12	5.672837931275865e-13	NaN	15.749945734401017	411.30919860132724	420.89227835960753	0.1	1	871.8560467387276	22.76848555081484	23.298967761644754	0.1	1	0.08382414120592363	2.053662116385886	2.1015103238288715	0.1	0	NaN	NaN	NaN	NaN	9	296.873575817532	294.9969396760728	94988.37687890625	1.1121293825710767	1018.1885675474782	0.02582004911604623	0.02104142799755856	0.01589029187401975	2163.321618971974	2611.5300211129006	0.014288168375952601	82.83732530289187	448.2084021409264	291.91245948306187	1.5943746007219746	0.4983117114682261	0.33240921309858357	1.7031854902407393	-1.1926558833808684e-14	6.7675467349434425e-15	1.7031854902407393	5.191945814606384	314.643695159285	17.35630484071498	11.25460327086373	NaN	0.2525580436228441	0.5955141630282755	-77.21041956031286	-0.03755969746718792	1.2274741061596066	0.06148899433042674	0	60.78551485460985	-9.224436391204238	20.865700233141	51.9585438526215	79.24005776237463	111.13530769985873	166.5009424389481	0.07027410585504879	1.0094443835402263	18.314079186044022	1.0133912029448027	13.150405130393782	1.0894082362101727	-0.3085652989328746	1.0894082362101727	0.29806401698748214	1.0894082362101727	-0.024266261094232276	1.148790159024929	NaN	NaN	800000009	800000009	800000009	800000009	800000009	800011109	899999999	899999999	89999	89999	89	89	1	5	0	64	35	6	0	NaN	0	0	0	0	0	0	0	0	0	NaN	NaN	NaN	NaN	0	0	0	0	0	0	0	0	12826	0	0	0	18000	18000	18000	18000	93	NaN	0.5934548545378671	0.48005416541862117	0.11751930610006275	0.03141059495530962	3.7911430888757645	0.055421154901114975	3.274446908069139e-7	NaN	0.01617340851446828	-0.008152848991160037	0.007875386275130503	-0.000024266261094232275	NaN	411.3069486903633	22.768417929045256	95396.85524392361	11.375974466747708	18.75846912850275	93.99697813267179	93.40966457260978	94.5842867181566	-1.1746188774506239	0.00029027228768488086	-1	0	2.0345400637150726	75.37773762289666	1.0001233169304	-273.1499938964844	9.00103360168139	-273.1499938964844	101
DATA	2026-06-23T103000_AIU-0547.ghg	2026-06-23	11:00:00	174.458	1	18000	18000	0.06236154564344632	1	NaN	23.07442989551037	1	NaN	63.869190793677916	1	NaN	-3.117484595009606	1	NaN	1.4478232764064711	1	NaN	NaN	NaN	NaN	NaN	NaN	NaN	NaN	NaN	NaN	NaN	NaN	NaN	1.401066103394199e-10	7.620908181397478e-12	NaN	NaN	15.636846533366796	409.137018345309	418.4493794238027	0.1	1	850.5449627872656	22.254450684851577	22.760983878105577	0.1	1	NaN	NaN	NaN	NaN	0	NaN	NaN	NaN	NaN	9	297.21133788045245	295.1247235327553	95150.93878240696	1.1138916225772832	1017.8078244865216	0.02596942389384983	0.09381894831113932	0.015442206567666874	2103.123423017096	2629.5827759593903	0.01386329356884581	79.97935802761644	526.4593529422946	291.4618256593689	2.3276570712259472	0.8409310930117226	0.38572560177090365	2.5047827818563126	-3.8462183159586687e-14	8.960029763063314e-15	2.5047827818563126	7.731876223312595	312.1363314318105	19.863668568189507	8.858550724992417	NaN	0.23661210897187265	1.0053646786736927	-48.44123778369156	-0.05986634802664614	0.3612763776834071	0.08601719776998108	0	44.6111547909631	-6.769914850465349	15.313565824833919	38.132944140828556	58.15514585896553	81.56341895595075	122.19686439691054	0.06185648764636003	1.0081649963698838	26.623210931802646	1.013540139382363	58.21626220151565	1.0971022250208138	-2.84156254896891	1.0971022250208138	1.3196794641256002	1.0971022250208138	NaN	1	NaN	NaN	800000009	800000009	800000009	800000019	800001009	800001009	899999999	899999999	89999	89999	89	89	3	12	0	77	15	0	2	NaN	0	0	0	0	0	0	0	0	0	NaN	NaN	NaN	NaN	0	2714	0	0	0	0	0	0	8623	0	0	0	18000	18000	18000	18000	93	NaN	1.1602908528512437	0.6269000070895357	0.2235384974066063	0.026779169209419144	2.4145666989754577	0.13045726480795458	NaN	NaN	0.02348289899475248	-0.07546167348723942	0.035045936562542554	NaN	NaN	409.1370003615109	22.254313065983343	95393.1200720486	11.380000114440918	18.392013979487942	94.05790281147426	93.4850075032976	94.63080031543308	-1.145792892204391	0.0002907481001424861	-1	0	1.5703597014504702	59.05164016589267	1.0001121211614874	-273.1499938964844	9.000975216971502	-273.1499938964844	074
DATA	2026-06-23T110000_AIU-0547.ghg	2026-06-23	11:30:00	174.479	1	18000	18000	0.09430521901531547	1	NaN	15.764900182293438	0	NaN	73.49391773176298	0	NaN	-1.5908820238737427	0	NaN	1.6668594101856178	0	NaN	0.0017623456325695553	1	NaN	NaN	NaN	NaN	NaN	NaN	NaN	NaN	NaN	NaN	3.208891823168401e-11	1.7022709539259237e-12	1.7026277125251618e-13	NaN	15.56735289426189	407.36596316443513	416.36365603854875	0.1	0	825.8256782009936	21.610178370805237	22.08749303505673	0.1	1	0.08259987531227564	2.0287878174974003	2.073598654285982	0	0	NaN	NaN	NaN	NaN	9	297.42488433922665	295.65600102546426	94995.09387003785	1.1102190190902719	1017.540491906089	0.025875904663967157	0.10801248978002803	0.015049345171547495	2053.411581094149	2718.458206136426	0.013555293967022045	75.53588929412065	665.0466250422769	291.08108049308885	2.580403780600999	0.797832039329756	0.4162488188464264	2.732815894478064	-2.198182896063758e-14	2.061295741777136e-15	2.732815894478064	7.847255365292229	314.81897506193593	17.181024938064084	8.761107384265301	NaN	0.2914496462612421	1.5207269533021812	-132.3338762253043	-0.02191426778025168	0.21450618865947438	0.04788145392282463	0	48.68671159693226	-7.388396319369958	16.712572591493572	41.61666880012112	63.46804577420486	89.0148366294376	133.3604458978719	0.09355496397928185	1.008019403825539	19.904510811885235	1.0137631609952813	66.83481601011908	1.0996352218675318	-1.4467361468941644	1.0996352218675318	1.5158294105519448	1.0996352218675318	-0.007463820088341576	1.1550383248032767	NaN	NaN	800000009	800000009	800000009	800000019	800001019	800001019	899999999	899999999	89999	89999	89	89	7	0	2	69	33	0	5	NaN	0	0	0	0	0	0	0	0	0	NaN	NaN	NaN	NaN	0	4	0	0	0	0	101	0	14570	0	0	21	18000	18000	18000	18000	93	NaN	1.2493690160184683	1.5195086377064964	0.2725762528793977	0.034842385467018254	3.3964569639017443	0.22772057106374513	4.623625499186847e-8	NaN	0.017619401214136788	-0.03826269200758715	0.04009004267744641	-0.000007463820088341576	NaN	407.36472049401385	21.60995249904798	95398.72588628472	11.370693234761557	17.923639915360337	94.10160802798802	93.53710772599115	94.66610187106662	-1.1289932674600005	0.0002912186261803274	-1	0	2.0108995483441254	75.1680319044574	1.0001202393372854	-273.1499938964844	9.001005297925737	-273.1499938964844	214
DATA	2026-06-23T113000_AIU-0547.ghg	2026-06-23	12:00:00	174.499	1	18000	18000	0.09148604707422257	1	NaN	17.054533938716855	1	NaN	73.80060837212704	1	NaN	1.7460248396990492	2	NaN	1.6739544662172532	1	NaN	-0.026685330115555468	1	NaN	NaN	NaN	NaN	NaN	NaN	NaN	NaN	NaN	NaN	1.3797984061870689e-10	7.205839114686897e-12	7.421202521070568e-13	NaN	15.48358425088938	405.3995504019683	414.1681220288125	0.1	1	808.6124504153262	21.17152711775877	21.629455726208555	0.1	1	0.08327797304494793	2.045867526908614	2.0901185280035715	0	0	NaN	NaN	NaN	NaN	9	297.4977542063395	295.7418765280342	95000.01404342816	1.1101397488147118	1017.2926288013451	0.025882079978746794	0.108472249410878	0.014740350293023025	2011.8348822005353	2732.668739163592	0.0132779231702686	73.62161587197402	720.8338569630566	290.7563819631589	2.7613775738269477	0.6913386256969114	0.4586953112322339	2.883323878644487	1.7572636070895535e-14	8.91136305282682e-15	2.883323878644487	8.219362031333976	317.94434235730785	14.055657642692163	9.153825212459193	NaN	0.2870705259834008	1.5861693633318261	-116.89084569241393	-0.024809470603292985	0.2310893407913694	0.052605081768033295	0	46.24445937987824	-7.017775123162655	15.874226436547605	39.52906833770043	60.28432334933884	84.54962066026863	126.67073870717488	0.09076389587314143	1.0079563706927088	21.190945941247286	1.0139390445354135	67.00879696566825	1.1013570115269873	1.5853395596748923	1.1013570115269873	1.5199017654560372	1.1013570115269873	-0.033851989205840476	1.1562276339471083	NaN	NaN	800000009	800000009	800000009	800000019	800000019	800000019	899999999	899999999	89999	89999	89	89	9	2	1	40	10	1	0	NaN	0	0	0	0	0	0	0	0	0	NaN	NaN	NaN	NaN	0	17	0	0	0	0	0	0	10519	0	0	0	18000	18000	18000	18000	93	NaN	1.2799994304035627	1.5915828108170167	0.3007564854430726	0.09014401461281811	4.665382892578871	0.11254074360097806	0.0000013752986250449023	NaN	0.018764059136085698	0.04191962583526371	0.040189316494025844	-0.000033851989205840475	NaN	405.3995271381042	21.171397015401876	95413.18886067708	11.369999885559082	17.602123442649848	94.13152008692424	93.57499828084312	94.6880463525984	-1.1130541079209924	0.00029123592071442146	-1	0	2.0280440095966576	66.71941907050807	1.0001144710977872	-295.63886984083746	9.000923893372217	-273.1903688981798	037
DATA	2026-06-23T120000_AIU-0547.ghg	2026-06-23	12:30:00	174.52	1	18000	18000	0.12437378984314007	1	NaN	26.318613175499248	1	NaN	69.03495667953175	1	NaN	-0.2180893803323405	2	NaN	1.5666834829625802	1	NaN	0.006891811875714519	1	NaN	NaN	NaN	NaN	NaN	NaN	NaN	NaN	NaN	NaN	-6.826743711885873e-11	-3.5856940412535907e-12	-3.7747006616042157e-13	NaN	15.320405168506987	402.4829758168467	411.1752641916182	0.1	0	804.6923663863564	21.140105282988642	21.596660969648013	0.1	1	0.08471087529611182	2.0862314276504232	2.131287060497614	-0.2	0	NaN	NaN	NaN	NaN	9	298.02671178097194	296.2849006958008	94985.85640538194	1.1079532419997045	1017.2862306727341	0.025933467966766842	0.10152108969597519	0.014689308202615959	2008.5496325001104	2824.0393260480496	0.0132580578726443	71.12328833291664	815.4896935479392	290.73047512436995	2.664610003644402	0.4068782619982075	0.4357272537143827	2.730486152910868	-2.609340418444244e-14	-4.455981181176005e-15	2.730486152910868	7.676380415042548	323.3181616577832	8.681838342216741	9.182439556224057	NaN	0.3350454447912523	1.9430334273640975	-120.4089997882436	-0.024084578437658842	0.38123603521145516	0.0696938866048074	0	48.320062564479564	-7.332755914154241	16.58671384339828	41.30326272176872	62.99008172998212	88.34448526140281	132.3561373945431	0.12338417888249847	1.0080205660855759	30.134900157916896	1.013760610153366	62.7812416491234	1.099611203380774	-0.19833317418176613	1.099611203380774	1.424761295761433	1.099611203380774	-0.005948023328667252	1.1550202275549308	NaN	NaN	800000009	800000009	800000009	800000009	800000009	800000109	899999999	899999999	89999	89999	89	89	5	10	1	14	8	0	0	NaN	0	0	0	0	0	0	0	0	0	NaN	NaN	NaN	NaN	0	0	0	0	0	0	0	0	0	0	0	0	18000	18000	18000	18000	93	NaN	1.5491501842422097	1.9698239491617007	0.36709272132428467	0.05331379379450641	1.193670698336986	0.1364737947720876	1.9641970597734383e-7	NaN	0.026736537166013083	-0.005254579172991198	0.037747195153196196	-0.0000059480233286672515	NaN	402.4800570275348	21.13990695847823	95388.67310460069	11.369999885559082	17.57424852757985	94.09177720006306	93.54332208675808	94.64023649491205	-1.0969135737021767	0.00029221010076839265	-1	0	2.0682173874444416	72.3474485600523	1.0000828662978278	-391.65062387255847	9.000631080247738	-335.8523715294677	113
DATA	2026-06-23T123000_AIU-0547.ghg	2026-06-23	13:00:00	174.541	1	18000	18000	0.1390323725066537	1	NaN	14.231655981687384	1	NaN	101.63844959335078	0	NaN	-0.7493017912134143	2	NaN	2.3071866824038376	0	NaN	0.018424201806071964	2	NaN	NaN	NaN	NaN	NaN	NaN	NaN	NaN	NaN	NaN	1.1784600000201538e-10	5.991454958524264e-12	6.578525116955965e-13	NaN	15.34633395836052	403.363876084422	411.80908461012865	0.1	1	780.2290165844913	20.507581890045024	20.936948067057834	0.6	0	0.0856679423964686	2.111835355059994	2.1560507422150614	0	1	NaN	NaN	NaN	NaN	9	298.2317794070774	296.55212915378144	94983.80912738715	1.1071978711459813	1016.9329673494897	0.025957417631860786	0.14950569701976868	0.014236648546147312	1948.4107443096345	2869.9752516236767	0.012858269435987965	67.88946152784172	921.5645073140422	290.2495377167423	2.430511169537467	0.8249849549880525	0.3788630070163396	2.5945176621655897	-3.151131765672724e-15	7.679097843287461e-15	2.5945176621655897	8.643900228319188	313.2513192813733	18.748680718626687	8.396607144652444	NaN	0.35436053269166584	2.0764843589882083	-263.41382891678387	-0.011009292913456531	0.14002236396390705	0.03566913047687161	0	51.00086770428844	-7.73957843673266	17.50694749716445	43.59477463460282	66.48478198276803	93.2458520559201	139.69927799869814	0.13791529705783787	1.008099721152378	20.02797212937086	1.0136211248666431	92.55967031236945	1.0980856916445614	-0.6823709633181846	1.0980856916445614	2.101098939690628	1.0980856916445614	0.006070793257799232	1.15399089106809	NaN	NaN	800000009	800000009	800000009	800000009	800000009	800000009	899999999	899999999	89999	89999	89	89	4	2	0	36	6	6	1	NaN	0	0	0	0	0	0	0	0	0	NaN	NaN	NaN	NaN	0	0	0	0	0	0	0	0	1509	0	0	0	18000	18000	18000	18000	93	NaN	2.283854959193723	1.510329123041863	0.3587846357408305	0.06712064263608908	1.272272801606577	0.11350429668414197	7.650390593243733e-8	NaN	0.01778768416516315	-0.01808353717057719	0.05568129773605104	0.000006070793257799232	NaN	403.3636469751723	20.5074577818609	95381.4554750434	11.375974466747708	17.092792894045512	94.1056613352034	93.56060792329576	94.65071011288961	-1.0901009413467513	0.00029251742029252155	-1	0	2.0941459319922657	75.82457438879192	1.0001250496920613	-273.1499938964844	9.00099052169588	-273.1499938964844	177
DATA	2026-06-23T133000_AIU-0547.ghg	2026-06-23	14:00:00	174.583	1	18000	18000	0.1312951615081943	0	NaN	10.958691230720532	0	NaN	67.06772462710245	0	NaN	5.263185257000632	1	NaN	1.5222051351857333	0	NaN	-0.001729625411014912	2	NaN	NaN	NaN	NaN	NaN	NaN	NaN	NaN	NaN	NaN	-6.30290917404736e-10	-3.281936841705625e-11	-3.5453563510956246e-12	NaN	15.413872263407514	404.36173448888866	413.05876642211774	0.1	0	802.6032718814722	21.055192723694166	21.50804883706929	0.1	1	0.08670229637619382	2.136296546255809	2.1822441167031412	0	1	NaN	NaN	NaN	NaN	9	298.0638475519816	296.3975098537869	94987.18491905382	1.107583639689981	1017.2404120089686	0.025942961663979917	0.09863889276003551	0.014624952397343093	2000.5099564676793	2843.317691701388	0.013204377415178055	70.35829876859844	842.8077352337086	290.66691863979423	0.9492953563890587	0.10566474955288731	0.2747203524403865	0.9938802669359912	3.961815945027107e-14	-4.0891147054659634e-14	0.9938802669359912	5.461032596737394	325.64863046584253	6.3513695341574605	16.046173033964344	NaN	0.34429926440580894	0.9920330932689192	-313.80454027382876	-0.009241421419426988	0.163397391094614	0.02825026060662823	0	63.39663757746125	-9.620684338172873	21.762014168085457	54.19049228349939	82.64391994694742	115.90927281211073	173.65321210744364	0.1296010184920385	1.0130719884447503	14.800651372570481	1.0151443888439906	61.75751767482187	1.085984786180056	4.846463158580564	1.085984786180056	1.4016818233154806	1.085984786180056	-0.009278701005922587	1.148477978825176	NaN	NaN	800000009	800000009	800000009	800000009	800001019	800111119	899999999	899999999	89999	89999	89	89	6	2	1	50	38	2	6	NaN	0	0	0	0	0	0	0	0	0	NaN	NaN	NaN	NaN	0	0	0	0	0	0	0	0	10724	0	0	0	18000	18000	18000	18000	93	NaN	0.7379928236558707	1.0494687576784494	0.1966046052035182	0.035474441618173105	18.853431696546867	0.40840995602807684	1.2225446573947225e-7	NaN	0.013136530902810866	0.12843659048269154	0.03714610602362019	-0.000009278701005922587	NaN	404.35723685748087	21.054790131919482	95392.0893422309	0	17.507320200602223	94.11764940770468	93.56671063974167	94.6685899357266	-1.1018806420167289	0.00029169836846348424	-1	0	2.1178815501332293	75.75480647180716	1.000114845905039	-288.73474455091326	9.000896244049072	-273.1499938964844	121
DATA	2026-06-23T140000_AIU-0547.ghg	2026-06-23	14:30:00	174.604	1	18000	18000	0.2239844731572591	0	NaN	24.46319542653504	0	NaN	60.76794221827863	0	NaN	-1.5680014062326568	2	NaN	1.379189642936926	0	NaN	-0.0003768732010961872	1	NaN	NaN	NaN	NaN	NaN	NaN	NaN	NaN	NaN	NaN	-9.512105021742922e-11	-4.8743603770198055e-12	-5.479372760192135e-13	NaN	15.254981551035838	400.36651899349124	408.75260443936213	0.1	1	781.7226308432033	20.516286268984427	20.946020828498	0.1	1	0.08787511300276139	2.164497205066102	2.2098348086066424	-0.2	0	NaN	NaN	NaN	NaN	9	297.95858996836347	296.37339084370933	94978.78720290799	1.107803356348798	1016.9339499250942	0.025943144190823664	0.08937148886231279	0.014250527313968083	1949.1346822737717	2839.1789431715924	0.012863769758683804	68.65135031244034	890.0442608978208	290.2554041329237	0.9909343880943797	-0.16888660137350944	0.26896742902712045	1.0405849910069684	-7.442680819520952e-14	-6.235409062882173e-15	1.0405849910069684	6.766502578717649	341.67208169625894	350.32791830374106	14.979719999022462	NaN	0.4496531275731658	1.4686375980259965	-313.0835325592163	-0.0092627037145478	0.4025674481236039	0.04829255057401752	0	67.77077501975307	-10.284476570570915	23.26351400513911	57.92943917991573	88.34604987735607	123.90659111620515	185.63465222917432	0.22118225198928562	1.0126692858164281	27.822691624356214	1.0149119779393665	55.95491528326868	1.0860161598073066	-1.4438103817081962	1.0860161598073066	1.2699531498515064	1.0860161598073066	-0.011989013657958549	1.1482904953975366	NaN	NaN	800000009	800000009	800000009	800000009	800001009	800111119	899999999	899999999	89999	89999	89	89	12	1	2	77	49	2	3	NaN	0	0	0	0	0	0	0	0	0	NaN	NaN	NaN	NaN	0	0	0	0	0	0	0	0	7464	0	0	0	18000	18000	18000	18000	93	NaN	1.0853108126569684	1.5681488478343635	0.28381553556066114	0.02336355850800435	4.980899944978167	0.3036966528984187	1.2693325849569818e-7	NaN	0.024696972565185226	-0.03824177048255782	0.03363686637490742	-0.000011989013657958548	NaN	400.36312961583684	20.515973960924743	95382.48041927084	10.65937489271164	17.096920660760674	94.13590311580234	93.58876051818	94.68304477924771	-1.0942710723658389	0.00029208504420239476	-1	0	2.1463729095326545	72.5957762910528	1.0001224095026653	-273.1499938964844	9.000999123785231	-273.1499938964844	210
DATA	2026-06-23T143000_AIU-0547.ghg	2026-06-23	15:00:00	174.624	1	18000	18000	0.20515010000649023	0	NaN	25.12575079003173	0	NaN	72.91116374226716	0	NaN	-2.1670427445396974	0	NaN	1.6543159562523466	0	NaN	-0.013908886926659874	1	NaN	NaN	NaN	NaN	NaN	NaN	NaN	NaN	NaN	NaN	3.3115954122128646e-10	1.6317001752630183e-11	1.935059333231757e-12	NaN	15.275214263101423	400.5961880368702	408.66249381357363	0.1	1	752.6453774625725	19.738307035299222	20.13575270456886	0.1	1	0.08925741900088514	2.1948258988529323	2.2390203703818177	-0.2	0	NaN	NaN	NaN	NaN	9	297.5640673692491	296.0763373379178	94998.49500238715	1.1094737481470234	1016.4865675314264	0.025911764902860755	0.10719967396515205	0.013726749227763567	1875.6124405120393	2788.635193225654	0.012372306465735816	67.25915405028263	913.0227527136146	289.64961503453634	0.8659684959187839	-0.25424021925789664	0.2377256803885257	0.9333022147881836	3.8785522394602907e-14	2.1679534932693577e-14	0.9333022147881836	5.349439263105236	348.3617436093251	343.6382563906749	14.756673258781392	NaN	0.43000880774587913	1.3945925854817307	-266.59716844387714	-0.010877834963241536	0.34460773221023405	0.05181112496107358	0	71.18345925273012	-10.802364569145217	24.434978068016346	60.84655033375571	92.79482844561619	130.14606631389853	194.98252305656314	0.2023865125976348	1.0136549979214757	29.160943616744458	1.0154878863219454	67.1367645136043	1.086009495251931	-1.9954178614589275	1.086009495251931	1.5232978749127608	1.086009495251931	-0.025569408835356508	1.148792104229875	NaN	NaN	800000009	800000009	800000009	800000009	800001009	800011019	899999999	899999999	89999	89999	89	89	13	0	2	41	43	4	4	NaN	0	0	0	0	0	0	0	0	0	NaN	NaN	NaN	NaN	0	0	0	0	0	0	0	0	4016	0	0	0	18000	18000	18000	18000	93	NaN	1.0978346224853304	1.4617917002951222	0.2295588481830087	0.037688590408111095	3.349142667563654	0.2663029551350648	2.180875271594234e-7	NaN	0.0258572835895265	-0.05274619843841088	0.04026633896732407	-0.000025569408835356508	NaN	400.595855263579	19.73801630333709	95400.0264624566	11.375416676203411	16.49103128565681	94.17643257904052	93.63417109680175	94.7186813882192	-1.0845021855996717	0.0002912914754415397	-1	0	2.1771258839301515	72.93680847284563	1.0001239984797108	-273.1499938964844	9.001036833392249	-273.1499938964844	130
DATA	2026-06-23T150000_AIU-0547.ghg	2026-06-23	15:30:00	174.645	1	18000	18000	0.1346892666857361	0	NaN	6.104729033492288	1	NaN	116.4572102982218	0	NaN	-0.7028433782074764	2	NaN	2.643275553836211	0	NaN	-0.00459456671302324	1	NaN	NaN	NaN	NaN	NaN	NaN	NaN	NaN	NaN	NaN	3.721838879295469e-10	1.8156005073737994e-11	2.200043155678389e-12	NaN	15.238314975523037	399.9710826071745	407.93042931842996	0.1	1	743.3608304483778	19.511529759017904	19.899805404363814	0.1	1	0.09007630811873597	2.2184093139615393	2.262555227616602	-0.1	0	NaN	NaN	NaN	NaN	9	297.87811783176005	296.4365781611009	94995.16592762098	1.108182375870936	1016.3663264886435	0.02594420133661547	0.17128425588858648	0.013552075383623855	1853.9981889838166	2850.032872641882	0.012229102067223448	65.05181770992081	996.0346836580654	289.4675587489977	1.2485998906593743	0.10615332829419007	0.30403910354263153	1.2894611248677623	-5.2961263622241525e-14	2.4424215441627073e-14	1.2894611248677623	7.2110300445338344	327.14051940746356	4.85948059253639	13.638060933150355	NaN	0.3486268843722866	1.4841321477348364	-584.7012681353535	-0.0049597976916456316	0.0524203612456403	0.015546907347388735	0	60.02864137306489	-9.10957792034321	20.60589005931744	51.31157978435948	78.25339673729518	109.75150158317857	164.42774871367155	0.13321987384085743	1.011029832130257	12.86793420920723	1.0140302521342675	107.16006277971938	1.0867594444920572	-0.646733167831801	1.0867594444920572	2.432254504189432	1.0867594444920572	-0.013916120666023045	1.1479081017210842	NaN	NaN	800000009	800000009	800000009	800000019	800001019	800011119	899999999	899999999	89999	89999	89	89	11	10	1	58	52	3	4	NaN	0	0	0	0	0	0	0	0	0	NaN	NaN	NaN	NaN	0	1	0	0	0	0	0	0	9778	0	0	0	18000	18000	18000	18000	93	NaN	1.323428535820127	1.4137822754062155	0.23105348424333047	0.08236015520321194	3.751420303014662	0.2790296211995872	5.0549543210588904e-8	NaN	0.011424766294406745	-0.017112965212478945	0.06435897954272556	-0.000013916120666023045	NaN	399.9692831885529	19.51122903264863	95401.62309179688	11.390000343322754	16.30952726062139	94.17610179731581	93.63616908200581	94.71604025904338	-1.0798833810885746	0.00029199624526275627	-1	0	2.200744360846503	74.42058924459522	1.0001165037916766	-273.1499938964844	9.000989380412632	-273.1499938964844	102
DATA	2026-06-23T153000_AIU-0547.ghg	2026-06-23	16:00:00	174.666	1	18000	18000	0.20338806620305142	0	NaN	15.100126786972842	0	NaN	115.06727228152869	0	NaN	3.391725059133859	0	NaN	2.6125764258390882	0	NaN	0.016216753665710217	2	NaN	NaN	NaN	NaN	NaN	NaN	NaN	NaN	NaN	NaN	6.004248036087786e-11	2.85708291755047e-12	3.620020000157906e-13	NaN	15.210005353384691	400.40932806420045	408.1865975404157	0.1	1	723.7583492523667	19.053221058893694	19.423297438685616	0.6	0	0.09170261330116108	2.2614710865832843	2.3053963121469794	0	1	NaN	NaN	NaN	NaN	9	298.21157060835094	296.77176064470075	95006.0593969184	1.1072509783908482	1016.11507668993	0.025970558442928882	0.1692949523943729	0.01322031831231061	1810.657010953529	2908.216469854362	0.01193976665662875	62.26004940561399	1097.559458900833	289.0968110281992	1.6058888752145437	-0.10054514394782364	0.3232662906320736	1.641185394819346	2.804398539728252e-14	3.9475647092732e-15	1.641185394819346	8.488818889815173	335.58262803376715	356.4173719662328	11.359899881021553	NaN	0.4285876941674288	2.1717068473236085	-439.1979472748009	-0.006602945250528469	0.131228684643086	0.0313149648552738	0	56.58241839585122	-8.586600287937696	19.42291323085598	48.36580021638583	73.76089702861294	103.45070686438679	154.98801006979758	0.20144960458135266	1.0096225635474798	21.71336843150006	1.013442379132117	105.67012434160333	1.088929089451498	3.114734551578833	1.088929089451498	2.399216304484127	1.088929089451498	0.0021280862954074645	1.1485710425785038	NaN	NaN	800000009	800000009	800000009	800000009	800001009	800001109	899999999	899999999	89999	89999	89	89	4	7	0	41	47	9	0	NaN	0	0	0	0	0	0	0	0	0	NaN	NaN	NaN	NaN	0	0	0	0	0	0	0	0	949	0	0	0	18000	18000	18000	18000	93	NaN	1.5805932904684223	2.357999726244999	0.40482067793379506	0.08758949177754405	2.310091873714821	0.2728573694833061	8.321528961438617e-7	NaN	0.01929915230582823	0.08246300298500672	0.06351956418824344	0.0000021280862954074643	NaN	400.40731101311576	19.0529256169632	95405.93429405382	11.390000343322754	15.93748938136633	94.1319063067966	93.59353114255269	94.6702777226766	-1.0767420922285975	0.0002928350978375723	-1	0	2.243821484565739	71.16314559491471	1.0000964639385541	-273.1499938964844	9.00090356318156	-273.1499938964844	007
DATA	2026-06-23T160000_AIU-0547.ghg	2026-06-23	16:30:00	174.687	1	18000	18000	0.19824975850950086	1	NaN	21.189864504618804	1	NaN	224.19272078223085	1	NaN	3.050961316434212	1	NaN	5.087888211047593	1	NaN	-0.005328605546001803	1	NaN	NaN	NaN	NaN	NaN	NaN	NaN	NaN	NaN	NaN	-9.106567510902553e-11	-4.151019378303099e-12	-5.564030111013872e-13	NaN	15.321810256241848	401.9986770814395	409.5024763086741	0.2	0	698.4094853324111	18.32418522807261	18.666228659539573	0.6	0	0.09361487027785904	2.302850590729776	2.3458361264250938	-0.9	0	NaN	NaN	NaN	NaN	9	297.689910698926	296.2940351197984	95034.14534071181	1.1096721328816825	1015.6927376439854	0.025921089721535166	0.329695156075884	0.012738732322397991	1741.8904005757502	2825.598847866857	0.011479726258707664	61.6467692110918	1083.7084472911067	288.4922596342898	2.4157834668354945	-0.08028112290799551	0.3563326127968551	2.443241238247639	1.4272499796833908e-13	-5.943532362432624e-15	2.443241238247639	9.53499027849694	333.9033483064577	358.0966516935422	8.386169151366984	NaN	0.42267736720417304	3.0330010252136734	-300.228755411909	-0.009659301275193467	0.09451629129922348	0.04447973171994933	0	49.21684240317075	-7.468845714474389	16.8945493422669	42.069816639856484	64.15912482171196	89.98408481979031	134.81255630716515	0.19663415396822873	1.0082162966538009	34.001384398416995	1.0134902434866073	204.4735714816182	1.0964386211759662	2.7826102232352565	1.0964386211759662	4.640376682089752	1.0964386211759662	-0.0273105657122582	1.152903695147292	NaN	NaN	800000009	800000009	800000009	800000009	800001009	800001109	899999999	899999999	89999	89999	89	89	9	4	6	62	43	6	0	NaN	0	0	0	0	0	0	0	0	0	NaN	NaN	NaN	NaN	0	0	0	0	0	0	0	0	10575	0	0	0	18000	18000	18000	18000	93	NaN	2.232085553597032	3.275933870420379	0.5579826264099368	0.030718186054737133	1.348908654884323	0.3730251101093104	1.5424346419443808e-7	NaN	0.030167517487315755	0.07347502028739285	0.12252947538634243	-0.000027310565712258198	NaN	401.99756157013803	18.323786847469716	95427.60899913195	11.390000343322754	15.329643025345208	94.17760978423225	93.63741958300272	94.71779733954536	-1.0803792845706144	0.0002921615911408379	-1	0	2.285549939672153	66.96520343610979	1.0000829708857668	-354.7074973212273	9.000601656066047	-318.97562082078593	018
DATA	2026-06-23T163000_AIU-0547.ghg	2026-06-23	17:00:00	174.708	1	18000	17997	0.3006177991455822	0	NaN	31.66278596904067	0	NaN	252.28547556695813	0	NaN	5.67239369341687	1	NaN	5.725173976226062	0	NaN	0.02198948782164123	2	NaN	NaN	NaN	NaN	NaN	NaN	NaN	NaN	NaN	NaN	1.8925015213951115e-10	8.294478304148462e-12	1.1440492776548822e-12	NaN	15.270111532842261	400.5531249341114	407.71068591351985	0.1	0	669.2602747168102	17.555490269702236	17.869192708422382	0.6	0	0.09231041492626829	2.2695666535817796	2.3101219774792416	-0.1	0	NaN	NaN	NaN	NaN	9	297.55484208509654	296.24743940316205	95033.42829819403	1.110163138793566	1015.2588020642404	0.025917208873803145	0.3709912736594488	0.01220617318866043	1668.8059452720818	2817.6514127348655	0.010994936475665275	59.226841820447454	1148.8454674627837	287.8263171826703	2.5036298677216924	-0.07128969736197792	0.41450708324231167	2.5387277171204685	2.921723104265524e-14	1.2393501627835562e-14	2.5387277171204685	8.97266468578417	333.6310299861882	358.3604744934697	9.39695605780733	NaN	0.5203720284507298	3.1696458396628815	-374.8740383991294	-0.0077359318142814736	0.12550380039867642	0.053984814667323085	0	52.55376501163153	-7.97523659423813	18.040006891090364	44.92216789655337	68.5091404607249	96.08504360493713	143.9529043075641	0.29819082918679196	1.0081389825616331	45.97988909191926	1.013569694000907	229.87864887938122	1.097472413365949	5.168597975068579	1.097472413365949	5.216690557776251	1.097472413365949	-0.007346286190051473	1.1535824085811053	NaN	NaN	800000009	800000009	800000009	800100019	800101119	800101119	899999999	899999999	89999	89999	89	89	6	11	2	40	56	12	0	NaN	0	0	0	0	0	0	0	0	0	NaN	NaN	NaN	NaN	0	0	0	0	0	0	101	0	13021	0	0	16	18000	18000	18000	18000	93	NaN	2.138873605372564	3.4826149261551143	0.7178031477980846	0.06550315244208237	2.7447053067603147	0.3557555126985228	2.7581274653197093e-7	NaN	0.04079475721134561	0.13634996588609305	0.13761867009624748	-0.000007346286190051473	NaN	400.54904841613774	17.55510248501359	95430.56218967013	11.371249914169312	14.66397039726041	94.22270946205987	93.68584416686163	94.75957154040866	-1.073723410467306	0.00029169421314792184	-1	0	2.25331168900596	63.818771829922845	1.0000617905027336	-501.22837847392077	9.000447815259298	-395.5266240353044	031
DATA	2026-06-23T170000_AIU-0547.ghg	2026-06-23	17:30:00	174.729	1	18000	18000	0.38191555373090913	1	NaN	42.11606048028954	0	NaN	145.89365201359658	0	NaN	1.997614892612436	2	NaN	3.3097626335692993	0	NaN	0.0791860161449501	2	NaN	NaN	NaN	NaN	NaN	NaN	NaN	NaN	NaN	NaN	3.5330957737360864e-10	1.4838145937627832e-11	2.1184919625659464e-12	NaN	15.158139120710077	397.5804093281252	404.33170299699566	0	0	636.6051044750496	16.697413581048313	16.9809515521137	0.3	0	0.09089025022586171	2.230477689093896	2.26835332267047	0	1	NaN	NaN	NaN	NaN	9	297.03026048978165	295.9243054063585	95077.58140711805	1.1122549110445867	1014.7690762078306	0.02587691692128247	0.21447261865529058	0.011627637048151845	1587.975542441612	2763.0722864270633	0.010454111672324844	57.471371640986916	1175.0967439854512	287.0592583176192	1.4978469969472739	-0.23264341576150827	0.27575945068575064	1.5406855161920454	4.289230748989445e-14	2.330824216350496e-14	1.5406855161920454	11.660919604259758	340.8285551942516	351.1714448057484	10.310638980321103	NaN	0.585978264009522	3.8023304187608473	-402.49988890730503	-0.0072049709327195975	0.28867644273079496	0.0636787716967667	0	58.712589050987845	-8.909861903105664	20.1541318845406	50.18663805354515	76.53778961824511	107.34533820506162	160.82287751287794	0.3781532511713767	1.009949147727484	50.245888783970514	1.0135541046425176	134.0677293291671	1.0882085699787916	1.8356911971860028	1.0882085699787916	3.0414781916611853	1.0882085699787916	0.04932766313848447	1.1482734268909993	NaN	NaN	800000009	800000009	800000009	800000009	800001009	800011119	899999999	899999999	89999	89999	89	89	21	32	3	36	42	11	0	NaN	0	0	0	0	0	0	0	0	0	NaN	NaN	NaN	NaN	0	0	0	0	0	0	0	0	3759	0	0	0	18000	18000	18000	18000	93	NaN	3.775993811701675	3.138710079003474	0.6899569468165458	0.048103289929026516	1.1889139489635727	0.22575138643029943	0.0000015321110053641106	NaN	0.044517316430773876	0.04830887829407374	0.08004091321038885	0.00004932766313848447	NaN	397.5784285091825	16.697171123330982	95479.45133832465	11.375416676203411	13.900039836300763	94.24564052285089	93.71178989346822	94.77948907725016	-1.0676938763691326	0.00029140487264764175	-1	0	2.2151974654462556	65.95718441390983	1.0000660954217115	-462.79137685987354	9.000445318102837	-352.48687222798844	243
DATA	2026-06-23T173000_AIU-0547.ghg	2026-06-23	18:00:00	174.749	1	18000	17999	0.2553392330757489	1	NaN	38.68711514886424	1	NaN	180.47878019506163	1	NaN	-0.1031376680796835	2	NaN	4.093633091344988	1	NaN	0.0035308554405153723	1	NaN	NaN	NaN	NaN	NaN	NaN	NaN	NaN	NaN	NaN	-3.5716365488156183e-10	-1.4179054945276109e-11	-2.0528126032504348e-12	NaN	15.114630218948681	396.05314223947505	402.3797307150372	0.1	1	600.0363402683603	15.722930338264588	15.974089840036665	0.4	0	0.0868719506670316	2.1291691097771115	2.163180648421322	0.4	0	NaN	NaN	NaN	NaN	9	296.78622778574623	295.73966377987796	95102.89935117924	1.1136585149081348	1014.2184806213347	0.025853886489691103	0.26526742431915523	0.010958786009329315	1495.697358858706	2732.301764424742	0.009840346805262204	54.74129462320241	1236.6044055660361	286.1404174897079	2.9124582243485815	0.594658898187601	0.4378326014074952	3.0046591526011674	4.43863712575736e-14	-2.363032702141785e-14	3.0046591526011674	12.033302316425242	320.46009760497014	11.538440209242385	8.37885299458133	NaN	0.47883154522780896	4.32082099043774	-239.08854729724203	-0.012129397383449878	0.21435824813892895	0.07153194443402217	0	44.95969686074343	-6.822807454238425	15.433209038584263	38.430872659826555	58.60950564859749	82.20066502130089	123.15157512424175	0.25333231925541577	1.007922059949681	48.6624835225007	1.0140950871759058	163.65892633167235	1.1027738250543206	-0.09352567655892914	1.1027738250543206	3.712123917289516	1.1027738250543206	-0.020060809920585457	1.1572212005227194	NaN	NaN	800000009	800000009	800000009	800100019	800101019	800111119	899999999	899999999	89999	89999	89	89	15	2	2	60	35	11	8	NaN	0	0	0	0	0	0	0	0	0	NaN	NaN	NaN	NaN	0	1	0	0	0	0	0	0	7236	0	0	0	18000	18000	18000	18000	93	NaN	3.921808223300189	3.8220037228666555	0.8978300347086353	0.020352154124336216	0.3408709701806511	0.22576827621084164	8.526496259648512e-7	NaN	0.04308347329374772	-0.002456638136812526	0.09750632681113369	-0.000020060809920585457	NaN	396.0534306346132	15.722563672155832	95502.65146983507	11.390000343322754	12.980161334832498	94.30339175012378	93.77439627075196	94.83238671323988	-1.0579869718949009	0.00029144217690271843	-1	0	2.1158108367227872	69.26377528725718	1.0000722305302818	-450.0328763241133	9.000508735630246	-346.5921219804459	097
DATA	2026-06-23T180000_AIU-0547.ghg	2026-06-23	18:30:00	174.77	1	18000	18000	0.1852269643677868	1	NaN	22.14695525186528	1	NaN	241.41309314132076	1	NaN	2.445176022259787	1	NaN	5.476135496594692	1	NaN	-0.008837642413950107	1	NaN	NaN	NaN	NaN	NaN	NaN	NaN	NaN	NaN	NaN	-1.8961069852450453e-10	-7.1242492476715125e-12	-1.0818407563788822e-12	NaN	15.113763814361334	395.8515771912578	401.8281051582333	0.1	1	567.869963677357	14.873344821468159	15.097901110769053	0.3	0	0.08623292780363524	2.1133722471234835	2.1452797323207973	-0.3	0	NaN	NaN	NaN	NaN	9	296.7819256704825	295.81239094997085	95151.52550568293	1.1143139915183082	1013.7453986946972	0.025847028781595	0.354853580179336	0.01036938057908925	1415.6010673071246	2744.385823768017	0.009305618217142238	51.58170746427764	1328.7847564608924	285.3015183815142	2.976065284418982	0.8791917134841033	0.49669392651159827	3.142713398134909	-7.535290996798204e-14	-1.2545564483701504e-14	3.142713398134909	11.895162309982753	315.5417612109788	16.4582387890212	9.093509137547965	NaN	0.4077071359463164	2.760631104903811	-257.87187702576165	-0.011245894796470137	0.09173883223848459	0.048087171855098726	0	47.557291668376216	-7.217002487881607	16.32487927799688	40.651257632242306	61.995732829405135	86.949896790026	130.2667897371287	0.18377540400953446	1.007898556208191	35.71447909294519	1.0142864334471595	218.59080706765786	1.104406431266796	2.214018275369039	1.104406431266796	4.958442237893668	1.104406431266796	-0.029886296198724755	1.1583848436464907	NaN	NaN	800000009	800000019	800000009	800000019	800001019	800001119	899999999	899999999	89999	89999	89	89	9	3	3	82	71	23	12	NaN	0	0	0	0	0	0	0	0	0	NaN	NaN	NaN	NaN	0	143	0	0	0	0	101	0	9284	0	0	21	18000	18000	18000	18000	93	NaN	2.6323868521814715	2.323234335721889	0.5656410219042612	0.021214641499564892	0.6436336992533513	0.509354802224439	4.950645363386334e-7	NaN	0.031616066803595265	0.05809001872253033	0.13009648819895928	-0.000029886296198724756	NaN	395.84910424032887	14.872639262345691	95551.16092252605	11.390000343322754	12.132296730783208	94.36745101695591	93.84249222310385	94.89241281424628	-1.049912109325329	0.0002912736670017087	-1	0	2.100408861189346	68.97210065304775	1.0000614141010575	-499.16925338745136	9.000412924832768	-375.0968731774227	240
DATA	2026-06-23T183000_AIU-0547.ghg	2026-06-23	19:00:00	174.791	1	18000	18000	0.1628638717059531	1	NaN	40.619668372980556	1	NaN	230.09604310218864	1	NaN	3.097444062380513	1	NaN	5.219525012847081	1	NaN	0.02565393665095386	2	NaN	NaN	NaN	NaN	NaN	NaN	NaN	NaN	NaN	NaN	-9.863448683904479e-11	-3.5396444144247707e-12	-5.70199074964892e-13	NaN	15.15575182343579	395.9997212936068	401.7084138544807	0.1	1	543.8865655151012	14.211035577019034	14.415900451205886	0.4	0	0.08761434207309808	2.1467458042205276	2.1776930780282147	-0.3	0	NaN	NaN	NaN	NaN	9	296.6562228673299	295.8325178099737	95197.29786760583	1.1150549421930593	1013.3765517826834	0.025836358890067496	0.3382252208324908	0.009911724271024032	1353.215075110625	2747.73826007239	0.008889000798050297	49.248325241683474	1394.5231849617649	284.61865983491106	3.1131162747284056	0.8918493007210786	0.4598770891519204	3.27083705682539	-1.609354132126725e-14	-6.508056346404628e-15	3.27083705682539	10.618897476886906	316.0139874321509	15.986012567849158	8.082521118608362	NaN	0.3821767333534391	3.0659040144216245	-115.8323535097454	-0.02503618300180711	0.17653353714970593	0.09406000801819926	0	42.742368258644895	-6.4863192843614765	14.672071882134746	36.5355335205041	55.71899387241685	78.14668115597824	117.0779685614071	0.16158892437942426	1.0078900662989447	53.32089232030488	1.0144758014450699	208.05438807023452	1.1059417935684843	2.800729731341604	1.1059417935684843	4.719529583926396	1.1059417935684843	-0.0038089277127917468	1.159494017012848	NaN	NaN	800000009	800000019	800000009	800000019	800001019	800001119	899999999	899999999	89999	89999	89	89	6	5	4	69	38	18	2	NaN	0	0	0	0	0	0	0	0	0	NaN	NaN	NaN	NaN	0	165	0	0	0	0	0	0	16012	0	0	0	18000	18000	18000	18000	93	NaN	2.9276343969880716	2.5551371761691786	0.649036455685999	0.043542689450283875	2.5257762282042533	0.3253528198306871	4.290701635000623e-7	NaN	0.04718786091578113	0.07340408638963639	0.12369374789013639	-0.000003808927712791747	NaN	395.99789171077407	14.210523411813769	95596.3682875434	11.390000343322754	11.454164048062411	94.43837140146891	93.91735477913751	94.95938526005214	-1.0420284526778594	0.000291141467653991	-1	0	2.1342239624023427	69.94688222678508	1.0000994782083565	-283.2841193220363	9.000857797755135	-273.1499938964844	202
DATA	2026-06-23T190000_AIU-0547.ghg	2026-06-23	19:30:00	174.812	0	18000	18000	0.1717070799729376	1	NaN	14.74135224335609	1	NaN	181.12008188247006	1	NaN	0.7323423195781635	2	NaN	4.110425550262113	1	NaN	0.003760468644770489	1	NaN	NaN	NaN	NaN	NaN	NaN	NaN	NaN	NaN	NaN	5.5659597941272696e-11	1.879473808089385e-12	3.2368350678815596e-13	NaN	15.142818786612239	395.79249072782915	401.1538477092857	0.1	1	511.3319596758627	13.364839978655551	13.545878476869222	0.3	0	0.08806173362372913	2.161502320124325	2.1907817678801997	-0.2	0	NaN	NaN	NaN	NaN	9	296.7320029373169	296.30384112109823	95244.77675304122	1.1141948129828108	1012.9177376657809	0.025864621862344287	0.2663555756569849	0.009311345119350856	1273.2726504265124	2827.27386519866	0.008357017113033811	45.035348930976134	1554.0012147721477	283.7019177969909	2.404167955351681	0.42823970911847764	0.35469848199709314	2.4676352686603895	-2.4268322425538387e-14	3.675643136565917e-15	2.4676352686603895	9.426827930845091	321.9001808466735	10.099819153326504	8.264335994873726	NaN	0.3925667705026329	2.5855826118851746	-345.99867350725947	-0.008381535023252494	0.0813899380463059	0.03327273337555823	0	48.28152895868238	-7.326908290810915	16.573486503473806	41.270324775098345	62.93984928305024	88.27403354034233	132.25058787841007	0.17031134414648755	1.0081952017550255	25.004337728749476	1.0135094900022885	165.15003376641414	1.0967002413008509	0.6677689053022327	1.0967002413008509	3.747993659038985	1.0967002413008509	-0.012785948164583573	1.1530741714318664	NaN	NaN	800000009	800000019	800000009	800000019	800001019	800011119	899999999	899999999	89999	89999	89	89	3	0	0	90	56	14	3	NaN	0	0	0	0	0	0	0	0	0	NaN	NaN	NaN	NaN	0	357	0	0	0	0	0	0	15319	0	0	0	18000	18000	18000	18000	93	NaN	2.0377953787847836	2.628404479847466	0.5049653651380999	0.015167695594037219	1.3792761917986147	0.25449232687721984	5.019774104282954e-8	NaN	0.022155423070917602	0.017505612696709878	0.09825393914555727	-0.000012785948164583572	NaN	395.7919245908184	13.364408590624443	95647.26234244791	11.371249914169312	10.539158519877324	94.4393279302385	93.92045482593113	94.95820277998183	-1.0377529949413402	0.0002905227911509833	-1	0	2.1495093902224527	67.56453227297428	1.0000808238867256	-383.37374852498016	9.000537051757176	-312.1926205359507	231
DATA	2026-06-23T193000_AIU-0547.ghg	2026-06-23	20:00:00	174.833	0	18000	18000	0.07253086338020154	1	NaN	4.8701802514437516	1	NaN	204.74312356451048	1	NaN	6.12051778763861	1	NaN	4.644116641913315	1	NaN	-0.005473252489828815	1	NaN	NaN	NaN	NaN	NaN	NaN	NaN	NaN	NaN	NaN	-1.2030189306656585e-10	-4.096550770626495e-12	-6.996425443058396e-13	NaN	15.224389272433353	396.8020938202015	402.237124332157	0.1	1	518.424789639804	13.512006185354997	13.69708123167875	0.4	0	0.0885408381742921	2.1679704961207853	2.1976653641140347	-0.3	0	NaN	NaN	NaN	NaN	9	296.5439830449422	295.7658740866905	95289.8399489897	1.1166870740574726	1012.9858671833985	0.025805452905294922	0.3009387583959828	0.009435461432339238	1287.9022803025734	2736.6513972707	0.008449512537165468	47.06124724497304	1448.7491169681264	283.8734026740187	1.8180425583314834	0.45966776697703254	0.31802222396704627	1.9020282160996014	-1.6361824692780177e-14	-7.901919145249082e-15	1.9020282160996014	7.652083062979823	317.81089200853387	14.189107991466168	9.625155765960605	NaN	0.2548564791599074	1.7143008411062057	-286.65845063245735	-0.010116569016548095	0.023786783002308035	0.01689329946792556	0	40.2259575803092	-6.104444255549503	13.808269527195154	34.38454352076086	52.43859840349446	73.54587986795825	110.18512985619128	0.07188590510379404	1.0089719712852785	16.628598714410384	1.0133037307737671	187.6517272096204	1.091080410551179	5.609593691217239	1.091080410551179	4.256438477863657	1.091080410551179	-0.019763695413795496	1.1496494696451074	NaN	NaN	800000009	800000019	800000009	800000019	800001019	800011119	899999999	899999999	89999	89999	89	89	23	11	2	55	38	17	10	NaN	0	0	0	0	0	0	0	0	0	NaN	NaN	NaN	NaN	0	332	0	0	0	0	0	0	15420	0	0	0	18000	18000	18000	18000	93	NaN	1.299390018610041	1.793309781184185	0.3359018824181855	0.03227769765450799	6.445242958861508	0.4328860130156089	2.1768787393976418e-7	NaN	0.014700116532628739	0.14674140849303446	0.1113442098994746	-0.000019763695413795495	NaN	396.79640723391884	13.511382093215472	95682.8712986111	11.372708280881245	10.7035126135879	94.47433679199219	93.95637340927124	94.99229719373915	-1.035928010808097	0.00028995479135321346	-1	0	2.1549852019191897	72.8107021706935	1.000081984606054	-392.86187392339014	9.000669639375475	-327.25249616834196	089
DATA	2026-06-23T200000_AIU-0547.ghg	2026-06-23	20:30:00	174.854	0	18000	18000	0.09285592412410958	1	NaN	3.0326323137720483	0	NaN	205.242752095949	0	NaN	11.679550468043534	0	NaN	4.652778537677732	0	NaN	0.003486294678466879	1	NaN	NaN	NaN	NaN	NaN	NaN	NaN	NaN	NaN	NaN	-9.744836782435671e-11	-3.3870629480112793e-12	-5.647684488856495e-13	NaN	15.332388598042638	397.9030300066006	403.48325175084994	0.1	1	532.9157017646913	13.830119887343267	14.02407451925358	0.5	0	0.08885987030420253	2.170123395356695	2.200557367569153	-0.7	0	NaN	NaN	NaN	NaN	9	296.23320587497284	295.17326933732465	95320.605056349	1.119154917946118	1013.1481159750429	0.025745436255044624	0.301500049241517	0.009680114260684596	1318.6490144479883	2639.7717661420584	0.008649485522924404	49.95314486506352	1321.12275169407	284.22828778843314	2.105152388494732	0.6247750470514328	0.3765573279798208	2.227960021961447	-5.894313578925629e-14	-6.355719932430955e-15	2.227960021961447	7.052076402582228	315.4699663624755	16.530033637524543	9.730519186794078	NaN	0.2880445778848443	1.3122663917455963	-664.8126023295446	-0.004362131508696165	0.014775831462025622	0.009285320633158052	0	48.717826463503144	-7.393118120414012	16.723253318311716	41.64326532008247	63.508607145285495	89.07172452910687	133.44567433790905	0.0920784089637234	1.0084440551171177	14.78658873558967	1.0133562686287434	187.574448408758	1.094193552677754	10.674117425990012	1.094193552677754	4.252244519528805	1.094193552677754	-0.011006754799901099	1.1514759798146963	NaN	NaN	800000009	800000019	800000009	800000019	800011119	800011119	899999999	899999999	89999	89999	89	89	14	5	7	62	45	8	19	NaN	0	0	0	0	0	0	0	0	0	NaN	NaN	NaN	NaN	0	259	0	0	0	0	0	0	15614	0	0	0	18000	18000	18000	18000	93	NaN	1.1758884142093597	1.1828249489237794	0.2658194203580533	0.08493723649508073	28.943600248995008	0.761615626201064	2.046053310405165e-7	NaN	0.013040818340865205	0.27866481130446247	0.11101160586539324	-0.000011006754799901098	NaN	397.89253735011073	13.8293256331961	95715.88617475043	11.380000114440918	11.049078536669413	94.53273038906521	94.01267380290561	95.0527827466329	-1.0401027605632946	0.00028857275411913494	-1	0	2.157097971778373	73.69991193018987	1.0001073553264141	-273.1499938964844	9.00098757065667	-273.1499938964844	250
DATA	2026-06-23T203000_AIU-0547.ghg	2026-06-23	21:00:00	174.874	0	18000	18000	0.128233363067141	1	NaN	-5.394411101389434	2	NaN	225.71131187101736	0	NaN	14.202262710482925	1	NaN	5.114345243859781	0	NaN	0.04431502506356499	2	NaN	NaN	NaN	NaN	NaN	NaN	NaN	NaN	NaN	NaN	-1.932477425479234e-10	-6.690368913910488e-12	-1.1187259435799814e-12	NaN	15.400340151544052	398.8511479515575	404.4357994126641	0.1	1	533.1703007500153	13.80849931983481	14.001843770009417	0.5	0	0.08915374555134191	2.1723712409698632	2.202788443696385	0	1	NaN	NaN	NaN	NaN	9	295.7479070943197	294.6788547978355	95323.59145464524	1.1210769803477163	1013.1239451156765	0.025701507479970374	0.33140957180211383	0.00968150067464886	1316.628824801094	2561.2514785626604	0.008635892846221871	51.40568334742234	1244.6226537615664	284.20519518667476	1.9654146384001998	0.5051823651130894	0.37918009073429054	2.064422791985354	4.79781496013724e-15	-1.25482775475286e-14	2.064422791985354	8.467605646588181	317.58496844400884	14.415031555991149	10.583813727780097	NaN	0.33820716080874297	1.558552994302373	604.9885653874699	0.004793479027397272	-0.023899604573084345	-0.014043107705754622	0	49.48480798835896	-7.509510525844544	16.986533256308082	42.2988695917365	64.50844502570183	90.47401137275436	135.54655555981205	0.12713028636964382	1.0086767420179474	7.599647875135265	1.0133039207207675	206.58509925747404	1.0925827307114038	12.998798453674562	1.0925827307114038	4.680968406419643	1.0925827307114038	0.027727213754302676	1.1505024518501836	NaN	NaN	800000009	800000019	800000009	800000019	800001019	800111119	899999999	899999999	89999	89999	89	89	8	8	1	31	59	4	5	NaN	0	0	0	0	0	0	0	0	0	NaN	NaN	NaN	NaN	0	291	0	0	0	0	0	0	15914	0	0	0	18000	18000	18000	18000	93	NaN	1.5344749465627208	1.2302009921149193	0.35243004992710586	0.08446859359004968	26.26816246647738	0.530410194591037	3.296118065714868e-7	NaN	0.006691068175201874	0.33876784605011173	0.12199293574115966	0.000027727213754302677	NaN	398.8268237603976	13.807934437979924	95720.66740342882	11.386041363822091	11.033119572295076	94.57544727240668	94.05323653708564	95.09766240692139	-1.04442175158196	0.0002878289953029405	-1	0	2.159782381149907	71.29731020524748	1.000127891926302	-283.6474943372968	9.001078796360227	-273.1499938964844	219
DATA	2026-06-23T210000_AIU-0547.ghg	2026-06-23	21:30:00	174.895	0	18000	18000	0.3292661580734971	1	NaN	-82.52247585048497	1	NaN	281.18307129024186	1	NaN	38.13160848842793	1	NaN	6.366270984381177	1	NaN	0.009754457557482908	2	NaN	NaN	NaN	NaN	NaN	NaN	NaN	NaN	NaN	NaN	8.950788741712143e-10	3.1465647440226424e-11	5.1681888035581664e-12	NaN	15.578473310656182	402.3453696638251	408.1178163063981	0.1	0	547.6464287060354	14.144069217108822	14.346994094640873	0.6	0	0.08995016379446158	2.183928677213077	2.2152614890481703	0.6	0	NaN	NaN	NaN	NaN	9	294.9492689429389	293.86770146247056	95348.71781972138	1.1243243413956332	1013.291624316195	0.025624005501347597	0.4125343597879002	0.009946771656988101	1348.9806173388424	2436.8468691111743	0.008846888118281857	55.35762769660103	1087.866251772332	284.57131299786926	1.0600877050246758	0.2981823120330487	0.3577877407878549	1.1578906256688266	2.4277332739124165e-14	5.745613554820877e-14	1.1578906256688266	5.555860323308706	316.289727118747	15.710272881252974	17.9989521222023	NaN	0.5411625587508277	1.2060839849347424	162.05110032345198	0.017895589688756423	-0.29348308727058425	-0.13385002038730162	0	88.52067835288501	-13.433354455013092	30.386284353492087	75.6661444599637	115.39564454828728	161.84403225141102	242.47185215660946	0.3266455676720818	1.008022733692949	-65.85134295050098	1.0128783809621227	255.9842377141705	1.0984390046867187	34.714361312491164	1.0984390046867187	5.795743739268322	1.0984390046867187	0.0164398094642949	1.1760592997118033	NaN	NaN	800000009	800000019	800000009	800000019	800000019	800101119	899999999	899999999	89999	89999	89	89	9	7	3	17	43	4	15	NaN	0	0	0	0	0	0	0	0	0	NaN	NaN	NaN	NaN	0	171	0	0	0	0	0	0	14319	0	0	0	18000	18000	18000	18000	93	NaN	1.3717949665292752	0.8295438291993266	0.21082917414088306	0.26181868631937505	39.17606679876279	0.7258935435754215	1.267242508484726e-7	NaN	-0.05780142830725199	0.9022864099548887	0.1506414237165081	0.000016439809464294902	NaN	402.3410213488899	14.143369617602088	95746.45784136285	11.390000343322754	11.393756575001628	94.62021415519715	94.09430878512065	95.14612053468491	-1.051801841116614	0.00028728205168994874	-1	0	2.1816940660228346	73.51679283400557	1.0001191063390837	-273.1499938964844	9.000962040689256	-273.1499938964844	252
DATA	2026-06-23T213000_AIU-0547.ghg	2026-06-23	22:00:00	174.916	0	18000	18000	0.2509877020251576	0	NaN	-9.168031420061066	1	NaN	71.09955887920962	0	NaN	0.922302553757305	1	NaN	1.6093079300661703	0	NaN	-0.00241271689564766	0	NaN	NaN	NaN	NaN	NaN	NaN	NaN	NaN	NaN	NaN	3.056396174198293e-10	1.0558222120715289e-11	1.7614081392829315e-12	NaN	15.551847344854274	400.726117999357	406.35121950320877	0.1	0	537.233556436767	13.842954650730041	14.037271970031147	0.7	0	0.08962565365498573	2.1727667521286653	2.2032664699557367	-0.4	0	NaN	NaN	NaN	NaN	9	294.6173322411997	293.5730783354966	95393.54397493189	1.126110688667791	1013.1167684879204	0.025586286781867737	0.10428315386828783	0.009749364931568506	1320.8827210094491	2392.988026700701	0.008657554741001685	55.19804972992689	1072.105305691252	284.25378484855366	0.5775947054385989	-0.006026219356915705	0.2532772515607776	0.6307149318262248	-2.923615812030667e-14	1.965294608688131e-14	0.6307149318262248	4.614792806275761	332.5977624187111	359.40223758128843	23.67646829579648	NaN	0.47210182666710876	0.8725483474330289	968.7070647786268	0.002993681067725795	-0.1289463896061092	-0.017021578340005533	0	79.28874814714602	-12.032373429277516	27.217261458695948	67.77482937302976	103.36089112864934	144.96511946219718	217.18416505775517	0.24829056707628364	1.0108628168223777	-5.021735535430404	1.0135749305421253	65.15931726126071	1.0911648842809558	0.8452458166898159	1.0911648842809558	1.474853116379982	1.0911648842809558	-0.0038709364083901326	1.1666600171947572	NaN	NaN	800000009	800000009	800000009	800000019	800001019	800001119	899999999	899999999	89999	89999	89	89	2	7	2	43	43	13	6	NaN	0	0	0	0	0	0	0	0	0	NaN	NaN	NaN	NaN	0	196	0	0	0	0	0	0	16113	0	0	0	18000	18000	18000	18000	93	NaN	0.7201443810394944	0.8136377075963446	0.21131460623021878	0.07588693304693464	17.6835535067636	0.33529079834422143	3.5277498205963624e-8	NaN	-0.004401627162010874	0.02193036433841028	0.03826586958397487	-0.000003870936408390133	NaN	400.7202943278072	13.842605963746037	95793.69521526693	11.380625128746033	11.08846551521618	94.67100263616774	94.14507691955566	95.19692891841464	-1.0518529057105384	0.0002865550034039189	-1	0	2.16243710116847	73.41363772092384	1.0001394848260614	-273.1499938964844	9.001093143807518	-273.1499938964844	060
DATA	2026-06-23T220000_AIU-0547.ghg	2026-06-23	22:30:00	174.937	0	18000	18000	0.28218246171497685	1	NaN	50.68165454220302	1	NaN	71.24718233323642	1	NaN	3.4465543662210485	2	NaN	1.6113843057195374	1	NaN	0.02043640220592011	2	NaN	NaN	NaN	NaN	NaN	NaN	NaN	NaN	NaN	NaN	-6.564398024934511e-10	-2.302927582299746e-11	-3.757483207509462e-12	NaN	15.679488255158754	403.1524620369414	408.93622215377377	0.1	1	550.0691128416188	14.143428249937449	14.34633460405956	0.1	1	0.08974991095499364	2.1679491809272715	2.199051305281451	-0.4	0	NaN	NaN	NaN	NaN	9	293.7883864237468	292.76095480106164	95422.19645811852	1.1294447002267127	1013.2657161810674	0.025507844805106043	0.10441770301062601	0.00999161565306638	1349.9590041624908	2275.647309926637	0.0088464850479716	59.321978334419995	925.688305764146	284.5822642665285	0.005715567971167213	-0.20502804240603797	0.19034785483494504	0.27982400134793656	-4.94663930400087e-14	-4.186614969895296e-14	0.27982400134793656	3.5927962833362175	60.40317876880226	271.59682123119774	42.86250541536734	NaN	0.4998417437979595	0.4806159129674149	-208.0250642761904	-0.013940627828143499	0.7113495984326148	0.08859922864630448	0	77.06047347207684	-11.69422415059705	26.452366869610017	65.87013369516649	100.45611004083186	140.89112268441323	211.08057550522338	0.27279106710928513	1.0344270606263266	53.50580148147918	1.0289543090045163	64.79048009825858	1.0996551071266316	3.1342139402478653	1.0996551071266316	1.4653542690580867	1.0996551071266316	-0.001775135914815338	1.1674493080368178	NaN	NaN	800000009	800000009	800000009	800000019	800000019	800000019	899999999	899999999	89999	89999	89	89	8	14	3	10	8	2	2	NaN	0	0	0	0	0	0	0	0	0	NaN	NaN	NaN	NaN	0	58	0	0	0	0	0	0	11819	0	0	0	18000	18000	18000	18000	93	NaN	0.22095809495283944	0.4858996127435055	0.2543741182384849	0.43179493350753556	25.920491873837598	0.6119398630417786	1.1486215813512304e-7	NaN	0.04675333049102246	0.08109430187142198	0.03791441289874926	-0.000001775135914815338	NaN	403.14849297301913	14.14283020352386	95819.38151007306	11.388125042120615	11.408037750668017	94.69731103240119	94.16674367756313	95.22787791273329	-1.061131518387132	0.0002858434015231776	-1	0	2.157888133757644	75.58201352314474	1.000140354755852	-273.1499938964844	9.001094224876828	-273.1499938964844	250
DATA	2026-06-23T223000_AIU-0547.ghg	2026-06-23	23:00:00	174.958	0	18000	18000	0.26182022346105566	1	NaN	208.46046713799663	1	NaN	-157.2299534236823	1	NaN	-29.603654324191055	1	NaN	-3.5515997835138506	1	NaN	-0.015293753160574908	1	NaN	NaN	NaN	NaN	NaN	NaN	NaN	NaN	NaN	NaN	7.269074894875696e-10	2.659720897354384e-11	4.124679820705707e-12	NaN	15.89828532099886	407.12224954212417	413.2786193199967	0.1	1	581.7109097358697	14.896414888343653	15.12167361227827	0.1	1	0.09021139222760356	2.166851587862024	2.19961801033992	-0.1	0	NaN	NaN	NaN	NaN	9	292.5193463982475	291.466422446357	95474.14508420139	1.1347537529873573	1013.6586146312502	0.025381236292630605	-0.2301436659716975	0.01057605696556202	1422.6039724079806	2099.00515218056	0.009320133938944418	67.77515390708321	676.4011797725793	285.37650805676793	0.41284578628646323	0.010613047761111948	0.2640021573599065	0.49015448496158004	9.881021755096002e-15	4.5722382936948026e-14	0.49015448496158004	3.0648310683626754	330.5274187923286	1.4725812076713336	32.58907253251841	NaN	0.48034224189116803	0.4399478382873475	-44.90661425151947	-0.06457846017420195	-1.325831768049089	0.3772937252701707	0	90.20271856411219	-13.688610546419481	30.96367432726301	77.10392713377932	117.58835384449175	164.9193382167448	247.07922088679786	0.2561571976043239	1.0221076194996448	196.260038622351	1.0208436931395457	-144.21258091037396	1.090265165709769	-27.152710418771292	1.090265165709769	-3.257555955391584	1.090265165709769	-0.06923872717482407	1.1556214864921275	NaN	NaN	800000009	800000009	800000009	800000009	800000019	800100019	899999999	899999999	89999	89999	89	89	4	0	6	5	30	0	0	NaN	0	0	0	0	0	0	0	0	0	NaN	NaN	NaN	NaN	0	0	0	0	0	0	0	0	10215	0	0	0	18000	18000	18000	18000	93	NaN	0.42832586424562896	0.2931025509441912	0.1584672613848749	0.5391178130823324	14.617138209355769	0.4545166209151647	1.258986246963062e-7	NaN	0.17062337829141436	-0.6995935909481874	-0.08393140991816238	-0.00006923872717482408	NaN	407.11879662615945	14.895974411501495	95866.21989908854	11.40999984741211	12.207311262925446	94.71409660508897	94.17027495998806	95.25791492970785	-1.0876363599499042	0.00028469156892646817	-1	0	2.1534280394646856	74.92847344790566	1.0001418672220574	-273.1499938964844	9.00109091451433	-273.1499938964844	065
DATA	2026-06-23T230000_AIU-0547.ghg	2026-06-23	23:30:00	174.979	0	18000	18000	0.023815732739388102	1	NaN	26.476191409966233	0	NaN	60.224856127782296	0	NaN	2.241829350382756	0	NaN	1.35983439792763	0	NaN	0.006400028928721173	0	NaN	NaN	NaN	NaN	NaN	NaN	NaN	NaN	NaN	NaN	-3.62231681415446e-11	-1.3440117517693162e-12	-2.0372391623015823e-13	NaN	15.98219308444436	408.1136620075488	414.3885432023513	0.1	1	592.9976980645065	15.142506465818126	15.37532746131516	0.1	1	0.08988597994484308	2.155035233551913	2.188169605958446	-0.1	0	NaN	NaN	NaN	NaN	9	292.11531549241806	291.0403228352865	95489.7251937934	1.1364941800089283	1013.7877023312451	0.025339995891095587	0.08811726898571041	0.010768272116618922	1446.3416429613314	2043.5516230555374	0.009474990990745176	70.77587992608417	597.209980094206	285.62830597565113	1.2272844407718848	-0.02788331647547607	0.34712116649469515	1.2757341737709544	-1.2692366452430833e-14	-2.2664704368264077e-15	1.2757341737709544	2.6295441026234747	333.30150884687816	358.69849115312184	15.788982571593012	NaN	0.1447599305172792	0.17530704227053553	-9.679134390433338	-0.2996135690466599	0.43962232726285444	0.15874238879686853	1	17.42895846114377	8	14	24	36	60	143	0.023554215692249844	1.0111027703301667	29.657926487257182	1.0140662951298154	55.4200417749762	1.0866981366112143	2.062973400666473	1.0866981366112143	1.25134510874213	1.0866981366112143	-0.00630624359445622	1.1479072154342933	NaN	NaN	800000009	800000009	800000009	800000009	800000019	800001019	899999999	899999999	89999	89999	89	89	3	0	2	30	38	0	6	NaN	0	0	0	0	0	0	0	0	0	NaN	NaN	NaN	NaN	0	0	0	0	0	0	0	0	15720	0	0	0	18000	18000	18000	18000	93	NaN	0.12574442494329133	0.19041934759029944	0.03445031200748034	0.08972089858801562	6.194516773432107	0.19463120857159558	3.272399588761997e-8	NaN	0.02574106727122187	0.053079712993621526	0.032196750189094105	-0.00000630624359445622	NaN	408.1112205759276	15.142314522721657	95884.0821063368	11.403958598030936	12.467418589697946	94.7123301440345	94.15649122577244	95.26816711892022	-1.1116712874968846	0.0002841247647948977	-1	0	2.141467011888822	74.7998182056462	1.0001491844952106	-304.76362022399053	9.001056262705061	-273.1499938964844	255
