DATAH	filename	date	time	DOY	daytime	file_records	used_records	Tau	qc_Tau	rand_err_Tau	H	qc_H	rand_err_H	LE	qc_LE	rand_err_LE	co2_flux	qc_co2_flux	rand_err_co2_flux	h2o_flux	qc_h2o_flux	rand_err_h2o_flux	ch4_flux	qc_ch4_flux	rand_err_ch4_flux	none_flux	qc_none_flux	rand_err_none_flux	H_strg	LE_strg	co2_strg	h2o_strg	ch4_strg	none_strg	co2_v-adv	h2o_v-adv	ch4_v-adv	none_v-adv	co2_molar_density	co2_mole_fraction	co2_mixing_ratio	co2_time_lag	co2_def_timelag	h2o_molar_density	h2o_mole_fraction	h2o_mixing_ratio	h2o_time_lag	h2o_def_timelag	ch4_molar_density	ch4_mole_fraction	ch4_mixing_ratio	ch4_time_lag	ch4_def_timelag	none_molar_density	none_mole_fraction	none_mixing_ratio	none_time_lag	none_def_timelag	sonic_temperature	air_temperature	air_pressure	air_density	air_heat_capacity	air_molar_volume	ET	water_vapor_density	e	es	specific_humidity	RH	VPD	Tdew	u_unrot	v_unrot	w_unrot	u_rot	v_rot	w_rot	wind_speed	max_wind_speed	wind_dir	yaw	pitch	roll	u*	TKE	L	(z-d)/L	bowen_ratio	T*	model	x_peak	x_offset	x_10%	x_30%	x_50%	x_70%	x_90%	un_Tau	Tau_scf	un_H	H_scf	un_LE	LE_scf	un_co2_flux	co2_scf	un_h2o_flux	h2o_scf	un_ch4_flux	ch4_scf	un_none_flux	un_none_scf	spikes_hf	amplitude_resolution_hf	drop_out_hf	absolute_limits_hf	skewness_kurtosis_hf	skewness_kurtosis_sf	discontinuities_hf	discontinuities_sf	timelag_hf	timelag_sf	attack_angle_hf	non_steady_wind_hf	u_spikes	v_spikes	w_spikes	ts_spikes	co2_spikes	h2o_spikes	ch4_spikes	none_spikes	head_detect_LI-7200	t_out_LI-7200	t_in_LI-7200	aux_in_LI-7200	delta_p_LI-7200	chopper_LI-7200	detector_LI-7200	pll_LI-7200	sync_LI-7200	chopper_LI-7500	detector_LI-7500	pll_LI-7500	sync_LI-7500	not_ready_LI-7700	no_signal_LI-7700	re_unlocked_LI-7700	bad_temp_LI-7700	laser_temp_unregulated_LI-7700	block_temp_unregulated_LI-7700	motor_spinning_LI-7700	pump_on_LI-7700	top_heater_on_LI-7700	bottom_heater_on_LI-7700	calibrating_LI-7700	motor_failure_LI-7700	bad_aux_tc1_LI-7700	bad_aux_tc2_LI-7700	bad_aux_tc3_LI-7700	box_connected_LI-7700	mean_value_RSSI_LI-7200	mean_value_LI-7500	u_var	v_var	w_var	ts_var	co2_var	h2o_var	ch4_var	none_var	w/ts_cov	w/co2_cov	w/h2o_cov	w/ch4_cov	w/none_cov	co2_mean	h2o_mean	air_p_mean	vin_sf_mean	dew_point_mean	avg_signal_strength_7200_mean	co2_signal_strength_7200_mean	h2o_signal_strength_7200_mean	delta_signal_strength_7200_mean	flowrate_mean	hit_power_mean	hit_vin_mean	ch4_mean	rssi_77_mean	ch4_aux-1_mean	ch4_aux-2_mean	ch4_aux-3_mean	ch4_aux-4_mean	CHK
DATAU		[yyyy-mm-dd]	[HH:MM]	[ddd.ddd]	[1=daytime]	[#]	[#]	[kg+1m-1s-2]	[#]	[kg+1m-1s-2]	[W+1m-2]	[#]	[W+1m-2]	[W+1m-2]	[#]	[W+1m-2]	[µmol+1s-1m-2]	[#]	[µmol+1s-1m-2]	[mmol+1s-1m-2]	[#]	[mmol+1s-1m-2]	[µmol+1s-1m-2]	[#]	[µmol+1s-1m-2]	[µmol+1s-1m-2]	[#]	[µmol+1s-1m-2]	[W+1m-2]	[W+1m-2]	[µmol+1s-1m-2]	[mmol+1s-1m-2]	[µmol+1s-1m-2]	[µmol+1s-1m-2]	[µmol+1s-1m-2]	[mmol+1s-1m-2]	[µmol+1s-1m-2]	[µmol+1s-1m-2]	[mmol+1m-3]	[µmol+1mol_a-1]	[µmol+1mol_d-1]	[s]	[1=default]	[mmol+1m-3]	[mmol+1mol_a-1]	[mmol+1mol_d-1]	[s]	[1=default]	[mmol+1m-3]	[µmol+1mol_a-1]	[µmol+1mol_d-1]	[s]	[1=default]	[mmol+1m-3]	[µmol+1mol_a-1]	[µmol+1mol_d-1]	[s]	[1=default]	[K]	[K]	[Pa]	[kg+1m-3]	[J+1kg-1K-1]	[m+3mol-1]	[mm]	[kg+1m-3]	[Pa]	[Pa]	[kg+1kg-1]	[%]	[Pa]	[K]	[m+1s-1]	[m+1s-1]	[m+1s-1]	[m+1s-1]	[m+1s-1]	[m+1s-1]	[m+1s-1]	[m+1s-1]	[deg_from_north]	[deg]	[deg]	[deg]	[m+1s-1]	[m+2s-2]	[m]	[#]	[#]	[K]	[0=KJ/1=KM/2=HS]	[m]	[m]	[m]	[m]	[m]	[m]	[m]	[kg+1m-1s-2]	[#]	[W+1m-2]	[#]	[W+1m-2]	[#]	[µmol+1s-1m-2]	[#]	[mmol+1s-1m-2]	[#]	[µmol+1s-1m-2]	[#]	[µmol+1s-1m-2]	[#]	8u/v/w/ts/co2/h2o/ch4/none	8u/v/w/ts/co2/h2o/ch4/none	8u/v/w/ts/co2/h2o/ch4/none	8u/v/w/ts/co2/h2o/ch4/none	8u/v/w/ts/co2/h2o/ch4/none	8u/v/w/ts/co2/h2o/ch4/none	8u/v/w/ts/co2/h2o/ch4/none	8u/v/w/ts/co2/h2o/ch4/none	8co2/h2o/ch4/none	8co2/h2o/ch4/none	8aa	8U	[#]	[#]	[#]	[#]	[#]	[#]	[#]	[#]	[#_flagged_recs]	[#_flagged_recs]	[#_flagged_recs]	[#_flagged_recs]	[#_flagged_recs]	[#_flagged_recs]	[#_flagged_recs]	[#_flagged_recs]	[#_flagged_recs]	[#_flagged_recs]	[#_flagged_recs]	[#_flagged_recs]	[#_flagged_recs]	[#_flagged_recs]	[#_flagged_recs]	[#_flagged_recs]	[#_flagged_recs]	[#_flagged_recs]	[#_flagged_recs]	[#_flagged_recs]	[#_flagged_recs]	[#_flagged_recs]	[#_flagged_recs]	[#_flagged_recs]	[#_flagged_recs]	[#_flagged_recs]	[#_flagged_recs]	[#_flagged_recs]	[#_flagged_recs]	[#]	[#]	[m+2s-2]	[m+2s-2]	[m+2s-2]	[K+2]	--	--	--	--	[m+1s-1K+1]	--	--	--	--	--	--	--	--	--	--	--	--	--	--	--	--	--	--	--	--	--	--	207
DATA	2026-06-11T233000_AIU-0547.ghg	2026-06-12	00:00:00	163	0	18000	18000	0.165049870672612	1	NaN	100.44633768371119	1	NaN	-87.80536357101221	1	NaN	-45.063431421712636	1	NaN	-1.9967724545417425	1	NaN	-0.029290270663679497	1	NaN	NaN	NaN	NaN	NaN	NaN	NaN	NaN	NaN	NaN	2.188971659465025e-10	1.1879599649053339e-11	1.0681184868732865e-12	NaN	17.11252753468489	449.8238214541619	461.07971913950144	0.1	1	928.7008135369892	24.41204246924182	25.022902630972826	0.1	1	0.08350134154497088	2.079197591339996	2.1312251502186497	0	1	NaN	NaN	NaN	NaN	9	300.6635033806695	298.40977203995067	95005.29794324246	1.0989167897067846	1019.1970586390687	0.026114110459632706	-0.1293908550543049	0.016845491004298725	2319.895488722899	3207.7232036855553	0.015329177934203258	72.32218434737214	887.8277149626565	293.0350230694599	1.3255501476347673	0.5718097721428681	0.41448781172286414	1.5019486527439814	-2.547775915514487e-14	1.279163265057287e-14	1.5019486527439814	4.19085158629105	308.66581928950825	23.33418071049179	16.019631386796437	NaN	0.3875477232005496	0.6994743627417546	-48.86396812207046	-0.059348434264595726	-1.1439658535492043	0.23141203773686025	0	92.26588666153498	-14.001704264956853	31.67189317108414	78.86749219235745	120.2779018330924	168.691467512549	252.7305579438667	0.163401308266868	1.010089040431987	94.66922614635332	1.0136077275837736	-80.70720124917459	1.0879495535958783	-41.42051556781241	1.0879495535958783	-1.8353538984799738	1.0879495535958783	-0.051588754649721	1.1481795527289944	NaN	NaN	800000009	800000009	800000009	800000019	800000019	800000019	899999999	899999999	89999	89999	89	89	3	0	1	0	2	0	1	NaN	0	0	0	0	0	0	0	0	0	NaN	NaN	NaN	NaN	0	9	0	0	0	0	0	0	9226	0	0	0	18000	18000	18000	18000	93	NaN	0.69124890162989	0.6102155550807592	0.09748426877286019	0.6546603894135488	310.184602520158	1.5548466248454094	5.26891061455358e-7	NaN	0.0845251318090232	-1.1087336316244438	-0.04912827774551177	-0.000051588754649721	NaN	449.80808766245013	24.41058206497298	95405.07288671876	11.369999885559082	19.86335482830475	96.03790377341377	95.56980070580376	96.5060060005188	-0.936205331673227	0.0002920259931949355	-1	0	2.0585267577204442	68.74997032375674	1.0000984822909038	-273.1499938964844	9.00089639684889	-273.1499938964844	056
DATA	2026-06-12T000000_AIU-0547.ghg	2026-06-12	00:30:00	163.02	0	18000	18000	0.04116124725671708	0	NaN	36.65948641483382	0	NaN	34.69249615250679	0	NaN	-2.0940218754592914	1	NaN	0.788883470805782	0	NaN	0.0051056849663218265	0	NaN	NaN	NaN	NaN	NaN	NaN	NaN	NaN	NaN	NaN	-2.1856345573298827e-10	-1.2053065959252054e-11	-1.0873139251062852e-12	NaN	16.797013584120467	441.5893755698648	452.6114707415657	0.1	1	926.3008400415756	24.35222234567355	24.960055158657454	0.1	1	0.0835621248253216	2.079930912784256	2.1318461030935474	0.8	0	NaN	NaN	NaN	NaN	9	300.58540345085987	298.3381134931776	95030.55946354166	1.0994981103534442	1019.1614241332372	0.026100899432606982	0.051119648908214674	0.016812717711927744	2314.826074767439	3194.0789942811907	0.015291265672592319	72.47241157504239	879.2529195137517	292.99973293857136	1.3977135977028594	0.2172737896800321	0.4068073194011541	1.4718367423066125	-2.013940160181143e-14	-1.3012042565686404e-14	1.4718367423066125	3.680700794379373	323.1641221191258	8.835877880874193	16.045123929987113	NaN	0.193484874195154	0.5315986848675734	-16.663994803047416	-0.17402789872868085	1.0566978592050633	0.16908375834781078	1	15.338429690445675	7	12	21	34	57	143	0.040745489952968124	1.0102037625324634	38.50780709704771	1.0136538754491702	31.8936181546226	1.087756678603068	-1.9250829865264554	1.087756678603068	0.7252389126388923	1.087756678603068	-0.008551598808449697	1.148115092549339	NaN	NaN	800000009	800000009	800000009	800000009	800000009	800000009	899999999	899999999	89999	89999	89	89	0	0	1	3	0	0	0	NaN	0	0	0	0	0	0	0	0	0	NaN	NaN	NaN	NaN	0	0	0	0	0	0	0	0	8725	0	0	0	18000	18000	18000	18000	93	NaN	0.342877396249766	0.6507428298338334	0.0695771436515475	0.7045828206270015	198.6443727011908	1.7459807388819115	4.967353284801746e-7	NaN	0.03436460238475193	-0.051500895094572424	0.019401996391704167	-0.000008551598808449696	NaN	441.5763846943722	24.350583416480912	95424.85281076388	11.369999885559082	19.82442176967197	96.04876302210491	95.58354481930203	96.51398514620463	-0.9304388610720642	0.0002919868906869346	-1	0	2.0593241871065575	67.55673203268721	1.0001116568843524	-273.1499938964844	9.001034211238226	-273.1499938964844	010
DATA	2026-06-12T003000_AIU-0547.ghg	2026-06-12	01:00:00	163.041	0	18000	18000	0.08117175721707014	1	NaN	-41.482251528883864	0	NaN	150.56154909988842	0	NaN	31.339970118008505	0	NaN	3.426003914811481	0	NaN	-0.01865038558215557	1	NaN	NaN	NaN	NaN	NaN	NaN	NaN	NaN	NaN	NaN	-6.984755170619804e-11	-3.714740117207446e-12	-3.517353867456822e-13	NaN	16.286279371830283	428.854966851527	438.8646019427432	0.1	0	866.1620037459026	22.808025634571692	23.340373471019173	0.1	1	0.0820137661745791	2.046609827761745	2.0943784654911624	0.5	0	NaN	NaN	NaN	NaN	9	301.1354554367066	299.04081627097366	95046.18678543143	1.0977413851566789	1018.2959449931822	0.026158075674193808	0.22200505367978396	0.01571218900412	2168.3973583278903	3330.089118097782	0.014313197276312422	65.115295159624	1161.6917597698916	291.94995106076664	0.8582944492174294	-0.5555601022548559	0.35293220376088597	1.0816087690225358	-2.4945431747339337e-14	-4.2887359421704706e-15	1.0816087690225358	4.199517295365565	4.914328465110032	327.08567153488997	19.0445365340737	NaN	0.2719270774418762	0.6905347331030776	40.87496355795773	0.07094807548606155	-0.27551690173805876	-0.13646956698429155	0	63.05090579102892	-9.56821820574	21.64333563366784	53.89496595243916	82.19322364548951	115.27716484101464	172.70619918158835	0.08046908755917925	1.0087321688266209	-32.448986355824125	1.0149117029097166	135.05662834458448	1.114803108483832	28.11256075580187	1.114803108483832	3.073191928457175	1.114803108483832	-0.013264951775853361	1.205904317495712	NaN	NaN	800000009	800000009	800000009	800000019	800000019	800100019	899999999	899999999	89999	89999	89	89	1	13	4	1	0	0	10	NaN	0	0	0	0	0	0	0	0	0	NaN	NaN	NaN	NaN	0	86	0	0	0	0	0	0	11018	0	0	0	18000	18000	18000	18000	93	NaN	0.25876005916935096	0.997982925585139	0.12432648145166518	0.552182652901541	235.49736398056268	1.577231088852602	0.0000028848271048043615	NaN	-0.029028666298445728	0.7525390250626403	0.08226560638714649	-0.000013264951775853362	NaN	428.83941730249427	22.806541367314704	95445.23648155382	11.369999885559082	18.776002991676354	96.10760942480299	95.65651437928942	96.55870523558723	-0.9021811062941951	0.0002928068799390329	-1	0	2.0272377367055516	65.75990158594226	1.000099180036121	-273.1499938964844	9.000954779757393	-273.1499938964844	126
DATA	2026-06-12T010000_AIU-0547.ghg	2026-06-12	01:30:00	163.062	0	18000	18000	0.06459935895745528	1	NaN	49.31776089221951	1	NaN	44.2664414660998	1	NaN	1.9393526560683352	2	NaN	1.0065130632243777	1	NaN	0.0013114559684174348	1	NaN	NaN	NaN	NaN	NaN	NaN	NaN	NaN	NaN	NaN	-1.9875657007932173e-10	-1.0567033272559692e-11	-9.65443748446652e-13	NaN	16.82821991688142	442.99249440045617	453.6775109954161	0.2	0	894.6841843198932	23.55200849942041	24.120084945053044	0.1	1	0.08174169895241558	2.033352169181001	2.0823967962248546	0.7	0	NaN	NaN	NaN	NaN	9	300.38502243889695	298.26104582085816	94971.82568763904	1.099438149948052	1018.7023795887	0.02611029446891388	0.06522204649693968	0.016254401149576204	2237.3772376187007	3179.4613706128616	0.014784279725370835	70.36969400849905	942.0841329941609	292.45198296538905	1.0098835960033075	-0.050509387340069975	0.3760009722878344	1.0787922908731848	-2.5414166874526552e-14	-1.1810908762841685e-14	1.0787922908731848	3.3966255485025068	334.8632658741275	357.13673412587235	20.397967714875552	NaN	0.24239781617138906	0.47539223851838736	-24.341786243478065	-0.11913669650176152	1.1141117121417614	0.1816588349388763	0	75.79219382856353	-11.501757821639725	26.017007509462445	64.78602733146305	98.8027794331827	138.57230299902517	207.60656107224233	0.06381027119925904	1.0123661558455403	51.59662288834273	1.0147403303757887	40.75833623675111	1.0860708643495973	1.7856594074363028	1.0860708643495973	0.9267471361798628	1.0860708643495973	-0.016048615077929786	1.1481682620613782	NaN	NaN	800000009	800000009	800000009	800000019	800000019	800010019	899999999	899999999	89999	89999	89	89	5	0	6	0	1	0	2	NaN	0	0	0	0	0	0	0	0	0	NaN	NaN	NaN	NaN	0	15	0	0	0	0	0	0	6448	17997	0	0	18000	18000	18000	18000	93	NaN	0.19974877833111673	0.6886789779279712	0.06235672077768686	0.7694753226981768	244.56266429647934	1.0864267021934586	3.3718407420184246e-7	NaN	0.04606840261670068	0.04774897896563486	0.02478145010612452	-0.000016048615077929788	NaN	442.9805034718417	23.55098203110876	95450.32644140624	11.369999885559082	19.29805779605443	96.07867433929444	95.62447871949936	96.53286903338963	-0.9083893663386507	0.00029295509971497165	-1	0	2.0137988501991386	67.24165671804919	1.0000790267851618	-273.1499938964844	9.000783584912618	-273.1499938964844	142
DATA	2026-06-12T013000_AIU-0547.ghg	2026-06-12	02:00:00	163.083	0	18000	18000	0.07156537321620175	0	NaN	9.62687067974268	2	NaN	48.00434900539786	1	NaN	25.641965877794785	1	NaN	1.0916350809296154	1	NaN	-0.012215773837229616	2	NaN	NaN	NaN	NaN	NaN	NaN	NaN	NaN	NaN	NaN	-1.8191974695948843e-10	-9.542676539153537e-12	-8.808990212222539e-13	NaN	16.867728242174355	443.7769269401266	454.3535992986751	0.1	1	884.8037514105575	23.2785046159516	23.833308395448448	0.1	1	0.08167758336912839	2.0329057483486612	2.0813566179879346	0	1	NaN	NaN	NaN	NaN	9	300.4951342510647	298.38456427381436	94862.32659330335	1.097830487498882	1018.5486819116502	0.02615125895033254	0.07073795324423907	0.016040476719052947	2208.845448001922	3202.9177127484627	0.014611068741219743	68.96354031232619	994.0722647465409	292.2459986751679	1.2117755900004994	-0.30352875213075026	0.37073403808274225	1.3030631262084387	4.0777243070849524e-14	-1.0785076943831403e-14	1.3030631262084387	3.5930207103455567	346.06226723000896	345.93773276999104	16.529540435340248	NaN	0.2553194067258664	0.7100266121361735	-145.59889881198652	-0.0199177330574787	0.20054163589761803	0.03371974121152915	0	71.30805708215868	-10.821272770462503	24.47774847087918	60.953054684336436	92.95725430027254	130.37387088453346	195.32381581480206	0.07078955959045428	1.0109594356884808	12.411777475546833	1.0139956691174283	44.16949761006487	1.086821259077648	23.59354462716007	1.086821259077648	1.0044292672891333	1.086821259077648	-0.016946604442614675	1.1479117751812984	NaN	NaN	800000009	800000009	800000009	800000019	800000019	800010119	899999999	899999999	89999	89999	89	89	0	0	2	3	3	0	0	NaN	0	0	0	0	0	0	0	0	0	NaN	NaN	NaN	NaN	0	18	0	0	0	0	0	0	7817	18000	0	0	18000	18000	18000	18000	93	NaN	0.37875053012353666	0.9607262306345886	0.08057646351422175	1.0224940099606112	479.8472721879257	1.1552642814939142	8.47373346715261e-7	NaN	0.01109984469588121	0.6317101062576561	0.02689329344930623	-0.000016946604442614673	NaN	443.7589407492245	23.277413457186668	95442.4928311632	11.369999885559082	19.10815119001598	96.09000828912522	95.63545726373461	96.54456224865383	-0.9091036748223839	0.00029287611489255344	-1	0	2.013353073611096	64.12539565804269	1.000056197795603	-273.1499938964844	9.000678068346447	-273.1499938964844	072
DATA	2026-06-12T020000_AIU-0547.ghg	2026-06-12	02:30:00	163.104	0	18000	18000	0.11293891775419208	0	NaN	-89.17139406652625	1	NaN	191.63374272981704	1	NaN	79.21149898577687	1	NaN	4.357474698080747	1	NaN	0.047620730808990305	1	NaN	NaN	NaN	NaN	NaN	NaN	NaN	NaN	NaN	NaN	1.7328235395188864e-10	9.037668348571272e-12	8.381143247080668e-13	NaN	16.873995180676943	444.01846815287627	454.5448677863666	0.1	1	880.0756030858735	23.158109087786972	23.707121186378508	0.1	1	0.08161440996990847	2.030143283984286	2.078272136843414	0	1	NaN	NaN	NaN	NaN	9	300.38262327575694	298.3039336315966	95029.2350618323	1.1001098868628367	1018.4788079858554	0.026098272837820676	0.2823643604356324	0.0159899137964136	2201.287705869994	3187.5887952807498	0.014534833281074988	69.05808268397159	986.3010894107556	292.1910451566816	1.094675423547728	-0.40025697166265156	0.35142342282738154	1.217381759513281	5.4248856869713954e-14	1.0269195415577746e-14	1.217381759513281	3.7821624470995228	352.0844268959701	339.9155731040299	16.778437582479548	NaN	0.32040831422273597	0.7873191962468017	31.103752449140366	0.0932363387582243	-0.4653219876431069	-0.24838977533095286	0	74.93952758852431	-11.372362430106367	25.724314781497036	64.05718105401199	97.69124287263303	137.01335716828416	205.27097614066818	0.11194670337292888	1.008863274677753	-77.4586460576497	1.0160553385777746	170.14902520868878	1.126270000634897	70.33082559344034	1.126270000634897	3.868943233526922	1.126270000634897	0.054521748927919514	1.2244550353253139	NaN	NaN	800000009	800000009	800000009	800000019	800000019	800000019	899999999	899999999	89999	89999	89	89	1	2	1	5	10	0	0	NaN	0	0	0	0	0	0	0	0	0	NaN	NaN	NaN	NaN	0	28	0	0	0	0	0	0	8688	604	0	0	18000	18000	18000	18000	93	NaN	0.38012974194945326	1.0824314604198093	0.11207719012434073	1.0653752789553341	583.8485817990022	1.3407652218895756	6.06295194093465e-7	NaN	-0.06913243227006337	1.879039755320952	0.10336716632479193	0.00005452174892791951	NaN	443.9948359405235	23.15684497482908	95453.8975594618	11.369999885559082	19.024545631514705	96.09009852812025	95.63602387152778	96.54417225435046	-0.9081396256552797	0.0002931550184908297	-1	0	2.01088580253058	63.620821648253276	1.000064437535074	-273.1499938964844	9.000718877209557	-273.1499938964844	170
DATA	2026-06-12T023000_AIU-0547.ghg	2026-06-12	03:00:00	163.124	0	18000	18000	0.21642915842976193	1	NaN	-105.37184278182167	1	NaN	280.4148879899699	1	NaN	122.32719722937358	1	NaN	6.377443262021612	1	NaN	0.1059006927326797	1	NaN	NaN	NaN	NaN	NaN	NaN	NaN	NaN	NaN	NaN	-2.481812258124422e-10	-1.2962047927782096e-11	-1.2255628884290518e-12	NaN	16.522693159031572	434.36982522934477	444.45283116253887	0.3	0	862.9498058215634	22.68633525591536	23.21295206882829	0.1	1	0.08159198781584259	2.0309637134164484	2.0781083767495137	0	1	NaN	NaN	NaN	NaN	9	300.58962359449595	298.49987075315914	95051.45636932415	1.0998427455183517	1018.2144615901491	0.026109309843701564	0.4132583233790004	0.01565754785412934	2156.947628969899	3224.9506392949343	0.014236169595999834	66.88312071162333	1068.0030103250351	291.8652690720106	0.7979113102463606	-0.7191660950586136	0.2800221504291285	1.1100787071338638	-9.862121113584581e-14	-1.502062789786678e-14	1.1100787071338638	4.483863703274568	14.028679544252213	317.9713204557478	14.610951476559968	NaN	0.44360107310647817	0.7888877185141073	69.85831692341029	0.04151259474486678	-0.375771213636812	-0.2121104823561947	0	84.26745079408285	-12.787910763907924	28.9262889668022	72.0305495134081	109.85113286253247	154.06777577656518	230.8216029378326	0.21463028557969338	1.0083812629015052	-88.35872944366656	1.0139026238646645	253.39226444313982	1.1066434431462047	110.53894367421131	1.1066434431462047	5.762870870034201	1.1066434431462047	0.10676139092864902	1.1911003355124827	NaN	NaN	800000009	800000009	800000009	800000019	800000019	800100019	899999999	899999999	89999	89999	89	89	2	0	1	12	25	5	2	NaN	0	0	0	0	0	0	0	0	0	NaN	NaN	NaN	NaN	0	833	0	0	0	0	0	0	12913	0	0	0	18000	18000	18000	18000	93	NaN	0.6282695564289059	0.7892837164011218	0.160222164198187	0.4074502695616329	394.0134191138072	0.8748224657216236	6.001806847102502e-7	NaN	-0.07890047299404611	2.953108715305085	0.15395826688586473	0.00010676139092864902	NaN	434.35354879620655	22.685493556451238	95450.29340993924	11.369999885559082	18.700103058655984	96.1153203347524	95.6620858883328	96.56855083635118	-0.9064591538834367	0.00029175864382058444	-1	0	2.002004938012144	58.81239756785787	1.0000872225662072	-273.1499938964844	9.000863279660543	-273.1499938964844	189
DATA	2026-06-12T030000_AIU-0547.ghg	2026-06-12	03:30:00	163.145	0	18000	18000	0.15617575423123572	0	NaN	-14.42372505890375	0	NaN	103.42854916421497	0	NaN	21.386690868776466	1	NaN	2.352804557746393	0	NaN	NaN	NaN	NaN	NaN	NaN	NaN	NaN	NaN	NaN	NaN	NaN	NaN	-6.73926819021977e-11	-3.5389944356622977e-12	NaN	NaN	16.023852997915476	422.0103203836196	431.5744609161976	0.1	1	841.4611942553397	22.16104380290273	22.6632858738713	0.1	1	NaN	NaN	NaN	NaN	0	NaN	NaN	NaN	NaN	9	300.83990963321264	298.73663414362204	95238.00689173694	1.1014691384159123	1017.8327740196356	0.026262445953260893	0.15246173534196625	0.015205819628578449	2096.275274574515	3267.7100229766183	0.013805034656210916	64.15120251903437	1171.4347484021032	291.40984726499306	0.8658383762271401	-1.3797382011148012	0.22645741113491813	1.6445779265273852	-5.8310300165160585e-15	-4.205772601069464e-15	1.6445779265273852	5.960666253865719	29.890160044338415	302.1098399556616	7.914742840958638	NaN	0.376548254989467	0.964281142730379	312.5569217520602	0.009278309959491034	-0.13945593528536301	-0.03416709315513521	0	66.05796773536113	-10.024551457111643	22.675562690771788	56.46535727471132	86.11323259390188	120.77503312847148	180.94300771897034	0.15507891272423327	1.0070727959574548	-8.280571171675094	1.0123602235952964	94.12392090049582	1.098855085664734	19.46270363379075	1.098855085664734	2.1411418015352797	1.098855085664734	NaN	1	NaN	NaN	800000009	800000019	800000009	800000019	800001119	800101119	899999999	899999999	89999	89999	89	89	6	6	6	2	61	10	0	NaN	0	0	0	0	0	0	0	0	0	NaN	NaN	NaN	NaN	0	1739	0	0	0	0	101	0	16710	0	0	16	18000	18000	18000	18000	93	NaN	0.7505109782127386	0.9658659965010706	0.21218531074694888	0.03485066259236403	39.51307086386901	0.18072509871955464	NaN	NaN	-0.0073860378687613725	0.5226420293763042	0.05749718627960617	NaN	NaN	422.00489015153755	22.16083111135925	95433.9376436632	11.369999885559082	18.332101704862374	96.13106459130181	95.68358880233765	96.57853534719679	-0.8949384175704586	0.00029283110997089856	-1	0	1.984421259575614	47.53308317053105	1.0000761757029428	-273.1499938964844	9.000813380824194	-273.1499938964844	255
DATA	2026-06-12T033000_AIU-0547.ghg	2026-06-12	04:00:00	163.166	0	18000	18000	0.04473550764722478	0	NaN	-11.579977199767542	1	NaN	54.92610218719683	0	NaN	11.003582681027169	0	NaN	1.2492841598287567	0	NaN	0.04885508289724047	1	NaN	NaN	NaN	NaN	NaN	NaN	NaN	NaN	NaN	NaN	9.990130978279628e-11	5.213169328882813e-12	5.069819344710081e-13	NaN	16.0302273917017	422.14067012088196	431.6493211007923	0.1	0	836.5084497403406	22.028648060099748	22.524839829309727	0.1	1	0.08135064205589228	2.025287527824241	2.0709068049967807	-0.8	0	NaN	NaN	NaN	NaN	9	300.6121440175374	298.5873845300756	95017.96730272443	1.0994087100187988	1017.8423270600649	0.026126169454604505	0.08095361355690343	0.015193817277122037	2093.678817672428	3241.7610043355203	0.013819989907904439	64.5846135749165	1148.0821866630922	291.3901008539645	0.41037469777090607	-1.4404478512302428	0.22369169225326604	1.5143762339219418	2.4276309338881014e-14	6.232058182437997e-15	1.5143762339219418	4.18736095944558	46.098074614116626	285.9019253858834	8.494362546560657	NaN	0.2017189032959978	0.4161479871288979	59.75000160264146	0.0485355635517137	-0.21082830819309098	-0.05130047963315463	0	53.690861188208686	-8.147795325978839	18.43033521212967	45.89414060578595	69.9914601700975	98.16401807394503	147.06758690088694	0.04439433686657618	1.0076850067988168	-8.317441046797082	1.013824136946388	49.45842315263884	1.1105510181285727	9.908218984454834	1.1105510181285727	1.1249227990749744	1.1105510181285727	0.04304320068125378	1.1931973181386846	NaN	NaN	800000009	800000019	800000009	800000019	800001119	800101119	899999999	899999999	89999	89999	89	89	6	8	3	13	47	8	3	NaN	0	0	0	0	0	0	0	0	0	NaN	NaN	NaN	NaN	0	806	0	0	0	0	101	0	17406	0	0	11	18000	18000	18000	18000	93	NaN	0.2877293502589788	0.44232462561078245	0.10224199838803454	0.03191218159935872	17.34952120695758	0.08287324454495087	0.0000011649173746586081	NaN	-0.007432758990628959	0.26469627330615847	0.03005210857162556	0.00004304320068125378	NaN	422.1365674091605	22.028540792210343	95413.75770876736	11.369999885559082	18.23452131398519	96.14251125674778	95.69560327445136	96.58942687034607	-0.8938157189372514	0.00029265618333496003	-1	0	1.967718227952079	53.69459246674203	1.000082745489147	-273.1499938964844	9.000877747217814	-273.1499938964844	229
DATA	2026-06-12T040000_AIU-0547.ghg	2026-06-12	04:30:00	163.187	0	18000	18000	0.08073269390665659	0	NaN	-18.588077251937637	1	NaN	51.98298671954862	0	NaN	14.30238920362896	0	NaN	1.1819488515389773	0	NaN	NaN	NaN	NaN	NaN	NaN	NaN	NaN	NaN	NaN	NaN	NaN	NaN	-2.4337126548141576e-10	-1.2575110691611242e-11	NaN	NaN	16.171380266285276	425.41802789670896	434.97955478507345	0.1	0	835.5830195582547	21.98155472637991	22.47560343325645	0.1	1	NaN	NaN	NaN	NaN	0	NaN	NaN	NaN	NaN	9	300.326392759535	298.2436161204772	95210.13643193731	1.103040611493313	1017.7208687580459	0.026225292001211844	0.07659028557972573	0.015104030984208395	2078.8079558927247	3173.390589182667	0.013693086933363524	65.50747213339847	1094.5826332899424	291.27659037281387	0.42977956999421685	-1.2010607918713436	0.278352234304849	1.3056559542610968	-1.5978765080886333e-14	-1.5049504833474584e-14	1.3056559542610968	3.6981843113669446	42.31109822090059	289.6889017790994	12.309335125068216	NaN	0.27053843346039635	0.4226485272006999	89.92646614985763	0.03224857068404429	-0.35758001655852223	-0.06120477635277925	0	75.3295093884755	-11.431543672808374	25.858182913627292	64.39053163108541	98.19962353582757	137.7263682769107	206.33919670902597	0.08010399197115883	1.0078485718380192	-15.445259600327748	1.0134015375880674	47.04790806625597	1.104894752097006	12.944571577052127	1.104894752097006	1.06973885910466	1.104894752097006	NaN	1	NaN	NaN	800000009	800000019	800000009	800000019	800000109	800101119	899999999	899999999	89999	89999	89	89	4	1	8	4	41	12	0	NaN	0	0	0	0	0	0	0	0	0	NaN	NaN	NaN	NaN	0	3685	0	0	0	0	0	0	16808	0	0	0	18000	18000	18000	18000	93	NaN	0.38873128312047406	0.37769208252372954	0.0788736887571961	0.04539775022694677	10.40831977358439	0.06022229157520164	NaN	NaN	-0.01375862487018063	0.3470526806222356	0.028680419155485908	NaN	NaN	425.415594048394	21.98145209297126	95415.90774305556	11.369999885559082	18.20110180399153	96.15033826594883	95.70195559755962	96.59871330854628	-0.8967576094037955	0.00029203130238683014	-1	0	1.9251626533785542	41.339619906515324	1.0000919315318266	-273.1499938964844	9.000904609097375	-273.1499938964844	123
DATA	2026-06-12T043000_AIU-0547.ghg	2026-06-12	05:00:00	163.208	0	18000	18000	0.11154898782910436	1	NaN	-24.144003750443503	1	NaN	136.05836881881075	1	NaN	23.126094780926266	1	NaN	3.092950118171956	1	NaN	0.07950169625037619	1	NaN	NaN	NaN	NaN	NaN	NaN	NaN	NaN	NaN	NaN	-1.9239162896129733e-11	-9.918501597584326e-13	-9.651709390553995e-14	NaN	16.295210277463415	428.26058215176414	437.92937091424903	0.1	0	840.0784901223883	22.078420413546997	22.576882312877885	0.1	1	0.0817481690368578	2.0300787204609536	2.075911568818678	-0.4	0	NaN	NaN	NaN	NaN	9	300.0419143558078	298.0306606337307	95012.26954015771	1.1013754630183423	1017.8579743816717	0.026079020367591188	0.20042316765754273	0.015255678206505528	2098.283522759658	3136.1109502849254	0.013851478191367207	66.90718396200307	1037.8274275252675	291.42510556108135	0.17708954189296472	-0.9656680187425621	0.24353238283905	1.011525308512457	-5.518933291851861e-15	-1.1806636777641255e-15	1.011525308512457	3.185030222412748	51.60824878586675	280.39175121413325	13.93125750018884	NaN	0.31824758634427974	0.36439783371701023	112.53088528679015	0.02577070279514123	-0.1774532795009187	-0.06767396011018513	0	83.5102614340245	-12.673004357263821	28.666370362106807	71.3833154369438	108.86406005790805	152.68339213321826	228.7475439723701	0.11060893091931984	1.0084989241101174	-16.041890803127238	1.0131750052024857	123.84158105509876	1.0986485125563485	21.04958457288236	1.0986485125563485	2.8152316986032613	1.0986485125563485	0.06977343017665445	1.1778112463050892	NaN	NaN	800000009	800000009	800000009	800000019	800010019	800111119	899999999	899999999	89999	89999	89	89	9	6	5	3	44	5	9	NaN	0	0	0	0	0	0	0	0	0	NaN	NaN	NaN	NaN	0	459	0	0	0	0	0	0	16708	0	0	0	18000	18000	18000	18000	93	NaN	0.346449164434579	0.2979998824468374	0.08434662055260411	0.051847349334937495	26.262392844664312	0.31106668473851445	6.625224400638861e-7	NaN	-0.014309780611873262	0.5613495813434627	0.07507649996245928	0.00006977343017665445	NaN	428.2574449031973	22.078118653580635	95406.68107313367	11.369999885559082	18.266414623366455	96.13998830074735	95.68775455877515	96.5922212515937	-0.9044687283270889	0.00029182941316685166	-1	0	2.007720337137306	51.86963391300737	1.0000808640486665	-273.1499938964844	9.000807739628685	-273.1499938964844	129
DATA	2026-06-12T050000_AIU-0547.ghg	2026-06-12	05:30:00	163.229	1	18000	18000	0.20495844196804716	1	NaN	-131.35042951146173	1	NaN	266.6125631792045	1	NaN	85.52196511390292	1	NaN	6.058037425782698	1	NaN	NaN	NaN	NaN	NaN	NaN	NaN	NaN	NaN	NaN	NaN	NaN	NaN	-4.2278200386004704e-10	-2.1819570451382763e-11	NaN	NaN	16.44874815409867	431.9349055185414	441.78311130352614	0.1	0	848.9117699158638	22.291947186316367	22.80020822388012	0.1	1	NaN	NaN	NaN	NaN	0	NaN	NaN	NaN	NaN	9	299.672368347168	297.56495171403856	95118.45376448288	1.104364431510056	1017.8794543081353	0.0261934038226415	0.3925608251907188	0.015335956254485587	2105.922444630656	3047.305766785559	0.013886680715998722	69.10768415773654	941.383322154903	291.4830278951677	0.18489528120499657	-0.7607286894073481	0.2594958057031806	0.8247620730105502	-9.157447343871515e-14	-2.5702989668225846e-14	0.8247620730105502	3.652450892960394	48.33913452737113	283.66086547262887	18.338545624544288	NaN	0.43080099741280364	0.6395010598320422	51.35143065915489	0.056473596991849145	-0.4926640663334912	-0.2712351924390767	0	97.12834510772645	-14.739601093651155	33.341017806731465	83.02384853831065	126.61660751099846	177.5815923537682	266.0495849488622	0.20301847773504025	1.009555604271345	-114.93084406897847	1.0150025857449614	240.07515284584184	1.110537929555763	77.00949498241216	1.110537929555763	5.455047742679111	1.110537929555763	NaN	1	NaN	NaN	800000009	800000019	800000009	800000019	800000019	800100019	899999999	899999999	89999	89999	89	89	6	3	6	0	39	11	0	NaN	0	0	0	0	0	0	0	0	0	NaN	NaN	NaN	NaN	0	1837	0	0	0	0	101	0	13013	0	0	11	18000	18000	18000	18000	93	NaN	0.47277982927812456	0.7002785052959803	0.1059437850899794	0.4365888960239288	153.5466993578249	0.6365679504586691	NaN	NaN	-0.10224164706438141	2.062811442959526	0.14612139591434745	NaN	NaN	431.9237565979962	22.291318679956678	95394.22079904514	11.369999885559082	18.413305167887003	96.14064329655965	95.68520669725206	96.59608163324992	-0.9108775757468419	0.00029193284207010745	-1	0	1.9262389891189124	48.24171487262341	1.0000787081817786	-273.1499938964844	9.00082066657808	-273.1499938964844	159
DATA	2026-06-12T053000_AIU-0547.ghg	2026-06-12	06:00:00	163.249	1	18000	18000	0.12091716947035264	0	NaN	-32.58290906189282	0	NaN	108.93476570367288	0	NaN	24.47610456441999	0	NaN	2.476290196093137	0	NaN	0.008926766808201706	2	NaN	NaN	NaN	NaN	NaN	NaN	NaN	NaN	NaN	NaN	-1.1121604612018341e-10	-5.795602028632831e-12	-5.685946933172689e-13	NaN	16.23474517526768	426.2685095484207	435.95248118405414	0.1	1	846.0121120511856	22.21336511110494	22.718008529160375	0.1	1	0.08300052264077121	2.0610336391309416	2.107856218923605	0	1	NaN	NaN	NaN	NaN	9	300.0274375271267	298.00072568945643	95001.51826427835	1.1013047866566343	1017.934019209482	0.02607935197930135	0.16046360470683527	0.0153487267044914	2110.8694778644062	3130.516266935245	0.013936856436525084	67.42879761269964	1019.6467890708386	291.52044067919815	0.7475188291941168	-0.7593396061335652	0.3177409973500324	1.1119084399535426	7.425191543923929e-14	-6.850495336977143e-15	1.1119084399535426	5.229804949785534	17.44945611404404	314.55054388595596	16.60439256365573	NaN	0.3313524779636298	0.8919169331023797	94.11123851054836	0.03081459819142595	-0.299104779373425	-0.08771471933535749	0	73.62753888525624	-11.173263082700625	25.273951515558807	62.93571284343669	95.98093309111343	134.61462338137477	201.67723582135227	0.11992704118822411	1.0082560886378789	-26.03214311268366	1.0134140291184168	98.8123041949802	1.1024413061830702	22.201730311759125	1.1024413061830702	2.2461877854220447	1.1024413061830702	0.010867628517040116	1.1836205249850693	NaN	NaN	800000009	800000019	800000009	800000019	800001019	800011119	899999999	899999999	89999	89999	89	89	0	3	1	34	23	1	1	NaN	0	0	0	0	0	0	0	0	0	NaN	NaN	NaN	NaN	0	692	0	0	0	0	101	0	14151	0	0	11	18000	18000	18000	18000	93	NaN	0.41703581303083237	1.2415223659268122	0.12527568724711513	0.35643364265951294	107.90756354233352	0.45700725241220147	0.0000011589913153616341	NaN	-0.023221098873470715	0.5921642279619218	0.059910287943073126	0.000010867628517040116	NaN	426.25884500008965	22.212924819302838	95398.41110807292	11.369999885559082	18.36014210075802	96.14172148810493	95.68611427836947	96.59732699500191	-0.9112212815632424	0.00029185040752377565	-1	0	2.0337064150001796	51.551361311623594	1.000092007632057	-273.1499938964844	9.000824755165311	-273.1499938964844	101
DATA	2026-06-12T060000_AIU-0547.ghg	2026-06-12	06:30:00	163.27	1	18000	18000	0.47586390661129185	1	NaN	-92.27943473126238	2	NaN	159.56437988436446	2	NaN	49.4304197573684	2	NaN	3.6265309555646636	2	NaN	0.2084276801259028	1	NaN	NaN	NaN	NaN	NaN	NaN	NaN	NaN	NaN	NaN	1.072356453892243e-10	5.57293197893654e-12	5.477990966081661e-13	NaN	16.341582748710646	428.95376380923227	438.73416132269557	0.1	1	849.2561289315331	22.29230904650178	22.800586773293624	0.1	1	0.08347881186707369	2.071152153392244	2.118375637786358	0	1	NaN	NaN	NaN	NaN	9	299.8677695380317	297.81192654069696	95021.82234665818	1.1022053061051067	1017.9748112420687	0.02605726028097411	0.2349992059205902	0.015416333550387408	2118.824029616286	3095.4308930326315	0.01398680759836344	68.45005115072844	976.6068634163453	291.5804374135408	0.06312132286131722	-0.08491730325748689	0.21908804734690326	0.2432998608354719	-2.828663230807709e-14	6.562133364816527e-15	0.2432998608354719	4.771918134502908	25.375581983405482	306.6244180165945	64.22198495954574	NaN	0.65706772321481	1.1325321249450493	259.1533030464742	0.011190287624772971	-0.5783210187520351	-0.12516856176686078	0	65.97381453162018	-10.011780883778815	22.646675619121293	56.3934243818606	86.00353039361171	120.62117423274526	180.71249905641085	0.46616156238999223	1.0208132651940587	-81.9091244364725	1.0187488247677337	145.1744555990182	1.0991215997743586	44.97265795478506	1.0991215997743586	3.299481109559818	1.0991215997743586	0.20295653460369018	1.1796347371763023	NaN	NaN	800000009	800000019	800000009	800000019	800000019	800101019	899999999	899999999	89999	89999	89	89	7	5	2	16	9	9	3	NaN	0	0	0	0	0	0	0	0	0	NaN	NaN	NaN	NaN	0	646	0	0	0	0	0	0	12179	0	0	0	18000	18000	18000	18000	93	NaN	0.3194794917875246	1.297430560527708	0.6481541975748661	0.8751406347573427	245.885647330877	0.5142888029350804	6.569477786544343e-7	NaN	-0.07300166310360201	1.1985907770620137	0.08793626631952174	0.0002029565346036902	NaN	428.9437849959431	22.29179942109161	95418.7285859375	11.369999885559082	18.41930527761243	96.15030422316657	95.69536009979248	96.60525014856127	-0.9098941052423584	0.00029210845631314435	-1	0	2.048291882856109	60.82075569973891	1.0000954931080341	-273.1499938964844	9.000852891286215	-273.1499938964844	092
DATA	2026-06-12T063000_AIU-0547.ghg	2026-06-12	07:00:00	163.291	1	18000	18000	0.2026192553704565	1	NaN	-13.548052164873841	1	NaN	97.33861922343677	1	NaN	4.456967785557316	1	NaN	2.213199524053084	1	NaN	0.018176462321550034	2	NaN	NaN	NaN	NaN	NaN	NaN	NaN	NaN	NaN	NaN	3.580891991210565e-11	1.878275082469239e-12	1.8651772010217607e-13	NaN	15.985180131854104	420.1524139129948	429.6204473136352	0.1	0	838.4661029749108	22.03813496271621	22.534759023426776	0.1	1	0.08326191800630352	2.0695249123680544	2.116161157561247	0.1	0	NaN	NaN	NaN	NaN	9	300.2217928466797	298.23871327645986	95046.42299225181	1.1010196797392227	1017.839855197714	0.026087848275811714	0.14341532915863983	0.015222688917609063	2095.2077642150475	3175.2364176276	0.01382599166730114	65.98588226638245	1080.0286534125526	291.40173130039614	-0.6164734999736154	-1.0978764946226174	0.2303704494324492	1.28001676457231	6.831216686319103e-14	2.2401323986802147e-15	1.28001676457231	5.505084490331771	91.31483937820201	240.685160621798	10.368277793725285	NaN	0.42898570118275453	0.8394394268028371	491.30099587320905	0.005902695138742215	-0.13918475804320635	-0.02818120177431189	0	85.88434587344443	-13.033280830222182	29.48131672489712	73.41264710832097	111.9589188998929	157.02397566387452	235.25052905917127	0.2010873147432564	1.0076182857638536	-7.760745629262641	1.0122704166780525	88.91978497348673	1.094678976703107	4.071483860026765	1.094678976703107	2.0217795090197805	1.094678976703107	0.014412383452473754	1.1682239798832947	NaN	NaN	800000009	800000019	800000009	800000019	800001119	800101119	899999999	899999999	89999	89999	89	89	17	3	8	6	47	8	4	NaN	0	0	0	0	0	0	0	0	0	NaN	NaN	NaN	NaN	0	421	0	0	0	0	101	0	17207	0	0	11	18000	18000	18000	18000	93	NaN	0.7528234516200634	0.7831700659605333	0.1428853360250777	0.04268181083218171	5.833278606072952	0.08265332949721273	8.004508582903241e-7	NaN	-0.0069251456977127215	0.10861046738681698	0.05393277364638361	0.000014412383452473753	NaN	420.1510125361613	22.038028595016897	95444.90953624132	11.369999885559082	18.246677141083595	96.1434334042867	95.69346563741895	96.59340052286784	-0.89994058558676	0.00029190635312818856	-1	0	2.0487909536774502	47.72535016243977	1.0000850751035744	-273.1499938964844	9.000855851544275	-273.1499938964844	230
DATA	2026-06-12T070000_AIU-0547.ghg	2026-06-12	07:30:00	163.312	1	18000	18000	0.0358425654673893	0	NaN	-11.144898918326042	1	NaN	36.301936333176776	0	NaN	7.146905928931007	0	NaN	0.8253236464749434	0	NaN	-0.0032006454153786037	1	NaN	NaN	NaN	NaN	NaN	NaN	NaN	NaN	NaN	NaN	-8.00542962929436e-11	-4.2569247786707355e-12	-4.1407709668043724e-13	NaN	15.987003332956021	420.2313151836111	429.8364391435	0.2	0	850.1164056919063	22.345997419456275	22.85675439416544	0.1	1	0.08269202567850703	2.05466996902665	2.10163305586976	0	1	NaN	NaN	NaN	NaN	9	300.09578585306804	298.1417501409238	95067.34553933643	1.10149088548676	1018.0128140597762	0.02607362703364845	0.05348097229157633	0.015443761616990077	2124.94449911025	3156.949304793863	0.014020780217500686	67.31006088325516	1032.004805683613	291.62646637260957	0.023425148276453662	-1.0486137237965953	0.2140451715690198	1.0704927906241744	6.635203572622785e-15	-5.007461037298817e-15	1.0704927906241744	3.2809750944965748	60.72027334396125	271.27972665603875	11.534042727987618	NaN	0.18038860068599047	0.3447796312718629	44.41587772251426	0.06529196649264908	-0.3070056323177611	-0.05509762663400329	1	9.316035977024153	4	8	17	31	65	256	0.035532767000802525	1.0087186699133164	-8.965716959547624	1.01478055611257	32.60107304009281	1.1135196773594738	6.4183023203314225	1.1135196773594738	0.7411846088181044	1.1135196773594738	-0.0017485063886045961	1.2037482822941499	NaN	NaN	800000009	800000019	800000009	800000019	800001019	800101119	899999999	899999999	89999	89999	89	89	12	11	4	0	54	12	5	NaN	0	0	0	0	0	0	0	0	0	NaN	NaN	NaN	NaN	0	644	0	0	0	0	101	0	16611	0	0	16	18000	18000	18000	18000	93	NaN	0.23931728371923894	0.3990643445658495	0.05117763425863727	0.05185306274373112	12.311813087642642	0.06986215439098335	3.9410388789708993e-7	NaN	-0.007995596550228539	0.17117451212908513	0.019767207507525843	-0.0000017485063886045962	NaN	420.22699318612445	22.3459006100272	95465.10023524305	11.369999885559082	18.47145159366395	96.1487785036299	95.69951306449042	96.59802550209893	-0.8985144828375844	0.000292525748309951	-1	0	2.0299042681724937	42.486510992145256	1.0000853592852752	-273.1499938964844	9.000863171127108	-273.1499938964844	134
DATA	2026-06-12T073000_AIU-0547.ghg	2026-06-12	08:00:00	163.333	1	18000	18000	0.10600599414707501	0	NaN	-9.315622720542244	2	NaN	85.21624301873892	0	NaN	9.38211084667149	0	NaN	1.9377796450478684	0	NaN	NaN	NaN	NaN	NaN	NaN	NaN	NaN	NaN	NaN	NaN	NaN	NaN	1.1820142406687151e-10	6.462211336930144e-12	NaN	NaN	15.846715496856017	417.078223061036	426.81042200708754	0.1	1	866.3586360766249	22.80215862650598	23.334229427335366	0.1	1	NaN	NaN	NaN	NaN	0	NaN	NaN	NaN	NaN	9	300.5106473897298	298.3492539832077	95162.5432630051	1.1017630992306342	1018.1831494452957	0.02625450557256698	0.12556812099910186	0.015650452999548786	2154.7683156040416	3193.194423843185	0.014204916656291687	67.48002249767991	1038.4261082391436	291.8491062751816	0.37496512564164935	-0.9435984197142239	0.24857791523447043	1.0453553477535318	1.9640113783588642e-14	7.459048790919648e-15	1.0453553477535318	3.867025867755768	40.32822238030042	291.6717776196996	13.756302782349367	NaN	0.31018522000799365	0.4135117256242172	270.39355899822783	0.010725107545993751	-0.10931745393297558	-0.02677174397641706	0	79.56799442836042	-12.07475012979085	27.313117670640118	68.01352489420555	103.72491685922485	145.47567072529057	217.94906388449007	0.10513416801186572	1.0082925099584266	-4.248770019731564	1.012550327946132	77.91581498284374	1.0936963572479177	8.578350640464613	1.0936963572479177	1.7717711430656389	1.0936963572479177	NaN	1	NaN	NaN	800000009	800000019	800000009	800000019	800000019	800111119	899999999	899999999	89999	89999	89	89	1	2	4	0	24	1	1	NaN	0	0	0	0	0	0	0	0	0	NaN	NaN	NaN	NaN	0	1939	0	0	0	0	101	0	16712	0	0	21	18000	18000	18000	18000	93	NaN	0.41413400873223827	0.3224655434684883	0.09042389904770777	0.05201412737506718	13.686217290507235	0.20314315793632173	NaN	NaN	-0.003787469078802381	0.2304381731457555	0.0475946627215858	NaN	NaN	417.0722203132296	22.801946348491974	95475.13789735243	11.369999885559082	18.794325644281187	96.12408258713616	95.67563727018569	96.57252213414509	-0.8968834657395879	0.00029266740529823837	-1	0	2.0308393697946987	40.921494963017	1.0000825523965888	-273.1499938964844	9.000843698501587	-273.1499938964844	048
DATA	2026-06-12T080000_AIU-0547.ghg	2026-06-12	08:30:00	163.354	1	18000	18000	0.05733142619665175	0	NaN	-24.262228864246158	1	NaN	37.47881983491063	0	NaN	9.533117447005448	1	NaN	0.8532231875373334	0	NaN	0.018130096597400017	1	NaN	NaN	NaN	NaN	NaN	NaN	NaN	NaN	NaN	NaN	6.03585505844334e-11	3.3673215210071688e-12	3.1877412719291853e-13	NaN	15.656118156909015	413.66532810753955	423.4373416370814	0	0	873.4335582071981	23.077826560504803	23.622993916960272	0.1	1	0.08268530891437617	2.068062691447955	2.1169165238279226	0	1	NaN	NaN	NaN	NaN	9	300.85107301669643	299.521602738546	95074.97694826771	1.096198472787218	1018.4606192124784	0.02619219783269844	0.0552888625524192	0.015877340435572717	2194.712378746334	3426.0304144682036	0.014484001601646685	64.05992105259818	1231.3180357218698	292.1431002101388	0.009122800529086364	-1.0835400838238558	0.17830385380601294	1.0981505375058598	2.6360830241444484e-13	3.855269229543805e-15	1.0981505375058598	5.506176670789888	61.517613030509665	270.48238696949034	9.34433571036477	NaN	0.2286924233018317	1.0628512369663898	41.582099489672636	0.06974154830061542	-0.6473584005878026	-0.09502666442320434	0	58.703879573290024	-8.90854020626364	20.151142202685232	50.179193323004036	76.52643593443563	107.32941450208455	160.7990209041397	0.05683118178866367	1.0088022876217553	-21.910401977254715	1.0152535067679986	33.52505970961315	1.11793446930577	8.527438511602073	1.11793446930577	0.7632139548100519	1.11793446930577	0.020362054233784944	1.2112679345646893	NaN	NaN	800000009	800000019	800000009	800000019	800001019	800101119	899999999	899999999	89999	89999	89	89	6	2	2	9	68	12	3	NaN	0	0	0	0	0	0	0	0	0	NaN	NaN	NaN	NaN	0	1353	0	0	0	0	0	0	9023	0	0	0	18000	18000	18000	18000	93	NaN	0.6108801733744706	1.4096930418816456	0.10512925867666358	0.11748081184467347	13.249404499446635	0.06592184577185799	4.4938367862946133e-7	NaN	-0.019625327457967016	0.2286300566023828	0.020462610132051015	0.000020362054233784943	NaN	413.6621776501478	23.077724126956415	95481.05138476563	11.369999885559082	18.98933110645082	96.07218471760218	95.62990858078004	96.51445987934535	-0.8845462793227701	0.0002941561265987629	-1	0	2.0398025952281222	40.84374443292655	1.0000662066770925	-273.1499938964844	9.000715527640448	-273.1499938964844	083
DATA	2026-06-12T083000_AIU-0547.ghg	2026-06-12	09:00:00	163.374	1	18000	18000	0.11111791246132238	0	NaN	10.214290965555273	1	NaN	73.03291703779398	0	NaN	0.8062955605788393	2	NaN	1.6637252496232195	0	NaN	0.010588218736819196	1	NaN	NaN	NaN	NaN	NaN	NaN	NaN	NaN	NaN	NaN	3.2727471164683237e-10	1.876437244339631e-11	1.738574523982175e-12	NaN	15.437110390419722	409.4786363647148	419.3233222090358	0.1	0	885.0903491994943	23.47755377034161	24.042001144969245	0.4	0	0.08200623480388611	2.0577296770216535	2.1072016162726452	0	1	NaN	NaN	NaN	NaN	9	301.50836498769127	300.1992279288571	95084.52132692208	1.0936670867037768	1018.7039581319337	0.02624881890522643	0.10780939617558462	0.016117507142618972	2232.9507669624736	3565.3373878194893	0.014737123699311298	62.62943794859524	1332.3866208570157	292.42017766896265	0.36227083099289326	-1.1035627385171485	0.2713176204638177	1.1927716143528013	-4.442846354976064e-14	2.120051637707658e-14	1.1927716143528013	5.956013100060162	43.826342334929336	288.17365766507066	13.148060190597642	NaN	0.31874946586905234	0.8830099743447515	-267.4795630816344	-0.010841949816984425	0.13985872918466963	0.028762433218019124	0	68.8470841876104	-10.447810639220611	23.632976113149695	58.84945206836218	89.7491275815621	125.87442754625117	188.58282978812997	0.10984574641932542	1.0115813864757275	14.502075928008368	1.0143120387898645	67.22660810167656	1.08636920856301	0.7421929434518522	1.08636920856301	1.531454717704955	1.08636920856301	0.0021286353775136525	1.1479497692229759	NaN	NaN	800000009	800000019	800000009	800000019	800001019	800111119	899999999	899999999	89999	89999	89	89	1	20	4	14	59	7	1	NaN	0	0	0	0	0	0	0	0	0	NaN	NaN	NaN	NaN	0	818	0	0	0	0	101	0	6130	0	0	21	18000	18000	18000	18000	93	NaN	0.6956673256470595	0.9332416825427429	0.13711094049970066	0.10731943955687899	7.805225808737371	0.10433235733150487	4.3051323179425314e-7	NaN	0.013016584395819524	0.019950195593640023	0.04116560448408339	0.0000021286353775136524	NaN	409.4746069703918	23.477433406291823	95501.18587847223	11.369999885559082	19.267724737962073	96.02930804782443	95.59038260438707	96.46823865742154	-0.877858070474532	0.00029478032552449605	-1	0	2.0329115579148875	41.080829179810614	1.0000537493460708	-273.1499938964844	9.000604086981879	-273.1499938964844	111
DATA	2026-06-12T090000_AIU-0547.ghg	2026-06-12	09:30:00	163.395	1	18000	18000	0.17095818422810619	0	NaN	16.3701527286163	1	NaN	78.38678098937724	0	NaN	-1.6858115166161989	2	NaN	1.7872187141831608	0	NaN	0.01785519148058271	2	NaN	NaN	NaN	NaN	NaN	NaN	NaN	NaN	NaN	NaN	-3.205334084111743e-10	-1.855915244720967e-11	-1.7270745598040672e-12	NaN	15.197747567000167	404.2712927253935	413.961148748478	0.1	1	879.9622958126977	23.40764598895252	23.968696757467885	0.5	0	0.08188738677629559	2.0629365000146414	2.1123823994134048	-0.1	0	NaN	NaN	NaN	NaN	9	302.21071839226613	301.07906990082506	95082.7764136796	1.0904801403983995	1018.6852179836147	0.026326233641567574	0.11581177267906881	0.016022261053023432	2226.260980737483	3753.561549189975	0.014692849928628512	59.31062942654861	1527.300568452492	292.3720048453413	0.5935677789159297	-0.6860848160269702	0.2067717341011448	0.930478174366901	5.1831869016284294e-14	-2.1090849614265786e-14	0.930478174366901	6.002331906084684	21.135207221266796	310.86479277873315	12.839513028139562	NaN	0.3959460984389127	1.5093786794666886	-319.8923162292313	-0.009065550664623941	0.208838180647254	0.037218502784401475	0	67.79866659149924	-10.288709224189768	23.2730882791496	57.953280475940915	88.38240935808986	123.95758580491771	185.71105156531465	0.168650372611455	1.0136839995128148	20.93311639295781	1.0155052028314955	72.17853499498227	1.0860123580345122	-1.5522949662075813	1.0860123580345122	1.645670696987009	1.0860123580345122	0.006556338140648287	1.1488087009687622	NaN	NaN	800000009	800000019	800000009	800000019	800001019	800011119	899999999	899999999	89999	89999	89	89	1	3	2	35	18	6	2	NaN	0	0	0	0	0	0	0	0	0	NaN	NaN	NaN	NaN	0	811	0	0	0	0	101	0	7061	0	0	16	18000	18000	18000	18000	93	NaN	1.3900706879348599	1.408846875151212	0.21983979584730542	0.08091475045891709	26.393096627279974	0.19356322014006333	3.293298895293287e-7	NaN	0.018844131374221272	-0.04184585568087964	0.04436302377029164	0.000006556338140648288	NaN	404.2678865019138	23.407423675136464	95490.19642230903	11.369999885559082	19.2169964872996	96.01910742081536	95.58444881714715	96.4537602619595	-0.8693050370944874	0.00029605500552861493	-1	0	2.040591209832991	47.69817628622535	1.0000388439397017	-273.1499938964844	9.000481220669217	-273.1499938964844	102
DATA	2026-06-12T093000_AIU-0547.ghg	2026-06-12	10:00:00	163.416	1	18000	18000	0.4921829522980067	0	NaN	24.80396060941344	1	NaN	56.147590334473236	0	NaN	-2.6809507327572284	1	NaN	1.2810472980321173	0	NaN	-0.03518233173846883	2	NaN	NaN	NaN	NaN	NaN	NaN	NaN	NaN	NaN	NaN	5.391910785146378e-10	3.096651271212136e-11	2.955027034288218e-12	NaN	15.02643530905275	400.85545383878014	410.30128717562894	0.1	1	862.9896126944523	23.021700472525115	23.56418815408672	0.3	0	0.08235210918095423	2.0810529320340847	2.13009125488315	0	1	NaN	NaN	NaN	NaN	9	302.76154814317493	301.7862741005106	95060.3972774703	1.0878288054723786	1018.4834454518972	0.026394283578975747	0.08301186491248119	0.015717458228468373	2189.0390220015956	3911.066596638676	0.014448466660747438	55.970384750874395	1722.0275746370803	292.1016307972109	0.1675887955691904	-0.6030378206305921	0.21822142250014287	0.6628432746504274	-7.506808355312787e-15	3.5882833647831264e-14	0.6628432746504274	6.514953117618721	46.468983608335975	285.531016391664	19.22145412577177	NaN	0.672640489675072	1.8865627417281325	-1034.8591427176002	-0.002802313745216022	0.4417635816898881	0.03328307915348482	0	87.93263140407714	-13.344116061831848	30.18442686513838	75.16349077264832	114.62906595958934	160.76889488103518	240.86110046010666	0.48370360257956296	1.0175300528530775	27.912171904378642	1.0178915473800991	51.63446225948841	1.0874053466908236	-2.465456640355742	1.0874053466908236	1.1780770638387812	1.0874053466908236	-0.04279761163365488	1.151604595536684	NaN	NaN	800000009	800000019	800000009	800000019	800001019	800111119	899999999	899999999	89999	89999	89	89	17	16	5	26	43	12	0	NaN	0	0	0	0	0	0	0	0	0	NaN	NaN	NaN	NaN	0	520	0	0	0	0	101	0	5388	0	0	16	18000	18000	18000	18000	93	NaN	1.6028870214238622	1.8390479429214328	0.3311905191109699	0.08842341533184553	1.6207161984139369	0.1411433667356223	1.1696789438634656e-7	NaN	0.02519295449314374	-0.06660779781255545	0.03182741792792599	-0.00004279761163365488	NaN	400.8535922336329	23.021512535497095	95465.26220138889	11.369999885559082	18.946678818490764	95.98654898050096	95.55591851827833	96.41718071301779	-0.8612547586013876	0.0002964600273650527	-1	0	2.0606858433088786	53.80992666349193	1.000037197717277	-280.57899420844075	9.00041857239935	-273.1499938964844	081
DATA	2026-06-12T100000_AIU-0547.ghg	2026-06-12	10:30:00	163.437	1	18000	18000	0.2842721853108152	0	NaN	27.981269816442772	0	NaN	20.278433622177285	2	NaN	0.33687759819450025	2	NaN	0.462723705094115	2	NaN	0.030128604129429384	0	NaN	NaN	NaN	NaN	NaN	NaN	NaN	NaN	NaN	NaN	-2.9935937466793237e-10	-1.7160769775303134e-11	-1.6424025857545211e-12	NaN	15.005330906842277	400.63218819852807	410.04947953489653	0.2	0	860.1802745619674	22.966231653433937	23.506077678665786	0.3	0	0.0823251127807088	2.0815344967823965	2.130463208354586	0.9	0	NaN	NaN	NaN	NaN	9	303.1202906951904	301.91222087778476	95051.5782752318	1.0872971294920464	1018.4551324152984	0.026407748823587655	0.02998449609009865	0.01567159337399085	2183.562126048523	3939.7119489889365	0.014413349349420394	55.42441057420198	1756.1498229404133	292.06150792700373	0.18742593011499434	-0.4430355672269955	0.20539142206321515	0.5230627394154422	-1.1487605402044008e-13	-1.9950201466828536e-14	0.5230627394154422	5.514489781930112	39.06923720480984	292.93076279519016	23.120781748291787	NaN	0.5113203332706497	1.3485452284903485	-402.933496899862	-0.007197217462217381	1.3798536089020883	0.04941789171168485	0	75.96833345382055	-11.528487689323502	26.077470542943065	64.93658883390307	99.03239522426374	138.89434241084717	208.08903479441585	0.27842049933254864	1.0210174394209288	28.845969589111697	1.0201350786685044	18.61218702373569	1.0895244925444103	0.30919690240994624	1.0895244925444103	0.42470243510863875	1.0895244925444103	0.017655239270168283	1.1546312670658454	NaN	NaN	800000009	800000019	800000009	800000019	800011019	800111119	899999999	899999999	89999	89999	89	89	1	6	6	39	32	8	2	NaN	0	0	0	0	0	0	0	0	0	NaN	NaN	NaN	NaN	0	475	0	0	0	0	0	0	3448	0	0	0	18000	18000	18000	18000	93	NaN	0.8245133257469659	1.596715254551274	0.27586187668245743	0.06191062665782023	2.5294714745332683	0.32646375500092817	6.40319626873048e-8	NaN	0.026049236501934536	0.008357178517646639	0.011479138501770311	0.000017655239270168284	NaN	400.6306080479338	22.965875949595713	95458.8091436632	11.369999885559082	18.90455632140901	95.94096406258475	95.51074695756702	96.37118338712055	-0.8604357958005531	0.00029688146316200607	-1	0	2.0617090193449346	50.377003424577715	1.000038115474913	-283.5162755817815	9.000439683331384	-273.1499938964844	109
DATA	2026-06-12T103000_AIU-0547.ghg	2026-06-12	11:00:00	163.458	1	18000	18000	0.17307523901987304	0	NaN	20.859457907963748	0	NaN	125.74192325543711	0	NaN	0.5932451062944404	2	NaN	2.869204149626914	0	NaN	0.03927598947449378	1	NaN	NaN	NaN	NaN	NaN	NaN	NaN	NaN	NaN	NaN	5.656140492860337e-10	3.315973493680898e-11	3.137481800885761e-12	NaN	14.924337753475958	399.14091064751256	408.70462639684985	0.2	0	874.9554305402469	23.400067265328598	23.96075043728891	0.3	0	0.08278584690551695	2.0934344952636375	2.1435947567614617	0	1	NaN	NaN	NaN	NaN	9	303.6542111367119	301.89806370551287	95043.98819259074	1.087081366440135	1018.701055101326	0.026408619307531356	0.185924428895824	0.01596710583145808	2224.632290909418	3936.482960274365	0.0146880503377089	56.51319498546402	1711.850669364947	292.3602575240171	0.6607290213697051	-0.3440932752277734	0.20568716375547458	0.7728326022308645	-3.17775238701787e-15	3.7898770359461955e-14	0.7728326022308645	4.644121225067496	359.5095180456452	332.4904819543548	15.435125413547892	NaN	0.39901244766074373	1.0692117672085018	-256.8538829431714	-0.011290465874100182	0.1658910359243434	0.04720714827836102	0	73.9837233512248	-11.227315449579818	25.39621811661298	63.240173967750856	96.44525551603516	135.26584218437424	202.65288025584834	0.1704106569625516	1.0156362407423087	28.235478084574872	1.0166981283373153	115.72842772216282	1.0865258064104557	0.5460018554500221	1.0865258064104557	2.6407142220633255	1.0865258064104557	0.021552275156993327	1.1501155157329153	NaN	NaN	800000009	800000019	800000009	800000019	800011019	800011119	899999999	899999999	89999	89999	89	89	8	6	2	23	46	16	9	NaN	0	0	0	0	0	0	0	0	0	NaN	NaN	NaN	NaN	0	861	0	0	0	0	0	0	604	0	0	0	18000	18000	18000	18000	93	NaN	0.9678882691814633	0.9910538497313566	0.1794814155041833	0.08236938185991917	1.482856298830983	0.3836871231822942	2.199644108662806e-7	NaN	0.02549683879114765	0.014764743815876457	0.07140904117911989	0.000021552275156993327	NaN	399.1392794484608	23.3996585048013	95452.28615885417	11.369999885559082	19.203123624165865	95.89317200194465	95.4616064330207	96.3247400686476	-0.8631344880080886	0.0002970105946151305	-1	0	2.078510610258027	52.18134205298377	1.000020301234391	-273.1499938964844	9.000344332880443	-273.1499938964844	144
DATA	2026-06-12T110000_AIU-0547.ghg	2026-06-12	11:30:00	163.479	1	18000	18000	0.08611719575781472	1	NaN	10.002630162470606	1	NaN	98.39985573195965	1	NaN	-0.29918596957003346	1	NaN	2.2456150668110184	1	NaN	0.0030169328610351416	1	NaN	NaN	NaN	NaN	NaN	NaN	NaN	NaN	NaN	NaN	-2.5186649271953965e-10	-1.4420620076572413e-11	-1.3890861651130863e-12	NaN	14.925548995799042	398.42906721016055	407.73023486300326	0.1	1	854.5625469218559	22.812062627555385	23.344601130561045	0.3	0	0.08231691874896832	2.082400284293049	2.1310130883240372	-0.2	0	NaN	NaN	NaN	NaN	9	303.9590853873359	302.0386426511708	95048.38426726562	1.0868694189340715	1018.3708936508986	0.02641969449939052	0.145515856329354	0.01555935386010245	2168.8313045805676	3968.648735190424	0.014315752738136674	54.64911231244311	1799.8174306098563	291.95315280135094	1.7991309663578388	-0.9189168974652862	0.2938189368907771	2.0414725239959255	-7.323011459228722e-14	-1.687485618052845e-14	2.0414725239959255	8.617543863295015	359.0559448424159	332.9440551575841	8.275033390188456	NaN	0.28148564704818513	1.85710210544838	-188.04221216565873	-0.015422069154585352	0.10165289459079781	0.0321051430274038	0	44.04077784024901	-6.683357947666125	15.117773875025488	37.64539450211796	57.411601897398114	80.5205879776472	120.63451356272742	0.0853732237623562	1.0087143481606062	15.835054577505227	1.0133004986688878	90.07998287760702	1.092360950663778	-0.2738892939995995	1.092360950663778	2.0557445462019315	1.092360950663778	-0.006346808415762853	1.1503750238174635	NaN	NaN	800000009	800000009	800000009	800000019	800001019	800001119	899999999	899999999	89999	89999	89	89	9	2	4	14	15	13	5	NaN	0	0	984	0	0	0	0	0	0	NaN	NaN	NaN	NaN	0	118	0	0	0	0	101	0	1309	0	0	21	18000	18000	18000	18000	93	NaN	1.9074826650743621	1.480011780284059	0.3267097655383387	0.038607921301037594	4.411486867932751	0.13345615511635195	3.4260163117769376e-8	NaN	0.01430659283009621	-0.007405041046377313	0.055580386232672044	-0.000006346808415762853	NaN	398.42796508714457	22.81190018813637	95441.43923155381	11.369999885559082	18.796371783758982	95.89698490397134	95.4660699795617	96.32789790068732	-0.8618436563798673	0.00029660973184864915	-1	0	2.063357143149332	49.365434918867244	1.000030022299952	-273.1499938964844	9.000401852528254	-273.1499938964844	129
DATA	2026-06-12T113000_AIU-0547.ghg	2026-06-12	12:00:00	163.499	1	18000	18000	0.19090045870916064	0	NaN	22.601530638821647	0	NaN	61.35834959585397	1	NaN	0.5255336302532518	1	NaN	1.4012268126797096	1	NaN	-0.05288999352192406	0	NaN	NaN	NaN	NaN	NaN	NaN	NaN	NaN	NaN	NaN	-1.0888737448758011e-10	-6.302047557474598e-12	-6.09103303457777e-13	NaN	14.884383051484809	398.84543834951427	408.2698908975982	-0.1	0	861.4597449479819	23.08387847892449	23.629335180775282	0.3	0	0.08326150694013147	2.113191176846104	2.1631244794648574	-0.3	0	NaN	NaN	NaN	NaN	9	304.56036853790283	302.7327880294757	95049.20054763385	1.084274190325609	1018.5429849977639	0.026480184842961493	0.09079949746164517	0.015708783748463174	2194.692740184299	4130.850369028038	0.01448783332539328	53.12932069966737	1936.1576288437386	292.1429568242102	0.06594548969409973	-0.620685170148433	0.1863304661360335	0.6513969071646413	-3.7005098118828665e-14	-7.31554503206083e-15	0.6513969071646413	7.856503917965489	55.93528837819781	276.0647116218022	16.621473722546472	NaN	0.4195984989688247	1.8928907851071235	-275.6739585783565	-0.010519673366883201	0.3683529753927548	0.048773670921933986	0	74.84670797870896	-11.358276696216542	25.69245281308571	63.97784024759605	97.57024313674462	136.84365331824552	205.01672884921996	0.18756880504441348	1.0177623014869572	26.06684379086138	1.0180393930795752	56.4199292448964	1.0875297154223973	0.48323611097756003	1.0875297154223973	1.2884492191879762	1.0875297154223973	-0.05860944392278707	1.1517969627959164	NaN	NaN	800000009	800000019	800000009	800000019	800001019	800011019	899999999	899999999	89999	89999	89	89	2	11	3	34	38	9	1	NaN	0	0	0	0	0	0	0	0	0	NaN	NaN	NaN	NaN	0	603	0	0	0	0	101	0	2610	0	0	21	18000	18000	18000	18000	93	NaN	0.8743883017274383	2.7185861112518896	0.19280715723491904	0.12401503531114344	0.7025950563500557	0.3173150379926783	8.963838844554807e-7	NaN	0.023603150048471657	0.013098629827451955	0.03492478933222049	-0.000058609443922787074	NaN	398.8441474254499	23.083508370008367	95454.8362608507	11.369999885559082	18.98588397052554	95.8712899347941	95.44023049863179	96.30234768040975	-0.862112756997347	0.00029800764383010873	-1	0	2.0985087291389077	50.7180028400684	1.000021200824115	-273.1499938964844	9.000350386646058	-273.1499938964844	184
DATA	2026-06-12T120000_AIU-0547.ghg	2026-06-12	12:30:00	163.52	1	18000	18000	0.36058138820961344	0	NaN	37.324099341704795	0	NaN	127.6858918750554	0	NaN	0.34368428423016345	2	NaN	2.9170239837012883	0	NaN	0.06866794934347857	2	NaN	NaN	NaN	NaN	NaN	NaN	NaN	NaN	NaN	NaN	-5.041769818685136e-10	-2.9363189611821886e-11	-2.780837313513717e-12	NaN	14.856750503785499	398.7998146150771	408.2826025316696	0.2	0	865.2548564225273	23.226039654376432	23.778315759111848	0.3	0	0.08194385631287095	2.083525751106572	2.1330684843086245	0.8	0	NaN	NaN	NaN	NaN	9	305.0967926678128	303.11592861686336	95034.76606000474	1.0826804915236663	1018.6336051837524	0.0265177254072411	0.18902315414384346	0.015783150150150645	2207.873324882051	4222.824547969342	0.014577846625774951	52.284277970861126	2014.9512230872915	292.2389394630287	1.2600034730941807	-0.8505100906083015	0.2663826135146534	1.5433521513960844	-1.212385471238012e-13	-3.3935885356629596e-14	1.5433521513960844	8.227735261806691	6.019591977231016	325.98040802276904	9.939024303306418	NaN	0.5771005623195354	2.069866029218136	-434.2751348904509	-0.006677794253017839	0.29231185053888004	0.05864345217927703	0	78.25977283950613	-11.876222456531018	26.864047533176485	66.89527675637181	102.01951789181051	143.08382442498905	214.36564227517718	0.357032598640244	1.0099396794099054	44.81427924804739	1.0135506417842817	117.33413748239128	1.088224574832006	0.3158211018008112	1.088224574832006	2.6805349292462006	1.088224574832006	0.043265356847637784	1.1482803268171786	NaN	NaN	800000009	800000009	800000009	800000019	800000019	800111119	899999999	899999999	89999	89999	89	89	20	16	3	8	46	13	3	NaN	0	0	0	0	0	0	0	0	0	NaN	NaN	NaN	NaN	0	349	0	0	0	0	101	0	1603	0	0	16	18000	18000	18000	18000	93	NaN	2.5440263034020085	1.2694609571651148	0.32624479786914906	0.07563353120533704	0.4276582616473825	0.20245521740489456	2.15137809963298e-7	NaN	0.040634797978193714	0.008574051943338625	0.07277235621128918	0.000043265356847637783	NaN	398.7993788924847	23.22577611013154	95427.75333159723	11.369999885559082	19.081356012344358	95.86092556571961	95.42904965082803	96.29280155075921	-0.863750386337439	0.0002985248061854186	-1	0	2.064803156970937	48.05460967943335	1.0000185829136106	-273.1499938964844	9.000354511049059	-273.1499938964844	023
DATA	2026-06-12T123000_AIU-0547.ghg	2026-06-12	13:00:00	163.541	1	18000	18000	0.2766937393289176	0	NaN	22.346189953279207	1	NaN	167.0454447784653	0	NaN	1.5333911686856259	1	NaN	3.817683756058145	0	NaN	0.020154672369926272	2	NaN	NaN	NaN	NaN	NaN	NaN	NaN	NaN	NaN	NaN	3.0835694841660117e-10	1.7972336926914362e-11	1.7085264118663012e-12	NaN	14.809492642754606	397.87834299393654	407.3241990999745	0.3	0	863.1593770108658	23.19001946584461	23.740563597807895	0.2	0	0.08205558349313231	2.0901401795682824	2.139761285429657	0	1	NaN	NaN	NaN	NaN	9	305.6299917000664	303.5128713451061	95020.3080051766	1.0811148891837097	1018.6236807365871	0.02655649161046436	0.2473859073925678	0.015735668855061502	2204.1138639534215	4319.984547386819	0.01455503851856359	51.0213367611859	2115.8706834333975	292.2116139254148	0.2335789555334052	-1.0434330208577438	0.24011436453697574	1.0958861736245487	1.4918249324209677e-13	2.0821574098114812e-14	1.0958861736245487	7.9697277021769075	49.38200860320171	282.6179913967983	12.65648281578734	NaN	0.5058989080772466	2.4396227900053113	-488.5872234124494	-0.005935480628710413	0.1337731177459798	0.040110135328485355	0	73.9578144645516	-11.223383676070036	25.387324434228447	63.218027441105455	96.41148066553906	135.21847247632004	202.5819118012922	0.2733485618875332	1.012237772235878	32.31995731908063	1.0146684390145466	153.80274174123187	1.0861018658530408	1.4118299736841693	1.0861018658530408	3.5150328676211955	1.0861018658530408	0.001198488970184415	1.148122275619838	NaN	NaN	800000009	800000019	800000009	800000019	800000019	800001119	899999999	899999999	89999	89999	89	89	6	6	3	9	46	14	1	NaN	0	0	0	0	0	0	0	0	0	NaN	NaN	NaN	NaN	0	338	0	0	0	0	101	0	3416	0	0	16	18000	18000	18000	18000	93	NaN	1.4595383841265386	3.130935668536419	0.28877152734766454	0.17409865155682294	0.7249077469346173	0.30047279683053735	2.5128015671361646e-7	NaN	0.02934844947497633	0.03838360619062416	0.09556365840980102	0.000001198488970184415	NaN	397.87766286172945	23.18962845567573	95417.883046875	11.369999885559082	19.053606029934343	95.85316184488933	95.41922708574931	96.28709798410203	-0.8678649986982347	0.00029887927247424775	-1	0	2.070828381795795	45.47272623099218	1.0000158796509107	-273.1499938964844	9.000321862565146	-273.1499938964844	082
DATA	2026-06-12T130000_AIU-0547.ghg	2026-06-12	13:30:00	163.562	1	18000	17999	0.30408038921239855	0	NaN	23.710819648031066	1	NaN	143.90111471754662	0	NaN	0.9620044411589694	1	NaN	3.2908523882232674	0	NaN	0.021405627830709414	2	NaN	NaN	NaN	NaN	NaN	NaN	NaN	NaN	NaN	NaN	-7.116179320071862e-11	-4.064648759808955e-12	-3.9161906127431717e-13	NaN	14.752857273781727	397.2832344746363	406.50778566508086	0.1	0	842.6598083662382	22.692188232883286	23.219079966067664	0.2	0	0.08118823116748045	2.0738800621480054	2.122033649151053	0	1	NaN	NaN	NaN	NaN	9	306.09326263427727	304.1706883315903	94996.07740271141	1.078706533442061	1018.3596001616005	0.026620837111708595	0.21324723475686772	0.015360645393940863	2156.2471051625726	4485.279526167789	0.014239874254702387	48.07386234420186	2329.0324210052167	291.8600752254158	-0.6020890304366213	-1.4120116102119633	0.18932415485419277	1.546714298188397	6.259888414849281e-14	-4.8235939574352775e-15	1.546714298188397	7.721018213956582	85.09364976167285	246.906847198827	7.0308697883015965	NaN	0.5309364622151963	2.3763038728833097	-532.1404014946663	-0.005449689577890595	0.16477161900080736	0.040653650055516084	0	72.39075919336368	-10.98557699292934	24.84940506946566	61.878532164603335	94.3686658517998	132.3533956539437	198.28950463601961	0.3010911566581064	1.0099279985087257	32.29127195641573	1.0135463143218257	132.23192723742588	1.0882478817628394	0.8839938558856923	1.0882478817628394	3.0239915403211777	1.0882478817628394	0.0034907283547364904	1.148289133525139	NaN	NaN	800000009	800000019	800000009	800100019	800100019	800101019	899999999	899999999	89999	89999	89	89	12	26	6	29	38	14	0	NaN	0	0	0	0	0	0	0	0	0	NaN	NaN	NaN	NaN	0	528	0	0	0	0	101	0	5523	0	0	16	18000	18000	18000	18000	93	NaN	2.2956496284993704	2.1214026394347174	0.3355554778325318	0.17266506169478926	0.48110052875937853	0.31997609701832785	8.137908231860276e-7	NaN	0.029395488462956365	0.02407921304899948	0.08237086273049997	0.0000034907283547364905	NaN	397.2826412253278	22.691704959097866	95399.1773077257	11.369999885559082	18.702421575599235	95.8569706946479	95.41981387604608	96.29412699211969	-0.8743122529288132	0.0002994835409254949	-1	0	2.054282872356361	40.43441717138553	1.0000073989861542	-273.1499938964844	9.000249612119463	-273.1499938964844	036
DATA	2026-06-12T133000_AIU-0547.ghg	2026-06-12	14:00:00	163.583	1	18000	18000	0.3975771101712759	0	NaN	37.11912967961886	0	NaN	192.14965546893458	0	NaN	-1.4131971436356223	1	NaN	4.396062549902824	0	NaN	-0.012966011670229417	0	NaN	NaN	NaN	NaN	NaN	NaN	NaN	NaN	NaN	NaN	5.20916206170282e-11	2.96071866417973e-12	2.9436021363905294e-13	NaN	14.693436467301952	396.85670254739193	406.014791288047	0.1	1	835.127244543036	22.55604706321611	23.076563106708296	0.1	0	0.08302992009799372	2.1249843316494634	2.1740216666795384	-0.3	0	NaN	NaN	NaN	NaN	9	306.441634385003	304.5949876239305	94964.85445799938	1.0769057643541122	1018.2943428205647	0.026666736252677323	0.284864853233703	0.015242209289956584	2142.606303841468	4594.787747528343	0.014153707589352808	46.63123568643693	2452.181443686875	291.7586430757148	-0.878789653792801	-1.7182616126490926	0.16012267307799738	1.9365777793701517	-7.255392773372374e-15	3.5452306023135106e-15	1.9365777793701517	10.632137109204827	89.08707025425207	242.91292974574793	4.742819637143509	NaN	0.6076056946376052	2.896614798358498	-509.33749870531534	-0.00569367071415615	0.19317822657048697	0.05570894278484268	0	76.66948578489294	-11.634890260626744	26.318153448943242	65.53592330081564	99.946418102038	140.17627249311406	210.00959965589723	0.39406868992068816	1.0089030677654036	48.53359916793737	1.0132989252607674	176.05994709327732	1.091387670173119	-1.2948626617812686	1.091387670173119	4.027956948794839	1.091387670173119	-0.03518298539705277	1.1498203954274675	NaN	NaN	800000009	800000009	800000009	800000019	800000019	800111119	899999999	899999999	89999	89999	89	89	8	25	8	29	21	16	0	NaN	0	0	0	0	0	0	0	0	0	NaN	NaN	NaN	NaN	0	33	0	0	0	0	0	0	3015	0	0	0	18000	18000	18000	18000	93	NaN	2.9616633131073478	2.4508737557774003	0.38069252783224755	0.20000061078070103	0.7012010964371729	0.33366844803050194	3.4395885261829973e-7	NaN	0.04425796758691443	-0.035326807970389604	0.1098918563667013	-0.00003518298539705277	NaN	396.8575021788389	22.555538191425253	95364.54605208333	11.369999885559082	18.60031634855269	95.8722577457428	95.4311142425537	96.31340716934204	-0.8822974891894394	0.00029986362485700136	-1	0	2.1059552157074215	44.41233258297723	1.0000151028864914	-273.1499938964844	9.000272939443589	-273.1499938964844	016
DATA	2026-06-12T140000_AIU-0547.ghg	2026-06-12	14:30:00	163.604	1	18000	18000	0.18469411473431305	0	NaN	38.40815847049248	0	NaN	105.28301932764262	0	NaN	-0.6582139276002617	0	NaN	2.4094288982473113	0	NaN	0.005044539820650761	1	NaN	NaN	NaN	NaN	NaN	NaN	NaN	NaN	NaN	NaN	-1.5133590075176284e-10	-8.65676531904986e-12	-8.516571296461058e-13	NaN	14.64934072859566	396.44470594881454	405.6437151332559	0.1	1	837.9763435925782	22.677558757244462	23.20376346664859	0.1	0	0.08244055385501939	2.1130591010516864	2.1620900246235384	0.3	0	NaN	NaN	NaN	NaN	9	306.7347406005859	304.904907293057	94932.24319772577	1.0753918708993089	1018.3716787021178	0.026703039071294222	0.15613099260642577	0.01530348716924085	2153.4089973399164	4676.236016618469	0.014230614516774365	46.05004943478266	2522.8270192785526	291.83901768155647	-1.2110756869785555	-1.1915638298475404	0.1513340916258926	1.7057053343057773	1.3486855589118897e-14	-1.033056050477095e-14	1.7057053343057773	6.77905570847385	107.46528931232365	224.53471068767635	5.0901059172088186	NaN	0.4144223354456617	1.5296570853012568	-156.15297341427296	-0.018571532367214785	0.3648086720515263	0.08462667327961938	0	66.79662742174268	-10.136645914287351	22.929120658113316	57.09675246481242	87.07615009744875	122.1255386186009	182.96631103750525	0.18296736096148009	1.0094374961947257	44.57327264823115	1.013389379357282	96.64093673140071	1.0894246567607404	-0.6041849002732996	1.0894246567607404	2.2116526216796197	1.0894246567607404	-0.01368518281159457	1.1487996826251103	NaN	NaN	800000009	800000009	800000009	800000019	800001019	800111019	899999999	899999999	89999	89999	89	89	5	17	7	25	16	17	0	NaN	0	0	0	0	0	0	0	0	0	NaN	NaN	NaN	NaN	0	0	0	0	0	0	101	0	3675	0	0	21	18000	18000	18000	18000	93	NaN	1.555707907811712	1.2536367596375317	0.2499695031532697	0.229528666887998	0.544578685419475	0.2719619703129901	2.2089716440706827e-7	NaN	0.040700660748340355	-0.016508035358726046	0.06042858678426292	-0.000013685182811594569	NaN	396.4447476043166	22.677013608361406	95329.76231987847	11.369999885559082	18.6809366030693	95.91904953447978	95.47690735816956	96.36118856790331	-0.8842792350732619	0.00030079681761142435	-1	0	2.0938476323904816	46.29952797762531	1.0000186339269082	-273.1499938964844	9.0002615981102	-273.1499938964844	220
DATA	2026-06-12T143000_AIU-0547.ghg	2026-06-12	15:00:00	163.624	1	18000	18000	0.15897627187863989	1	NaN	37.19993492785594	0	NaN	128.63730069951242	0	NaN	-0.5261604392690811	1	NaN	2.9450894459729082	0	NaN	0.0252507602689373	2	NaN	NaN	NaN	NaN	NaN	NaN	NaN	NaN	NaN	NaN	-6.738109186582135e-11	-3.837844749914303e-12	-3.7820321261664143e-13	NaN	14.616588485941953	396.09106600736095	405.23323966945645	0.1	1	832.5213472963122	22.56027582918094	23.08098931452705	0.1	0	0.08204142393368848	2.1067854024473682	2.155412093809258	0	1	NaN	NaN	NaN	NaN	9	307.03867184109157	305.3189608927513	94894.91514045544	1.0735592362429875	1018.317104489727	0.026749819388164016	0.19084179609904445	0.015197716721304374	2141.429722169816	4787.0056695311805	0.014156383931351645	44.734221557325604	2645.5759473613643	291.74986758224543	-0.7532335008885459	-1.1211793631521338	0.09476896146117088	1.3540254898913175	1.2291892271425392e-13	-4.609905514588963e-15	1.3540254898913175	7.041373859400385	95.89409326649456	236.10590673350544	4.013443284051526	NaN	0.3848160237371227	1.9391492509162103	-129.04338436675877	-0.022473062173864	0.28918466669906534	0.08842600025286289	0	60.22664343556211	-9.139625497224008	20.673857760035155	51.48082896933024	78.51151242335749	110.11351250294238	164.97010703850427	0.15729183839099625	1.0107089694219	44.79891165720703	1.0138762107667445	118.33343895011731	1.0870748103056367	-0.48401493096979076	1.0870748103056367	2.7091874616659375	1.0870748103056367	0.0036006519995967217	1.1479426132099853	NaN	NaN	800000009	800000009	800000009	800000019	800000019	800101119	899999999	899999999	89999	89999	89	89	4	14	5	27	22	10	0	NaN	0	0	0	0	0	0	0	0	0	NaN	NaN	NaN	NaN	0	23	0	0	0	0	101	0	4318	0	0	21	18000	18000	18000	18000	93	NaN	2.1035226313715376	1.4955718265372646	0.279204043923618	0.13031464790858394	0.37179520843973307	0.2524964133517516	1.8271066502332094e-7	NaN	0.04097872220204564	-0.013246230764660584	0.07414341997683513	0.0000036006519995967217	NaN	396.0905678573184	22.55989678596561	95301.72481336806	11.369999885559082	18.593764624118794	95.93577387830946	95.49462334484524	96.37691961860656	-0.8822901599953575	0.00030141760306368173	-1	0	2.0877625664671258	50.258642337905684	1.0000219985312886	-273.1499938964844	9.000265338288413	-273.1499938964844	039
DATA	2026-06-12T150000_AIU-0547.ghg	2026-06-12	15:30:00	163.645	1	18000	18000	0.24620093160986936	0	NaN	34.1234252282378	1	NaN	105.63770283257394	0	NaN	1.6378411305598688	1	NaN	2.4196455517361954	0	NaN	-0.009798896182552808	1	NaN	NaN	NaN	NaN	NaN	NaN	NaN	NaN	NaN	NaN	-3.798389078130284e-10	-2.0565451742554718e-11	-2.1214614050993364e-12	NaN	14.62875527843575	397.78283384581835	406.5384449670829	0.1	1	792.0382945087913	21.536981876273828	22.011033097165544	0.2	0	0.08170395156865014	2.101886806557413	2.1481515066230434	-0.2	0	NaN	NaN	NaN	NaN	9	307.39480484856506	305.7927421682582	94854.5394114971	1.0718579918063798	1017.7535844381093	0.02680273262787827	0.15679303175250545	0.014479733296162945	2043.4284772551496	4916.541864936914	0.013509003437816006	41.56231215741656	2873.1133876817644	291.0036459766119	-0.5746292809198106	-0.9096979569880846	0.1486208437721366	1.0862031755810524	-6.191180848906878e-14	-2.5965224011433766e-14	1.0862031755810524	6.524582977153632	94.27939025926139	237.72060974073864	7.864222332067942	NaN	0.4792655589326311	1.49797311545958	-271.6386868422584	-0.010675946175825983	0.323023166097433	0.06526742914276781	0	77.12670458623843	-11.704274977692346	26.475101867865906	65.92674705540215	100.54244898727961	141.01221428443108	211.2619927878287	0.24320705219759753	1.01231000246588	40.312016007832	1.014708796514085	97.264835227587	1.086083193225954	1.5080254816346508	1.086083193225954	2.2278639121089876	1.086083193225954	-0.025785229354946336	1.1481477672864564	NaN	NaN	800000009	800000009	800000009	800000019	800010019	800011119	899999999	899999999	89999	89999	89	89	8	9	3	21	18	16	0	NaN	0	0	0	0	0	0	0	0	0	NaN	NaN	NaN	NaN	0	2	0	0	0	0	0	0	1337	0	0	0	18000	18000	18000	18000	93	NaN	1.2575920203766497	1.5049935956302534	0.23336061491225696	0.23333892786449945	0.49874129689300095	0.46861490877336914	1.8225262184891856e-7	NaN	0.03695341903895216	0.04130911611083283	0.0610275424024571	-0.000025785229354946335	NaN	397.78349379649654	21.53647341560242	95256.5403719618	11.369999885559082	17.843482589297825	95.9864371333652	95.54323599116007	96.42963680267334	-0.8864027574012677	0.0003019713326033929	-1	0	2.0837524360175492	53.77262260362854	1.0000072221838765	-273.1499938964844	9.000162186119292	-273.1499938964844	220
DATA	2026-06-12T153000_AIU-0547.ghg	2026-06-12	16:00:00	163.666	1	18000	18000	0.28711061672999194	0	NaN	38.189900066982176	0	NaN	136.34239974296926	0	NaN	-0.7118515326743681	1	NaN	3.122596601056502	0	NaN	-0.004351523807754937	0	NaN	NaN	NaN	NaN	NaN	NaN	NaN	NaN	NaN	NaN	1.3669677712417162e-10	7.409618758701497e-12	7.596561165265497e-13	NaN	14.636293307490847	398.11716120131746	406.89795944101115	0.1	1	793.3570617435183	21.579853218621718	22.055814457225807	0.2	0	0.08133732168544282	2.091488759858708	2.137618247885525	-0.2	0	NaN	NaN	NaN	NaN	9	307.23923584069144	305.6800938810837	94826.43430103755	1.0719177645900655	1017.7743463269815	0.026800800001181978	0.20234425974846132	0.01450960275981454	2046.889442647472	4885.470297754238	0.01353611558566105	41.89749027004401	2838.5808551067666	291.03052866147056	-0.49292890817779095	-0.4343989215989243	0.14610384636273302	0.6730732987763662	3.645672043541695e-14	9.339576233704627e-15	0.6730732987763662	4.959979557895923	110.61153686351179	221.38846313648818	12.536982824114444	NaN	0.5175399646479941	0.9888060280381251	-305.5685136406726	-0.009490506614860846	0.28010288904241987	0.06763814084012569	0	84.92084129678493	-12.887065293489657	29.150576782693406	72.58905788779194	110.70289337322876	155.26238200371725	232.61134075186223	0.28222000002635295	1.0173290932718528	46.0947097528538	1.0177636846109737	125.39543369080963	1.0872995589229495	-0.6546967915442821	1.0872995589229495	2.871882523478318	1.0872995589229495	-0.023829576771360318	1.1514395059304379	NaN	NaN	800000009	800000009	800000009	800000019	800001019	800111019	899999999	899999999	89999	89999	89	89	11	3	2	16	20	6	3	NaN	0	0	0	0	0	0	0	0	0	NaN	NaN	NaN	NaN	0	1	0	0	0	0	0	0	2307	0	0	0	18000	18000	18000	18000	93	NaN	0.9801975804702105	0.7835005185832606	0.21391395702277902	0.17488980244557875	0.5583538423715354	0.5082463576485627	1.2118375230058614e-7	NaN	0.042251109343651505	-0.01793350396412783	0.07866682300034507	-0.00002382957677136032	NaN	398.1166820288765	21.579171217975475	95224.75968012153	11.369999885559082	17.869120237668344	95.99944495052762	95.5562485025194	96.44263873121473	-0.8863906933698388	0.00030243194664944886	-1	0	2.0734516178104605	57.92387356948819	1.0000058035320707	-273.1499938964844	9.000157635503346	-273.1499938964844	177
DATA	2026-06-12T160000_AIU-0547.ghg	2026-06-12	16:30:00	163.687	1	18000	18000	0.10599404081919031	0	NaN	23.926445857474935	0	NaN	94.92427930777217	0	NaN	-1.2441269846243632	1	NaN	2.174322668756219	0	NaN	0.021069552731582095	2	NaN	NaN	NaN	NaN	NaN	NaN	NaN	NaN	NaN	NaN	-6.766082105577687e-11	-3.6071758775500028e-12	-3.7142638776264105e-13	NaN	14.613117867806741	397.94006895364663	406.56544806434147	0.1	1	779.0636508104694	21.21522906523496	21.67507065416829	0.2	0	0.08021920956464286	2.0638824513822738	2.108617249337883	0	1	NaN	NaN	NaN	NaN	9	307.3412366900974	305.82541762118865	94793.27338216145	1.0711826160710194	1017.5732514323201	0.026822921409748936	0.14089610893540297	0.014252676972271608	2011.6004544727343	4925.586699134715	0.013305552908008222	40.839814165206256	2913.9862446619804	290.75453454206837	-0.902034601063771	-0.6904236858007039	0.11904487635286716	1.1421571564441946	-1.2764140572120289e-13	-4.6301427024575126e-15	1.1421571564441946	5.859250188844992	114.56930029383523	217.4306997061648	5.982696236235928	NaN	0.31456396223981026	0.8923058689218497	-109.48137650513834	-0.02648852336875663	0.25205823032796937	0.06978145594097464	0	66.60900332067008	-10.108173233091168	22.864715375722316	56.936374205177586	86.83156313224548	121.78250192220231	182.45237955682978	0.1047465343122226	1.0119097640333303	29.538545311404512	1.0144879245855745	87.39017702627994	1.0862122327458674	-1.1453811208508475	1.0862122327458674	2.001747543626613	1.0862122327458674	0.006215913048577343	1.148022067795288	NaN	NaN	800000009	800000009	800000009	800000009	800000009	801100009	899999999	899999999	89999	89999	89	89	9	17	4	8	12	19	4	NaN	0	0	0	0	0	0	0	0	0	NaN	NaN	NaN	NaN	0	0	0	0	0	0	0	0	2479	0	0	0	18000	18000	18000	18000	93	NaN	0.7631804329879835	0.8763963605011293	0.14503494435458653	0.14576416746383916	0.6421761809838412	0.32328406810023497	3.1103475634841694e-7	NaN	0.0270994143529972	-0.03138856194528199	0.054856829423960814	0.000006215913048577343	NaN	397.94053799531565	21.2147785190583	95188.55969270834	11.369999885559082	17.59501890680522	96.03131903288099	95.58750904083251	96.47512994342381	-0.887620524045494	0.0003029876321945468	-1	0	2.0464541096466546	56.149577214453195	1.0000059144919118	-273.1499938964844	9.000146616511875	-273.1499938964844	113
DATA	2026-06-12T163000_AIU-0547.ghg	2026-06-12	17:00:00	163.708	1	18000	18000	0.11675339271579938	1	NaN	-16.60988016140463	2	NaN	245.64439177758842	1	NaN	6.693821683899342	1	NaN	5.624562876875787	1	NaN	0.020324402099532582	1	NaN	NaN	NaN	NaN	NaN	NaN	NaN	NaN	NaN	NaN	-1.3953583392208713e-11	-7.79431751904551e-13	-7.626541000572445e-14	NaN	14.622720992103266	397.32863119147294	406.3472393109431	0.1	1	816.8090389491274	22.194338356434624	22.698107841929243	0.2	0	0.07992268226130142	2.0534486721125056	2.1000580715199817	0	1	NaN	NaN	NaN	NaN	9	307.15520337083603	305.43752961391874	94785.88850651041	1.0720591317287622	1018.1136513451781	0.026790988207445035	0.364471674421551	0.014928228139205347	2104.274378888387	4819.142287476759	0.01392481785508664	43.66491490314885	2714.8679085883714	291.4705469991379	-0.6421343321315283	-0.3279261521456314	0.16046083649105955	0.7386607758710836	3.0789257231558616e-14	-9.542398709340136e-16	0.7386607758710836	3.5139163442109074	124.9474376782266	207.0525623217734	12.546513129707126	NaN	0.3300086963620371	0.404364615391934	182.1149068412366	0.015924012209105706	-0.06761758345553259	-0.04611329051681934	0	85.17384713839282	-12.925459906056437	29.23742550086007	72.80532347586164	111.03271204057376	155.72495737425095	233.3043629491905	0.11560907347844888	1.0098981784294276	-1.5916624736534912	1.0131091380797934	225.12764200035994	1.0911338545321576	6.134739249539126	1.0911338545321576	5.154787245866745	1.0911338545321576	0.008237359002885754	1.1661653257275195	NaN	NaN	800000009	800000009	800000009	800000009	800001019	800101019	899999999	899999999	89999	89999	89	89	18	3	4	11	50	2	0	NaN	0	0	0	0	0	0	0	0	0	NaN	NaN	NaN	NaN	0	0	0	0	0	0	0	0	3246	0	0	0	18000	18000	18000	18000	93	NaN	0.3526041038451186	0.36979305438843446	0.08633207255031494	0.20229716115242147	6.64140987305256	1.3294910959535808	1.1609563658297354e-7	NaN	-0.001458263400276395	0.16808731430772092	0.14123735479882496	0.000008237359002885754	NaN	397.32718785292997	22.193051670535297	95176.23865559897	11.369999885559082	18.29750995487635	95.98154699918958	95.53951172298855	96.42358335579767	-0.8840730268259844	0.0003019000943022549	-1	0	2.035286091549528	61.014521894878634	1.0000085034759507	-273.1499938964844	9.000174917009142	-273.1499938964844	088
DATA	2026-06-12T170000_AIU-0547.ghg	2026-06-12	17:30:00	163.729	1	18000	18000	0.06956499442854015	1	NaN	103.84791001160191	1	NaN	-237.39875213153027	1	NaN	-16.758206026484636	1	NaN	-5.418368450986331	1	NaN	-0.05817169191145395	1	NaN	NaN	NaN	NaN	NaN	NaN	NaN	NaN	NaN	NaN	3.642072593794357e-10	2.4162083690979593e-11	1.955036978750222e-12	NaN	15.274924376615541	411.10843731504565	422.63521336393893	0.1	1	1013.3625611692244	27.273581766049862	28.038286258912215	0.1	1	0.08199463694045943	2.079666624968994	2.13797691312298	0	1	NaN	NaN	NaN	NaN	9	304.42914807213685	302.1549898079767	94789.39247309028	1.0816467167841832	1020.9170219657325	0.026502085515282544	-0.3511102756239142	0.018544576484804745	2585.939711107473	3995.4427428247895	0.017144762885185988	64.72223174143666	1409.5030317173164	294.79850505702035	0.8529994167362444	0.16664236883704675	0.28626591601217416	0.9150551123917169	3.5204413506436157e-15	2.384347381365779e-14	0.9150551123917169	3.114200045470171	320.94589539099326	11.054104609006739	18.23047062678497	NaN	0.25360199119804644	0.23235693928943552	-13.229996191224535	-0.21919885373236705	-0.4374408419555011	0.3708251833185642	0	94.75502145690136	-14.379440073297204	32.52633259804668	80.9951671775817	123.52274043378429	173.2423997873044	259.54868377988817	0.06861496828071188	1.013845756569348	88.77843576190375	1.0156017951268963	-218.59273625551032	1.0860322085635905	-15.430671295328708	1.0860322085635905	-4.989141581862274	1.0860322085635905	-0.06937619702015335	1.148904212198251	NaN	NaN	800000009	800000009	800000009	800000009	800100019	810110119	899999999	899999999	89999	89999	89	89	3	5	0	1	8	0	1	NaN	0	0	0	0	0	0	0	0	0	NaN	NaN	NaN	NaN	0	0	0	0	0	0	0	0	301	0	0	0	18000	18000	18000	18000	93	NaN	0.2946070968689478	0.13105086909268293	0.039055912617240285	0.4894229912532524	78.71179580280071	2.749689076805305	9.243802359489815e-7	NaN	0.08039547534340426	-0.4204142482907962	-0.13593097588631514	-0.00006937619702015335	NaN	411.10151018911733	27.271022449474163	95162.68159027777	11.369999885559082	21.61229953734083	95.84496649890477	95.39856116443212	96.2913729311625	-0.8928093862268666	0.00029965120538124896	-1	0	2.05680425450206	70.34056334122882	1.0000137361751662	-273.1499938964844	9.00021585753229	-273.1499938964844	065
DATA	2026-06-12T173000_AIU-0547.ghg	2026-06-12	18:00:00	163.749	1	18000	18000	0.08279481227206027	1	NaN	26.392992673415385	1	NaN	123.12171081442565	1	NaN	-0.4612723776728258	2	NaN	2.8076988443150928	1	NaN	-0.006461520514094705	1	NaN	NaN	NaN	NaN	NaN	NaN	NaN	NaN	NaN	NaN	-8.866685388688804e-11	-5.72996972342142e-12	-4.632836292675181e-13	NaN	15.657790255052156	418.271440574991	429.89149311141335	0.1	1	1011.862496120428	27.030198835339288	27.78112825596817	0.1	1	0.08181183359594597	2.0664942043287047	2.1239037448593754	-0.3	0	NaN	NaN	NaN	NaN	9	303.55618158976233	301.27061369233775	94788.33680516973	1.0849106712175833	1020.7576474916533	0.026424810970008355	0.181938885111618	0.01843283541029961	2562.834860083602	3795.6661363213707	0.016990187210171544	67.52002858100195	1232.8312762377686	294.6518187569905	0.6614682690957701	0.11228825451586986	0.26101729907641746	0.7199159350506558	-1.5635633926138045e-15	-5.6627948415823696e-15	0.7199159350506558	1.9449884332029528	322.3655387637787	9.634461236221288	21.257888785283527	NaN	0.2762514539213184	0.25797599175163854	-67.28119694797256	-0.04310268145560077	0.214365057948196	0.08627151834335312	0	103.1383839727975	-15.651647678304025	35.40406966453092	88.16113936612817	134.45130016699443	188.5698602027017	282.5120125111278	0.0814526265726572	1.0164781144068549	33.59336645412051	1.0172253643814528	113.2796772830681	1.086882605666009	-0.424399447804367	1.086882605666009	2.5832586055553066	1.086882605666009	-0.02134144274761143	1.1507578361810307	NaN	NaN	800000009	800000009	800000009	800000019	800000019	800000019	899999999	899999999	89999	89999	89	89	1	0	0	5	6	0	1	NaN	0	0	1365	0	0	0	0	0	0	NaN	NaN	NaN	NaN	0	1	0	0	0	0	0	0	6919	0	0	0	18000	18000	18000	18000	93	NaN	0.25206895899658777	0.2263904384733301	0.037492586033359275	0.10850156820246733	82.31061480581906	0.6279947354580739	2.86743586944324e-7	NaN	0.030334504420347148	-0.011526317407685406	0.07015904188332187	-0.00002134144274761143	NaN	418.26901707992835	27.029577247089332	95170.61359418403	11.369999885559082	21.489020354588863	95.78297026613023	95.32954175864326	96.23639919259813	-0.9068522011571456	0.00029685865140668797	-1	0	2.0439793147643406	67.52485538885314	1.000014909396569	-273.1499938964844	9.00027859626876	-273.1499938964844	136
DATA	2026-06-12T180000_AIU-0547.ghg	2026-06-12	18:30:00	163.77	1	18000	16914	0.4952173955996853	1	NaN	341.55356490578464	1	NaN	465.4950519264882	1	NaN	67.17502701704089	1	NaN	10.58282326704244	1	NaN	NaN	NaN	NaN	NaN	NaN	NaN	NaN	NaN	NaN	NaN	NaN	NaN	1.3478832693446962e-10	7.723384997151592e-12	NaN	NaN	15.537275819135205	407.4299436525788	417.1690802543161	0.1	0	890.2875025406016	23.345777677962452	23.903831206971958	0.6	0	NaN	NaN	NaN	NaN	0	NaN	NaN	NaN	NaN	9	300.3340324164582	298.12272365980937	95116.13383048793	1.101840247791449	1018.4832354114948	0.02625187804584702	0.68576694770435	0.016025174283921095	2204.6793677267688	3150.2628088615597	0.014544008821643863	69.98398233712744	945.583441134791	292.21572688355	1.6235230899707243	-0.061804860503452054	0.2860504457773325	1.660511523926937	-6.903429815116734e-14	8.675158277647918e-15	1.660511523926937	29.873340526962792	334.1801035986308	358.3013411227121	9.951635981332613	NaN	0.6704071382280662	5.545166855108064	-74.43738398139689	-0.03895891882397099	0.7337426326923092	0.45399145202538077	0	67.91356148547567	-10.306144967618028	23.31252797825826	58.05149090323425	88.5321864564178	124.1676503149536	186.02576648011393	0.4905254274964668	1.0095651883474528	367.06828356307346	1.0134250654595245	427.4226077265935	1.0890744745637044	61.68083871762026	1.0890744745637044	9.717263157124345	1.0890744745637044	NaN	1	NaN	NaN	800000009	800000009	800000009	811110019	811110009	811110119	899999999	899999999	89999	89999	89	89	1	0	3	12	22	0	10	NaN	0	0	17008	0	0	0	0	0	0	NaN	NaN	NaN	NaN	0	5104	0	0	0	0	0	0	11711	0	0	0	18000	18000	18000	18000	93	NaN	5.153847293445639	5.308900698058657	0.6275857187118333	154.89460373625286	176.04643027229088	6.831878753086448	NaN	NaN	0.32709533034409954	1.657660462688615	0.26114954459113493	NaN	NaN	407.40662778452275	23.339300048686358	95215.9023858507	11.369999885559082	19.045644115448017	95.919059451633	95.46731047015723	96.37080708736842	-0.9034971663869109	0.0002915672937427496	-1	0	1.5718833530340066	45.58567019692353	1.0000407135685285	-273.14999389648534	9.000497257259157	-273.1903688981798	234
DATA	2026-06-12T210000_AIU-0547.ghg	2026-06-12	21:30:00	163.895	0	18000	18000	0.06004544045156751	0	NaN	36.08081089321653	1	NaN	4.358972643593979	2	NaN	8.640197515219647	1	NaN	0.09878075811948374	2	NaN	NaN	NaN	NaN	NaN	NaN	NaN	NaN	NaN	NaN	NaN	NaN	NaN	-1.504760732765224e-10	-8.465449052706319e-12	NaN	NaN	16.16639888996559	419.7388499833138	429.8900913484799	0.2	0	909.4856291022329	23.613573723748104	24.184659975052792	0.1	1	NaN	NaN	NaN	NaN	0	NaN	NaN	NaN	NaN	9	297.01316503058547	294.801376476165	95195.04333845054	1.1150676229821448	1018.568087010521	0.025940084351712012	0.006400993126142546	0.016403825061756083	2231.627335913199	2577.8764970505104	0.014711058525657463	86.56843485196154	346.24916113731115	292.4106577543721	1.1587542264324735	-0.8203793135723485	0.38456584261159626	1.4709263960905892	-3.721214695780783e-15	-9.307952519340731e-15	1.4709263960905892	5.455374630028099	7.297878551568942	324.70212144843106	15.155800074881915	NaN	0.23205418999805769	0.6812930182869651	-29.239919172123923	-0.09917948072731797	8.277365756410862	0.13689752737692412	0	56.91563276917026	-8.63716685463814	19.53729494241471	48.65062685098508	74.19527561785758	104.05992901208764	155.90073586186375	0.0594387306826996	1.010207313680817	36.118205030655496	1.0136553325095687	4.007112959273419	1.0878087760182233	7.942754007598578	1.0878087760182233	0.0908070979911169	1.0878087760182233	NaN	1	NaN	NaN	800000009	800000019	800000009	800000019	800000009	800101009	899999999	899999999	89999	89999	89	89	14	9	2	22	15	0	0	NaN	0	0	0	0	0	0	0	0	0	NaN	NaN	NaN	NaN	0	14908	0	0	0	0	101	0	9023	0	0	16	18000	18000	18000	18000	93	NaN	0.2883803401115054	0.9572592673524062	0.11694642911001865	0.39476575850592555	69.2043410061826	0.18520575170730472	NaN	NaN	0.03180056880210786	0.2109816859727625	0.002412089637187712	NaN	NaN	419.73632940348966	23.613386488933156	95509.07371961806	11.369999885559082	19.360656867769055	95.64870236672293	95.11751446363667	96.17989066992862	-1.0623766532739138	0.00016663250627849886	-1	0	2.277836460041825	8.856395399258655	1.0001344800922605	-273.1499938964844	9.0011167626116	-273.1499938964844	204
DATA	2026-06-12T213000_AIU-0547.ghg	2026-06-12	22:00:00	163.916	0	18000	18000	0.049812775944452076	1	NaN	57.85128879806943	0	NaN	16.66865715556687	1	NaN	-4.964389133850074	2	NaN	0.3773140599999605	1	NaN	-0.01626707816150651	1	NaN	NaN	NaN	NaN	NaN	NaN	NaN	NaN	NaN	NaN	2.462142980600789e-10	1.379884042817543e-11	1.2693816099950304e-12	NaN	16.51416012186583	428.0266299850731	438.54663373073015	0.1	1	925.5200129415737	23.988335416379915	24.577918775810602	0.1	1	0.08514034858403972	2.0739330283820183	2.1249059859000625	-0.1	0	NaN	NaN	NaN	NaN	9	296.3371196746827	293.64484453942373	95097.65288020184	1.118015093659885	1018.8646741953594	0.025672171326628298	0.024449951087997437	0.016838069756929558	2281.8463115782506	2403.60732780659	0.015060681964327687	94.93423843321978	121.76101622833949	292.76848044150574	1.9088795044422184	-0.02369303059768622	0.4434198451745258	1.9598478209476151	-4.683951409244779e-14	1.4909283684010975e-14	1.9598478209476151	3.982182243400052	332.7111192448881	359.28888075511173	13.076521870439617	NaN	0.21107973434258964	0.34049217837395407	-13.715249226656246	-0.2114434781370003	3.470662828933926	0.24060371466030347	0	60.68035827885776	-9.208478475137191	20.829603383547227	51.868657593277064	79.1029755453922	110.94304794141424	166.21290228648326	0.049375374381568006	1.0088586986602648	58.50048253872164	1.0132971721324784	15.268523268558111	1.091700674805402	-4.5473903684588155	1.091700674805402	0.3456204330616701	1.091700674805402	-0.03342740905512591	1.1499396519916942	NaN	NaN	800000009	800000019	800000009	800000019	800000019	800011019	899999999	899999999	89999	89999	89	89	26	6	2	74	21	1	1	NaN	0	0	0	0	0	0	0	0	0	NaN	NaN	NaN	NaN	0	1143	0	0	0	0	0	0	13468	0	0	0	18000	18000	18000	18000	93	NaN	0.17619442156132603	0.4223457946824785	0.08244414050410359	0.12440824984158742	16.329174008807804	0.026126241703440856	3.3641434307570903e-7	NaN	0.05135648325723298	-0.11961143346755555	0.009090962526754558	-0.00003342740905512591	NaN	428.0266207280608	23.98829561811376	95493.4485251736	11.369999885559082	19.61320806206599	94.99987050501507	94.38694776958889	95.61279446877373	-1.225846960133975	0.00016849475893832277	-1	0	2.095846692358994	46.43437545749313	1.0001177762564686	-273.1499938964844	9.000927141507466	-273.1499938964844	251
DATA	2026-06-12T230000_AIU-0547.ghg	2026-06-12	23:30:00	163.979	0	18000	18000	0.08465569388921416	1	NaN	38.96016162940948	0	NaN	2.8049581528914103	2	NaN	6.287247202232863	2	NaN	0.06351246958144272	2	NaN	NaN	NaN	NaN	NaN	NaN	NaN	NaN	NaN	NaN	NaN	NaN	NaN	-1.8980517961444817e-10	-1.0393806349907819e-11	NaN	NaN	16.971991039418036	439.546041529649	450.38672121372076	0.2	0	929.3929101113622	24.069714255468863	24.66335414225436	0.1	1	NaN	NaN	NaN	NaN	0	NaN	NaN	NaN	NaN	9	296.2031013861762	293.9550041529719	95142.81648797961	1.117475610948185	1018.8109356017126	0.02588353672750269	0.004115608028877488	0.016757225369987944	2273.154930532011	2447.362712466374	0.014995607247096279	92.88181596266938	174.20778193436308	292.70704935583376	1.5185396363874688	-0.6150536159220125	0.3741549685637909	1.680549171621988	-5.685674331483101e-14	-1.1183436237599884e-14	1.680549171621988	4.5796696448297505	354.04940813182236	337.95059186817764	12.864052983124413	NaN	0.27523842259293096	0.4362368212153651	-45.17004660916364	-0.06420183767115435	13.889747905596565	0.1243311751234515	0	78.17747211140573	-11.86373300352354	26.835796356467373	66.82492733183646	101.91223058061212	142.93335244555058	214.1402078303937	0.08385840480111818	1.0095075632548325	38.90390943136992	1.0134084378477912	2.575002498535607	1.0893030800888843	5.771807054580108	1.0893030800888843	0.05830559992197971	1.0893030800888843	NaN	1	NaN	NaN	800000009	800000019	800000009	800000019	800000009	800110019	899999999	899999999	89999	89999	89	89	9	0	4	45	13	0	0	NaN	0	0	0	0	0	0	0	0	0	NaN	NaN	NaN	NaN	0	3133	0	0	0	0	0	0	13830	0	0	0	18000	18000	18000	18000	93	NaN	0.273983982744507	0.5240848311860232	0.07440482850019993	0.12235711214279665	60.0600859858351	0.006366984938216912	NaN	NaN	0.03417130731741523	0.153051490531325	0.001546094470933643	NaN	NaN	439.54494059537546	24.069692720631185	95566.16789822049	11.369999885559082	19.680194175826177	94.81848963122896	94.19046661080253	95.44651246558297	-1.2560464906162696	0.00017082366230735923	-1	0	2.3753694664473195	39.4106452500108	1.000100341240565	-273.1499938964844	9.000812129312092	-273.1499938964844	073
