DATAH	filename	date	time	DOY	daytime	file_records	used_records	Tau	qc_Tau	rand_err_Tau	H	qc_H	rand_err_H	LE	qc_LE	rand_err_LE	co2_flux	qc_co2_flux	rand_err_co2_flux	h2o_flux	qc_h2o_flux	rand_err_h2o_flux	ch4_flux	qc_ch4_flux	rand_err_ch4_flux	none_flux	qc_none_flux	rand_err_none_flux	H_strg	LE_strg	co2_strg	h2o_strg	ch4_strg	none_strg	co2_v-adv	h2o_v-adv	ch4_v-adv	none_v-adv	co2_molar_density	co2_mole_fraction	co2_mixing_ratio	co2_time_lag	co2_def_timelag	h2o_molar_density	h2o_mole_fraction	h2o_mixing_ratio	h2o_time_lag	h2o_def_timelag	ch4_molar_density	ch4_mole_fraction	ch4_mixing_ratio	ch4_time_lag	ch4_def_timelag	none_molar_density	none_mole_fraction	none_mixing_ratio	none_time_lag	none_def_timelag	sonic_temperature	air_temperature	air_pressure	air_density	air_heat_capacity	air_molar_volume	ET	water_vapor_density	e	es	specific_humidity	RH	VPD	Tdew	u_unrot	v_unrot	w_unrot	u_rot	v_rot	w_rot	wind_speed	max_wind_speed	wind_dir	yaw	pitch	roll	u*	TKE	L	(z-d)/L	bowen_ratio	T*	model	x_peak	x_offset	x_10%	x_30%	x_50%	x_70%	x_90%	un_Tau	Tau_scf	un_H	H_scf	un_LE	LE_scf	un_co2_flux	co2_scf	un_h2o_flux	h2o_scf	un_ch4_flux	ch4_scf	un_none_flux	un_none_scf	spikes_hf	amplitude_resolution_hf	drop_out_hf	absolute_limits_hf	skewness_kurtosis_hf	skewness_kurtosis_sf	discontinuities_hf	discontinuities_sf	timelag_hf	timelag_sf	attack_angle_hf	non_steady_wind_hf	u_spikes	v_spikes	w_spikes	ts_spikes	co2_spikes	h2o_spikes	ch4_spikes	none_spikes	head_detect_LI-7200	t_out_LI-7200	t_in_LI-7200	aux_in_LI-7200	delta_p_LI-7200	chopper_LI-7200	detector_LI-7200	pll_LI-7200	sync_LI-7200	chopper_LI-7500	detector_LI-7500	pll_LI-7500	sync_LI-7500	not_ready_LI-7700	no_signal_LI-7700	re_unlocked_LI-7700	bad_temp_LI-7700	laser_temp_unregulated_LI-7700	block_temp_unregulated_LI-7700	motor_spinning_LI-7700	pump_on_LI-7700	top_heater_on_LI-7700	bottom_heater_on_LI-7700	calibrating_LI-7700	motor_failure_LI-7700	bad_aux_tc1_LI-7700	bad_aux_tc2_LI-7700	bad_aux_tc3_LI-7700	box_connected_LI-7700	mean_value_RSSI_LI-7200	mean_value_LI-7500	u_var	v_var	w_var	ts_var	co2_var	h2o_var	ch4_var	none_var	w/ts_cov	w/co2_cov	w/h2o_cov	w/ch4_cov	w/none_cov	co2_mean	h2o_mean	air_p_mean	vin_sf_mean	dew_point_mean	avg_signal_strength_7200_mean	co2_signal_strength_7200_mean	h2o_signal_strength_7200_mean	delta_signal_strength_7200_mean	flowrate_mean	hit_power_mean	hit_vin_mean	ch4_mean	rssi_77_mean	ch4_aux-1_mean	ch4_aux-2_mean	ch4_aux-3_mean	ch4_aux-4_mean	CHK
DATAU		[yyyy-mm-dd]	[HH:MM]	[ddd.ddd]	[1=daytime]	[#]	[#]	[kg+1m-1s-2]	[#]	[kg+1m-1s-2]	[W+1m-2]	[#]	[W+1m-2]	[W+1m-2]	[#]	[W+1m-2]	[µmol+1s-1m-2]	[#]	[µmol+1s-1m-2]	[mmol+1s-1m-2]	[#]	[mmol+1s-1m-2]	[µmol+1s-1m-2]	[#]	[µmol+1s-1m-2]	[µmol+1s-1m-2]	[#]	[µmol+1s-1m-2]	[W+1m-2]	[W+1m-2]	[µmol+1s-1m-2]	[mmol+1s-1m-2]	[µmol+1s-1m-2]	[µmol+1s-1m-2]	[µmol+1s-1m-2]	[mmol+1s-1m-2]	[µmol+1s-1m-2]	[µmol+1s-1m-2]	[mmol+1m-3]	[µmol+1mol_a-1]	[µmol+1mol_d-1]	[s]	[1=default]	[mmol+1m-3]	[mmol+1mol_a-1]	[mmol+1mol_d-1]	[s]	[1=default]	[mmol+1m-3]	[µmol+1mol_a-1]	[µmol+1mol_d-1]	[s]	[1=default]	[mmol+1m-3]	[µmol+1mol_a-1]	[µmol+1mol_d-1]	[s]	[1=default]	[K]	[K]	[Pa]	[kg+1m-3]	[J+1kg-1K-1]	[m+3mol-1]	[mm]	[kg+1m-3]	[Pa]	[Pa]	[kg+1kg-1]	[%]	[Pa]	[K]	[m+1s-1]	[m+1s-1]	[m+1s-1]	[m+1s-1]	[m+1s-1]	[m+1s-1]	[m+1s-1]	[m+1s-1]	[deg_from_north]	[deg]	[deg]	[deg]	[m+1s-1]	[m+2s-2]	[m]	[#]	[#]	[K]	[0=KJ/1=KM/2=HS]	[m]	[m]	[m]	[m]	[m]	[m]	[m]	[kg+1m-1s-2]	[#]	[W+1m-2]	[#]	[W+1m-2]	[#]	[µmol+1s-1m-2]	[#]	[mmol+1s-1m-2]	[#]	[µmol+1s-1m-2]	[#]	[µmol+1s-1m-2]	[#]	8u/v/w/ts/co2/h2o/ch4/none	8u/v/w/ts/co2/h2o/ch4/none	8u/v/w/ts/co2/h2o/ch4/none	8u/v/w/ts/co2/h2o/ch4/none	8u/v/w/ts/co2/h2o/ch4/none	8u/v/w/ts/co2/h2o/ch4/none	8u/v/w/ts/co2/h2o/ch4/none	8u/v/w/ts/co2/h2o/ch4/none	8co2/h2o/ch4/none	8co2/h2o/ch4/none	8aa	8U	[#]	[#]	[#]	[#]	[#]	[#]	[#]	[#]	[#_flagged_recs]	[#_flagged_recs]	[#_flagged_recs]	[#_flagged_recs]	[#_flagged_recs]	[#_flagged_recs]	[#_flagged_recs]	[#_flagged_recs]	[#_flagged_recs]	[#_flagged_recs]	[#_flagged_recs]	[#_flagged_recs]	[#_flagged_recs]	[#_flagged_recs]	[#_flagged_recs]	[#_flagged_recs]	[#_flagged_recs]	[#_flagged_recs]	[#_flagged_recs]	[#_flagged_recs]	[#_flagged_recs]	[#_flagged_recs]	[#_flagged_recs]	[#_flagged_recs]	[#_flagged_recs]	[#_flagged_recs]	[#_flagged_recs]	[#_flagged_recs]	[#_flagged_recs]	[#]	[#]	[m+2s-2]	[m+2s-2]	[m+2s-2]	[K+2]	--	--	--	--	[m+1s-1K+1]	--	--	--	--	--	--	--	--	--	--	--	--	--	--	--	--	--	--	--	--	--	--	207
DATA	2026-02-19T233000_AIU-0547.ghg	2026-02-20	00:00:00	51	0	18000	17842	0.188816994655942	1	NaN	-90.48615215342332	1	NaN	-0.052458785542006385	2	NaN	-1.0304146871929094	1	NaN	-0.0011742209309041746	2	NaN	NaN	NaN	NaN	NaN	NaN	NaN	NaN	NaN	NaN	NaN	NaN	NaN	3.515302325647057e-10	6.704314165229111e-12	NaN	NaN	17.71413464744745	429.9581559201474	433.51299534493586	0.1	1	337.8404269106428	8.200075806170211	8.267872991455938	0	0	NaN	NaN	NaN	NaN	0	NaN	NaN	NaN	NaN	9	282.71218034264564	281.97816705514924	95119.61375269944	1.171574570922607	1009.734181672495	0.02471066665051561	-0.00007608951632259051	0.005979821210363593	778.1663302990432	1131.306008693302	0.00510408928187518	68.78477832870813	353.1396783942587	276.52638814053546	-0.18517163641273576	0.0793665669652821	-0.0039488230203011156	0.1985364148745826	1.0024658546283298e-14	1.984461784676341e-14	0.1985364148745826	18.140818451067613	175.20049724161825	145.83899174700502	-1.13966907953688	NaN	0.4014537989966199	0.4676324558411001	60.15600230356769	0.04820799070665653	1724.8998660284751	-0.19053271391540752	0	102.80590321661575	-15.601192440834476	35.289939779995606	87.8769398164239	134.01787792178132	187.96197934110302	281.601296210057	0.18470846645733202	1.022243312812946	-88.8293665419259	1.0213417300513417	-0.04704285243507775	1.1151276512070134	-0.9240329446387499	1.1151276512070134	-0.0010529923902731662	1.1151276512070134	NaN	1	NaN	NaN	800000009	800000009	800000009	811110019	811110009	811110009	899999999	899999999	89999	89999	89	89	37	80	2	92	5	0	0	NaN	0	0	18000	0	0	0	0	0	0	NaN	NaN	NaN	NaN	0	4035	0	0	0	0	101	0	18000	0	0	21	18000	18000	18000	18000	93	NaN	0.14558827474042735	0.7098563895632314	0.07982024737854146	7.197769892809326	0.9612699174008379	0.00629858960489362	NaN	NaN	-0.07508956182130644	-0.02302180974475223	-0.000026234768589358075	NaN	NaN	429.9580058270519	8.200067935148866	95016.15563085937	11.399999618530273	3.3343063575294485	96.45123276265463	96.03231244744195	96.8701550449795	-0.8378418180346455	0.00026968640074644806	-1	0	2.213153279271394	15.95324817956784	1.0000973311099741	-273.1499938964844	9.000616970406638	-273.1499938964844	062
DATA	2026-02-20T000000_AIU-0547.ghg	2026-02-20	00:30:00	51.02	0	18000	17912	0.6651183693588543	1	NaN	-33.413203106298624	1	NaN	-0.9363926929003012	1	NaN	0.5851450761055728	1	NaN	-0.02089498159895682	1	NaN	0.0009494550080700433	1	NaN	NaN	NaN	NaN	NaN	NaN	NaN	NaN	NaN	NaN	-4.5365443987790867e-11	-8.517216784215577e-13	-2.5409402708096466e-13	NaN	17.747576069341303	430.30950035483016	433.81425230549974	0.2	0	333.2050554109377	8.07892302303036	8.144723618185537	-0.2	0	0.0994050245732928	2.2472405277626315	2.2655436807648432	0.9	0	NaN	NaN	NaN	NaN	9	283.38210312991674	278.7271543803505	94588.83089634273	1.1786623398529699	1009.6239681353434	0.024499061248127063	-0.001353994807612402	0.00594235811302855	764.3808657413111	905.5539624035517	0.005041611929138093	84.41030545683503	141.1730966622406	276.27361193878136	-0.5233579849446249	0.3716909567966791	0.02878900201493217	0.6469000910279283	-2.921619537918136e-14	-2.556148727609009e-15	0.6469000910279283	19.0650467625225	187.38252371514238	141.72617631817533	2.550677135636283	NaN	0.751198595965123	1.2819992886903717	1062.995605029829	0.002728139219276097	35.6828960324407	-0.0373778471481849	0	111.48387523733572	-16.918108174809063	38.26880675593594	95.29473977861682	145.33049089918006	203.8280798922007	305.37160601765953	0.6580848020896614	1.010687934513696	-33.102263154990254	1.013540429294464	-0.8578278656694993	1.0915857718954902	0.5360504791936728	1.0915857718954902	-0.01914185961097094	1.0915857718954902	0.012039398115426128	1.167381062819345	NaN	NaN	800000009	800000009	800000009	811100019	811110019	811110019	899999999	899999999	89999	89999	89	89	21	18	2	13	0	5	0	NaN	0	0	18000	0	0	0	0	0	0	NaN	NaN	NaN	NaN	0	538	0	0	0	0	101	0	18000	17995	0	21	18000	18000	18000	18000	93	NaN	0.26417543347077493	2.0715964435589216	0.22822670035104664	8.882561311655046	0.33563978054112287	0.000985687001211311	3.484406405612184e-7	NaN	-0.027816893483439527	0.013239724932042684	-0.00047277815387507304	0.000012039398115426128	NaN	430.30940706261737	8.07892030649072	94998.55577886285	11.387216602166497	3.121466420763079	96.12998992029829	95.66917436557344	96.59080362065636	-0.9216286651988765	0.0002697005329892919	-1	0	2.2373358800742364	18.03655778786879	1.0001132560885615	-273.1499938964844	9.000648951662912	-273.1499938964844	217
DATA	2026-02-20T003000_AIU-0547.ghg	2026-02-20	01:00:00	51.041	0	18000	17860	0.9989145505038619	1	NaN	248.03298363788215	1	NaN	0.037706658809123876	2	NaN	0.19961374572684454	2	NaN	0.0008411793192144187	2	NaN	0.09775251103111077	1	NaN	NaN	NaN	NaN	NaN	NaN	NaN	NaN	NaN	NaN	9.509239480478215e-11	1.7653105193887726e-12	5.342954257328591e-13	NaN	17.714011485498627	428.8866198920497	432.3287872080471	0.1	1	328.845759748935	7.961920227951333	8.025821175917793	0.1	1	0.09952967666353567	2.2471094731981385	2.2651443719927373	0	1	NaN	NaN	NaN	NaN	9	283.57764111497664	278.4530241873655	94587.81954768079	1.1798624467372352	1009.5550411903633	0.02447522793277583	0.00005450841988509433	0.005862000769104599	753.3026850580042	888.4681004164437	0.00496837642838387	84.7866889880363	135.16541535843953	276.06753931782737	-0.5220798506435771	0.4996627035222276	0.07820047740931846	0.7181327947327337	-2.27081820718452e-15	5.368202164858505e-15	0.7181327947327337	20.018689448169116	195.74312576896426	139.45482352106413	6.251573472896963	NaN	0.9201284951301676	2.004128263422637	-263.1525528934201	-0.01102022369957602	6577.962393683782	0.2263078282300099	0	118.60124196122744	-17.99819603413619	40.71196843459029	101.37855780537934	154.60869725584485	216.84089623116526	324.8671761390288	0.9826917398804788	1.0165085448111697	244.4497195071871	1.0172445323949648	0.03469201055908721	1.08689747874088	0.18365462210666617	1.08689747874088	0.0007739270130508406	1.08689747874088	0.008507240904923302	1.1507817584550692	NaN	NaN	800000009	800000009	800000009	811100019	811110019	811110019	899999999	899999999	89999	89999	89	89	37	61	9	0	17	0	0	NaN	0	0	18000	0	0	0	0	0	0	NaN	NaN	NaN	NaN	0	560	0	0	0	0	101	0	18000	18000	0	21	18000	18000	18000	18000	93	NaN	0.508482412647971	3.2064411124644843	0.29333300173281923	8.624959465268283	0.4165240175532499	0.0038628330839791804	4.4575726891226203e-7	NaN	0.20522400706637267	0.0045310744674446094	0.000019094106580468416	0.000008507240904923302	NaN	428.88653964086063	7.961914790511835	95000.34556901042	11.380000114440918	2.915618676079669	95.90657827589249	95.41458343039619	96.39856892055937	-0.9839872194131203	0.0002690916328703882	-1	0	2.2387566095855496	19.389027342690376	1.000133446842432	-273.1499938964844	9.000734392007192	-273.1499938964844	115
DATA	2026-02-20T010000_AIU-0547.ghg	2026-02-20	01:30:00	51.062	0	18000	17790	0.8056437615453003	1	NaN	-44.09635132663131	1	NaN	-1.0921527358533307	1	NaN	0.8629621533588897	1	NaN	-0.024466794185292184	1	NaN	NaN	NaN	NaN	NaN	NaN	NaN	NaN	NaN	NaN	NaN	NaN	NaN	-5.607896913063282e-11	-1.0262991024808304e-12	NaN	NaN	17.670336705010055	427.5245259945347	430.89590304726653	0.1	0	323.38416668539867	7.824110252359451	7.885809696856784	-0.5	0	NaN	NaN	NaN	NaN	0	NaN	NaN	NaN	NaN	9	283.552512318929	282.8500029870175	95133.53471475757	1.1682993511193744	1009.5441148990235	0.02478048980822612	-0.0015854482632069334	0.005689575559415469	742.6857230819196	1199.7660055523268	0.0048699638101862815	61.90254763386259	457.08028247040716	275.86751557208174	-0.5762279957074592	0.6131873574043262	0.0359643708089881	0.8565322794302384	-2.6576705971567315e-15	-3.173621989598693e-15	0.8565322794302384	16.67671056985792	198.77981078026423	130.85575007836877	2.406462281311826	NaN	0.8304136063951502	1.6960756364600582	1092.597128585266	0.002654226268885608	40.37562685055909	-0.045022412490402786	0	108.88711115060713	-16.524039206268032	37.37742167612764	93.07506489393549	141.94534664697125	199.08036694623326	298.2586668780293	0.7983563098267685	1.0091280692954165	-43.70642316893794	1.0128030632852525	-1.0002542551414924	1.0918751209899515	0.7903487649544416	1.0918751209899515	-0.02240805172216883	1.0918751209899515	NaN	1	NaN	NaN	800000009	800000019	800000009	811100019	811110009	811110009	899999999	899999999	89999	89999	89	89	29	38	1	2	12	7	0	NaN	0	0	18000	0	0	0	0	0	0	NaN	NaN	NaN	NaN	0	12065	0	0	0	0	101	0	18000	606	0	16	18000	18000	18000	18000	93	NaN	0.5851066158854411	2.511219719649732	0.2958249373849437	12.081492626143394	1.310751118604823	0.0015579114581261565	NaN	NaN	-0.03705662216503551	0.019739329944117003	-0.0005596515689807228	NaN	NaN	427.524412446674	7.824107121533581	94943.42269335937	11.370276002989876	2.661418502622197	95.75691290622288	95.24376172510783	96.2700653529697	-1.0263030961950623	0.0002689730814874767	-1	0	3.3699295739728	6.654415558551142	1.000107570245862	-273.1499938964844	9.000605898539225	-273.1499938964844	201
DATA	2026-02-20T013000_AIU-0547.ghg	2026-02-20	02:00:00	51.083	0	18000	17899	0.41233632825076766	1	NaN	-9.108568319666492	2	NaN	-1.655955482261681	2	NaN	-0.1711445336684097	2	NaN	-0.03709459712840217	2	NaN	NaN	NaN	NaN	NaN	NaN	NaN	NaN	NaN	NaN	NaN	NaN	NaN	1.6108068148667714e-11	2.946090948918881e-13	NaN	NaN	17.56188332937122	424.7415422678273	428.0669054520635	0.1	1	321.1987002110443	7.76832579646485	7.829145146672011	0.1	1	NaN	NaN	NaN	NaN	0	NaN	NaN	NaN	NaN	9	283.47104442940673	282.77373423010056	95149.77841218018	1.1688384996424244	1009.5121741506974	0.0247691408505098	-0.0024037298939204605	0.005651598256703441	737.5295171080032	1193.6379695752996	0.004835225960158226	61.78837603250998	456.1084524672964	275.7694586511346	-0.5837922625270195	0.8942220467110815	0.0735466836318009	1.052119491202206	-6.021267448250366e-14	9.172175811991597e-16	1.052119491202206	18.623745553865813	208.86151593103483	125.04743141935221	4.0084363426617795	NaN	0.5939481659376227	1.1209641510473802	1935.633647661315	0.0014982173943420844	5.500491056212535	-0.012996772164758696	0	92.5671320951482	-14.04741942171998	31.775300980155272	79.1249922581253	120.67060568066626	169.24224024249722	253.55571585726105	0.4089625064607726	1.008249709292895	-9.108934212321087	1.012382657680298	-1.5160172994417638	1.0923064551251798	-0.1566817927930274	1.0923064551251798	-0.033959880905538614	1.0923064551251798	NaN	1	NaN	NaN	800000009	800000019	800000009	811110019	811110009	811110009	899999999	899999999	89999	89999	89	89	31	50	8	43	0	0	0	NaN	0	0	18000	0	0	0	0	0	0	NaN	NaN	NaN	NaN	0	18000	0	0	0	0	101	0	18000	0	0	16	18000	18000	18000	18000	93	NaN	0.5998261307125143	1.414989101676524	0.22711306970572218	5.073451660423557	0.5988432667666009	0.002994886763645603	NaN	NaN	-0.007719719080268451	-0.003911189997532657	-0.0008477280234506848	NaN	NaN	424.7414268715342	7.768321214871204	94901.18508506945	11.376116692225139	2.5542427191734323	95.61410406282212	95.07973540327285	96.14846942435369	-1.0687363541920984	0.0002690438050986915	-1	0	3.5954875827946498	1.0833264420530617	1.000077114769154	-273.1499938964844	9.00041725065973	-273.1499938964844	024
DATA	2026-02-20T020000_AIU-0547.ghg	2026-02-20	02:30:00	51.104	0	18000	17791	0.5925190406495269	1	NaN	11.49045178195326	2	NaN	-0.23906136690138508	2	NaN	-0.5793453583807926	2	NaN	-0.0053503390762240826	2	NaN	NaN	NaN	NaN	NaN	NaN	NaN	NaN	NaN	NaN	NaN	NaN	NaN	-3.498412690917773e-11	-6.337422197937422e-13	NaN	NaN	17.464413351811007	422.27439247622846	425.5295051427622	0.1	1	316.3702245222709	7.6495580851478495	7.70852489407589	0.1	1	NaN	NaN	NaN	NaN	0	NaN	NaN	NaN	NaN	9	282.5187757992214	281.8344122937941	95193.88243036659	1.1733300630812171	1009.4300139181533	0.024674496322942767	-0.0003467019721393205	0.005586539123313751	726.6177480200159	1120.3759000512343	0.004761268204995319	64.85481774347235	393.7581520312184	275.5599311470132	-0.24559617837333964	0.918496491894308	0.051461358491701394	0.8885359246378396	-2.1786300262364823e-14	-2.0031664507957824e-15	0.8885359246378396	20.038287760252768	227.02993216124057	109.09997388655253	3.3202591708470313	NaN	0.7106259397280981	1.5369269571179727	-2628.702552326313	-0.0011032058372042123	-48.06486272076396	0.013652105516921018	0	107.9371135456472	-16.379873404601145	37.05131824022341	92.26302122966352	140.70692882208	197.3434683381705	295.6564762587855	0.584259497785385	1.0141367712385496	11.326575415743402	1.0157769758676847	-0.22011334797167084	1.0860830072520313	-0.5334264089506673	1.0860830072520313	-0.004926270865577135	1.0860830072520313	NaN	1	NaN	NaN	800000009	800000019	800000009	811100019	811110009	811110009	899999999	899999999	89999	89999	89	89	58	15	7	25	13	6	0	NaN	0	0	18000	0	0	0	0	0	0	NaN	NaN	NaN	NaN	0	18000	0	0	0	0	101	0	18000	0	0	21	18000	18000	18000	18000	93	NaN	1.3633771952646425	1.4890438073906784	0.22143291158062445	9.608507079680182	1.1641311266291243	0.0011692680665144539	NaN	NaN	0.009563177330235392	-0.013263266878469238	-0.00012248820851278825	NaN	NaN	422.2742306119939	7.649555369743846	94883.82907096355	11.390000343322754	2.3355318763719626	95.74283203612433	95.22404280895657	96.26161293326484	-1.0375750192304452	0.000269110104843599	-1	0	4.27731178416142	0.7081724716143043	1.0000748533540302	-273.1499938964844	9.000393480645286	-273.1499938964844	176
DATA	2026-02-20T023000_AIU-0547.ghg	2026-02-20	03:00:00	51.124	0	18000	17870	0.47360958515002544	1	NaN	31.461320198079473	1	NaN	1.8091297052726223	1	NaN	0.10202986699282282	1	NaN	0.040491854453288095	1	NaN	NaN	NaN	NaN	NaN	NaN	NaN	NaN	NaN	NaN	NaN	NaN	NaN	1.1802673685162378e-10	2.1272544946889023e-12	NaN	NaN	17.419608454076247	421.13492729059675	424.35592623899845	0.1	0	313.9622543851147	7.590323945629621	7.648377609343035	-0.6	0	NaN	NaN	NaN	NaN	0	NaN	NaN	NaN	NaN	9	282.5763896607292	281.89717665272525	95193.88243036659	1.1730949372532586	1009.3987253027275	0.024679528176170588	0.0026238721685730684	0.0055421497067290005	721.0047999852732	1125.1468050044693	0.004724382938439457	64.08095341677739	404.1420050191962	275.4510651089848	-0.5427683582783197	0.5140301312353761	0.08585528209662455	0.7387941859762794	-2.5638904778236975e-14	6.775510320038515e-15	0.7387941859762794	15.159227480232387	195.44230150094276	140.8012031932914	6.673421669993177	NaN	0.6353948074593557	1.0318289968987202	-686.2867760249612	-0.004225638758183682	17.39030656916801	0.04181550720223812	0	98.03353725117564	-14.876967493673211	33.65174097760172	83.7975931679802	127.79661689159717	179.23657228822034	268.5290464675005	0.466075804932945	1.0161642808687834	31.107180794602424	1.0170282314063201	1.6647257974691798	1.086743359190429	0.09388588955246077	1.086743359190429	0.03725981310201201	1.086743359190429	NaN	1	NaN	NaN	800000009	800000019	800000009	811100019	811110009	811110109	899999999	899999999	89999	89999	89	89	36	16	7	39	23	0	0	NaN	0	0	18000	0	0	0	0	0	0	NaN	NaN	NaN	NaN	0	18000	0	0	0	0	101	0	18000	0	0	16	18000	18000	18000	18000	93	NaN	0.3078851850665116	1.5305887214415481	0.22518408728938064	6.7991482921229185	0.06630728462288457	0.0013882691100756484	NaN	NaN	0.026270282368171204	0.002334742955056486	0.0009265725292833828	NaN	NaN	421.1348711436931	7.5903210128772765	94846.07498589411	11.38360908593072	2.220592196053928	95.72748965920341	95.20451236428156	96.25046189837985	-1.045951620029079	0.0002689442367118318	-1	0	3.929580554563146	0.5274006341546809	1.0000727108485168	-273.1499938964844	9.000372651868396	-273.1499938964844	221
DATA	2026-02-20T030000_AIU-0547.ghg	2026-02-20	03:30:00	51.145	0	18000	18000	0.26260991243172843	0	NaN	63.32483328750172	1	NaN	-1.168507410133677	2	NaN	0.5246392042695215	0	NaN	-0.026144571187033182	2	NaN	NaN	NaN	NaN	NaN	NaN	NaN	NaN	NaN	NaN	NaN	NaN	NaN	4.73363438418405e-10	8.468248565288304e-12	NaN	NaN	17.40166224417315	420.853868548893	424.046462263236	0.2	0	311.3075268871913	7.5288771360180045	7.585991131199729	0	0	NaN	NaN	NaN	NaN	0	NaN	NaN	NaN	NaN	9	282.21367889997697	281.5408185141668	95235.68404184762	1.175122695180462	1009.3587216067141	0.024637031276463633	-0.0016941682129197502	0.005506766086919329	715.4960091922549	1098.3078267487756	0.004686120104312735	65.14530733248756	382.81181755652074	275.3434877959608	0.03758902376365491	0.3082054466775681	0.06873205976790088	0.31800570452300836	-7.727766617390864e-14	2.720219665089225e-14	0.31800570452300836	17.95194659426264	248.95350584112822	83.04649415887178	12.48210473223206	NaN	0.4727308560812122	1.383289656037501	-140.45860126814625	-0.020646652991109297	-54.19292401428363	0.11293572670068433	0	79.04131219317284	-11.994824068648066	27.132324702712967	67.56332484113624	103.03833337237764	144.51272762268422	216.50639964557834	0.2546884297298125	1.0311026406276858	61.76006257289795	1.0267529115008178	-1.0651732434553594	1.0970116056831352	0.4782439871662217	1.0970116056831352	-0.02383253837205518	1.0970116056831352	NaN	1	NaN	NaN	800000009	800000019	800000009	800000019	800000009	811000109	899999999	899999999	89999	89999	89	89	25	33	5	7	22	0	0	NaN	0	0	18000	0	0	0	0	0	0	NaN	NaN	NaN	NaN	0	18000	0	0	0	0	101	0	18000	0	0	16	18000	18000	18000	18000	93	NaN	1.688367835785342	0.8646712960280286	0.21354018026163132	1.1649936097945004	0.12677138106577193	0.0014139947085969346	NaN	NaN	0.05206896840097143	0.011871702966688122	-0.0005916076816181652	NaN	NaN	420.8538076860903	7.528874217536711	94781.54792578125	11.380000114440918	2.0971644848651416	95.77541548792522	95.25749709235296	96.29333384916518	-1.0358358986576404	0.00026901958397421475	-1	0	3.360917081303103	0.6030338384591132	1.0000734047773812	-273.1499938964844	9.000393888897365	-273.1499938964844	102
DATA	2026-02-20T033000_AIU-0547.ghg	2026-02-20	04:00:00	51.166	0	18000	17803	0.8068338560186643	1	NaN	183.6333669740946	1	NaN	-0.16352567962416095	2	NaN	-0.19094190666682842	1	NaN	-0.003663269759099593	2	NaN	NaN	NaN	NaN	NaN	NaN	NaN	NaN	NaN	NaN	NaN	NaN	NaN	4.33312135038678e-10	7.676921477833687e-12	NaN	NaN	17.303821651828258	418.72368567881574	421.8531867823699	-0.1	0	306.5690280648763	7.418460264396822	7.473905132643207	-0.2	0	NaN	NaN	NaN	NaN	0	NaN	NaN	NaN	NaN	9	283.4901344964224	282.82412445776066	95235.68404184762	1.1698391635051761	1009.3218020309123	0.024748464841892578	-0.0002373798803896536	0.00540157367775838	705.0274815609938	1197.6971821529708	0.004617364374751914	58.86525342688392	492.66970059197695	275.13702005750787	0.1539155916904826	-0.4920028445893865	0.12273983248305254	0.6386816087850434	-1.80815493693424e-14	2.504141245543269e-14	0.6386816087850434	17.144274778544965	44.62850314213904	277.2682696460065	11.079851174573987	NaN	0.8304796185922464	1.4525914779378373	-262.61408838163635	-0.011042819590796891	-1122.963484366175	0.18726939514737848	0	100.36210899588018	-15.230337239619411	34.451064305084934	85.78802127244874	130.8321453393788	183.49394409740736	274.9073652323799	0.792544656263793	1.0180295200301184	180.7660511759272	1.0182098771017476	-0.15034384214291832	1.0876779340833385	-0.17555004168375302	1.0876779340833385	-0.003367972856953179	1.0876779340833385	NaN	1	NaN	NaN	800000009	800000019	800000009	811110019	811110009	811110009	899999999	899999999	89999	89999	89	89	24	9	2	4	2	0	0	NaN	0	0	18000	0	0	0	0	0	0	NaN	NaN	NaN	NaN	0	18000	0	0	0	0	101	0	18000	0	0	16	18000	18000	18000	18000	93	NaN	1.7924704220881116	0.7499515528377951	0.36276098094976783	16.550419798373127	0.5679288700218219	0.0009249503914267784	NaN	NaN	0.15309501869366632	-0.004376996837059796	-0.00008397381396663963	NaN	NaN	418.7235843860425	7.418457907085249	94737.20745269097	11.370276558558146	1.8838986934887043	96.17068958409625	95.70106033833818	96.6403193660312	-0.9392570259339293	0.0002688689726233456	-1	0	1.851949760331024	0.7065950622277032	1.0000614995194805	-273.1499938964844	9.00032196826405	-273.1499938964844	162
DATA	2026-02-20T040000_AIU-0547.ghg	2026-02-20	04:30:00	51.187	0	18000	17937	0.46130203867397646	1	NaN	47.6984832915881	2	NaN	3.301118696176892	1	NaN	1.1877223438540203	1	NaN	0.07391005627848708	1	NaN	NaN	NaN	NaN	NaN	NaN	NaN	NaN	NaN	NaN	NaN	NaN	NaN	9.5361215656803e-11	1.688412491755905e-12	NaN	NaN	17.24789754579192	417.78426335150107	420.897666593726	-0.2	0	305.3816530364625	7.397055126062573	7.452179307207288	-0.6	0	NaN	NaN	NaN	NaN	0	NaN	NaN	NaN	NaN	9	282.9077612339277	282.24503347197657	95208.97533979238	1.1719200360611828	1009.2993488518396	0.02470455247002141	0.004789371646845963	0.005395561640602675	702.8008388840617	1151.9098305014732	0.004604035663335128	61.01179278747052	449.10899161741145	275.09275507429504	-0.26962307304443933	0.059680890250300385	-0.031110096816884102	0.2803191426745151	-6.394857246239425e-14	5.5288602801370934e-15	0.2803191426745151	15.969625929854844	164.48114016866566	169.08901533822262	-6.371868595536396	NaN	0.6273988196179332	0.9748376659605835	-435.82893727237825	-0.006653986809938686	14.449187588083065	0.06427512056100561	0	121.64491031765795	-18.46008444977219	41.756761288385775	103.98023973813403	158.57642635956196	222.4056927149541	333.20425531043026	0.4459701130419118	1.0343788186331306	46.64360922749635	1.0289224209535557	3.002063533888108	1.0996165333987666	1.0801241230730958	1.0996165333987666	0.06721439159344127	1.0996165333987666	NaN	1	NaN	NaN	800000009	800000019	800000009	811110019	811110009	811110009	899999999	899999999	89999	89999	89	89	26	23	1	30	12	0	0	NaN	0	0	18000	0	0	0	0	0	0	NaN	NaN	NaN	NaN	0	18000	0	0	0	0	301	151	18000	0	0	16	18000	18000	18000	18000	93	NaN	0.2837815162740072	1.5378850835485984	0.12800873209856156	3.650021766541818	0.2615338049451426	0.0005168467153984884	NaN	NaN	0.03943430361097272	0.026882420114272346	0.0016728498826591109	NaN	NaN	417.7840874883145	7.397053128390149	94687.89817361112	11.379174803892774	1.836370357043211	96.43229370498656	95.99477882088553	96.8698098631965	-0.8750285247829247	0.00026962461660958874	-1	0	2.282691280349134	0.6983396243833188	1.0000697715630134	-273.1499938964844	9.000365527629853	-273.1499938964844	020
DATA	2026-02-20T043000_AIU-0547.ghg	2026-02-20	05:00:00	51.208	0	18000	16938	1.5273116014021306	1	NaN	-35.39330833122583	2	NaN	0.5482843815806958	1	NaN	-0.25164457527208706	2	NaN	0.01227090765102969	1	NaN	NaN	NaN	NaN	NaN	NaN	NaN	NaN	NaN	NaN	NaN	NaN	NaN	7.19778294614519e-11	1.2717813374156427e-12	NaN	NaN	17.28265203327247	418.7707405287231	421.89244495291587	0.3	0	305.36839581604517	7.399289704135733	7.454447319436461	-0.3	0	NaN	NaN	NaN	NaN	0	NaN	NaN	NaN	NaN	9	282.4937321209127	281.83177471672525	95157.90130094349	1.173007885485675	1009.293011714922	0.024681638169230843	0.0007951548157867238	0.0054022023108374175	702.6355229728762	1120.1840319008452	0.0046054271055481245	62.72500794182639	417.548508927969	275.0894636977874	-0.41133247936562634	0.3181242608673319	0.05772016360929563	0.5716361926515955	-3.9164120097133816e-14	4.164744468781791e-15	0.5716361926515955	18.75066060652651	189.71834222504089	125.91536981418851	5.795237373712766	NaN	1.1410728167691486	3.0776350407220194	3532.1487081323858	0.0008210299847577389	-64.55282973625374	-0.026199294826078197	0	126.39520341440246	-19.180959753951228	43.387383189233475	108.04071883040393	164.7689131761098	231.09074352408086	346.2160440459699	1.5098592602866832	1.011558919148619	-34.96172167821519	1.0138711951354287	0.5025766972771927	1.0909466844585778	-0.23066624506675582	1.0909466844585778	0.011247944400802297	1.0909466844585778	NaN	1	NaN	NaN	800000009	800000019	800000009	811110019	811110009	811110009	899999999	899999999	89999	89999	89	89	21	16	1	17	13	0	0	NaN	0	0	18000	0	0	0	0	0	0	NaN	NaN	NaN	NaN	0	18000	0	0	0	0	101	0	18000	0	0	16	18000	18000	18000	18000	93	NaN	1.286724733284937	4.483787671241242	0.3847576769178603	90.45647851458676	0.3068190477316705	0.0016305183285295235	NaN	NaN	-0.029530759267954634	-0.0057355716314476035	0.00027968284132197634	NaN	NaN	418.77065603141034	7.399286640440876	94614.50794661458	11.399999618530273	1.829868005149897	96.26073593012492	95.80101392534048	96.72045924716522	-0.9194447325501167	0.0002697260542271478	-1	0	2.2848332734123513	2.315478010022289	1.000074668554796	-273.1499938964844	9.00039306497574	-273.1499938964844	141
DATA	2026-02-20T110000_AIU-0547.ghg	2026-02-20	11:30:00	51.479	1	18000	16219	0.3779571186746376	1	NaN	211.95588352100526	1	NaN	30.852246765067143	2	NaN	-12.64700760793515	1	NaN	0.6950927142197334	2	NaN	NaN	NaN	NaN	NaN	NaN	NaN	NaN	NaN	NaN	NaN	NaN	NaN	5.928682775283979e-10	1.569344465076911e-11	NaN	NaN	16.949500098023957	421.9592588315416	426.72553518225214	0.1	1	448.6595956111071	11.16941911778231	11.295584232252553	0.1	1	NaN	NaN	NaN	NaN	0	NaN	NaN	NaN	NaN	9	289.78311865271735	288.7590895278456	95219.42567886219	1.1439877349444785	1011.499416154123	0.025302156900254485	0.04504200788143872	0.007954773845742535	1060.0582277662068	1767.5405326487135	0.0069535481917807505	59.973630487425204	707.4823048825067	280.98257807411056	-0.2994152917302963	0.691770609874358	0.17732917339634865	0.7320368145397479	1.5912638887377544e-14	3.497851111240248e-14	0.7320368145397479	17.92826523525911	218.59585511236202	161.91720852711438	14.0188311948085	NaN	0.5747918222059721	1.21344397414036	-75.48150667227213	-0.03842000680499538	6.87003073503856	0.3186749240633184	0	92.66996052437932	-14.063024032570421	31.810598652387107	79.21288845284012	120.804652923523	169.43024340657715	253.8373788557147	0.37190440155396215	1.0162749273613993	210.86357265227207	1.0170975041059076	28.38836634358959	1.086791905939805	-11.63700938405373	1.086791905939805	0.6395821595843141	1.086791905939805	NaN	1	NaN	NaN	800000009	800000019	800000009	811110019	811110009	811111009	899999999	899999999	89999	89999	89	89	37	52	3	21	17	0	0	NaN	0	0	18000	0	0	0	0	0	0	NaN	NaN	NaN	NaN	0	18000	0	0	0	0	101	0	8011	0	0	16	18000	18000	18000	18000	100	NaN	1.1469294777024313	1.0678486512633891	0.21210981931489967	74.34939060364366	5.252169711748559	0.04760896063919658	NaN	NaN	0.1822277679941682	-0.2977562967264381	0.016364996280838595	NaN	NaN	421.9591320908278	11.169369460198656	94628.58495963542	11.38970589213901	7.725354450066896	97.25918146642047	97.02863499535455	97.48972699313691	-0.46109205505418016	0.0002767963536494385	-1	0	9.818008214566488	0.1261020882065656	1.0001499053686858	-283.2841193220348	9.000988243791792	-273.1499938964844	131
DATA	2026-02-20T113000_AIU-0547.ghg	2026-02-20	12:00:00	51.499	1	18000	17519	0.5569040343491933	1	NaN	162.10858362489978	1	NaN	56.20475594409766	1	NaN	5.008297630124771	1	NaN	1.2651626012540105	1	NaN	NaN	NaN	NaN	NaN	NaN	NaN	NaN	NaN	NaN	NaN	NaN	NaN	-1.6780392836938396e-11	-4.449300113241747e-13	NaN	NaN	16.66062537432393	418.0701230881977	422.75641039709467	0.1	1	441.75439207526057	11.085076875582192	11.209333195781445	-0.3	0	NaN	NaN	NaN	NaN	0	NaN	NaN	NaN	NaN	9	288.85601629379164	287.8429491487043	95156.74084580845	1.1469095407112095	1011.4336685003888	0.025237822335235742	0.08198253656125988	0.007914830608885242	1051.3892284267642	1666.4255043960798	0.006901006860556047	63.09248302148332	615.0362759693155	280.8621105759721	-0.796390605034824	-0.8594617515944186	0.06653371598179635	1.6491926782052084	-5.447398659941767e-14	-1.0071886534823022e-15	1.6491926782052084	18.748458539449608	104.81866760112803	231.47370674807627	2.312122779264875	NaN	0.6968280097362565	1.9961023890295644	-175.75446866993906	-0.016500291696401197	2.8842502898889215	0.20054592430260337	0	90.59406336768666	-13.747998630179822	31.0980103344304	77.43844278584963	118.09851132056838	165.6348413307024	248.15117493324436	0.5516094203370614	1.00959848366784	163.65486149490937	1.0134350601104203	51.611699871882436	1.0889925362585757	4.599019243356482	1.0889925362585757	1.1617734365753303	1.0889925362585757	NaN	1	NaN	NaN	800000009	800000019	800000009	811110019	811110009	811110009	899999999	899999999	89999	89999	89	89	14	8	6	39	3	7	0	NaN	0	0	18000	0	0	0	0	0	0	NaN	NaN	NaN	NaN	0	18000	0	0	0	0	101	0	7264	0	0	11	18000	18000	18000	18000	100	NaN	2.347255863619923	1.3150439064900927	0.3299050079491131	17.470649359087922	3.2846179185148903	0.0989108036741291	NaN	NaN	0.14107898911379196	0.11736601058986709	0.029648215466176825	NaN	NaN	418.0697041525366	11.084975762745314	94575.74256163194	11.396081303649476	7.603488589949084	97.50504579204983	97.34588308313157	97.66420915624829	-0.318320379672782	0.00027906742530629135	-1	0	9.66180212472843	0.24691324592626843	1.0001700484454632	-273.1499938964844	9.00112987083859	-273.1499938964844	117
DATA	2026-02-20T120000_AIU-0547.ghg	2026-02-20	12:30:00	51.52	1	18000	18000	0.21451467823058845	0	NaN	-32.24249275297186	0	NaN	-16.297241989549928	0	NaN	1.7106281510537016	1	NaN	-0.3668631571080009	0	NaN	0.007548740744006504	0	NaN	NaN	NaN	NaN	NaN	NaN	NaN	NaN	NaN	NaN	7.996075010629902e-11	2.0952196436817637e-12	4.3843914420067905e-13	NaN	16.505708053561598	416.70712614534864	421.30738957221394	0.1	0	432.500741935564	10.919019083753321	11.039560252830219	0.6	0	0.09050375970472191	2.1374034927710013	2.1609994874140566	-0.3	0	NaN	NaN	NaN	NaN	9	288.74864574601924	287.8829617714186	94136.38573656298	1.1344942728645768	1011.3630422270991	0.025425439116236907	-0.023772732580598456	0.007738734672820316	1028.152709455316	1671.1195621107054	0.006821307835499385	61.52478450774097	642.9668526553894	280.53483171373483	-0.4447683488880743	-1.3024807982647932	0.19937965468714208	1.3906931224120818	4.51137629725938e-14	4.844430172084929e-15	1.3906931224120818	7.31750946724769	80.85389972625296	251.14610027374704	8.24273359571545	NaN	0.4348378634732536	1.423989438030631	213.07440444304183	0.013610269180760358	1.9784017917661347	-0.06462370755318865	0	75.59664026493249	-11.472081813908238	25.949880299172175	64.61887108649641	98.54785561268328	138.21476871609738	207.07090956514	0.21291166531110065	1.0075290046562058	-32.84555001946342	1.0127567204447705	-14.81296572762718	1.1002011541250294	1.5548321728621837	1.1002011541250294	-0.3334509836973955	1.1002011541250294	0.017974948905012826	1.1767218354431204	NaN	NaN	800000009	800000009	800000009	800000019	800000019	800110019	899999999	899999999	89999	89999	89	89	17	9	6	47	8	1	0	NaN	0	0	18000	0	0	0	0	0	0	NaN	NaN	NaN	NaN	0	811	0	0	0	0	101	0	12414	0	0	11	18000	18000	18000	18000	100	NaN	1.3704006859842461	1.2756088122089624	0.2019693778680532	0.14996214611588268	0.35788859369565573	0.05348475235639942	2.1537846665912926e-7	NaN	-0.028626427432136205	0.039968828210208175	-0.008571757979121427	0.000017974948905012824	NaN	416.70695231868075	10.918964687977887	94540.27728580729	11.40999984741211	7.3792412544754065	97.557205927319	97.42267510265775	97.69173759820725	-0.26906365038785307	0.0002806335148682897	-1	0	2.1338510049153205	66.18645006191903	1.0001681224058072	-273.1499938964844	9.00111165690422	-273.1499938964844	220
DATA	2026-02-20T123000_AIU-0547.ghg	2026-02-20	13:00:00	51.541	1	18000	18000	0.20878809221507216	0	NaN	-41.16056207935269	1	NaN	36.07021698432417	1	NaN	1.5662048163936844	1	NaN	0.8135949640122924	1	NaN	0.01191715760582525	1	NaN	NaN	NaN	NaN	NaN	NaN	NaN	NaN	NaN	NaN	-1.4227279745792473e-10	-3.355927459412601e-12	-7.80684950820561e-13	NaN	16.314046101866538	414.9537611006361	419.0554421305811	0.1	1	384.8153425363568	9.787919729883646	9.88467008725407	-0.6	0	0.0895190823986334	2.1335414094572074	2.154630762407187	-0.4	0	NaN	NaN	NaN	NaN	9	290.1617783330281	289.96344119771334	94107.67393077255	1.1264943620862173	1010.7827010525478	0.025616997524465307	0.05272095366799654	0.0068852064488078655	921.3654386492669	1909.0871680345226	0.006112064720907054	48.262093741787986	987.7217293852557	278.9413167013025	-0.7399426290270099	-1.321776376385601	0.10025565810702308	1.5181103650278542	-4.003424982744492e-14	-8.720877492288493e-15	1.5181103650278542	8.451187428037526	91.2405052203942	240.7594947796058	3.7865558165979207	NaN	0.4305150634446932	1.7992098698734469	161.92138185466922	0.017909926204822433	-1.1411232180067212	-0.08396651375908619	0	64.86071011153781	-9.84286299364698	22.264582891714518	55.44195946523153	84.55248636192343	118.5860643463881	177.66353360107232	0.20725635430856232	1.007390547380899	-38.76794371740481	1.0129157135591518	32.70923144315181	1.1027534244274038	1.4202674702251994	1.1027534244274038	0.737785026090257	1.1027534244274038	0.02132681253814247	1.1797111556417321	NaN	NaN	800000009	800000009	800000009	800000009	800010009	800111009	899999999	899999999	89999	89999	89	89	4	2	2	55	14	0	0	NaN	0	0	17344	0	0	0	0	0	0	NaN	NaN	NaN	NaN	0	0	0	0	0	0	0	0	16414	0	0	0	18000	18000	18000	18000	100	NaN	1.5557964597739655	1.7522815143882229	0.2903417655847054	0.4225636202541447	4.381030729899031	0.8091044949090064	5.16985905157935e-7	NaN	-0.03404755602487395	0.036742719526445214	0.019086706449840087	0.000021326812538142468	NaN	414.9528731867473	9.787130403720246	94530.77745529515	11.403625812636482	5.731784243332123	97.76907996092899	97.65457046763105	97.88359111277265	-0.2290167414479788	0.00028250077538541504	-1	0	2.124878362509938	75.24147993397177	1.00014984596769	-273.1499938964844	9.001102574878269	-273.1499938964844	100
DATA	2026-02-20T130000_AIU-0547.ghg	2026-02-20	13:30:00	51.562	1	18000	18000	0.4236410321240166	0	NaN	-37.89793489798241	0	NaN	67.81509597709294	2	NaN	2.1497840481574126	2	NaN	1.5327352818998679	2	NaN	0.019294006317453625	1	NaN	NaN	NaN	NaN	NaN	NaN	NaN	NaN	NaN	NaN	2.9594862916467687e-10	5.639641763153019e-12	1.6213516313991133e-12	NaN	16.03560680855736	417.0447428554798	420.3856601880582	-0.1	0	305.576944587635	7.947267590154793	8.010932615295243	-0.3	0	0.08785091295375522	2.112670250868866	2.1295947098869155	-0.3	0	NaN	NaN	NaN	NaN	9	291.97894678497306	292.0678246570162	94049.32374804688	1.118465204862692	1009.8209393859385	0.025818919237565068	0.09932124626711143	0.005546698648019414	747.6356340635524	2179.514842214489	0.004959205368127972	34.30284665113451	1431.8792081509364	275.9610845065852	-0.9876323485421284	-1.17111088417434	0.16672421936006562	1.5410111369615802	-3.359584847765999e-14	1.8455717497808976e-14	1.5410111369615802	11.31197391091245	102.14192283565757	229.85807716434243	6.2110706884214455	NaN	0.6154429055799796	3.0506587579161613	513.4116769303529	0.005648488591725975	-0.5588421626769332	-0.054520637570571504	0	83.34216846761859	-12.64749560110491	28.608669486220265	71.23963209746385	108.64493389932714	152.3760645801263	228.28711129542583	0.420616887030301	1.0071897852581886	-33.7385680938208	1.012317713228042	61.77876951979548	1.0977087517964124	1.958428448929889	1.0977087517964124	1.396304146606766	1.0977087517964124	0.025128975769779148	1.1707634278251935	NaN	NaN	800000009	800000009	800000009	800000009	800000009	800110009	899999999	899999999	89999	89999	89	89	19	23	11	68	8	7	0	NaN	0	0	0	0	0	0	0	0	0	NaN	NaN	NaN	NaN	0	0	0	0	0	0	0	0	14623	0	0	0	18000	18000	18000	18000	100	NaN	3.68094823680767	2.1033390991427994	0.3170301798818533	0.27948901007529714	3.536758865559972	0.6261375440208929	4.2957472565709316e-7	NaN	-0.029871690225398335	0.05096968433150328	0.036339944725682326	0.00002512897576977915	NaN	417.04371696072974	7.946659380762872	94466.44077191841	11.399999618530273	2.7443898147819836	97.9541333041721	97.84101107067531	98.06725513500639	-0.22624356942375484	0.00028919377440534934	-1	0	2.1057508725921337	75.30928841490217	1.000122321522898	-293.86236976623917	9.001033072895474	-273.1499938964844	220
DATA	2026-02-20T133000_AIU-0547.ghg	2026-02-20	14:00:00	51.583	1	18000	18000	0.3957509451048771	1	NaN	-53.556738539510725	0	NaN	8.337277703303695	2	NaN	0.5824116438433881	0	NaN	0.18862932147253497	2	NaN	0.005542785225443406	0	NaN	NaN	NaN	NaN	NaN	NaN	NaN	NaN	NaN	NaN	9.883408103667973e-11	1.3362794785152532e-12	5.4066188755251e-13	NaN	15.797706944206498	413.1505132927956	415.47132508321175	0.1	0	213.59182354623766	5.585973448231021	5.617351826382565	-0.2	0	0.08641976498254916	2.086448204529658	2.098168518162025	-0.3	0	NaN	NaN	NaN	NaN	9	292.8634681896634	293.12681109025743	94017.5493452691	1.1150456956825838	1008.5597377734949	0.02592129155009752	0.012223180031420266	0.0038832649625988687	525.3204081610194	2327.8699549561125	0.0034826061188655572	22.56657022625318	1802.5495467950932	271.08759515163916	-1.489065998299952	-1.5507516180640661	0.16228881387494762	2.1560347370417148	5.019329347954056e-14	6.2562295519050135e-15	2.1560347370417148	9.35758757043211	105.83748267002966	226.16251732997037	4.316844728716321	NaN	0.595750818314292	3.551883430563539	329.33587350189816	0.00880560009805092	-6.423768098583133	-0.07993835036155555	0	66.16692924306437	-10.041086786281797	22.71296565037696	56.55849593265948	86.25527492396903	120.97424951604349	181.24147016953196	0.39306349084221254	1.0068372014325375	-52.502889130021394	1.01294177394272	7.536192702770174	1.1062983700296114	0.5264507836414865	1.1062983700296114	0.17050492578009138	1.1062983700296114	0.020704348899673177	1.1781246295160264	NaN	NaN	800000009	800000009	800000009	800000009	800010019	800010119	899999999	899999999	89999	89999	89	89	10	7	2	95	5	4	1	NaN	0	0	0	0	0	0	0	0	0	NaN	NaN	NaN	NaN	0	0	0	0	0	0	0	0	13725	0	0	0	18000	18000	18000	18000	100	NaN	3.9193401258522322	2.6554776099109674	0.5289491253638795	0.12673983726586632	0.1681457467335441	0.09265966064566046	2.1258004808642554e-8	NaN	-0.04668624125432766	0.01372296090699193	0.004444541643085829	0.000020704348899673177	NaN	413.15048411062173	5.585766857587925	94427.12095529513	11.370881544378069	-2.081813201630536	97.85674870257907	97.7491253206465	97.96437348069087	-0.21525119068721937	0.0002910040471405309	-1	0	2.081663806385464	75.25555124473573	1.0001133872833516	-273.1499938964844	9.001039467626148	-273.1499938964844	219
DATA	2026-02-20T140000_AIU-0547.ghg	2026-02-20	14:30:00	51.604	1	18000	18000	0.4471630680205679	0	NaN	-71.60186951456448	0	NaN	31.7217966814104	1	NaN	0.703612226705605	0	NaN	0.7181220914157619	1	NaN	0.003992750664121952	0	NaN	NaN	NaN	NaN	NaN	NaN	NaN	NaN	NaN	NaN	1.578933970272947e-10	1.976532161001816e-12	8.632418392546153e-13	NaN	15.754063521591137	413.32939024641996	415.479127661811	0	0	197.2116238116504	5.174116513359284	5.201027234258492	0.2	0	0.08613132041083038	2.0850092931863995	2.0958534833039444	-0.2	0	NaN	NaN	NaN	NaN	9	293.48696346833975	293.73567162153455	93999.01679817708	1.1126886937614135	1008.3519098542749	0.02598025444356348	0.046534311523741365	0.0035887862981015847	486.4923264767222	2417.1061681467518	0.0032253282685652095	20.127056597175727	1930.6138416700296	270.05289771790785	-1.2389668334016484	-2.2139365304588745	0.20696054172280637	2.5454638950492323	-8.341173447145036e-14	1.0022391798211292e-14	2.5454638950492323	11.0142456307821	91.2323214211965	240.7676785788035	4.663617240554714	NaN	0.6339370375958814	3.97385061519092	296.7497601274559	0.009772543704009842	-2.2571820327101646	-0.10066823063949318	0	69.85135831155728	-10.600213112043916	23.977710921636497	59.70789048471771	91.05830033071376	127.71056094162994	191.333692201719	0.4441220120960939	1.006847343391338	-69.00481386894015	1.0135021650153837	28.531320243125943	1.1118236524316867	0.6328451685361467	1.1118236524316867	0.645895677650989	1.1118236524316867	0.023193608257501944	1.1824659401111093	NaN	NaN	800000009	800000009	800000009	800000009	800010009	800110019	899999999	899999999	89999	89999	89	89	7	8	5	70	20	4	0	NaN	0	0	0	0	0	0	0	0	0	NaN	NaN	NaN	NaN	0	0	0	0	0	0	0	0	14925	0	0	0	18000	18000	18000	18000	100	NaN	3.346902223885532	4.077750253977967	0.5230487525183417	0.12589569720448218	0.053147179446434004	0.11337534076166268	5.975751752091235e-8	NaN	-0.06150261595083268	0.01652701413658521	0.016867833596627142	0.000023193608257501946	NaN	413.32968072509766	5.17395705723186	94399.21208398437	11.37608113585578	-3.1243003128268976	97.80929421112626	97.70193150488535	97.91665106434291	-0.21471750312381302	0.00029153315856334904	-1	0	2.080579735020795	75.60203006833508	1.0000983593828148	-296.04261985779124	9.000932781696319	-273.1499938964844	223
DATA	2026-02-20T143000_AIU-0547.ghg	2026-02-20	15:00:00	51.624	1	18000	17999	0.1721837405560213	1	NaN	-65.96150271435403	1	NaN	52.12376182668904	1	NaN	-0.15437541839301924	2	NaN	1.180651358082127	1	NaN	0.007689191821379878	1	NaN	NaN	NaN	NaN	NaN	NaN	NaN	NaN	NaN	NaN	-5.767998970773687e-12	-7.787604224746053e-14	-3.1392899204392574e-14	NaN	15.723464348034495	413.37858084606984	415.6986733790576	0.1	1	212.288729600749	5.581188205698608	5.6125126953582765	0.1	0	0.08557649436534101	2.07748667812782	2.0891465984832505	-0.4	0	NaN	NaN	NaN	NaN	9	293.9742895312839	294.31997821214463	94005.13700564236	1.110380723606808	1008.5882041868072	0.026030240227285648	0.07650620800372182	0.003863699002073317	524.8010965190745	2505.5429355296596	0.0034796164233858538	20.945603808147638	1980.7418390105852	271.0742106112583	-1.3004979549642504	-1.7123882122965908	0.17946180183096835	2.1576886628536824	-2.909065558604066e-14	-3.668402104714737e-16	2.1576886628536824	10.528568424849588	99.2153783292647	232.7843833731098	4.770983085511302	NaN	0.39378585525220045	2.9618959884236946	77.2184569500345	0.03755578801421134	-1.265478553402867	-0.14957004709721086	0	45.09351059586437	-6.843114204799723	15.47914296364501	38.545254627981215	58.78394536710189	82.44531920680387	123.51811167595484	0.17091765731256292	1.0074075625851988	-62.25860725818677	1.0144342361401772	46.57759191523268	1.1190737795451067	-0.13794927663819578	1.1190737795451067	1.0550254859532595	1.1190737795451067	0.023202097863249744	1.1990929782962663	NaN	NaN	800000009	800000009	800000009	800100009	800110009	800110119	899999999	899999999	89999	89999	89	89	22	15	4	95	8	1	0	NaN	0	0	0	0	0	0	0	0	0	NaN	NaN	NaN	NaN	0	0	0	0	0	0	0	0	14028	0	0	0	18000	18000	18000	18000	100	NaN	3.464088146024397	1.856974724222211	0.6027291066007814	0.11857489854617248	0.0883922151347028	0.18374347816289768	2.6210807294028582e-8	NaN	-0.05559216693573589	-0.003611011953424301	0.027616742427264453	0.000023202097863249743	NaN	413.37861630757504	5.581006556896731	94397.7276781684	11.390000343322754	-2.1176243395814884	97.78570237901475	97.67775218497383	97.89365151384143	-0.21590161716524092	0.00029217688045496794	-1	0	2.072732915222645	75.275593325377	1.0000908869289689	-273.1499938964844	9.000929351170857	-273.1499938964844	097
DATA	2026-02-20T150000_AIU-0547.ghg	2026-02-20	15:30:00	51.645	1	18000	18000	0.5467094693819557	0	NaN	-65.45823285402678	0	NaN	65.26998737673028	1	NaN	1.4653443661498156	0	NaN	1.4787704811553106	1	NaN	0.007496572979048415	0	NaN	NaN	NaN	NaN	NaN	NaN	NaN	NaN	NaN	NaN	1.0359651276467245e-10	8.174925082971283e-13	5.638254101739316e-13	NaN	15.736198309217313	413.9717402383219	415.3284941027993	0.2	0	124.17622836480199	3.2667006568097294	3.277406964292617	0.2	0	0.08564447035420278	2.079433616583572	2.0862487668003475	-0.3	0	NaN	NaN	NaN	NaN	9	294.0295421495791	294.5611303414239	94024.69929578993	1.1106757921393768	1007.342098396686	0.026046148044083714	0.09582432717886412	0.00226006343604743	307.23293682865676	2542.8589123449565	0.002034854322064686	12.082185737364986	2235.6259755162996	264.0422878763883	-1.657633447926719	-2.1049654996452656	0.20664767136584	2.687253553809813	-9.449829583038947e-14	6.583325319686133e-15	2.687253553809813	16.040262397557086	100.21998040498227	231.78001959501773	4.4103541638859145	NaN	0.7015920269880022	4.582120823658364	439.9763410803489	0.006591263504940142	-1.0028841046989938	-0.08339026256328844	0	70.67440652482252	-10.725113853747244	24.260236739448377	60.41141971835256	92.13122680203428	129.21535557324296	193.588148769359	0.5430196927543958	1.0067949223145924	-61.02871911504222	1.0135225600964108	58.69049979745196	1.1121048142712184	1.3176315283825843	1.1121048142712184	1.3297042348696013	1.1121048142712184	0.022439842247346225	1.1812432405628686	NaN	NaN	800000009	800000009	800000009	800000009	800010019	801010019	899999999	899999999	89999	89999	89	89	26	15	7	108	11	4	2	NaN	0	0	0	0	0	0	0	0	0	NaN	NaN	NaN	NaN	0	0	0	0	0	0	0	0	15265	0	0	0	18000	18000	18000	18000	100	NaN	4.1840510139416836	4.358032300647479	0.622158332727566	0.09358495953948479	0.12147227775353867	0.29832414786994677	1.85806367514383e-8	NaN	-0.05454688626857825	0.03443173419559501	0.03474721254582291	0.000022439842247346224	NaN	413.971762368806	3.266358382934554	94425.15464040799	11.383626308547127	-9.256364118364031	97.8241195341746	97.72272120899625	97.92551618109809	-0.20279001995548576	0.0002926589211048042	-1	0	2.0766427034934365	75.58434492183615	1.000083694550726	-273.1499938964844	9.000843264076444	-273.1499938964844	085
DATA	2026-02-20T153000_AIU-0547.ghg	2026-02-20	16:00:00	51.666	1	18000	17998	0.5210753999751073	1	NaN	-60.95678234562932	0	NaN	73.54315458348644	0	NaN	1.6891376491268617	0	NaN	1.665926782097118	0	NaN	0.004173888155108998	0	NaN	NaN	NaN	NaN	NaN	NaN	NaN	NaN	NaN	NaN	-5.885112497379433e-11	-3.562186858146289e-13	-3.201409709727664e-13	NaN	15.737938161454665	413.91628670325315	414.9559109472993	0.2	0	95.2598213169523	2.505384829132141	2.511677547956463	0.2	0	0.08561193700818749	2.0762982151108123	2.081513206720568	-0.3	0	NaN	NaN	NaN	NaN	9	293.84436417671486	294.3859955427382	94035.20848676216	1.1117811237191546	1006.9273979845974	0.026027752863299888	0.10795205547989324	0.0017345729242021094	235.65758044674868	2515.7105754500553	0.0015601748286565417	9.367436093263233	2280.0529950033065	260.71002343225905	-2.22483981250895	-2.7318082531813577	0.19962326167833078	3.5283348011817783	-4.0796489446612883e-14	-3.739443144968788e-15	3.5283348011817783	13.840387940829215	101.16006697502758	230.84543375855958	3.243365989941531	NaN	0.6846058993765128	6.092739439085054	438.9555380559572	0.0066065916672187275	-0.8288573245308776	-0.07953603612379408	0	63.35523548331264	-9.614401410655521	21.74780216893409	54.155102396129735	82.58994813574098	115.8335765794864	173.53980535731282	0.517373247091932	1.0071556712759782	-56.06889943882797	1.0150495607470895	65.40537834473818	1.1244205972765073	1.5022293732595902	1.1244205972765073	1.481586860052376	1.1244205972765073	0.01741619982575919	1.1908180927472853	NaN	NaN	800000009	800000009	800000009	800100009	800110019	800111119	899999999	899999999	89999	89999	89	89	6	9	9	91	28	8	1	NaN	0	0	0	0	0	0	0	0	0	NaN	NaN	NaN	NaN	0	0	0	0	0	0	0	0	14481	0	0	0	18000	18000	18000	18000	100	NaN	5.741028861628701	5.665854213139129	0.7785958034022786	0.09175930064338989	0.07251347216062269	0.03832838241046288	1.7252456261810917e-8	NaN	-0.05008464241774458	0.039197887005291546	0.038659258940493484	0.00001741619982575919	NaN	413.916303918356	2.5052701816623437	94440.66219769965	11.380000114440918	-12.473328361988097	97.83864649645487	97.73873316256206	97.93855534447565	-0.1998218317102228	0.00029227860909951327	-1	0	2.074162615001202	74.99627430004547	1.0000782223012712	-273.1499938964844	9.000789672374726	-273.1499938964844	009
DATA	2026-02-20T160000_AIU-0547.ghg	2026-02-20	16:30:00	51.687	1	18000	17999	0.4604933241484052	1	NaN	-58.702538355239284	0	NaN	11.483091772752315	2	NaN	0.06581144602042331	2	NaN	0.26002919521451845	2	NaN	0.0068758617618831	0	NaN	NaN	NaN	NaN	NaN	NaN	NaN	NaN	NaN	NaN	-6.576220126575007e-13	-4.575850118253563e-15	-3.5653304778809396e-15	NaN	15.799796137439571	414.4493767323422	415.6480274878609	0	0	109.93777220401329	2.883811966492836	2.892152390164514	0.2	0	0.08565938126900435	2.0742486514968577	2.0802476946920794	-0.3	0	NaN	NaN	NaN	NaN	9	293.7281046272561	294.02801274447967	94081.70705533854	1.113525641193084	1007.1216225774399	0.025983254072119766	0.016849891849900794	0.0019999917016685002	271.38672972995863	2461.0055736596255	0.0017960894906071624	11.027473185539943	2189.618843929667	262.4715848872212	-1.7021813546927431	-2.388468178802614	0.19804913612016414	2.939641968382312	-2.6466142748626e-14	-4.162218340901146e-17	2.939641968382312	12.5189597058753	97.47620075287034	234.52182693359387	3.8630491636261186	NaN	0.6430748991112591	5.187259306928562	377.94038105649474	0.0076731678999035205	-5.112084751820216	-0.08139789623026446	0	60.5386642773292	-9.186975863746277	20.780964418033804	51.747539691920394	78.91826310374289	110.68398611563607	165.82478046422216	0.4573357740603976	1.0069042271938924	-57.309815636510926	1.0140264477703929	10.285824075070625	1.116399783716257	0.05894971226288761	1.116399783716257	0.23291763309818694	1.116399783716257	0.02300219344129011	1.1850908554275505	NaN	NaN	800000009	800000009	800000009	800100009	800100009	800110019	899999999	899999999	89999	89999	89	89	12	17	4	120	5	8	0	NaN	0	0	0	0	0	0	0	0	0	NaN	NaN	NaN	NaN	0	0	0	0	0	0	0	0	16017	0	0	0	18000	18000	18000	18000	100	NaN	5.624610004145425	3.980196909580803	0.7697117001308954	0.06688371605426463	0.44564255751553666	0.2658090396090878	1.6054671989419657e-8	NaN	-0.051103055656825665	0.0015361364682156561	0.006069465932200169	0.00002300219344129011	NaN	414.44918534072065	2.8835453563880744	94484.85775520833	11.380000114440918	-10.855679957561826	97.87828049341837	97.7775533036126	97.97900349998474	-0.20145041578014677	0.0002917373649898865	-1	0	2.0717874314718774	75.61259548697959	1.0000885222256184	-273.1499938964844	9.000882148345312	-273.1499938964844	232
DATA	2026-02-20T163000_AIU-0547.ghg	2026-02-20	17:00:00	51.708	1	18000	17980	0.37286293542275467	1	NaN	-86.65414698003843	0	NaN	64.46052543453101	0	NaN	2.2181245532722405	0	NaN	1.4589530765691598	0	NaN	0.005723667640270462	0	NaN	NaN	NaN	NaN	NaN	NaN	NaN	NaN	NaN	NaN	6.408209699953734e-10	4.235218470316513e-12	3.460673818330829e-12	NaN	15.876123574595583	414.6373749154955	415.7767527128989	0.1	0	104.92611033100256	2.7403595558652487	2.7478897618325506	0.2	0	0.08573702760005569	2.0710434188091806	2.076734417816037	-0.3	0	NaN	NaN	NaN	NaN	9	293.4535826709888	293.51409342589204	94110.08777517361	1.1158724204662436	1007.0309146544967	0.02593001696664675	0.09454015936168156	0.0019044060058387765	257.96465607003046	2384.290736990653	0.0017066520965210888	10.819345647235208	2126.3260809206226	261.8355177590409	-1.904641721166611	-2.7592309297182913	0.28192023324750826	3.3654211765424593	-8.873866968930669e-14	4.036381847145563e-14	3.3654211765424593	14.278767779143795	96.61653962782026	235.3647390483792	4.805280020859576	NaN	0.5780525684700667	5.746123320413609	185.98852459751797	0.015592359831208106	-1.3442978690586112	-0.13340271527476572	0	53.2716560337934	-8.084179326492482	18.28643564807829	45.53581034485076	69.44498391289041	97.39757735304724	145.91931903719674	0.37015369424972283	1.0073192331053815	-81.90225592128071	1.015312589788578	57.20448598325917	1.126843888666272	1.9684399725481088	1.126843888666272	1.2947251089908922	1.126843888666272	0.026806578231694314	1.1962795790491962	NaN	NaN	800000009	800000009	800000009	800100009	800100009	800110019	899999999	899999999	89999	89999	89	89	11	11	3	130	26	35	0	NaN	0	0	0	0	0	0	0	0	0	NaN	NaN	NaN	NaN	0	0	0	0	0	0	0	0	17406	0	0	0	18000	18000	18000	18000	100	NaN	6.04333682463703	4.59269796663093	0.8562118495592583	0.1278057609849601	0.3039278727005632	0.17722424652190444	1.8412563438066806e-8	NaN	-0.0728850602695833	0.051181976526922204	0.03366452168282672	0.000026806578231694314	NaN	414.6372337830888	2.7401298738106683	94511.26533398438	11.380000114440918	-11.449475713319027	97.93250272602505	97.82793233829075	98.03707229550679	-0.2091447280608125	0.0002907141051918087	-1	0	2.068687752449954	74.90153926473694	1.0000848420030541	-320.307995876731	9.000825174411139	-273.1499938964844	017
DATA	2026-02-20T170000_AIU-0547.ghg	2026-02-20	17:30:00	51.729	1	18000	18000	0.36443497640212175	1	NaN	-109.10480223461168	0	NaN	67.78206038530789	0	NaN	2.739911529143167	0	NaN	1.5332006570754322	0	NaN	0.0006684139375065625	0	NaN	NaN	NaN	NaN	NaN	NaN	NaN	NaN	NaN	NaN	-1.6480301899439117e-11	-9.720699550203484e-14	-8.89398363545435e-14	NaN	15.940035668405374	414.8110526409592	415.82846472444675	0.1	0	94.02030284249163	2.446711011382405	2.4527120890584553	0.2	0	0.08602416220796354	2.0715990865701484	2.0766801226934613	-0.3	0	NaN	NaN	NaN	NaN	9	292.8609537823995	292.8868027793036	94176.14563107639	1.119171658196165	1006.8566919969851	0.02585645082403548	0.099351402578488	0.0017051734393319497	230.483620737102	2293.494059667747	0.001523603128120916	10.049453573491775	2063.0104389306453	260.43544454816475	-1.3329517255423464	-2.5518221604195492	0.1857173195047458	2.884969248328055	-7.113760023913781e-14	-1.033893665125518e-15	2.884969248328055	13.156631156684865	89.58044691163946	242.41955308836054	3.6909168579447793	NaN	0.5706392942854404	4.633522083481254	142.16914712720035	0.020398237301130724	-1.60964127697512	-0.16967498833472616	0	55.6328503340663	-8.442499671104805	19.096957243223734	47.5541237191593	72.52303915663283	101.71459359824371	152.3869960358575	0.3618303857390313	1.0071983746134825	-103.90380683280362	1.0146798558515502	60.415176521679236	1.1219376369939948	2.4421246233295157	1.1219376369939948	1.3665649555917683	1.1219376369939948	0.028737887728598338	1.1943694247667114	NaN	NaN	800000009	800000009	800000009	800000009	800010119	800111119	899999999	899999999	89999	89999	89	89	17	26	11	53	19	21	2	NaN	0	0	0	0	0	0	0	0	0	NaN	NaN	NaN	NaN	0	0	0	0	0	0	0	0	16412	0	0	0	18000	18000	18000	18000	100	NaN	4.1746527184717115	4.343735763194273	0.7486556852965239	0.26253590704211965	0.1820514343261443	0.04514722426056388	3.363547810455718e-8	NaN	-0.09220767999860265	0.06329959258327188	0.03542120827953509	0.000028737887728598337	NaN	414.81105502005835	2.4466008904947403	94575.41235655382	11.380000114440918	-12.753337447735927	98.00127850426568	97.89732098515829	98.105237496482	-0.20792010452515566	0.00028929466192494156	-1	0	2.0694868982368044	74.91381297528164	1.0000972877310381	-306.5401202985905	9.000900701522827	-273.1499938964844	075
DATA	2026-02-20T173000_AIU-0547.ghg	2026-02-20	18:00:00	51.749	0	18000	17996	0.22093859534467322	1	NaN	-104.92456982028305	1	NaN	65.55992853573507	1	NaN	1.3522802009401667	1	NaN	1.4824457155456212	1	NaN	0.006883834441181494	1	NaN	NaN	NaN	NaN	NaN	NaN	NaN	NaN	NaN	NaN	8.541252844820393e-11	5.220807263896334e-13	4.60859452656011e-13	NaN	15.985918375109781	415.1384575119348	416.1945584962633	0	0	97.71329837570454	2.5375175209985303	2.5439728967970985	0.1	0	0.08625504626085898	2.0738580900319383	2.0791339288047825	-0.3	0	NaN	NaN	NaN	NaN	9	292.5524669621785	292.5437429911296	94225.02202300346	1.1210270766110724	1006.8967697476975	0.02581276848770031	0.09606248236735625	0.0017714514633967134	239.1617797118705	2245.129912112085	0.0015802039936019302	10.652469526223598	2005.9681324002145	260.89295203735776	-1.5334512349951723	-2.99622250312828	0.20665169500526762	3.3718413991427343	-5.1738565186999214e-14	5.34298539777308e-15	3.3718413991427343	13.199032242873509	89.10313257118696	242.89770643768213	3.513716520165184	NaN	0.4439435423589251	4.371100246284004	69.63594678620387	0.04164515790822193	-1.600437525844637	-0.20938636824932405	0	46.17139155240022	-7.006686798445382	15.849144615845915	39.46661105774955	60.18907205659619	84.41602936785048	126.47059460761176	0.21916965969501803	1.008071079054084	-99.73418388136314	1.0169878229434453	57.471652737026666	1.140735047862952	1.185446351870684	1.140735047862952	1.2995530542546478	1.140735047862952	0.032623365956899755	1.2172528544688324	NaN	NaN	800000009	800000009	800000009	800100009	800110119	800110119	899999999	899999999	89999	89999	89	89	8	13	4	70	49	33	4	NaN	0	0	0	0	0	0	0	0	0	NaN	NaN	NaN	NaN	0	0	0	0	0	0	0	0	16711	0	0	0	18000	18000	18000	18000	100	NaN	4.220647210898564	3.7994320166564135	0.722121265013032	0.11619478636621491	0.04859459525787872	0.01691311973151679	2.5252855393533223e-8	NaN	-0.0883574122801287	0.030677517855513196	0.03363042280502342	0.000032623365956899755	NaN	415.13865807596846	2.5374204765870254	94626.52949761285	11.380000114440918	-12.273293204148656	98.04930082130433	97.94547252315945	98.15312698682149	-0.2076428063002725	0.0002890339641162427	-1	0	2.071669853690598	74.85097599300101	1.0001031649212042	-273.1499938964844	9.000926904731326	-273.1499938964844	200
DATA	2026-02-20T180000_AIU-0547.ghg	2026-02-20	18:30:00	51.77	0	18000	18000	0.34015476644705517	0	NaN	-153.58856264520358	0	NaN	95.52605042243263	1	NaN	4.264177738346877	1	NaN	2.1583460936872036	1	NaN	0.004152418633395456	0	NaN	NaN	NaN	NaN	NaN	NaN	NaN	NaN	NaN	NaN	-3.335762185616533e-10	-2.2515839740998234e-12	-1.7952954315324323e-12	NaN	16.05667682442269	415.67511299594304	416.8446698644717	0.1	0	108.37989701741343	2.805737851725229	2.8136321659941905	0.3	0	0.0864164677949033	2.070107561509453	2.0759320827315837	-0.3	0	NaN	NaN	NaN	NaN	9	291.76827566485935	291.7302032436795	94272.24359743924	1.1246024502378722	1007.0206169100363	0.02572809150618152	0.1398608268709308	0.0019651437006984523	264.57415241239784	2133.990911763933	0.0017474118967843184	12.398091807884215	1869.4167593515353	262.1523320699189	-1.0314074679430187	-1.786651924724884	0.18961481354873552	2.0716853628312295	-3.176740265629798e-14	-2.07749226199953e-14	2.0716853628312295	9.36414105095611	91.99719786769413	240.00280213230587	5.251451132643259	NaN	0.5499697058345278	2.643806695177021	90.4793695914641	0.0320515053662972	-1.6078186208474916	-0.24659412237874168	0	71.1210938629816	-10.792900380643664	24.413570047856805	60.793241336605895	92.71352886136711	130.03204249101734	194.81169459202619	0.3376873116110128	1.007306921969531	-146.366081216767	1.014054704216589	85.62860275639892	1.11558576629109	3.822366569379682	1.11558576629109	1.9347199999359135	1.11558576629109	0.043318678840182104	1.1944867655631146	NaN	NaN	800000009	800000009	800000009	800000009	800011119	800111119	899999999	899999999	89999	89999	89	89	15	12	7	44	24	20	0	NaN	0	0	0	0	0	0	0	0	0	NaN	NaN	NaN	NaN	0	0	0	0	0	0	0	0	15316	0	0	0	18000	18000	18000	18000	100	NaN	2.5177600105499693	2.3935236537124913	0.37632972609158116	0.4492472417740606	0.45526804281090455	0.06802027268753884	5.654687110121418e-8	NaN	-0.12924181781094388	0.09861897006595334	0.04991674406325852	0.000043318678840182106	NaN	415.6744750567966	2.805636254245597	94668.89145963542	11.380000114440918	-11.0439309854772	98.11282631492614	98.00404104275174	98.22161170260111	-0.21758144945402896	0.00028790124652409234	-1	0	2.067693484955364	75.0099735917216	1.0001314186321364	-273.1499938964844	9.001132122808032	-273.1499938964844	164
DATA	2026-02-20T183000_AIU-0547.ghg	2026-02-20	19:00:00	51.791	0	18000	18000	0.2509480548404868	1	NaN	-113.48082083569356	0	NaN	60.092837485485326	0	NaN	2.3851709029086954	0	NaN	1.3573251914179219	0	NaN	0.005661911004907965	0	NaN	NaN	NaN	NaN	NaN	NaN	NaN	NaN	NaN	NaN	1.1072174913478381e-10	7.23836418589446e-13	5.95652144582952e-13	NaN	16.077094031336937	415.3841735883506	416.5152405970322	0.1	0	105.10298343284397	2.715547712156504	2.7229419910506363	0.2	0	0.08649028409739207	2.0685899930211007	2.074222643575365	-0.3	0	NaN	NaN	NaN	NaN	9	291.39344356028244	291.4006944834391	94306.39673871528	1.1263204581128459	1006.963867825684	0.02568972474526458	0.08795467240388133	0.0019048149054423501	256.1622142812838	2090.366125057613	0.0016911837938501752	12.254418554272338	1834.203910776329	261.7478661193487	-1.0833530103478644	-2.303168961548116	0.23651929907144414	2.5562046845473128	4.3785647250599365e-14	6.8869255176942204e-15	2.5562046845473128	10.341699671347113	87.191118576929	244.808881423071	5.309030673437196	NaN	0.47202057605942105	2.9733095674584193	77.43817906817404	0.037449227692285154	-1.8884250700111047	-0.21197550472164248	0	61.27084819987793	-9.298087598776698	21.032299465206947	52.373399496495985	79.87273879510151	112.02265184414017	167.83034566235528	0.24908226270564668	1.0074906663950016	-108.63580811489244	1.0150801611689515	53.40488493670931	1.1252311011755196	2.119716474613017	1.1252311011755196	1.2062634866739246	1.1252311011755196	0.03467606982758062	1.2037325122453293	NaN	NaN	800000009	800000009	800000009	800000009	800011119	800111119	899999999	899999999	89999	89999	89	89	14	14	6	63	52	36	1	NaN	0	0	0	0	0	0	0	0	0	NaN	NaN	NaN	NaN	0	0	0	0	0	0	0	0	16113	0	0	0	18000	18000	18000	18000	100	NaN	3.4871225497616445	2.0570815601072336	0.4024150250479606	0.368329315008854	0.4032886060572614	0.06520688706011198	4.817206485766242e-8	NaN	-0.09578491968035337	0.0546032502761064	0.031072979736032746	0.00003467606982758062	NaN	415.3836166447113	2.7153992336290926	94706.7235952691	11.380000114440918	-11.443086426443545	98.14772920848705	98.03763457934062	98.25781836396676	-0.2201979489587248	0.0002873418513756607	-1	0	2.066250663671229	74.34281098734763	1.0001281780087286	-273.1499938964844	9.001061787287394	-273.1499938964844	213
DATA	2026-02-20T190000_AIU-0547.ghg	2026-02-20	19:30:00	51.812	0	18000	18000	0.47920282776063144	1	NaN	-119.17102769096601	0	NaN	71.76746306265541	0	NaN	1.976494857768827	0	NaN	1.620904854823253	0	NaN	0.00013076079212453816	0	NaN	NaN	NaN	NaN	NaN	NaN	NaN	NaN	NaN	NaN	-3.098054020109666e-10	-1.9598629898819956e-12	-1.6695508575593705e-12	NaN	16.075111720543305	415.09751942846043	416.1904156850877	0.1	0	101.69292179803851	2.62595248578288	2.632866267502763	0.2	0	0.08662927238901319	2.071070509648737	2.076523361331211	-0.2	0	NaN	NaN	NaN	NaN	9	291.3118546541002	291.32605108727347	94333.5862983941	1.1269720751321455	1006.9138011891491	0.025675741629053533	0.10503463459254679	0.0018429716768543463	247.7819624978125	2080.5930760771867	0.0016353303844181275	11.909198648540546	1832.8111135793743	261.3329783661234	-1.7099691267915056	-2.295232290125441	0.2533021944999221	2.8733686992714893	-2.358945672405925e-14	-1.9272363850202584e-14	2.8733686992714893	12.605498252895167	98.68644893904496	233.31355106095504	5.057481996056395	NaN	0.6520833459943373	4.831254214271416	194.45359329310597	0.014913584011938208	-1.6605160974817474	-0.16105051855252273	0	60.82955575340706	-9.231119767507588	20.880818048536632	51.996189350515806	79.29746952195165	111.21582850898427	166.6215772838307	0.47584507668755827	1.0070563955320229	-113.67701009689728	1.0143341159880357	64.13401105525705	1.11902346168278	1.7662675765498135	1.11902346168278	1.4484994375236306	1.11902346168278	0.031096317299271637	1.1899508659654847	NaN	NaN	800000009	800000009	800000009	800000009	800000009	800011119	899999999	899999999	89999	89999	89	89	11	5	5	76	29	29	0	NaN	0	0	0	0	0	0	0	0	0	NaN	NaN	NaN	NaN	0	0	0	0	0	0	0	0	16414	0	0	0	18000	18000	18000	18000	100	NaN	4.910554340147686	3.9699542503528735	0.7819998380422727	0.1319094337538974	0.05267607084938401	0.017280546797372138	2.681953607878358e-8	NaN	-0.10017680904843713	0.0454696631463356	0.03728924335491167	0.00003109631729927164	NaN	415.097584620417	2.6258476069270515	94737.96023871528	11.383040739589266	-11.83220065381792	98.1446815871486	98.03434789975485	98.25502389187282	-0.22067167189137812	0.00028706618310469725	-1	0	2.0688057565424183	74.65030320438802	1.0001481400943464	-273.1499938964844	9.00120294687483	-273.1499938964844	123
DATA	2026-02-20T193000_AIU-0547.ghg	2026-02-20	20:00:00	51.833	0	18000	18000	0.294550190813137	1	NaN	-204.19692003506728	1	NaN	127.75211833084825	1	NaN	7.907065751780105	1	NaN	2.882272006100145	1	NaN	-0.0016192209874977244	1	NaN	NaN	NaN	NaN	NaN	NaN	NaN	NaN	NaN	NaN	3.4410449234569337e-10	2.5386976258447985e-12	1.848918558216688e-12	NaN	16.174317165335097	416.66112752806606	417.94589247979906	0.1	0	119.32916163746471	3.0739982731020477	3.083476875693078	0.2	0	0.08690672699334513	2.067476301967445	2.0738513173356052	-0.3	0	NaN	NaN	NaN	NaN	9	290.1661278364395	290.2200245632597	94365.50551953125	1.1314578256378203	1007.128112253849	0.025569611172374156	0.18677122599528936	0.0021663782627344068	290.15721173601816	1940.4005996420244	0.001914678756597212	14.953469494368736	1650.2433879060063	263.31565370752327	-0.7811713757185503	-1.856007195352632	0.19475441436526572	2.0230968116620134	1.3887600993075413e-13	2.1274746181135882e-14	2.0230968116620134	12.355905081390695	84.82564721497613	247.17435278502387	5.524161148172655	NaN	0.5102235133426829	2.534582494242612	54.37925129737996	0.053329163804425615	-1.5983838288007466	-0.3512089939312512	0	74.498066206901	-11.30536896227612	25.572775374855627	63.679826504804396	97.11575337545004	136.2062249657905	204.06174502258864	0.2922860507011895	1.0077463160028193	-194.46589793277656	1.0150875968084565	113.64107163111387	1.1241720664650166	7.0336792628587945	1.1241720664650166	2.5639064446455353	1.1241720664650166	0.050482119061412346	1.2093521797444289	NaN	NaN	800000009	800000009	800000009	800000009	800100009	800111119	899999999	899999999	89999	89999	89	89	9	0	7	14	12	11	0	NaN	0	0	0	0	0	0	0	0	0	NaN	NaN	NaN	NaN	0	0	0	0	0	0	0	0	13117	0	0	0	18000	18000	18000	18000	100	NaN	3.1165146360505385	1.6642169874970958	0.28843336493759014	1.6365814521343716	2.575146101042462	0.24710987643924326	1.6628822492457564e-7	NaN	-0.17065552925060493	0.18040315159352627	0.06576029212014599	0.00005048211906141235	NaN	416.6603368699815	3.0737479803349226	94759.38342144097	11.390000343322754	-9.969068741135938	98.18906709162394	98.07876228735182	98.29937122768825	-0.22061048421553453	0.00028659879840011446	-1	0	2.064819998039139	73.56166612435673	1.000153065631787	-273.1499938964844	9.00118130686548	-273.1499938964844	034
DATA	2026-02-20T200000_AIU-0547.ghg	2026-02-20	20:30:00	51.854	0	18000	18000	0.15296457597045224	0	NaN	-129.94447421086196	0	NaN	82.44260408653075	0	NaN	4.060173744942327	0	NaN	1.8593324324579765	0	NaN	-0.00008031864251117171	0	NaN	NaN	NaN	NaN	NaN	NaN	NaN	NaN	NaN	NaN	-3.959037400035283e-10	-3.221139568644673e-12	-2.117549432851046e-12	NaN	16.25408575300265	417.07880849884236	418.4989526777164	0.1	0	132.24598173958617	3.393423495536623	3.4049780279785518	0.2	0	0.08693737035036922	2.064732973593213	2.0717633440019405	-0.3	0	NaN	NaN	NaN	NaN	9	289.84072057342536	289.8339902928671	94404.88673307291	1.1333005869194113	1007.2911291015702	0.025524947687381876	0.12048474162327687	0.0023956755244409524	320.4416927750555	1893.457824702865	0.002113892423679922	16.92362452410798	1573.0161319278095	264.5801082418681	-0.7816543631423052	-1.687767066790238	0.16510554706317518	1.8672977954338148	-1.462995388346593e-14	-2.4357182927399792e-14	1.8672977954338148	6.350227976669607	86.85023638724152	245.14976361275848	5.072688893928848	NaN	0.36738623189863445	1.3848640985947154	31.912363404279454	0.09087387114710249	-1.5761810977546733	-0.30983809694197056	0	63.297374699347515	-9.60562081346048	21.72794043417115	54.105643868252	82.51452076008184	115.72778861264759	173.3813157058968	0.15167123825823334	1.0085272443679592	-123.55114591620999	1.0167474333415731	72.48321140137551	1.1374027515144873	3.5696886960543037	1.1374027515144873	1.6347177198070053	1.1374027515144873	0.032208339598552266	1.233725440753753	NaN	NaN	800000009	800000009	800000009	800000009	800011119	800111119	899999999	899999999	89999	89999	89	89	21	8	11	32	40	15	0	NaN	0	0	0	0	0	0	0	0	0	NaN	NaN	NaN	NaN	0	0	0	0	0	0	0	0	15016	0	0	0	18000	18000	18000	18000	100	NaN	1.5115383305801218	1.0334559777920864	0.22473388881722262	0.7164877213045302	0.7945929931560353	0.09223428999335052	8.655282501405226e-8	NaN	-0.10822974988550085	0.0914264491084616	0.04186819892217345	0.00003220833959855226	NaN	417.07862430718546	3.3933145271392577	94803.41551519097	11.396372103691101	-8.612829250130396	98.24687516445584	98.13223008728028	98.36152354855008	-0.22929145296166342	0.0002855636866152054	-1	0	2.0618127889655256	73.0798478580051	1.000110285901361	-323.053495992025	9.000837700208027	-273.1499938964844	140
DATA	2026-02-20T203000_AIU-0547.ghg	2026-02-20	21:00:00	51.874	0	18000	18000	0.14599281610696246	1	NaN	-72.66486172093626	0	NaN	45.147959092349694	0	NaN	1.7279272427767376	0	NaN	1.018107746506834	0	NaN	0.006118144700093341	0	NaN	NaN	NaN	NaN	NaN	NaN	NaN	NaN	NaN	NaN	-2.94090757824311e-10	-2.1046648266840614e-12	-1.5786771627559644e-12	NaN	16.25418757267839	416.79497498236617	418.0419101237163	0.1	0	116.32333203404549	2.982799358516715	2.991723068165298	0.2	0	0.08725236695628653	2.0706475115306446	2.07684231545693	-0.2	0	NaN	NaN	NaN	NaN	9	289.70835785335964	289.7151119435628	94446.91610134549	1.1344467120325912	1007.0669028871373	0.0255031242959183	0.06597338197364284	0.0021075866916438622	281.79176814961835	1879.2039199117214	0.001857810216460228	14.995273539172693	1597.4121517621031	262.9456720931426	0.6560609460529417	-2.104251716024374	0.2771171358391706	2.221505155587826	4.561186131808503e-14	-1.8093230222016582e-14	2.221505155587826	9.91419910047734	44.68363169432308	287.3163683056769	7.165912477089657	NaN	0.3587349519896511	2.872982387880321	53.14392539121804	0.05456879556133091	-1.6094827580644568	-0.1772998364315061	0	57.492985560331334	-8.724782368138158	19.735481472510713	49.14413933318956	74.947913291986	105.11551405155846	157.4821946037697	0.14486478937673108	1.007786755740195	-69.20503142443731	1.0154373364714868	40.035153364368036	1.1277079091329807	1.5322471615058775	1.1277079091329807	0.9028115687240227	1.1277079091329807	0.023892201400107015	1.2123496572815473	NaN	NaN	800000009	800000009	800000009	800000009	800011119	800111119	899999999	899999999	89999	89999	89	89	6	4	4	56	47	22	0	NaN	0	0	0	0	0	0	0	0	0	NaN	NaN	NaN	NaN	0	0	0	0	0	0	0	0	15617	0	0	0	18000	18000	18000	18000	100	NaN	2.1711147542282823	3.302330706568008	0.27251931496435206	0.2581124075751402	0.36086037597430676	0.049195165654760536	3.465055654942506e-8	NaN	-0.060575254335565876	0.03919402909611123	0.02309341715999611	0.000023892201400107015	NaN	416.79438949085636	2.9826467388973588	94845.65785959201	11.399999618530273	-10.236725326604189	98.24985147921244	98.1353357717726	98.36437187449137	-0.22904219392976843	0.00028471917641743666	-1	0	2.0680748217569453	74.35509394202703	1.0001678315202396	-273.1499938964844	9.001179687182109	-273.1499938964844	141
DATA	2026-02-20T210000_AIU-0547.ghg	2026-02-20	21:30:00	51.895	0	18000	18000	0.1642808577164493	1	NaN	-61.8064360310728	1	NaN	43.00993579766515	1	NaN	0.9006054936345141	1	NaN	0.969798484267466	1	NaN	0.003426393525672008	1	NaN	NaN	NaN	NaN	NaN	NaN	NaN	NaN	NaN	NaN	-1.6396494392839354e-10	-1.054470813808574e-12	-8.789328087063364e-13	NaN	16.219234786259808	415.79636554965396	416.9111933830851	0.1	0	104.30711159751792	2.6740175153005135	2.681187056451261	0.2	0	0.08694308212602161	2.0619772655828736	2.0675058123380508	-0.2	0	NaN	NaN	NaN	NaN	9	289.58737772537677	289.61250895404817	94495.02924435763	1.1355594562989806	1006.8981897463664	0.0254811117441686	0.06284294178053179	0.0018910397997980242	252.7491424091019	1866.977236772113	0.0016652935161680638	13.537880239294688	1614.228094363011	261.5803740068583	0.5366770529111372	-1.7762790717587589	0.20756235448581767	1.8671560542410655	-2.0239163436749814e-13	-1.0109289746967417e-14	1.8671560542410655	10.358055769701398	45.18856684371485	286.81143315628515	6.382475570478113	NaN	0.38035448505738845	3.5237158372479582	74.49460990353586	0.03892899102036042	-1.4370269307499883	-0.14211820757296398	0	48.525054720947374	-7.363864264763032	16.657081017176985	41.47848693393098	63.257309709513024	88.719276302321	132.9176426697081	0.16306005581604074	1.0074868237613375	-58.663415184527246	1.0141723186418488	38.547253113924704	1.115771743074693	0.8071592592520288	1.115771743074693	0.8691728306320309	1.115771743074693	0.01862896993725744	1.1974915457310633	NaN	NaN	800000009	800000009	800000009	800000009	800010109	800010119	899999999	899999999	89999	89999	89	89	5	12	3	88	47	28	0	NaN	0	0	0	0	0	0	0	0	0	NaN	NaN	NaN	NaN	0	0	0	0	0	0	0	0	16317	0	0	0	18000	18000	18000	18000	100	NaN	2.5408625207988016	4.038457927188213	0.468111226508903	0.09452776225777505	0.05007507527099911	0.012365697956988206	1.3291529086586027e-8	NaN	-0.05130644271222693	0.0206224749315418	0.022206887557105395	0.00001862896993725744	NaN	415.7962434522085	2.6739231161454553	94891.9698578559	11.380587877644434	-11.58207146697547	98.24096932178074	98.12696940422057	98.35496471299065	-0.2279942253794935	0.00028500924306152026	-1	0	2.0596775026586323	74.13545000860427	1.0001753862433964	-273.1499938964844	9.001234744310379	-273.1499938964844	075
DATA	2026-02-20T213000_AIU-0547.ghg	2026-02-20	22:00:00	51.916	0	18000	18000	0.41345418130773315	0	NaN	-47.657025115499096	0	NaN	45.13456542262964	0	NaN	1.127116998565366	0	NaN	1.017228899338368	0	NaN	-0.002022064760797984	1	NaN	NaN	NaN	NaN	NaN	NaN	NaN	NaN	NaN	NaN	5.979174951367006e-10	3.71256794686559e-12	3.2057270696665343e-12	NaN	16.244491977422648	415.70863305088517	416.78443837310215	0.1	0	100.86471916113824	2.581203190830155	2.5878830427977197	0.2	0	0.08709463778626972	2.0607976355421163	2.066130738797773	-0.2	0	NaN	NaN	NaN	NaN	9	289.093364672343	289.126325167338	94535.91602777778	1.1380011160285437	1006.8367965079522	0.02542733353041116	0.06591643267712624	0.0018292630739310982	244.0818629172982	1809.9848094689805	0.001607435219672681	13.485298972697333	1565.9029465516824	261.14580149338764	-0.5955322022879258	-1.9825846668175406	0.24036677648617988	2.084004978952821	5.754566569899153e-14	3.6807398838185536e-14	2.084004978952821	8.992783021623836	78.71930747816577	253.28069252183423	6.623170851458113	NaN	0.6027571214708131	3.5657283331680367	384.6059207580013	0.007540185534025398	-1.055887536951995	-0.06900535773135719	0	83.47688505660399	-12.66793936322337	28.65491333179637	71.35478581152246	108.8205505790293	152.62236947044394	228.65612090374913	0.41065178399383695	1.0068242667464906	-44.62911607942577	1.0127763117127864	40.858738819109654	1.104649010887242	1.0203394810991393	1.104649010887242	0.9208616395911504	1.104649010887242	0.009634075009924383	1.1762533464554028	NaN	NaN	800000009	800000009	800000009	800000009	800000009	800110119	899999999	899999999	89999	89999	89	89	13	4	5	42	35	22	0	NaN	0	0	0	0	0	0	0	0	0	NaN	NaN	NaN	NaN	0	0	0	0	0	0	0	0	16910	0	0	0	18000	18000	18000	18000	100	NaN	2.2169707809130914	4.61161594595601	0.3028699394669723	0.1274527673436058	0.06527527990575155	0.01871927360827234	1.9536570583992408e-8	NaN	-0.03895081221778437	0.026011671720169893	0.02347566776788778	0.000009634075009924383	NaN	415.7084008727685	2.581157200660226	94934.22608138021	11.38608107476764	-12.022565130074849	98.29176426050398	98.17872995291816	98.40480003250971	-0.2260757389813658	0.00028453374496247214	-1	0	2.058580357286665	74.00860344950355	1.0001299490531286	-273.1499938964844	9.00094527331988	-273.1499938964844	105
DATA	2026-02-20T220000_AIU-0547.ghg	2026-02-20	22:30:00	51.937	0	18000	18000	0.40800397647868275	0	NaN	-86.04592563108831	0	NaN	55.41761723253719	0	NaN	1.165449341208152	0	NaN	1.2485078783279866	0	NaN	0.0028702002805838897	0	NaN	NaN	NaN	NaN	NaN	NaN	NaN	NaN	NaN	NaN	1.4250079534026056e-10	8.66315140202846e-13	7.647787575695735e-13	NaN	16.278228601185443	415.79661497487496	416.8503215897248	0.1	0	98.96138375380494	2.527781700710674	2.5341875736856045	0.1	0	0.08736262429498758	2.063246277825419	2.0684749309041375	-0.3	0	NaN	NaN	NaN	NaN	9	288.72229209094576	288.72917192416725	94576.56538194444	1.1400795136270225	1006.7988111801385	0.025381491976191002	0.08090331051565353	0.0017946394589408977	239.1330389932465	1764.5674930381404	0.0015741353453773354	13.55193496064691	1525.4344540448938	260.89146144128006	-0.28114900199047305	-1.6940000687461012	0.14958227277466704	1.7236751000581003	8.649372598461492e-14	8.754072622489348e-15	1.7236751000581003	9.872203577313135	71.4233426793624	260.5766573206376	4.9784479579003955	NaN	0.598225094552347	3.4958259645326066	208.307600035679	0.013921719608421809	-1.5526817991836792	-0.12531061111448533	0	66.33242223004005	-10.066200985531385	22.769774037460316	56.69995684882749	86.47101174677273	121.27682347751607	181.6947811000126	0.40511637751603674	1.00712782578762	-82.00014483784452	1.0128140198490299	50.227548418319444	1.1033311196276658	1.056300615903455	1.1033311196276658	1.1315804078374156	1.1033311196276658	0.024911104985328086	1.1783017472272241	NaN	NaN	800000009	800000009	800000009	800000009	800000009	800111109	899999999	899999999	89999	89999	89	89	6	26	13	55	30	20	0	NaN	0	0	0	0	0	0	0	0	0	NaN	NaN	NaN	NaN	0	0	0	0	0	0	0	0	17305	0	0	0	18000	18000	18000	18000	100	NaN	2.2995593190787558	4.162061122348409	0.530031487638048	0.11888439598541238	0.06220622911225095	0.014700205845024603	2.4117314186715494e-8	NaN	-0.07143923307800533	0.026878446677603442	0.028794003520924434	0.000024911104985328085	NaN	415.79662919946566	2.5277408299773843	94973.36678884548	11.399999618530273	-12.274051608191595	98.35222358173795	98.23946030659145	98.4649899482727	-0.22552607117137977	0.0002841221321480891	-1	0	2.0610708166360854	73.94753436215719	1.0001457342025306	-273.1499938964844	9.001037313514285	-273.1499938964844	240
DATA	2026-02-20T223000_AIU-0547.ghg	2026-02-20	23:00:00	51.958	0	18000	18000	0.2827040445970906	0	NaN	-94.76106329960183	0	NaN	56.13700323837217	0	NaN	2.1573348822598244	1	NaN	1.264177269227193	0	NaN	0.004941821548667949	0	NaN	NaN	NaN	NaN	NaN	NaN	NaN	NaN	NaN	NaN	1.5563209976023018e-10	9.584086173144547e-13	8.362459116987962e-13	NaN	16.31253340816474	416.0946595815357	417.1635915672615	0.1	0	100.45532131675387	2.5623808197399502	2.5689634824941057	0.2	0	0.087650872750826	2.0658456044584868	2.071152686376812	-0.3	0	NaN	NaN	NaN	NaN	9	288.2627740707397	288.28709666866723	94593.72912717014	1.1420200374256315	1006.8072445198002	0.02533803185284152	0.0819186870459221	0.001822323984397237	242.45017443569358	1715.1920240025302	0.0015957022860169448	14.135453700974995	1472.7418495668367	261.0624545084064	-0.38583277947665817	-1.749759486548918	0.1713897099200328	1.799972118437675	4.59453589114807e-14	9.540645580062585e-15	1.799972118437675	8.985007392719154	74.43507864598166	257.56492135401834	5.463866043967687	NaN	0.4975413142208833	2.735338429111737	108.83116712585792	0.02664677846049645	-1.6880320970683445	-0.16564591127813677	0	64.20137078794886	-9.742805707544965	22.03825303811642	54.878366128226894	83.69297096238854	117.38058177737574	175.85750104500696	0.2806569009289086	1.0072941148477248	-90.53350441519562	1.0135065326751056	50.58551546480416	1.109744612119858	1.9439922110897543	1.109744612119858	1.1391605378577458	1.109744612119858	0.02915173590332597	1.1882228256651965	NaN	NaN	800000009	800000009	800000009	800000009	800000009	800111119	899999999	899999999	89999	89999	89	89	8	2	3	37	41	22	0	NaN	0	0	0	0	0	0	0	0	0	NaN	NaN	NaN	NaN	0	0	0	0	0	0	0	0	16612	0	0	0	18000	18000	18000	18000	100	NaN	2.3797761507977375	2.6930825482929936	0.3978181591327425	0.16536768241107022	0.11916696181634073	0.018645226676446122	3.251446383207741e-8	NaN	-0.07873888775658973	0.04938350986760759	0.028938256717886527	0.00002915173590332597	NaN	416.0947200749715	2.5623443836648576	94991.60908311632	11.393626191616057	-12.105301668405591	98.39110375552707	98.27832352044847	98.50388340653313	-0.22556116737632298	0.00028334340905227385	-1	0	2.063638474186262	73.88801133897569	1.0001594841993517	-273.1499938964844	9.001085764116711	-273.1499938964844	054
DATA	2026-02-20T230000_AIU-0547.ghg	2026-02-20	23:30:00	51.979	0	18000	18000	0.45564335300665393	1	NaN	-43.96976539312508	1	NaN	33.115137316384974	1	NaN	1.814150126085704	1	NaN	0.7453848659341028	1	NaN	-0.0030138191504150025	1	NaN	NaN	NaN	NaN	NaN	NaN	NaN	NaN	NaN	NaN	-7.910872106363466e-11	-4.981397315773594e-13	-4.254053117729043e-13	NaN	16.364892832135	416.5244149436493	417.6197533468927	0.1	0	103.0480990349288	2.622812724889641	2.6297099616397985	0.2	0	0.08800183145148548	2.069472447834456	2.074914560145865	-0.3	0	NaN	NaN	NaN	NaN	9	287.75529257626005	287.7967960179647	94608.0899594184	1.1441131245430196	1006.8286082654514	0.025291098923144014	0.04830093931252986	0.0018687636411504234	248.20586296411736	1661.8525241847235	0.0016333731351057116	14.93549273187661	1413.6466612206061	261.35426287685897	-1.2847238930558484	-1.8565116828963375	0.1823914378491227	2.265042548545081	-4.168559377688755e-14	-4.8340506641322116e-15	2.265042548545081	9.771867057784776	96.68360593242056	235.31639406757944	4.618715125408481	NaN	0.6310707275919581	2.3685366206503167	478.65442453477397	0.006058650774655728	-1.3277844803430534	-0.06048554495403598	0	90.73795349043941	-13.7698345114392	31.14740315729371	77.56143789859797	118.28608662803488	165.89791836649533	248.54531227177466	0.45258396408941964	1.0067598261537827	-41.65021226443827	1.0129058966315205	29.934151215919574	1.1062661198415304	1.6398858227219106	1.1062661198415304	0.6737844109705512	1.1062661198415304	0.008406200469960162	1.176783796445375	NaN	NaN	800000009	800000009	800000009	800000009	800000009	800110119	899999999	899999999	89999	89999	89	89	20	16	10	51	55	25	0	NaN	0	0	0	0	0	0	0	0	0	NaN	NaN	NaN	NaN	0	0	0	0	0	0	0	0	16758	0	0	0	18000	18000	18000	18000	100	NaN	2.145865910346265	2.3216999401586764	0.2695073907956914	0.11815188256694857	0.12327512014096371	0.015441859340517079	1.796038856976212e-8	NaN	-0.03615702622927907	0.04158360984196719	0.017085572468023218	0.000008406200469960162	NaN	416.5243915579267	2.6227463249008296	95006.50200976562	11.390000343322754	-11.810559039857628	98.42968319532606	98.31771338717142	98.54165688090855	-0.22394796148563428	0.00028300095705102046	-1	0	2.067205725324154	73.786058927536	1.000180677168899	-273.1499938964844	9.001160686333975	-273.1499938964844	120
