DATAH	filename	date	time	DOY	daytime	file_records	used_records	Tau	qc_Tau	rand_err_Tau	H	qc_H	rand_err_H	LE	qc_LE	rand_err_LE	co2_flux	qc_co2_flux	rand_err_co2_flux	h2o_flux	qc_h2o_flux	rand_err_h2o_flux	ch4_flux	qc_ch4_flux	rand_err_ch4_flux	none_flux	qc_none_flux	rand_err_none_flux	H_strg	LE_strg	co2_strg	h2o_strg	ch4_strg	none_strg	co2_v-adv	h2o_v-adv	ch4_v-adv	none_v-adv	co2_molar_density	co2_mole_fraction	co2_mixing_ratio	co2_time_lag	co2_def_timelag	h2o_molar_density	h2o_mole_fraction	h2o_mixing_ratio	h2o_time_lag	h2o_def_timelag	ch4_molar_density	ch4_mole_fraction	ch4_mixing_ratio	ch4_time_lag	ch4_def_timelag	none_molar_density	none_mole_fraction	none_mixing_ratio	none_time_lag	none_def_timelag	sonic_temperature	air_temperature	air_pressure	air_density	air_heat_capacity	air_molar_volume	ET	water_vapor_density	e	es	specific_humidity	RH	VPD	Tdew	u_unrot	v_unrot	w_unrot	u_rot	v_rot	w_rot	wind_speed	max_wind_speed	wind_dir	yaw	pitch	roll	u*	TKE	L	(z-d)/L	bowen_ratio	T*	model	x_peak	x_offset	x_10%	x_30%	x_50%	x_70%	x_90%	un_Tau	Tau_scf	un_H	H_scf	un_LE	LE_scf	un_co2_flux	co2_scf	un_h2o_flux	h2o_scf	un_ch4_flux	ch4_scf	un_none_flux	un_none_scf	spikes_hf	amplitude_resolution_hf	drop_out_hf	absolute_limits_hf	skewness_kurtosis_hf	skewness_kurtosis_sf	discontinuities_hf	discontinuities_sf	timelag_hf	timelag_sf	attack_angle_hf	non_steady_wind_hf	u_spikes	v_spikes	w_spikes	ts_spikes	co2_spikes	h2o_spikes	ch4_spikes	none_spikes	head_detect_LI-7200	t_out_LI-7200	t_in_LI-7200	aux_in_LI-7200	delta_p_LI-7200	chopper_LI-7200	detector_LI-7200	pll_LI-7200	sync_LI-7200	chopper_LI-7500	detector_LI-7500	pll_LI-7500	sync_LI-7500	not_ready_LI-7700	no_signal_LI-7700	re_unlocked_LI-7700	bad_temp_LI-7700	laser_temp_unregulated_LI-7700	block_temp_unregulated_LI-7700	motor_spinning_LI-7700	pump_on_LI-7700	top_heater_on_LI-7700	bottom_heater_on_LI-7700	calibrating_LI-7700	motor_failure_LI-7700	bad_aux_tc1_LI-7700	bad_aux_tc2_LI-7700	bad_aux_tc3_LI-7700	box_connected_LI-7700	mean_value_RSSI_LI-7200	mean_value_LI-7500	u_var	v_var	w_var	ts_var	co2_var	h2o_var	ch4_var	none_var	w/ts_cov	w/co2_cov	w/h2o_cov	w/ch4_cov	w/none_cov	co2_mean	h2o_mean	air_p_mean	vin_sf_mean	dew_point_mean	avg_signal_strength_7200_mean	co2_signal_strength_7200_mean	h2o_signal_strength_7200_mean	delta_signal_strength_7200_mean	flowrate_mean	hit_power_mean	hit_vin_mean	ch4_mean	rssi_77_mean	ch4_aux-1_mean	ch4_aux-2_mean	ch4_aux-3_mean	ch4_aux-4_mean	CHK
DATAU		[yyyy-mm-dd]	[HH:MM]	[ddd.ddd]	[1=daytime]	[#]	[#]	[kg+1m-1s-2]	[#]	[kg+1m-1s-2]	[W+1m-2]	[#]	[W+1m-2]	[W+1m-2]	[#]	[W+1m-2]	[µmol+1s-1m-2]	[#]	[µmol+1s-1m-2]	[mmol+1s-1m-2]	[#]	[mmol+1s-1m-2]	[µmol+1s-1m-2]	[#]	[µmol+1s-1m-2]	[µmol+1s-1m-2]	[#]	[µmol+1s-1m-2]	[W+1m-2]	[W+1m-2]	[µmol+1s-1m-2]	[mmol+1s-1m-2]	[µmol+1s-1m-2]	[µmol+1s-1m-2]	[µmol+1s-1m-2]	[mmol+1s-1m-2]	[µmol+1s-1m-2]	[µmol+1s-1m-2]	[mmol+1m-3]	[µmol+1mol_a-1]	[µmol+1mol_d-1]	[s]	[1=default]	[mmol+1m-3]	[mmol+1mol_a-1]	[mmol+1mol_d-1]	[s]	[1=default]	[mmol+1m-3]	[µmol+1mol_a-1]	[µmol+1mol_d-1]	[s]	[1=default]	[mmol+1m-3]	[µmol+1mol_a-1]	[µmol+1mol_d-1]	[s]	[1=default]	[K]	[K]	[Pa]	[kg+1m-3]	[J+1kg-1K-1]	[m+3mol-1]	[mm]	[kg+1m-3]	[Pa]	[Pa]	[kg+1kg-1]	[%]	[Pa]	[K]	[m+1s-1]	[m+1s-1]	[m+1s-1]	[m+1s-1]	[m+1s-1]	[m+1s-1]	[m+1s-1]	[m+1s-1]	[deg_from_north]	[deg]	[deg]	[deg]	[m+1s-1]	[m+2s-2]	[m]	[#]	[#]	[K]	[0=KJ/1=KM/2=HS]	[m]	[m]	[m]	[m]	[m]	[m]	[m]	[kg+1m-1s-2]	[#]	[W+1m-2]	[#]	[W+1m-2]	[#]	[µmol+1s-1m-2]	[#]	[mmol+1s-1m-2]	[#]	[µmol+1s-1m-2]	[#]	[µmol+1s-1m-2]	[#]	8u/v/w/ts/co2/h2o/ch4/none	8u/v/w/ts/co2/h2o/ch4/none	8u/v/w/ts/co2/h2o/ch4/none	8u/v/w/ts/co2/h2o/ch4/none	8u/v/w/ts/co2/h2o/ch4/none	8u/v/w/ts/co2/h2o/ch4/none	8u/v/w/ts/co2/h2o/ch4/none	8u/v/w/ts/co2/h2o/ch4/none	8co2/h2o/ch4/none	8co2/h2o/ch4/none	8aa	8U	[#]	[#]	[#]	[#]	[#]	[#]	[#]	[#]	[#_flagged_recs]	[#_flagged_recs]	[#_flagged_recs]	[#_flagged_recs]	[#_flagged_recs]	[#_flagged_recs]	[#_flagged_recs]	[#_flagged_recs]	[#_flagged_recs]	[#_flagged_recs]	[#_flagged_recs]	[#_flagged_recs]	[#_flagged_recs]	[#_flagged_recs]	[#_flagged_recs]	[#_flagged_recs]	[#_flagged_recs]	[#_flagged_recs]	[#_flagged_recs]	[#_flagged_recs]	[#_flagged_recs]	[#_flagged_recs]	[#_flagged_recs]	[#_flagged_recs]	[#_flagged_recs]	[#_flagged_recs]	[#_flagged_recs]	[#_flagged_recs]	[#_flagged_recs]	[#]	[#]	[m+2s-2]	[m+2s-2]	[m+2s-2]	[K+2]	--	--	--	--	[m+1s-1K+1]	--	--	--	--	--	--	--	--	--	--	--	--	--	--	--	--	--	--	--	--	--	--	207
DATA	2026-02-18T233000_AIU-0547.ghg	2026-02-19	00:00:00	50	0	18000	18000	0.08284880504282108	1	NaN	-49.14401513243272	1	NaN	44.41359678334076	1	NaN	13.559986612040806	1	NaN	0.9972580058924363	1	NaN	NaN	NaN	NaN	NaN	NaN	NaN	NaN	NaN	NaN	NaN	NaN	NaN	4.2637687882409527e-11	1.2847317855772188e-12	NaN	NaN	16.831068700627018	416.16275276472237	421.4475159254316	0.1	1	507.14309379449907	12.53955228352636	12.698789417362873	0.1	1	NaN	NaN	NaN	NaN	0	NaN	NaN	NaN	NaN	9	286.3846234707303	285.24886356648534	95163.70378890174	1.1567939565732261	1012.1877036937275	0.025020061901093543	0.06462231878182986	0.009031262069374877	1188.8776287890119	1407.0262058711046	0.007807148384599285	84.4957701447334	218.14857708209274	282.6773733710336	0.6585623103823872	-0.4727422150276297	0.16601950781814004	0.8274974293021559	4.6933425877603444e-14	2.5332727612727953e-15	0.8274974293021559	3.215846817939398	7.672288794543817	324.3277112054562	11.573710146695348	NaN	0.2676178756021147	0.5470221251632746	32.84884056356869	0.08828317682592035	-1.1065083373492126	-0.1568333607640716	0	90.36246172676249	-13.71285218764473	31.01850898571951	77.24047318659429	117.7965951905728	165.2113996655382	247.5167821576544	0.08203389633855808	1.0099338046909272	-46.163731378386366	1.0165363604179338	39.531128461417666	1.1235094598093345	12.069312361946652	1.1235094598093345	0.8876276004491108	1.1235094598093345	NaN	1	NaN	NaN	800000009	800000019	800000009	800000019	800000009	800101009	899999999	899999999	89999	89999	89	89	3	3	6	14	0	0	0	NaN	0	0	15674	0	0	0	0	0	0	NaN	NaN	NaN	NaN	0	8123	0	0	0	0	101	0	12668	0	0	16	18000	18000	18000	18000	91	NaN	0.36663102261080766	0.6784413043697268	0.04897192334601486	1.3468168078677596	53.81883631127043	0.21214750049044637	NaN	NaN	-0.03942610163135982	0.3057952341536515	0.022489457707332097	NaN	NaN	416.1610022951307	12.539343636819702	95101.50269032118	11.399999618530273	9.50198362943858	91.73188340208277	90.82156578657384	92.64220040893537	-1.8206341490116056	0.0002750917882981917	-1	0	2.180431905079903	20.28481895258729	1.0000972378104924	-288.93661955939615	9.000724525054295	-273.1499938964844	229
DATA	2026-02-19T000000_AIU-0547.ghg	2026-02-19	00:30:00	50.02	0	18000	18000	0.02249453628501257	1	NaN	12.65665499832303	1	NaN	33.89227710381187	1	NaN	4.612079010512626	1	NaN	0.7601093376261927	1	NaN	-0.003438672074875506	1	NaN	NaN	NaN	NaN	NaN	NaN	NaN	NaN	NaN	NaN	1.8100192668675167e-10	5.135603327566049e-12	9.503801215204867e-13	NaN	16.957965029295373	418.5135556939154	423.5429450144827	0.1	1	481.1516828984808	11.874567572824013	12.01726742692574	0.1	1	0.08904055973489004	2.0655920288568366	2.090414800662535	0	1	NaN	NaN	NaN	NaN	9	285.03108425903326	284.00848743479855	94696.04301370712	1.1563882334028437	1011.821211907447	0.024935007729849155	0.04925508507817728	0.00858149769380001	1124.7761900429343	1296.5002182989983	0.0074209486450304675	86.75480143911082	171.724028256064	281.85543569148325	0.7721369763100635	0.03924932210248698	0.12981582615693757	0.7839567387244909	-8.726759756785658e-15	1.0673564096521347e-14	0.7839567387244909	2.034393226878092	329.09004145279687	2.9099585472030762	9.531542325074332	NaN	0.13947189138458976	0.17971935093021835	-17.988548598707467	-0.16121367347048632	0.37343772917811807	0.07755767972404845	1	9.689306588119308	4	8	14	22	37	96	0.022151771278051072	1.0154734807731212	14.358671943573452	1.0165967690926243	31.194976613880957	1.0864658602991446	4.245028931919451	1.0864658602991446	0.699616403424684	1.0864658602991446	-0.009213966339288709	1.1499956943191014	NaN	NaN	800000009	800000009	800000009	800000019	800000019	800110019	899999999	899999999	89999	89999	89	89	6	0	4	7	0	0	0	NaN	0	0	17683	0	0	0	0	0	0	NaN	NaN	NaN	NaN	0	0	0	0	0	0	101	0	11661	17995	0	21	18000	18000	18000	18000	93	NaN	0.12995889025959756	0.20861404540582149	0.0208657661950177	0.6985910078054709	14.138214655554503	0.15836381677228054	6.419429857645699e-7	NaN	0.012271759331092966	0.10712220024473021	0.017654637851495097	-0.000009213966339288709	NaN	418.51252814487407	11.874411310021792	95101.1635920139	11.370829878171286	8.695295426183264	94.83706721666127	94.29212888717649	95.38200591066146	-1.089876556244166	0.0002744479644380691	-1	0	2.055304564154811	56.45264476855562	1.0001558170848424	-273.1499938964844	9.000983688354491	-273.1499938964844	208
DATA	2026-02-19T003000_AIU-0547.ghg	2026-02-19	01:00:00	50.041	0	18000	18000	0.02527252966169133	1	NaN	13.77580165874907	2	NaN	32.409205937214594	1	NaN	-4.546402630866472	2	NaN	0.7265517568845357	1	NaN	0.005350536118876675	2	NaN	NaN	NaN	NaN	NaN	NaN	NaN	NaN	NaN	NaN	-2.980998376813636e-10	-8.106380557297595e-12	-1.5488055719966221e-12	NaN	17.219989105666805	424.4640320148214	429.4206917999753	0.1	1	468.2719251671055	11.542666387074675	11.677455358528123	0.1	1	0.089468063062435	2.0711412994921607	2.095326959558185	0	1	NaN	NaN	NaN	NaN	9	284.52004861619724	283.5825237002786	94711.26478623183	1.1584574081949908	1011.6284538175728	0.024893608034541378	0.04708055384611791	0.008355512450035237	1093.5137773605268	1260.2163801047075	0.007212619463545131	86.77190636656144	166.7026027441807	281.4394869801485	0.913558797591143	0.21479800303919153	0.1334080887539363	0.9479058903238844	-7.293111535779364e-14	-1.7311267495707303e-14	0.9479058903238844	2.7124977239439185	318.7688109730929	13.231189026907074	8.090657738310025	NaN	0.14770130139240722	0.28966320567968834	-19.629666570934095	-0.1477355710307412	0.42505829008697493	0.07958504241727894	1	12.052262072763888	5	10	17	27	46	119	0.024935709361790584	1.013507548352198	15.393176955928737	1.015400379890764	29.842795813690405	1.08599764377126	-4.186383512839431	1.08599764377126	0.6690178022500082	1.08599764377126	-0.001268158451043392	1.148708242625168	NaN	NaN	800000009	800000009	800000009	800000019	800000019	800010019	899999999	899999999	89999	89999	89	89	4	0	3	2	1	0	0	NaN	0	0	17864	0	0	0	0	0	0	NaN	NaN	NaN	NaN	0	975	0	0	0	0	101	0	9168	18000	0	16	18000	18000	18000	18000	93	NaN	0.2761030840805444	0.280957296004625	0.022266031274207208	1.1572666059416536	30.385509587104096	0.3161542713486483	0.0000018055578825470897	NaN	0.013134911611434694	-0.10543147705395724	0.01684879917243168	-0.000001268158451043392	NaN	424.4652188988449	11.542357119065242	95106.70181814236	11.37305828889211	8.269691225263836	94.86918704096473	94.32523212475233	95.4131424344381	-1.087910696115744	0.00027404023803279006	-1	0	2.0723137005368915	47.64216481720252	1.0001543202930026	-273.1499938964844	9.001038483566708	-273.1499938964844	222
DATA	2026-02-19T010000_AIU-0547.ghg	2026-02-19	01:30:00	50.062	0	18000	18000	0.02845990214141143	1	NaN	-3.8398518409517015	2	NaN	12.832798786349766	1	NaN	3.279385854497736	1	NaN	0.28761289358640646	1	NaN	NaN	NaN	NaN	NaN	NaN	NaN	NaN	NaN	NaN	NaN	NaN	NaN	-3.5143412639952987e-12	-9.084944177203977e-14	NaN	NaN	17.559634610727308	431.9846308226768	436.8631957061717	0.1	1	453.93514239762766	11.167259983091208	11.293376049523047	0.1	1	NaN	NaN	NaN	NaN	0	NaN	NaN	NaN	NaN	9	284.31958205752903	283.3150535165625	95156.74084580845	1.1652033752043882	1011.3928080696314	0.024841466660324576	0.01863731550439914	0.008100730568562524	1059.1563171064522	1237.5966704679272	0.006952203144057642	85.58170382811325	178.440353361475	280.9700853858177	0.9608134481558152	0.22610869711973802	0.15227717782448147	0.9987371846269474	-1.2022827603170916e-14	-2.0013749385470483e-16	0.9987371846269474	2.7704319799946364	318.7575055796674	13.242494420332584	8.770077612918078	NaN	0.15628447358143327	0.3095199590125071	83.70235995153128	0.034646573904000735	-0.299221697844756	-0.02084860678199774	1	10.9225018112493	5	10	19	34	70	263	0.028216102946756364	1.0086404275996268	-3.109897052612476	1.013702827085418	11.633982070834879	1.103044401153083	2.9730315942582037	1.103044401153083	0.2607446203305563	1.103044401153083	NaN	1	NaN	NaN	800000009	800000019	800000009	800000019	800000009	800010019	899999999	899999999	89999	89999	89	89	1	0	1	23	5	0	0	NaN	0	0	18000	0	0	0	0	0	0	NaN	NaN	NaN	NaN	0	14715	0	0	0	0	101	0	13860	606	0	16	18000	18000	18000	18000	93	NaN	0.3186422406861433	0.28646189021647905	0.01393578712239184	0.38066305357134905	12.687051484490924	0.0775216963756442	NaN	NaN	-0.0026389090207855873	0.0746857663061953	0.006550186623383144	NaN	NaN	431.984323355455	11.167182061041558	95103.9312999132	11.380000114440918	7.794562652111048	94.87817691591056	94.32489003668894	95.43146395831644	-1.1065732468002378	0.0002737429502837282	-1	0	2.7063813094629756	5.766052851842338	1.0001593751145734	-273.1499938964844	9.001024351676305	-273.1499938964844	230
DATA	2026-02-19T013000_AIU-0547.ghg	2026-02-19	02:00:00	50.083	0	18000	18000	0.009464890087995278	1	NaN	-1.6126443443334182	2	NaN	-9.373635890840045	1	NaN	-0.3970988954294714	2	NaN	-0.20988733499851464	1	NaN	-0.008519754014867502	1	NaN	NaN	NaN	NaN	NaN	NaN	NaN	NaN	NaN	NaN	4.077733292174444e-11	9.944932337347005e-13	2.0785300561311893e-13	NaN	17.727832960758562	435.3213986098729	439.9927066743847	0.1	1	432.3531890152657	10.616785218598467	10.730710871160458	0.1	1	0.09036352061014956	2.0790665192125855	2.1013763809121655	0	1	NaN	NaN	NaN	NaN	9	283.5281997638279	282.33114442393816	94707.88270941871	1.1639596483003123	1011.0907634201031	0.024784643765530853	-0.013600699307903748	0.007719072935926905	1005.7629621542001	1158.7412828207066	0.006631735857165482	86.79788811061312	152.97832066650653	280.2132468173872	0.8731238288707626	0.25981047374388716	0.11613245711690248	0.9183318846718728	2.294094482384272e-14	2.3001871132251242e-15	0.9183318846718728	2.0942964407473403	315.4288742874036	16.57112571259643	7.265089775090424	NaN	0.09017555526462523	0.11922285995577941	38.15183554542418	0.07601207015445467	0.17204042946764134	-0.015195734780535361	1	21.080363547036644	9	19	39	73	156	648	0.00937278639109621	1.0098267146028808	-2.081926710260211	1.017090291535469	-8.295063928340042	1.1300257565002083	-0.3514069419615023	1.1300257565002083	-0.18573677085782067	1.1300257565002083	-0.006418078254915088	1.234994751760399	NaN	NaN	800000009	800000009	800000009	800000019	800000019	800000119	899999999	899999999	89999	89999	89	89	2	0	0	6	8	0	0	NaN	0	0	17962	0	0	0	0	0	0	NaN	NaN	NaN	NaN	0	248	0	0	0	0	101	0	13563	0	0	16	18000	18000	18000	18000	93	NaN	0.11881558319719455	0.11285591386725108	0.0067742228471132015	0.3729345353874463	7.084351898560431	0.189362744996921	2.9434335374973985e-7	NaN	-0.0017690388451857195	-0.008802980293794758	-0.004652831058396084	-0.000006418078254915088	NaN	435.321746041148	10.616599616875073	95102.76514496528	11.392783130804695	7.048202249394584	95.30776136906945	94.79276296912296	95.82275806554156	-1.0299948208232688	0.0002728068600036851	-1	0	2.071853459728532	29.614366619162237	1.0001014715035756	-341.38374676174493	9.000758630461164	-273.1499938964844	092
DATA	2026-02-19T020000_AIU-0547.ghg	2026-02-19	02:30:00	50.104	0	18000	18000	0.004157850735048581	1	NaN	5.725150042456953	1	NaN	3.771469526634302	0	NaN	-1.8175964949763146	1	NaN	0.0844460772009732	0	NaN	NaN	NaN	NaN	NaN	NaN	NaN	NaN	NaN	NaN	NaN	NaN	NaN	-1.81760757015633e-11	-4.3245076424633234e-13	NaN	NaN	17.886334489737465	438.7466047012842	443.3749038541149	0.1	1	425.5571525259012	10.438793699414163	10.548911611479756	0.1	1	NaN	NaN	NaN	NaN	0	NaN	NaN	NaN	NaN	9	283.2444337183635	282.3088076552393	95191.56065667052	1.1701039476284196	1010.9725641579647	0.024738476874309502	0.005472105802623063	0.007603825677796207	990.6574177241331	1156.754528332228	0.0064984189594503375	85.64110997278149	166.0971106080948	279.9926976268958	0.888303339465606	0.15541761825105463	0.11812789390324197	0.9095007742089088	-2.1457537696855937e-14	-1.0161990268040709e-15	0.9095007742089088	2.4712467600249104	322.075974108709	9.924025891291025	7.462780868605316	NaN	0.059610425916852346	0.1758637458973803	-3.115559314470082	-0.9308120010847085	1.518015723586168	0.08118968075357953	1	26.168837442069236	12	20	34	50	79	175	0.004100827617465299	1.0139052705703655	5.8610504935705015	1.015637561500477	3.4726702956769797	1.0860430750737522	-1.6735952161500438	1.0860430750737522	0.0777557346841317	1.0860430750737522	NaN	1	NaN	NaN	800000009	800000009	800000009	800000019	800000009	800000019	899999999	899999999	89999	89999	89	89	7	0	1	11	2	0	0	NaN	0	0	17976	0	0	0	0	0	0	NaN	NaN	NaN	NaN	0	8856	0	0	0	0	101	0	13510	0	0	16	18000	18000	18000	18000	93	NaN	0.11099401352398093	0.22903479259210494	0.01169868567867472	0.3198256309019568	14.13026394030763	0.10255426193115033	NaN	NaN	0.004954634797882782	-0.04183759994712547	0.001943787416405878	NaN	NaN	438.746058220479	10.438691441022884	95081.80455881076	11.399999618530273	6.8032224328252635	95.11041820017495	94.56803347439235	95.6528027835422	-1.0847677214675502	0.00027261839807033535	-1	0	2.0994955893556284	13.10082866836799	1.0000987379534376	-273.1499938964844	9.000678017775218	-273.1499938964844	051
DATA	2026-02-19T023000_AIU-0547.ghg	2026-02-19	03:00:00	50.124	0	18000	18000	0.0054678752628064195	1	NaN	-2.987568689545426	2	NaN	3.737411831675145	2	NaN	1.6165097135954296	0	NaN	0.08364346156334854	2	NaN	0.0000040551901655265525	2	NaN	NaN	NaN	NaN	NaN	NaN	NaN	NaN	NaN	NaN	-2.620246219425567e-11	-6.117305503379701e-13	-1.3058730073314666e-13	NaN	18.00092254245616	441.2674893985591	445.8607302829491	-0.1	0	420.2549429076921	10.301963309204309	10.40919849012783	-0.1	0	0.08971263341966162	2.058925244071559	2.080357005613435	-0.1	0	NaN	NaN	NaN	NaN	9	282.9511396280924	281.80823495064476	94662.03497882214	1.1656942313950194	1010.9066614609133	0.024750721510517156	0.0054200963093049845	0.007500443247027393	975.4663994936337	1118.5183667104263	0.00643431445830473	87.21058397659488	143.0519672167926	279.7678869412547	1.4579764836149314	0.707607490615102	0.16972213762787008	1.629481325928487	4.284756617653108e-14	-1.4556177402827956e-15	1.629481325928487	2.5752454779749097	306.11106280434274	25.888937195657295	5.978608787516818	NaN	0.06848839292278758	0.10879339486264292	9.018685860593077	0.32155460837941785	-0.7993683394014323	-0.03701734085695235	1	73.92493140738767	33	73	160	324	784	4331	0.0053975949441291415	1.0130206729857936	-2.7386404333909242	1.0263639848248551	3.079552193143404	1.2136218506042726	1.3319714973742074	1.2136218506042726	0.06892053032969185	1.2136218506042726	0.000579644126450274	1.3673403306118432	NaN	NaN	800000009	800000009	800000009	800000019	800000019	800000019	899999999	899999999	89999	89999	89	89	7	1	1	10	6	0	0	NaN	0	0	17717	0	0	0	0	0	0	NaN	NaN	NaN	NaN	0	0	0	0	0	0	101	0	13454	0	0	21	18000	18000	18000	18000	93	NaN	0.1014047925723909	0.10540547576753886	0.010776521385356062	0.3763106897175764	24.139979346788163	0.1498151354498522	2.808504823487328e-7	NaN	-0.0023240170511820034	0.033310511306769236	0.0017235940178461275	5.79644126450274e-7	NaN	441.2671814676964	10.30181498378907	95054.42290538194	11.370829878171286	6.604131924364302	94.58093241882332	93.98374222352764	95.17812210718796	-1.194379199812797	0.0002728143398077616	-1	0	2.04991598033905	32.45309633398072	1.000134425441424	-273.1499938964844	9.000780078808466	-273.1499938964844	174
DATA	2026-02-19T030000_AIU-0547.ghg	2026-02-19	03:30:00	50.145	0	18000	18000	0.013040363841428489	1	NaN	-8.785926664185583	1	NaN	12.473215597309231	1	NaN	3.7158956175292333	1	NaN	0.2791510931676668	1	NaN	0.0002268861280107811	1	NaN	NaN	NaN	NaN	NaN	NaN	NaN	NaN	NaN	NaN	-8.669307201331888e-11	-2.0339888446591594e-12	-4.324447212075528e-13	NaN	18.0195061204049	441.6084458071391	446.2318526600274	0.1	1	422.77281891152904	10.360996924194739	10.46947108187196	0.1	1	0.08988538668163835	2.0629454926821094	2.0845434408612227	0.1	0	NaN	NaN	NaN	NaN	9	282.921920302497	281.8079030604033	94656.95559666067	1.1656069338461137	1010.9394929297264	0.02475202050684639	0.018088990837264805	0.007543027354931523	981.0034990278668	1118.493233191545	0.006471330202233829	87.70759356573302	137.48973416367812	279.85018560446775	1.005101350961733	0.39414378087454727	0.13337153022400208	1.0878262778502443	2.153247956104146e-14	-4.811068152148161e-15	1.0878262778502443	2.107805310682369	310.5877030373897	21.412296962610334	7.042393634200585	NaN	0.1057715316529651	0.16322217285491433	11.295794196076073	0.2567327227869821	-0.7043834523377369	-0.07049226991876643	1	21.663535718818824	9	21	44	86	197	959	0.012886687149266805	1.0119252287559746	-7.9925362117702825	1.023112651708571	10.561286789877933	1.181031804691045	3.1463129128019562	1.181031804691045	0.23636204550875073	1.181031804691045	0.0018599341376187462	1.3232178404732016	NaN	NaN	800000009	800000009	800000009	800000019	800010019	800010019	899999999	899999999	89999	89999	89	89	2	0	0	17	10	4	0	NaN	0	0	15104	0	0	0	0	0	0	NaN	NaN	NaN	NaN	0	388	0	0	0	0	101	0	14062	0	0	21	18000	18000	18000	18000	93	NaN	0.17005064790000735	0.1470193957388139	0.009374302071007446	0.3359816624071624	19.06924360777218	0.09849367549120844	2.0914087944823498e-7	NaN	-0.006782773699606893	0.07869316003390982	0.005911705792987404	0.0000018599341376187462	NaN	441.6082556886838	10.360898737258623	95055.09253602431	11.376116692225139	6.69032938955891	94.80182069439367	94.2264696350097	95.37717255189685	-1.1507022449076154	0.00027268216276812987	-1	0	2.0532325877398256	31.32387822403665	1.0001266758905516	-273.1499938964844	9.00071424208747	-273.1499938964844	098
DATA	2026-02-19T033000_AIU-0547.ghg	2026-02-19	04:00:00	50.166	0	18000	18000	0.005438399809428483	0	NaN	-0.8813795675717393	2	NaN	14.691803014685885	1	NaN	-0.2427037016072445	2	NaN	0.3287615752134012	1	NaN	0.0036670353893573475	0	NaN	NaN	NaN	NaN	NaN	NaN	NaN	NaN	NaN	NaN	2.970815908889757e-11	6.835738119543875e-13	1.4746236720137478e-13	NaN	18.129744936163416	444.4649757621283	449.05747560265536	0.1	1	417.1587616280625	10.226975587843704	10.332647319740488	0.1	1	0.08999060147227059	2.063984088567342	2.085310508228064	-0.2	0	NaN	NaN	NaN	NaN	9	282.738396124098	281.6755206289621	94658.63001271893	1.1662347078427147	1010.862718567275	0.02473995533417846	0.021303750073828398	0.007449087953523707	968.3311732503508	1108.507734975534	0.006387297431151685	87.35448050542678	140.1765617251832	279.6612249585872	1.2593864477227177	0.473844457832993	0.15385342991253703	1.3543462160107094	3.110154368785514e-15	1.6386418669155507e-15	1.3543462160107094	2.363486173823425	311.38117847358575	20.618821526414237	6.5228689978356185	NaN	0.06828771563892297	0.07173394483310755	30.301026312770713	0.09570632922020077	-0.059991245913841536	-0.010948188129286959	1	51.267146166145324	22	48	99	188	414	1841	0.005397744415543525	1.0075319227357051	-0.08414774266688528	1.012527744903158	13.382785548170563	1.0978135278192713	-0.2210791682348442	1.0978135278192713	0.29946941523526566	1.0978135278192713	0.002739969957313318	1.1729474237720874	NaN	NaN	800000009	800000009	800000009	800000019	800000019	800000119	899999999	899999999	89999	89999	89	89	2	2	3	1	2	0	0	NaN	0	0	13105	0	0	0	0	0	0	NaN	NaN	NaN	NaN	0	0	0	0	0	0	101	0	11309	0	0	16	18000	18000	18000	18000	93	NaN	0.07304045915130937	0.06014604155852376	0.010281388956381981	0.3527912098497041	30.645484440721987	0.13704864539900852	2.6415583957396366e-7	NaN	-0.00007137799233764622	-0.005526018361735079	0.007485433840651301	0.000002739969957313318	NaN	444.46524662814915	10.226839886975878	95052.15230056424	11.390000343322754	6.498403617726449	95.10100648074678	94.55884734980262	95.64316545740768	-1.0843184797101566	0.000272614564214665	-1	0	2.055025956147247	35.38196596961562	1.0001250990794766	-273.1499938964844	9.00075952688853	-273.1499938964844	102
DATA	2026-02-19T040000_AIU-0547.ghg	2026-02-19	04:30:00	50.187	0	18000	18000	0.002108924603056493	1	NaN	1.3778104461558662	2	NaN	6.444012229773767	1	NaN	-0.12867729009575105	2	NaN	0.1442572172015604	1	NaN	0.0004895294992936244	2	NaN	NaN	NaN	NaN	NaN	NaN	NaN	NaN	NaN	NaN	1.0088837499164029e-10	2.3891227621374293e-12	5.01019348277051e-13	NaN	18.08029597692802	443.7480541884182	448.46062751828094	0.1	1	428.1568284575878	10.508332372323274	10.619930127877863	0.1	1	0.08978812581496398	2.063579710262474	2.085494782598768	0	1	NaN	NaN	NaN	NaN	9	283.15656049855545	282.0976523980157	94662.19114405298	1.1644089848627703	1011.0263765890827	0.024776099662303736	0.009347867674661113	0.0076428556219380155	995.0085965830663	1140.625923934418	0.006563720927349898	87.23355972402707	145.61732735135183	280.0565298146559	1.1148738369734623	0.43315853237850427	0.14986022167322524	1.2054161408328075	2.0524225792329098e-14	5.580017889108804e-15	1.2054161408328075	1.8265113888759756	310.7675099885737	21.232490011426325	7.141626645481245	NaN	0.04255766119050954	0.056314950145570974	-4.692150491524154	-0.6180534927936617	0.21381251261285047	0.027500696074133548	1	62.3671290429403	28	49	80	119	189	416	0.0020849399537148385	1.011503760239675	1.7135055308068066	1.0142713585013792	5.931439465271664	1.0864162514855282	-0.11844197831153772	1.0864162514855282	0.132782639254805	1.0864162514855282	-0.0003676766471666989	1.1479371098717974	NaN	NaN	800000009	800000009	800000009	800000019	800000019	800000019	899999999	899999999	89999	89999	89	89	8	0	2	9	1	0	0	NaN	0	0	11035	0	0	0	0	0	0	NaN	NaN	NaN	NaN	0	0	0	0	0	0	301	151	13355	0	0	21	18000	18000	18000	18000	93	NaN	0.053325343045858	0.05335511452821681	0.0059494427170671315	0.2692171709128004	36.563058392834385	0.10533157792715424	1.420649955037015e-7	NaN	0.0014555176516010716	-0.0029657032135049807	0.003324783202285362	-3.676766471666989e-7	NaN	443.7479062167543	10.508227461503296	95059.63669769965	11.390000343322754	6.8967416035069595	94.6348387476603	94.05145106930206	95.21822560713028	-1.1667743814554483	0.00027280076648296213	-1	0	2.0546767698725064	33.24975520865115	1.0001248620980316	-273.1499938964844	9.00077122871081	-273.1499938964844	035
DATA	2026-02-19T043000_AIU-0547.ghg	2026-02-19	05:00:00	50.208	0	18000	18000	0.0071474050875856435	1	NaN	-7.206152119598796	0	NaN	-4.313815410553596	2	NaN	5.04664820234273	1	NaN	-0.09655421731602576	2	NaN	-0.0006493573382577042	0	NaN	NaN	NaN	NaN	NaN	NaN	NaN	NaN	NaN	NaN	5.0799364526108056e-11	1.1813269641647665e-12	2.50577897631781e-13	NaN	18.25540369967325	447.37431812362263	452.07754383835345	-0.2	0	424.5250080058329	10.403581816513558	10.512954195620962	0.5	0	0.09004838391497143	2.0678167052007206	2.0895555675074355	-0.2	0	NaN	NaN	NaN	NaN	9	283.09672285376655	281.92542684196934	94673.84401080091	1.1653100763112374	1010.965184479167	0.024757925731807455	-0.006256713282078469	0.0075722235205208845	985.2112836784476	1127.4243071677606	0.006498033162547248	87.38602471268594	142.21302348931306	279.91245278220913	1.191449811696981	0.5256957701089342	0.15470530487295467	1.3114276296689256	-4.148575176460758e-15	2.7827028841338255e-15	1.3114276296689256	2.0913062776105904	308.19179635703426	23.80820364296574	6.774792208335548	NaN	0.07831653195088033	0.08762786649662561	5.591318320730385	0.5186612232839531	1.670482260777594	-0.07810382022817118	1	50.30380505839923	22	49	108	218	525	2862	0.007024591752601663	1.0174833412829287	-7.1821897107097445	1.0353704388515963	-3.3702712484840895	1.279960897062485	3.942814357786091	1.279960897062485	-0.07543528676353944	1.279960897062485	0.001452398044172218	1.4914691570092304	NaN	NaN	800000009	800000009	800000009	800000019	800000019	800000019	899999999	899999999	89999	89999	89	89	2	0	0	4	0	0	0	NaN	0	0	13644	0	0	0	0	0	0	NaN	NaN	NaN	NaN	0	1633	0	0	0	0	101	0	13768	0	0	16	18000	18000	18000	18000	93	NaN	0.09511273557520232	0.07064409223280828	0.009498905185240634	0.43024115874324287	47.38339252491657	0.14790829598362928	2.665323994138051e-7	NaN	-0.0060964802469316145	0.09864241475336012	-0.0018872607657201335	0.0000014523980441722178	NaN	447.37447382696627	10.403435371517592	95069.50361501735	11.390000343322754	6.749712892452888	94.42535343170186	93.80322212685468	95.04748393927677	-1.2442610186371295	0.00027254689428082206	-1	0	2.072790694289736	29.828654801965016	1.0001267084810468	-273.1499938964844	9.000801456186506	-273.1499938964844	125
DATA	2026-02-19T050000_AIU-0547.ghg	2026-02-19	05:30:00	50.229	0	18000	18000	0.016297045450962968	1	NaN	-10.725663037314268	2	NaN	-10.020899076783442	2	NaN	-2.731721412710522	1	NaN	-0.2243436542534384	2	NaN	0.008847032706300011	2	NaN	NaN	NaN	NaN	NaN	NaN	NaN	NaN	NaN	NaN	1.488004799352724e-10	3.456876974338998e-12	7.20433385118353e-13	NaN	18.540065359709747	453.96211081164284	458.8007508926476	0.1	1	430.7158489851638	10.546277597825839	10.658687070499685	0.1	1	0.08976370273282314	2.06362660434493	2.0856221545510008	0	1	NaN	NaN	NaN	NaN	9	283.03552163865834	282.1600458759043	94673.87028932307	1.1642783588906858	1011.0485675660644	0.024778522460772653	-0.014537468795622809	0.007669703706904585	998.7247428302961	1145.442084330585	0.006587517193235655	87.19120385854927	146.71734150028885	280.11085128872384	1.377298059124918	0.6709373212151318	0.17437021523471397	1.541918222419589	-4.13251785219765e-14	8.025887560172116e-15	1.541918222419589	2.675779874681399	306.0274229489956	25.97257705100441	6.4932725727152425	NaN	0.1183112453669903	0.167649826020889	12.951605500380584	0.22391046422119507	1.070329414070603	-0.07701392890406046	1	30.560035488224457	13	29	62	122	282	1396	0.016109942666715314	1.0116141185675493	-11.015499846594915	1.0232570980685465	-8.434664096939477	1.18806142860147	-2.299309906833838	1.18806142860147	-0.188831695779843	1.18806142860147	0.010597716753892709	1.3257497503112803	NaN	NaN	800000009	800000009	800000009	800000019	800000019	800010019	899999999	899999999	89999	89999	89	89	1	1	0	8	4	0	0	NaN	0	0	18000	0	0	0	0	0	0	NaN	NaN	NaN	NaN	0	0	0	0	0	0	101	0	13408	0	0	16	18000	18000	18000	18000	93	NaN	0.22862792445896032	0.09751455154081097	0.009157176042006684	0.5164051090321172	54.65318305870938	0.13349187702800536	3.926385439954489e-7	NaN	-0.00935783461584112	-0.05758092953019046	-0.004728855616830628	0.000010597716753892709	NaN	453.9628816506385	10.546145387222753	95074.78326692709	11.37055323155721	6.94964224945178	94.48817566257034	93.88841203223319	95.08793867619839	-1.19952740686804	0.0002722161871966414	-1	0	2.054405782461166	34.8395456573698	1.0001276641686758	-273.1499938964844	9.000795458025403	-273.1499938964844	142
DATA	2026-02-19T053000_AIU-0547.ghg	2026-02-19	06:00:00	50.249	0	18000	18000	0.04673849867295609	1	NaN	86.33568745391406	1	NaN	12.990528823927775	1	NaN	-11.994300295959087	1	NaN	0.2912732067391799	1	NaN	NaN	NaN	NaN	NaN	NaN	NaN	NaN	NaN	NaN	NaN	NaN	NaN	4.017512775431458e-11	9.860913475443266e-13	NaN	NaN	18.18594255115093	445.8842308341818	450.8180507284987	0.1	1	446.3707173825285	10.944148945110063	11.065248674720891	0.1	1	NaN	NaN	NaN	NaN	0	NaN	NaN	NaN	NaN	9	284.75018680572526	283.7641799590975	95117.29379041243	1.1629741327367378	1011.2772644299922	0.02488940715995674	0.018874503796698857	0.007923594407149978	1037.6389116082655	1275.2866580075672	0.006813216376966177	81.3651507363381	237.6477463993017	280.6692221689801	1.5829105460036361	0.6301807337986547	0.21594195734870658	1.7173713875700092	-2.2897154749224182e-14	2.2091309065403388e-15	1.7173713875700092	3.5842077848628358	310.2917472024586	21.708252797541437	7.223481051983029	NaN	0.20047136681710503	0.16373875356535306	-7.854698099376811	-0.36920578783671965	6.646048719347661	0.36618259784255414	0	95.4533268049956	-14.485410603949779	32.766038226918695	81.5920680862646	124.43305198171004	174.51912467668853	261.4614503139209	0.046302976018026666	1.00940593223986	86.20269019132763	1.0133812482455857	11.923135845197285	1.0895228396781576	-11.008764441782768	1.0895228396781576	0.26734015674716954	1.0895228396781576	NaN	1	NaN	NaN	800000009	800000019	800000009	800000019	800000009	810000009	899999999	899999999	89999	89999	89	89	50	0	13	1	0	0	0	NaN	0	0	18000	0	0	0	0	0	0	NaN	NaN	NaN	NaN	0	15594	0	0	0	0	101	0	12667	0	0	21	18000	18000	18000	18000	93	NaN	0.20308234467374656	0.10043365772606896	0.023961504730890565	2.2387196399322526	43.14517073905704	0.05051322082435629	NaN	NaN	0.0732960415708303	-0.27702368457435994	0.0067273267266671185	NaN	NaN	445.88431704932566	10.944097040944548	95083.95649782986	11.379174803892774	7.496827290561481	93.15480800713436	92.41993689939716	93.88967893219005	-1.4697428010039588	0.00027265582007789314	-1	0	5.180223922815407	4.831230117466519	1.0001298457052972	-273.1499938964844	9.000762155956693	-273.1499938964844	226
DATA	2026-02-19T060000_AIU-0547.ghg	2026-02-19	06:30:00	50.27	0	18000	18000	0.01312459784184964	1	NaN	-5.49809819961319	1	NaN	7.466540348280911	1	NaN	4.741326551690612	1	NaN	0.1675979130135142	1	NaN	NaN	NaN	NaN	NaN	NaN	NaN	NaN	NaN	NaN	NaN	NaN	NaN	8.094543109846343e-12	2.100110388883067e-13	NaN	NaN	17.912939842275616	439.95698661464195	445.0368966404026	0.1	1	464.7470591939875	11.41458172144613	11.546378805912996	0.1	1	NaN	NaN	NaN	NaN	0	NaN	NaN	NaN	NaN	9	285.93945179409445	284.9068920111454	95168.34603401845	1.1587270420190727	1011.5582002716212	0.024979950805978302	0.01086034476327572	0.008234234236182247	1082.660141298917	1375.7138023397054	0.007106276057762628	78.69806492146944	293.05366104078826	281.29262410476053	1.1312191154385636	0.5752876428133133	0.2114415986963174	1.2865924408166516	2.8361753907347454e-15	4.518824481698272e-16	1.2865924408166516	2.328651039804112	305.0441395236668	26.95586047633322	9.45903118610524	NaN	0.1064271496977369	0.06668243995473276	18.463670812247628	0.15706519193769009	-0.7363648950050965	-0.04407456590853252	1	26.835083104902484	12	25	53	103	231	1080	0.012995511830245833	1.0099331225495383	-5.0268018059861515	1.0189982500728665	6.486053594925879	1.1511684630731511	4.118707820602729	1.1511684630731511	0.1455893888598164	1.1511684630731511	NaN	1	NaN	NaN	800000009	800000019	800000009	800000019	800000009	800000019	899999999	899999999	89999	89999	89	89	127	4	0	44	0	2	0	NaN	0	0	18000	0	0	0	0	0	0	NaN	NaN	NaN	NaN	0	8426	0	0	0	0	101	0	16605	0	0	16	18000	18000	18000	18000	93	NaN	0.06799096349745781	0.05191451875965501	0.013459397652352696	0.16330087751112227	20.77719148343561	0.023327579159679278	NaN	NaN	-0.004288641510161095	0.10406903546874928	0.0036786652350854366	NaN	NaN	439.95656024265867	11.414555579743462	95088.14645659723	11.399999618530273	8.11671415167385	93.22127665117057	92.51391795391517	93.92863402345439	-1.414715418133461	0.0002731077956931485	-1	0	2.4774567967048813	11.845164990536944	1.0001237653493882	-273.1499938964844	9.000767073101468	-273.1499938964844	115
DATA	2026-02-19T063000_AIU-0547.ghg	2026-02-19	07:00:00	50.291	1	18000	18000	0.07323210783026747	1	NaN	43.911611827144036	1	NaN	36.873075387746404	1	NaN	-12.44695571934801	1	NaN	0.8274511510907082	1	NaN	NaN	NaN	NaN	NaN	NaN	NaN	NaN	NaN	NaN	NaN	NaN	NaN	4.447609005246862e-10	1.1120058758135741e-11	NaN	NaN	18.101489561443383	444.1760657457753	449.1642305984635	0.1	0	452.5794135580916	11.105436526060892	11.230152269265217	0.1	1	NaN	NaN	NaN	NaN	0	NaN	NaN	NaN	NaN	9	285.6313723534479	284.6277799619625	95168.34603401845	1.1599976905530132	1011.382131011839	0.024953036684043053	0.05361883459067789	0.008019864362096507	1053.441908657122	1350.5741511884048	0.006913689938704228	77.99956098154044	297.1322425312828	280.8907142984315	0.7112736700775989	0.4608059759941169	0.17254950328370058	0.8648847971497189	-2.864516083233303e-14	2.4570403392217944e-14	0.8648847971497189	2.5248864278052574	299.062399895187	32.93760010481301	11.50805902366973	NaN	0.25125933440980885	0.2804097421581606	-30.418318103849906	-0.09533728952729179	1.1908855273226455	0.14896518243317622	0	124.5031801661359	-18.893837926554372	42.737912833888295	106.42344581477889	162.30246978348586	227.63152159638435	341.03349924551424	0.07219173770133473	1.0144112077373295	45.40515859843208	1.0159434082627892	33.94867965276673	1.086141663383994	-11.459790319218717	1.086141663383994	0.7618261769948985	1.086141663383994	NaN	1	NaN	NaN	800000009	800000009	800000009	800000019	800000009	800000009	899999999	899999999	89999	89999	89	89	90	0	3	0	0	0	0	NaN	0	0	18000	0	0	0	0	0	0	NaN	NaN	NaN	NaN	0	5544	0	0	0	0	101	0	13563	0	0	21	18000	18000	18000	18000	93	NaN	0.49547056773466336	0.04597665359913916	0.01937226298251869	0.5307979741743216	34.559225903165725	0.09576672383690951	NaN	NaN	0.038701945417755186	-0.28915732198451227	0.019222656874280597	NaN	NaN	444.1762436186914	11.105340509177866	95088.84321961805	11.406391431490581	7.709674014144405	93.85514788097822	93.19950141101398	94.51079154925864	-1.3112904814580828	0.0002728296538164916	-1	0	2.718808210306617	15.029054529465528	1.000113037602769	-273.1499938964844	9.000736394723257	-273.1499938964844	049
DATA	2026-02-19T070000_AIU-0547.ghg	2026-02-19	07:30:00	50.312	1	18000	18000	0.11159021278325947	1	NaN	-8.113219875249177	2	NaN	-29.018483144586664	2	NaN	16.371332864270737	1	NaN	-0.6518563399109545	2	NaN	NaN	NaN	NaN	NaN	NaN	NaN	NaN	NaN	NaN	NaN	NaN	NaN	-2.496559786738218e-10	-6.473996098687762e-12	NaN	NaN	17.933073944401148	440.76656615065934	445.8626931410531	0.1	1	465.0345301973173	11.4298125158041	11.561963591974928	0.1	1	NaN	NaN	NaN	NaN	0	NaN	NaN	NaN	NaN	9	286.7312212295534	285.69442477028684	95170.66724149731	1.1555545352496543	1011.5813523356487	0.025048509613296705	-0.04224029082622985	0.008222653892127531	1084.1259412522563	1448.9332564245383	0.007115764458793847	74.8223519920787	364.80731517228196	281.3125337835021	0.8769033984242497	0.2420760331889658	0.014554319389427554	0.9098198746046022	-9.216429641895268e-14	-1.392153846283372e-14	0.9098198746046022	4.1375870348787025	316.5674170963638	15.432582903636266	0.9165953263646157	NaN	0.3107547885970519	0.5515439345561978	311.4931603068114	0.009309995754460827	0.2795880072305806	-0.02233490733399081	0	87.95701351533556	-13.347816141282102	30.192796454929407	75.18433223463265	114.66085050413268	160.81347315669115	240.92788684026465	0.11060840496870249	1.008876430456029	-9.629555985066963	1.0130654398276135	-26.48696976741109	1.095575801966229	14.943131123277022	1.095575801966229	-0.5949897202375851	1.095575801966229	NaN	1	NaN	NaN	800000009	800000019	800000009	800000019	800000019	800001119	899999999	899999999	89999	89999	89	89	77	6	1	19	3	0	0	NaN	0	0	18000	0	0	0	0	0	0	NaN	NaN	NaN	NaN	0	17848	0	0	0	0	101	0	11208	0	0	21	18000	18000	18000	18000	90	NaN	0.8883480020398967	0.14410054384275292	0.07063932322974602	1.0059966972881929	170.161440344566	0.5675111302690227	NaN	NaN	-0.008237871270705511	0.37861612657416843	-0.01507533470524753	NaN	NaN	440.76272227627817	11.429260719536972	95092.90364865451	11.40999984741211	8.111084681166696	91.65863465287998	90.69300370788594	92.6242656699288	-1.931262558029837	0.0002734072461979748	-1	0	6.846555437150824	0.5153914925117548	1.0000737871196534	-370.8978730010944	9.000658739010493	-273.1499938964844	008
DATA	2026-02-19T073000_AIU-0547.ghg	2026-02-19	08:00:00	50.333	1	18000	18000	0.27511530862591743	1	NaN	74.66985921833852	1	NaN	-2.824196467580538	2	NaN	3.7812609669685417	2	NaN	-0.06329425625139923	2	NaN	0.03256714029382233	1	NaN	NaN	NaN	NaN	NaN	NaN	NaN	NaN	NaN	NaN	-2.2085720011462168e-10	-5.613773619348329e-12	-1.0757942450357279e-12	NaN	18.285944344101505	448.8512256138898	454.0312462563032	0.1	0	464.79422862606845	11.408951884093913	11.540618242333391	0.1	1	0.08907073747298516	2.0588660331015416	2.082626620001674	0.5	0	NaN	NaN	NaN	NaN	9	286.82229426744254	283.272783222774	94730.22864648298	1.1600152220136934	1011.548482958523	0.024861440253702814	-0.00410146780509067	0.008269404924893264	1081.0625264114956	1234.3969222872156	0.007128703803160651	87.57819360148707	153.33439587572002	281.27089691715287	1.3067084215633806	0.3751461868383753	0.03549652172365606	1.3599564564863134	-7.274174007176481e-14	-1.2077976174408709e-14	1.3599564564863134	5.19306375189367	315.9816245606193	16.018375439380673	1.4956595650121276	NaN	0.48699615739927316	0.7318849770118134	-129.82487473375073	-0.022337783925826377	-26.439328876545005	0.13066804901519916	0	107.88169538143073	-16.37146348437665	37.03229497777713	92.2156506164087	140.63468564796028	197.24214625926584	295.5046773212862	0.272207798840558	1.010681214122974	73.76177214458252	1.0138632716492486	-2.5978955059298467	1.0871093395150597	3.4782710712937996	1.0871093395150597	-0.05822253010873189	1.0871093395150597	0.007775425966989904	1.1479481878934084	NaN	NaN	800000009	800000009	800000009	800000019	800000019	800000119	899999999	899999999	89999	89999	89	89	24	0	2	30	0	0	0	NaN	0	0	18000	0	0	0	0	0	0	NaN	NaN	NaN	NaN	0	1154	0	0	0	0	101	0	15509	0	0	16	18000	18000	18000	18000	92	NaN	1.0090197728566683	0.3506218952039241	0.10412828596303428	0.648593407044626	113.01117673529612	0.07165182899401648	3.4585488451521946e-7	NaN	0.06286095156512556	0.08747307219347977	-0.0014642054845925986	0.000007775425966989904	NaN	448.8511884710432	11.408879164053499	95129.3210421007	11.380830107053121	8.113505020486018	92.45582184261758	91.62872295464447	93.28292106882755	-1.6541974827051493	0.0002730214486267263	-1	0	2.059848415910428	33.42667149038459	1.000101198706362	-305.12699523926705	9.000720084720188	-273.1499938964844	058
DATA	2026-02-19T080000_AIU-0547.ghg	2026-02-19	08:30:00	50.354	1	18000	18000	0.4157879222410833	1	NaN	68.49815458240187	1	NaN	19.507878527433704	2	NaN	-38.342155130778686	1	NaN	0.43764745130048455	2	NaN	0.04365902124896722	1	NaN	NaN	NaN	NaN	NaN	NaN	NaN	NaN	NaN	NaN	-2.1543492439955708e-10	-6.29471511018345e-12	-1.144449086801597e-12	NaN	16.70396414780517	411.51836857870967	416.52668810953145	0.1	1	488.0670848248409	12.024006321306423	12.170342597632825	-0.5	0	0.0887360142196218	2.061759962931851	2.0868522880348146	0	1	NaN	NaN	NaN	NaN	9	289.2280114924112	284.34269267272947	94735.87698632812	1.1554493346188415	1011.9106449977594	0.02495385298668042	0.028359554844271398	0.008682931559227806	1139.4103365379394	1325.6085958203207	0.007514766159861196	85.95375287475734	186.1982592823813	282.04665189728246	0.34151257407829727	0.10641104426433765	0.10089853500727948	0.3716647184784365	4.79304381616351e-14	-1.2897233404794174e-14	0.3716647184784365	5.587353579433143	314.69361942073635	17.30638057926362	15.752193848592638	NaN	0.5998746112710944	0.8685574303482655	-264.5463117910511	-0.010962163790401025	3.5113072129331595	0.09766193354626826	0	86.97588690000029	-13.198926392194267	29.85600743709666	74.345679960488	113.38185287028318	159.01966078957358	238.240429038912	0.4046655732152135	1.027485286028902	68.20600608774592	1.0243664405386388	17.828365146926267	1.09420456484183	-35.0411215258649	1.09420456484183	0.3999685848173623	1.09420456484183	0.018411050696120965	1.1606780124195055	NaN	NaN	800000009	800000009	800000009	800000009	800000009	800101019	899999999	899999999	89999	89999	89	89	30	4	10	12	9	0	0	NaN	0	0	18000	0	0	0	0	0	0	NaN	NaN	NaN	NaN	0	0	0	0	0	0	0	0	15207	0	0	0	18000	18000	18000	18000	93	NaN	0.9041291299539181	0.5622716434998462	0.27071408724276663	0.8672112660476584	87.50895606523395	0.06481280639684087	5.8478312091628374e-8	NaN	0.05833504645608484	-0.885055765748247	0.010102259479608244	0.000018411050696120964	NaN	411.518751486799	12.023939647340693	95145.62912717013	11.38917503277461	8.891696232530801	93.27921432410322	92.56141103066346	93.99701775995891	-1.4356069664624374	0.00027331600197713776	-1	0	2.051356053862307	64.24843631352165	1.0001485286156337	-273.1499938964844	9.000981890969806	-273.1499938964844	130
DATA	2026-02-19T083000_AIU-0547.ghg	2026-02-19	09:00:00	50.374	1	18000	17986	0.20990373120051226	1	NaN	-59.314843633335286	1	NaN	-3.265826251445705	2	NaN	6.947831542053701	1	NaN	-0.07328454440255859	2	NaN	NaN	NaN	NaN	NaN	NaN	NaN	NaN	NaN	NaN	NaN	NaN	NaN	-2.7833744446672027e-11	-8.093123559856481e-13	NaN	NaN	16.878868182378984	416.0390498292737	421.1335130885766	0.1	1	490.78113084011005	12.097026479655652	12.245156461619386	0.1	1	NaN	NaN	NaN	NaN	0	NaN	NaN	NaN	NaN	9	285.6880347849528	284.5948962867003	95205.49214831433	1.1601534878076414	1011.9305471693556	0.02494824896763219	-0.004748838477285797	0.008737624078595435	1147.5872959833016	1347.5776476531541	0.007531438012660763	85.15927063511764	199.99035166985254	282.1525548195929	-0.3179235968004331	0.15837535537907255	0.039592008483922615	0.35738731612883384	-1.4565877086403902e-14	-1.6490290786043103e-15	0.35738731612883384	6.770758520901649	178.4804384053718	153.5195615946282	6.360384590071861	NaN	0.4253557953167988	0.48896255368215286	109.30417229314014	0.026531466632605406	18.162277802463617	-0.11878042624000211	0	103.34112248513553	-15.682414029721508	35.473663235207695	88.33443719718426	134.71559029379108	188.94053086338775	283.06734470587344	0.20676123981253813	1.0151986484063613	-58.733245841216046	1.0168653529994092	-2.961790203400383	1.1026527968443758	6.30101475454226	1.1026527968443758	-0.06646203103305753	1.1026527968443758	NaN	1	NaN	NaN	800000009	800000019	800000009	811100019	811110019	811111019	899999999	899999999	89999	89999	89	89	8	15	2	0	2	0	0	NaN	0	0	18000	0	0	0	0	0	0	NaN	NaN	NaN	NaN	0	17016	0	0	0	0	0	0	18000	0	0	0	18000	18000	18000	18000	93	NaN	0.15349891095471732	0.7359739575380281	0.0884522388715603	4.026415913468162	29.262475975978663	0.018833790762998744	NaN	NaN	-0.050028541997507905	0.1591172512563634	-0.0016783416803256607	NaN	NaN	416.03924613192544	12.097004290918308	95201.26121744791	11.40999984741211	8.991957214302484	94.80614972601998	94.25903937191433	95.35325860383777	-1.0942177203165142	0.0002737677912195472	-1	0	12.364052555163749	3.265714066208471	1.000169740686814	-273.1499938964844	9.001087381177479	-273.1499938964844	124
DATA	2026-02-19T090000_AIU-0547.ghg	2026-02-19	09:30:00	50.395	1	18000	17971	1.2024354829844526	1	NaN	-179.5609031398767	1	NaN	-58.922520161203664	2	NaN	-9.780078262909752	2	NaN	-1.3222575959964906	2	NaN	NaN	NaN	NaN	NaN	NaN	NaN	NaN	NaN	NaN	NaN	NaN	NaN	-2.99953390121255e-10	-8.81874141943733e-12	NaN	NaN	16.68549050025491	411.0743029934209	416.1032173160547	0.1	1	490.5596370114145	12.085737656803795	12.233589611448764	0.1	1	NaN	NaN	NaN	NaN	0	NaN	NaN	NaN	NaN	9	285.72425361209446	284.63199357534324	95205.49214831433	1.160007184023566	1011.9249492047212	0.02495141184534083	-0.08568229222057258	0.008728363655612848	1146.5205076603206	1350.8921527052178	0.007524404827682109	84.87135744806612	204.37164504489715	282.13877623777216	-0.36508262821496207	0.3467198558014488	0.08741311163071484	0.5110196042386168	-1.1664125832950918e-13	-1.7976899757107682e-14	0.5110196042386168	8.03236727198689	195.52223604409227	136.47776395590773	9.849238976921212	NaN	1.0181237121660776	2.5411991855539378	495.14497525277204	0.0058568705024615204	3.0474070465523795	-0.1502457674097436	0	115.59592585809281	-17.542127720901778	39.680340668274134	98.80965880190453	150.69096418775808	211.3462198982251	316.63514973116304	1.1877780778295968	1.0123401883133245	-180.90388033241817	1.0144921164094982	-53.897105403111695	1.093240902651552	-8.94594982605307	1.093240902651552	-1.2094841976635529	1.093240902651552	NaN	1	NaN	NaN	800000009	800000019	800000009	811100019	811110019	811110019	899999999	899999999	89999	89999	89	89	21	40	2	5	18	0	0	NaN	0	0	18000	0	0	0	0	0	0	NaN	NaN	NaN	NaN	0	17888	0	0	0	0	101	0	17203	0	0	16	18000	18000	18000	18000	93	NaN	0.7730813463374695	3.9263760460000094	0.382940978770397	4.8129464711955805	14.76769264239159	0.10459272188266289	NaN	NaN	-0.15411286704322968	-0.22593491958616735	-0.030546193557226625	NaN	NaN	411.07332951585875	12.085632667613597	95178.28778862846	11.403608034451802	8.97065640423032	94.671505718655	94.11017134730015	95.2328380834791	-1.122665384299216	0.00027364373837836963	-1	0	11.848306578108822	0.39729946808055383	1.0001726045128372	-273.1499938964844	9.001083948585721	-273.1499938964844	070
DATA	2026-02-19T093000_AIU-0547.ghg	2026-02-19	10:00:00	50.416	1	18000	17917	0.6916259527557833	1	NaN	-150.78853862973185	1	NaN	7.165386608539569	1	NaN	2.4695976518221685	1	NaN	0.1608294374711322	1	NaN	NaN	NaN	NaN	NaN	NaN	NaN	NaN	NaN	NaN	NaN	NaN	NaN	6.19200756174828e-11	1.7435864053080049e-12	NaN	NaN	16.487743406715307	405.8747976608395	410.56712447193524	-0.1	0	464.27277375673475	11.42889074991323	11.561020388895434	0.1	1	NaN	NaN	NaN	NaN	0	NaN	NaN	NaN	NaN	9	285.8846377670469	284.85098560390986	95272.85643951858	1.1602209611452454	1011.5652116909729	0.02494776547299287	0.010421747548129367	0.008255192837413796	1085.2028129471041	1370.6410844794123	0.007115190221408478	79.17483469855848	285.43827153230814	281.3271456038584	0.47933522507337695	-0.10533094255499503	0.09042483534558973	0.5016201687928198	-8.187122083264099e-14	3.75552154652427e-15	0.5016201687928198	16.044617565312144	344.39341612350995	348.63811884196343	10.385227687503825	NaN	0.7720853056896363	2.120529226325704	257.24195214827307	0.011273433340796812	-21.044019934671073	-0.1664057973814741	0	100.74281775770294	-15.288111263009817	34.581749303300775	86.11344539600118	131.32843766082468	184.1900011348513	275.9501855126698	0.6831491831378461	1.012408372617825	-148.74297467797152	1.014772466516424	6.541496533922988	1.0953742116014589	2.2545698316300213	1.0953742116014589	0.14682602143426066	1.0953742116014589	NaN	1	NaN	NaN	800000009	800000019	800000009	811110019	811110019	811110119	899999999	899999999	89999	89999	89	89	17	80	1	30	1	0	0	NaN	0	0	18000	0	0	0	0	0	0	NaN	NaN	NaN	NaN	0	17852	0	0	0	0	101	0	17206	0	0	16	18000	18000	18000	18000	93	NaN	1.134791795796344	2.795680283684045	0.31058637317101795	3.105932924439289	0.7003513016297516	0.020598057043767527	NaN	NaN	-0.12673654686424687	0.056894535015600343	0.0037051849539090566	NaN	NaN	405.87459266010256	11.428867594150258	95169.6655735677	11.399999618530273	8.148006584193986	95.48443497551814	95.00378615866765	95.9650823343065	-0.9612968014511819	0.0002737559157637104	-1	0	8.769562815056554	0.44962168112066087	1.000135379668739	-273.1499938964844	9.00089460489485	-273.1499938964844	111
DATA	2026-02-19T170000_AIU-0547.ghg	2026-02-19	17:30:00	50.729	1	18000	16243	4.135373783428808	1	NaN	104.3951660876017	1	NaN	-11.752279222375831	2	NaN	-2.011194001157327	2	NaN	-0.2639018850582417	2	NaN	NaN	NaN	NaN	NaN	NaN	NaN	NaN	NaN	NaN	NaN	NaN	NaN	5.068588699924826e-10	1.4345075167281441e-11	NaN	NaN	16.956943778387313	418.24471920809765	423.2548397650646	0.1	1	479.9139316866233	11.837125264173961	11.978921255606249	0.1	1	NaN	NaN	NaN	NaN	0	NaN	NaN	NaN	NaN	9	286.3903812676255	285.3180268116929	95198.52614764807	1.157241079509424	1011.799659453733	0.025011412741476186	-0.01710084215177406	0.008528306782184678	1122.9426300681732	1413.4956227164207	0.007369516113098911	79.44436558707766	290.5529926482475	281.83132319032035	0.04011999738961801	-0.07569917278308477	0.03879471269274713	0.09177228432446975	6.0106142012891716e-15	2.989093297805858e-14	0.09177228432446975	18.661816610694288	34.07674366480512	301.72788646212047	25.006936683886913	NaN	1.8903641140143717	4.25423263411477	-5450.82798848747	-0.0005320292634669454	-8.882971899513569	0.047164643346671954	0	104.6246463275017	-15.87719372466725	35.914255435519884	89.43157407278662	136.38879325426197	191.2872218061667	286.5831153612341	3.824549240235771	1.0812708959066442	98.18773920444661	1.0605447760428655	-10.312955995283684	1.139564565945048	-1.7648793769657372	1.139564565945048	-0.2315813363671818	1.139564565945048	NaN	1	NaN	NaN	800000009	800000019	800000009	811110019	811110019	811111119	899999999	899999999	89999	89999	89	89	3	2	0	2	0	0	0	NaN	0	0	18000	0	0	0	0	0	0	NaN	NaN	NaN	NaN	0	17876	0	0	0	0	101	0	17104	0	0	16	18000	18000	18000	18000	93	NaN	0.8989563733155084	5.915588570353227	1.6939203245608043	96.62711857758924	3.4986526595505083	0.04074388726384723	NaN	NaN	0.08385691666055307	-0.04466903345313657	-0.005861315280986787	NaN	NaN	418.24427609157794	11.837082611069997	94893.93806380208	11.399999618530273	8.621745359526741	94.839206867218	94.28433776431613	95.39407700517444	-1.1097385857668176	0.00027411286620190374	-1	0	11.69174720240897	0.3399547604372249	1.000110138013959	-294.46799479166657	9.000781653669145	-273.1499938964844	182
DATA	2026-02-19T173000_AIU-0547.ghg	2026-02-19	18:00:00	50.749	0	18000	18000	0.38363848599754663	1	NaN	67.32141288734678	1	NaN	17.02531468077275	1	NaN	4.005005814754699	1	NaN	0.38276499340429054	1	NaN	NaN	NaN	NaN	NaN	NaN	NaN	NaN	NaN	NaN	NaN	NaN	NaN	6.428156643539916e-10	1.795582179050303e-11	NaN	NaN	16.932560870748468	417.2814536290651	422.2026291058869	0.1	0	472.9785882824626	11.655956494736936	11.793420086185673	0.1	1	NaN	NaN	NaN	NaN	0	NaN	NaN	NaN	NaN	9	287.61833952331534	286.5578203574992	95198.52614764807	1.1523124692921696	1011.722981494759	0.025118654369586806	0.024803171572598027	0.008361926421037627	1105.8197378759955	1533.1093221761498	0.007256648386504143	72.12921621964674	427.2895843001543	281.6044547198457	0.25175587421451745	-0.24551271176284592	0.03556846101953492	0.35344395207439167	1.0118998770041956e-13	3.796328678578536e-14	0.35344395207439167	6.955452864964305	16.280694424396074	315.7193055756039	5.775677297949601	NaN	0.5770001864298313	1.0075913855599752	-240.36856560634416	-0.012064805531807271	3.954194923831574	0.10007956105559919	0	100.96002130273381	-15.32107273894489	34.65630825161321	86.29910771944164	131.61158441866007	184.58711848868538	276.5451396729697	0.3729708951260174	1.0286016710980221	66.85507192251563	1.0251019450024998	15.547361821010119	1.09506132788171	3.657334719784137	1.09506132788171	0.34953749498643355	1.09506132788171	NaN	1	NaN	NaN	800000009	800000009	800000009	800000019	800000009	800111109	899999999	899999999	89999	89999	89	89	28	45	2	17	0	0	0	NaN	0	0	18000	0	0	0	0	0	0	NaN	NaN	NaN	NaN	0	8674	0	0	0	0	101	0	16908	0	0	16	18000	18000	18000	18000	93	NaN	0.5229139411186837	1.3197385286325134	0.17253030136875308	0.8983580813770835	3.4549575744238004	0.035730654206422394	NaN	NaN	0.05734591461164643	0.09294699281684346	0.008883096988628656	NaN	NaN	417.28103517313724	11.655918182217476	94905.74637890625	11.399999618530273	8.3962359500726	95.0033544404772	94.46315053558348	95.54355751715767	-1.08040615531471	0.00027409297077651395	-1	0	3.878304692103563	19.52899680474239	1.0001441659066412	-273.1499938964844	9.000948713355594	-273.1499938964844	050
DATA	2026-02-19T180000_AIU-0547.ghg	2026-02-19	18:30:00	50.77	0	18000	16745	2.833835300113663	1	NaN	-379.3581068236927	1	NaN	-9.567301721989844	2	NaN	-0.7209436178932832	2	NaN	-0.2152028801399997	2	NaN	NaN	NaN	NaN	NaN	NaN	NaN	NaN	NaN	NaN	NaN	NaN	NaN	-1.0900795375912886e-10	-3.009264798004614e-12	NaN	NaN	17.019086899449277	419.0683916162504	423.97323978868496	0.1	1	469.8275431704929	11.568768290374267	11.704171134257377	0.1	1	NaN	NaN	NaN	NaN	0	NaN	NaN	NaN	NaN	9	288.14351428500424	287.08898222440666	95188.07810230336	1.1500918344668292	1011.6852584572251	0.025167281717683464	-0.013945146633071979	0.008283342257735651	1097.4581088618595	1587.0190471538428	0.0072023311612987185	69.15216996481793	489.56093829198335	281.4925402592112	0.32156892095804335	0.06380798572930944	0.0024422139844803028	0.2747079674341707	-4.8604191453202375e-14	-6.4050412576867595e-15	0.2747079674341707	19.18111965347969	320.7767485003302	351.54703467127575	0.5093787362017469	NaN	1.5697158478020798	4.8045406403980255	858.7776854514526	0.003376892587137372	39.651525356596814	-0.2077066420092586	0	124.42544154259558	-18.882040790514598	42.711227680045155	106.3569960086051	162.20112963633997	227.48939059909029	340.820561111909	2.780140052894958	1.0193138641209072	-374.66632277674876	1.0176902161552734	-8.73312325559795	1.0955189159682572	-0.6580841347281425	1.0955189159682572	-0.19643921889728028	1.0955189159682572	NaN	1	NaN	NaN	800000009	800000019	800000009	811110019	811110019	811110019	899999999	899999999	89999	89999	89	89	9	18	2	7	5	0	0	NaN	0	0	18000	0	0	0	0	0	0	NaN	NaN	NaN	NaN	0	17843	0	0	0	0	101	0	17205	0	0	16	18000	18000	18000	18000	93	NaN	1.490670944599194	7.361130894041997	0.7572794421548605	63.849622863313485	3.2009465554559093	0.023030347961568196	NaN	NaN	-0.32200804046547116	-0.016755367563234976	-0.005001505343717794	NaN	NaN	419.06789091093157	11.56874240407071	94929.74326367187	11.40305746629503	8.289732141759643	94.9526706559923	94.40477261522082	95.5005696521335	-1.0957973963750713	0.0002736570619696674	-1	0	5.512493162856796	0.5204073209067435	1.0001344215323527	-273.1499938964844	9.000872934526868	-273.1499938964844	107
DATA	2026-02-19T183000_AIU-0547.ghg	2026-02-19	19:00:00	50.791	0	18000	18000	0.18135449753528915	1	NaN	36.4886249264028	1	NaN	25.4357933127042	1	NaN	2.343444432403506	2	NaN	0.5700213433057951	1	NaN	0.024340549512856195	1	NaN	NaN	NaN	NaN	NaN	NaN	NaN	NaN	NaN	NaN	8.580683380102894e-11	2.294179381806411e-12	4.600769948225379e-13	NaN	17.110114555424367	420.85880976335426	425.64833935849384	-0.1	0	457.4655688196439	11.25231594315156	11.380371478578962	0.1	1	0.0917405961392624	2.12012887397709	2.1442567281454106	0.5	0	NaN	NaN	NaN	NaN	9	287.014804049174	283.21608980996814	94567.38175898696	1.1583217954545633	1011.45991838101	0.02489926787527145	0.03693738304621552	0.008143481880089468	1064.3874915812187	1229.7218286750942	0.007030414097400023	86.55514334717411	165.33433709387555	281.0424140719551	0.34202114522601945	-0.14134744337115512	0.03483946520981553	0.3717140727296524	-5.4889134656864885e-14	5.0149771658791064e-15	0.3717140727296524	4.543959628353339	354.45389186680643	337.5461081331936	5.378027541054563	NaN	0.3956849673230768	0.5780843543609375	-142.32201686944921	-0.020376327315963668	1.434538505554617	0.07871002321540425	0	119.10367636003696	-18.07444239255985	40.88443790494771	101.80803117261247	155.2636712390166	217.7595065554217	326.2434217974825	0.17650375080889855	1.0274824002558594	37.14378257888439	1.0243645378080228	23.24596772913193	1.094202384219435	2.1416919449277527	1.094202384219435	0.5209469029921993	1.094202384219435	0.009547837830397938	1.1606752460827527	NaN	NaN	800000009	800000009	800000009	800000019	800000019	800100119	899999999	899999999	89999	89999	89	89	29	58	4	9	1	0	0	NaN	0	0	18000	0	0	0	0	0	0	NaN	NaN	NaN	NaN	0	44	0	0	0	0	101	0	15508	0	0	21	18000	18000	18000	18000	93	NaN	0.33096094213611693	0.7715326195962969	0.053675146989461256	0.39192286175950325	9.282954202406948	0.0889367680346657	1.6678806373214139e-7	NaN	0.031703573929225064	0.0539336021631399	0.013118853568386985	0.000009547837830397938	NaN	420.85812314856514	11.252226791114804	94961.54067925348	11.40999984741211	7.883381497356643	95.17031384023028	94.64598057428995	95.69464702139963	-1.0486661022470996	0.00027369724731963487	-1	0	2.112329410120688	58.259016623209625	1.0001480649113654	-273.1499938964844	9.000964834250786	-273.1499938964844	023
DATA	2026-02-19T190000_AIU-0547.ghg	2026-02-19	19:30:00	50.812	0	18000	18000	0.061161016998484176	1	NaN	-5.537783531520325	1	NaN	-10.214603329615823	2	NaN	-0.05380521359867977	2	NaN	-0.22890352050669244	2	NaN	0.019711233215046003	1	NaN	NaN	NaN	NaN	NaN	NaN	NaN	NaN	NaN	NaN	5.7887496266081497e-11	1.5501727522858397e-12	3.110393810920377e-13	NaN	17.17663804715489	422.18359237811666	427.01124481365616	0.1	1	459.97422576691054	11.305679871840992	11.434959867449727	0.1	1	0.09229300301522012	2.132582107650819	2.1569680984658475	0	1	NaN	NaN	NaN	NaN	9	287.56417607031926	283.18032908121745	94574.00329427083	1.1585257086510936	1011.4890724819986	0.024894380844337864	-0.01483294812883367	0.008183708446300399	1069.5102133033115	1226.7809279819373	0.00706389887180746	87.18021196031005	157.27071467862584	281.11294003401696	0.6643570789308959	0.4230014354894898	0.16254890533930302	0.8041907046084453	-3.1843855897498132e-15	3.370129597373096e-15	0.8041907046084453	3.5051579598761795	299.5147683013395	32.48523169866054	11.661386077648256	NaN	0.22976533746785585	0.3676695760225591	183.62166475456146	0.015793343361069592	0.5421437673907797	-0.020567646206493522	0	103.06849024307398	-15.641041035166747	35.3800774088747	88.10139525719781	134.36018663124887	188.44207217330538	282.32056275706435	0.0605883426670522	1.009451889690711	-6.042652690989566	1.0136022236933933	-9.305226749691043	1.09772750351892	-0.04901509110976958	1.09772750351892	-0.20852490237596305	1.09772750351892	0.020393001712401562	1.1777925033327155	NaN	NaN	800000009	800000009	800000009	800000009	800000009	800111119	899999999	899999999	89999	89999	89	89	21	36	2	17	1	0	1	NaN	0	0	18000	0	0	0	0	0	0	NaN	NaN	NaN	NaN	0	0	0	0	0	0	0	0	16309	0	0	0	18000	18000	18000	18000	93	NaN	0.5437221580840547	0.165636865490999	0.025980128470064628	0.17071635820029743	4.112749246693067	0.0559166341438904	2.3565718127014025e-7	NaN	-0.0051565681577842035	-0.0012341570727227563	-0.0052504744412241264	0.000020393001712401562	NaN	422.1831054170369	11.305622466690469	94974.72401974826	11.397216831048333	7.956654422468639	94.95072672822738	94.4018110029432	95.49964134979251	-1.0978299100630904	0.000272681624326247	-1	0	2.1224584827688013	49.03193431764322	1.000155597296026	-273.1499938964844	9.000969149774976	-273.1499938964844	070
DATA	2026-02-19T193000_AIU-0547.ghg	2026-02-19	20:00:00	50.833	0	18000	18000	0.06249463392788079	1	NaN	-19.168601241999475	1	NaN	-23.62680769882014	1	NaN	-1.9986935820372573	2	NaN	-0.5292876329641641	1	NaN	0.012733114723932355	1	NaN	NaN	NaN	NaN	NaN	NaN	NaN	NaN	NaN	NaN	2.9904806511030746e-10	7.781549107855315e-12	1.6128995874389269e-12	NaN	17.211892426053492	422.8647148037844	427.5694280514499	0.1	1	447.87176972054505	11.003390184153588	11.125811832866086	0.1	1	0.09283141217711899	2.1413388550687236	2.165162988240623	0	1	NaN	NaN	NaN	NaN	9	287.66796491071915	282.83317871178525	94568.50121875	1.1600133530226842	1011.3145392305375	0.02486530945827825	-0.03429783861607783	0.007974205784507322	1040.8532410322923	1198.5522224322328	0.006874236200582241	86.84254399195719	157.69898139994052	280.71451358960087	0.6007626503822419	0.37124816730462173	0.15445284996928582	0.722908463558848	-6.516663220705685e-15	1.737450233291262e-14	0.722908463558848	3.4428162745137465	300.285532509611	31.714467490388955	12.336618269034432	NaN	0.2321078720423615	0.2694999033635498	54.68175139303674	0.053034146239311755	0.8113072864666648	-0.07039653992839624	0	108.22772746089092	-16.42397518743504	37.15107659307374	92.51143363343257	141.08577341170866	197.87480326179042	296.45251279626797	0.06186528839399987	1.010172837631869	-20.216790073787575	1.015594928158749	-21.231449226380317	1.1128212420593298	-1.796059876012591	1.1128212420593298	-0.4756268239314803	1.1128212420593298	0.01868298253144897	1.20581549828989	NaN	NaN	800000009	800000009	800000009	800000009	800010019	800110019	899999999	899999999	89999	89999	89	89	4	87	3	43	0	0	4	NaN	0	0	18000	0	0	0	0	0	0	NaN	NaN	NaN	NaN	0	0	0	0	0	0	0	0	16106	0	0	0	18000	18000	18000	18000	93	NaN	0.3677564553091773	0.14777835731129269	0.02346499410662956	0.23620629485285188	2.2938994383081384	0.07988238329970458	2.4273007901772784e-7	NaN	-0.017233082300811428	-0.04515659352218643	-0.011958224468665665	0.00001868298253144897	NaN	422.86430015799215	11.003309109468091	94968.35530208334	11.390000343322754	7.55676523717248	95.24122036531233	94.72116906144879	95.76126951302422	-1.0400989445547246	0.0002731710801922923	-1	0	2.131419761539829	60.483475002288955	1.0001451653126214	-273.1499938964844	9.000947366264132	-273.1499938964844	177
DATA	2026-02-19T200000_AIU-0547.ghg	2026-02-19	20:30:00	50.854	0	18000	18000	0.5281223136730975	1	NaN	96.4026138562194	1	NaN	74.58618350734086	1	NaN	-1.6305919508357265	2	NaN	1.670162499359974	1	NaN	-0.08202017872948555	2	NaN	NaN	NaN	NaN	NaN	NaN	NaN	NaN	NaN	NaN	1.2373107074362472e-9	3.112652994387344e-11	6.722088311118568e-12	NaN	17.38295273365845	426.36270928160707	430.9853878380478	0.1	1	437.29598032678075	10.725835925968296	10.842126799104031	0.1	1	0.09443848071578476	2.1736381954829924	2.197205056413795	0	1	NaN	NaN	NaN	NaN	9	287.8064439375136	282.3845722817316	94585.6564561632	1.1621894297371276	1011.1522568451163	0.02482136744526805	0.1082265299585263	0.007786821863209615	1014.7823637290971	1162.9219230016179	0.0067001313761482885	87.2614354977368	148.13955927252073	280.34354526235956	0.6235599772873577	-0.02229552677669484	0.016784520562043576	0.6241841522493965	2.107852490604506e-13	7.117954736426649e-14	0.6241841522493965	5.207386642113447	334.0477510986615	357.9522489013385	1.5408884073069382	NaN	0.6741069396439671	1.5020084598505445	-266.37479736405953	-0.010886915836998327	1.2924996202109114	0.12169326262247113	0	126.06952010650376	-19.131536055483355	43.27558664872862	107.76232963725494	164.34435209125493	230.49529056587852	345.3239470088473	0.5186075532361162	1.018346744812352	99.10440793129935	1.0184127597371215	68.56246794102128	1.0878573328413628	-1.4989023850919874	1.0878573328413628	1.5352771442903221	1.0878573328413628	-0.11287186757129557	1.152287998419092	NaN	NaN	800000009	800000009	800000009	800000009	800000009	800000019	899999999	899999999	89999	89999	89	89	10	20	1	34	4	0	0	NaN	0	0	18000	0	0	0	0	0	0	NaN	NaN	NaN	NaN	0	0	0	0	0	0	0	0	16609	0	0	0	18000	18000	18000	18000	93	NaN	1.5569638331634517	1.311902042568688	0.13515104396894956	0.314028864751843	0.9077475907111905	0.062013778467659764	5.569735179082757e-7	NaN	0.0843333776424277	-0.03760829547419238	0.038520958436997405	-0.00011287186757129556	NaN	426.3624353125345	10.725773102932909	94981.10991536458	11.380276787439982	7.185745652940514	95.16717092005413	94.63245047929549	95.70188890118071	-1.0694399580955523	0.0002727509331711594	-1	0	2.1638029329710555	64.21023460059752	1.0000929224722914	-364.43787272982394	9.000732665194406	-273.1499938964844	171
DATA	2026-02-19T203000_AIU-0547.ghg	2026-02-19	21:00:00	50.874	0	18000	18000	0.1644593005400085	1	NaN	16.73923980598555	1	NaN	-32.884712372760845	2	NaN	1.247262573792821	1	NaN	-0.7357941121579975	2	NaN	0.053753112290376596	1	NaN	NaN	NaN	NaN	NaN	NaN	NaN	NaN	NaN	NaN	-4.1889112864483337e-10	-9.79380598313764e-12	-2.3253776165400024e-12	NaN	17.43760489869147	426.96918852373176	431.2744606781473	0.1	1	407.69667226157696	9.98267355698683	10.083332170410705	0.5	0	0.09680084715249691	2.218991780646377	2.2413666118540454	0	1	NaN	NaN	NaN	NaN	9	287.8582659776476	281.5702365734795	94580.0921385273	1.16581090468333	1010.7250620466335	0.02475124409313522	-0.047679458467838234	0.007267827827247105	944.4154463199511	1100.6224343236404	0.006234139514436323	85.80739560340851	156.20698800368928	279.29858489694084	-0.2676436247607559	0.42870891514420695	0.03145119253321296	0.5063730061041223	5.204751129646558e-14	-2.4022285805791328e-14	0.5063730061041223	4.610850148362711	210.02340447208724	121.97659552791278	3.5609742397486825	NaN	0.375590987655889	0.627537629928032	-265.29316636286404	-0.010931303055252554	-0.5090280132676801	0.03782330026102459	0	91.85374332272357	-13.939159923233044	31.530417699809547	78.51519826518717	119.74063136574655	167.93793804282566	251.6016334871739	0.16098939032079446	1.0215536577429094	14.644661623393553	1.0204834743887132	-30.17261263408645	1.0898861418321626	1.1443971309664507	1.0898861418321626	-0.6751109899618362	1.0898861418321626	0.046915570139526255	1.1551162537861253	NaN	NaN	800000009	800000009	800000009	800000019	800000019	800010019	899999999	899999999	89999	89999	89	89	29	49	0	74	3	0	0	NaN	0	0	18000	0	0	0	0	0	0	NaN	NaN	NaN	NaN	0	0	0	0	0	0	101	0	17801	0	0	16	18000	18000	18000	18000	93	NaN	0.375215870058116	0.7872670126972184	0.09259237710072948	0.08249609786340925	0.7956909654059467	0.0465996980699376	4.0393914480467783e-7	NaN	0.012428485028303725	0.028610943045467487	-0.016878373390236612	0.000046915570139526255	NaN	426.96910287994933	9.982625638978158	94978.94588368056	11.383058517773947	6.142176241027008	95.82511256366304	95.36205473242867	96.2881675860087	-0.9261178710328201	0.0002721134418550516	-1	0	2.2095852424701024	53.80378501235128	1.000073335328036	-363.42849768744384	9.000654902007845	-273.1499938964844	103
DATA	2026-02-19T210000_AIU-0547.ghg	2026-02-19	21:30:00	50.895	0	18000	17337	1.4068883172409314	1	NaN	124.77526180526888	1	NaN	-2.9295383299519084	2	NaN	-1.151993561707842	1	NaN	-0.06551245489450572	2	NaN	0.027426639114361894	1	NaN	NaN	NaN	NaN	NaN	NaN	NaN	NaN	NaN	NaN	9.707312221497365e-12	2.1613848717068888e-13	5.385830204396426e-14	NaN	17.548784755649244	428.80977793534555	432.94338217926037	0	0	390.733057948867	9.547678551195117	9.639715455691043	0	0	0.09736451535793729	2.2255892307631924	2.2470432776689995	0.7	0	NaN	NaN	NaN	NaN	9	286.11854953767994	280.99762039577956	94606.56619488003	1.168706510415543	1010.4739691739952	0.024693996515613353	-0.0042452070771639705	0.006967246890620534	903.5153763036229	1058.5957963942226	0.005961502591564475	85.3503650195067	155.08042009059966	278.6591824938463	-0.11793615574029118	0.5153878767212983	0.11957980551726913	0.4719743605469648	2.6114911944989625e-14	5.53161507002496e-16	0.4719743605469648	19.601360588617425	229.110925263104	112.80549493325437	14.790005125262558	NaN	1.097177972676794	5.421951290428244	-887.2982717746244	-0.0032683485274911097	-42.59212468038171	0.09629878692175078	0	150.1681719933396	-22.788599452504705	51.54787401021998	128.36149481412536	195.75937871520748	274.5553120858274	411.3338880328478	1.37556670429254	1.02276997026073	122.38841911559948	1.021275546772602	-2.685855564103621	1.0907281720972266	-1.0561692557118203	1.0907281720972266	-0.0600630446434146	1.0907281720972266	-0.015474653464697532	1.1562306706088918	NaN	NaN	800000009	800000009	800000009	811110019	811110019	811110019	899999999	899999999	89999	89999	89	89	42	68	3	42	11	0	0	NaN	0	0	18000	0	0	0	0	0	0	NaN	NaN	NaN	NaN	0	250	0	0	0	0	101	0	17701	0	0	16	18000	18000	18000	18000	93	NaN	4.438265305515984	6.1744326689340285	0.2312046064064754	65.97574431000642	0.973829333366751	0.013741925281060927	2.634100084952013e-7	NaN	0.10363578266984623	-0.026332521813428357	-0.0014974980806345159	-0.000015474653464697532	NaN	428.8097218204074	9.547662718825851	95007.72347417535	11.390000343322754	5.504742293993653	96.00841490893895	95.55970847702027	96.45712142011854	-0.8974143600397642	0.00027163737467102085	-1	0	2.216314652760825	17.552047917525176	1.0000746147202122	-273.1499938964844	9.00064021454917	-273.1499938964844	018
DATA	2026-02-19T213000_AIU-0547.ghg	2026-02-19	22:00:00	50.916	0	18000	18000	0.04592538708670688	2	NaN	-8.655160430586859	2	NaN	-3.2245198103363966	1	NaN	-0.3173866848386734	0	NaN	-0.07207801415418003	1	NaN	-0.008936711707384195	1	NaN	NaN	NaN	NaN	NaN	NaN	NaN	NaN	NaN	NaN	-3.133648765526388e-10	-6.771841279320415e-12	-1.7389139092173628e-12	NaN	17.662447644371035	430.55815663472725	434.6018653162095	0.3	0	381.68697579575695	9.304397896544028	9.391782780491633	0.3	0	0.09801186469109921	2.2354649716607415	2.2564599730879773	0	1	NaN	NaN	NaN	NaN	9	284.7099404534233	280.54685518114366	94641.47974865157	1.1711244210195142	1010.3315897989984	0.02464528830456353	-0.004670655317190866	0.006803136197738417	880.8181918949441	1026.5144821476224	0.005809063559460228	85.80669900069411	145.6962902526783	278.29323908842616	1.0829712219603183	0.3935957748361724	0.15894990955966568	1.1631893118971801	4.1240782452239834e-14	-1.774187150400455e-14	1.1631893118971801	5.785609590649581	312.02679758533014	19.973202414669842	7.854046709565927	NaN	0.19802722156667515	0.9011298685174163	75.22457710231664	0.038551230351957545	2.6841703384306124	-0.03693884048355083	1	9.488442866617964	4	8	17	30	62	232	0.04554709477218004	1.0083055201746458	-8.73288800475381	1.0140591281597229	-2.9082116250807237	1.108763812965947	-0.286252744838112	1.108763812965947	-0.06500754562089385	1.108763812965947	-0.005089958989440786	1.1942716749305062	NaN	NaN	800000009	800000009	800000009	800000019	800000019	800100019	899999999	899999999	89999	89999	89	89	15	52	7	68	4	0	0	NaN	0	0	18000	0	0	0	0	0	0	NaN	NaN	NaN	NaN	0	721	0	0	0	0	101	0	17304	0	0	21	18000	18000	18000	18000	93	NaN	1.362195489841819	0.3656781057099443	0.07438614148306925	0.3909044998057544	1.035975041727199	0.005696540341276615	4.030827367854259e-7	NaN	-0.007380587292409342	-0.007121056338905665	-0.0016171806320395895	-0.0000050899589894407855	NaN	430.55805479773437	9.304390041153985	95034.45201497395	11.40278335968653	5.138137649986466	95.66643976804943	95.17011231316465	96.16276721191402	-0.9926525371968742	0.0002712998716888251	-1	0	2.224733179026182	38.706207477358355	1.0001124418742127	-273.1499938964844	9.00063766198688	-273.1499938964844	235
DATA	2026-02-19T220000_AIU-0547.ghg	2026-02-19	22:30:00	50.937	0	18000	18000	0.1880151337880279	1	NaN	16.62799006035628	1	NaN	1.3623638860219422	1	NaN	0.7455824606004517	1	NaN	0.030443604497271702	1	NaN	0.02035471947467412	1	NaN	NaN	NaN	NaN	NaN	NaN	NaN	NaN	NaN	NaN	1.8910137862030332e-10	3.998511409607551e-12	1.0570160332457746e-12	NaN	17.724391625833675	431.32181235650745	435.29176676066015	0.3	0	374.7787703153172	9.120214778460277	9.204158682499704	0.1	1	0.09907366231132181	2.256123221071955	2.2768889372059737	0.8	0	NaN	NaN	NaN	NaN	9	285.013922021654	280.2216334175388	94642.32458517236	1.1725760267183516	1010.2241512947439	0.02461649870124198	0.001972745571423206	0.006676265179639357	863.3898604335529	1003.9039023315703	0.005693673610506938	86.00323780277445	140.51404189801735	278.0065474184063	0.8031972071768559	0.4817964564453663	0.1060513486215663	0.9426030275807664	4.376659562064124e-14	1.0668991219122243e-14	0.9426030275807664	4.852244081196927	301.04263610122126	30.95736389877874	6.45997023845084	NaN	0.4004293467468817	0.7095096441177073	-323.7315819559246	-0.008958038577758624	12.205248708485266	0.03505541395387109	0	111.23702163351348	-16.880647188061737	38.18406990191495	95.08373303087346	145.00869229514564	203.3767527744947	304.6954357527672	0.18549967490950067	1.0135604489859857	16.49737219619943	1.0154318098451034	1.2544765828957944	1.0860018469831494	0.686538851357976	1.0860018469831494	0.028032737312410915	1.0860018469831494	0.013443263051590238	1.1487379191645335	NaN	NaN	800000009	800000009	800000009	800000019	800000019	800000019	899999999	899999999	89999	89999	89	89	30	83	8	36	4	0	0	NaN	0	0	18000	0	0	0	0	0	0	NaN	NaN	NaN	NaN	0	0	0	0	0	0	101	0	17105	0	0	16	18000	18000	18000	18000	93	NaN	0.9066085435477518	0.44720055331200115	0.06521019137566177	2.4712371902693855	0.4842210770928469	0.015553392320653118	3.138927738005973e-7	NaN	0.013926949950963108	0.01705577681585045	0.0006964210549659657	0.000013443263051590238	NaN	431.321556758144	9.120197432260664	95045.5359110243	11.40999984741211	4.852396602763075	95.54071813795301	95.025086956448	96.05635065121119	-1.031262448297604	0.00027065286643078765	-1	0	2.2473371675875446	50.99926586903554	1.0001127064029376	-273.1499938964844	9.000614337497288	-273.1499938964844	153
DATA	2026-02-19T223000_AIU-0547.ghg	2026-02-19	23:00:00	50.958	0	18000	18000	0.05768449688727243	1	NaN	6.693112016366058	0	NaN	-1.63209534105673	0	NaN	-0.8986031052741229	1	NaN	-0.03658157564528705	0	NaN	NaN	NaN	NaN	NaN	NaN	NaN	NaN	NaN	NaN	NaN	NaN	NaN	1.1665431892396313e-10	2.356411570921849e-12	NaN	NaN	17.756771214745363	431.5910590525482	435.38681284120264	0.3	0	358.68591526312326	8.71811841034997	8.794792452343955	-0.4	0	NaN	NaN	NaN	NaN	0	NaN	NaN	NaN	NaN	9	284.171324573093	283.3870167991222	95190.39979105805	1.166390684106402	1010.0441811632611	0.02481973389844542	-0.002370486101814601	0.006329660788832367	827.8063503017798	1243.6834066371903	0.005426707256052599	66.56085832487666	415.87705633541043	277.40496975935594	0.4267176667464427	0.38883949147168057	0.07551790388852894	0.5822259621909487	-2.5136493265711903e-14	6.569568167161632e-15	0.5822259621909487	4.344848625558027	289.65916507283475	42.34083492716521	7.452574064629864	NaN	0.22238604611456653	0.7256738216286326	-138.33381824425538	-0.020963781935661483	-4.100932003171138	0.0255467787454895	0	71.69319442607011	-10.879718848270445	24.609953658017357	61.28226429325014	93.45931972574412	131.07802478245932	196.37876666753507	0.05658955529387845	1.0193488283784486	6.49727885205027	1.019056354013983	-1.4994628899307565	1.0884533068584967	-0.8255780010147417	1.0884533068584967	-0.03360876889691218	1.0884533068584967	NaN	1	NaN	NaN	800000009	800000009	800000009	800000019	800000009	800100019	899999999	899999999	89999	89999	89	89	10	3	1	29	5	0	0	NaN	0	0	18000	0	0	0	0	0	0	NaN	NaN	NaN	NaN	0	3670	0	0	0	0	0	0	17802	0	0	0	18000	18000	18000	18000	93	NaN	1.0022596371339512	0.38877551099795243	0.06031249512536153	0.1525211358143347	0.41936742005596594	0.018256120033101512	NaN	NaN	0.005515020016238132	-0.02067038259670087	-0.0008414784682360622	NaN	NaN	431.5909359026811	8.718098632227868	95037.94255555555	11.380830107053121	4.206557806266736	95.87256714163884	95.39154980256818	96.35358848826093	-0.9620364610519592	0.00026998980427257876	-1	0	2.2117347920470722	37.30583798142001	1.0001064194523626	-273.1499938964844	9.000655322233836	-273.1499938964844	243
DATA	2026-02-19T230000_AIU-0547.ghg	2026-02-19	23:30:00	50.979	0	18000	17848	1.313060045469777	1	NaN	-45.20504387030628	1	NaN	5.515879492936032	1	NaN	0.15058993207209082	2	NaN	0.12370262572969598	1	NaN	NaN	NaN	NaN	NaN	NaN	NaN	NaN	NaN	NaN	NaN	NaN	NaN	2.1164631100761672e-10	4.159576673741866e-12	NaN	NaN	17.76064921249217	431.4388624946092	435.1284273627519	0.1	0	349.0577361026415	8.479254942051492	8.551767559392749	-0.2	0	NaN	NaN	NaN	NaN	0	NaN	NaN	NaN	NaN	9	284.74604187427303	283.98163311801926	95185.75647017456	1.1639960652745074	1009.9243715213252	0.024871143329984448	0.008015930147284299	0.006143512368791888	805.1476651876674	1294.0081429617846	0.005277949429616888	62.22122090706545	488.86047777411727	277.0098788198872	-0.07718823648031829	0.4547916713297007	0.03652877965982713	0.47152403571559715	4.4241715498619354e-14	1.1916586408268945e-14	0.47152403571559715	18.44261560161771	232.3674258853569	98.76591499469642	4.443133122753197	NaN	1.0621027594121106	2.6955910225819673	2231.0992361575322	0.0012998077149604826	-8.195437178821361	-0.03620595380019809	0	133.24853575441455	-20.220979376873448	45.739910408042384	113.89884423703775	173.70292404672963	243.6208207998658	364.98838308412144	1.2960722801909552	1.0131071125727023	-44.372740985863544	1.0146401308166337	5.052881420290114	1.0916305042874597	0.1379495456389664	1.0916305042874597	0.11331913613978792	1.0916305042874597	NaN	1	NaN	NaN	800000009	800000019	800000009	811110019	811110009	811110119	899999999	899999999	89999	89999	89	89	24	33	0	42	3	0	0	NaN	0	0	18000	0	0	0	0	0	0	NaN	NaN	NaN	NaN	0	8579	0	0	0	0	101	0	17701	0	0	16	18000	18000	18000	18000	93	NaN	3.20035872202982	1.8987014889738136	0.29212183416030046	15.567115580880534	0.25940795061092614	0.0028224997262868232	NaN	NaN	-0.037746430759814716	0.003460231982782532	0.0028424196492708356	NaN	NaN	431.438798855355	8.479250273581073	95037.28107552083	11.38611662944158	3.8121862899197563	96.16566651746962	95.71648998938666	96.61484392759535	-0.8983520876202324	0.00027043108331498736	-1	0	2.16515736058023	11.132782064848271	1.0001110491802294	-273.1499938964844	9.000647574239308	-273.1499938964844	189
