DATAH	filename	date	time	DOY	daytime	file_records	used_records	Tau	qc_Tau	rand_err_Tau	H	qc_H	rand_err_H	LE	qc_LE	rand_err_LE	co2_flux	qc_co2_flux	rand_err_co2_flux	h2o_flux	qc_h2o_flux	rand_err_h2o_flux	ch4_flux	qc_ch4_flux	rand_err_ch4_flux	none_flux	qc_none_flux	rand_err_none_flux	H_strg	LE_strg	co2_strg	h2o_strg	ch4_strg	none_strg	co2_v-adv	h2o_v-adv	ch4_v-adv	none_v-adv	co2_molar_density	co2_mole_fraction	co2_mixing_ratio	co2_time_lag	co2_def_timelag	h2o_molar_density	h2o_mole_fraction	h2o_mixing_ratio	h2o_time_lag	h2o_def_timelag	ch4_molar_density	ch4_mole_fraction	ch4_mixing_ratio	ch4_time_lag	ch4_def_timelag	none_molar_density	none_mole_fraction	none_mixing_ratio	none_time_lag	none_def_timelag	sonic_temperature	air_temperature	air_pressure	air_density	air_heat_capacity	air_molar_volume	ET	water_vapor_density	e	es	specific_humidity	RH	VPD	Tdew	u_unrot	v_unrot	w_unrot	u_rot	v_rot	w_rot	wind_speed	max_wind_speed	wind_dir	yaw	pitch	roll	u*	TKE	L	(z-d)/L	bowen_ratio	T*	model	x_peak	x_offset	x_10%	x_30%	x_50%	x_70%	x_90%	un_Tau	Tau_scf	un_H	H_scf	un_LE	LE_scf	un_co2_flux	co2_scf	un_h2o_flux	h2o_scf	un_ch4_flux	ch4_scf	un_none_flux	un_none_scf	spikes_hf	amplitude_resolution_hf	drop_out_hf	absolute_limits_hf	skewness_kurtosis_hf	skewness_kurtosis_sf	discontinuities_hf	discontinuities_sf	timelag_hf	timelag_sf	attack_angle_hf	non_steady_wind_hf	u_spikes	v_spikes	w_spikes	ts_spikes	co2_spikes	h2o_spikes	ch4_spikes	none_spikes	head_detect_LI-7200	t_out_LI-7200	t_in_LI-7200	aux_in_LI-7200	delta_p_LI-7200	chopper_LI-7200	detector_LI-7200	pll_LI-7200	sync_LI-7200	chopper_LI-7500	detector_LI-7500	pll_LI-7500	sync_LI-7500	not_ready_LI-7700	no_signal_LI-7700	re_unlocked_LI-7700	bad_temp_LI-7700	laser_temp_unregulated_LI-7700	block_temp_unregulated_LI-7700	motor_spinning_LI-7700	pump_on_LI-7700	top_heater_on_LI-7700	bottom_heater_on_LI-7700	calibrating_LI-7700	motor_failure_LI-7700	bad_aux_tc1_LI-7700	bad_aux_tc2_LI-7700	bad_aux_tc3_LI-7700	box_connected_LI-7700	mean_value_RSSI_LI-7200	mean_value_LI-7500	u_var	v_var	w_var	ts_var	co2_var	h2o_var	ch4_var	none_var	w/ts_cov	w/co2_cov	w/h2o_cov	w/ch4_cov	w/none_cov	co2_mean	h2o_mean	air_p_mean	vin_sf_mean	dew_point_mean	avg_signal_strength_7200_mean	co2_signal_strength_7200_mean	h2o_signal_strength_7200_mean	delta_signal_strength_7200_mean	flowrate_mean	hit_power_mean	hit_vin_mean	ch4_mean	rssi_77_mean	ch4_aux-1_mean	ch4_aux-2_mean	ch4_aux-3_mean	ch4_aux-4_mean	CHK
DATAU		[yyyy-mm-dd]	[HH:MM]	[ddd.ddd]	[1=daytime]	[#]	[#]	[kg+1m-1s-2]	[#]	[kg+1m-1s-2]	[W+1m-2]	[#]	[W+1m-2]	[W+1m-2]	[#]	[W+1m-2]	[µmol+1s-1m-2]	[#]	[µmol+1s-1m-2]	[mmol+1s-1m-2]	[#]	[mmol+1s-1m-2]	[µmol+1s-1m-2]	[#]	[µmol+1s-1m-2]	[µmol+1s-1m-2]	[#]	[µmol+1s-1m-2]	[W+1m-2]	[W+1m-2]	[µmol+1s-1m-2]	[mmol+1s-1m-2]	[µmol+1s-1m-2]	[µmol+1s-1m-2]	[µmol+1s-1m-2]	[mmol+1s-1m-2]	[µmol+1s-1m-2]	[µmol+1s-1m-2]	[mmol+1m-3]	[µmol+1mol_a-1]	[µmol+1mol_d-1]	[s]	[1=default]	[mmol+1m-3]	[mmol+1mol_a-1]	[mmol+1mol_d-1]	[s]	[1=default]	[mmol+1m-3]	[µmol+1mol_a-1]	[µmol+1mol_d-1]	[s]	[1=default]	[mmol+1m-3]	[µmol+1mol_a-1]	[µmol+1mol_d-1]	[s]	[1=default]	[K]	[K]	[Pa]	[kg+1m-3]	[J+1kg-1K-1]	[m+3mol-1]	[mm]	[kg+1m-3]	[Pa]	[Pa]	[kg+1kg-1]	[%]	[Pa]	[K]	[m+1s-1]	[m+1s-1]	[m+1s-1]	[m+1s-1]	[m+1s-1]	[m+1s-1]	[m+1s-1]	[m+1s-1]	[deg_from_north]	[deg]	[deg]	[deg]	[m+1s-1]	[m+2s-2]	[m]	[#]	[#]	[K]	[0=KJ/1=KM/2=HS]	[m]	[m]	[m]	[m]	[m]	[m]	[m]	[kg+1m-1s-2]	[#]	[W+1m-2]	[#]	[W+1m-2]	[#]	[µmol+1s-1m-2]	[#]	[mmol+1s-1m-2]	[#]	[µmol+1s-1m-2]	[#]	[µmol+1s-1m-2]	[#]	8u/v/w/ts/co2/h2o/ch4/none	8u/v/w/ts/co2/h2o/ch4/none	8u/v/w/ts/co2/h2o/ch4/none	8u/v/w/ts/co2/h2o/ch4/none	8u/v/w/ts/co2/h2o/ch4/none	8u/v/w/ts/co2/h2o/ch4/none	8u/v/w/ts/co2/h2o/ch4/none	8u/v/w/ts/co2/h2o/ch4/none	8co2/h2o/ch4/none	8co2/h2o/ch4/none	8aa	8U	[#]	[#]	[#]	[#]	[#]	[#]	[#]	[#]	[#_flagged_recs]	[#_flagged_recs]	[#_flagged_recs]	[#_flagged_recs]	[#_flagged_recs]	[#_flagged_recs]	[#_flagged_recs]	[#_flagged_recs]	[#_flagged_recs]	[#_flagged_recs]	[#_flagged_recs]	[#_flagged_recs]	[#_flagged_recs]	[#_flagged_recs]	[#_flagged_recs]	[#_flagged_recs]	[#_flagged_recs]	[#_flagged_recs]	[#_flagged_recs]	[#_flagged_recs]	[#_flagged_recs]	[#_flagged_recs]	[#_flagged_recs]	[#_flagged_recs]	[#_flagged_recs]	[#_flagged_recs]	[#_flagged_recs]	[#_flagged_recs]	[#_flagged_recs]	[#]	[#]	[m+2s-2]	[m+2s-2]	[m+2s-2]	[K+2]	--	--	--	--	[m+1s-1K+1]	--	--	--	--	--	--	--	--	--	--	--	--	--	--	--	--	--	--	--	--	--	--	207
DATA	2026-07-19T233000_AIU-0547.ghg	2026-07-20	00:00:00	201	0	18000	18000	0.014959545798742988	0	NaN	33.61400664606634	0	NaN	35.897715068004146	0	NaN	0.6325994520556087	1	NaN	0.8136021395234296	0	NaN	0.005717131159162785	0	NaN	NaN	NaN	NaN	NaN	NaN	NaN	NaN	NaN	NaN	4.7356779578719086e-11	2.5019953553831377e-12	2.5500938298181604e-13	NaN	16.32508682578722	424.4605769425951	434.19766692657424	0.2	0	862.5014576096913	22.425477439577723	22.939916008491966	0.1	1	0.087908222552349	2.152582260143974	2.2019623163930464	-0.1	0	NaN	NaN	NaN	NaN	9	296.8389406746759	294.9371330447726	95117.02682291667	1.114007167943608	1017.9917441764887	0.025779898784046625	0.05272141864111824	0.01567527916886844	2133.6169058081655	2602.011284841123	0.014071075680602743	81.99875681701522	468.39437903295766	291.69148847534774	1.744020753542572	0.4549305478220421	0.44791916172418045	1.8572026727227655	-5.4421407989454263e-14	2.900859277753671e-15	1.8572026727227655	3.4445164713066694	317.38009148888756	14.619908511112445	13.956164257916676	NaN	0.11588179431803523	0.21973880937403495	-3.9052812763475813	-0.7425841558619378	0.9363829029894639	0.2557836787405618	1	30.017102955851488	13	24	39	58	92	204	0.014825130789476929	1.0090666997259456	35.498673076580786	1.013314251671604	32.91297805200927	1.0906857170833457	0.5800015917942639	1.0906857170833457	0.7459547024225471	1.0906857170833457	-0.00760006783646891	1.14943647927244	NaN	NaN	800000009	800000009	800000009	800000009	800000009	800010009	899999999	899999999	89999	89999	89	89	11	7	1	37	10	0	0	NaN	0	0	0	0	0	0	0	0	0	NaN	NaN	NaN	NaN	0	0	0	0	0	0	0	0	14565	0	0	0	18000	18000	18000	18000	93	NaN	0.18646277338157444	0.20930768951595957	0.04370715585053588	0.11973779316991016	1.50949848148417	0.10266008352071532	7.086055607882827e-8	NaN	0.03130256157032589	0.015295482844908545	0.019671906966128035	-0.00000760006783646891	NaN	424.4603933882668	22.42536828459498	95517.51961176215	11.380000114440918	18.53568587536282	92.02277528911165	91.30399255900912	92.74156453768413	-1.4375634517769011	0.00028897927373246695	-1	0	2.1327904472086163	61.9040003369649	1.0000657447477181	-273.1499938964844	9.000817247655657	-273.1499938964844	082
DATA	2026-07-20T000000_AIU-0547.ghg	2026-07-20	00:30:00	201.02	0	18000	18000	0.3379397177085045	1	NaN	11.26889810003456	2	NaN	224.51914902281425	1	NaN	55.497873558557835	1	NaN	5.08924854047341	1	NaN	0.09566522782549523	1	NaN	NaN	NaN	NaN	NaN	NaN	NaN	NaN	NaN	NaN	1.7253805921804093e-9	9.22957014049048e-11	9.246068771309325e-12	NaN	16.43325736184988	426.8111400286508	436.7835138518983	-0.1	0	879.0634492199381	22.831387877494084	23.36483959293583	0.1	1	0.08806348488728206	2.1579461758909897	2.208366242140872	0	1	NaN	NaN	NaN	NaN	9	297.0044748331706	295.06795540618896	95162.1697673611	1.1138692829528465	1018.2264990871572	0.02577909885035488	0.3297833054226769	0.0159595034329921	2173.267208815582	2622.872295088914	0.014327985947043766	82.85829290601849	449.6050862733323	291.98584959521264	0.4117647883545036	-0.03174514661689567	0.2931045968869913	0.5064269937303737	-4.514136002467006e-14	1.0499321918890611e-13	0.5064269937303737	3.061674730237145	336.40851715019045	355.59148284980955	35.3640560131163	NaN	0.5508108730405021	0.4957127048419572	-1251.506381296376	-0.0023172075215437795	0.05019125606470869	0.018038495990848894	0	93.6106712739497	-14.205780518103028	32.13351421135832	80.01699385280415	122.03096439447029	171.15016268109724	256.41413133927193	0.3308101399201855	1.0215518719892902	24.197469286299157	1.0204823117622936	206.00270918822955	1.0898844481587173	50.92087849525476	1.0898844481587173	4.669530379180412	1.0898844481587173	0.06919248500207907	1.15511463110921	NaN	NaN	800000009	800000009	800000009	800000009	800100009	800110009	899999999	899999999	89999	89999	89	89	4	2	7	7	2	0	0	NaN	0	0	0	0	0	0	0	0	0	NaN	NaN	NaN	NaN	0	0	0	0	0	0	0	0	13800	0	0	0	18000	18000	18000	18000	93	NaN	0.49836307613372466	0.30313884963043375	0.18992348391975594	0.7727218905003181	86.74473632372941	0.33688203759059476	3.0541882611565046e-7	NaN	0.021334935017395435	1.343373672859528	0.12318962989991028	0.00006919248500207908	NaN	426.8122315389052	22.831060079132364	95568.9115	11.380000114440918	18.82808989355295	91.8716014353434	91.13513156149122	92.60807128673132	-1.4729380129509522	0.0002885311271432632	-1	0	2.1377207392387927	60.30680245706775	1.0000817431509494	-273.1499938964844	9.00087139749527	-273.1499938964844	241
DATA	2026-07-20T003000_AIU-0547.ghg	2026-07-20	01:00:00	201.041	0	18000	18000	0.14065675959487015	1	NaN	-50.422648784954596	1	NaN	-44.90348134698139	2	NaN	41.85157765414128	1	NaN	-1.019714847870315	2	NaN	-0.04355492328099247	1	NaN	NaN	NaN	NaN	NaN	NaN	NaN	NaN	NaN	NaN	-3.8160816685262787e-10	-2.349090493748878e-11	-2.1388406048985625e-12	NaN	15.563266051240907	405.95881254135526	416.3636885102074	0.1	1	958.038205371361	24.989873651282767	25.63037344531642	-0.5	0	0.08722912208555668	2.1579419393402457	2.213250797118847	-0.1	0	NaN	NaN	NaN	NaN	9	299.1934965888129	296.9653799733863	95179.03998612714	1.106037207519952	1019.4997999303164	0.02594027182306734	-0.06607752214199641	0.017359784584498703	2379.1501942183113	2942.2967364251926	0.01569547974197382	80.86030768973056	563.1465422068813	293.4425834480789	-0.049790007501292304	0.3071272773625896	0.27114176697837844	0.412703364594155	-1.9766650433445383e-15	-2.451979973844893e-14	0.412703364594155	3.619093529574818	232.7915939038078	99.20840609619219	41.070675212617196	NaN	0.35661157498489937	0.4651526152174453	75.94648408929197	0.038184782808252264	1.1229117937499122	-0.12539301322422336	0	61.47049947045197	-9.32838544934584	21.10083328568914	52.544058399725884	80.13300439045689	112.38767804225635	168.37722142361554	0.13876147427456723	1.0136585844897605	-52.59597854302862	1.0167228475940329	-40.554162249397955	1.107247169127455	37.79786376615586	1.107247169127455	-0.9209459967948095	1.107247169127455	-0.020244662707307116	1.1966350136057724	NaN	NaN	800000009	800000009	800000009	800000019	800000019	800111119	899999999	899999999	89999	89999	89	89	29	11	6	31	31	0	5	NaN	0	0	0	0	0	0	0	0	0	NaN	NaN	NaN	NaN	0	13	0	0	0	0	0	0	16035	0	0	0	18000	18000	18000	18000	93	NaN	0.3198733758432051	0.38260176865312745	0.22783008593855805	0.2931148429603062	68.58821019068967	0.36070255005799984	3.1917696670285495e-7	NaN	-0.04664398613580237	1.0056240185581922	-0.024502057044851498	-0.000020244662707307116	NaN	405.96222829741964	24.989521796970397	95593.09104383682	11.380000114440918	20.286457252078623	91.63762144003974	90.88621729914347	92.38902488623725	-1.5028065877225694	0.00029005000654595066	-1	0	2.1358152707517135	56.27295155370686	1.0000715117934678	-355.27274734497985	9.000616301986906	-318.2488707902626	195
DATA	2026-07-20T010000_AIU-0547.ghg	2026-07-20	01:30:00	201.062	0	18000	18000	0.1461876957973699	0	NaN	9.205737261401548	1	NaN	0.8202956133860545	2	NaN	2.050531583778375	0	NaN	0.01862629849864714	2	NaN	0.0208583689165456	0	NaN	NaN	NaN	NaN	NaN	NaN	NaN	NaN	NaN	NaN	-1.026785737413718e-9	-6.421597961622845e-11	-5.826176916206774e-12	NaN	15.433716714370211	403.39919812142693	413.83992418185017	0.1	1	965.2366621579843	25.22889999331068	25.88187113173293	0.1	1	0.08757383432207484	2.165766095481136	2.2218201744658552	0	1	NaN	NaN	NaN	NaN	9	299.1025815497504	296.8643283265109	95138.71103626024	1.1058439808974172	1019.6350109058953	0.02594243708815786	0.0012069841427123347	0.017524366894444903	2400.888866545896	2924.4667031040053	0.015847051841999887	82.09663881615106	523.5778365581095	293.5898767889519	0.2873539579054674	0.31396911162274294	0.19585482790559106	0.46851682338108663	2.1234644509838107e-14	-6.65287407055804e-14	0.46851682338108663	4.0774405718581574	284.46568621077324	47.53431378922675	24.710375140455763	NaN	0.3635871126125186	0.6462710536592016	-440.75823933103857	-0.0065795707061573686	11.222463111074893	0.022454919202968462	0	70.53894755685559	-10.70455743275422	24.21373805919126	60.295631429906294	91.9546423563517	128.96769337737743	193.21710566999155	0.14291470987318694	1.022901672802521	9.134891028433977	1.0213612539019525	0.7519987271576102	1.0908204811550566	1.879806640233865	1.0908204811550566	0.017075493924466816	1.0908204811550566	0.01599608880282708	1.1563521910417551	NaN	NaN	800000009	800000009	800000009	800000019	800001019	800101119	899999999	899999999	89999	89999	89	89	7	6	2	53	34	4	20	NaN	0	0	0	0	0	0	0	0	0	NaN	NaN	NaN	NaN	0	43	0	0	0	0	0	0	17565	17995	0	0	18000	18000	18000	18000	93	NaN	0.6493543992166059	0.4752950979331448	0.1678926101686524	0.021294681973434947	2.6884744758258665	0.028309590859736302	8.117266745115287e-8	NaN	0.008101487630288265	0.05002928797263731	0.000454448231290368	0.000015996088802827082	NaN	403.3976493499314	25.228856368663344	95555.53087782118	11.380000114440918	20.437787933190663	91.75656045476714	91.02190675758241	92.49122060875729	-1.469305889433562	0.00029054115684508966	-1	0	2.143304581224919	57.49345602993694	1.0000723705655998	-273.1499938964844	9.000730774614546	-273.1499938964844	054
DATA	2026-07-20T013000_AIU-0547.ghg	2026-07-20	02:00:00	201.083	0	18000	18000	0.11195905982365592	1	NaN	-5.4933474640985365	1	NaN	5.234516672609055	2	NaN	8.465850207492021	1	NaN	0.11882605168352996	2	NaN	0.018425741167563642	1	NaN	NaN	NaN	NaN	NaN	NaN	NaN	NaN	NaN	NaN	3.5470042359120136e-10	2.2037907487783524e-11	2.0077043734535294e-12	NaN	15.513283354855641	405.2238845808731	415.68969695025925	0.1	1	963.8564847052562	25.176982846025204	25.827234690795635	0.1	1	0.08780955636541316	2.168750535170515	2.224763364228153	0	1	NaN	NaN	NaN	NaN	9	298.7990865266588	296.57677031347833	95117.08195374158	1.1066864821162907	1019.599717461673	0.02592320136130149	0.007699928149092741	0.01750128127832595	2395.4035100386914	2874.2436745477553	0.015814127633382365	83.3403072693756	478.8401645090639	293.55282056570405	0.32988678910094593	0.18947403283356612	0.2644217596869116	0.4632974959325913	5.426450742078511e-14	2.2864303801953085e-14	0.4632974959325913	3.3404115136037693	302.12863021627714	29.871369783722873	34.80174596963796	NaN	0.318066052434225	0.36436887972582815	494.3921079192225	0.005865789428163412	-1.0494469322915485	-0.015306131470602365	0	69.79378743016288	-10.591476508682431	23.957948701044852	59.65867976119714	90.98325087233482	127.60530300915009	191.1759966383576	0.11050371133160748	1.013170132247243	-5.1500778009315535	1.0148771968335546	4.787428046406389	1.0933880617878455	7.742768101609916	1.0933880617878455	0.10867692435678544	1.0933880617878455	0.017879908124970954	1.1709303826302673	NaN	NaN	800000009	800000009	800000009	800000019	800000019	800101019	899999999	899999999	89999	89999	89	89	18	4	1	27	22	1	11	NaN	0	0	0	0	0	0	0	0	0	NaN	NaN	NaN	NaN	0	8	0	0	0	0	0	0	16200	18000	0	0	18000	18000	18000	18000	93	NaN	0.3448470957126964	0.2519496612694621	0.13194100246949778	0.05162248079194294	37.22990796485589	0.12092768759640575	6.070971168257989e-8	NaN	-0.00456414547296869	0.20590273682049262	0.002890035690161386	0.000017879908124970953	NaN	405.2206426646241	25.176853741942	95552.73860828993	11.380000114440918	20.40282428042091	91.73300726615058	90.99491384569805	92.4711025299496	-1.4761793291634973	0.0002903714935980841	-1	0	2.1463716082134736	59.56435631596627	1.0000428228858445	-273.1499938964844	9.000515040715536	-273.1499938964844	027
DATA	2026-07-20T020000_AIU-0547.ghg	2026-07-20	02:30:00	201.104	0	18000	18000	0.08222853406203402	1	NaN	33.80100154749287	1	NaN	43.04002579706923	1	NaN	-5.594772926839509	1	NaN	0.976794159432004	1	NaN	-0.0065054124612382745	1	NaN	NaN	NaN	NaN	NaN	NaN	NaN	NaN	NaN	NaN	-6.942611514849793e-10	-4.200547306593214e-11	-3.978734299884186e-12	NaN	15.405502947379961	402.2600528083916	412.294595004254	0.1	1	932.0922505013704	24.338282183298734	24.94541062629988	0.1	1	0.08828724299581338	2.177302113386625	2.231615808662565	0.1	0	NaN	NaN	NaN	NaN	9	298.44999579281273	296.3284306790887	95131.7784171105	1.1081397801955708	1019.1135621464318	0.025897493073910875	0.06329626153119386	0.016935069784780023	2315.9651342509164	2831.4779576123096	0.015282431050161582	81.79350745163109	515.5128233613932	293.00766826243176	0.7728385449681777	0.6391186915746594	0.3120939334523491	1.050311735537001	7.034877690772325e-14	-4.5065789403717805e-14	1.050311735537001	4.205070621459813	292.4100787863198	39.589921213680235	17.28615151770228	NaN	0.2724043265890413	0.7239603298799638	-50.47181147115164	-0.057457814876677525	0.7853387845737424	0.10987488690933372	0	63.31483425308914	-9.608270368100161	21.7339337339803	54.12056803218976	82.5372810517451	115.75971024532635	173.42914012853265	0.08120614318300645	1.0125900681765356	36.10131837444848	1.014866788897372	39.63069039223987	1.0860276561191813	-5.151593419666594	1.0860276561191813	0.8994192311110077	1.0860276561191813	-0.01944358919241944	1.1482567250974662	NaN	NaN	800000009	800000009	800000009	800000019	800000019	800001019	899999999	899999999	89999	89999	89	89	17	10	0	55	28	1	11	NaN	0	0	0	0	0	0	0	0	0	NaN	NaN	NaN	NaN	0	22	0	0	0	0	0	0	16200	605	0	0	18000	18000	18000	18000	93	NaN	0.8518444563613816	0.4726090673302404	0.12346713606830581	0.06438596793063717	11.66804053703098	0.14692716607010503	7.82859642319541e-8	NaN	0.03196729843049213	-0.13674232081624826	0.023873909105358797	-0.00001944358919241944	NaN	402.2583958564171	24.338130049496534	95533.37011501737	11.380000114440918	19.851566080199394	91.86475016318427	91.13884497621325	92.59065444903904	-1.4518100041813318	0.00028982866570651016	-1	0	2.1556246529327496	60.71585472803652	1.0000401444368892	-273.1499938964844	9.000484084818098	-273.1499938964844	152
DATA	2026-07-20T023000_AIU-0547.ghg	2026-07-20	03:00:00	201.124	0	18000	18000	0.11193760309479117	0	NaN	15.48514127840346	0	NaN	7.058535980009026	2	NaN	4.022930864541619	1	NaN	0.16017301586694002	2	NaN	0.011863827313503402	1	NaN	NaN	NaN	NaN	NaN	NaN	NaN	NaN	NaN	NaN	-1.6133175677507431e-10	-9.388877142341694e-12	-9.291377569512179e-13	NaN	15.36569715930951	400.9672838923816	410.5472930640312	0.1	1	894.2234667184565	23.33472740777623	23.892246466224996	0.1	1	0.08849373290155794	2.180208664363987	2.2322987471207703	-0.1	0	NaN	NaN	NaN	NaN	9	298.2114833518134	296.1958346311781	95114.2994641927	1.108856687476196	1018.5360949209056	0.025890661898326756	0.010379211428177713	0.01624106006806833	2220.06159890527	2808.8724139225083	0.014646671884203231	79.03746670376597	588.8108150172384	292.327249983016	0.47596232244295145	0.23465901381033238	0.2685669818324235	0.5947547468312586	4.1927375292478066e-14	-1.0499475233854217e-14	0.5947547468312586	3.9299492769037148	305.75577413485814	26.244225865141818	26.84376513877302	NaN	0.317724197595129	0.42502817742183285	-174.75730027494973	-0.016594442666700404	2.193817715495113	0.04315320299406817	0	65.89747466580378	-10.000196014620089	22.62047061354105	56.328170212751196	85.9040136684292	120.48160061068145	180.5033923369153	0.10984660659223212	1.0190356039883977	15.726900237759523	1.0188548116510234	6.4860621998111405	1.08826214775038	3.6966560610949215	1.08826214775038	0.14718238266215952	1.08826214775038	0.005469006952517307	1.1528781374813255	NaN	NaN	800000009	800000009	800000009	800000009	800000019	800001019	899999999	899999999	89999	89999	89	89	6	7	0	19	11	0	4	NaN	0	0	0	0	0	0	0	0	0	NaN	NaN	NaN	NaN	0	0	0	0	0	0	0	0	15935	0	0	0	18000	18000	18000	18000	93	NaN	0.3819073859766663	0.3161587251327155	0.1519902437342839	0.05585961729898579	11.91059190493925	0.22230986219299864	6.727440368155715e-8	NaN	0.013924874435153261	0.0979962002387683	0.003901719284836017	0.000005469006952517307	NaN	400.9661261732694	23.33450561261484	95518.38563064235	11.380000114440918	19.1705927081638	92.00539464484322	91.29245630688138	92.71833365080093	-1.4258785583045746	0.0002901489033958772	-1	0	2.159404129452175	61.9295748793991	1.0000494868324863	-273.1499938964844	9.000586414019267	-273.1499938964844	049
DATA	2026-07-20T030000_AIU-0547.ghg	2026-07-20	03:30:00	201.145	0	18000	18000	0.06048930606371698	0	NaN	11.950322865875973	1	NaN	22.35304027620276	1	NaN	2.7166290640255535	2	NaN	0.5069684711301308	1	NaN	0.0053337398141283954	2	NaN	NaN	NaN	NaN	NaN	NaN	NaN	NaN	NaN	NaN	-2.379265156614432e-10	-1.3838976104909032e-11	-1.3664495080472456e-12	NaN	15.56425344509595	405.78138059675524	415.5902413991292	0	0	905.2935143383693	23.602240440851887	24.17277201814607	0.1	1	0.08938796251459806	2.1969986038099916	2.2501061501840756	0.9	0	NaN	NaN	NaN	NaN	9	297.6500009875828	295.64834175025095	95113.31084006076	1.110785190894077	1018.6786563167971	0.025843073820076647	0.03285155692923247	0.016457499715106644	2245.4893988083827	2717.193903812547	0.014816095722216026	82.64001312742876	471.7045050041643	292.51012797115396	0.8251217746659014	0.3517038489108432	0.3334960460648984	0.9569436520022249	-1.0926954263737569e-14	-1.528672843196408e-14	0.9569436520022249	3.508825827156746	308.9141258702432	23.085874129756792	20.39567142074512	NaN	0.233358841786493	0.324579257963461	-89.72345784073387	-0.032321536304895045	0.5346173369802582	0.045257242644169964	0	69.05224743388983	-10.478944953368384	23.70340201652427	59.024822525522126	90.016578593942	126.2495313939113	189.1448037047952	0.05968836607762605	1.0134186951113604	13.170037943790238	1.0153477020792754	20.583087181081304	1.08599065240069	2.501521590466894	1.08599065240069	0.46682581476132123	1.08599065240069	-0.0004047608748924505	1.1486596235373763	NaN	NaN	800000009	800000009	800000009	800000009	800000019	800000019	899999999	899999999	89999	89999	89	89	5	0	0	6	18	0	1	NaN	0	0	0	0	0	0	0	0	0	NaN	NaN	NaN	NaN	0	0	0	0	0	0	0	0	12500	0	0	0	18000	18000	18000	18000	93	NaN	0.2817007372836727	0.294513533586089	0.07294424505716028	0.15993848616478373	16.71426996028595	0.19991281139521827	9.238355793762865e-8	NaN	0.011639109080333443	0.0662101338023184	0.012355919603298116	-4.047608748924505e-7	NaN	405.7793690448337	23.602039381559507	95514.78119748263	11.380000114440918	19.35328898557028	91.91338004557292	91.18863473171659	92.63812442694771	-1.449490895887217	0.0002896658102076293	-1	0	2.175768919964631	61.93516823281179	1.000067490807838	-323.45724600897785	9.00057249236107	-273.1499938964844	052
DATA	2026-07-20T033000_AIU-0547.ghg	2026-07-20	04:00:00	201.166	0	18000	18000	0.08547334267717652	1	NaN	-27.91475243299928	2	NaN	35.976686795904286	2	NaN	17.775697141655062	2	NaN	0.8158715094995088	2	NaN	-0.003172034453477439	2	NaN	NaN	NaN	NaN	NaN	NaN	NaN	NaN	NaN	NaN	-1.6154303607200515e-10	-9.136355574040793e-12	-9.18163947760866e-13	NaN	15.738549079448685	410.1353417343028	419.87473011467205	0.1	1	890.1218158685728	23.19593841170037	23.746766955476605	0.1	1	0.08945336615051389	2.1971779282822808	2.249353800504917	0	1	NaN	NaN	NaN	NaN	9	297.49497462972	295.5443382335247	95122.58576191626	1.1114567068554713	1018.4440516937823	0.025831463772689862	0.05286847381556817	0.016181460757270456	2207.049499799992	2700.0770135486596	0.014558786372391398	81.74024254587128	493.0275137486674	292.23295500510596	0.4147348266131679	-0.02002453115262474	0.25874361049092	0.48923840223720855	-1.1944886762489585e-14	-1.0264163186614654e-14	0.48923840223720855	3.7469210470030285	334.764250165716	357.23574983428415	31.92915037486873	NaN	0.27731225915601493	0.3323442802034062	64.45903649497913	0.044989813029952565	-0.7759122620534694	-0.08892727509029742	0	77.13788605817713	-11.70597180919744	26.47894010535055	65.93630480944032	100.55702516524586	141.03265758128262	211.29262057176868	0.08443131482748287	1.012341722402675	-25.610660076073184	1.016109666917102	32.49136345879514	1.1072692237593893	16.053636062694125	1.1072692237593893	0.7368321018888885	1.1072692237593893	0.0035022763886739423	1.1967087722566818	NaN	NaN	800000009	800000009	800000009	800000019	800000019	800100019	899999999	899999999	89999	89999	89	89	5	4	1	11	16	0	1	NaN	0	0	0	0	0	0	0	0	0	NaN	NaN	NaN	NaN	0	2	0	0	0	0	0	0	12765	0	0	0	18000	18000	18000	18000	93	NaN	0.2675269721713963	0.31906071977688394	0.07810086845853217	0.29976788080688244	80.6662698879417	0.598431640238932	1.771117428696836e-7	NaN	-0.022625128009625545	0.42453914371450596	0.019485558808960055	0.0000035022763886739424	NaN	410.1284173558218	23.195365992868787	95528.9101484375	11.380000114440918	19.071798892868806	91.94747827826603	91.22769792811079	92.66725748952231	-1.4395597483449543	0.0002896452029073973	-1	0	2.1762895652651784	61.89530632047316	1.0000760379731655	-375.6217481994704	9.000569857199986	-296.40599487304513	082
DATA	2026-07-20T040000_AIU-0547.ghg	2026-07-20	04:30:00	201.187	0	18000	18000	0.0728948018312133	1	NaN	56.74519731720771	1	NaN	-53.524486405251324	1	NaN	-12.26296501341182	1	NaN	-1.2138638689549117	1	NaN	-0.02274000528400504	1	NaN	NaN	NaN	NaN	NaN	NaN	NaN	NaN	NaN	NaN	-5.885953013977431e-10	-3.323900027900467e-11	-3.362545428326185e-12	NaN	15.668432479869352	408.4831100852981	418.1283919714156	0.1	1	884.8236306562202	23.067751607685498	23.612437449625467	0.1	1	0.0895111053029283	2.198881435270927	2.2508023856204042	0	1	NaN	NaN	NaN	NaN	9	297.53564247809504	295.584453724975	95122.874907981	1.111363585801514	1018.3714762091004	0.02583489145641091	-0.07865837870827827	0.016089902750087134	2194.8594405136487	2706.6680240335895	0.014477622765085574	81.09082536257172	511.80858351994084	292.14417390820074	0.7936375444450287	0.19944178414808914	0.31225795082224667	0.8758667735840492	-6.320829220592042e-14	-3.75656787718851e-14	0.8758667735840492	3.9005706496941497	317.89362948800465	14.106370511995317	20.8862053656691	NaN	0.25610626255467767	0.4454794970301898	-24.976587300855087	-0.11610873675687138	-1.0601726635463877	0.1957701721296044	0	71.65442788910103	-10.873835876723131	24.596646360359212	61.24912724051743	93.40878362950436	131.007147188927	196.27257911683515	0.07186837262424538	1.0142820710903595	53.13917393355121	1.0158648124030898	-49.280853689612265	1.086111185134229	-11.290708705753987	1.086111185134229	-1.1176239463963293	1.086111185134229	-0.03542474259468454	1.1491748299510858	NaN	NaN	800000009	800000009	800000009	800000009	800000019	810101019	899999999	899999999	89999	89999	89	89	22	5	3	15	14	0	7	NaN	0	0	0	0	0	0	0	0	0	NaN	NaN	NaN	NaN	0	1	0	0	0	0	0	0	10635	0	0	0	18000	18000	18000	18000	93	NaN	0.4529243601572754	0.35793696580653156	0.08009766809657272	0.28878669431853843	71.08820024828647	0.4435376987894143	3.467338600593529e-7	NaN	0.046951817608633206	-0.29858373689660317	-0.029555658821494708	-0.00003542474259468454	NaN	408.4774787148757	23.067323309241722	95522.6006504268	11.380000114440918	18.983762867026865	92.00561801232232	91.29189007123311	92.71934502580433	-1.4274524339867956	0.0002901758205617725	-1	0	2.1780693664219637	62.14037876457633	1.000068350798554	-346.5113719770774	9.000639295869403	-309.3663704172709	177
DATA	2026-07-20T043000_AIU-0547.ghg	2026-07-20	05:00:00	201.208	0	18000	18000	0.0645431794078226	1	NaN	19.610306249084353	1	NaN	-16.13379837501614	2	NaN	4.266898582981915	1	NaN	-0.3655381271703862	2	NaN	-0.01230644402031781	1	NaN	NaN	NaN	NaN	NaN	NaN	NaN	NaN	NaN	NaN	2.3800077729172456e-10	1.3234479715392229e-11	1.3348246590927841e-12	NaN	16.071410888118862	417.84131213853317	427.78073332734795	0.1	1	893.6809527131678	23.234850039889213	23.78755020164067	0.1	1	0.09013632562039216	2.2042776031815947	2.2567119673256295	0.2	0	NaN	NaN	NaN	NaN	9	296.51526836310495	294.5821029535929	95133.77678428819	1.1152018495841667	1018.4484105605728	0.025744332735885465	-0.023686870640641025	0.016263463077020812	2211.01195881878	2546.127069482	0.014583425487578851	86.83824092363945	335.1151106632201	292.2617213120048	0.6809946538868781	-0.06868381717877396	0.31420345199674143	0.7531234922716433	-5.824959289501696e-14	1.480895354792228e-14	0.7531234922716433	2.6158894294499024	337.759266901804	354.240733098196	24.657965276118997	NaN	0.2405738602734189	0.21509050033880345	-59.910536624191856	-0.048405508670222475	-1.215479814068566	0.07177007882609043	0	92.47620905978032	-14.033621500319589	31.744090044378694	79.04727261502158	120.55207832111827	169.07600393542992	253.30666357705297	0.06353071743218491	1.015936573937142	18.488596647401508	1.016885453441698	-14.847336875084277	1.0866459426869146	3.926668674095714	1.0866459426869146	-0.3363911949705824	1.0866459426869146	-0.016483315214170968	1.1503403884970578	NaN	NaN	800000009	800000009	800000009	800000009	800000019	800010019	899999999	899999999	89999	89999	89	89	1	0	2	32	2	0	0	NaN	0	0	0	0	0	0	0	0	0	NaN	NaN	NaN	NaN	0	0	0	0	0	0	0	0	12800	0	0	0	18000	18000	18000	18000	93	NaN	0.19803026838685694	0.1947991601186669	0.03735157217208305	0.06668277895077539	11.486894550838892	0.10138056727498583	1.183116026806747e-7	NaN	0.016278389359998455	0.10349479598571647	-0.008866227579766302	-0.00001648331521417097	NaN	417.8410163496632	23.23474134159813	95532.86719618055	11.380000114440918	19.10563114123874	91.82370134523177	91.08365857569375	92.56374445936414	-1.4800846766167255	0.0002890836802899785	-1	0	2.183255051235358	60.316655926280376	1.0000747325006458	-449.58875130547165	9.000504802094566	-304.31949520534226	055
DATA	2026-07-20T050000_AIU-0547.ghg	2026-07-20	05:30:00	201.229	1	18000	18000	0.22483770572621883	1	NaN	14.724394454791083	1	NaN	29.86115773691911	1	NaN	20.610090392329635	1	NaN	0.6762379699533166	1	NaN	-0.02574669883223899	1	NaN	NaN	NaN	NaN	NaN	NaN	NaN	NaN	NaN	NaN	-8.211810602227213e-10	-4.514950938607194e-11	-4.555310687923877e-12	NaN	16.289444858813837	422.7213975773767	432.7799498034923	-0.1	0	895.6130129784588	23.241724184964504	23.794755325283457	0.1	1	0.09036190172917018	2.2049035563280897	2.257368696966764	-0.1	0	NaN	NaN	NaN	NaN	9	296.0366178478665	294.098568423801	95148.80500651042	1.1172089074074358	1018.4437372060312	0.02569801583643827	0.043820220452974915	0.01629759587878899	2212.0154731077337	2471.7044332233504	0.014587778320357956	89.49352695148278	259.68896011561674	292.2689993629026	0.35320872425815303	0.2232496194404794	0.2697864459922682	0.49737462934231597	-1.5487712404621476e-13	-5.041185057809993e-14	0.49737462934231597	2.520413032478812	299.70459754079474	32.29540245920526	32.84859967394484	NaN	0.448608375626645	0.3331732143419922	-517.4314391928065	-0.005604607258739443	0.4930952304165503	0.028846865798143287	0	92.31413888432031	-14.009026725922794	31.68845659772665	78.90873746665635	120.34080347881866	168.77968796505772	252.86272825759602	0.22002857650259203	1.0218568392345626	16.26594302893133	1.020680538067097	27.393231518228202	1.090092555055021	18.90673438393437	1.090092555055021	0.6203491316562423	1.090092555055021	-0.03013142414796063	1.1553924143171779	NaN	NaN	800000009	800000009	800000009	800000009	800000019	800010019	899999999	899999999	89999	89999	89	89	0	2	0	46	5	0	3	NaN	0	0	0	0	0	0	0	0	0	NaN	NaN	NaN	NaN	0	0	0	0	0	0	0	0	14965	0	0	0	18000	18000	18000	18000	93	NaN	0.3492254918207309	0.1866687824158023	0.1304521544474512	0.05278006051702173	6.879479421929042	0.05420118893882819	5.755521250007896e-8	NaN	0.014295778657684168	0.49742978666640264	0.016321175828262688	-0.00003013142414796063	NaN	422.72113303813893	23.24165886728968	95549.91012369792	11.380000114440918	19.113867537922335	91.62326375410291	90.8564675148858	92.3900615518358	-1.5335932585663261	0.0002887427461197755	-1	0	2.1838587403231196	58.5864845365948	1.0000778421776162	-273.1499938964844	9.000792424625821	-273.1499938964844	121
DATA	2026-07-20T053000_AIU-0547.ghg	2026-07-20	06:00:00	201.249	1	18000	18000	0.04880554545187833	1	NaN	19.29940168596326	0	NaN	15.045967058387927	1	NaN	10.571795328452927	1	NaN	0.34077375477934874	1	NaN	-0.02314154122737116	1	NaN	NaN	NaN	NaN	NaN	NaN	NaN	NaN	NaN	NaN	4.1751113076913984e-10	2.284347117566964e-11	2.2943545017442024e-12	NaN	16.427490301959388	426.2702174159942	436.4494006346979	0.1	1	898.8045432707279	23.322710957789962	23.879649111797868	0.1	1	0.0902742071983237	2.204030027986733	2.256661491686922	-0.9	0	NaN	NaN	NaN	NaN	9	296.14027485063343	294.22503318277995	95190.33467035591	1.1171816079833639	1018.4925883766953	0.02569784983268288	0.022082139309701796	0.016354491188823053	2220.692178919793	2490.983009152448	0.014639062326083863	89.14923027417113	270.290830232655	292.33180729684517	0.19986354572286968	-0.1772673130221997	0.2667279841890859	0.37750888032544383	-1.0708897389671366e-13	2.541539353210522e-14	0.37750888032544383	2.0516298924268326	13.571156134639637	318.42884386536036	44.954706331850936	NaN	0.20901271024192114	0.2547869283171446	-39.939727311844045	-0.07260940910680706	1.2826959949512917	0.08115018202301012	0	73.80085567441238	-11.199564574115522	25.333445560752835	63.08386142803459	96.20686903023923	134.93150174850697	202.15197735811498	0.047515602032156344	1.0271477865070302	19.856132206838893	1.0241445165211738	13.753829222673863	1.0939474974419423	9.66389644217271	1.0939474974419423	0.31150832702319353	1.0939474974419423	-0.028103844875564065	1.1603545942973426	NaN	NaN	800000009	800000009	800000009	800000009	800000019	800000019	899999999	899999999	89999	89999	89	89	1	4	0	28	11	0	1	NaN	0	0	0	0	0	0	0	0	0	NaN	NaN	NaN	NaN	0	0	0	0	0	0	0	0	12300	0	0	0	18000	18000	18000	18000	93	NaN	0.05771334450323555	0.40230648454950774	0.049554027581545916	0.0639289599903891	10.513611842867201	0.08451580816441147	1.1979816678800435e-7	NaN	0.01745070614704054	0.25427329283421174	0.008196305551434043	-0.000028103844875564063	NaN	426.269347690981	23.32261791332042	95594.22513845486	11.380000114440918	19.176718777762524	91.63675729242962	90.87199129486083	92.40152603530883	-1.5295356411172287	0.00028869355507130323	-1	0	2.1829042415552684	59.251340200848034	1.000075295759572	-293.78161976284	9.000675588793225	-273.1499938964844	007
DATA	2026-07-20T060000_AIU-0547.ghg	2026-07-20	06:30:00	201.27	1	18000	18000	0.1706239842302228	1	NaN	13.650086617726132	1	NaN	60.11095272184541	1	NaN	30.032431092927226	1	NaN	1.361121222560243	1	NaN	0.02571367100395007	1	NaN	NaN	NaN	NaN	NaN	NaN	NaN	NaN	NaN	NaN	-5.01943900052777e-10	-2.707470153365798e-11	-2.758724153000338e-12	NaN	16.460510316804037	426.83895995843983	436.89790682239226	0.1	0	887.8749276010881	23.02356387356561	23.56614041260872	0.1	1	0.09046829212767382	2.206062822230103	2.2580512084578137	0	1	NaN	NaN	NaN	NaN	9	295.92108037991	293.98019771321617	95174.29225477431	1.1180511754148024	1018.316620615285	0.02568079368790968	0.08820065522190373	0.016155444148346146	2191.8391768400993	2453.7780851016882	0.01444964640581179	89.32507752628601	261.93890826158895	292.12211029627497	0.9680616564065968	0.1315483295096388	0.3159913918525646	1.0267905790989715	4.57976496839154e-14	-3.049382372673815e-14	1.0267905790989715	3.773053691874659	324.26156880351596	7.7384311964840355	17.923487320267917	NaN	0.39065123192244067	0.48288181703767274	-368.62543161066765	-0.007867064372983637	0.22708152174679214	0.030690339613710493	0	106.59407294358985	-16.17606181175514	36.59029586226883	91.11501032303951	138.95613975434262	194.88796177677912	291.9776799779416	0.1684701898815343	1.0127844240586599	17.04522399942428	1.0149779340092082	55.35062746831847	1.0860030946578092	27.654093474190514	1.0860030946578092	1.2533308875967073	1.0860030946578092	0.015221804773487498	1.1483411834967383	NaN	NaN	800000009	800000009	800000009	800000009	800000019	800000019	899999999	899999999	89999	89999	89	89	1	0	1	47	0	0	1	NaN	0	0	0	0	0	0	0	0	0	NaN	NaN	NaN	NaN	0	0	0	0	0	0	0	0	14135	0	0	0	18000	18000	18000	18000	93	NaN	0.6735709175905397	0.2231476245724677	0.06904509191233814	0.07736892313845131	28.12200212050359	0.07085600512273385	5.980949438233202e-8	NaN	0.014971254672950232	0.7269198439258511	0.03294525253737017	0.000015221804773487499	NaN	426.83806886264443	23.023483824124554	95571.94752647569	11.380000114440918	18.966176877127765	91.61347728517322	90.84265832646686	92.38429589716594	-1.5416379573080243	0.0002883297447535573	-1	0	2.1851977531313893	58.020528913815895	1.0000802172472079	-273.1499938964844	9.00085651673211	-273.1499938964844	129
DATA	2026-07-20T063000_AIU-0547.ghg	2026-07-20	07:00:00	201.291	1	18000	18000	0.06925709491606583	1	NaN	47.35626833995342	1	NaN	43.30907200876025	0	NaN	-4.859136951042319	2	NaN	0.9809956506618853	0	NaN	0.017199513127809894	2	NaN	NaN	NaN	NaN	NaN	NaN	NaN	NaN	NaN	NaN	-3.9154990700177806e-10	-2.1454852303650866e-11	-2.158383952027315e-12	NaN	16.37664615418223	424.7521919266357	434.8735079296664	0.1	1	897.3531041230361	23.274160919150855	23.828755202230624	0.1	1	0.09027480179443959	2.2049896822365485	2.2575318415980075	0	1	NaN	NaN	NaN	NaN	9	296.21795165422225	294.32541574350995	95201.03258246528	1.1169467804760347	1018.4665677889888	0.025703728626807452	0.06356851816289016	0.016316713930430857	2216.318496542025	2506.3790352605874	0.014608318154135142	88.42710800569695	290.0605387185624	292.30017453363297	0.011205504323498297	-0.28729486700212375	0.24832186544967713	0.3799047943805712	-2.6814376034393442e-14	-2.3909041162361867e-14	0.3799047943805712	1.7394409458067672	59.766396448450735	272.23360355154927	40.81678630640857	NaN	0.2490094877822546	0.11228769767068844	-27.525350488134972	-0.10535742319612129	1.0934491584205388	0.16717922968768978	0	78.2495368722931	-11.874669109015828	26.860533856867683	66.88652720555228	102.00617427474725	143.06510981232935	214.33760437516403	0.06743549883494757	1.027012420944297	49.09617095867736	1.0240553215996457	39.59344315692183	1.0938445498945917	-4.442255484575545	1.0938445498945917	0.8968327819125843	1.0938445498945917	-0.0022738729208722245	1.16022500604208	NaN	NaN	800000009	800000009	800000009	800000009	800000009	800000019	899999999	899999999	89999	89999	89	89	4	0	0	8	0	0	0	NaN	0	0	0	0	0	0	0	0	0	NaN	NaN	NaN	NaN	0	0	0	0	0	0	0	0	14200	0	0	0	18000	18000	18000	18000	93	NaN	0.061651726868091346	0.10216413813642351	0.06075953033686201	0.09563737905591282	33.39748853616492	0.08762828750903852	9.214057447969854e-8	NaN	0.043158700978022956	-0.11690410423848359	0.023601396494469226	-0.0000022738729208722245	NaN	424.7514418813873	23.274065133631034	95611.95650130208	11.380000114440918	19.146323119481412	91.5561850865682	90.781490910848	92.33087849171955	-1.5493889078431746	0.0002888440120538386	-1	0	2.1839001924660466	59.11082711106737	1.0000777883993255	-287.88686951531076	9.000778414249421	-273.1499938964844	129
DATA	2026-07-20T070000_AIU-0547.ghg	2026-07-20	07:30:00	201.312	1	18000	18000	0.06966208950737143	1	NaN	15.47346676367061	1	NaN	-0.9274273950618819	2	NaN	13.671472264913193	1	NaN	-0.02101453369925802	2	NaN	-0.03683189729349785	1	NaN	NaN	NaN	NaN	NaN	NaN	NaN	NaN	NaN	NaN	-1.9345207636174635e-10	-1.071790156250556e-11	-1.0767681290979784e-12	NaN	16.181606880589783	420.6442861764796	430.6813675707547	0.1	1	896.5159378543583	23.305121024596215	23.861209397395754	0.1	1	0.090067984248615	2.203581637584809	2.2561617604634767	0	0	NaN	NaN	NaN	NaN	9	296.5882425333659	294.6862802090115	95204.6681875	1.1156084251705598	1018.4908447463285	0.02573426051790389	-0.0013617417837119197	0.01631903461016701	2219.351472110035	2562.4154695198513	0.014627923420058498	86.61169503967676	343.06399740981624	292.3221164117609	0.5889893549632853	0.05700904542206809	0.27408651505663345	0.6521364192068348	1.2054393159409718e-14	-1.195505970385405e-14	0.6521364192068348	2.0325842454561034	326.47148880977204	5.52851119022792	24.852907380036207	NaN	0.24988624771942752	0.1915967595061434	-85.13715838580066	-0.034062682558168016	-16.68428908404	0.05449747185458033	0	90.66413981832946	-13.758633001921543	31.122065312265377	77.4983430818736	118.1898630514865	165.76296343221506	248.343125188214	0.06844734879995548	1.0177470819354326	15.259622982992791	1.0180296721790112	-0.8527895030343179	1.087522057626172	12.571213768992505	1.087522057626172	-0.019323317216322265	1.087522057626172	-0.03852035935537683	1.1517843632324907	NaN	NaN	800000009	800000009	800000009	800000009	800000009	800010009	899999999	899999999	89999	89999	89	89	3	0	0	39	0	0	1	NaN	0	0	0	0	0	0	0	0	0	NaN	NaN	NaN	NaN	0	0	0	0	0	0	0	0	11765	0	0	0	18000	18000	18000	18000	93	NaN	0.18252883191629568	0.15832156219869115	0.04234312489729994	0.06605634231369069	33.78670832075954	0.14239677469878728	1.5962333367610317e-7	NaN	0.0134299652461349	0.3312323713082668	-0.0005091400321973235	-0.000038520359355376826	NaN	420.6439015644773	23.30497401780211	95610.56816514758	11.380000114440918	19.166608993742216	91.81917843882243	91.08059844207763	92.55775804095798	-1.477159309645494	0.0002892893631069456	-1	0	2.1824979038370986	60.67211012225679	1.0000667903290854	-515.4403790707079	9.000497886021932	-411.83812472025755	136
DATA	2026-07-20T073000_AIU-0547.ghg	2026-07-20	08:00:00	201.333	1	18000	18000	0.08414878811786158	1	NaN	9.188483087888779	1	NaN	75.64812216854422	1	NaN	33.135392098616435	1	NaN	1.7147721924588641	1	NaN	-0.021085524117858346	1	NaN	NaN	NaN	NaN	NaN	NaN	NaN	NaN	NaN	NaN	4.3207064051887824e-10	2.43428967205534e-11	2.4160091309051485e-12	NaN	16.060720567221058	417.9658352183776	428.04555063222716	0.1	0	904.8623659224256	23.54823078749841	24.116122813203383	0.1	1	0.08980672117115719	2.201380845695169	2.2544696165285876	0	0	NaN	NaN	NaN	NaN	9	297.02856229485405	295.0870002687242	95227.04734765625	1.114251992325377	1018.6376355214422	0.025763198466896026	0.11111723807133439	0.016470747085480606	2243.0299958585388	2625.9213558289052	0.01478188704074663	85.41878037891573	382.89135997036647	292.4925193458277	0.8811386234267672	0.42469788048550355	0.33554570323327326	1.0341008085972843	-2.7664714504127278e-14	2.6902319775160515e-14	1.0341008085972843	2.461687221692679	306.2665103362803	25.733489663719705	18.93411334368271	NaN	0.27480980455565035	0.2116166695503055	-190.7338385211115	-0.015204433688776267	0.12146346564184123	0.02945835284854686	0	91.52531194310484	-13.88931919427953	31.417677835210675	78.23446006166428	119.31248789185787	167.3374607330666	250.7020090558626	0.08309162084386021	1.012722910725113	13.545840328089426	1.0149427232201467	69.65696835178417	1.0860093965976712	30.511146774996046	1.0860093965976712	1.578966257410872	1.0860093965976712	-0.02722248104879577	1.1483137295493502	NaN	NaN	800000009	800000009	800000009	800000009	800000009	800001009	899999999	899999999	89999	89999	89	89	3	2	1	32	23	0	0	NaN	0	0	0	0	0	0	0	0	0	NaN	NaN	NaN	NaN	0	0	0	0	0	0	0	0	11500	0	0	0	18000	18000	18000	18000	93	NaN	0.2587262276600014	0.11449232025512512	0.05001479118548449	0.0701890252308723	59.39374796781703	0.18965978245715212	1.4948217205180975e-7	NaN	0.011934461142071905	0.8050267710135834	0.041660515650777	-0.00002722248104879577	NaN	417.9631479380819	23.548039263874628	95633.22878537327	11.380000114440918	19.33647884167564	91.84934866756863	91.11803619893391	92.58065924750434	-1.4626241346266553	0.00028932867870187497	-1	0	2.1801152647071422	61.00425229401057	1.0000768384445045	-452.0112514071935	9.000514224017108	-345.94612195333434	161
DATA	2026-07-20T080000_AIU-0547.ghg	2026-07-20	08:30:00	201.354	1	18000	18000	0.050760305829239426	0	NaN	20.91775751793622	0	NaN	79.61180941998009	0	NaN	5.2113225464675414	0	NaN	1.8062376300490037	0	NaN	0.0036015825801872414	1	NaN	NaN	NaN	NaN	NaN	NaN	NaN	NaN	NaN	NaN	-1.5314749697568837e-10	-8.433534301583773e-12	-8.779209873996567e-13	NaN	15.513788959156347	404.7115659439162	413.9368428623915	0.1	1	854.3141345323224	22.286677490899677	22.794695518422003	0.1	1	0.0889330951552838	2.1880118024836634	2.237886865311992	0	0	NaN	NaN	NaN	NaN	9	297.75296980624734	296.0120884128147	95238.77231315104	1.111441227873836	1017.9341344409776	0.0258407835725987	0.11704419842717544	0.015541554076283064	2123.1251562975235	2777.8071792676324	0.013983244175685057	76.43169663263973	654.6820229701088	291.61279617124643	0.8851224209670417	0.5323688710047522	0.31665539566376716	1.080337426231438	-2.7369893703981183e-14	-9.871701708646723e-15	1.080337426231438	3.84082971322315	300.9746251330087	31.0253748669913	17.044111254278032	NaN	0.2137070570832596	0.3296503917908224	-39.397030322548815	-0.0736096090557412	0.26274691745275813	0.08651473466757002	0	71.94875044979875	-10.918500460812716	24.697677771182303	61.500709738640644	93.79246281304405	131.54526269924867	197.07877420878143	0.05014084651039205	1.0123543849368197	25.427882817904155	1.01473371204707	73.30238587326834	1.0860739179434085	4.798312951236055	1.0860739179434085	1.663089040448829	1.0860739179434085	-0.008554643873286492	1.1481638869144863	NaN	NaN	800000009	800000009	800000009	800000009	800001019	800011019	899999999	899999999	89999	89999	89	89	3	0	4	49	8	0	4	NaN	0	0	0	0	0	0	0	0	0	NaN	NaN	NaN	NaN	0	0	0	0	0	0	0	0	15800	0	0	0	18000	18000	18000	18000	93	NaN	0.32689735073675175	0.27719992876524735	0.055203504079645735	0.06764493990452422	33.00002336238158	0.37171913402678963	3.716367479116046e-8	NaN	0.022475223596060412	0.12681930559671584	0.04395540670203631	-0.000008554643873286492	NaN	404.7057944386332	22.286312947320138	95649.68205924479	11.380000114440918	18.45493128320905	92.14028554619684	91.44598979144627	92.83458385615879	-1.388591907650229	0.0002904251948800973	-1	0	2.1680461368560793	63.615447778119105	1.0000722385860152	-311.26399549696004	9.000639245006774	-283.04186931186666	154
DATA	2026-07-20T083000_AIU-0547.ghg	2026-07-20	09:00:00	201.374	1	18000	18000	0.09842061129849328	1	NaN	8.078712517366327	1	NaN	90.96723261686051	1	NaN	7.619754299883827	1	NaN	2.065177882275666	1	NaN	0.008158164361886884	2	NaN	NaN	NaN	NaN	NaN	NaN	NaN	NaN	NaN	NaN	4.3116423065854813e-11	2.3667545811695177e-12	2.521517462176981e-13	NaN	15.090307383055624	394.92220474191777	403.67308720605047	-0.1	0	828.3399129736	21.678141896207165	22.158496937014434	0.1	1	0.08825053395054538	2.1771239164640823	2.225365710098553	0	0	NaN	NaN	NaN	NaN	9	298.1018798836602	296.6656012943631	95250.85984293393	1.109391016022328	1017.6011082008671	0.025894546392846104	0.13382352677146317	0.015085806784811893	2065.4155326915693	2889.677312438274	0.013598277403490594	71.47564621839375	824.2617797467046	291.1737537430915	0.563711847164156	0.12680961867399795	0.2599095985804366	0.6335650917275455	3.3428998289330445e-14	2.8572262957525125e-15	0.6335650917275455	3.075231269500502	319.3220880092748	12.677911990725208	24.21950112336973	NaN	0.29785212767176483	0.28213156764287695	-276.1722280510486	-0.010500693789760622	0.08880903908985092	0.024025876000554718	0	88.74717260201557	-13.467725831139058	30.464032499875188	75.85974833753166	115.69090267724906	162.25813597545744	243.0922549948093	0.09666709102030976	1.0181397853155123	13.3190274034829	1.0182804752639496	83.62965222404391	1.0877389801067114	7.005131230229792	1.0877389801067114	1.8985969244874021	1.0877389801067114	-0.0010032103321093962	1.152112808559707	NaN	NaN	800000009	800000009	800000009	800000019	800001019	800011019	899999999	899999999	89999	89999	89	89	0	0	0	48	32	1	2	NaN	0	0	0	0	0	0	0	0	0	NaN	NaN	NaN	NaN	0	2	0	0	0	0	0	0	5235	0	0	0	18000	18000	18000	18000	93	NaN	0.32294429156910803	0.17785853843366942	0.06346030528297636	0.045431474666490626	8.300555008695298	0.44755377086338094	5.405831241491132e-8	NaN	0.01179805174515742	0.18541523150440922	0.050252989803853156	-0.0000010032103321093962	NaN	394.91974334911816	21.677710198966704	95665.82952994792	11.380000114440918	18.0152452618281	92.24070753563775	91.56699825350444	92.91441788673401	-1.347413436892959	0.00029093290984100233	-1	0	2.1578263900942263	64.51681352149109	1.0000455991178752	-273.1499938964844	9.00051495716307	-273.1499938964844	075
DATA	2026-07-20T090000_AIU-0547.ghg	2026-07-20	09:30:00	201.395	1	18000	18000	0.13626420023667662	0	NaN	20.113692329164568	0	NaN	61.58604173278571	0	NaN	-0.9306347125733178	1	NaN	1.397950565210175	0	NaN	0.012975214617604787	2	NaN	NaN	NaN	NaN	NaN	NaN	NaN	NaN	NaN	NaN	-2.2417730364636014e-12	-1.1464845752188946e-13	-1.3106193650344915e-14	NaN	15.093874650022045	395.18157258384934	403.3330641917715	0.1	1	771.928923448747	20.210323257917622	20.627205754115884	0.1	1	0.08824410004024641	2.174155755575101	2.219002513686844	0	1	NaN	NaN	NaN	NaN	9	297.92638945092096	296.5160680944674	95256.9860839165	1.1106430535607978	1016.7643668566881	0.02587982983175278	0.09058719662561933	0.014072350309692462	1925.690889005883	2863.7386127650043	0.012670452729682629	67.24394748955754	938.0477237591213	290.0644486498111	0.6316571874888001	0.3600374918139799	0.29481786544419625	0.7845606234084492	-1.6983803784810222e-14	-1.4852203880335838e-16	0.7845606234084492	4.334507924850925	302.3173462590105	29.68265374098955	22.07218892118375	NaN	0.35027055738345414	0.5691953350099389	-180.36189656471436	-0.01607878412921585	0.32659498424067285	0.050850279782325744	0	79.6719900338471	-12.090531864141065	27.348815996710716	68.10241877362868	103.8604856342119	145.66580785981742	218.23392395953354	0.1341889983638354	1.0154647690805068	23.519456474390285	1.016591358204573	56.68496396035953	1.08646168983813	-0.8565738868454453	1.08646168983813	1.286700284313249	1.08646168983813	0.0015299334266591605	1.1499892963415608	NaN	NaN	800000009	800000009	800000009	800000019	800000019	800010019	899999999	899999999	89999	89999	89	89	0	3	1	35	10	1	4	NaN	0	0	0	0	0	0	0	0	0	NaN	NaN	NaN	NaN	0	13	0	0	0	0	0	0	5000	0	0	0	18000	18000	18000	18000	93	NaN	0.5517763708537913	0.47168515779400394	0.11492914137208264	0.037595891977950595	0.7137637371410697	0.21538081655897806	2.7628474484835118e-8	NaN	0.020827275352084042	-0.022625375233997415	0.033986649830630676	0.0000015299334266591605	NaN	395.1816883444275	20.21010526727786	95661.77726475695	11.380000114440918	16.90705260806614	92.36844695027669	91.71049719958835	93.02639717716642	-1.3158995264702376	0.0002912824783318986	-1	0	2.156245100299517	64.54194529798283	1.0000428351478443	-273.1499938964844	9.00050052467982	-273.1499938964844	103
DATA	2026-07-20T093000_AIU-0547.ghg	2026-07-20	10:00:00	201.416	1	18000	18000	0.1776209613575892	0	NaN	45.28602410736853	1	NaN	47.45333055038089	1	NaN	0.6085165161561052	2	NaN	1.0772818695981383	1	NaN	0.0011657451404196656	1	NaN	NaN	NaN	NaN	NaN	NaN	NaN	NaN	NaN	NaN	6.383199246011432e-11	3.3937784691434102e-12	3.7211635587023797e-13	NaN	15.167126469398038	397.3904847831929	405.9678559048162	0.1	0	806.3960604516901	21.128202631969774	21.5842388030576	0.1	1	0.08841860661551593	2.1805293473935197	2.2275944135447365	0.2	0	NaN	NaN	NaN	NaN	9	298.0228091218736	296.642254679362	95258.53861349827	1.1098004100808476	1017.2879587939866	0.025890421386904835	0.06980786514995936	0.014705446939694913	2013.1815760834468	2885.61404118943	0.013250532984236002	69.76614153338495	872.432465105983	290.76699100369126	0.31370555165110564	0.33721767491868593	0.2463657297763617	0.5223246176684686	1.246987264626718e-13	4.208575209609083e-15	0.5223246176684686	4.340889316350001	284.9313074996659	47.06869250033412	28.142863704202462	NaN	0.4000595735565173	0.5789401747662472	-119.37468106305481	-0.02429325862213775	0.9543276221526465	0.10026531921412814	0	81.17367446018916	-12.31841826937407	27.86429566583543	69.38603603516736	105.818082949441	148.41136592885388	222.34727025313467	0.17396074581138815	1.021040468233963	47.467197084957604	1.0201500481085004	43.55354896338509	1.0895399268214467	0.5585077711941699	1.0895399268214467	0.9887493271962329	1.0895399268214467	-0.016245497077108026	1.1546519449337407	NaN	NaN	800000009	800000009	800000009	800000009	800001009	800001109	899999999	899999999	89999	89999	89	89	8	25	1	36	24	1	4	NaN	0	0	0	0	0	0	0	0	0	NaN	NaN	NaN	NaN	0	0	0	0	0	0	0	0	4900	0	0	0	18000	18000	18000	18000	93	NaN	0.5263397065578412	0.4884542356038494	0.14308640737080378	0.06025698074848535	1.9929313909098048	0.30724017248106394	2.3241502626869818e-8	NaN	0.04204407505275472	0.014772195197720226	0.026151826019766157	-0.000016245497077108026	NaN	397.3890380859375	21.127902377995543	95664.98708420139	11.380000114440918	17.60876053100154	92.29131937577989	91.62753330993651	92.95510692151387	-1.3275760638250247	0.00029144162242947567	-1	0	2.161683825433254	62.83716511786787	1.0000479662832287	-273.1499938964844	9.000523333814408	-273.1499938964844	041
DATA	2026-07-20T100000_AIU-0547.ghg	2026-07-20	10:30:00	201.437	1	18000	18000	0.2806922311218796	1	NaN	63.018681450383326	0	NaN	78.71549533892087	0	NaN	-0.6847806477750983	1	NaN	1.7880988397943751	0	NaN	-0.011057989218962186	0	NaN	NaN	NaN	NaN	NaN	NaN	NaN	NaN	NaN	NaN	1.1546279508590373e-11	6.288219917473111e-13	6.75780651542535e-14	NaN	15.085646286274807	395.95432748083726	404.6808949526736	0.1	1	821.5794652704428	21.56407080412558	22.039328443149024	0.1	1	0.08829327116751583	2.1841691913708208	2.2323068135548496	-0.1	0	NaN	NaN	NaN	NaN	9	298.5178914150662	297.28005009629993	95255.2971514757	1.1071977380541331	1017.549596739064	0.025946969989189182	0.11586880481867551	0.014976105599621004	2054.6429606696465	2998.4278733562137	0.013526134569188211	68.52400816197837	943.7849126865672	291.09060886730555	-0.8850108862087549	0.5263725822196758	0.2365977441715573	1.0565466655892282	2.4908594031676825e-15	7.653818265045354e-16	1.0565466655892282	6.576351754064113	182.74265658408717	149.25734341591283	12.940258385838614	NaN	0.5035036246873181	0.6646864894388459	-171.02904739978754	-0.016956184017216262	0.8005880059453013	0.11109280548674358	0	75.91844124554956	-11.520916354233007	26.060344162353182	64.89394172467726	98.96735569182346	138.8031235418241	207.95237230636505	0.27721597722676006	1.012539875695101	67.15671941459001	1.014838369216317	72.4796101040814	1.086036407009981	-0.6305319447442842	1.086036407009981	1.646444657152218	1.086036407009981	-0.03516352522076174	1.1482360432064693	NaN	NaN	800000009	800000009	800000009	800000009	800000009	810100109	899999999	899999999	89999	89999	89	89	36	35	4	5	4	1	0	NaN	0	0	0	0	0	0	0	0	0	NaN	NaN	NaN	NaN	0	0	0	0	0	0	0	0	6200	0	0	0	18000	18000	18000	18000	93	NaN	0.679154190345214	0.3822871166693033	0.2679316718631745	0.11233306444659523	1.6462976280741093	0.0926527130277054	1.1833570835788237e-7	NaN	0.05960856905921974	-0.01672106438401889	0.04366203385322724	-0.00003516352522076174	NaN	395.95432580625413	21.563972895221852	95662.9188233507	11.380000114440918	17.935794195175177	92.27344345834521	91.61235054694282	92.93453726980422	-1.322183555036783	0.0002915407343373064	-1	0	2.1649362020095184	58.091067707273716	1.0000342929744057	-273.1499938964844	9.000464999145931	-273.1499938964844	180
DATA	2026-07-20T103000_AIU-0547.ghg	2026-07-20	11:00:00	201.458	1	18000	18000	0.12674759021002144	1	NaN	51.70038927584665	1	NaN	28.497760265759066	0	NaN	0.9112647652547251	0	NaN	0.6469247178421554	0	NaN	-0.011992454997655532	1	NaN	NaN	NaN	NaN	NaN	NaN	NaN	NaN	NaN	NaN	2.5753161773672995e-10	1.445806883575032e-11	1.5143258882142728e-12	NaN	15.025858747260472	393.72407794030755	402.623689071305	-0.1	0	843.5659356834337	22.104042490707386	22.603675085237622	0.1	1	0.08835438185647744	2.179303328679578	2.228563593033228	0.3	0	NaN	NaN	NaN	NaN	9	298.1989355960422	296.59562124125165	95286.31462065972	1.1098855625948942	1017.8422246646184	0.025878805417300896	0.04192072171617167	0.015391547101356083	2106.777716431305	2877.5128355037373	0.013867688363628138	73.21523262857984	770.7351190724321	291.48950154145905	0.1047524022467871	0.4770055304392189	0.27483384015914253	0.5603935952014111	-8.760285725909299e-14	1.7139227918250152e-14	0.5603935952014111	4.078850017446893	254.38578419550691	77.6142158044931	29.36884923146064	NaN	0.3379331172477847	0.5068307457011763	-63.04726552544294	-0.04599723676881268	1.814191318675884	0.1354267302997186	0	72.01667262070386	-10.928807912292978	24.72099325449572	61.55876858874628	93.88100622274848	131.66944609032853	197.26482355779572	0.12427134219837827	1.0199261387850005	52.74544706875279	1.0194286704546764	26.173226946124316	1.0888134017413913	0.8369338252057661	1.0888134017413913	0.5941557265987888	1.0888134017413913	-0.02900049924967679	1.1536567689552497	NaN	NaN	800000009	800000009	800000009	800000009	800001009	800001109	899999999	899999999	89999	89999	89	89	12	3	2	37	24	3	0	NaN	0	0	0	0	0	0	0	0	0	NaN	NaN	NaN	NaN	0	0	0	0	0	0	0	0	2465	0	0	0	18000	18000	18000	18000	93	NaN	0.3230051523716913	0.5529461935273088	0.13771014550335237	0.10695245698307988	1.3559210563235733	0.1157729880667025	3.438806541409916e-8	NaN	0.04669026213638299	0.022148551454767743	0.015723690794170957	-0.00002900049924967679	NaN	393.72371048412197	22.103919079995332	95684.75987109375	11.380000114440918	18.332896598921884	92.24530221303304	91.57861352687412	92.91199886322022	-1.333369537032313	0.0002915208363265266	-1	0	2.1595924457510316	61.34067307339746	1.0000342029316558	-273.1499938964844	9.000473971949683	-273.1499938964844	210
DATA	2026-07-20T110000_AIU-0547.ghg	2026-07-20	11:30:00	201.479	1	18000	18000	0.2066698902263752	1	NaN	41.23688868588541	0	NaN	41.20797746965724	0	NaN	2.3405242625715728	0	NaN	0.935991426894648	0	NaN	0.007760846173409504	1	NaN	NaN	NaN	NaN	NaN	NaN	NaN	NaN	NaN	NaN	-2.576660624688125e-10	-1.4500499169745799e-11	-1.5250713164040177e-12	NaN	14.906337403374815	390.74400215187563	399.5295109092092	-0.1	0	838.8738938708688	21.989636603664966	22.484052753082892	0.1	1	0.0882274809057513	2.1818627544246194	2.230919871695089	0	0	NaN	NaN	NaN	NaN	9	298.5672691633437	297.1834050309924	95304.93160546875	1.1079551291553018	1017.7896722885258	0.025925025996093292	0.06065224446277319	0.015284584804161842	2096.2829674643376	2981.089645201226	0.013795310299086493	70.3193535571399	884.8066777368886	291.40990573859574	-0.7531121535922018	0.6415029667824342	0.27900613495180926	1.0278854000420623	2.2174817311931757e-14	-1.7285672227604115e-14	1.0278854000420623	6.099201970129293	192.42444678277204	139.57555321722796	15.749794952220311	NaN	0.43189434556225487	0.6026220908154697	-165.03329457266824	-0.01757221176193061	1.000701592701303	0.08466972713355268	0	72.26974433292314	-10.967212520979169	24.80786458391171	61.7750904820239	94.21091075908816	132.13214189334823	197.9580261849337	0.2040629491115964	1.0127751810219754	43.340441316165794	1.014972623225777	37.94459754340476	1.0860038091725577	2.1551713196612567	1.0860038091725577	0.8618675358125987	1.0860038091725577	-0.008617649573552103	1.1483369854454912	NaN	NaN	800000009	800000009	800000009	800000009	800001019	810001119	899999999	899999999	89999	89999	89	89	57	26	1	6	47	4	6	NaN	0	0	0	0	0	0	0	0	0	NaN	NaN	NaN	NaN	0	0	0	0	0	0	0	0	9635	0	0	0	18000	18000	18000	18000	93	NaN	0.4362400624433731	0.5460318783616882	0.22297224082587802	0.17122687422913838	23.68818767013345	0.08121479428404853	1.4747310997654292e-7	NaN	0.038433781534772976	0.05712946565478726	0.022846458347413917	-0.000008617649573552103	NaN	390.74239177524777	21.989540446989462	95714.75558007813	11.380000114440918	18.255714499049727	92.23197755432128	91.565432442983	92.89852928034466	-1.333104746510585	0.0002913484452874399	-1	0	2.1622165575435863	57.48485334218875	1.000033591573437	-273.1499938964844	9.000475406381819	-273.1499938964844	253
DATA	2026-07-20T113000_AIU-0547.ghg	2026-07-20	12:00:00	201.499	1	18000	18000	0.3009005632807248	1	NaN	37.397508837296805	0	NaN	2.144086997055482	2	NaN	7.031473273293411	1	NaN	0.048722290660408625	2	NaN	0.005963585822447518	2	NaN	NaN	NaN	NaN	NaN	NaN	NaN	NaN	NaN	NaN	1.1299222529798358e-10	6.4210984937807995e-12	6.706097950892604e-13	NaN	14.799613956286299	389.07573051419945	397.8728235981134	-0.1	0	841.0293596097812	22.110314055527976	22.610233417252214	0.1	1	0.08783583168179648	2.176872898798842	2.226092503160374	-0.1	0	NaN	NaN	NaN	NaN	9	298.9811889885796	297.6455132381486	95299.60272879743	1.1061222245991493	1017.8684137142895	0.025966790271982853	0.003157204434794479	0.015343747222278263	2107.6693540823153	3064.7905267968767	0.013871656206743993	68.7704211969461	957.1211727145615	291.4962479913617	-0.8985525709346753	0.4835413867353077	0.2993502275803412	1.0633999972595969	-4.0329700829243194e-14	7.634808964053343e-15	1.0633999972595969	5.561766520402986	180.28619042383943	151.71380957616063	16.34992546752334	NaN	0.5215668027541854	0.7174808987564072	-320.48545964308954	-0.009048772456727371	17.442160177574678	0.06368512070298275	0	74.94773689696923	-11.3736082243346	25.72713277143334	64.06419824739854	97.70194453530581	137.0283664023461	205.29346270833355	0.29718995410620375	1.012485648061963	37.240753488077246	1.0148075909560665	1.9742133214222506	1.0860462614601607	6.47437731044696	1.0860462614601607	0.0448620766806957	1.0860462614601607	-0.006471263416035571	1.1482143770348967	NaN	NaN	800000009	800000009	800000009	800000019	800001019	800001019	899999999	899999999	89999	89999	89	89	42	38	2	1	71	2	16	NaN	0	0	0	0	0	0	0	0	0	NaN	NaN	NaN	NaN	0	1	0	0	0	0	0	0	2065	0	0	0	18000	18000	18000	18000	93	NaN	0.5265099537113995	0.6115515473073918	0.29690029649402294	0.13939028929883754	28.538957007535597	0.07588434100616914	4.6738454468577254e-8	NaN	0.03307681645809933	0.171921045714826	0.0011912705679724225	-0.000006471263416035571	NaN	389.04551520171054	22.110231248317362	95707.44871788194	11.380000114440918	18.34180957264372	92.17795526801214	91.51363490655686	92.84227852990892	-1.3286391426391075	0.0002925065991164754	-1	0	2.157119858805781	57.12969006426247	1.000040073874924	-273.1499938964844	9.000487974802653	-273.1499938964844	182
DATA	2026-07-20T120000_AIU-0547.ghg	2026-07-20	12:30:00	201.52	1	18000	18000	0.40199378031192395	1	NaN	62.33803433433564	0	NaN	58.79906336659915	0	NaN	6.001135548257302	0	NaN	1.3362007224508305	0	NaN	0.0002346887996947415	0	NaN	NaN	NaN	NaN	NaN	NaN	NaN	NaN	NaN	NaN	-2.065693960162897e-10	-1.1825019089737685e-11	-1.2282169592524221e-12	NaN	14.827703423302458	390.11316604265454	399.0241499548875	0.1	0	848.8085816143528	22.331941345506074	22.842048635853143	0.1	1	0.08816231814817882	2.1855261411039253	2.23544803551395	-0.1	0	NaN	NaN	NaN	NaN	9	299.10329570685496	297.68347170003483	95306.83058859839	1.1059715873726614	1017.9954100643611	0.02596813227792057	0.08658580681481381	0.015496747537874016	2128.9574676920197	3071.756122893295	0.014011885761629721	69.30750302165099	942.7986552012753	291.6565828158059	-0.9463936848329684	0.6699079466862542	0.2753225968630851	1.1917383085512068	-1.2888633052590795e-13	-1.393131425138001e-14	1.1917383085512068	5.917715955121142	187.29289673640426	144.70710326359574	13.357487255393206	NaN	0.6028894467487405	0.9401909583378127	-296.97652256181715	-0.009765081680476444	1.06018753981967	0.09183867981999043	0	83.24130744644029	-12.632189552016792	28.574047161507732	71.15341761356176	108.51345137156939	152.19165846543953	228.01083733243138	0.3973889211931838	1.0115877893749876	65.36716462265376	1.0143154259796288	54.12451581756393	1.0863665471815322	5.524043025649712	1.0863665471815322	1.2299722648101303	1.0863665471815322	-0.02332565149300156	1.1479508218920944	NaN	NaN	800000009	800000009	800000009	800000019	800001019	800001019	899999999	899999999	89999	89999	89	89	19	23	2	0	132	4	4	NaN	0	0	0	0	0	0	0	0	0	NaN	NaN	NaN	NaN	0	2	0	0	0	0	0	0	2235	0	0	0	18000	18000	18000	18000	93	NaN	0.8337065374644337	0.7415241040053806	0.3051512752058112	0.2418155739882288	15.968000704994001	0.09781876647052716	7.647295880400795e-8	NaN	0.058059040927735256	0.14672664987549622	0.032669859560722936	-0.00002332565149300156	NaN	390.10663777694424	22.33183669392231	95712.19580447048	11.380000114440918	18.501443157725863	92.18247424613105	91.52063199742636	92.84432244088916	-1.3236874981125193	0.0002926076114494612	-1	0	2.16554034454955	56.82435503030712	1.0000375642544694	-273.1499938964844	9.000500224484338	-273.1499938964844	227
DATA	2026-07-20T123000_AIU-0547.ghg	2026-07-20	13:00:00	201.541	1	18000	18000	0.33269228273596907	1	NaN	-21.605023047055827	2	NaN	1.1426068421537723	2	NaN	-12.804226900923346	2	NaN	0.02597357072191858	2	NaN	-0.03991134740892416	1	NaN	NaN	NaN	NaN	NaN	NaN	NaN	NaN	NaN	NaN	-1.907425475142205e-10	-1.1165172725781579e-11	-1.132542775344081e-12	NaN	14.782296279143841	389.5267421417501	398.6156026869637	0.1	1	865.2861849190439	22.801065698251616	23.33308489999938	0.1	1	0.08777057385527424	2.1793966002515512	2.2302486461559905	0	0	NaN	NaN	NaN	NaN	9	299.4521758092245	298.0002596537273	95294.83182096355	1.1044591755663498	1018.2695020060411	0.025999040151682775	0.0016830873827803237	0.01580347614855222	2173.406558015572	3130.4292361831062	0.014308791577061632	69.42838805919088	957.0226781675342	291.98687578180926	-0.23511098867901856	0.19898170880700505	0.2768084720255164	0.41411813244825313	4.954100550958935e-15	-1.2903445033999001e-14	0.41411813244825313	4.089453057637249	192.24227156231336	139.75772843768664	41.94591169424835	NaN	0.5488409781671475	0.6642660175435613	646.4682556621475	0.004485912455252213	-18.908536383635813	-0.035002236928787976	0	68.36515003050835	-10.374675271566495	23.467543712383566	58.43750199940649	89.12087773391715	124.99329820205269	187.2627374677319	0.32801962907644355	1.0142450428124732	-21.367886186344528	1.0153441506987901	1.0449951057767748	1.0934087976464155	-11.710374864812414	1.0934087976464155	0.023754675083854468	1.0934087976464155	-0.029090395627598346	1.1708219218321068	NaN	NaN	800000009	800000009	800000009	800000009	800001019	810001119	899999999	899999999	89999	89999	89	89	17	16	1	12	62	2	5	NaN	0	0	0	0	0	0	0	0	0	NaN	NaN	NaN	NaN	0	0	0	0	0	0	0	0	500	0	0	0	18000	18000	18000	18000	93	NaN	0.3758959404341312	0.5389287899828743	0.4137073046701172	0.19208513874040792	18.836014728343315	0.17366330193812873	6.813734245893332e-8	NaN	-0.0189998056148374	-0.3115644125134402	0.0006320131910710896	-0.000029090395627598347	NaN	389.50388471187046	22.800869524084806	95708.01716753472	11.380000114440918	18.83208185487326	92.16385336875916	91.50386937544081	92.82383932940164	-1.3199710811177892	0.00029249568018066275	-1	0	2.1590956215229298	57.485451059023845	1.0000315618630913	-273.1499938964844	9.000414058102502	-273.1499938964844	176
DATA	2026-07-20T130000_AIU-0547.ghg	2026-07-20	13:30:00	201.562	1	18000	18000	0.20325975440865757	1	NaN	45.800770513909946	0	NaN	-26.55142811784327	2	NaN	4.692425972370025	0	NaN	-0.6034662566757615	2	NaN	-0.033422471269594564	1	NaN	NaN	NaN	NaN	NaN	NaN	NaN	NaN	NaN	NaN	1.6521024938293535e-10	9.890016140306025e-12	9.846886267937512e-13	NaN	14.778695031185833	389.36246281139483	398.6544961740518	0.1	0	884.7001498817751	23.308487554596905	23.864738515273878	0.1	1	0.08808420161833579	2.186014843241278	2.238183515865738	-0.3	0	NaN	NaN	NaN	NaN	9	299.50510910712353	297.8348554568821	95284.8674032118	1.1047431388057016	1018.5552855715063	0.02598732679964932	-0.03910461343258934	0.016162453189915927	2221.541891302198	3099.6734900569295	0.014630055279083768	71.67019037419314	878.1315987547314	292.33794652530963	-0.6963083464229765	0.05133589731472094	0.1949167041033361	0.7248953091239788	-9.211163039746023e-15	1.1178947060908326e-14	0.7248953091239788	3.1908625129802357	156.21654915696112	175.78345084303888	15.598193603608152	NaN	0.4289385128754601	0.4339191881881775	-145.57274561641242	-0.019921311422136444	-1.7249833157987688	0.09489248562308919	0	79.5753813043835	-12.0758711167261	27.315653346139875	68.01983908472769	103.7345463981726	145.48917629058403	217.96929768233588	0.19998131877658284	1.0163937094331164	43.79765103956789	1.0171723288091181	-24.429834581660565	1.086844367655906	4.317477379480373	1.086844367655906	-0.5552462474248367	1.086844367655906	-0.04313337837841088	1.150692031767952	NaN	NaN	800000009	800000009	800000009	800000009	800001019	800001019	899999999	899999999	89999	89999	89	89	6	2	0	0	72	7	26	NaN	0	0	0	0	0	0	0	0	0	NaN	NaN	NaN	NaN	0	0	0	0	0	0	0	0	1565	0	0	0	18000	18000	18000	18000	93	NaN	0.4310894483857289	0.2638746733929475	0.17287425459767858	0.13955389840521137	16.967838595648526	0.12132179022383374	9.028786612773699e-8	NaN	0.038922873898046086	0.11487804739551628	-0.014773813299174677	-0.00004313337837841088	NaN	389.324929025988	23.30835647488692	95681.37161848959	11.380000114440918	19.181073061731087	92.15047053951687	91.48652279175653	92.81441950543721	-1.3278958314988343	0.00029270850954991233	-1	0	2.165138662554599	55.24551078973376	1.0000347222636143	-273.1499938964844	9.00044446378284	-273.1499938964844	096
DATA	2026-07-20T133000_AIU-0547.ghg	2026-07-20	14:00:00	201.583	1	18000	18000	0.2631410869653063	1	NaN	66.02919974911345	0	NaN	65.65547983651128	1	NaN	-1.9606237755184257	2	NaN	1.4927772387190024	1	NaN	-0.0068483076311089556	0	NaN	NaN	NaN	NaN	NaN	NaN	NaN	NaN	NaN	NaN	-6.236298311820862e-11	-3.844886531996571e-12	-3.740855147001556e-13	NaN	14.690435144159306	387.3742380680765	396.85222713150364	0.1	1	905.7144705198589	23.882917659137856	24.467267391595435	0.1	1	0.08812084857543527	2.191281011903151	2.2448956703515113	-0.1	0	NaN	NaN	NaN	NaN	9	299.8893645104302	298.211770872328	95241.84025520833	1.1026069237195912	1018.8912004942341	0.026031969315050606	0.09673196506899134	0.01653237134628697	2275.263180115621	3170.145872006377	0.014993894007590495	71.77156105676653	894.8826918907562	292.7219694486627	-0.8678169047414971	0.2905092149164654	0.1873524390138846	0.9341320680240752	-1.2448830961274708e-15	-4.245141992475505e-15	0.9341320680240752	5.1106393958938865	170.5084155018013	161.4915844981987	11.569890490765111	NaN	0.4885218291328665	0.7887467627963528	-149.13912460845071	-0.019444931084406248	1.0056921358816167	0.12031050022033866	0	77.83978802475332	-11.812488140580493	26.719880336961012	66.53628005350662	101.47202526861018	142.31595823633438	213.21523880103294	0.2595984743526784	1.0136465078289139	69.41316068394615	1.015482819625782	60.45579115700208	1.0860081156825117	-1.80534910117707	1.0860081156825117	1.3745544044860594	1.0860081156825117	-0.0314450283472769	1.1487872746111307	NaN	NaN	800000009	800000009	800000009	800000009	800001019	800001019	899999999	899999999	89999	89999	89	89	13	2	0	2	55	1	12	NaN	0	0	0	0	0	0	0	0	0	NaN	NaN	NaN	NaN	0	0	0	0	0	0	0	0	3500	0	0	0	18000	18000	18000	18000	93	NaN	0.6097399692199077	0.7308067304333813	0.23694682593941682	0.20647682838310585	32.083149130713714	0.14268772096425	1.0068408265269305e-7	NaN	0.06178645714911195	-0.04814699148393137	0.03665809519269238	-0.0000314450283472769	NaN	387.35813035535244	23.882770153024257	95645.06457118056	11.380000114440918	19.56599894809724	92.1038388027615	91.43690275319418	92.77077863311767	-1.3338784373932413	0.0002930588656971747	-1	0	2.16984000112613	54.8234553787444	1.0000409385081794	-273.1499938964844	9.000490472687614	-273.1499938964844	020
DATA	2026-07-20T140000_AIU-0547.ghg	2026-07-20	14:30:00	201.604	1	18000	18000	0.3309746483305078	1	NaN	49.984555738207625	0	NaN	66.69319959147494	0	NaN	-2.1376995157163843	0	NaN	1.5171644191885847	0	NaN	-0.007877790512299051	0	NaN	NaN	NaN	NaN	NaN	NaN	NaN	NaN	NaN	NaN	3.329820260448708e-11	2.0783721714451386e-12	1.993308721049321e-13	NaN	14.582991430981567	385.49960784095055	395.0040810423576	-0.1	0	910.2258138849438	24.06170887228847	24.654949079295577	0.1	1	0.0872972164402831	2.1763404801735127	2.2299980438914004	-0.2	0	NaN	NaN	NaN	NaN	9	300.4616920784844	298.75008627912723	95215.22723958333	1.1002375376247298	1019.0047982960901	0.026086249955323146	0.09831225436342028	0.01662147691026252	2291.6556255641676	3273.2172519234814	0.015107171262440414	70.01232882472111	981.5616263593138	292.8375672807928	-0.8496794533522565	0.35110392635729554	0.23314923089514922	0.948465974307706	4.570774368323273e-14	2.2833588541885204e-15	0.948465974307706	5.450205908710083	174.45135720417548	157.54864279582452	14.230131644137101	NaN	0.5484715887270329	0.773496687929533	-278.7625317438211	-0.010403119751635272	0.7494700515852429	0.08128661032725618	0	82.88295589701981	-12.577808321863108	28.45103667083123	70.84710409890693	108.04630393449932	151.53647754273413	227.02925692062308	0.32656536461243624	1.0135019943811385	53.57027648363636	1.0153970829720524	61.412036455415475	1.0859955709153781	-1.9684237882430147	1.0859955709153781	1.3970263413779647	1.0859955709153781	-0.027221635631164025	1.1487051584286319	NaN	NaN	800000009	800000009	800000009	800000009	800000019	801100019	899999999	899999999	89999	89999	89	89	17	29	6	4	2	3	3	NaN	0	0	0	0	0	0	0	0	0	NaN	NaN	NaN	NaN	0	0	0	0	0	0	0	0	3335	0	0	0	18000	18000	18000	18000	93	NaN	0.7278463985988961	0.5638578895636537	0.2552890876965162	0.25845897611960983	1.277516878216844	0.09060179291556646	4.341212400959862e-7	NaN	0.04778165638463923	-0.052615144849616644	0.03734192999970846	-0.000027221635631164025	NaN	385.4990439546374	24.061603392751458	95629.5385859375	11.380000114440918	19.684116845713724	92.11400717290242	91.45032387394376	92.7776934015486	-1.327371179434987	0.00029408799773146814	-1	0	2.154897094609559	54.973036530282634	1.0000374176618125	-273.1499938964844	9.000463746839099	-273.1499938964844	193
DATA	2026-07-20T143000_AIU-0547.ghg	2026-07-20	15:00:00	201.624	1	18000	18000	0.2162261048295562	1	NaN	51.48485177743711	0	NaN	59.61510426747765	0	NaN	-2.749007360836852	1	NaN	1.356811526258889	0	NaN	-0.01629510194675204	0	NaN	NaN	NaN	NaN	NaN	NaN	NaN	NaN	NaN	NaN	1.8656525998170546e-11	1.1588934999551478e-12	1.1007369942422911e-13	NaN	14.595863589784985	386.65328321316434	396.1684035915799	0	0	906.6560109900694	24.017867886872004	24.60892171752182	0.1	1	0.08611574854700103	2.1517922752027907	2.2047455628556243	-0.1	0	NaN	NaN	NaN	NaN	9	300.8356032808092	299.25270435392383	95200.2364131001	1.0982350443829785	1018.9907239117384	0.026134252158812512	0.087921386901576	0.016560718252313113	2287.120032186692	3372.0789604366714	0.015079393374864872	67.82522174067118	1084.9589282499796	292.80565544930863	-0.7000145806910356	0.4910349045546197	0.23339913755457814	0.8863469118140249	-3.6458172796239435e-14	1.2782063824731442e-15	0.8863469118140249	4.49603641238333	187.04827071242659	144.95172928757341	15.26757084561876	NaN	0.44371735298487486	0.8097643585370433	-143.28477504999927	-0.020239414822600964	0.8636209297972174	0.10368299287214289	0	72.41680730993752	-10.9895298951137	24.85834654496962	61.90079770287373	94.40262220253321	132.40101991866138	198.36085446284397	0.21320676925352247	1.0141615371153787	54.624019457164074	1.015791971280977	54.889846870706215	1.0860861828946589	-2.5311134642281723	1.0860861828946589	1.249266906833017	1.0860861828946589	-0.03464578419169092	1.1490976962044928	NaN	NaN	800000009	800000009	800000009	800000019	800000019	801000019	899999999	899999999	89999	89999	89	89	15	42	1	3	0	6	2	NaN	0	0	0	0	0	0	0	0	0	NaN	NaN	NaN	NaN	0	3	0	0	0	0	0	0	2100	0	0	0	18000	18000	18000	18000	93	NaN	0.5926403068805924	0.792734480785701	0.23415392940779323	0.24058370666308065	1.188623589209333	0.09485585068395115	9.982150004037136e-8	NaN	0.0488110472660629	-0.06777705451408943	0.03345232540686938	-0.00003464578419169092	NaN	386.65336808194536	24.01775801174508	95605.06502604167	11.396729699611665	19.65055730554793	92.14672768190172	91.48833196258545	92.80512564998203	-1.3167924484610556	0.0002947412472114795	-1	0	2.1307975719306196	55.10130019533361	1.0000421535256836	-273.1499938964844	9.000464645147323	-273.1499938964844	028
DATA	2026-07-20T150000_AIU-0547.ghg	2026-07-20	15:30:00	201.645	1	18000	18000	0.22172935839465457	1	NaN	26.40056413877234	0	NaN	27.6163089233636	1	NaN	1.3261947871450424	0	NaN	0.6287731729346134	1	NaN	-0.005121288976798889	0	NaN	NaN	NaN	NaN	NaN	NaN	NaN	NaN	NaN	NaN	-5.143063267559536e-11	-3.2417497417948423e-12	-3.0314824660243583e-13	NaN	14.533159482162977	385.8813458223057	395.5009893051445	0.1	1	916.0467905564167	24.322678685935983	24.929019210139735	0.1	1	0.08566299081717976	2.1446107730489996	2.198073816208611	-0.1	0	NaN	NaN	NaN	NaN	9	301.34115790473095	299.6438687354194	95176.22881119791	1.0963972413749277	1019.1733596661442	0.026175014032213593	0.04074450160616295	0.016744773351060453	2315.5617902863873	3450.809455266586	0.01527254239536558	67.1019892666749	1135.2476649801988	293.0048587345333	-0.6751126641508628	0.20558289176517136	0.22171101049342964	0.739727792405704	6.832870225250397e-14	-3.5388473331430688e-15	0.739727792405704	5.575156413500704	168.93635347909878	163.06364652090122	17.440769939141482	NaN	0.44970491387359834	0.76228145188396	-290.8566996887221	-0.009970545643623168	0.95597728907346	0.0525375210339217	0	77.55422591675652	-11.769152988986317	26.621856106062303	66.29218585859047	101.09976621994481	141.79385962755313	212.43303994625572	0.21820551506200747	1.0161491946326184	27.808435170244536	1.0170187514081328	25.412157790613573	1.0867360871481826	1.220346690267044	1.0867360871481826	0.5785886567774174	1.0867360871481826	-0.014576796821987672	1.1505027438454487	NaN	NaN	800000009	800000009	800000009	800000009	800000019	801000019	899999999	899999999	89999	89999	89	89	24	32	2	1	3	0	0	NaN	0	0	0	0	0	0	0	0	0	NaN	NaN	NaN	NaN	0	0	0	0	0	0	0	0	1000	0	0	0	18000	18000	18000	18000	93	NaN	0.5450713958858416	0.7768498847656902	0.202641623116388	0.2367058235554	1.6158677647345292	0.15887229938944736	1.1179934042584238e-7	NaN	0.024886312702586264	0.032739108149693066	0.015522209188174551	-0.000014576796821987672	NaN	385.8816004516324	24.32251512228738	95581.7415950521	11.398301408290862	19.849160542276152	92.146449953715	91.48976492373149	92.80313648223877	-1.3133705064455667	0.00029524097415722087	-1	0	2.1234369455708397	54.67142073758445	1.000025834037198	-273.1499938964844	9.000396844201617	-273.1499938964844	161
DATA	2026-07-20T153000_AIU-0547.ghg	2026-07-20	16:00:00	201.666	1	18000	18000	0.26117112078359395	1	NaN	47.33092381459613	0	NaN	36.50932125216074	0	NaN	-4.535775677741663	1	NaN	0.831421064290697	0	NaN	0.017105980214565563	2	NaN	NaN	NaN	NaN	NaN	NaN	NaN	NaN	NaN	NaN	-3.5397479508835915e-11	-2.249598141899934e-12	-2.0803053140461793e-13	NaN	14.54982080814311	386.56943579684224	396.3056560431586	0	0	924.6774151477472	24.56745216186385	25.18621325104746	0.1	1	0.08550910959082349	2.1430865712264535	2.1970628066248192	0	1	NaN	NaN	NaN	NaN	9	301.51305058288574	299.8543458930122	95145.74372265625	1.095174399096122	1019.3177450238196	0.02620179247346478	0.05387608496603716	0.016896000378232797	2338.115513859052	3493.8317387256893	0.015427680186988974	66.92123973640003	1155.7162248666373	293.1613042450891	-0.716680546255879	0.6128212341096567	0.20514756980623264	0.9650214483392526	6.074128968647093e-14	-2.4328464230312015e-15	0.9650214483392526	6.6759537351013725	192.5331842314067	139.4668157685933	12.273790972244115	NaN	0.48833846621306326	0.8302085458397517	-207.70589194861853	-0.013962049765624322	1.2964065666324853	0.08682227839858898	0	80.14160316648793	-12.161797468798373	27.51001898848708	68.5038370161894	104.47267378208619	146.52441044171155	219.52026708508618	0.2577328498830132	1.01334044496905	49.16685081284156	1.0153017127802693	33.61856766804557	1.0859868157578536	-4.176639727045288	1.0859868157578536	0.7655903849168662	1.0859868157578536	-0.001407280653954721	1.1486167854842673	NaN	NaN	800000009	800000009	800000009	800000009	800000009	811000019	899999999	899999999	89999	89999	89	89	18	19	2	2	0	3	2	NaN	0	0	0	0	0	0	0	0	0	NaN	NaN	NaN	NaN	0	0	0	0	0	0	0	0	1900	0	0	0	18000	18000	18000	18000	93	NaN	0.6322222659932899	0.8080624793011943	0.22013234638501916	0.18359874176262792	1.8859252853960053	0.07662283570045327	9.475712236851827e-8	NaN	0.04404326680394301	-0.112192469844058	0.020565210740225978	-0.000001407280653954721	NaN	386.56944167830574	24.567330911243108	95549.63824999999	11.390000343322754	20.00636147536172	92.13430204857721	91.4771243854099	92.79148389116924	-1.3143594271176386	0.00029535331597758653	-1	0	2.1217267449564403	54.80453751924288	1.0000344231062466	-273.1499938964844	9.000422034952376	-273.1499938964844	243
DATA	2026-07-20T160000_AIU-0547.ghg	2026-07-20	16:30:00	201.687	1	18000	18000	0.22217867639676503	1	NaN	48.5872403622675	0	NaN	69.25117065977761	0	NaN	-1.934872067705036	0	NaN	1.577249786583134	0	NaN	0.013731771586744941	2	NaN	NaN	NaN	NaN	NaN	NaN	NaN	NaN	NaN	NaN	1.5393748297469806e-10	9.885064358203985e-12	8.930408079022917e-13	NaN	14.60444987260035	388.32517802656287	398.2561829462733	0.1	1	937.8217969859048	24.93622282582423	25.573940299671154	0.1	1	0.08472510697956032	2.125094615263957	2.1794416580858695	-0.1	0	NaN	NaN	NaN	NaN	9	301.7340290561252	299.9871407674153	95119.2869516059	1.0942311687621094	1019.5313338720069	0.026220687394442072	0.10220578617058708	0.017137260219795402	2372.551975745737	3521.215258914724	0.01566146232078417	67.37878264440393	1148.6632831689872	293.3976430597729	-0.7124081125529013	0.4705746499466468	0.21914494491368433	0.8814705479394962	-3.996081817025657e-14	1.0540450637822567e-14	0.8814705479394962	6.007430044054251	185.44639093484406	146.55360906515594	14.395445644101452	NaN	0.4506056645505394	0.5977043965095374	-158.94333671001203	-0.018245495910853907	0.7016089388722476	0.0966531309255031	0	76.40739165572278	-11.595116465359549	26.228185015753013	65.31188918123016	99.60475193396658	139.69708083435583	209.29168323092452	0.21906421221619662	1.0142171290739845	52.354113570937336	1.0158256612839625	63.76151138508263	1.0860967557927008	-1.7814914347044948	1.0860967557927008	1.4522184862176108	1.0860967557927008	-0.006796804185639603	1.1491328691122102	NaN	NaN	800000009	800000009	800000009	800000009	800000019	800000019	899999999	899999999	89999	89999	89	89	27	24	2	5	1	5	1	NaN	0	0	0	0	0	0	0	0	0	NaN	NaN	NaN	NaN	0	0	0	0	0	0	0	0	1465	0	0	0	18000	18000	18000	18000	93	NaN	0.45919545105010223	0.5250386273465503	0.21117471462242243	0.14273515639892298	2.2225358961420336	0.15565844680183943	1.5898422000768126e-7	NaN	0.046928983970868324	-0.047906866752671924	0.039052243619983586	-0.000006796804185639602	NaN	388.3253557981003	24.936061486011535	95520.77521744792	11.395031089782716	20.241348460303403	92.1175070116255	91.45866308403015	92.7763488966624	-1.3176837650835518	0.00029583319494203247	-1	0	2.103625575946436	55.27957245731355	1.0000343446234863	-273.3518689049614	9.000383646435207	-273.1499938964844	127
DATA	2026-07-20T163000_AIU-0547.ghg	2026-07-20	17:00:00	201.708	1	18000	18000	0.273942596348827	1	NaN	53.92669710886583	0	NaN	71.67569594347148	0	NaN	-2.5705244211961467	0	NaN	1.632915568365602	0	NaN	-0.0011176092449200533	0	NaN	NaN	NaN	NaN	NaN	NaN	NaN	NaN	NaN	NaN	-8.392473921454652e-11	-5.490851202282728e-12	-4.866098281395058e-13	NaN	14.568744941620293	387.9564067004713	398.06012615663974	0.1	0	953.1731814375523	25.382395251999124	26.043440143441742	0.1	1	0.0844720464859231	2.1218879372313326	2.177149198715708	-0.2	0	NaN	NaN	NaN	NaN	9	302.0104201380412	300.2675077412923	95094.99905208334	1.0927441726198899	1019.7926236832204	0.026251896358859186	0.10581292883009101	0.01742315160876125	2414.3863123240994	3579.6442634038954	0.015944401302080316	67.44766056804347	1165.257951079796	293.6807437235564	-0.8477077856560857	0.5491170597175451	0.20368313385211306	1.0303518108639274	-1.2820915733047496e-14	-5.760601860410677e-15	1.0303518108639274	4.916435714816681	184.9338311733069	147.0661688266931	11.401505273412655	NaN	0.5006918637892852	0.6812189537499393	-196.4447947627006	-0.014762417113179875	0.7523707499316956	0.0966502366706246	0	80.90861067000152	-12.278193816590449	27.773307844115994	69.15946349400937	105.47254552830671	147.92674478263095	221.6212194665576	0.270492673740304	1.0127542182966303	57.85818126677083	1.0149607075443194	65.99939651043964	1.0860053232779787	-2.3669537948831803	1.0860053232779787	1.5035981255016682	1.0860053232779787	-0.022078293998852687	1.1483276401256488	NaN	NaN	800000009	800000009	800000009	800000009	800001009	800001109	899999999	899999999	89999	89999	89	89	15	28	2	2	6	2	1	NaN	0	0	0	0	0	0	0	0	0	NaN	NaN	NaN	NaN	0	0	0	0	0	0	0	0	2435	0	0	0	18000	18000	18000	18000	93	NaN	0.6364240702010434	0.5000487899513795	0.22596504734745562	0.1572288579807988	1.1662702415779713	0.12830269717980144	8.802606857138228e-8	NaN	0.05191996754080292	-0.06375573300895496	0.040500579626642344	-0.000022078293998852686	NaN	387.9564132503914	25.38226253071441	95499.3138671875	11.399999618530273	20.525474501609814	92.08848903444078	91.42701139407687	92.74996814897325	-1.3229554401669237	0.00029591650129683934	-1	0	2.1000787904620166	54.959996854464144	1.0000309608777365	-273.1499938964844	9.000374446286095	-273.1499938964844	100
DATA	2026-07-20T170000_AIU-0547.ghg	2026-07-20	17:30:00	201.729	1	18000	18000	0.199546912203825	1	NaN	56.327287253108615	0	NaN	38.17428598290064	0	NaN	-0.48407478405860205	0	NaN	0.8697622061657974	0	NaN	-0.0131239713738757	0	NaN	NaN	NaN	NaN	NaN	NaN	NaN	NaN	NaN	NaN	-8.844765221253495e-11	-5.870043902314373e-12	-5.11970954660641e-13	NaN	14.547610342075894	387.28797582445685	397.5051745403024	0.1	0	965.4875991117124	25.703309969892445	26.38139925231416	0.1	1	0.0842074805667716	2.116355784979321	2.1721882119028053	-0.1	0	NaN	NaN	NaN	NaN	9	302.1728239101834	300.35695674981014	95106.89446289063	1.0924215304627223	1019.9783047198309	0.026256432328281745	0.05636059095954367	0.017640387993402697	2445.2177165291655	3598.462430388225	0.016147968070466968	67.95173671621076	1153.2447138590596	293.8866479543811	-0.8979244202301195	0.2654956792683002	0.19985936448046818	0.9574445079096061	-5.627467422779998e-15	-6.0798749851526326e-15	0.9574445079096061	4.210343184140088	168.47174124218427	163.52825875781573	12.048669975623934	NaN	0.4273929759621497	0.45712956528267185	-116.99321877827086	-0.024787761464159466	1.475529556160899	0.11827971521582567	0	79.96600258880517	-12.13514940366365	27.449740992595153	68.3537362835083	104.24376069396035	146.2033565807757	219.03926989773103	0.19690565548027175	1.0134138184965331	58.22405825659643	1.0153448150868702	35.15160542214901	1.0859898296095187	-0.44574522786521603	1.0859898296095187	0.8008935097288444	1.0859898296095187	-0.03154972261652445	1.1486569999058047	NaN	NaN	800000009	800000009	800000009	800000009	800000009	800000019	899999999	899999999	89999	89999	89	89	12	22	0	1	3	4	3	NaN	0	0	0	0	0	0	0	0	0	NaN	NaN	NaN	NaN	0	0	0	0	0	0	0	0	3500	0	0	0	18000	18000	18000	18000	93	NaN	0.4405083674353854	0.3042083532235387	0.16954240990641967	0.14851604845423053	0.8527604843251149	0.08687478329838975	1.0068056867046069e-7	NaN	0.05225421014293664	-0.012012523857361243	0.021583523033773533	-0.00003154972261652445	NaN	387.287951099958	25.70321163992611	95513.46149262153	11.391635224819183	20.73214612817764	92.08690019755893	91.42483072895473	92.74897142918904	-1.3241421175797776	0.0002959295644767634	-1	0	2.0943645115892098	54.35622684309218	1.0000280598451694	-273.1499938964844	9.000382016897202	-273.1499938964844	126
DATA	2026-07-20T173000_AIU-0547.ghg	2026-07-20	18:00:00	201.749	1	18000	18000	0.24688355891117225	1	NaN	42.975925077200955	0	NaN	31.86327915563654	0	NaN	1.00142089597048	2	NaN	0.7259499943030987	0	NaN	-0.023752251361675723	1	NaN	NaN	NaN	NaN	NaN	NaN	NaN	NaN	NaN	NaN	1.5008510970226226e-10	9.92865257036444e-12	8.608767299741739e-13	NaN	14.601904471557301	389.09567065163446	399.3756122335843	0.1	1	965.9668214345058	25.740033359717067	26.420087287873567	0.1	1	0.08375540916621683	2.104805658054144	2.1604148072639444	0	0	NaN	NaN	NaN	NaN	9	302.06332589382595	300.32531340789797	95066.78040104167	1.0920605095821745	1019.9984862481544	0.026264744058229456	0.04704155963084079	0.01766000110494348	2447.678486697887	3591.795519957253	0.016171266106582545	68.14637618143188	1144.117033259366	293.9029837782894	-0.6648213335408869	0.617051470591107	0.25178959890904823	0.9413489921428917	-7.858304490665696e-14	1.0278461278431827e-14	0.9413489921428917	4.7904572101830825	194.86582132807513	137.13417867192487	15.514213569753808	NaN	0.4754695764814981	0.705513242371236	-211.06296655488953	-0.013739975550120107	1.3487602725157248	0.08114397349764803	0	75.66884325746652	-11.483038896586207	25.974665250023616	64.68058911854473	98.6419795057308	138.34677881441297	207.2686847478062	0.24357741412379555	1.0135732814114546	44.582961291677314	1.0154392997113026	29.34000696267457	1.0860010768290544	0.9221177744081667	1.0860010768290544	0.6684615787147781	1.0860010768290544	-0.03667206225813732	1.148745064170124	NaN	NaN	800000009	800000009	800000009	800000009	800001019	800001119	899999999	899999999	89999	89999	89	89	24	34	0	5	11	4	2	NaN	0	0	0	0	0	0	0	0	0	NaN	NaN	NaN	NaN	0	0	0	0	0	0	0	0	2400	0	0	0	18000	18000	18000	18000	93	NaN	0.6163027589221168	0.5538220690108157	0.24090165680953968	0.08690909294652224	1.3413376412614102	0.09443231402726808	1.0299851582020413e-7	NaN	0.040024202014054794	0.02485923655498374	0.018020956730667028	-0.00003667206225813732	NaN	389.0957740305978	25.739923618165545	95467.2699609375	11.390000343322754	20.747424272484235	92.10416349156698	91.44461585595873	92.763709526062	-1.319093743595812	0.0002963454464980815	-1	0	2.082900752080812	54.91404925065562	1.0000126560148266	-273.1499938964844	9.000256795591778	-273.1499938964844	186
DATA	2026-07-20T180000_AIU-0547.ghg	2026-07-20	18:30:00	201.77	1	18000	18000	0.1229121074490722	1	NaN	30.684905325613002	0	NaN	20.390372643334675	0	NaN	2.022586839685158	1	NaN	0.46459796313973645	0	NaN	-0.004672306375822122	0	NaN	NaN	NaN	NaN	NaN	NaN	NaN	NaN	NaN	NaN	1.3483215019841085e-10	8.840654815310677e-12	7.698023333216381e-13	NaN	14.653736961474396	390.5470598347649	400.81075421631283	0.3	0	960.8140939688251	25.607332821236398	26.280301241776932	0.1	1	0.08366313885987019	2.1032147071711518	2.1584878232517455	0.1	0	NaN	NaN	NaN	NaN	9	302.2057392188178	300.41026751963295	95053.22171614584	1.0916512856620182	1019.9243472716682	0.026275921205666842	0.03010594801145492	0.017561483067831642	2434.7123949061247	3609.7188099722416	0.016087081377073358	67.44881036661266	1175.006415066117	293.816746010326	-0.5520019040866749	0.616071935328451	0.21945624234425576	0.8558105946519295	4.457186478611937e-15	9.20121267038525e-15	0.8558105946519295	3.4378228874393657	200.13958534516803	131.86041465483197	14.858386571071772	NaN	0.33554855064220845	0.47599404460489414	-103.88589730471216	-0.027915242349920568	1.5048722189804347	0.08213297056469268	0	71.56883367360112	-10.860846624296421	24.567264636002943	61.17596259248869	93.29720292484862	130.85065366411828	196.03812329981778	0.12115289051403944	1.0145206352697702	31.672889722943964	1.016009909687516	18.772790740314107	1.086166299161203	1.8621336725758382	1.086166299161203	0.42774109590633064	1.086166299161203	-0.01484229947803755	1.149330348091802	NaN	NaN	800000009	800000009	800000009	800000009	800001019	800001019	899999999	899999999	89999	89999	89	89	8	28	1	0	38	3	15	NaN	0	0	0	0	0	0	0	0	0	NaN	NaN	NaN	NaN	0	0	0	0	0	0	0	0	2600	0	0	0	18000	18000	18000	18000	93	NaN	0.27597853880522305	0.5381020321916532	0.13790751821291208	0.08791192127781615	1.8656737416094757	0.0706536926721574	6.920287429843314e-8	NaN	0.028446955858268563	0.05021550780117208	0.011534744607595546	-0.000014842299478037551	NaN	390.5445605226617	25.60724308080254	95457.09318815105	11.390000343322754	20.662037215974603	92.12380827034845	91.46851865641275	92.77909398375617	-1.3105768115123115	0.0002968649435917744	-1	0	2.0814815582421082	54.53268339671039	1.0000096490350034	-273.1499938964844	9.000214875751071	-273.1499938964844	247
DATA	2026-07-20T183000_AIU-0547.ghg	2026-07-20	19:00:00	201.791	1	18000	18000	0.14256520272634327	1	NaN	-27.821095535208663	2	NaN	76.12453777614026	2	NaN	19.945419472007675	2	NaN	1.733417419007583	2	NaN	0.019358975110086492	2	NaN	NaN	NaN	NaN	NaN	NaN	NaN	NaN	NaN	NaN	-5.403033340718931e-10	-3.605800683901048e-11	-3.037723845273926e-12	NaN	14.853686575276107	394.4413653306964	405.10522363943323	0.3	0	991.284521750809	26.32367515020811	27.03534478387265	0.1	1	0.08351123351376091	2.093804720991221	2.150411453533319	0	1	NaN	NaN	NaN	NaN	9	301.8930516679552	299.76253742133224	95065.36631814236	1.0938506446808618	1020.3209669952714	0.02621591682275291	0.11232544875169137	0.01809407000874165	2503.1410820329766	3475.008637443487	0.01654162759489045	72.03265784900324	971.8675554105102	294.2674091600875	-0.3031365870949324	0.43275359731453733	0.2749457720089772	0.5956195463295346	-7.299057510733193e-14	-3.63750326448402e-14	0.5956195463295346	3.3920252579606274	206.9894066032619	125.0105933967381	27.491245544660632	NaN	0.3610170843532138	0.28559270684435567	142.72957776990222	0.0203181431999691	-0.36546817028987777	-0.069048084454901	0	80.46541953964702	-12.210937852716826	27.62117467070975	68.78063038160263	104.89480112895332	147.1164500477816	220.40725029872036	0.14099714036958694	1.0111212351728982	-23.14976763183759	1.0144046985833788	69.36905334614055	1.0973846997203627	18.1754123937487	1.0973846997203627	1.5795895636683246	1.0973846997203627	0.02074972743662166	1.1782280507274678	NaN	NaN	800000009	800000009	800000009	800000009	800000019	810101019	899999999	899999999	89999	89999	89	89	11	11	1	0	14	0	6	NaN	0	0	0	0	0	0	0	0	0	NaN	NaN	NaN	NaN	0	0	0	0	0	0	0	0	6300	0	0	0	18000	18000	18000	18000	93	NaN	0.19699367081208422	0.2550896572208104	0.11910208565581673	0.16680201755560606	37.221694522211386	0.2572749426907198	2.2411068080933058e-7	NaN	-0.020742055776160527	0.4893705873726277	0.0425302411760357	0.000020749727436621662	NaN	394.4377460481861	26.323416108521826	95459.18100021701	11.390000343322754	21.109162916077477	92.06448660702175	91.40302409574721	92.72594806204901	-1.3229245905677498	0.00029507247619524904	-1	0	2.0715069905983072	57.36066479596706	1.0000201014826695	-273.1499938964844	9.000290900415845	-273.1499938964844	107
DATA	2026-07-20T190000_AIU-0547.ghg	2026-07-20	19:30:00	201.812	0	18000	18000	0.014793782344454146	1	NaN	8.36534461546979	0	NaN	13.136889189978891	1	NaN	-0.4953961559994092	2	NaN	0.298848426397888	1	NaN	-0.0025955855442376017	2	NaN	NaN	NaN	NaN	NaN	NaN	NaN	NaN	NaN	NaN	8.045100896232108e-11	5.437468776157099e-12	4.401357814085424e-13	NaN	15.178205062453117	400.9626662190356	412.1314259941387	0.1	1	1025.854332589558	27.099995464218548	27.854862100806844	0.1	1	0.08303775467465759	2.0731519628609543	2.1308993249004633	0	1	NaN	NaN	NaN	NaN	9	301.11130712636316	298.767484437612	95082.17662092339	1.0973623461896718	1020.7473432770539	0.026124274326590223	0.019365378030583143	0.018693033173952923	2577.4177347765785	3276.5966550472094	0.017034513020115924	78.6614284918582	699.1789202706309	294.7445354500004	0.4050520321990108	0.16673449743536778	0.2522217121445384	0.5054535918367804	-8.016991377427603e-15	5.300429703729309e-15	0.5054535918367804	1.3545874419932051	309.6261101108197	22.373889889180276	29.933910930089926	NaN	0.11610865261656543	0.1041588057192657	-15.795098956153103	-0.1836012555572045	0.6367827645110273	0.064320726182859	1	6.251120773272847	3	5	9	14	24	63	0.014481217970624597	1.021584121892481	9.05041891901474	1.020503308863877	12.053228820561895	1.0899062305668963	-0.45453098817660426	1.0899062305668963	0.27419645655429187	1.0899062305668963	-0.005656465888853321	1.1551439533414816	NaN	NaN	800000009	800000009	800000009	800000019	800000019	800000019	899999999	899999999	89999	89999	89	89	3	2	4	19	11	0	1	NaN	0	0	0	0	0	0	0	0	0	NaN	NaN	NaN	NaN	0	1	0	0	0	0	0	0	11865	0	0	0	18000	18000	18000	18000	93	NaN	0.037784263521050764	0.1537834511573762	0.016749896760104417	0.026797941881450665	30.63867369504136	0.17364378963613486	1.8143149498042518e-7	NaN	0.00807979551222751	-0.012205140191558928	0.007362767950539675	-0.000005656465888853321	NaN	400.96092749730803	27.099815241912545	95479.64092057291	11.390000343322754	21.587666945775336	91.9431442481147	91.26295768441095	92.6233315870497	-1.360373635941079	0.00029402433054120697	-1	0	2.050328376310843	62.457502044875504	1.0000311103579071	-273.1499938964844	9.000392462730408	-273.1499938964844	117
DATA	2026-07-20T193000_AIU-0547.ghg	2026-07-20	20:00:00	201.833	0	18000	18000	0.03997890804375656	1	NaN	20.83993714208941	1	NaN	-22.62409361973321	2	NaN	-15.390255730199629	2	NaN	-0.5147482580031455	2	NaN	-0.0031946009187569756	2	NaN	NaN	NaN	NaN	NaN	NaN	NaN	NaN	NaN	NaN	3.894280193393508e-12	2.621407920059699e-13	2.1018804067051422e-14	NaN	15.432169248847002	407.568494128388	419.06564077066474	0.1	1	1038.8058558615758	27.435192780618735	28.209115296961578	0.1	1	0.08329286175179815	2.0813338115899254	2.1400463970525303	0	1	NaN	NaN	NaN	NaN	9	301.299175098843	298.92214006720644	95049.7763062066	1.096280442461479	1020.9432779761567	0.026146707221198082	-0.03335568711860382	0.018908009264608602	2608.4084270328713	3306.7707820673572	0.01724742003255521	78.88083568351003	698.362355034486	294.9400563752065	0.31586213913369515	0.11197711962208459	0.27481047956117594	0.4333919310896245	-4.486464785619847e-14	2.523482039755665e-16	0.4333919310896245	1.470890434336681	312.4799401225976	19.52005987740239	39.35269335432815	NaN	0.19096537532323932	0.13490824000150467	-28.203432826839475	-0.10282436247406905	-0.9211390958845919	0.09750311564575014	1	1.9095434166879885	1	2	3	5	8	23	0.03902872104182484	1.0243458401035859	19.221549770188606	1.0223053336047339	-20.72073112808326	1.0918578828075367	-14.095475219381175	1.0918578828075367	-0.4714425440420444	1.0918578828075367	-0.007721097825878762	1.1576975516353534	NaN	NaN	800000009	800000009	800000009	800000009	800000019	800001019	899999999	899999999	89999	89999	89	89	2	0	0	3	23	0	0	NaN	0	0	0	0	0	0	0	0	0	NaN	NaN	NaN	NaN	0	0	0	0	0	0	0	0	15400	0	0	0	18000	18000	18000	18000	93	NaN	0.06370838844606916	0.17315267966396627	0.03295541189297393	0.041754944141015396	120.69291842044238	0.23999143142989932	2.6478034700974396e-7	NaN	0.017173749347551306	-0.37894960802097755	-0.012674490536047954	-0.000007721097825878762	NaN	407.5627421399167	27.434952070888013	95450.37021202256	11.3732688492669	21.783232964303746	91.86660132641262	91.17507708231608	92.5581230744256	-1.3830421383447113	0.00029368554786196913	-1	0	2.058149747576979	61.723045325023186	1.0000534347163306	-273.1499938964844	9.000477736843957	-273.1499938964844	073
DATA	2026-07-20T200000_AIU-0547.ghg	2026-07-20	20:30:00	201.854	0	18000	18000	0.025355695969427845	0	NaN	11.71577147304188	0	NaN	35.433251415060624	0	NaN	2.8545190447838955	0	NaN	0.8060078893772908	0	NaN	0.006858012814968319	2	NaN	NaN	NaN	NaN	NaN	NaN	NaN	NaN	NaN	NaN	6.603348559118472e-11	4.385249209807551e-12	3.606355595380967e-13	NaN	15.287784245296358	403.2551932769535	414.3515128194921	0.2	0	1015.2537486275587	26.7799662828131	27.516867054747898	0.1	1	0.0834927700096474	2.0836406199874618	2.1409758819175293	0.2	0	NaN	NaN	NaN	NaN	9	301.10605747053353	298.69602622288556	95042.46743482277	1.0973006166781827	1020.5615533791556	0.026128938242476526	0.052229311231648444	0.01846898623305571	2545.916805436572	3262.7360570288897	0.01683129121804942	78.03011830981305	716.8192515923179	294.5436746290741	0.33860037597180576	0.5261111956730471	0.2956614305086222	0.6919963051282706	1.7451466670936064e-15	4.319362736395332e-15	0.6919963051282706	1.7545765057647875	274.7649637487609	57.23503625123905	25.29371470483355	NaN	0.1520109790639477	0.13349785614190227	-25.29944077190152	-0.11462703963088566	0.3306434212261476	0.06882260527031142	1	7.016593270267469	3	6	10	16	29	77	0.02493254459483191	1.0169718487010606	13.725521252174463	1.017537255876784	32.593724361280216	1.0871188276094534	2.6257654382280453	1.0871188276094534	0.7414165488695303	1.0871188276094534	0.0005075944568586276	1.1511500559140375	NaN	NaN	800000009	800000009	800000009	800000019	800000019	800000019	899999999	899999999	89999	89999	89	89	4	3	0	3	11	0	9	NaN	0	0	0	0	0	0	0	0	0	NaN	NaN	NaN	NaN	0	1	0	0	0	0	0	0	16500	0	0	0	18000	18000	18000	18000	93	NaN	0.1472049856549433	0.08635837364107374	0.03343235298778748	0.038910614054074984	28.840767209368977	0.2195052739297502	2.0190754332715064e-7	NaN	0.012256430862773192	0.07049687327425132	0.01990564264733408	5.075944568586276e-7	NaN	403.25133416737185	26.77974502107388	95438.87295203994	11.371698813332452	21.386277789115923	91.91547718683879	91.22417814593845	92.60678358607822	-1.382606922119856	0.0002932363074408689	-1	0	2.0609912393523593	61.779867243766866	1.0000360371188985	-273.1499938964844	9.000459379593531	-273.1499938964844	143
