DATAH	filename	date	time	DOY	daytime	file_records	used_records	Tau	qc_Tau	rand_err_Tau	H	qc_H	rand_err_H	LE	qc_LE	rand_err_LE	co2_flux	qc_co2_flux	rand_err_co2_flux	h2o_flux	qc_h2o_flux	rand_err_h2o_flux	ch4_flux	qc_ch4_flux	rand_err_ch4_flux	none_flux	qc_none_flux	rand_err_none_flux	H_strg	LE_strg	co2_strg	h2o_strg	ch4_strg	none_strg	co2_v-adv	h2o_v-adv	ch4_v-adv	none_v-adv	co2_molar_density	co2_mole_fraction	co2_mixing_ratio	co2_time_lag	co2_def_timelag	h2o_molar_density	h2o_mole_fraction	h2o_mixing_ratio	h2o_time_lag	h2o_def_timelag	ch4_molar_density	ch4_mole_fraction	ch4_mixing_ratio	ch4_time_lag	ch4_def_timelag	none_molar_density	none_mole_fraction	none_mixing_ratio	none_time_lag	none_def_timelag	sonic_temperature	air_temperature	air_pressure	air_density	air_heat_capacity	air_molar_volume	ET	water_vapor_density	e	es	specific_humidity	RH	VPD	Tdew	u_unrot	v_unrot	w_unrot	u_rot	v_rot	w_rot	wind_speed	max_wind_speed	wind_dir	yaw	pitch	roll	u*	TKE	L	(z-d)/L	bowen_ratio	T*	model	x_peak	x_offset	x_10%	x_30%	x_50%	x_70%	x_90%	un_Tau	Tau_scf	un_H	H_scf	un_LE	LE_scf	un_co2_flux	co2_scf	un_h2o_flux	h2o_scf	un_ch4_flux	ch4_scf	un_none_flux	un_none_scf	spikes_hf	amplitude_resolution_hf	drop_out_hf	absolute_limits_hf	skewness_kurtosis_hf	skewness_kurtosis_sf	discontinuities_hf	discontinuities_sf	timelag_hf	timelag_sf	attack_angle_hf	non_steady_wind_hf	u_spikes	v_spikes	w_spikes	ts_spikes	co2_spikes	h2o_spikes	ch4_spikes	none_spikes	head_detect_LI-7200	t_out_LI-7200	t_in_LI-7200	aux_in_LI-7200	delta_p_LI-7200	chopper_LI-7200	detector_LI-7200	pll_LI-7200	sync_LI-7200	chopper_LI-7500	detector_LI-7500	pll_LI-7500	sync_LI-7500	not_ready_LI-7700	no_signal_LI-7700	re_unlocked_LI-7700	bad_temp_LI-7700	laser_temp_unregulated_LI-7700	block_temp_unregulated_LI-7700	motor_spinning_LI-7700	pump_on_LI-7700	top_heater_on_LI-7700	bottom_heater_on_LI-7700	calibrating_LI-7700	motor_failure_LI-7700	bad_aux_tc1_LI-7700	bad_aux_tc2_LI-7700	bad_aux_tc3_LI-7700	box_connected_LI-7700	mean_value_RSSI_LI-7200	mean_value_LI-7500	u_var	v_var	w_var	ts_var	co2_var	h2o_var	ch4_var	none_var	w/ts_cov	w/co2_cov	w/h2o_cov	w/ch4_cov	w/none_cov	co2_mean	h2o_mean	air_p_mean	vin_sf_mean	dew_point_mean	avg_signal_strength_7200_mean	co2_signal_strength_7200_mean	h2o_signal_strength_7200_mean	delta_signal_strength_7200_mean	flowrate_mean	hit_power_mean	hit_vin_mean	ch4_mean	rssi_77_mean	ch4_aux-1_mean	ch4_aux-2_mean	ch4_aux-3_mean	ch4_aux-4_mean	CHK
DATAU		[yyyy-mm-dd]	[HH:MM]	[ddd.ddd]	[1=daytime]	[#]	[#]	[kg+1m-1s-2]	[#]	[kg+1m-1s-2]	[W+1m-2]	[#]	[W+1m-2]	[W+1m-2]	[#]	[W+1m-2]	[µmol+1s-1m-2]	[#]	[µmol+1s-1m-2]	[mmol+1s-1m-2]	[#]	[mmol+1s-1m-2]	[µmol+1s-1m-2]	[#]	[µmol+1s-1m-2]	[µmol+1s-1m-2]	[#]	[µmol+1s-1m-2]	[W+1m-2]	[W+1m-2]	[µmol+1s-1m-2]	[mmol+1s-1m-2]	[µmol+1s-1m-2]	[µmol+1s-1m-2]	[µmol+1s-1m-2]	[mmol+1s-1m-2]	[µmol+1s-1m-2]	[µmol+1s-1m-2]	[mmol+1m-3]	[µmol+1mol_a-1]	[µmol+1mol_d-1]	[s]	[1=default]	[mmol+1m-3]	[mmol+1mol_a-1]	[mmol+1mol_d-1]	[s]	[1=default]	[mmol+1m-3]	[µmol+1mol_a-1]	[µmol+1mol_d-1]	[s]	[1=default]	[mmol+1m-3]	[µmol+1mol_a-1]	[µmol+1mol_d-1]	[s]	[1=default]	[K]	[K]	[Pa]	[kg+1m-3]	[J+1kg-1K-1]	[m+3mol-1]	[mm]	[kg+1m-3]	[Pa]	[Pa]	[kg+1kg-1]	[%]	[Pa]	[K]	[m+1s-1]	[m+1s-1]	[m+1s-1]	[m+1s-1]	[m+1s-1]	[m+1s-1]	[m+1s-1]	[m+1s-1]	[deg_from_north]	[deg]	[deg]	[deg]	[m+1s-1]	[m+2s-2]	[m]	[#]	[#]	[K]	[0=KJ/1=KM/2=HS]	[m]	[m]	[m]	[m]	[m]	[m]	[m]	[kg+1m-1s-2]	[#]	[W+1m-2]	[#]	[W+1m-2]	[#]	[µmol+1s-1m-2]	[#]	[mmol+1s-1m-2]	[#]	[µmol+1s-1m-2]	[#]	[µmol+1s-1m-2]	[#]	8u/v/w/ts/co2/h2o/ch4/none	8u/v/w/ts/co2/h2o/ch4/none	8u/v/w/ts/co2/h2o/ch4/none	8u/v/w/ts/co2/h2o/ch4/none	8u/v/w/ts/co2/h2o/ch4/none	8u/v/w/ts/co2/h2o/ch4/none	8u/v/w/ts/co2/h2o/ch4/none	8u/v/w/ts/co2/h2o/ch4/none	8co2/h2o/ch4/none	8co2/h2o/ch4/none	8aa	8U	[#]	[#]	[#]	[#]	[#]	[#]	[#]	[#]	[#_flagged_recs]	[#_flagged_recs]	[#_flagged_recs]	[#_flagged_recs]	[#_flagged_recs]	[#_flagged_recs]	[#_flagged_recs]	[#_flagged_recs]	[#_flagged_recs]	[#_flagged_recs]	[#_flagged_recs]	[#_flagged_recs]	[#_flagged_recs]	[#_flagged_recs]	[#_flagged_recs]	[#_flagged_recs]	[#_flagged_recs]	[#_flagged_recs]	[#_flagged_recs]	[#_flagged_recs]	[#_flagged_recs]	[#_flagged_recs]	[#_flagged_recs]	[#_flagged_recs]	[#_flagged_recs]	[#_flagged_recs]	[#_flagged_recs]	[#_flagged_recs]	[#_flagged_recs]	[#]	[#]	[m+2s-2]	[m+2s-2]	[m+2s-2]	[K+2]	--	--	--	--	[m+1s-1K+1]	--	--	--	--	--	--	--	--	--	--	--	--	--	--	--	--	--	--	--	--	--	--	207
DATA	2026-06-18T233000_AIU-0547.ghg	2026-06-19	00:00:00	170	0	18000	18000	0.09554492360061158	1	NaN	6.786710829081198	1	NaN	3.659439736459368	2	NaN	10.83426047260642	0	NaN	0.08293967494389937	2	NaN	NaN	NaN	NaN	NaN	NaN	NaN	NaN	NaN	NaN	NaN	NaN	NaN	1.842889412752685e-10	1.0797626821927515e-11	NaN	NaN	15.716185802665423	409.2889965531893	419.3451224940793	0.2	0	920.8230737393135	23.98054824408278	24.569744179729554	0.1	1	NaN	NaN	NaN	NaN	0	NaN	NaN	NaN	NaN	9	297.19025534142395	294.9429694655719	95162.5432630051	1.1140001748079889	1018.7778555007553	0.025964415180454198	0.0053744909363646785	0.016643143462276747	2265.2683871919635	2600.19326808907	0.01493998281027684	87.11923128917071	334.9248808971065	292.65112849084477	-0.13239931118504475	-1.4023527797548647	0.19152560282580064	1.421550193635895	-2.5491757319706514e-13	1.172606022792207e-14	1.421550193635895	6.879679431226931	67.39343747791912	264.6065625220809	7.743013299696692	NaN	0.2928607560746855	1.386629423179278	-312.41569594123257	-0.00928250416888628	1.8545764701258807	0.020418950218600334	0	58.07906523155501	-8.813722219356194	19.936663658130776	49.64511142121484	75.71192733566397	106.18705461107939	159.0875576221871	0.09456075460308766	1.0104077955136346	6.95997697662402	1.0137402275622134	3.3651500735393807	1.0874521660219632	9.962976589802114	1.0874521660219632	0.07626972250862595	1.0874521660219632	NaN	1	NaN	NaN	800000009	800000019	800000009	800000019	800001019	800101019	899999999	899999999	89999	89999	89	89	19	9	19	1	59	0	0	NaN	0	0	0	0	0	0	0	0	0	NaN	NaN	NaN	NaN	0	16785	0	0	0	0	101	0	16609	0	0	16	18000	18000	18000	18000	93	NaN	1.103562856719774	1.4926197170507143	0.1770762725880679	0.1471399281633027	13.177774357658528	0.08334339791072955	NaN	NaN	0.0061325775323862715	0.2649907540041242	0.0020285876507963913	NaN	NaN	409.2894798895163	23.980455441795257	95259.22792230903	11.40044358370039	19.567266031901074	93.9292992051443	93.27390632629401	94.58468896272453	-1.310778157744134	0.00028937119524925943	-1	0	8.740598232510218	3.8561556839270907	1.0001110591027471	-273.1499938964844	9.001028503259024	-273.1499938964844	088
DATA	2026-06-19T000000_AIU-0547.ghg	2026-06-19	00:30:00	170.02	0	18000	18000	0.17351923700519137	0	NaN	-23.37815437077663	2	NaN	-33.53546520868414	2	NaN	12.786050331822278	1	NaN	-0.7589202306922945	2	NaN	NaN	NaN	NaN	NaN	NaN	NaN	NaN	NaN	NaN	NaN	NaN	NaN	7.901853532068166e-12	4.458832154629411e-13	NaN	NaN	15.86806960021228	411.54867076825167	421.3331792191118	0.2	0	895.3982591323186	23.22273424797573	23.774851301536447	0.1	1	NaN	NaN	NaN	NaN	0	NaN	NaN	NaN	NaN	9	295.5460849956937	293.3814285510425	95159.06177023049	1.1202033914556238	1018.3220211780875	0.02582171476834482	-0.04917803094886068	0.016206269880713036	2194.1359681363524	2362.4761117929224	0.014467256575302949	92.87441922412438	168.34014365657004	292.1388912276747	-0.626692530601053	-1.2217286611782923	0.14378117810827717	1.3805931611573246	2.942361897869987e-14	4.979719481418493e-16	1.3805931611573246	7.609995772796823	89.15580860855528	242.8441913914447	5.977879528711926	NaN	0.3935730687712204	1.1656994418762785	220.08524495658864	0.013176712507792237	0.6971173420526389	-0.052071828756191055	0	76.9216260582734	-11.67315351987563	26.404705045547185	65.75144901418314	100.27510841377884	140.6372653288692	210.70025092775165	0.1722192123836459	1.0075486619846423	-25.177080927392662	1.0127689157118571	-30.481149952550243	1.100203412958124	11.621533055823143	1.100203412958124	-0.6897999240447552	1.100203412958124	NaN	1	NaN	NaN	800000009	800000019	800000009	800000019	800001009	801101009	899999999	899999999	89999	89999	89	89	7	21	4	8	33	0	0	NaN	0	0	0	0	0	0	0	0	0	NaN	NaN	NaN	NaN	0	18000	0	0	0	0	101	0	17108	0	0	16	18000	18000	18000	18000	93	NaN	1.403145580033935	0.7698308763677222	0.1584224273508997	0.13183397935479885	12.255231607371586	0.09004519937657018	NaN	NaN	-0.02207106842745824	0.307170514935929	-0.01823220713255412	NaN	NaN	411.5473941561779	23.22263573341836	95249.0825358073	11.390000343322754	19.04974110794066	93.34831103155346	92.61796014955313	94.0786618171268	-1.4606989938484256	0.00028848125362936923	-1	0	22.06206184815035	0.13149440806391816	1.0001309189928902	-290.71311963399376	9.001063851515452	-273.1499938964844	181
DATA	2026-06-19T080000_AIU-0547.ghg	2026-06-19	08:30:00	170.354	1	18000	18000	0.040973683196709576	1	NaN	21.784362931734112	1	NaN	77.2339025680679	1	NaN	5.118306802794873	1	NaN	1.7484288582627436	1	NaN	0.004954423335159081	1	NaN	NaN	NaN	NaN	NaN	NaN	NaN	NaN	NaN	NaN	-2.463864415966346e-11	-1.2386260141515687e-12	-1.3057417251144084e-13	NaN	16.050970785366378	417.7438388743895	426.7049344664675	0	0	806.9092535412138	21.00068423929167	21.451173561825815	0.1	1	0.08506321268017183	2.0710127661189928	2.1154384204137684	-0.1	0	NaN	NaN	NaN	NaN	9	295.51487994384775	293.73442426639133	94746.71871940105	1.114819150666958	1017.1543126210873	0.025775119564649503	0.11329819001542578	0.014682078797999414	1990.2796508156546	2416.9203364264226	0.01316991979301363	82.34775556394281	426.64068561076806	290.58571962529516	2.4817354821253357	0.4229548588165759	0.3923308581878884	2.5479060654041326	-1.0803637148679056e-13	-1.5350251700742262e-15	2.5479060654041326	6.212039329434107	322.32817542979546	9.671824570204558	8.857741857449412	NaN	0.19171243897287024	1.089323302218231	-27.20206701091644	-0.10660954547447454	0.2820570009722749	0.10020821038638651	1	35.02306666786395	15	28	49	78	134	345	0.040643162470173966	1.0081322590676394	26.068175191566816	1.013577897404573	70.36801221764449	1.0975711851741328	4.663302819837456	1.0975711851741328	1.5929981416060504	1.0975711851741328	-0.006821594623292211	1.1536492378015815	NaN	NaN	800000009	800000009	800000009	800000009	800001009	800001019	899999999	899999999	89999	89999	89	89	11	0	2	37	73	2	5	NaN	0	0	0	0	0	0	0	0	0	NaN	NaN	NaN	NaN	0	0	0	0	0	0	0	0	15712	0	0	0	18000	18000	18000	18000	93	NaN	0.8335788353114353	1.098155206325516	0.24691256279951046	0.06597293953021527	39.35938099201601	0.5792196534718977	1.782092341410159e-7	NaN	0.02298896217375722	0.1227762649442875	0.04194073802318488	-0.000006821594623292211	NaN	417.7369996460801	21.000129372631513	95146.23119574653	11.399999618530273	17.422403385162315	94.3085650001102	93.71191303592255	94.90521730211044	-1.1933026772704336	0.0002893658528822319	-1	0	2.0531902691280415	75.41350212033579	1.0001208420925671	-273.1499938964844	9.00096190407541	-273.1499938964844	108
DATA	2026-06-19T083000_AIU-0547.ghg	2026-06-19	09:00:00	170.374	1	18000	18000	0.1520046937557106	0	NaN	18.20660903514794	0	NaN	24.922598485336373	1	NaN	4.338091088301477	1	NaN	0.5642077821836033	1	NaN	0.0031599453527154826	0	NaN	NaN	NaN	NaN	NaN	NaN	NaN	NaN	NaN	NaN	-3.197075608435563e-10	-1.573464782228368e-11	-1.7256653096767047e-12	NaN	15.788033036962693	410.95054532248406	419.43369235562153	0.2	0	777.0199084054434	20.225239859713003	20.642744314843437	0.1	1	0.08521806881273007	2.074210783250363	2.117028186104091	-0.2	0	NaN	NaN	NaN	NaN	9	295.391439265781	293.7481547283596	94768.10948502604	1.1153482811537572	1016.7132458552418	0.025770506256616508	0.03656066428549749	0.014142478416505263	1917.2218819488753	2418.966597446216	0.01267987646143657	79.25788987631952	501.7447154973406	289.9949645740771	1.8975954462757867	0.3454018926026393	0.37735351933864786	1.965341350426864	2.2638139775660245e-14	-2.0249993149562206e-14	1.965341350426864	6.927485622843977	321.6839147567166	10.316085243283405	11.06976202720869	NaN	0.3691673195207699	1.4230482808839726	-232.40558001362385	-0.012478185763999294	0.7305261145165142	0.04349074369493868	0	58.123523703351275	-8.820468963973159	19.951924812824345	49.68311385422823	75.76988344381883	106.26833887682528	159.20933626420697	0.1506714866255024	1.0088484368215065	19.520442247821276	1.0132969967233165	22.830190657853638	1.0916509134260313	3.973881242573082	1.0916509134260313	0.5168390144179853	1.0916509134260313	-0.0041692408435483426	1.149967312806593	NaN	NaN	800000009	800000009	800000009	800000009	800001009	800011119	899999999	899999999	89999	89999	89	89	9	0	2	51	33	0	2	NaN	0	0	0	0	0	0	0	0	0	NaN	NaN	NaN	NaN	0	0	0	0	0	0	0	0	15513	0	0	0	18000	18000	18000	18000	93	NaN	1.3999871084160975	1.1652728471858207	0.2808366061660271	0.028738355682297063	6.945314725459405	0.13748335540140363	7.57647218032026e-9	NaN	0.017213955213108527	0.10452351157908042	0.013594223231759121	-0.000004169240843548343	NaN	410.948584281785	20.225099920822494	95169.58544270834	11.4059741997189	16.838539726787147	94.41864161088732	93.83960873540242	94.99767222383288	-1.1580641339884865	0.00028940366847544083	-1	0	2.0570173388940316	71.13998187594959	1.0000982204841242	-273.1499938964844	9.000785577032302	-273.1903688981798	034
DATA	2026-06-19T090000_AIU-0547.ghg	2026-06-19	09:30:00	170.395	1	18000	18000	0.18584553502985923	0	NaN	32.92626660014801	1	NaN	27.27343738405837	1	NaN	-5.229615740605648	2	NaN	0.6176855403816527	1	NaN	0.030133257497076536	2	NaN	NaN	NaN	NaN	NaN	NaN	NaN	NaN	NaN	NaN	-4.2440891765458276e-10	-2.0814308462690942e-11	-2.3302229259448537e-12	NaN	15.609170196189485	406.8908453828085	415.17574748042335	0.1	0	765.5213399039704	19.955168739728798	20.361485621089194	0.1	1	0.0857023609379927	2.089900359201839	2.1324538353152365	0	1	NaN	NaN	NaN	NaN	9	295.43298966217037	294.18105198160805	94765.62588650173	1.1137924291828798	1016.5685063733589	0.025809160687698982	0.04002602301673109	0.013932733078859833	1891.5713132054268	2484.263554878761	0.01250927256623697	76.14213514063891	592.6922416733344	289.782857911955	1.0530071410999704	-0.06438868955042096	0.23995401506538633	1.0819186068716875	-4.572016237824883e-14	-2.7189716834415038e-14	1.0819186068716875	5.752738069764683	335.49913340467265	356.5008665953273	12.813934139092384	NaN	0.40848295107352584	1.2287923052172935	-174.084426433605	-0.016658583765423996	1.2072650079448286	0.07119141790332444	0	68.58219465047311	-10.40761263000965	23.542048106863618	58.62302847609075	89.40381731687795	125.39012499017939	187.8572563076541	0.18357972539975057	1.0123423740022206	34.23655945254468	1.0147269632089748	25.111887488511268	1.0860767593250813	-4.815143769263122	1.0860767593250813	0.5687310174701647	1.0860767593250813	0.015982408895306454	1.1481594656601195	NaN	NaN	800000009	800000009	800000009	800000009	800001009	800011009	899999999	899999999	89999	89999	89	89	4	17	2	34	42	0	0	NaN	0	0	0	0	0	0	0	0	0	NaN	NaN	NaN	NaN	0	0	0	0	0	0	0	0	10075	0	0	0	18000	18000	18000	18000	93	NaN	1.2309621113164604	0.9992664668682717	0.22735603224985496	0.08014930476894301	11.887853068737456	0.21846585568373672	1.7107487218468159e-7	NaN	0.03023773119572315	-0.12680593180369673	0.014977427481257804	0.000015982408895306453	NaN	406.88472664001904	19.954952178527858	95180.77271614583	11.40999984741211	16.627265984535224	94.42499116219415	93.85493287404378	94.99505159971449	-1.1401183468997438	0.000289601164013018	-1	0	2.072833997375434	72.537256963306	1.0001086435947153	-273.1499938964844	9.000912986940808	-273.1499938964844	042
DATA	2026-06-19T093000_AIU-0547.ghg	2026-06-19	10:00:00	170.416	1	18000	18000	0.16487379470187258	1	NaN	21.183755372088495	0	NaN	89.65195144545443	0	NaN	-0.6994668136592888	2	NaN	2.0309083264328116	0	NaN	-0.008287965880396037	1	NaN	NaN	NaN	NaN	NaN	NaN	NaN	NaN	NaN	NaN	1.5463850283071386e-10	7.513949058090756e-12	8.628285807067579e-13	NaN	15.484884291348479	404.8059277075133	412.9280945354916	0.1	1	752.4169570045308	19.66968810178685	20.064347560263073	0.1	1	0.08640022045569684	2.1090417786124185	2.1513583258776134	-0.6	0	NaN	NaN	NaN	NaN	9	295.8238423470391	294.42626033867725	94762.49477625868	1.1129490963439739	1016.4115659427646	0.025831526852847665	0.13160285955284617	0.013721518967361446	1864.448700507761	2521.9296424799827	0.012328972647928366	73.92944946213184	657.4809419722217	289.5558144904355	1.7425212877806158	-0.13326452894117993	0.29399668612442936	1.772166449432568	-4.3825129351315747e-14	9.986416425282012e-15	1.772166449432568	9.636110427131888	336.37335300948234	355.6266469905176	9.549333491004143	NaN	0.38489136358188586	2.1765786328749055	-226.34040541545434	-0.012812559890387076	0.23628883733754535	0.04865414967590714	0	51.625006775948016	-7.8342939488009495	17.721194243353718	44.12827932568794	67.29841029879617	94.38697733786103	141.40889161129732	0.16336033641684697	1.0092645394728113	26.21836218107555	1.013348455221216	82.25219024058715	1.0899643059135935	-0.6417336878504522	1.0899643059135935	1.8632796646772125	1.0899643059135935	-0.019841924075214654	1.149062349207136	NaN	NaN	800000009	800000009	800000009	800000009	800011009	800011109	899999999	899999999	89999	89999	89	89	6	3	2	65	52	7	0	NaN	0	0	0	0	0	0	0	0	0	NaN	NaN	NaN	NaN	0	0	0	0	0	0	0	0	4118	0	0	0	18000	18000	18000	18000	93	NaN	1.766628100746791	2.175934704202156	0.41059446080086415	0.014932000414672542	1.3458270015614056	0.12487930861245236	5.089500617754222e-8	NaN	0.023177183489460445	-0.016909657905488543	0.04909734724614843	-0.000019841924075214655	NaN	404.80313498426744	19.66956075950956	95162.39171614584	11.38208009592692	16.399245611137815	94.42274327490065	93.8640168639289	94.98146493297153	-1.1174421227541234	0.0002908402270598648	-1	0	2.0920574594675223	71.46584749200646	1.0001240505774815	-273.1499938964844	9.001067257139418	-273.1499938964844	161
DATA	2026-06-19T100000_AIU-0547.ghg	2026-06-19	10:30:00	170.437	1	18000	18000	0.22521377159169934	1	NaN	48.009400525414435	1	NaN	14.728958514834904	2	NaN	-7.86842914847519	2	NaN	0.3337377297006887	2	NaN	-0.018347692530579704	1	NaN	NaN	NaN	NaN	NaN	NaN	NaN	NaN	NaN	NaN	3.1198596086816283e-10	1.476993944146928e-11	1.7456136369146033e-12	NaN	15.40539200604942	402.7322294670398	410.5599742401728	0.1	1	729.317134554	19.06602022669122	19.43659881279403	0.1	1	0.08619574513206664	2.105865971100867	2.146796843134669	-0.1	0	NaN	NaN	NaN	NaN	9	295.9386797629462	294.6706493691339	94769.93766189236	1.112369156967438	1016.0747794704369	0.02585093795877949	0.02162620488460463	0.01329041487467443	1807.3702262647932	2559.965751431063	0.011947845543386884	70.60134399276411	752.5955251662697	289.0683784749437	1.0755155821138584	-0.11551420201035471	0.26916893953936716	1.1146879456820993	2.6294215968824538e-14	2.0251737881493154e-14	1.1146879456820993	8.008002369710013	338.13027078689305	353.869729213107	13.973594820179636	NaN	0.44995906179345974	2.0352709669921607	-159.55982842025418	-0.01817500074242923	3.2595244583695244	0.09440145115568671	0	59.148761476342784	-8.976052751417262	20.30385576364546	50.55947168248316	77.10638442676402	108.14280050867059	162.017621360342	0.22252103392922384	1.0121010477748003	48.463319438654764	1.0145926771754676	13.560769431524616	1.0861447493233392	-7.24436513031727	1.0861447493233392	0.30726818861722166	1.0861447493233392	-0.03264475286065245	1.1480774077571496	NaN	NaN	800000009	800000009	800000009	800000009	800001009	800111109	899999999	899999999	89999	89999	89	89	17	7	5	66	28	2	0	NaN	0	0	0	0	0	0	0	0	0	NaN	NaN	NaN	NaN	0	0	0	0	0	0	0	0	9015	0	0	0	18000	18000	18000	18000	93	NaN	1.8406114657661723	1.8305664579987428	0.39936401021940565	0.0335168984569242	5.800778583316407	0.27226133078797327	8.017996124970268e-8	NaN	0.04287839760828926	-0.19091459138193015	0.008097601324514352	-0.00003264475286065245	NaN	402.7297666218955	19.06575112867654	95182.95525976563	11.385282205687627	15.91104548072807	94.46622051239014	93.91432931009929	95.01811507754856	-1.1037817528148497	0.000290732197120734	-1	0	2.0894308634466596	69.48795202287072	1.0001208807759814	-273.1499938964844	9.00106428249677	-273.1499938964844	001
DATA	2026-06-19T103000_AIU-0547.ghg	2026-06-19	11:00:00	170.458	1	18000	18000	0.3661726842712787	0	NaN	46.00548773180261	0	NaN	92.89242752518714	0	NaN	-3.055638009914539	1	NaN	2.1050663906540383	0	NaN	-0.016791859249112712	0	NaN	NaN	NaN	NaN	NaN	NaN	NaN	NaN	NaN	NaN	-1.8653155095138197e-10	-8.399048549057332e-12	-1.0545124679787627e-12	NaN	15.283529190682486	400.33801037077694	407.6870662677128	0.1	1	688.179040053846	18.026217913202107	18.357127493663317	0.1	1	0.08640185536490144	2.1112300808836326	2.1499862006468704	-0.5	0	NaN	NaN	NaN	NaN	9	296.00276970503063	294.7948898849487	94754.8408218316	1.1121635078905772	1015.490002463004	0.025865957804857273	0.13640830211438168	0.0125582997858496	1708.529581059153	2579.493808050831	0.011291774722647327	66.23507200237037	870.9642269916778	288.1913845117836	0.5683779170906559	0.03342903693565776	0.22882655898864793	0.6136224826758313	5.000139149441144e-14	-1.2204743330166166e-14	0.6136224826758313	6.255987722437977	328.6340374272711	3.3659625727289058	21.89525712422392	NaN	0.5737974995224898	1.5891275603302586	-345.1991300448392	-0.008400948170475714	0.49525552251639177	0.07099155594013319	0	69.5058641379213	-10.547783038269602	23.859113952002726	59.41256726150198	90.60791378153405	127.07888740250827	190.38733013412525	0.3594908837101595	1.0185868428488618	50.804309116387174	1.0185666094040617	85.37943133863021	1.087995387984713	-2.8085027231360584	1.087995387984713	1.9348118695183436	1.087995387984713	-0.035450720961635755	1.1524920667761787	NaN	NaN	800000009	800000009	800000009	800000009	800011009	800011119	899999999	899999999	89999	89999	89	89	7	2	1	80	35	7	1	NaN	0	0	0	0	0	0	0	0	0	NaN	NaN	NaN	NaN	0	0	0	0	0	0	0	0	2111	0	0	0	18000	18000	18000	18000	93	NaN	1.4080626632462687	1.336331327711775	0.43386112970247354	0.030795945522404767	0.8027744241379526	0.1498801153476685	8.454357242325984e-8	NaN	0.04498381212850882	-0.07397852363080201	0.05096470956969225	-0.00003545072096163576	NaN	400.33653807882484	18.026051592883796	95158.74950347222	11.399999618530273	15.03456542815102	94.50137246513367	93.96364167637296	95.0391015387641	-1.075444735374715	0.00029149199152986207	-1	0	2.095645684646235	70.70730688130404	1.000122523377339	-273.1499938964844	9.001020885811911	-273.1499938964844	010
DATA	2026-06-19T110000_AIU-0547.ghg	2026-06-19	11:30:00	170.479	1	18000	18000	0.5148594703209458	0	NaN	8.216501889632443	2	NaN	155.06923526604112	0	NaN	3.4831698781022	1	NaN	3.5143446150371167	0	NaN	0.03460851958218439	2	NaN	NaN	NaN	NaN	NaN	NaN	NaN	NaN	NaN	NaN	1.4719207190403226e-10	6.52202477437073e-12	8.344764154255529e-13	NaN	15.276203502411038	400.0636851269945	407.283464647199	0.1	0	676.8827723684236	17.726669867284006	18.046575554371344	0.1	1	0.08660542225612916	2.116709206036997	2.154908558650377	0.9	0	NaN	NaN	NaN	NaN	9	296.1068857031928	294.87391302066374	94754.43656076389	1.1119875185374677	1015.3228924872947	0.025873001854447776	0.22772953105440516	0.012346251829556851	1680.1311719173602	2591.982261864768	0.011102869073382366	64.82031905220724	911.8510899474079	287.9311695094342	0.4637966289103008	0.5024990440204748	0.28622651748567796	0.7413084523610927	6.549933374484425e-14	9.635383024375198e-15	0.7413084523610927	6.235958524078397	284.70639516622117	47.293604833778815	22.71266025860296	NaN	0.6804471454518136	1.6932742005820232	-3223.1189793554377	-0.0008997495961442741	0.05298602186008065	0.010695189208508295	0	85.73313476216207	-13.010333960708882	29.42941084357844	73.28339412468893	111.76179994448079	156.74751352613993	234.83633839884746	0.5066897401092982	1.0161237332531843	17.111181203980113	1.0170027550086922	142.69401411461294	1.0867255801037898	3.2051972842762506	1.0867255801037898	3.2338841372460125	1.0867255801037898	0.019482186962187828	1.1504832171681476	NaN	NaN	800000009	800000009	800000009	800000009	800001009	800011109	899999999	899999999	89999	89999	89	89	14	4	3	24	27	2	4	NaN	0	0	0	0	0	0	0	0	0	NaN	NaN	NaN	NaN	0	0	0	0	0	0	0	0	4518	0	0	0	18000	18000	18000	18000	93	NaN	1.6202699495572406	1.4051979045888296	0.3610805470179762	0.0802314215642161	0.8272994071096044	0.1478884835265958	4.3850962387501177e-8	NaN	0.015155696492610483	0.08442505174110002	0.08518066483803559	0.000019482186962187828	NaN	400.06268956199057	17.726502075812064	95158.24913151041	11.399999618530273	14.774276261647568	94.52991336695354	93.99555510436164	95.06426543341743	-1.0687013156612708	0.00029098410498894125	-1	0	2.1013432099156915	79.17574112388104	1.0001138978203137	-273.1499938964844	9.000973725557328	-273.1499938964844	049
DATA	2026-06-19T113000_AIU-0547.ghg	2026-06-19	12:00:00	170.499	1	18000	18000	0.23094915519002043	0	NaN	27.145770824442938	0	NaN	122.16460706466975	0	NaN	-1.2844000260558206	1	NaN	2.769788902982054	0	NaN	0.017691517271537543	2	NaN	NaN	NaN	NaN	NaN	NaN	NaN	NaN	NaN	NaN	-1.5419165763794424e-10	-6.617509042310739e-12	-8.737630732043213e-13	NaN	15.242476309006081	399.6549845266277	406.6295611156187	0.1	1	654.1678476464673	17.15216318719108	17.45149406118889	0.8	0	0.08637505522039202	2.1147275675095387	2.1516327230949637	0	1	NaN	NaN	NaN	NaN	9	296.5873906148275	295.3081496666802	94777.4453014323	1.1108649122223724	1015.0094728526885	0.025904812569279876	0.1794823209132371	0.011931450385998337	1626.074268515818	2661.554612827556	0.010740685257695767	61.09490523616666	1035.480344311738	287.4249787580473	1.8303890019407283	0.12144520973333472	0.358182257598897	1.8690552070635396	6.315527723233647e-14	-1.0115919127054142e-14	1.8690552070635396	8.459486392614034	328.20402322543225	3.7959767745677415	11.048399448909763	NaN	0.4559608601765028	2.5037484802934196	-293.55994537548617	-0.009878731910413299	0.22220650871551445	0.05280113634624689	0	62.41353238701605	-9.471494332678716	21.42454596944407	53.35014875310955	81.36234304061215	114.11184297865807	170.96033468233233	0.22887983444658244	1.0090410793438465	34.000541671007035	1.0133109597525192	111.99647804928303	1.0907897211813422	-1.1774955347624614	1.0907897211813422	2.5392510116269973	1.0907897211813422	0.00016658827791206729	1.1494921492534569	NaN	NaN	800000009	800000009	800000009	800000009	800001009	800101109	899999999	899999999	89999	89999	89	89	8	11	2	46	20	9	0	NaN	0	0	0	0	0	0	0	0	0	NaN	NaN	NaN	NaN	0	0	0	0	0	0	0	0	2111	0	0	0	18000	18000	18000	18000	93	NaN	1.8581028828633288	2.790847749522052	0.3585463282014586	0.04223958479938914	1.6424344242944109	0.34449239815248733	5.7390406547954246e-8	NaN	0.030154663824007295	-0.031035265863561774	0.06692707353328504	1.665882779120673e-7	NaN	399.6525036133463	17.151776800980894	95181.50394618056	11.399999618530273	14.263807270103033	94.51865407180784	93.99186349423726	95.04544399091932	-1.0535814584493637	0.00029128811112281663	-1	0	2.09989148324728	74.23991916030178	1.0001039473132955	-273.1499938964844	9.00092081814342	-273.1499938964844	196
DATA	2026-06-19T120000_AIU-0547.ghg	2026-06-19	12:30:00	170.52	1	18000	18000	0.349390250010345	0	NaN	32.55310502504533	0	NaN	153.75906834357602	0	NaN	-0.5515090410380064	2	NaN	3.487572191210973	0	NaN	-0.00847463376735571	0	NaN	NaN	NaN	NaN	NaN	NaN	NaN	NaN	NaN	NaN	-3.042490473161691e-10	-1.2837060131165791e-11	-1.7348238726409218e-12	NaN	15.154414069056356	398.0483389758373	404.8476321564465	0.1	1	639.4042195796966	16.794696672405756	17.081576569578296	0.6	0	0.0864102600642301	2.119431546249884	2.155634778491131	-0.1	0	NaN	NaN	NaN	NaN	9	296.9602859632704	295.7389497655233	94786.53823090278	1.1095040755073065	1014.8187457665206	0.02594011422129286	0.22599467799047104	0.011666889229567365	1592.3381715318303	2732.183357411113	0.01051540907971233	58.28079463307523	1139.8451858792826	287.1015250761322	1.49491010205129	-0.38776687130448606	0.31387218587658877	1.5759553003696711	4.4785453880918306e-14	-2.0076595896730322e-14	1.5759553003696711	8.9054411025861	346.5415508059856	345.4584491940144	11.488025261182878	NaN	0.5611654699266438	2.068417709382473	-456.35614164345344	-0.0063546860343686165	0.2117150251737031	0.05152097779774091	0	68.97752222044332	-10.467605113936155	23.677751268852525	58.960948536973305	89.91916673119853	126.11290987134657	188.9401197682923	0.34598963587298587	1.0098286589677141	41.21430587466857	1.013510569548671	141.26387862301192	1.0884528291475681	-0.5066908057650287	1.0884528291475681	3.2041555663393306	1.0884528291475681	-0.02764266528370238	1.1483692883393506	NaN	NaN	800000009	800000009	800000009	800000009	800001009	800011109	899999999	899999999	89999	89999	89	89	12	8	1	44	42	8	0	NaN	0	0	0	0	0	0	0	0	0	NaN	NaN	NaN	NaN	0	0	0	0	0	0	0	0	804	0	0	0	18000	18000	18000	18000	93	NaN	1.5156024348204855	2.1982723356897926	0.4229606482546675	0.03312752715845123	1.4588416783057734	0.2875789255876344	3.389954329863098e-8	NaN	0.036604173663892035	-0.01336819233545721	0.08453630378960064	-0.000027642665283702383	NaN	398.0478710518822	16.79435070236486	95193.1676328125	11.372121533340879	13.941615666548424	94.45998751131692	93.93267719777427	94.98729565429687	-1.054614875015285	0.00029174298347142116	-1	0	2.1048853118154742	71.7772585063511	1.0000738211903306	-430.047250484872	9.000581363691223	-363.34774768404145	219
DATA	2026-06-19T123000_AIU-0547.ghg	2026-06-19	13:00:00	170.541	1	18000	18000	0.2015932365750841	0	NaN	45.152946508935706	1	NaN	62.241821306612046	1	NaN	-3.693096302792478	1	NaN	1.412168714506292	1	NaN	0.005450211912687145	0	NaN	NaN	NaN	NaN	NaN	NaN	NaN	NaN	NaN	NaN	-4.5399099494897184e-10	-1.866003157260144e-11	-2.6007250931065057e-12	NaN	15.129754907097443	396.9073602215556	403.4897992930829	0.1	1	621.8663087885533	16.313768236668622	16.584321005921744	0.6	0	0.08667205666460924	2.128244239436226	2.1635397250820403	0	0	NaN	NaN	NaN	NaN	9	297.23810483127164	296.02849060651994	94787.9193860677	1.108637898730071	1014.5559006133839	0.025965132337996657	0.09150853270000772	0.011321879851599468	1546.7629400217318	2780.5679806400904	0.010212423609700266	55.627589427454495	1233.8050406183586	286.65485709474797	1.3828869940200392	0.22490210491275792	0.319251604396037	1.436968678132392	-4.792850601857502e-14	-3.0006500286135e-14	1.436968678132392	7.272786296482793	322.7627281932836	9.237271806716445	12.836530750834365	NaN	0.42642545185958863	1.9604307246867336	-144.35713436604175	-0.020089066001037145	0.7254438504700221	0.09414066802636284	0	58.764148218744616	-8.917686205729296	20.171830478379217	50.230710054667504	76.60500220073287	107.43960480767414	160.96410606121555	0.19952939537475853	1.0103435446012816	48.39291271926561	1.013712470492632	57.231647608788094	1.0875420140281726	-3.3958194305648304	1.0875420140281726	1.2984957788212033	1.0875420140281726	-0.012984693008082877	1.1480504521837145	NaN	NaN	800000009	800000009	800000009	800000009	800001009	800011109	899999999	899999999	89999	89999	89	89	13	2	3	62	37	4	0	NaN	0	0	0	0	0	0	0	0	0	NaN	NaN	NaN	NaN	0	0	0	0	0	0	0	0	3921	0	0	0	18000	18000	18000	18000	93	NaN	1.6500865721101636	1.906195431162032	0.3645794461012718	0.051476986330666136	2.996685471463657	0.391719331433982	3.5695837642745245e-8	NaN	0.043024522663527756	-0.08963558735333516	0.034274917789461325	-0.000012984693008082877	NaN	396.9058607266645	16.313365072492324	95189.20016210938	11.375282228681776	13.491169666422785	94.4700538321601	93.94430234188505	94.99581100654602	-1.0515048889617122	0.0002912819020760556	-1	0	2.1140588161547975	74.07157454225745	1.0000617968307601	-523.6768794165741	9.000457184049818	-441.83675097996087	012
DATA	2026-06-19T130000_AIU-0547.ghg	2026-06-19	13:30:00	170.562	1	18000	18000	0.6489630816214138	1	NaN	143.23805424042132	1	NaN	-129.93849766181899	0	NaN	-9.817421620570466	1	NaN	-2.9503278816014036	0	NaN	-0.04323766592242893	0	NaN	NaN	NaN	NaN	NaN	NaN	NaN	NaN	NaN	NaN	-6.097622888682073e-10	-2.391056303278078e-11	-3.4800797046874618e-12	NaN	15.09122964472032	397.33548518873255	403.624227813207	0.1	1	591.771259472306	15.580686666274216	15.827286660508907	0.1	1	0.08612976394924324	2.1218394522410366	2.155422413499233	-0.2	0	NaN	NaN	NaN	NaN	9	297.8426013192071	296.8079889241527	94788.77347120644	1.1060446903162913	1014.1648431800094	0.026033268809676033	-0.19118124672777095	0.010784814638124748	1477.2703347998147	2914.5669221473836	0.009750794640170151	50.685757927678566	1437.296587347569	285.95098349907244	0.047405425412983385	-0.22440770848851618	0.22619495614965782	0.32213390410694126	7.778054893180659e-14	-4.040507653937485e-14	0.32213390410694126	8.873255773747038	50.071815278365136	281.92818472163486	44.60191146867047	NaN	0.7659909842808226	1.6875188048606096	-263.7327330837669	-0.010995980537155775	-1.1023527039170182	0.16670688183674773	0	67.20638110563605	-10.198827616658	23.069775838183673	57.4470037509004	87.61030540826115	122.87469903699271	184.08868985915808	0.6295811110380696	1.0307855020481582	132.72680847786748	1.026543533576181	-118.47462454177577	1.0967622658808334	-8.951275883553382	1.0967622658808334	-2.6900340879542677	1.0967622658808334	-0.07486981942880322	1.1638718298694855	NaN	NaN	800000009	800000009	800000009	800000019	800001019	801111019	899999999	899999999	89999	89999	89	89	13	9	1	41	38	5	2	NaN	0	0	0	0	0	0	0	0	0	NaN	NaN	NaN	NaN	0	37	0	0	0	0	0	0	8727	0	0	0	18000	18000	18000	18000	93	NaN	0.8479022235069076	1.6861119504321538	0.8410234357821579	0.09081251661728795	2.249527022889247	0.9398174619945515	7.0093669907525e-8	NaN	0.11832524844722432	-0.23672022424533054	-0.07113907344740816	-0.00007486981942880322	NaN	397.3336164277419	15.579770089944416	95196.30917144098	11.390000343322754	12.773320059352518	94.41768558163113	93.89204684130351	94.94332351896497	-1.0512762566705542	0.00029258608450052426	-1	0	2.1115031841066147	73.88853843547665	1.0000911425550778	-292.5299947102839	9.000761051072015	-273.1499938964844	010
DATA	2026-06-19T133000_AIU-0547.ghg	2026-06-19	14:00:00	170.583	1	18000	18000	0.4316906211301307	0	NaN	26.219436775117234	0	NaN	198.0510603518797	1	NaN	-0.7081329856855233	1	NaN	4.499577043816346	1	NaN	0.10042703480752584	2	NaN	NaN	NaN	NaN	NaN	NaN	NaN	NaN	NaN	NaN	4.4414517393763666e-10	1.646025621658381e-11	2.492358277360735e-12	NaN	15.039608906177904	397.472506352275	403.41502851385223	0.1	1	557.375899862111	14.73054234858089	14.950775378437077	0.6	0	0.08439603973011749	2.084332608253444	2.1154949968933927	0	1	NaN	NaN	NaN	NaN	9	298.46188222334115	297.43011708498886	94784.61807130724	1.1040397122879302	1013.7063040410536	0.02608897987629453	0.29157259243929917	0.010174578650762274	1396.6033540969395	3025.5244775281767	0.009215772347243951	46.16070253174585	1628.9211234312372	285.0964274341201	1.1409944914464805	0.048061881303366714	0.27408353438176014	1.174436102035761	-3.6135736415489185e-14	2.953169704799921e-14	1.174436102035761	9.302279269281884	329.58796731850884	2.412032681491032	13.495829296135268	NaN	0.6253079626971183	2.57892021628055	-783.6829713682432	-0.0037004759653471208	0.13238725775329274	0.037465588322275964	0	72.04837159660083	-10.933618354180775	24.731874487143756	61.58586439657427	93.92232903932891	131.72740192813802	197.35165196377073	0.4266995412061669	1.0116969423258702	37.54148154585287	1.014373338716965	182.3153951692641	1.0863101284891843	-0.6518700020503158	1.0863101284891843	4.142074096348762	1.0863101284891843	0.07210806779899856	1.147971346327056	NaN	NaN	800000009	800000009	800000009	800000019	800010019	800111019	899999999	899999999	89999	89999	89	89	2	8	4	25	27	10	1	NaN	0	0	0	0	0	0	0	0	0	NaN	NaN	NaN	NaN	0	7	0	0	0	0	0	0	1709	0	0	0	18000	18000	18000	18000	93	NaN	2.7533719671665517	1.9334753575504413	0.47099310784410664	0.09583441032771985	0.8914756671959349	0.5739994466262228	7.676185206330527e-7	NaN	0.033543978048500754	-0.017260954794445952	0.10967854558032415	0.00007210806779899856	NaN	397.47227327397763	14.729995046971606	95192.34034375	11.390000343322754	11.926678118016936	94.32486712858412	93.79753882069058	94.8521978140937	-1.0546587628854645	0.0002938261939852965	-1	0	2.0718797003676523	72.74815075100798	1.0000812589360608	-273.1499938964844	9.000777967611949	-273.1499938964844	164
DATA	2026-06-19T140000_AIU-0547.ghg	2026-06-19	14:30:00	170.604	1	18000	18000	0.06188564817711449	2	NaN	17.259694031152165	2	NaN	237.36349815849147	2	NaN	1.295028985849547	2	NaN	5.392803997389751	2	NaN	0.009680517951818844	2	NaN	NaN	NaN	NaN	NaN	NaN	NaN	NaN	NaN	NaN	-1.6719850242623994e-10	-6.1735507656197235e-12	-9.306425982567617e-13	NaN	15.023685617288722	396.98491479492765	402.8905100996229	0	0	554.7267738594699	14.658065049074745	14.876120186445519	0.2	0	0.08362324790818251	2.065292637435335	2.0960161789300042	-0.1	0	NaN	NaN	NaN	NaN	9	298.5311320046319	297.4447870261443	94799.71012674416	1.1041914728638922	1013.6663198315521	0.026086113090737315	0.3494536990308558	0.010125630284253626	1389.9530578815445	3028.1847611459907	0.009170176127145078	45.90053670818714	1638.2317032644462	285.0240533474836	2.2349017571953946	0.3648087415557639	0.3880487653137877	2.2974884388157775	-5.0433232850552906e-14	-1.1128993689393623e-14	2.2974884388157775	8.15295265187518	322.729225574526	9.270774425473977	9.723943994866676	NaN	0.23674061829264603	2.6036561659300936	-64.6117254469586	-0.04488349413266611	0.07271418800723768	0.06513597363324944	0	32.70178910758189	-4.962622661385383	11.225465972251305	27.95299747759913	42.6300848815014	59.789300189358876	89.57526672062372	0.06137247277441932	1.0083616543296439	30.87373607590989	1.0133921436315476	216.78970646265915	1.0949020690674538	1.1827806544858799	1.0949020690674538	4.925375656640133	1.0949020690674538	-0.010900275997117985	1.151919930785629	NaN	NaN	800000009	800000009	800000009	800000019	800001019	800001119	899999999	899999999	89999	89999	89	89	2	3	2	19	34	17	5	NaN	0	0	0	0	0	0	0	0	0	NaN	NaN	NaN	NaN	0	0	0	0	0	0	101	0	2919	0	0	11	18000	18000	18000	18000	93	NaN	2.1778690509992087	2.543031786479743	0.4864114943812349	0.027375599034462725	0.3663038581262696	0.40949969065125025	5.081169680136969e-8	NaN	0.027583526016238764	0.03131326490808798	0.13039576875330225	-0.000010900275997117985	NaN	396.98474939010276	14.65747168583662	95195.20676953124	11.390000343322754	11.856814283980265	94.32576243082683	93.79604624154832	94.85547902679443	-1.0594356000191634	0.0002936941045110062	-1	0	2.052986743675338	68.63955290306956	1.0000919119252099	-273.1499938964844	9.000848535484737	-273.1499938964844	026
DATA	2026-06-19T143000_AIU-0547.ghg	2026-06-19	15:00:00	170.624	1	18000	18000	0.10119529889479818	1	NaN	8.923429423722448	0	NaN	169.164663379608	0	NaN	0.612846517895479	2	NaN	3.84345942221064	0	NaN	0.01095654367761514	0	NaN	NaN	NaN	NaN	NaN	NaN	NaN	NaN	NaN	NaN	-3.127287591384236e-11	-1.1075369472705304e-12	-1.7394059524258666e-13	NaN	15.035592069319902	397.2127972507302	402.8802725461676	0.1	0	532.4893619230155	14.067393420927297	14.268108516805686	0.4	0	0.08362837628261124	2.06515654049344	2.0946224181173916	-0.1	0	NaN	NaN	NaN	NaN	9	298.4499010179308	297.4731429595947	94815.05607378473	1.1045129578598718	1013.3382574556379	0.026084377449942568	0.24905617055924945	0.009718247417440463	1334.158473934478	3033.332682989072	0.00879867216430919	43.9832558234195	1699.174209054594	284.4045447637215	1.5097454912150838	-0.03604700493705226	0.28059602828387725	1.5360224496725	2.241802946022648e-14	-2.0799231430104178e-15	1.5360224496725	7.175028841495258	333.36774637030624	358.6322536296937	10.525728567589391	NaN	0.30268769147004987	1.7445782181891238	-261.2075544318689	-0.011102282268625622	0.05274996116475071	0.02633975781606116	0	49.73193997446493	-7.547013758177429	17.07136566995863	42.510114296468956	64.83060652915881	90.92584746206045	136.22348835690806	0.10019678375471494	1.009965540835399	18.704877085938225	1.0135602254686291	155.4571723470892	1.0881753528998588	0.5631872806733909	1.0881753528998588	3.532022124897678	1.0881753528998588	-0.0030392830455871407	1.1482615434764696	NaN	NaN	800000009	800000009	800000009	800000009	800001019	800001119	899999999	899999999	89999	89999	89	89	9	4	0	24	64	28	3	NaN	0	0	0	0	0	0	0	0	0	NaN	NaN	NaN	NaN	0	0	0	0	0	0	0	0	6017	0	0	0	18000	18000	18000	18000	93	NaN	1.1988021947410972	2.0115572532967696	0.27879698834038086	0.057051505980991325	1.3972663480618277	0.5371209499000066	8.785191202933402e-8	NaN	0.016712045299267033	0.014900050703619995	0.09344548528219192	-0.000003039283045587141	NaN	397.2104968271213	14.066701097180003	95216.45456293403	11.390000343322754	11.233678912983985	94.34529591539172	93.81636932648553	94.87422541724311	-1.0578564358386728	0.0002933355296101784	-1	0	2.053393462764996	71.92327828375495	1.000086534768343	-273.1499938964844	9.000794448773066	-273.1499938964844	240
DATA	2026-06-19T150000_AIU-0547.ghg	2026-06-19	15:30:00	170.645	1	18000	18000	0.3653016613689819	0	NaN	24.902853293112976	0	NaN	211.33697515826776	0	NaN	2.5525324275532277	1	NaN	4.803299133380743	0	NaN	0.009735960188887451	0	NaN	NaN	NaN	NaN	NaN	NaN	NaN	NaN	NaN	NaN	5.193283311008301e-12	1.7282703037520948e-13	2.8917963617637225e-14	NaN	15.042536597263014	398.3268929452192	403.67800902557246	0.3	0	500.59986596622247	13.25590188395485	13.433981423617194	0.3	0	0.08376194788267215	2.071131263244895	2.0989548021611997	0	0	NaN	NaN	NaN	NaN	9	298.7016458095974	297.8325804680718	94832.8598016493	1.1037275142872196	1012.8970493374661	0.02611099232049611	0.3112537838430721	0.009148306319026746	1257.4322873545896	3099.2523163870474	0.008288555101332837	40.5721173686317	1841.8200290324578	283.51427314968345	1.2030123430152737	-0.2941369529274418	0.2679801590972189	1.2671103386029179	-8.651082521336938e-14	3.4523986545947424e-16	1.2671103386029179	8.413912743726529	345.73929144200963	346.26070855799037	12.209637790392476	NaN	0.575300682412785	2.9569523095940315	-642.6460496712867	-0.0045125928985066495	0.11783481463413359	0.038719259768392224	0	68.46036861548822	-10.389125059192843	23.500229171338155	58.518893413711275	89.24500477622162	125.16738814380597	187.5235559238192	0.3612737021052307	1.0111493287230133	37.00391140936566	1.0140896192536792	194.4832588468051	1.0866589567215057	2.3489728877350093	1.0866589567215057	4.420245288248018	1.0866589567215057	-0.011621275589662985	1.147907285721312	NaN	NaN	800000009	800000009	800000009	800000009	800001109	800011119	899999999	899999999	89999	89999	89	89	5	22	1	33	48	26	0	NaN	0	0	0	0	0	0	0	0	0	NaN	NaN	NaN	NaN	0	0	0	0	0	0	0	0	503	0	0	0	18000	18000	18000	18000	93	NaN	1.8596158356811336	3.601309069594559	0.4529797139123706	0.05613165694899747	1.4214133536459117	0.9020964152764485	9.175070175377946e-8	NaN	0.03309942562717484	0.06215819701293124	0.11696792198284271	-0.000011621275589662986	NaN	398.3250995676042	13.254607819156837	95230.17745486111	11.39264126300812	10.329354234059599	94.3025129354265	93.77520222727458	94.82982153405084	-1.0546091235644286	0.0002941676112887863	-1	0	2.0600501347260347	69.152965672493	1.0000750332905186	-273.1499938964844	9.000683741728464	-273.1499938964844	122
DATA	2026-06-19T153000_AIU-0547.ghg	2026-06-19	16:00:00	170.666	1	18000	18000	0.3654288537418036	0	NaN	42.7242266809536	0	NaN	162.25358652564512	0	NaN	-1.7094796835909467	0	NaN	3.687091386528429	0	NaN	0.018250184656870026	0	NaN	NaN	NaN	NaN	NaN	NaN	NaN	NaN	NaN	NaN	-8.741184756070678e-10	-2.8782015057677795e-11	-4.850212686533733e-12	NaN	15.071251702608576	398.45814901909506	403.75541734401367	0.1	1	496.2496567084628	13.119993187373478	13.294415832526333	0.3	0	0.08362570778425518	2.065997640839891	2.093463872586235	-0.3	0	NaN	NaN	NaN	NaN	9	298.5094612740411	297.65571843973794	94823.37308658854	1.1043298880526529	1012.8168934023433	0.026098097573982997	0.2389235218470422	0.009058985261936587	1244.415720729012	3066.661884125936	0.008203151395196747	40.578836785709	1822.246163396924	283.3585142096302	0.9396126365888349	-0.1374933911644526	0.2652043891542493	0.9859562401436323	-3.652364410302767e-14	-5.799906290834309e-14	0.9859562401436323	6.711659390170355	340.32499977615805	351.6750002238419	15.603693341786347	NaN	0.5752438770504957	2.090654221784982	-374.4338713860377	-0.007745025815279751	0.2633176103888513	0.06640372511194038	0	69.89229954862802	-10.606426102721702	23.991764723466343	59.74288643838871	91.11167136817404	127.78541458053307	191.4458365929148	0.36068795695738787	1.013144039585929	51.73507768860646	1.0151865037864056	149.407007577745	1.0859837778439898	-1.5741300362559625	1.0859837778439898	3.3951624893038765	1.0859837778439898	-0.006069750043985122	1.148514150495661	NaN	NaN	800000009	800000009	800000009	800000009	800001019	800101119	899999999	899999999	89999	89999	89	89	8	11	4	23	42	21	3	NaN	0	0	0	0	0	0	0	0	0	NaN	NaN	NaN	NaN	0	0	0	0	0	0	0	0	6324	0	0	0	18000	18000	18000	18000	93	NaN	1.8008605878415485	1.9503990526355588	0.4300488030928576	0.06996919984594385	0.9874511088921483	0.6521042192021566	1.1742667808735702e-7	NaN	0.04625464399824038	-0.04162810625254679	0.08978558416022835	-0.000006069750043985121	NaN	398.4572603285157	13.11920895041002	95223.07316210937	11.399999618530273	10.18084874023336	94.32926269192166	93.80068118307325	94.85783822186788	-1.0571632657249765	0.0002939351713996278	-1	0	2.0550862514647066	66.67300416787457	1.0000694449378384	-273.1499938964844	9.000727891551124	-273.1499938964844	015
DATA	2026-06-19T160000_AIU-0547.ghg	2026-06-19	16:30:00	170.687	1	18000	18000	0.8888152847297023	1	NaN	-10.35027549121235	2	NaN	167.4091227441014	0	NaN	6.165956993667771	0	NaN	3.8050820817700104	0	NaN	0.03359381036166665	0	NaN	NaN	NaN	NaN	NaN	NaN	NaN	NaN	NaN	NaN	-9.775350967712305e-11	-3.1213939915693148e-12	-5.431836426384974e-13	NaN	15.033839656502302	398.24540948284675	403.3749197275282	0.1	1	480.0496363662005	12.716482839702417	12.880274631018416	0.4	0	0.08353803167205476	2.065633010338128	2.092238930798181	0	1	NaN	NaN	NaN	NaN	9	298.60067158253986	297.88183119592867	94819.34116191023	1.1036139071238948	1012.5993213255668	0.026119033461053185	0.24656931889869665	0.008773334780529734	1206.0919593999774	3108.381379079255	0.00794964137720386	38.80128633884811	1902.2894196792777	282.89144262052093	-0.2301117505904962	-0.2809616399582551	0.20141000174934706	0.41527924303112074	-1.8680017749706368e-14	-6.5022317591929066e-15	0.41527924303112074	7.836081199190572	101.31798487241315	230.68201512758688	29.01240439238714	NaN	0.8974229567892088	1.8629350933081081	5868.0396515397	0.0004942025228543022	-0.061826233371006886	-0.010320480984408823	0	78.15523512645757	-11.860358455266821	26.828163119122475	66.80591949155836	101.88324242486536	142.89269614494276	214.07929728353523	0.8762452516117222	1.014345336645031	-0.5117457811769471	1.0151712322428936	153.35671561736982	1.091632160157843	5.648383419535948	1.091632160157843	3.4856815515766963	1.091632160157843	0.02330624775413547	1.1674990484571137	NaN	NaN	800000009	800000009	800000009	800000019	800001019	800101119	899999999	899999999	89999	89999	89	89	6	17	1	26	38	30	2	NaN	0	0	0	0	0	0	0	0	0	NaN	NaN	NaN	NaN	0	0	0	0	0	0	101	0	2913	0	0	16	18000	18000	18000	18000	93	NaN	1.535708720554106	1.3985971228838803	0.79156434317823	0.09631793679184457	1.0640574155280376	0.5999335928746887	8.124359052498146e-8	NaN	-0.00045793039903315363	0.1494310628001399	0.09221560580208261	0.000023306247754135472	NaN	398.24495335580025	12.715729704378024	95223.78427517362	11.39402616262436	9.716038760052797	94.29986762767368	93.77003505325317	94.82970270284017	-1.059672536413427	0.00029437768133357166	-1	0	2.055043057715672	68.31936991575027	1.0000660087747706	-273.1499938964844	9.000688140763177	-273.1499938964844	149
DATA	2026-06-19T163000_AIU-0547.ghg	2026-06-19	17:00:00	170.708	1	18000	18000	0.7199880174113729	1	NaN	79.61658039529905	0	NaN	91.15970890636785	0	NaN	0.3240518543372611	2	NaN	2.071900710102611	0	NaN	-0.14517027411154831	1	NaN	NaN	NaN	NaN	NaN	NaN	NaN	NaN	NaN	NaN	7.838960697833797e-10	2.5107687753245216e-11	4.381920852247077e-12	NaN	15.010607548110698	397.81225790647215	402.94646931934494	0.2	0	480.78012102881945	12.741671174202038	12.906116668933477	0.2	0	0.08390818216264288	2.074297449508773	2.1010685743982043	0	0	NaN	NaN	NaN	NaN	9	298.56902391645644	297.8369993236757	94859.15353659086	1.1042329111662716	1012.612098601175	0.026104141983745055	0.13425916601464918	0.008795727461033272	1208.9883535877755	3100.070434517229	0.007965463963343909	38.99873822628324	1891.0820809294535	282.9271958994627	0.4806947240752111	0.09296352578058828	0.2508988508425691	0.5501453155606096	-7.010414367395701e-14	5.222280758929337e-14	0.5501453155606096	5.90484508256122	321.05445814596226	10.945541854037716	27.13310789787733	NaN	0.8074809603082651	1.8771804718236946	-555.8764441799308	-0.005216986670982776	0.873374666839656	0.0881794591038682	0	86.42563088476228	-13.115422918980606	29.66712235332463	73.87532939479324	112.66453858026122	158.01361729856356	236.73319256425245	0.705723965109534	1.0202119426391096	83.7114799114852	1.0196133774899563	83.70983813180402	1.0889963586219549	0.2975692726349654	1.0889963586219549	1.9025781800817492	1.0889963586219549	-0.1623741745664924	1.1539098251332647	NaN	NaN	800000009	800000009	800000009	800000019	800001019	800011119	899999999	899999999	89999	89999	89	89	8	11	2	12	7	5	1	NaN	0	0	0	0	0	0	0	0	0	NaN	NaN	NaN	NaN	0	2	0	0	0	0	0	0	2012	0	0	0	18000	18000	18000	18000	93	NaN	1.5458867392849238	1.7101118333809968	0.4983623709814683	0.10904803391122334	0.4572322595857346	0.4756531920459481	4.450654907822777e-7	NaN	0.0748654123241315	0.007868069792569264	0.0503063295956171	-0.00016237417456649238	NaN	397.81290150647754	12.740703664210415	95260.88556770833	11.390000343322754	9.754613482289825	94.30129415660434	93.7721715458764	94.83042070621914	-1.0582449505461589	0.00029465911702007154	-1	0	2.063642275615973	73.10104209208467	1.0000547344088555	-273.1499938964844	9.000611341794333	-273.1499938964844	078
DATA	2026-06-19T170000_AIU-0547.ghg	2026-06-19	17:30:00	170.729	1	18000	18000	0.0944132778757085	1	NaN	27.754999967401748	1	NaN	143.992012073208	1	NaN	1.1915961198406144	1	NaN	3.272034531822636	1	NaN	-0.00556326380632943	1	NaN	NaN	NaN	NaN	NaN	NaN	NaN	NaN	NaN	NaN	3.4284205729881245e-10	1.0753292180563793e-11	1.943592590511241e-12	NaN	15.033337621997843	398.08927623323206	403.1227186745462	-0.1	0	471.52287316228524	12.486129429430248	12.64400410114337	0.2	0	0.0852249103945337	2.1046309698087624	2.1312419324224177	-0.1	0	NaN	NaN	NaN	NaN	9	298.3331483527289	297.6317110790677	94869.58277083334	1.1052233338322315	1012.4650217037558	0.026083281633996303	0.21202783766210678	0.008626217334562371	1184.8716334339667	3062.2611700199577	0.007804954049107867	38.69270345175178	1877.389536585991	282.62716517170884	1.550940018156944	0.12387401283034669	0.2613480763153992	1.5776763064610873	1.1117481834309893e-13	2.280545185103418e-14	1.5776763064610873	8.188380665433417	327.43346398488495	4.566536015115007	9.535217172209048	NaN	0.292274896433336	2.11925824441208	-75.61908290659021	-0.03835010804855007	0.19275374770991208	0.08486324655789522	0	43.865502487038825	-6.65675923659984	15.05760751817075	37.49557176642447	57.18311277221894	80.20012873077224	120.15440721558835	0.09349488097339013	1.009822964559736	35.87255015364766	1.013508569728326	132.28917398063962	1.0884640650510151	1.0947500777481025	1.0884640650510151	3.0061024859550862	1.0884640650510151	-0.022658745275349015	1.1483742022763221	NaN	NaN	800000009	800000009	800000009	800000009	800011109	800011119	899999999	899999999	89999	89999	89	89	21	13	6	63	47	31	3	NaN	0	0	0	0	0	0	0	0	0	NaN	NaN	NaN	NaN	0	0	0	0	0	0	0	0	553	0	0	0	18000	18000	18000	18000	93	NaN	1.8195001282891263	2.0632521005482425	0.35576425998679223	0.03245580379617044	1.2678327330040975	0.47284723167920945	2.881466642523338e-8	NaN	0.03205768652541526	0.028915818090925388	0.07940069100096168	-0.000022658745275349015	NaN	398.0895879859725	12.485309221093123	95263.11567317709	11.380693463643393	9.453313260210837	94.32252872509426	93.79441567844815	94.8506376569536	-1.056224191529883	0.0002942652962099398	-1	0	2.0939965020018594	65.98550007290245	1.0000552589893341	-273.1499938964844	9.000628886275821	-273.1499938964844	024
DATA	2026-06-19T173000_AIU-0547.ghg	2026-06-19	18:00:00	170.749	1	18000	18000	0.18407653661913692	1	NaN	27.36389573947241	1	NaN	289.2887201401929	1	NaN	0.09926756207397011	2	NaN	6.572133068119838	1	NaN	0.0106104055800004	1	NaN	NaN	NaN	NaN	NaN	NaN	NaN	NaN	NaN	NaN	-1.3870803118772312e-10	-4.350355751517732e-12	-7.868699737093987e-13	NaN	15.064585353217552	397.8186750346986	402.8449501483942	0.1	1	472.47664734643206	12.476947053311953	12.634588140582403	0.2	0	0.08545914594365937	2.1079854994446023	2.1346190280364046	-0.2	0	NaN	NaN	NaN	NaN	9	298.13595131174725	297.38343119981556	94882.59102105035	1.1063015952411734	1012.453259540168	0.026057950361481355	0.4258742228141655	0.008628253052677278	1184.1626183572062	3017.071910508273	0.007799187029822841	39.248736970200866	1832.909292151067	282.6182633214287	3.371258310896426	0.7062549967270919	0.4999462518390314	3.4805351562537705	9.543783329536411e-14	-9.207557190287839e-15	3.4805351562537705	10.338833287185327	320.168046059183	11.83195394081703	8.258568824829057	NaN	0.40790821137987254	3.191291042235944	-208.51941270309757	-0.013907578015909692	0.09459026168117281	0.059891743719272535	0	46.269067953695036	-7.0215095691798375	15.8826737636066	39.550103376473544	60.316403110699035	84.5946129817078	126.73814540336515	0.18263363782872355	1.0079005094985105	43.585106810673715	1.0148074465177663	260.9761593360646	1.1084871540609562	0.08955228909085883	1.1084871540609562	5.928921272603609	1.1084871540609562	-0.016642669766449777	1.1613604476793296	NaN	NaN	800000009	800000009	800000009	800000009	800000009	800001119	899999999	899999999	89999	89999	89	89	10	10	9	46	26	39	0	NaN	0	0	0	0	0	0	0	0	0	NaN	NaN	NaN	NaN	0	0	0	0	0	0	0	0	8937	0	0	0	18000	18000	18000	18000	93	NaN	2.7853659603087015	2.99077998262956	0.6064361415336267	0.031433076117896856	0.2031183364081048	0.3749333289800828	1.781898925031163e-8	NaN	0.03891254116118566	0.002363040544287821	0.15644805390555885	-0.000016642669766449778	NaN	397.8193812306185	12.476478612400419	95273.23837239583	11.380000114440918	9.447569892962793	94.40553987757366	93.88041496594747	94.93065909279719	-1.0502464798523323	0.00029348891648179335	-1	0	2.097293476090387	66.00664765018891	1.0000649656338825	-273.1499938964844	9.000674118783738	-273.1499938964844	223
DATA	2026-06-19T180000_AIU-0547.ghg	2026-06-19	18:30:00	170.77	1	18000	18000	0.236393772581291	1	NaN	19.054529402952742	1	NaN	224.06222138720054	1	NaN	-0.382675998168885	1	NaN	5.0886180688130365	1	NaN	0.017739113677843858	1	NaN	NaN	NaN	NaN	NaN	NaN	NaN	NaN	NaN	NaN	2.328919787596045e-10	7.164314129497377e-12	1.3183102707161114e-12	NaN	15.120028154354713	398.00332378537087	402.93669284235807	0.1	1	465.1282191923679	12.243533896569886	12.395296124832292	0.2	0	0.08558855704505688	2.1076172854733093	2.133741825844566	-0.2	0	NaN	NaN	NaN	NaN	9	297.7719936481052	297.0425102438059	94916.06314773172	1.1080602924816978	1012.3149370076076	0.026018898680228504	0.32974245085908477	0.008479547397755886	1162.4197596570816	2955.9697505354893	0.007652604696053528	39.324480889782556	1793.5499908784077	282.3429695957665	3.6056015645703647	0.8691199320602815	0.4473095743156689	3.7357486470601455	-5.468143520766159e-14	1.5402879967027667e-14	3.7357486470601455	10.789082155829066	318.4475513049251	13.552448695074878	6.8769589328795115	NaN	0.4618876175815906	3.6276738085260307	-434.84687393184953	-0.006669014252714845	0.08504124115606587	0.03677755642085482	0	49.786451956573835	-7.555286161771028	17.090077869411402	42.556710318887674	64.90166840337972	91.02551275106052	136.37280512122368	0.23452966681500534	1.0079482727776015	31.57287105336974	1.0152422244195085	201.56000832506996	1.1116402665842307	-0.344244455398098	1.1116402665842307	4.577576237364071	1.1116402665842307	-0.003567340943450359	1.1637083555024053	NaN	NaN	800000009	800000009	800000009	800000019	800011019	800011119	899999999	899999999	89999	89999	89	89	24	9	0	59	50	29	0	NaN	0	0	0	0	0	0	0	0	0	NaN	NaN	NaN	NaN	0	0	0	0	0	0	101	0	17603	0	0	21	18000	18000	18000	18000	93	NaN	3.562586913739026	3.0453471990231042	0.6474135042899309	0.020605946858854706	0.7858881158873927	0.297879526734619	2.3585097986451282e-8	NaN	0.028147189611530753	-0.00906791470816478	0.12058021629581953	-0.000003567340943450359	NaN	398.0019330622825	12.24299575328987	95309.1783624132	11.380000114440918	9.175440945095485	94.47683119371202	93.95092167833117	95.00274208047655	-1.0518258139987786	0.0002928744752393363	-1	0	2.097137823618121	70.16690260495041	1.0000765053547092	-325.31449608696806	9.00055282052358	-297.65761992560766	053
DATA	2026-06-19T183000_AIU-0547.ghg	2026-06-19	19:00:00	170.791	1	18000	17999	0.06215066369264121	2	NaN	18.271884777232007	2	NaN	273.9622971919479	2	NaN	2.3288718372310737	2	NaN	6.220358964779869	2	NaN	0.01768609675023275	2	NaN	NaN	NaN	NaN	NaN	NaN	NaN	NaN	NaN	NaN	-2.6731950665961385e-10	-8.157093677913979e-12	-1.5056404651811958e-12	NaN	15.14793374521982	398.00341531479273	402.89652691844356	0.1	1	462.23007116322833	12.144834409657955	12.294144762000819	0.2	0	0.08531865966567113	2.09838462024149	2.124182464529095	-0.3	0	NaN	NaN	NaN	NaN	9	297.5148525729709	296.7894820861817	94951.76598046874	1.1094637219251053	1012.2536059165136	0.02598696010111147	0.4030792609177355	0.008421528295740091	1153.4828013146403	2911.321349103552	0.0075906297153433095	39.62059364109078	1757.838547788912	282.2284978731159	4.386177604222425	1.4290168533295158	0.5980390000521306	4.6515065621658565	3.254877037620599e-14	-1.7647258771776113e-14	4.6515065621658565	11.984140764658829	313.95438824753853	18.045224189138334	7.386901328995234	NaN	0.23668260053246962	3.337755943297289	-61.0306307346128	-0.047517123206712975	0.06669488818174882	0.06874079920103111	0	26.70897596795658	-4.053190147026179	9.168327148573692	22.83043094080893	34.81784769836905	48.83252646040352	73.16002308906543	0.061635909990777865	1.008351522707142	33.42358142160571	1.017006870417346	243.91238706168244	1.123199606597537	2.0734265072312756	1.123199606597537	5.53807081861696	1.123199606597537	-0.0063266962518750015	1.1726142499833043	NaN	NaN	800000009	800000009	800000009	800100009	800101009	800111109	899999999	899999999	89999	89999	89	89	11	14	3	67	63	26	3	NaN	0	0	0	0	0	0	0	0	0	NaN	NaN	NaN	NaN	0	0	0	0	0	0	0	0	17703	0	0	0	18000	18000	18000	18000	93	NaN	3.2031504068351957	2.665912996746091	0.8064484830132918	0.02812675507654929	0.5902088800153739	0.2932339447176957	1.9745320985119173e-7	NaN	0.029761207331238777	0.05454466553832522	0.14568744996531824	-0.000006326696251875001	NaN	397.99875543444836	12.144189655628452	95340.39642447917	11.39194870705075	9.060076559252215	94.50973878733318	93.98380941348606	95.03566788185967	-1.0518618601693046	0.000291831496912184	-1	0	2.087999295668471	70.91707803270553	1.0000746966153384	-435.33637570699506	9.000541131681866	-363.347747684059	011
DATA	2026-06-19T190000_AIU-0547.ghg	2026-06-19	19:30:00	170.812	0	18000	17997	0.3134473558048038	1	NaN	11.842790672265663	0	NaN	212.94347819978907	0	NaN	1.122614262862811	2	NaN	4.835369322760464	0	NaN	0.0008449100263014871	0	NaN	NaN	NaN	NaN	NaN	NaN	NaN	NaN	NaN	NaN	-1.9777064480905583e-10	-6.0710839474490876e-12	-1.1025684338138446e-12	NaN	15.16812850240451	397.9225272763062	402.8433662209817	0.1	1	465.6251262805023	12.215266173642645	12.366324114288211	0.2	0	0.08456209314041482	2.080721160324447	2.106452032584477	-0.1	0	NaN	NaN	NaN	NaN	9	297.25386693530606	296.88602532375535	94967.72261238407	1.109259644982078	1012.2951686868269	0.02599104565891556	0.31333193211487803	0.008469035956043687	1160.3671823593097	2928.2870522531684	0.007634854467441226	39.62614189297002	1767.9198698938587	282.3167473358038	2.7614065952802522	0.3169839055590082	0.4810867741522122	2.8200256116939197	1.4349661848738519e-13	-1.3038566015425336e-14	2.8200256116939197	12.083985171809594	325.45163712033434	6.545618232941127	9.822508295886683	NaN	0.531576408360389	3.4792729024732263	-1066.9242072124773	-0.0027180937318656852	0.05561471415975675	0.019840288215625987	0	57.800674099263475	-8.77147529099109	19.841100991139243	49.40714686847644	75.34901637807681	105.67806683295274	158.32500118083664	0.3109658629426632	1.007979952650295	23.92324950898695	1.0138625675638193	193.47459054234207	1.1006276204170913	1.0199764589202185	1.1006276204170913	4.393283643861366	1.1006276204170913	-0.015923775803476096	1.1557211963224543	NaN	NaN	800000009	800000009	800000009	800100019	800101019	800111119	899999999	899999999	89999	89999	89	89	22	4	4	68	35	32	1	NaN	0	0	0	0	0	0	0	0	0	NaN	NaN	NaN	NaN	0	0	0	0	0	0	101	0	16510	0	0	16	18000	18000	18000	18000	93	NaN	3.0150315454527608	3.3530600865302134	0.5904541729634785	0.018167240491547727	0.7867396093080375	0.3392006710057546	9.014594532624695e-8	NaN	0.02130491432538636	0.026838178142844563	0.11559848076377932	-0.000015923775803476097	NaN	397.9223326890692	12.214657354704578	95369.15620399306	11.399999618530273	9.148587144692799	94.54669388537937	94.0217988166809	95.07158838611178	-1.0497952281335992	0.0002916804591950495	-1	0	2.0703952106518875	64.72502440039366	1.0000886728780136	-358.3412474738082	9.00068706395891	-311.7888705189928	166
DATA	2026-06-19T193000_AIU-0547.ghg	2026-06-19	20:00:00	170.833	0	18000	18000	0.2988458809813382	0	NaN	5.539441671615308	1	NaN	170.4382778434019	0	NaN	-0.18601894817467146	2	NaN	3.8679349159016057	0	NaN	0.1071856102829012	2	NaN	NaN	NaN	NaN	NaN	NaN	NaN	NaN	NaN	NaN	7.788839350292648e-11	2.4252985471640215e-12	4.336744619209501e-13	NaN	15.256378297855457	399.41649513329327	404.4466305672378	0.1	1	475.05501727138983	12.437080825447051	12.593709812274536	0.3	0	0.08494592520946441	2.0845412870395514	2.110793395100233	0	1	NaN	NaN	NaN	NaN	9	296.95719241926406	296.2844547780354	95004.0751358507	1.1118436429650072	1012.4021987797366	0.025928455737316402	0.25064218255042403	0.008643638579369025	1181.8903057575824	2823.963213676068	0.007774149390573136	41.85218490219169	1642.0729079184855	282.58970222147445	1.1147179649915366	-0.20988908398546974	0.2631062546243028	1.1644202292442596	-7.844521440176009e-16	5.105300352566311e-15	1.1644202292442596	6.964257874286136	342.66331775745334	349.3366822425466	13.059025866872885	NaN	0.5184439113990219	1.6013339357474214	-2116.6929408158644	-0.001370061733603276	0.03250115960867035	0.009492211760127402	0	69.23097773776985	-10.506067966528102	23.76475434614192	59.17759850108398	90.24957159625865	126.57630739251071	189.6343736970804	0.2953718336548625	1.011761606661978	15.35973599566184	1.0144079477052033	156.9011671593491	1.0862779476350515	-0.17124433813616075	1.0862779476350515	3.560723039920429	1.0862779476350515	0.08636532837926889	1.1479854869963522	NaN	NaN	800000009	800000009	800000009	800000009	800011009	800111109	899999999	899999999	89999	89999	89	89	10	3	0	73	43	14	1	NaN	0	0	0	0	0	0	0	0	0	NaN	NaN	NaN	NaN	0	0	0	0	0	0	0	0	16107	0	0	0	18000	18000	18000	18000	93	NaN	1.6198995489375183	1.2250514278967524	0.3577168946605721	0.04205243728174923	5.319616925821364	0.4210133828135384	4.964095134945292e-7	NaN	0.013645421459571561	-0.00449603377638731	0.09348706783586316	0.00008636532837926889	NaN	399.41538739592517	12.436330487491372	95395.6295655382	11.381386746724448	9.417229760116992	94.59596654383341	94.07289666218226	95.11903204176161	-1.0461356794999714	0.0002913178717555842	-1	0	2.0740070711833467	63.13524130280366	1.00007699059695	-425.2022502814431	9.000623483869765	-366.416247812901	219
DATA	2026-06-19T200000_AIU-0547.ghg	2026-06-19	20:30:00	170.854	0	18000	18000	0.4129659672673964	1	NaN	-90.62556822172472	2	NaN	45.56921402173213	2	NaN	8.299879582812842	2	NaN	1.0333779511990289	2	NaN	-0.15648591357969968	1	NaN	NaN	NaN	NaN	NaN	NaN	NaN	NaN	NaN	NaN	-7.48198934629267e-10	-2.294796896942946e-11	-4.197118259172038e-12	NaN	15.420600922720553	401.7913187012663	406.8045006415082	0.1	1	472.9644150587972	12.32331975761428	12.47707878917422	0.1	1	0.08650384637639914	2.1151523038789053	2.141543225825506	-0.1	0	NaN	NaN	NaN	NaN	9	296.40957271915005	295.51355128139915	95031.94464800347	1.115119303279814	1012.3192685442455	0.025853408287643303	0.06696289123769707	0.008589437159169329	1171.4231786883106	2695.0282050923447	0.007702706906701268	43.466082339133514	1523.605026404034	282.4575109151023	0.1805319685206575	-0.16548772131450498	0.25477126785225723	0.353392666147601	8.876307170384376e-14	-4.8519440868668e-14	0.353392666147601	5.475365094056644	14.510461478972786	317.4895385210272	46.13129140749495	NaN	0.6085502770577779	1.070182887877209	209.28172894291365	0.01385691916178235	-1.9887454758053331	-0.1319214575677764	0	68.59418226062922	-10.409431796099337	23.5461630655117	58.633275304952434	89.41944437742806	125.41204216479693	187.8900922290633	0.40660332591240206	1.0156482767097805	-86.90334587041566	1.0164605246609961	41.51322319537897	1.0977035872946783	7.561130052665794	1.0977035872946783	0.9413998124446493	1.0977035872946783	-0.1159874739778315	1.1785179773413654	NaN	NaN	800000009	800000009	800000009	800000009	800001009	800111109	899999999	899999999	89999	89999	89	89	1	1	3	36	69	11	1	NaN	0	0	0	0	0	0	0	0	0	NaN	NaN	NaN	NaN	0	0	0	0	0	0	0	0	16008	0	0	0	18000	18000	18000	18000	93	NaN	0.5262567784202468	1.1097244426211423	0.5043845547130289	0.1754579861885545	11.062248688983718	0.5832949646479527	1.6264881190075635e-7	NaN	-0.07698350149209146	0.19792067639601216	0.024642148242435415	-0.00011598747397783151	NaN	401.78495429887965	12.322711116400388	95424.52832552083	11.390564548810325	9.278984669155541	94.70411011801825	94.1820649026235	95.22615167130365	-1.0440835405190785	0.00028983796194532064	-1	0	2.104470648027128	65.64296396191865	1.0000960881114005	-273.1499938964844	9.000888602177302	-273.1499938964844	057
DATA	2026-06-19T203000_AIU-0547.ghg	2026-06-19	21:00:00	170.874	0	18000	18000	0.3428854697243402	1	NaN	117.0515094736169	1	NaN	41.46219492737766	2	NaN	-13.945365291273271	2	NaN	0.9393794531624907	2	NaN	-0.033949740433128234	1	NaN	NaN	NaN	NaN	NaN	NaN	NaN	NaN	NaN	NaN	-2.423906799938837e-10	-7.509234207269792e-12	-1.35910732515348e-12	NaN	15.665136564462713	406.4572181342553	411.6405948121997	0.1	1	485.3040527564199	12.591995889786219	12.752576277861234	0.1	1	0.08783589309138508	2.138626184706477	2.165899178256778	-0.9	0	NaN	NaN	NaN	NaN	9	295.48670041402175	294.56475619535894	95051.58899089594	1.1188281518671719	1012.4443926747884	0.025765075671094578	0.0608717885649294	0.008806796173174702	1197.2102707535964	2543.4236659389303	0.007871446708305791	47.07081587650614	1346.2133951853339	282.78133281308646	-0.1637651615917944	-0.15229541528165375	0.23253307590468225	0.32262137724688	9.551366888043227e-14	-1.547325674413597e-14	0.32262137724688	4.544645459887548	109.07833512679088	222.92166487320915	46.11738920179714	NaN	0.5535958783769134	0.7283434840857946	-122.00219008473582	-0.023770065094616943	2.8230900384949784	0.18665928831601328	0	69.06409743765474	-10.480743237157315	23.707469739351186	59.03495173051027	90.03202627066335	126.2711969801584	189.1772627009801	0.33265672944659497	1.0307486347706287	116.85159960690714	1.026519128521771	37.80517926179353	1.096733192038583	-12.715367231069154	1.096733192038583	0.8565250509254612	1.096733192038583	-0.06950945487465673	1.1638358143595502	NaN	NaN	800000009	800000009	800000009	800000019	800000019	801110019	899999999	899999999	89999	89999	89	89	5	11	5	0	14	0	0	NaN	0	0	182	0	0	0	0	0	0	NaN	NaN	NaN	NaN	0	41	0	0	0	0	0	0	10264	0	0	0	18000	18000	18000	18000	93	NaN	0.4015464183658563	0.6448023938827137	0.4103381559230193	0.42843015986467525	32.65810369736019	0.8563353234722367	3.5017192229056867e-7	NaN	0.10315733097816421	-0.3317914359741528	0.022349938576685338	-0.00006950945487465673	NaN	406.4508281660923	12.5911678782807	95444.89160872396	11.420000076293945	9.592464833312581	94.76577855406867	94.24085638724434	95.29070102861192	-1.0498411208192506	0.00028849887037520397	-1	0	2.1301255129310794	73.15235020462745	1.0001021200782723	-273.1499938964844	9.000920093801286	-273.1499938964844	004
DATA	2026-06-19T210000_AIU-0547.ghg	2026-06-19	21:30:00	170.895	0	18000	18000	0.07071677358816522	1	NaN	18.800300029130256	1	NaN	85.49492651944846	1	NaN	11.91776807038419	1	NaN	1.934670327630721	1	NaN	-0.002087986208946366	1	NaN	NaN	NaN	NaN	NaN	NaN	NaN	NaN	NaN	NaN	-1.3647093192285234e-10	-4.581190999080987e-12	-7.511882600180898e-13	NaN	16.07701789962157	415.19587907576994	421.06455270175996	0.1	0	539.6892118788052	13.937705248123438	14.134710679339573	0.1	1	0.08849406193784565	2.143535232352096	2.1738334826923644	-0.1	0	NaN	NaN	NaN	NaN	9	294.3363098068238	293.32146747295667	95098.81134713501	1.1235539253233893	1013.1633321820832	0.025643587401617197	0.12536663723047073	0.009794162140459351	1325.8147424030626	2356.0804707082975	0.008717126895035612	56.272048382307126	1030.265728305235	284.30994814736385	1.0939386838983252	-0.12983629648083167	0.33437648062545805	1.1512458203218459	-2.4778993960946804e-14	-8.488572493662812e-15	1.1512458203218459	3.358034372967336	338.7686002879221	353.2313997120779	16.884749621401117	NaN	0.25087897020223326	0.45611898260688266	-70.73498887137609	-0.040998097918320674	0.21989959866043687	0.06583049743343258	0	90.83061522271844	-13.783896286803792	31.179210931455735	77.64064375367043	118.40688055460956	166.06733356604514	248.7991271121916	0.06988869001467582	1.0118486063097694	23.518210289311792	1.0144547935363446	78.70729294528124	1.0862389407660875	10.971589788503616	1.0862389407660875	1.7810725200721156	1.0862389407660875	-0.013295921961272465	1.148005897863849	NaN	NaN	800000009	800000019	800000009	800000019	800000019	800101019	899999999	899999999	89999	89999	89	89	3	0	5	5	23	0	8	NaN	0	0	505	0	0	0	0	0	0	NaN	NaN	NaN	NaN	0	801	0	0	0	0	0	0	11172	0	0	0	18000	18000	18000	18000	93	NaN	0.32502337349690963	0.5447296589831995	0.04248493273365627	0.17592240178505483	48.95978841614899	0.834088872309799	9.091603089123962e-7	NaN	0.020660026978076302	0.285328817373804	0.046318840350890324	-0.000013295921961272465	NaN	415.1876075711143	13.936900970717117	95489.8523578559	11.408050913916693	11.12638529772228	94.79652602238126	94.26136407725016	95.33168946838379	-1.0703232744336137	0.0002874809640699015	-1	0	2.1684698702535203	64.70765771903176	1.000112774329053	-273.1499938964844	9.00097750096851	-273.1499938964844	183
DATA	2026-06-19T213000_AIU-0547.ghg	2026-06-19	22:00:00	170.916	0	18000	18000	0.03026428196310664	0	NaN	-0.3291090163214509	1	NaN	93.69904504966671	0	NaN	7.254063755593983	0	NaN	2.119503081983031	0	NaN	0.005360492965755275	2	NaN	NaN	NaN	NaN	NaN	NaN	NaN	NaN	NaN	NaN	-1.489627962906959e-10	-4.9930359149314986e-12	-8.252385369850413e-13	NaN	16.011788686228652	412.93429916580465	418.7299451797269	0.2	0	536.6939797277889	13.841011565185747	14.035273954307874	0.1	1	0.08870365889313181	2.1445448767291873	2.174644151581389	0	1	NaN	NaN	NaN	NaN	9	293.92685687171087	292.92173827749446	95129.72217907342	1.1254942234049332	1013.1001666278594	0.025600320028841796	0.1373437997125004	0.009742652919849925	1317.0447734527786	2298.470002868687	0.008656333117708671	57.30093374327244	981.4252294159085	284.209952406609	1.5474441765086284	-0.13285234646454397	0.3548520271579966	1.5931582427837303	-5.3508303492605316e-14	-9.303320148036625e-15	1.5931582427837303	4.249411718989893	336.90696822909956	355.09303177090044	12.869720941073249	NaN	0.16398100813857208	0.4909501324960237	1128.5916432390713	0.0025695742276426623	-0.0035124052347278597	-0.0017601536123075558	1	21.789688983287046	9	19	36	63	124	424	0.029971390158532427	1.0097723796936002	5.025787191762469	1.0134910555037815	86.0746804211873	1.0885784831401206	6.663794910467883	1.0885784831401206	1.9470374573903926	1.0885784831401206	-0.0009655001187251793	1.1484197402080938	NaN	NaN	800000009	800000009	800000009	800000019	800000019	800100019	899999999	899999999	89999	89999	89	89	7	5	3	4	1	0	0	NaN	0	0	0	0	0	0	0	0	0	NaN	NaN	NaN	NaN	0	1423	0	0	0	0	0	0	13131	0	0	0	18000	18000	18000	18000	93	NaN	0.21777936624818484	0.7045144699945961	0.05960642874926648	0.2540657405742158	26.331375622269935	0.7055211235422411	6.350480551677774e-7	NaN	0.004407663569904623	0.172990285113331	0.05054455747898312	-9.655001187251793e-7	NaN	412.9307209249934	13.840329768002137	95523.85047395833	11.399999618530273	11.030799514505606	94.82552527999879	94.2848160533905	95.36623319265577	-1.0814214089082352	0.0002866440893331956	-1	0	2.2850348140420587	51.08239046174046	1.0001362299091285	-273.1499938964844	9.001068472305933	-273.1499938964844	033
DATA	2026-06-19T220000_AIU-0547.ghg	2026-06-19	22:30:00	170.937	0	18000	18000	0.06306403376519308	0	NaN	20.215201760869082	0	NaN	97.97409753091956	1	NaN	5.741326310814958	1	NaN	2.2151713875357224	1	NaN	0.013413628803574305	2	NaN	NaN	NaN	NaN	NaN	NaN	NaN	NaN	NaN	NaN	-4.201252528110936e-10	-1.4345646423023407e-11	-2.3157590570239e-12	NaN	16.17167709799047	416.4765128750874	422.4846913805931	0.1	0	552.1999931277415	14.221056118914632	14.426212090638971	0.1	1	0.08913938749541536	2.150613912166195	2.1816391245881834	0	1	NaN	NaN	NaN	NaN	9	293.46382297770185	292.43819061039005	95153.57835983748	1.127475044202959	1013.3013990166321	0.025551651957221626	0.1435431059123148	0.010029231616126278	1353.5473551554926	2230.4300079593577	0.008895302532586163	60.68548891134523	876.8826528038651	284.62236964412335	1.678352348463015	-0.0015023410762324398	0.37034611249283506	1.718727757865859	-4.383722673528138e-14	-2.5979077510971284e-14	1.718727757865859	5.84119296091841	332.0512870733884	359.9487129266133	12.443506904368505	NaN	0.2365034084486104	0.46326281430388705	-55.13550420624889	-0.05259768713008927	0.20633210481463615	0.07481610523046846	0	68.82517577472386	-10.44448595304188	23.62545566396097	58.83072508654045	89.72056775268241	125.83437198016465	188.52281925105257	0.06247661015434658	1.009402296465754	25.620822978071146	1.0133803297506923	89.92320575740601	1.089530746882325	5.269540421180102	1.089530746882325	2.0331426110501245	1.089530746882325	-0.00028718083614296064	1.148848772260848	NaN	NaN	800000009	800000009	800000009	800000019	800000019	801110019	899999999	899999999	89999	89999	89	89	3	11	4	9	1	0	1	NaN	0	0	0	0	0	0	0	0	0	NaN	NaN	NaN	NaN	0	601	0	0	0	0	0	0	11428	0	0	0	18000	18000	18000	18000	93	NaN	0.40895151062539675	0.44203123709808556	0.07554288088429177	0.29785439816640735	35.21676847713896	0.6749188682395482	4.950404716166206e-7	NaN	0.022425776814619477	0.13658841537341698	0.05269980022457382	-2.8718083614296066e-7	NaN	416.47267389353095	14.220404232798119	95549.135234375	11.372126533296374	11.445487089845916	94.83116336504618	94.28520206366645	95.37712012630038	-1.0919242599937649	0.0002863652106672007	-1	0	2.1620468789556466	59.86622159945343	1.00011002467076	-377.35787327235465	9.000839466174444	-273.1499938964844	113
DATA	2026-06-19T223000_AIU-0547.ghg	2026-06-19	23:00:00	170.958	0	18000	18000	0.16534734215901883	1	NaN	-11.17475007896002	2	NaN	52.580457684344395	1	NaN	3.564615623440922	1	NaN	1.1882461786646334	1	NaN	0.05254669261052772	1	NaN	NaN	NaN	NaN	NaN	NaN	NaN	NaN	NaN	NaN	-5.180458588262203e-10	-1.8088267619830825e-11	-2.798337645447186e-12	NaN	16.34894169221653	420.10283492119106	426.3568310244056	0.1	1	570.8452786397503	14.668455265952032	14.886821947744718	0.1	1	0.08831237277759503	2.1260484972252516	2.157698602655714	0	1	NaN	NaN	NaN	NaN	9	292.95177750820585	291.92776602509036	95175.46370574035	1.129514013194688	1013.5403790067106	0.025501188565117707	0.07699835237746824	0.01036522543827366	1396.4515146689796	2160.5275374703397	0.009176712565926408	64.63474732212944	764.0760228013601	285.09477837708766	0.6371022639476331	0.10038758955723738	0.29935765854706065	0.7110499072462534	-1.561472310984965e-14	-3.168681304141256e-14	0.7110499072462534	2.3292137059135505	323.04558165918394	8.954418340816028	24.898239484503982	NaN	0.3826068996490649	0.33767828981451464	422.39390384005367	0.006865629389145095	-0.21252667951361812	-0.02551246034611707	0	95.72483685142508	-14.526613300987917	32.85923883980541	81.82415079030316	124.78699274890756	175.01553163524957	262.2051583950366	0.16369413987132087	1.0100993370257332	-8.09747143196696	1.0133627022804912	48.12750342805063	1.0925241065735067	3.2627340687434883	1.0925241065735067	1.0876155240101206	1.0925241065735067	0.04774463609740009	1.1688424975376952	NaN	NaN	800000009	800000009	800000009	800000019	800000019	800011019	899999999	899999999	89999	89999	89	89	7	0	2	19	12	0	3	NaN	0	0	0	0	0	0	0	0	0	NaN	NaN	NaN	NaN	0	525	0	0	0	0	0	0	15414	0	0	0	18000	18000	18000	18000	93	NaN	0.3821114579014272	0.2065826511523395	0.08666247057526257	0.21145548925899846	16.108824000947035	0.3405513589334452	3.3516166392808684e-7	NaN	-0.0070732131504251	0.08444257105352684	0.028148494247498497	0.00004774463609740009	NaN	420.1005614049079	14.668123247782528	95573.94917144097	11.380564319928489	11.929856540838877	94.84666451157464	94.29218207486471	95.4011555832757	-1.1089791730840992	0.0002853445972723421	-1	0	2.163155533209121	65.95476029406008	1.000087659118904	-416.5216249169178	9.000685114092297	-273.1499938964844	061
DATA	2026-06-19T230000_AIU-0547.ghg	2026-06-19	23:30:00	170.979	0	18000	18000	0.18539698368539015	1	NaN	45.99207205512078	1	NaN	144.32167122262737	1	NaN	24.775584477871323	1	NaN	3.258426674432439	1	NaN	0.013249231406394441	2	NaN	NaN	NaN	NaN	NaN	NaN	NaN	NaN	NaN	NaN	1.3537095054057605e-9	4.774278749657886e-11	7.306328400571181e-12	NaN	16.425135117982567	420.8503503860553	427.1909751991703	0.1	1	579.2836146964826	14.842600104458642	15.066222012880823	0.1	1	0.08865080042395368	2.1248812290841044	2.1568951614324887	-0.3	0	NaN	NaN	NaN	NaN	9	291.96723107740604	290.95949541178175	95199.78552248141	1.1334874144962346	1013.6172450727317	0.02541011233982558	0.21114604850322202	0.01052587469461239	1413.3913721444171	2033.1786787480885	0.009286273989456242	69.51633847619829	619.7873066036714	285.27778839877953	0.2975719996628847	-0.0470260789256407	0.25368191612951346	0.39384649503782226	-2.4239792223417843e-14	8.241694790831231e-14	0.39384649503782226	2.3652117101091172	340.9803336914383	351.0196663085617	40.09925488847518	NaN	0.4044296437645477	0.3362259144919916	-121.23456069370597	-0.023920571686870118	0.31867751852855447	0.09898042221810277	0	85.15580549678938	-12.922722017338018	29.2312323891243	72.78990175197451	111.00919293859357	155.69197149931344	233.25494409772068	0.1806542075458887	1.0262533389281658	53.292102923181545	1.0235565314755277	132.00898853918503	1.0932715477915165	22.661876208083623	1.0932715477915165	2.980436727741323	1.0932715477915165	-0.011149456455381427	1.1595007211939472	NaN	NaN	800000009	800000009	800000009	800000019	800000019	800000019	899999999	899999999	89999	89999	89	89	0	0	0	11	11	0	2	NaN	0	0	0	0	0	0	0	0	0	NaN	NaN	NaN	NaN	0	13	0	0	0	0	101	0	15713	0	0	16	18000	18000	18000	18000	93	NaN	0.2256279600225157	0.3170947805920673	0.12972908836940006	0.18407564846105115	10.659507981506522	0.23865176301028723	3.6739596155906454e-7	NaN	0.04638442367228666	0.5845189281692618	0.07687455643916345	-0.000011149456455381428	NaN	420.84948906802344	14.842366325437341	95595.57817274306	11.40999984741211	12.115582164181598	94.87118944210476	94.30935707388984	95.4330213830736	-1.123666287928819	0.00028494026563000965	-1	0	2.1120285797073075	67.84948510161212	1.0001466010510922	-273.1499938964844	9.001073857731289	-273.1499938964844	196
