DATAH	filename	date	time	DOY	daytime	file_records	used_records	Tau	qc_Tau	rand_err_Tau	H	qc_H	rand_err_H	LE	qc_LE	rand_err_LE	co2_flux	qc_co2_flux	rand_err_co2_flux	h2o_flux	qc_h2o_flux	rand_err_h2o_flux	ch4_flux	qc_ch4_flux	rand_err_ch4_flux	none_flux	qc_none_flux	rand_err_none_flux	H_strg	LE_strg	co2_strg	h2o_strg	ch4_strg	none_strg	co2_v-adv	h2o_v-adv	ch4_v-adv	none_v-adv	co2_molar_density	co2_mole_fraction	co2_mixing_ratio	co2_time_lag	co2_def_timelag	h2o_molar_density	h2o_mole_fraction	h2o_mixing_ratio	h2o_time_lag	h2o_def_timelag	ch4_molar_density	ch4_mole_fraction	ch4_mixing_ratio	ch4_time_lag	ch4_def_timelag	none_molar_density	none_mole_fraction	none_mixing_ratio	none_time_lag	none_def_timelag	sonic_temperature	air_temperature	air_pressure	air_density	air_heat_capacity	air_molar_volume	ET	water_vapor_density	e	es	specific_humidity	RH	VPD	Tdew	u_unrot	v_unrot	w_unrot	u_rot	v_rot	w_rot	wind_speed	max_wind_speed	wind_dir	yaw	pitch	roll	u*	TKE	L	(z-d)/L	bowen_ratio	T*	model	x_peak	x_offset	x_10%	x_30%	x_50%	x_70%	x_90%	un_Tau	Tau_scf	un_H	H_scf	un_LE	LE_scf	un_co2_flux	co2_scf	un_h2o_flux	h2o_scf	un_ch4_flux	ch4_scf	un_none_flux	un_none_scf	spikes_hf	amplitude_resolution_hf	drop_out_hf	absolute_limits_hf	skewness_kurtosis_hf	skewness_kurtosis_sf	discontinuities_hf	discontinuities_sf	timelag_hf	timelag_sf	attack_angle_hf	non_steady_wind_hf	u_spikes	v_spikes	w_spikes	ts_spikes	co2_spikes	h2o_spikes	ch4_spikes	none_spikes	head_detect_LI-7200	t_out_LI-7200	t_in_LI-7200	aux_in_LI-7200	delta_p_LI-7200	chopper_LI-7200	detector_LI-7200	pll_LI-7200	sync_LI-7200	chopper_LI-7500	detector_LI-7500	pll_LI-7500	sync_LI-7500	not_ready_LI-7700	no_signal_LI-7700	re_unlocked_LI-7700	bad_temp_LI-7700	laser_temp_unregulated_LI-7700	block_temp_unregulated_LI-7700	motor_spinning_LI-7700	pump_on_LI-7700	top_heater_on_LI-7700	bottom_heater_on_LI-7700	calibrating_LI-7700	motor_failure_LI-7700	bad_aux_tc1_LI-7700	bad_aux_tc2_LI-7700	bad_aux_tc3_LI-7700	box_connected_LI-7700	mean_value_RSSI_LI-7200	mean_value_LI-7500	u_var	v_var	w_var	ts_var	co2_var	h2o_var	ch4_var	none_var	w/ts_cov	w/co2_cov	w/h2o_cov	w/ch4_cov	w/none_cov	co2_mean	h2o_mean	air_p_mean	vin_sf_mean	dew_point_mean	avg_signal_strength_7200_mean	co2_signal_strength_7200_mean	h2o_signal_strength_7200_mean	delta_signal_strength_7200_mean	flowrate_mean	hit_power_mean	hit_vin_mean	ch4_mean	rssi_77_mean	ch4_aux-1_mean	ch4_aux-2_mean	ch4_aux-3_mean	ch4_aux-4_mean	CHK
DATAU		[yyyy-mm-dd]	[HH:MM]	[ddd.ddd]	[1=daytime]	[#]	[#]	[kg+1m-1s-2]	[#]	[kg+1m-1s-2]	[W+1m-2]	[#]	[W+1m-2]	[W+1m-2]	[#]	[W+1m-2]	[µmol+1s-1m-2]	[#]	[µmol+1s-1m-2]	[mmol+1s-1m-2]	[#]	[mmol+1s-1m-2]	[µmol+1s-1m-2]	[#]	[µmol+1s-1m-2]	[µmol+1s-1m-2]	[#]	[µmol+1s-1m-2]	[W+1m-2]	[W+1m-2]	[µmol+1s-1m-2]	[mmol+1s-1m-2]	[µmol+1s-1m-2]	[µmol+1s-1m-2]	[µmol+1s-1m-2]	[mmol+1s-1m-2]	[µmol+1s-1m-2]	[µmol+1s-1m-2]	[mmol+1m-3]	[µmol+1mol_a-1]	[µmol+1mol_d-1]	[s]	[1=default]	[mmol+1m-3]	[mmol+1mol_a-1]	[mmol+1mol_d-1]	[s]	[1=default]	[mmol+1m-3]	[µmol+1mol_a-1]	[µmol+1mol_d-1]	[s]	[1=default]	[mmol+1m-3]	[µmol+1mol_a-1]	[µmol+1mol_d-1]	[s]	[1=default]	[K]	[K]	[Pa]	[kg+1m-3]	[J+1kg-1K-1]	[m+3mol-1]	[mm]	[kg+1m-3]	[Pa]	[Pa]	[kg+1kg-1]	[%]	[Pa]	[K]	[m+1s-1]	[m+1s-1]	[m+1s-1]	[m+1s-1]	[m+1s-1]	[m+1s-1]	[m+1s-1]	[m+1s-1]	[deg_from_north]	[deg]	[deg]	[deg]	[m+1s-1]	[m+2s-2]	[m]	[#]	[#]	[K]	[0=KJ/1=KM/2=HS]	[m]	[m]	[m]	[m]	[m]	[m]	[m]	[kg+1m-1s-2]	[#]	[W+1m-2]	[#]	[W+1m-2]	[#]	[µmol+1s-1m-2]	[#]	[mmol+1s-1m-2]	[#]	[µmol+1s-1m-2]	[#]	[µmol+1s-1m-2]	[#]	8u/v/w/ts/co2/h2o/ch4/none	8u/v/w/ts/co2/h2o/ch4/none	8u/v/w/ts/co2/h2o/ch4/none	8u/v/w/ts/co2/h2o/ch4/none	8u/v/w/ts/co2/h2o/ch4/none	8u/v/w/ts/co2/h2o/ch4/none	8u/v/w/ts/co2/h2o/ch4/none	8u/v/w/ts/co2/h2o/ch4/none	8co2/h2o/ch4/none	8co2/h2o/ch4/none	8aa	8U	[#]	[#]	[#]	[#]	[#]	[#]	[#]	[#]	[#_flagged_recs]	[#_flagged_recs]	[#_flagged_recs]	[#_flagged_recs]	[#_flagged_recs]	[#_flagged_recs]	[#_flagged_recs]	[#_flagged_recs]	[#_flagged_recs]	[#_flagged_recs]	[#_flagged_recs]	[#_flagged_recs]	[#_flagged_recs]	[#_flagged_recs]	[#_flagged_recs]	[#_flagged_recs]	[#_flagged_recs]	[#_flagged_recs]	[#_flagged_recs]	[#_flagged_recs]	[#_flagged_recs]	[#_flagged_recs]	[#_flagged_recs]	[#_flagged_recs]	[#_flagged_recs]	[#_flagged_recs]	[#_flagged_recs]	[#_flagged_recs]	[#_flagged_recs]	[#]	[#]	[m+2s-2]	[m+2s-2]	[m+2s-2]	[K+2]	--	--	--	--	[m+1s-1K+1]	--	--	--	--	--	--	--	--	--	--	--	--	--	--	--	--	--	--	--	--	--	--	207
DATA	2026-03-02T233000_AIU-0547.ghg	2026-03-03	00:00:00	62	0	18000	18000	0.08583941384700408	1	NaN	30.765374719348777	1	NaN	-1.5470078275969075	1	NaN	-0.22775023074828118	1	NaN	-0.03434889119263856	1	NaN	NaN	NaN	NaN	NaN	NaN	NaN	NaN	NaN	NaN	NaN	NaN	NaN	-2.83598177118318e-11	-3.747367036100649e-13	NaN	NaN	17.849024079767737	424.49657311380435	426.89106877567144	0.1	1	235.85075596301505	5.609149117910924	5.640789145369998	0.1	1	NaN	NaN	NaN	NaN	0	NaN	NaN	NaN	NaN	9	273.97296573525887	273.48606979435596	95108.01450708821	1.2089835629689165	1008.1836532140721	0.023949729672394553	-0.0022258081492829785	0.004220376188759098	532.6681137922027	624.4195637249544	0.003490846623584415	85.30612183490673	91.75144993275171	271.2757255099359	-0.32614511719809147	0.21274254044595148	-0.020109379660841805	0.38991590521277464	2.808075992990427e-14	-1.588872175032711e-15	0.38991590521277464	3.16347205475731	185.1161735837768	146.8838264162232	-2.9562630050414263	NaN	0.2664607055603054	0.24378097176763225	-51.70226988107895	-0.05609038068677308	-19.887019425841643	0.09472595399297576	0	95.38145908133488	-14.474504399616812	32.74136836302218	81.53063663700658	124.3393651455	174.3877275568019	261.26459348464056	0.083626441530218	1.0264625909735312	30.02701437848286	1.023693738980907	-1.414822428572689	1.093428967731004	-0.20828991865917926	1.093428967731004	-0.03141392098282947	1.093428967731004	NaN	1	NaN	NaN	800000009	800000019	800000009	800000019	800000009	811110019	899999999	899999999	89999	89999	89	89	132	171	32	75	1	0	0	NaN	0	0	0	0	0	0	0	0	0	NaN	NaN	NaN	NaN	0	13628	0	0	0	0	101	0	9027	0	0	16	18000	18000	18000	18000	100	NaN	0.094190537339827	0.3509589425264278	0.04241246366900968	0.05785142170537887	0.15769650130623214	0.0012474946425631548	NaN	NaN	0.02463497376564259	-0.0050165834479558745	-0.0007565923355883508	NaN	NaN	424.496504910741	5.609147068102949	97075.5132374132	11.379668440183003	-1.6328764178554263	96.8877270418803	96.45070425457425	97.32475129657323	-0.8740473956929314	0.0002646942933190278	-1	0	2.3127436834474104	17.254044352908828	1.0000140117191607	-273.1499938964844	9.00012912914488	-273.1499938964844	124
DATA	2026-03-03T000000_AIU-0547.ghg	2026-03-03	00:30:00	62.02	0	18000	18000	0.12218296894989149	1	NaN	27.456104204877025	1	NaN	2.20493686684137	1	NaN	-0.0575575219930406	2	NaN	0.04894200510776224	1	NaN	0.008381224360760327	2	NaN	NaN	NaN	NaN	NaN	NaN	NaN	NaN	NaN	NaN	8.656123640665823e-11	1.1380905237512408e-12	4.674186915491166e-13	NaN	17.9146698611442	425.5945681258157	427.989441123126	0.1	1	235.53864121483252	5.595635703127916	5.627123033681075	0.6	0	0.09673673683092543	2.127374010564044	2.139345005860143	-0.8	0	NaN	NaN	NaN	NaN	9	273.40894663492844	273.1591481297246	96697.56056578644	1.23065823045829	1008.1780435715553	0.023486064635575434	0.003171441930982993	0.0042933270712919745	541.2294624488991	609.8228789500567	0.003488642878285683	88.75191160107731	68.59341650115766	271.49204927785246	-0.8733404183654601	-0.5465509166853083	-0.20850705399987587	1.0511501236493521	2.8998709664690086e-14	4.831863331983814e-15	1.0511501236493521	5.491221065844533	119.9609847148912	212.0390152851088	-11.441123571285107	NaN	0.31509144124814215	0.6128461403486839	-96.93478437253967	-0.029917021209380553	12.452104465108164	0.07023079947030864	0	122.14986581926703	-18.536713395272162	41.93009617175152	104.41186810612159	159.23468685485656	223.32891241919268	334.5874066600362	0.12066460903259331	1.0125833078105615	27.21658619200232	1.0148629439639565	2.0302707897019165	1.0860309265273416	-0.05299805059611399	1.0860309265273416	0.045065019708285525	1.0860309265273416	-0.0008980535403470046	1.148253889436838	NaN	NaN	801000009	800000009	800000009	800000019	800000019	801100019	899999999	899999999	89999	89999	89	89	107	192	2	0	5	0	0	NaN	0	0	0	0	0	0	0	0	0	NaN	NaN	NaN	NaN	0	44	0	0	0	0	101	0	5126	17997	0	16	18000	18000	18000	18000	100	NaN	0.9377856730960241	0.25595241963015963	0.03195418797118403	0.13421986894411994	0.1508539573827088	0.001242496691043216	0.0000020537275671081734	NaN	0.021936076635103358	-0.0012517216992875158	0.001064357319056121	-8.980535403470046e-7	NaN	425.59450119885815	5.595633631032403	97098.593765625	11.369999885559082	-1.6623166507151454	96.8504445391761	96.40492018763224	97.29596547275119	-0.8910479880985294	0.0002642968155430733	-1	0	2.122631268625956	68.76537137675425	1.0000207634203964	-273.1499938964844	9.000136128425599	-273.1499938964844	083
DATA	2026-03-03T003000_AIU-0547.ghg	2026-03-03	01:00:00	62.041	0	18000	18000	0.06421277812074408	1	NaN	22.65849461255182	1	NaN	0.054773110548115664	2	NaN	-0.05158812622261524	1	NaN	0.001215610564412695	2	NaN	0.0032533485062091697	1	NaN	NaN	NaN	NaN	NaN	NaN	NaN	NaN	NaN	NaN	6.0118698492299246e-12	7.96935182199028e-14	3.2255029347649895e-14	NaN	17.944704573722895	426.2413909068558	428.6634543214816	0.3	0	237.87551573158902	5.65026803710053	5.682374978818166	0.8	0	0.09627736248057335	2.1159685929675573	2.1279923199562014	-0.3	0	NaN	NaN	NaN	NaN	9	273.3384096830156	273.0169489686754	96674.5401922743	1.2309805967673597	1008.2061034218009	0.023479428081179147	0.00007877156457394263	0.004336469841644036	546.3835867599421	603.5522130112616	0.0035227767627141367	90.52797338508759	57.16862625131955	271.62082257940875	-0.6706856641598419	-0.18788579848510487	-0.1276265108071672	0.7081022946176089	4.337174507083686e-14	3.350219461418903e-16	0.7081022946176089	4.289541954143896	136.35032217494927	195.6496778250507	-10.38358751546741	NaN	0.22839422903882786	0.272687426779352	-44.7262343822185	-0.06483890361118648	413.6791645719549	0.07993654934505656	0	91.03871165262264	-13.81547572288292	31.25064370185101	77.81852145207627	118.67815526808684	166.4478002088623	249.3691354732313	0.06315913408412757	1.0166823698883056	22.31490471447818	1.0173542520558227	0.05039017881601681	1.086979880506114	-0.04746005620508361	1.086979880506114	0.0011183376861094141	1.086979880506114	-0.003991067974744409	1.1509189636142718	NaN	NaN	811000009	800000009	800000009	800000009	801000009	811110119	899999999	899999999	89999	89999	89	89	439	543	53	81	3	0	0	NaN	0	0	0	0	0	0	0	0	0	NaN	NaN	NaN	NaN	0	0	0	0	0	0	0	0	5085	18000	0	0	18000	18000	18000	18000	100	NaN	0.29551433680572764	0.2148505214624777	0.035009995290498655	0.06922239515906392	0.1761836494943666	0.0017110067291619987	8.28435071897899e-8	NaN	0.017980199537243502	-0.0011206687537485818	0.000026407176922560532	-0.00000399106797474441	NaN	426.24131710550387	5.650265475891603	97075.99182790799	11.369999885559082	-1.533474619534267	96.76964201100667	96.31282682418824	97.22645498190985	-0.9136287214954691	0.00026422517189510274	-1	0	2.110727727366818	70.83612686920299	1.0000420800315009	-273.1499938964844	9.000241658422683	-273.1499938964844	101
DATA	2026-03-03T010000_AIU-0547.ghg	2026-03-03	01:30:00	62.062	0	18000	18000	0.05335844387908315	1	NaN	22.931308053061507	1	NaN	0.499370424296272	1	NaN	0.06145321045591787	2	NaN	0.01108449209828392	1	NaN	-0.00007055435820191063	1	NaN	NaN	NaN	NaN	NaN	NaN	NaN	NaN	NaN	NaN	2.075130601327496e-10	2.7917870441275274e-12	1.115964059495168e-12	NaN	17.95205855388036	426.5807521286538	429.0430408187214	0.1	1	241.51889261370061	5.739024889831505	5.772151410443918	0.1	1	0.09654260858216486	2.123459346097089	2.1357162749566836	0.2	0	NaN	NaN	NaN	NaN	9	273.5223172980415	273.17707844399644	96634.80903699229	1.2297120563297308	1008.2568413115905	0.02350285836767124	0.000718275087968798	0.004400197995872384	554.7383370699025	610.6176510321967	0.0035782344112372678	90.84872278620917	55.87931396229419	271.82729234299114	-0.23304678269989715	0.07744486697575037	-0.061708910203337394	0.2532123613612731	-5.876604248370128e-14	1.1559290513114742e-14	0.2532123613612731	3.8204785406778545	170.38240468792247	161.61759531207753	-14.105267566803123	NaN	0.2083050804480241	0.1946721143210659	-33.5188068712468	-0.08651859271541333	45.92043688886262	0.08878801726443158	0	95.14120900717728	-14.438045523972677	32.658898287045155	81.32527448710013	124.0261749093196	173.94847379741066	260.6065113105577	0.05144141006815449	1.0372663542540688	22.31146688863662	1.0308403581724361	0.45317047404464145	1.1019482797263607	0.055767781107819436	1.1019482797263607	0.010058994875001264	1.1019482797263607	-0.007098020265983617	1.1702703305770668	NaN	NaN	811100009	800000009	800000009	800000019	811110019	811110019	899999999	899999999	89999	89999	89	89	263	458	180	26	10	0	0	NaN	0	0	0	0	0	0	0	0	0	NaN	NaN	NaN	NaN	0	0	0	0	0	0	101	0	5863	604	0	16	18000	18000	18000	18000	100	NaN	0.09937407151076913	0.2638867021126378	0.026083455018724895	0.059655667955824	0.0590538242272071	0.0019502014655319226	9.729365463937034e-8	NaN	0.017995068984190656	0.0013182698738616965	0.00023778012396451724	-0.000007098020265983617	NaN	426.58068672679076	5.739022087220315	97052.33940494791	11.369999885559082	-1.3249231966965946	96.72482173771328	96.2635048652225	97.18614199066162	-0.9226362450851335	0.0002642054780072714	-1	0	2.1181391521493587	56.57470181941773	1.0000467995504538	-273.1499938964844	9.000257958624099	-273.1499938964844	043
DATA	2026-03-03T013000_AIU-0547.ghg	2026-03-03	02:00:00	62.083	0	18000	18000	0.021117464451151948	1	NaN	14.751080336352869	0	NaN	-0.16716623592141175	2	NaN	0.7661204831959614	1	NaN	-0.0037109489674575537	2	NaN	NaN	NaN	NaN	NaN	NaN	NaN	NaN	NaN	NaN	NaN	NaN	NaN	-9.202169118377597e-11	-1.2663343786281279e-12	NaN	NaN	17.898860106750963	425.73197867904565	428.24087420478986	0.1	1	246.31085997070247	5.858608266674661	5.893133829243287	-0.7	0	NaN	NaN	NaN	NaN	0	NaN	NaN	NaN	NaN	9	273.790760236952	273.28258112156516	95169.50663068102	1.2105523587637412	1008.3171644810092	0.023918337513753378	-0.00024046949309124946	0.0044138570548069795	556.6733305499167	615.2704525526248	0.0036461512984986176	90.4762008707551	58.59712200270803	271.8747182147187	-0.34074537339212035	-0.01425641660211327	-0.07306340545373505	0.3487820467268828	4.5914956516544424e-14	-5.14120400041944e-15	0.3487820467268828	4.746581130281789	149.60420406070887	182.39579593929108	-12.091971773695718	NaN	0.13207757811750498	0.3520899297758481	-13.13871557981713	-0.22072172750697167	-88.24198412463898	0.09149850391691017	1	2.4533669591006855	1	2	4	6	10	26	0.020524220719543684	1.0289045679109932	14.405258322194545	1.0253014153065483	-0.1526220693936819	1.0952953041818208	0.6994647747241544	1.0952953041818208	-0.0033880807790275438	1.0952953041818208	NaN	1	NaN	NaN	811000009	800000009	800000009	800000019	801100009	801110109	899999999	899999999	89999	89999	89	89	234	348	147	61	2	1	1	NaN	0	0	0	0	0	0	0	0	0	NaN	NaN	NaN	NaN	0	2347	0	0	0	0	0	0	6021	0	0	0	18000	18000	18000	18000	100	NaN	0.38798795687421805	0.2906178570395008	0.025574045637977265	0.055083794995522115	0.25671030921291316	0.00016352448569532482	NaN	NaN	0.011801584279535315	0.016828469030390918	-0.00008151405835242103	NaN	NaN	425.73192513736797	5.858607205741436	97034.0792313368	11.376997823503283	-1.0458477276729172	96.70258745129904	96.24051263554891	97.16466478771633	-0.9241548866911071	0.00026458712415478654	-1	0	2.631136827170849	69.9355273888865	1.0000475068738064	-273.1499938964844	9.000283818801243	-273.1499938964844	178
DATA	2026-03-03T020000_AIU-0547.ghg	2026-03-03	02:30:00	62.104	0	18000	18000	0.1061505539628467	1	NaN	34.43843338394515	1	NaN	2.5882097652410083	1	NaN	-0.3261638793556388	2	NaN	0.05746197302143065	1	NaN	NaN	NaN	NaN	NaN	NaN	NaN	NaN	NaN	NaN	NaN	NaN	NaN	-1.9220460781826756e-10	-2.6497801190396056e-12	NaN	NaN	17.92816009478243	426.55074049052394	429.07392415762456	0.1	1	247.16203596446064	5.880533691377973	5.915318923603469	0.1	1	NaN	NaN	NaN	NaN	0	NaN	NaN	NaN	NaN	9	273.9012869591183	273.39100298542627	95224.07064218617	1.2107560614105854	1008.3306018751944	0.023914282223188824	0.003723535851788706	0.004431126886656265	559.073096264958	620.1281267413369	0.003659801530536054	90.15444908180311	61.055030476378874	271.9333329037556	-0.27390906494734657	0.21777799541073437	-0.02944112748102423	0.35116977536909505	-1.6745420475490267e-15	-1.072082170184347e-14	0.35116977536909505	4.337897389453457	190.48729978567738	141.51270021432262	-4.809168684240541	NaN	0.2960961813660214	0.32192354281119917	-63.434338883491236	-0.0457165637893126	13.30588959459332	0.09526886271008882	0	98.85854053471188	-15.002164924832872	33.93493790777165	84.50279356627745	128.872091994472	180.74494141182643	270.78885827550386	0.10318413901310743	1.028748749353449	33.78820020539207	1.0251986692946817	2.3632847289177077	1.0951747512989294	-0.2978190274828678	1.0951747512989294	0.05246831426060363	1.0951747512989294	NaN	1	NaN	NaN	800000009	800000019	800000009	800000019	800000019	811110019	899999999	899999999	89999	89999	89	89	34	40	4	46	0	1	0	NaN	0	0	0	0	0	0	0	0	0	NaN	NaN	NaN	NaN	0	17321	0	0	0	0	101	0	10818	0	0	16	18000	18000	18000	18000	95	NaN	0.10076437000037108	0.49519576481539057	0.04788695080663666	0.05746266480347257	0.38771357253110394	0.0009196210035152217	NaN	NaN	0.027676136194166964	-0.0071641901814874665	0.0012621523380894081	NaN	NaN	426.5506807127307	5.8805318248557334	96961.59682118056	11.379668440183003	-1.0051109728515064	96.64027416568334	96.16773464711507	97.112817431132	-0.9450799516191094	0.00026434151577834405	-1	0	8.29889424106829	2.079019515073904	1.0000142733239465	-273.1499938964844	9.000088628662956	-273.1499938964844	110
DATA	2026-03-03T023000_AIU-0547.ghg	2026-03-03	03:00:00	62.124	0	18000	18000	0.035740280303185094	1	NaN	11.823489016168748	1	NaN	-1.0678443141786425	1	NaN	-0.4950275056479507	1	NaN	-0.023705991317035355	1	NaN	NaN	NaN	NaN	NaN	NaN	NaN	NaN	NaN	NaN	NaN	NaN	NaN	9.393286661319056e-11	1.2884979034457856e-12	NaN	NaN	17.966023162645655	427.3684389908718	429.8885779762596	0.3	0	246.4439126898382	5.862307384977746	5.89687668873844	0.1	1	NaN	NaN	NaN	NaN	0	NaN	NaN	NaN	NaN	9	273.824569196913	273.3160069102572	95218.26447343442	1.2110227475106068	1008.3196489615123	0.023909041830291834	-0.001536148237343891	0.004418361122002732	557.309536101699	616.7644796503519	0.0036484542764247565	90.36018682814576	59.454943548652864	271.8902794278656	-0.2665339594157415	0.17007316825280527	0.010283820528689546	0.31633999280212305	5.348369312245064e-15	5.22836165593355e-15	0.31633999280212305	2.06291133311032	184.54161881447308	147.45838118552692	1.8629429078279165	NaN	0.1717919568523305	0.15248917967654937	-36.083741861793484	-0.08036860509388036	-11.072296643975731	0.0563627655383817	1	1.2384534048758706	1	1	2	3	5	15	0.03465783238143718	1.031232418399244	11.480988986490788	1.0268388661692787	-0.9733212104080067	1.0971139874071096	-0.45120881816290187	1.0971139874071096	-0.021607591908532196	1.0971139874071096	NaN	1	NaN	NaN	800000009	800000009	800000009	800000019	800000009	801000009	899999999	899999999	89999	89999	89	89	6	3	0	13	1	9	0	NaN	0	0	0	0	0	0	0	0	0	NaN	NaN	NaN	NaN	0	4285	0	0	0	0	101	0	7024	0	0	21	18000	18000	18000	18000	94	NaN	0.10070277160825268	0.17319038764955969	0.031085200095286362	0.022542242735061776	0.2799843546952531	0.0004110248062825356	NaN	NaN	0.009402184500237661	-0.010851483904946675	-0.0005196583630053078	NaN	NaN	427.3683711706536	5.862308048620457	96952.57218185764	11.369999885559082	-1.0487337598584563	96.64206325806512	96.16918631468879	97.11493965148927	-0.9457501943873036	0.0002645386729256844	-1	0	2.208730952899322	30.991455372543943	1.0000164720581637	-273.1499938964844	9.000125531991323	-273.1499938964844	030
DATA	2026-03-03T030000_AIU-0547.ghg	2026-03-03	03:30:00	62.145	0	18000	18000	0.01546747709952741	1	NaN	10.293144194297085	1	NaN	0.23857907028032116	2	NaN	0.19689989693397011	1	NaN	0.005296706959480848	2	NaN	-0.02738179827509553	1	NaN	NaN	NaN	NaN	NaN	NaN	NaN	NaN	NaN	NaN	1.059169939619123e-10	1.4562077795285677e-12	5.792978642122424e-13	NaN	17.918316871689733	426.51652616526866	429.0323696758517	-0.1	0	246.35133087326412	5.863994626987906	5.898583891232933	0.1	1	0.09800167381809106	2.157662515279251	2.1703896686345945	0.7	0	NaN	NaN	NaN	NaN	9	273.95802647145587	273.3728912233846	96551.57859793365	1.2277147102230879	1008.3279247097836	0.02353997988055538	0.0003432266109743589	0.004488924184515889	566.3298093638995	619.3571157635029	0.0036563251601833516	91.43833096448165	53.02730639960339	272.10923260298125	-0.31155543245778144	0.05710137456809828	-0.011974118160125688	0.3169711879291705	9.339868084695874e-15	5.911101735747132e-15	0.3169711879291705	3.193104591251549	162.38581151177402	169.61418848822598	-2.164959287426258	NaN	0.11224345105100662	0.08324242363328994	-11.676041509849782	-0.2483718473896818	43.14353384897946	0.07407775146328437	1	2.755439381892328	1	2	4	6	11	29	0.014999738717456395	1.031183101978081	10.055434888533835	1.0268062022287694	0.21746830576146628	1.0970751321436725	0.17947713074967794	1.0970751321436725	0.004828025724301254	1.0970751321436725	-0.028374892304283566	1.164259786733322	NaN	NaN	800000009	800000009	800000009	800000019	800000019	801000119	899999999	899999999	89999	89999	89	89	7	8	3	19	0	1	0	NaN	0	0	0	0	0	0	0	0	0	NaN	NaN	NaN	NaN	0	1579	0	0	0	0	101	0	4322	0	0	21	18000	18000	18000	18000	100	NaN	0.05898290677426049	0.09468818514839443	0.01281375534392495	0.027027744016071654	0.1524047966602313	0.00024452111244817207	0.000002479024320679609	NaN	0.008122722265149249	0.0042498156276399406	0.00011432219296173438	-0.000028374892304283565	NaN	426.5164591968705	5.863993471321432	96950.32361154514	11.373664969444274	-1.0451882232129552	96.6963465154436	96.23259918340047	97.1600956954956	-0.9274969005038345	0.00026447562529291545	-1	0	2.299626557972877	30.565760735031642	1.000009713543786	-273.1499938964844	9.000059179676903	-273.1499938964844	052
DATA	2026-03-03T033000_AIU-0547.ghg	2026-03-03	04:00:00	62.166	0	18000	18000	0.013866998233723962	1	NaN	4.498072450241364	1	NaN	0.12086869743287924	1	NaN	0.24792782302004898	1	NaN	0.0026832959031095538	1	NaN	NaN	NaN	NaN	NaN	NaN	NaN	NaN	NaN	NaN	NaN	NaN	NaN	-5.800818068728081e-11	-7.966728682843623e-13	NaN	NaN	17.933835632905424	426.8970129642623	429.41463621656555	0.1	1	246.29974778953547	5.862919052981729	5.897495592254433	0.1	1	NaN	NaN	NaN	NaN	0	NaN	NaN	NaN	NaN	9	273.8356791347927	273.32704322914907	95131.21441293907	1.2098664789979068	1008.320089584478	0.023931890813926267	0.00017387757452149908	0.004414603257484367	556.8580224838103	617.2584825750858	0.003648835085621051	90.21472174196842	60.40046009127559	271.87923729376513	-0.5276339734639602	0.010345014657002572	-0.02532068237787603	0.5283424705980957	7.580581040846953e-15	-3.2345663178068853e-15	0.5283424705980957	1.760939156841572	153.12322135403753	178.87677864596253	-2.7469382832012226	NaN	0.10705883374109705	0.06398748747974194	-22.940680242738733	-0.1264129907794656	37.214535655430815	0.03444039105559491	1	7.991925678765871	4	7	12	18	32	85	0.013583721642909797	1.020854122181017	4.424231074909344	1.0200293917571612	0.11094809506939202	1.089416608345393	0.22757852333149392	1.089416608345393	0.0024630576425532435	1.089416608345393	NaN	1	NaN	NaN	800000009	800000009	800000009	800000019	800000009	800000109	899999999	899999999	89999	89999	89	89	0	12	1	7	0	4	0	NaN	0	0	0	0	0	0	0	0	0	NaN	NaN	NaN	NaN	0	6286	0	0	0	0	101	0	7694	0	0	16	18000	18000	18000	18000	98	NaN	0.08490783395776368	0.031738099368723745	0.011329041632996435	0.09215489092383893	0.29240814376903923	0.00022748645479347339	NaN	NaN	0.0036266190423265687	0.0054784529257115525	0.00005929270104449552	NaN	NaN	426.89694839512293	5.862917916841908	96937.3094047309	11.380000114440918	-1.049411543554731	96.67228972901238	96.20428051545886	97.14029765997992	-0.9360177959750104	0.0002644906858477044	-1	0	4.748310207339751	15.950605015345664	1.000012148325642	-273.1499938964844	9.00010380280018	-273.1499938964844	166
DATA	2026-03-03T040000_AIU-0547.ghg	2026-03-03	04:30:00	62.187	0	18000	18000	0.015261618184283735	0	NaN	8.290407976505074	0	NaN	0.3453056538892371	1	NaN	0.07096206849304057	1	NaN	0.007662582257943932	1	NaN	NaN	NaN	NaN	NaN	NaN	NaN	NaN	NaN	NaN	NaN	NaN	NaN	5.446459970850106e-11	7.442378057914023e-13	NaN	NaN	18.012891697918658	428.3913933022747	430.9138785213894	0	0	246.13923658608482	5.853803613311841	5.888272403584106	0.8	0	NaN	NaN	NaN	NaN	0	NaN	NaN	NaN	NaN	9	273.388886879815	272.8818691953287	95131.21441293907	1.2118443886157146	1008.3092817435929	0.023892843369501135	0.0004965353303147667	0.004414943055873545	555.9938533913776	597.6074146110502	0.0036431600437715587	93.03663907069215	41.61356121967265	271.85808118630405	-0.6350931196706466	0.0019605609055415854	-0.05190912741567599	0.637213992282887	1.5223575053004268e-14	3.023645543530043e-15	0.637213992282887	2.076049888174512	152.17687407571205	179.8231259242866	-4.67264268083744	NaN	0.11222170532534739	0.0963614394723621	-14.335628488440095	-0.20229318877358532	24.008897286009596	0.06045864615204677	1	9.594299614881187	4	8	13	21	36	90	0.014990868375032282	1.0180609823579263	8.17501590784192	1.0182300170792076	0.3174652483679198	1.0876959152677157	0.06524072353032107	1.0876959152677157	0.007044783519351485	1.0876959152677157	NaN	1	NaN	NaN	800000009	800000019	800000009	800000019	800000019	800010019	899999999	899999999	89999	89999	89	89	6	9	0	27	8	0	0	NaN	0	0	0	0	0	0	0	0	0	NaN	NaN	NaN	NaN	0	17596	0	0	0	0	301	151	11858	0	0	16	18000	18000	18000	18000	93	NaN	0.13099857541258064	0.04417006954253268	0.017554233989610906	0.015993264054165582	0.28134923546917745	0.00038212272355710696	NaN	NaN	0.006690336861138636	0.0015679502652249924	0.00016930943726407594	NaN	NaN	428.3913261532254	5.853802292386179	96926.61642881944	11.380000114440918	-1.071978080170019	96.56844412697687	96.08169524807401	97.0551939515008	-0.9734994557135622	0.00026501183479396985	-1	0	8.850980049053875	0.6234148130757969	1.0000000044438575	-273.1499938964844	9.000049829244613	-273.1499938964844	036
DATA	2026-03-03T070000_AIU-0547.ghg	2026-03-03	07:30:00	62.312	1	18000	18000	0.02778307798316325	1	NaN	9.074906381892575	1	NaN	-2.167359041622094	2	NaN	-0.43724708200996415	2	NaN	-0.04812273867276852	2	NaN	0.004259296084337526	2	NaN	NaN	NaN	NaN	NaN	NaN	NaN	NaN	NaN	NaN	5.766273791392141e-11	7.971655049482327e-13	3.05331675085615e-13	NaN	18.26815136600529	434.9606630958549	437.59197645399274	0	0	252.55027137094197	6.0131663735258325	6.049543283775018	0.1	1	0.09673223053727582	2.1309774155648875	2.1438688556770944	0	1	NaN	NaN	NaN	NaN	9	272.8899140862359	273.48427807906404	96498.4582140824	1.2264701542073155	1008.4112370314047	0.023562534884288146	-0.0031183534659953997	0.004598709792458165	580.4169329768785	624.3778083615076	0.003749548879508099	92.95925082603571	43.96087538462916	272.4450705756606	-0.5542316444834243	0.0710443602455257	-0.031005417498669897	0.5596260830088002	2.7844160458108168e-15	3.1564626742268208e-15	0.5596260830088002	2.372672879139676	159.3046429101456	172.6953570898544	-3.1760307785054835	NaN	0.15050872850195354	0.11308998625188968	-31.918629927919515	-0.09085603005357519	-4.1870803164669645	0.04875125564029061	1	4.968591207871535	2	4	7	12	21	59	0.027239722151799345	1.0199471869917003	8.806902153873637	1.0194422019766638	-1.9905435258101913	1.0888277565997633	-0.40157598790043486	1.0888277565997633	-0.04419683313644411	1.0888277565997633	0.0012609505796020856	1.1536758069027644	NaN	NaN	800000009	800000009	800000009	800000019	800000019	801100019	899999999	899999999	89999	89999	89	89	10	14	1	3	11	0	0	NaN	0	0	0	0	0	0	0	0	0	NaN	NaN	NaN	NaN	0	14	0	0	0	0	101	0	8122	0	0	16	18000	18000	18000	18000	93	NaN	0.1233076615133826	0.08010704833503131	0.022765262655365444	0.027194359399853516	3.5427386869597424	0.0030991115512446665	4.812420557966567e-8	NaN	0.007120795450220325	-0.00951940534621866	-0.001047691053054979	0.0000012609505796020855	NaN	434.96055303107397	6.01316235238854	96889.83891861979	11.171399981816592	-0.7115618553889913	94.13185030280222	93.52960427051114	94.73409698062468	-1.2044957248965922	0.0002645608514883658	-1	0	2.126542768751609	54.199376400511305	1.0000205773562192	-273.1499938964844	9.000152245190408	-273.1499938964844	156
DATA	2026-03-03T073000_AIU-0547.ghg	2026-03-03	08:00:00	62.333	1	18000	18000	0.050463125581664776	1	NaN	19.67018542203038	0	NaN	-0.1748979128658834	0	NaN	0.3108092002909121	1	NaN	-0.0038833502531298624	0	NaN	-0.0027846974049445476	0	NaN	NaN	NaN	NaN	NaN	NaN	NaN	NaN	NaN	NaN	3.597472914278686e-11	4.925929125578776e-13	1.9104450392328312e-13	NaN	18.187788684975445	433.0653566731063	435.64869021145466	0.1	1	249.04081322640425	5.929854941362203	5.965227877367161	0.1	1	0.09658660814349254	2.12773943728395	2.1404318878910096	0.6	0	NaN	NaN	NaN	NaN	9	272.8809058219062	273.4902582005007	96511.99616511397	1.2266541258708765	1008.3655970945679	0.023559744871393187	-0.0002516410964028151	0.0045355324710646145	572.4556513504618	624.6483757394093	0.003697482750359286	91.64446328269631	52.192724388947454	272.2561724649309	-0.42817882669044854	0.41488563180570753	0.033511541588308394	0.5971517550208134	-2.565944926426183e-14	1.977960584757884e-15	0.5971517550208134	2.9676471561066937	196.0966516916436	135.9033483083564	3.217070263836499	NaN	0.20282711400506842	0.207390515252524	-36.041965759279	-0.08046176003187049	-112.46666755316872	0.07840473630166744	0	64.24706096128078	-9.7497393676219	22.053936996089373	54.917421401187546	83.75253271789319	117.46411798635987	175.9826535083555	0.04952331418616254	1.0189771506803724	19.334319570420295	1.0188171638446175	-0.16071813116535102	1.0882276417583767	0.28561046270493673	1.0882276417583767	-0.0035685091097806326	1.0882276417583767	-0.008691422607322316	1.1528277759368681	NaN	NaN	800000009	800000009	800000009	800000019	800000019	810100019	899999999	899999999	89999	89999	89	89	36	4	3	14	6	0	0	NaN	0	0	0	0	0	0	0	0	0	NaN	NaN	NaN	NaN	0	0	0	0	0	0	101	0	4827	0	0	16	18000	18000	18000	18000	93	NaN	0.13019506811690146	0.21859173983370517	0.0659942225544414	0.020976314472193135	1.1535938516445299	0.0008581137862933077	5.468109991348311e-8	NaN	0.015631071457592363	0.006769059944496767	-0.00008457481510942692	-0.000008691422607322316	NaN	433.06527715810483	5.9298531461923645	96901.24402690973	11.380000114440918	-0.899970453653077	94.80128698009916	94.2105433423784	95.39202826097275	-1.181490411394166	0.00026494036785960716	-1	0	2.1222529067397122	60.80395135497992	1.0000152641766602	-273.1499938964844	9.000098878383637	-273.1499938964844	175
DATA	2026-03-03T080000_AIU-0547.ghg	2026-03-03	08:30:00	62.354	1	18000	18000	0.0420970620373093	1	NaN	19.79955294744512	0	NaN	0.35869872656330454	2	NaN	-0.2358387075592838	1	NaN	0.007964455958721087	2	NaN	-0.0033760379466316005	0	NaN	NaN	NaN	NaN	NaN	NaN	NaN	NaN	NaN	NaN	3.1082252208435735e-11	4.2845187567655673e-13	1.6661469602951256e-13	NaN	18.064073212717524	429.8771511807083	432.4396248552573	0.1	1	249.00338619113774	5.925621814621342	5.960944115105551	0.1	1	0.09683146662631308	2.1332112262412926	2.1459271791466326	0.1	0	NaN	NaN	NaN	NaN	9	272.90596518876816	273.50080693837043	96539.21898220571	1.2269547679221862	1008.3634270401756	0.02355400978854758	0.0005160967461251265	0.004533398257350768	572.2083496392189	625.1259009900577	0.003694837312566911	91.53489700762208	52.917551350838835	272.2502675196569	-0.3738146582465004	0.4540236958854391	0.019768683021731612	0.5884434688003894	-3.054378297335435e-14	1.7206668641352225e-15	0.5884434688003894	2.551393339582476	202.5340986169779	129.4659013830221	1.9252066318615961	NaN	0.1852301239688166	0.23039199299851362	-27.27756331187492	-0.10631448149686903	55.19828056582414	0.08639689383273688	1	3.6936255256918127	2	3	5	9	16	44	0.041304351728198366	1.0191919319864244	19.486454733847108	1.0189553126960493	0.3295780699354979	1.0883573856522248	-0.21669233899483456	1.0883573856522248	0.007317868251473475	1.0883573856522248	-0.009325086361031725	1.1530133797737057	NaN	NaN	800000009	800000009	800000009	800000019	800000019	800010119	899999999	899999999	89999	89999	89	89	11	13	1	42	3	0	0	NaN	0	0	0	0	0	0	0	0	0	NaN	NaN	NaN	NaN	0	0	0	0	0	0	101	0	6528	0	0	16	18000	18000	18000	18000	93	NaN	0.13782111742173336	0.2505235800755712	0.07243928849972271	0.028097814054166944	0.3400919986726701	0.0014272099315023562	9.647206849225618e-8	NaN	0.015750240684519055	-0.005134406184140751	0.00017339287664428377	-0.000009325086361031725	NaN	429.87709542450443	5.925619433102226	96933.19049457465	11.380000114440918	-0.9057269927064546	94.98637167867025	94.45578153906928	95.51696517774795	-1.0611827001902798	0.0002647564019749148	-1	0	2.127712645186318	51.20720439889772	1.000021911362807	-273.1499938964844	9.000157223780949	-273.1499938964844	205
DATA	2026-03-03T083000_AIU-0547.ghg	2026-03-03	09:00:00	62.374	1	18000	18000	0.03601028802155183	1	NaN	18.595327878661625	0	NaN	-0.40928615195546875	1	NaN	-0.19063435075433388	1	NaN	-0.009089419801100219	1	NaN	-0.0054648128544942665	0	NaN	NaN	NaN	NaN	NaN	NaN	NaN	NaN	NaN	NaN	6.921944456888271e-11	9.74892218730771e-13	3.700402616861265e-13	NaN	17.99877556799774	428.83529732940616	431.4410940144856	0	0	253.49620120775467	6.0397507822747745	6.076451032149654	-0.7	0	0.09621966288076572	2.1217885771393528	2.1346815215289143	0.2	0	NaN	NaN	NaN	NaN	9	273.14662174224856	273.70191922336153	96535.42799739583	1.2259520455420023	1008.4287466509572	0.02357225532251656	-0.0005889944031112941	0.004617136098021767	583.2063237352653	634.2920309572985	0.0037661637050252625	91.94602726682021	51.08570722203319	272.5107118564594	-0.25544549188777366	0.4072791471314688	0.041660086907988045	0.4825601163120714	1.3483936936487932e-14	3.84578630403929e-15	0.4825601163120714	2.865652369255555	209.90406210169976	122.09593789830022	4.952589515048305	NaN	0.1713864788282704	0.20307988345975028	-23.006423133206443	-0.12605175446913647	-45.43356228843246	0.08776241880077566	1	2.9079420455661955	1	2	4	7	12	35	0.03522207098669684	1.0223784977082322	18.22640277618523	1.0210203348573574	-0.37533553747854004	1.0904540366867603	-0.17482107850557188	1.0904540366867603	-0.008335445140555897	1.0904540366867603	-0.010778161691908724	1.1558701189486364	NaN	NaN	800000009	800000009	800000009	800000009	800000009	800100109	899999999	899999999	89999	89999	89	89	23	10	1	17	3	1	0	NaN	0	0	0	0	0	0	0	0	0	NaN	NaN	NaN	NaN	0	0	0	0	0	0	0	0	2548	0	0	0	18000	18000	18000	18000	93	NaN	0.12013301849798118	0.24046764311180732	0.045559105309712085	0.02942519753964368	0.291387235558008	0.0006807045049056069	3.871560757813514e-8	NaN	0.01474287771694777	-0.0041459744677156945	-0.00019767949623241893	-0.000010778161691908724	NaN	428.83524838850235	6.039749103569571	96931.75908463541	11.380000114440918	-0.644357470547158	95.10195040257773	94.58772499169244	95.61617617840236	-1.028451714962718	0.00026505422899370196	-1	0	2.1161795446077987	72.23770720789187	1.0000117159386477	-273.1499938964844	9.000066233131621	-273.1499938964844	025
DATA	2026-03-03T090000_AIU-0547.ghg	2026-03-03	09:30:00	62.395	1	18000	18000	0.038011559993788635	1	NaN	11.444458609143656	1	NaN	-5.0789608001929185	2	NaN	-0.24042718658706405	2	NaN	-0.11281778554834616	2	NaN	-0.00289179909154751	0	NaN	NaN	NaN	NaN	NaN	NaN	NaN	NaN	NaN	NaN	2.280325039213693e-11	3.264311298369956e-13	1.2203959468325042e-13	NaN	17.932456776188815	427.80449704631906	430.44054514530325	0.1	1	256.7051637613422	6.124070161871815	6.161805491022645	-0.7	0	0.09597183379592338	2.1185947655649917	2.1316491344247015	0.1	0	NaN	NaN	NaN	NaN	9	273.41496347215445	273.9291284569634	96536.92989756944	1.2249150975081202	1008.4780965691749	0.023591456413702812	-0.007310592503532831	0.004677784375518698	591.3575147595444	644.7906759067416	0.00381886416865532	91.71309959281648	53.43316114719721	272.70094795701687	-0.19853100528038323	0.3580977693765471	0.028826772321790806	0.41046261132116446	-6.213626440708404e-14	1.2716188683312866e-15	0.41046261132116446	2.4124468120185205	212.9958179217902	119.0041820782098	4.027195398776017	NaN	0.17615900676180274	0.20784536554757704	-40.5933393263828	-0.07144029163708651	-2.253307134937712	0.05259178874710115	1	2.0334676362142625	1	2	3	5	9	26	0.037069579867586765	1.0254111357497615	10.946792279870445	1.023003337853744	-4.648328515765275	1.092642394565511	-0.2200419714472729	1.092642394565511	-0.10325224987559459	1.092642394565511	-0.005871128760042102	1.1587010327282699	NaN	NaN	800000009	800000009	800000009	800000009	800000009	800000109	899999999	899999999	89999	89999	89	89	12	7	1	6	0	0	0	NaN	0	0	0	0	0	0	0	0	0	NaN	NaN	NaN	NaN	0	0	0	0	0	0	0	0	2008	0	0	0	18000	18000	18000	18000	93	NaN	0.12606039256436213	0.2436463152893636	0.04598402324142839	0.048282491681737746	0.07957298005287962	0.005124567423417808	1.3738882771922734e-8	NaN	0.00886164646020347	-0.005223105825204704	-0.0024508843664852267	-0.000005871128760042102	NaN	427.80440668199014	6.1240641071805415	96938.39872026909	11.370288225491842	-0.4545162876587623	95.15540570576985	94.6502323383755	95.66058018408881	-1.0103452136549662	0.0002656181758631848	-1	0	2.1129206817944843	80.04337489573157	1.0000310365739795	-273.1499938964844	9.000175983640883	-273.1499938964844	062
DATA	2026-03-03T093000_AIU-0547.ghg	2026-03-03	10:00:00	62.416	1	18000	18000	0.05507881764559208	1	NaN	19.671408456703137	0	NaN	-0.39570101960610876	1	NaN	-0.5892132902561694	1	NaN	-0.008792920354019199	1	NaN	-0.0038706763760536413	0	NaN	NaN	NaN	NaN	NaN	NaN	NaN	NaN	NaN	NaN	-1.934403405450437e-10	-2.8190094679359937e-12	-1.0369593713851465e-12	NaN	17.84066469873083	426.5780700999484	429.2464936681342	0.3	0	259.9923188632034	6.21652968061025	6.255416663966381	0.1	1	0.09563695141852407	2.1151203971550028	2.1283513565336616	0.1	0	NaN	NaN	NaN	NaN	9	273.92610004764134	274.3253227089776	96520.80827625867	1.2228988941667136	1008.5342555675735	0.023629523765223547	-0.000569781238940444	0.004740758547526456	600.1854196580013	663.466303963379	0.0038766561734090215	90.46208014975986	63.280884305377754	272.904374776615	-0.5376368651973783	0.4105310568541895	0.02660799434103915	0.6769764640103085	4.5642068886356214e-14	-1.0842664430479706e-14	0.6769764640103085	3.1074082909540937	189.36478427686885	142.63521572313115	2.252542961556931	NaN	0.2122252375110167	0.23575625422402638	-41.290322774228414	-0.07023437467071705	-49.71280709937158	0.07515488622622875	0	63.643614580029826	-9.65816405115603	21.84679338090288	54.40160451063511	82.96587941371055	116.36082554208102	174.3297203806198	0.05414462275720846	1.0172536965041326	19.34669517812239	1.0177159257653197	-0.3639426822362592	1.0872619204065577	-0.541923964407625	1.0872619204065577	-0.0080872144871323	1.0872619204065577	-0.009651576382309781	1.1513781687985594	NaN	NaN	800000009	800000009	800000009	800000009	800000009	800000009	899999999	899999999	89999	89999	89	89	21	17	0	4	4	1	0	NaN	0	0	0	0	0	0	0	0	0	NaN	NaN	NaN	NaN	0	0	0	0	0	0	0	0	402	0	0	0	18000	18000	18000	18000	93	NaN	0.1637251169658237	0.2338108502866313	0.07397654119559775	0.04261550677772766	0.23330824930031346	0.0010833500325900225	1.617131867646565e-8	NaN	0.01568648298948158	-0.012885529962231492	-0.0001922927411022416	-0.000009651576382309781	NaN	426.57798859420905	6.21652757617472	96916.16185308159	11.379139804204307	-0.25086228757848195	95.21338892449273	94.72534266153973	95.70142670991686	-0.9760838447262852	0.0002659017923061684	-1	0	2.1093752957714926	83.56751899464923	1.0000530127005445	-273.1499938964844	9.000337660418616	-273.1499938964844	229
DATA	2026-03-03T100000_AIU-0547.ghg	2026-03-03	10:30:00	62.437	1	18000	18000	0.05364889055980184	0	NaN	18.54362842529972	0	NaN	0.694733159702366	2	NaN	0.4040499969132884	1	NaN	0.01544449552522477	2	NaN	-0.0015531889442376048	0	NaN	NaN	NaN	NaN	NaN	NaN	NaN	NaN	NaN	NaN	3.7469141062287847e-11	5.5402683991763e-13	2.0086656138170704e-13	NaN	17.790674575765205	425.99995332283805	428.7003055226836	0.1	1	263.05676980502113	6.298927630931363	6.338855623768403	0.1	1	0.0953731931232244	2.113811522671846	2.127210668729921	0.3	0	NaN	NaN	NaN	NaN	9	274.37164742024737	274.7855635070801	96505.49198394097	1.220618798861168	1008.5858766097751	0.023672923975953906	0.001000803310034565	0.004794789100386838	608.0441676670764	685.7611422447508	0.003928162588402174	88.6670489489565	77.71697457767436	273.08325078198743	-0.4386351000938316	0.4604786681369725	0.031164702626270725	0.63672018464418	6.4286702915760395e-15	2.106111317067708e-15	0.63672018464418	3.5440390248255524	198.39170164967138	133.60829835032862	2.8055018510097174	NaN	0.2096478174555715	0.24407438486940133	-42.22099119725616	-0.06868621313154921	26.691727847342257	0.0718474624689815	0	64.69412415506747	-9.81758293205987	22.20739932357209	55.2995642951783	84.33532474299687	118.28149208809451	177.2072288578165	0.0526965791464373	1.0180715983615973	18.2842496409732	1.018236813427857	0.6387164082868264	1.0877020704161782	0.3714712032851884	1.0877020704161782	0.014199196586355099	1.0877020704161782	-0.007211489723021601	1.1520555379807282	NaN	NaN	800000009	800000009	800000009	800000009	800000009	811000009	899999999	899999999	89999	89999	89	89	27	11	0	1	3	0	0	NaN	0	0	0	0	0	0	0	0	0	NaN	NaN	NaN	NaN	0	0	0	0	0	0	0	0	2881	0	0	0	18000	18000	18000	18000	93	NaN	0.17643100465054756	0.24242216584672083	0.06929559924153429	0.058142533242832785	0.28873350044186413	0.0037539911422787933	2.3416559314323004e-8	NaN	0.014851974865189264	0.008849567290968958	0.0003382677972272756	-0.000007211489723021601	NaN	425.99998408335097	6.298922942448907	96905.63291449653	11.399999618530273	-0.07182153999049129	95.17141697756449	94.68537102444967	95.65746677398681	-0.9720939257525729	0.0002659040522024346	-1	0	2.1079987880455127	83.56738156255088	1.000050338562992	-273.1499938964844	9.000294147756364	-273.1499938964844	252
DATA	2026-03-03T103000_AIU-0547.ghg	2026-03-03	11:00:00	62.458	1	18000	18000	0.04760182351805014	0	NaN	21.0880401153364	0	NaN	0.263018617189549	2	NaN	-0.5375092981090865	1	NaN	0.005849370852559026	2	NaN	-0.002559549722345179	0	NaN	NaN	NaN	NaN	NaN	NaN	NaN	NaN	NaN	NaN	3.109805703961249e-11	4.663458559407712e-13	1.6694828441392043e-13	NaN	17.75081623307718	425.4355467510713	428.1671776226066	0.1	1	266.190893512004	6.379823149225613	6.42078663241936	0.1	1	0.09529432379920584	2.116051033325583	2.129637745513877	0.2	0	NaN	NaN	NaN	NaN	9	274.78268320041235	275.19042427232523	96493.61938368056	1.2186357089331463	1008.6360121396576	0.023710719962765303	0.0003790392312458249	0.004848626077123183	615.7773581595908	705.9190293320293	0.003978732972930777	87.23059339288044	90.14167117243846	273.25728100812165	-0.48429765459455626	0.4331421879097005	0.020018124676127336	0.6500439204457773	1.256237964167809e-14	1.7519226514025775e-15	0.6500439204457773	2.6047490040929766	193.80855319784538	138.19144680215462	1.7647044786451038	NaN	0.19763999990972164	0.2469956862381894	-31.103591605982928	-0.09323682090277223	80.17698648358011	0.08680665153486111	1	3.9625699908829253	2	3	6	10	17	48	0.046769778447531746	1.0177902290354404	20.76984743613864	1.0180572328727735	0.2418459088735974	1.087546274462793	-0.4942403930118706	1.087546274462793	0.005378502956527892	1.087546274462793	-0.008909522122887849	1.151820121393042	NaN	NaN	800000009	800000009	800000009	800000009	800000009	801001009	899999999	899999999	89999	89999	89	89	25	4	0	0	0	0	0	NaN	0	0	1256	0	0	0	0	0	0	NaN	NaN	NaN	NaN	0	0	0	0	0	0	0	0	1241	0	0	0	18000	18000	18000	18000	93	NaN	0.16568111742578573	0.2707735854580376	0.057536669592555476	0.048855814728237114	3.476416057984865	0.00517269786839659	1.891247435413466e-8	NaN	0.016897596547983073	-0.011794059751830222	0.00012834722969144673	-0.000008909522122887848	NaN	425.43543413171676	6.379816993553577	96888.2553984375	11.387239934921261	0.1013394757624879	95.21078252919514	94.744370932685	95.67719776535034	-0.9328269949952764	0.0002665917152610038	-1	0	2.110165148946974	83.83221292665267	1.0000510956777466	-273.1499938964844	9.000266503572464	-273.1499938964844	147
DATA	2026-03-03T110000_AIU-0547.ghg	2026-03-03	11:30:00	62.479	1	18000	18000	0.08429590926340155	1	NaN	11.83221365418499	1	NaN	-8.883060688627808	1	NaN	-3.08681391834076	1	NaN	-0.19762269935420568	1	NaN	-0.004751200674808735	1	NaN	NaN	NaN	NaN	NaN	NaN	NaN	NaN	NaN	NaN	-1.1258658258016108e-10	-1.7278014500376442e-12	-6.045040743327365e-13	NaN	17.73408883536977	420.24637429937934	422.97425331454855	0	0	272.15484920711634	6.449279108108189	6.491142296508821	-0.7	0	0.09521853057336474	2.118015580876092	2.1317639213977815	0	0	NaN	NaN	NaN	NaN	9	275.1252038709853	275.5577206166585	96454.95423350696	1.2164916795711915	1008.6794045001038	0.02375188405212104	-0.012805950918152528	0.004892917600318098	622.2317835417047	724.6585220716784	0.0040221545962754405	85.86551659709284	102.4267385299737	273.4010577071019	-0.6439708376519427	0.3861013254894951	0.039457251584623876	0.7518839990273971	4.075966929542425e-14	-6.348596966290856e-15	0.7518839990273971	3.553454500990718	182.94535808681232	149.05464191318768	3.0081407853741924	NaN	0.2632380581022522	0.2847165693463206	-130.94388728075702	-0.022146891009750647	-1.331997390193756	0.03663152748547211	0	79.1050203587869	-12.004492028567675	27.154193654374986	67.61778162289988	103.12138340058365	144.629206468104	216.6809061812418	0.08297201192961146	1.0159559507236393	11.194739921951099	1.016897575737586	-8.174676366448542	1.0866559470276647	-2.8406543274199505	1.0866559470276647	-0.18186317379918088	1.0866559470276647	-0.007513909979283086	1.1503551035635524	NaN	NaN	800000009	800000009	800000009	800000009	800000009	801000009	899999999	899999999	89999	89999	89	89	3	36	0	0	0	0	0	NaN	0	0	6003	0	0	0	0	0	0	NaN	NaN	NaN	NaN	0	0	0	0	0	0	0	0	4414	0	0	0	18000	18000	18000	18000	93	NaN	0.27712588956427875	0.22622660039492387	0.06608064873343865	0.09116646805777937	11.153596849388311	0.01409802934733051	2.116404708310581e-8	NaN	0.00912329488032081	-0.06790897362104846	-0.004347639680392176	-0.000007513909979283086	NaN	420.24598430718333	6.4492641391307695	96852.67586024306	11.380000114440918	0.24444563361048766	95.15435062472025	94.68078799014621	95.62790504964192	-0.9471112144920576	0.00026364317529239804	-1	0	2.112063580168618	83.92130079820424	1.0000626412596967	-273.1499938964844	9.000354734208848	-273.1499938964844	236
DATA	2026-03-03T113000_AIU-0547.ghg	2026-03-03	12:00:00	62.499	1	18000	18000	0.07920985276648698	1	NaN	20.414952194283003	0	NaN	0.7637184351507055	2	NaN	-0.17511748533214674	2	NaN	0.016994526809950405	2	NaN	-0.00048365546307563864	0	NaN	NaN	NaN	NaN	NaN	NaN	NaN	NaN	NaN	NaN	-1.0010437839052212e-10	-1.565651052462281e-12	-5.374179779202829e-13	NaN	17.737067749647007	420.262158367708	423.04280950551663	0.1	1	277.41103072929013	6.57297813679616	6.61646803654317	0.8	0	0.09522279881768755	2.1206189572035794	2.1346499647516044	0	0	NaN	NaN	NaN	NaN	9	275.5030490875244	275.8039284583198	96440.25625043403	1.215163541951508	1008.7509419871126	0.02377672924518127	0.001101245337284786	0.004981554310229281	634.0697327241515	737.4652388473127	0.0040994928980745155	85.97960952237256	103.39550612316111	273.6613573701162	-0.6443252402404657	0.37144993130211795	0.05165629790903417	0.7455189063926948	3.428190931375927e-14	-5.643795231740846e-15	0.7455189063926948	3.2426408958914434	181.96321067184172	150.03678932815822	3.9731537204769287	NaN	0.2553125936243878	0.24578595889648164	-69.23675793789398	-0.041885265664826865	26.73099306586006	0.06523151204282499	0	77.44578887388987	-11.752697249378514	26.58463317826387	66.19949550529641	100.9584075827615	141.5956021289719	212.1360140861347	0.07795812575793569	1.0160564020284168	20.15656421761203	1.016960473022421	0.7027881376124488	1.0866979595660968	-0.16114641956452067	1.0866979595660968	0.015638684751682133	1.0866979595660968	-0.006831435399870233	1.15043186948385	NaN	NaN	800000009	800000009	800000009	800000009	800001009	800001009	899999999	899999999	89999	89999	89	89	21	19	1	2	2	1	0	NaN	0	0	15212	0	0	0	0	0	0	NaN	NaN	NaN	NaN	0	0	0	0	0	0	0	0	2710	0	0	0	18000	18000	18000	18000	93	NaN	0.23302924395964772	0.1929980594136057	0.06554461441970984	0.042212286286118506	1.9708962724021282	0.004674540775842201	1.0702569201085117e-8	NaN	0.016443634772099206	-0.0038568928594677034	0.0003742976835180588	-0.000006831435399870233	NaN	420.26205979779627	6.572972368391002	96833.1766890191	11.380000114440918	0.5048909459778314	95.13874506886802	94.66582127719457	95.6116734623379	-0.9458519534965352	0.00026345801818792507	-1	0	2.114550847113132	83.79871426900226	1.0000730111814207	-273.1499938964844	9.000411988602744	-273.1499938964844	014
DATA	2026-03-03T120000_AIU-0547.ghg	2026-03-03	12:30:00	62.52	1	18000	18000	0.12416562531690142	1	NaN	26.65381076303536	1	NaN	-2.5897609155837413	1	NaN	0.17669688601363231	2	NaN	-0.05764174300096023	1	NaN	-0.0030182614489632146	1	NaN	NaN	NaN	NaN	NaN	NaN	NaN	NaN	NaN	NaN	7.885805409928269e-11	1.2574210807926842e-12	4.233216123026914e-13	NaN	17.72610895761441	420.19672008181965	423.031110336892	-0.2	0	282.6494178472905	6.700193403778509	6.745388813412054	0.6	0	0.09515635542240408	2.121682413559085	2.1359939863771196	0	0	NaN	NaN	NaN	NaN	9	275.72952109951444	276.0501391991509	96390.30177387153	1.2133923398879816	1008.8244523507796	0.02381028812095562	-0.0037351849464622227	0.005070811684068839	646.0069021772064	750.4719669662945	0.00417903716495933	86.080084348603	104.46506478908816	273.9195171458386	-0.910298552640636	0.3848856746502636	0.034638464036679445	0.988928845105368	-2.913822239047903e-16	4.448695102114246e-15	0.988928845105368	3.5465331258921355	174.91925262789331	157.0807473721067	2.007266586401178	NaN	0.319889559258852	0.3318354989229648	-104.26998404586044	-0.02781241434471219	-10.29199668689397	0.0680679067430468	0	82.64268346817563	-12.541346053809042	28.368558921213697	70.64172284055061	107.7330845567272	151.09718291184618	226.37111351359036	0.12255804630605234	1.0131168785673577	26.175600510892608	1.0151706147248418	-2.3847086885260285	1.0859862791813177	0.1627063706061159	1.0859862791813177	-0.05307778201803255	1.0859862791813177	-0.010933457509976227	1.148500378175806	NaN	NaN	800000009	800000009	800000009	800000009	800000009	800001009	899999999	899999999	89999	89999	89	89	8	48	2	0	5	0	0	NaN	0	0	10462	0	0	0	0	0	0	NaN	NaN	NaN	NaN	0	0	0	0	0	0	0	0	3715	0	0	0	18000	18000	18000	18000	93	NaN	0.4317286410286064	0.14446892559628996	0.08747343122103328	0.0627879690702373	3.5248207324548098	0.006824047834595684	1.5712666341295186e-8	NaN	0.021383549910357794	0.0039002248336525974	-0.001272324388840792	-0.000010933457509976227	NaN	420.19660021784784	6.700185528301831	96786.74990972222	11.380000114440918	0.7632586239460384	95.08964559131198	94.61108572090997	95.56820631196764	-0.9571199887659814	0.00026350352071070427	-1	0	2.115497232264943	83.73107230419585	1.0000504013200602	-273.1499938964844	9.000257228983774	-273.1499938964844	126
DATA	2026-03-03T123000_AIU-0547.ghg	2026-03-03	13:00:00	62.541	1	18000	18000	0.13787654021268575	1	NaN	21.859813122410824	1	NaN	-2.7751241684875096	1	NaN	-1.5442653230184877	1	NaN	-0.06177008767195101	1	NaN	-0.004592451868577849	1	NaN	NaN	NaN	NaN	NaN	NaN	NaN	NaN	NaN	NaN	1.772803621586329e-10	2.8582178048549026e-12	9.511000125261108e-13	NaN	17.737288204033586	420.6188267572873	423.4907133682177	-0.1	0	285.9709464562535	6.7814630174271375	6.827765254995564	-0.5	0	0.09515963769264038	2.1223105533548314	2.1368011916113376	-0.1	0	NaN	NaN	NaN	NaN	9	275.8350764719645	276.0946258171929	96335.58461197917	1.2124707862893906	1008.8697790021445	0.02382765131171173	-0.0040027016811424255	0.005128577889158684	653.4714440994564	752.8436147105182	0.0042298568733800425	86.80042326595648	99.37217061106173	274.0788112177993	-0.7312921087934099	0.41280218674745706	0.06387093012736762	0.8421836435614916	6.806460146188446e-14	9.994783876732524e-15	0.8421836435614916	3.5457525391079554	181.44400254075723	150.55599745924277	4.349469302499375	NaN	0.3372170670614756	0.3998681240151215	-148.8780507299849	-0.01947902988909784	-7.877057672098614	0.0529944637532955	0	84.89087016819401	-12.88251705909663	29.140288664112475	72.56343901785344	110.66382298011901	155.20758522185184	232.52924518734685	0.13588057125887493	1.0146891416139852	21.41393143036931	1.0161129211185005	-2.5548627326150872	1.0862126301583994	-1.4216970785851493	1.0862126301583994	-0.05686739958358176	1.0862126301583994	-0.010894208394048819	1.149442594726814	NaN	NaN	800000009	800000009	800000009	800000009	800000009	801000009	899999999	899999999	89999	89999	89	89	16	37	3	0	0	0	0	NaN	0	0	11248	0	0	0	0	0	0	NaN	NaN	NaN	NaN	0	0	0	0	0	0	0	0	1610	0	0	0	18000	18000	18000	18000	93	NaN	0.44405713604293273	0.26478124584303137	0.09089786614427894	0.03406143036616158	4.547182976098808	0.0031985039504786113	1.199123255527865e-8	NaN	0.017506124450421226	-0.034107060068535	-0.0013642708019551146	-0.000010894208394048819	NaN	420.61868519266153	6.781458612851681	96727.33743836805	11.380000114440918	0.9227408938374784	95.06690425491334	94.58620397440592	95.54760777791341	-0.9614049057563163	0.0002636481799709145	-1	0	2.1160513430303998	83.28258242734273	1.0000587248719401	-273.1499938964844	9.000315704451667	-273.1499938964844	027
DATA	2026-03-03T130000_AIU-0547.ghg	2026-03-03	13:30:00	62.562	1	18000	18000	0.10571615822098625	1	NaN	16.916168329026927	1	NaN	-1.1538336213482583	2	NaN	-0.8732203787784661	2	NaN	-0.025681167124340102	2	NaN	-0.003347453802551827	1	NaN	NaN	NaN	NaN	NaN	NaN	NaN	NaN	NaN	NaN	1.4650322118878451e-10	2.374574498778591e-12	7.836842531886869e-13	NaN	17.810435473670147	424.4735050056962	427.41411939447823	-0.2	0	288.6776518955911	6.880012276964567	6.9276747643944185	0.1	1	0.09527270260605722	2.124390063820836	2.139107147255698	-0.1	0	NaN	NaN	NaN	NaN	9	275.83858528137205	276.0359319644504	96296.32029730902	1.212189023985975	1008.9231378446511	0.023832299419820853	-0.0016641396296572385	0.005202092386100585	662.697579812669	749.7159519449762	0.004291486132249267	88.39315451317839	87.01837213230715	274.2734867922255	-0.9209538135522267	0.37764908461469654	0.02888543626152059	0.9957957251538794	1.0425057262754673e-14	8.225695626890532e-15	0.9957957251538794	3.5507713106323733	174.2967193185077	157.7032806814923	1.6622342607982978	NaN	0.29531500390952264	0.3088535794910166	-129.176451734218	-0.022449912202007084	-14.660838457160168	0.046836890696130284	0	83.26268425998121	-12.635433565943902	28.581385129843635	71.17169019225838	108.54131820701217	152.23074209837733	228.0693917365426	0.10435384595026592	1.0130547394618268	16.63990726493153	1.015134323192608	-1.0624733663461365	1.0859882778203758	-0.8040790095184602	1.0859882778203758	-0.023647738791327734	1.0859882778203758	-0.008318665287775643	1.148469492629981	NaN	NaN	800000009	800000009	800000009	800000009	800000009	800000009	899999999	899999999	89999	89999	89	89	3	16	1	0	0	2	0	NaN	0	0	2470	0	0	0	0	0	0	NaN	NaN	NaN	NaN	0	0	0	0	0	0	0	0	4994	0	0	0	18000	18000	18000	18000	93	NaN	0.39047581461513287	0.1540615114373499	0.07316983292955052	0.024420628858403334	16.56456057349014	0.005853487249685185	1.2237375992901321e-8	NaN	0.013605749552024095	-0.019295842958781867	-0.000567485344905373	-0.000008318665287775644	NaN	424.47315920335865	6.880007110136634	96688.27956770835	11.38638026046753	1.1173594403863016	94.93858206939699	94.4346976386176	95.44246584998238	-1.00777017299003	0.0002645462756433212	-1	0	2.118032042370902	81.54096804788352	1.0000550407237476	-273.1499938964844	9.000304125997756	-273.1499938964844	000
DATA	2026-03-03T133000_AIU-0547.ghg	2026-03-03	14:00:00	62.583	1	18000	18000	0.09579474775710502	1	NaN	11.733054815037558	1	NaN	-2.813329132190642	2	NaN	-1.2956684959501068	2	NaN	-0.06262496034111589	2	NaN	-0.001901747915645692	1	NaN	NaN	NaN	NaN	NaN	NaN	NaN	NaN	NaN	NaN	-1.352829791812268e-10	-2.2378631623237828e-12	-7.241787795321434e-13	NaN	17.837799304272842	429.4686688861784	432.541577997721	0.1	1	295.07447427278777	7.104309199053915	7.155141536895012	0.1	0	0.09548692531676756	2.1307220017043393	2.14596761920231	0	0	NaN	NaN	NaN	NaN	9	276.01067417060005	276.1700090450711	96247.75191536458	1.2108864579996672	1009.0485948016403	0.023855907379735742	-0.00405809743010431	0.005366371185242243	683.9572044012285	756.8775466054765	0.004431770749263527	90.36563542791185	72.92034220424796	274.71309809997973	-0.6692842611351287	0.46797515239960386	0.04139309753726393	0.8177136136755914	3.2278956650250226e-14	-7.584062185788877e-15	0.8177136136755914	3.464151298443392	186.96191259941986	145.03808740058014	2.901582886184939	NaN	0.28126723117382835	0.32213107292244164	-160.85544206277265	-0.018028609805245482	-4.170523342180528	0.034141017285357754	0	82.84957149599137	-12.572742110209198	28.439576886275834	70.81856761502621	108.00278399603728	151.47544021024552	226.93781187409692	0.09437855603159942	1.01500543963643	11.423054076682805	1.0163071490410425	-2.589813769617591	1.0863055734722018	-1.192729308944545	1.0863055734722018	-0.05764948820150598	1.0863055734722018	-0.0052580015987054	1.1496609101120427	NaN	NaN	800000009	800000009	800000009	800000009	800001009	800001109	899999999	899999999	89999	89999	89	89	11	26	3	7	10	4	0	NaN	0	0	31	0	0	0	0	0	0	NaN	NaN	NaN	NaN	0	0	0	0	0	0	0	0	7570	0	0	0	18000	18000	18000	18000	93	NaN	0.3052890698202546	0.27176837283892036	0.0672047031857083	0.025939900990467862	3.921761809668383	0.00825061680405067	7.133614450219347e-9	NaN	0.00934903377042229	-0.02865728474583613	-0.0013851238386220367	-0.0000052580015987054	NaN	429.46874708117065	7.104300564796089	96642.94023111979	11.390000343322754	1.5568597425818624	94.81426852353414	94.29438074662951	95.33415836313034	-1.0397760366433197	0.0002678266310217118	-1	0	2.124143015954229	79.0497113208771	1.0000584057834414	-273.1499938964844	9.000319495280584	-273.1499938964844	182
DATA	2026-03-03T140000_AIU-0547.ghg	2026-03-03	14:30:00	62.604	1	18000	18000	0.06394869794056847	1	NaN	12.210828579105145	0	NaN	-0.425049317404821	2	NaN	0.08886775181094902	0	NaN	-0.009465570375310185	2	NaN	-0.002303274853295223	0	NaN	NaN	NaN	NaN	NaN	NaN	NaN	NaN	NaN	NaN	3.8331033189416884e-11	6.539235457360443e-13	2.069046305507464e-13	NaN	17.799803409787437	429.93189656077215	433.1085723702315	0.1	1	303.66284419242925	7.334594630798139	7.3887883985139835	0.1	1	0.09608041949140092	2.148518175278256	2.1643931214457486	0.1	0	NaN	NaN	NaN	NaN	9	276.4886887893677	276.60721023813886	96196.25335199652	1.208220171535045	1009.1819091982654	0.02390646481318658	-0.0006133689603201	0.005528604858324778	705.7497824798647	780.6524597056814	0.004575825655435532	90.4051186549702	74.90267722581666	275.15135261245365	-0.4209745166989598	0.5073098010275869	0.07385132137137437	0.6633526932159587	-5.5757385173273144e-15	2.1534526144451742e-15	0.6633526932159587	3.1794726139108738	202.31352098238398	129.68647901761602	6.392013035863874	NaN	0.23006089875059488	0.2845594953221771	-84.55245849277416	-0.03429823392122694	-28.728027734897964	0.04352981121220167	0	69.72761076640481	-10.581433944645942	23.935232393850484	59.60211294434747	90.89698290748738	127.48431096183596	190.99472850384333	0.06284761336098808	1.0175199107920918	12.001961066779737	1.0178850825929975	-0.3908856155876384	1.087400764967579	0.08172493037891014	1.087400764967579	-0.008704767074163684	1.087400764967579	-0.005956174516334118	1.1515962512848863	NaN	NaN	800000009	800000009	800000009	800000009	800000009	800000009	899999999	899999999	89999	89999	89	89	21	13	1	5	13	1	0	NaN	0	0	0	0	0	0	0	0	0	NaN	NaN	NaN	NaN	0	0	0	0	0	0	0	0	10725	0	0	0	18000	18000	18000	18000	93	NaN	0.1940150534577529	0.3059111665162199	0.06919277067038147	0.03526149071033829	0.06724134986775501	0.004005726626281567	1.507028704825756e-7	NaN	0.009843208281762333	0.001968193949516672	-0.00020963823166183016	-0.000005956174516334117	NaN	429.9318233260884	7.33458922868225	96594.15152777778	11.370575454288058	1.996088941852264	94.76758107121785	94.24421330346001	95.29095117950439	-1.0467383161716999	0.000268611486163637	-1	0	2.141678833961485	81.0042065514456	1.0000612917045753	-273.1499938964844	9.00034224735366	-273.1499938964844	029
DATA	2026-03-03T143000_AIU-0547.ghg	2026-03-03	15:00:00	62.624	1	18000	18000	0.07698327640992532	1	NaN	10.414416509217302	0	NaN	0.719868852765317	1	NaN	-0.3704935340843971	2	NaN	0.016036023424954693	1	NaN	-0.0018895000293493859	0	NaN	NaN	NaN	NaN	NaN	NaN	NaN	NaN	NaN	NaN	-5.6430738150710775e-11	-9.811488737524556e-13	-3.057856092447664e-13	NaN	17.752630498890305	429.4213883864936	432.65167636384945	0.1	1	308.66109483826284	7.466255544192579	7.522419853126731	0.1	1	0.09619755315449507	2.154511480374783	2.1707186203085436	0	0	NaN	NaN	NaN	NaN	9	276.8616891089545	276.93601914978024	96177.41235915798	1.2064890436713642	1009.2593887736663	0.02393957174282444	0.001039134317937064	0.0056200640787109814	718.2777569894397	798.9657568661796	0.004658197360507346	89.90094391614151	80.68799987673992	275.3979018280088	-0.37416042879827444	0.37845613434429015	0.06583179158421351	0.5362451835536826	-4.693861848654916e-14	-3.1787254375760366e-15	0.5362451835536826	2.7121412581441846	197.32702326414167	134.67297673585833	7.051668092463024	NaN	0.25260183678447584	0.282048714858645	-131.2104509825284	-0.02210189796837262	14.467102541263145	0.033858854249447866	0	77.97920482452112	-11.833645177818713	26.767737612800108	66.65545143704846	101.65376914777399	142.57085661101763	213.59712301487372	0.075428258022797	1.0206158597306907	10.273678160355084	1.019874806752666	0.6608790019126166	1.0892596839693511	-0.3401333396773563	1.0892596839693511	0.014721947081083655	1.0892596839693511	-0.005076890453925039	1.1542701275851517	NaN	NaN	800000009	800000009	800000009	800000009	800000009	800101109	899999999	899999999	89999	89999	89	89	6	11	4	8	3	0	0	NaN	0	0	0	0	0	0	0	0	0	NaN	NaN	NaN	NaN	0	0	0	0	0	0	0	0	8598	0	0	0	18000	18000	18000	18000	93	NaN	0.1752632037719492	0.3257656448323948	0.06306858111294614	0.01583019883586973	0.2349872081398455	0.0009808018878924435	6.419300435994103e-8	NaN	0.008437227821825566	-0.00820391544686433	0.0003550890047444001	-0.000005076890453925038	NaN	429.4213077408042	7.466253156204731	96573.91753624132	11.376093358357746	2.2423674216138014	94.78957051361931	94.27446063825819	95.30467865731981	-1.0302173755135804	0.00026934466043086205	-1	0	2.1475296966632214	81.934280772739	1.0000649908880392	-273.1499938964844	9.000352637105518	-273.1499938964844	159
DATA	2026-03-03T150000_AIU-0547.ghg	2026-03-03	15:30:00	62.645	1	18000	18000	0.039920238707935075	1	NaN	6.256296909993406	1	NaN	0.3173194582962858	1	NaN	0.5028561073964662	1	NaN	0.007071704220895407	1	NaN	-0.00028016172687889525	1	NaN	NaN	NaN	NaN	NaN	NaN	NaN	NaN	NaN	NaN	-5.296029769173553e-11	-9.435520948628602e-13	-2.8561649573754537e-13	NaN	17.70369112110934	428.77295918115686	432.0736177619203	0.1	0	315.4127822573485	7.639111589039678	7.697916834743431	0.1	1	0.09547654450628605	2.142880971123679	2.159376690626143	0.3	0	NaN	NaN	NaN	NaN	9	277.3700006035699	277.38146438259554	96176.57275217013	1.2044620805846376	1009.3614556448255	0.023978287319713864	0.00045824643351402236	0.0057408934740685695	734.9006479608005	824.3807184816237	0.00476635467949475	89.14578319036487	89.48007052082323	275.7192311601601	-0.22488025281819482	0.39044926380846856	0.029030528457022465	0.45151359591786944	8.975302000584578e-14	-2.991483376513912e-15	0.45151359591786944	2.1060849216547695	212.0600985037963	119.9399014962037	3.686433666807908	NaN	0.18205390498729412	0.2174821859491808	-81.76910554260881	-0.03546571753177424	19.716083418218275	0.02826685584567821	1	2.3071608165122357	1	2	4	6	11	34	0.039000807839085605	1.0235746621619473	6.154447091954605	1.0218009557648797	0.2907718524979525	1.0913004665694737	0.46078611968086586	1.0913004665694737	0.006480070739019712	1.0913004665694737	-0.0022336645242798186	1.1569768153010893	NaN	NaN	800000009	800000009	800000009	800000009	800000009	800001019	899999999	899999999	89999	89999	89	89	2	3	0	8	13	0	0	NaN	0	0	0	0	0	0	0	0	0	NaN	NaN	NaN	NaN	0	0	0	0	0	0	0	0	14060	0	0	0	18000	18000	18000	18000	93	NaN	0.10314265425548026	0.30355561279627263	0.028266104846608728	0.031051617832142445	0.2509312397811457	0.002901185248171071	3.0323481347514256e-8	NaN	0.005062315336287936	0.011133938181511059	0.00015657743134717982	-0.0000022336645242798186	NaN	428.7728798289425	7.639107177811111	96573.24961892361	11.390000343322754	2.563898543225406	94.79146029493882	94.28086668311225	95.30206970991333	-1.021205179088645	0.00026896576740546147	-1	0	2.1357836280398903	82.04052805964153	1.0000922062297661	-273.1499938964844	9.000489350822237	-273.1499938964844	106
DATA	2026-03-03T153000_AIU-0547.ghg	2026-03-03	16:00:00	62.666	1	18000	18000	0.0067573909569218025	1	NaN	4.966786432055187	1	NaN	2.3485370241709282	2	NaN	0.36166842609835764	1	NaN	0.05233148987102061	2	NaN	NaN	NaN	NaN	NaN	NaN	NaN	NaN	NaN	NaN	NaN	NaN	NaN	1.4274214837759908e-11	2.615418837015565e-13	NaN	NaN	17.668129257321493	428.7543353878658	432.1492693112806	0.1	1	323.72749464429563	7.855928875745389	7.9181331667319155	0.1	1	NaN	NaN	NaN	NaN	0	NaN	NaN	NaN	NaN	9	277.9235536532932	277.23219568798623	95134.69488688928	1.191973944222191	1009.4673702659805	0.02428826231923845	0.0033910805436421355	0.005828487806405774	745.7075724636895	815.6865749360327	0.004889777863566545	91.42084660669683	69.97900247234315	275.9247033881364	-0.15000107921352357	0.23472950107991633	0.06812435917388601	0.28677376232021423	1.901142225214085e-15	8.079075396080668e-16	0.28677376232021423	1.087810441342289	209.41987482607544	122.58012517392456	13.74224186547707	NaN	0.07529326706079385	0.04827643032975713	-7.229992626918135	-0.4011069097363875	2.114842721633713	0.05482268432054553	1	4.41775865948808	2	4	6	10	16	40	0.006536691441548233	1.0337631839206558	4.96422923201345	1.0285141992049585	2.1367364523640777	1.0991233952004305	0.32905170400126516	1.0991233952004305	0.04761202436372279	1.0991233952004305	NaN	1	NaN	NaN	800000009	800000009	800000009	800000019	800000009	800000009	899999999	899999999	89999	89999	89	89	19	0	0	2	3	0	0	NaN	0	0	0	0	0	0	0	0	0	NaN	NaN	NaN	NaN	0	7380	0	0	0	0	0	0	16577	0	0	0	18000	18000	18000	18000	93	NaN	0.029908421615999627	0.05376439604134633	0.012880043002168313	0.02301374369121616	0.14907647540905136	0.00613050311917141	NaN	NaN	0.004125653782919299	0.008055234574125986	0.001165549426230335	NaN	NaN	428.75425503273675	7.855921204060065	96557.80665190972	11.390000343322754	2.9554389460351502	94.80396162753635	94.29990456983778	95.30802013439602	-1.0081150614023202	0.00026993706268775797	-1	0	2.2278723755677805	42.77151238162248	1.0000958622429106	-273.1499938964844	9.000544242514504	-273.1499938964844	099
DATA	2026-03-03T160000_AIU-0547.ghg	2026-03-03	16:30:00	62.687	1	18000	18000	0.027732510211878843	1	NaN	3.459161137663247	0	NaN	-0.7289685743915785	0	NaN	0.13501439661643255	1	NaN	-0.01625220190276987	0	NaN	NaN	NaN	NaN	NaN	NaN	NaN	NaN	NaN	NaN	NaN	NaN	NaN	2.0360443006543928e-11	3.851225178197279e-13	NaN	NaN	17.572279714363848	427.61959233252776	431.10660852788	0.1	1	332.383760277379	8.088524106043174	8.154481828888429	-0.4	0	NaN	NaN	NaN	NaN	0	NaN	NaN	NaN	NaN	9	278.5205301844278	277.80721655051184	95182.27412815181	1.1899976287713738	1009.6039470672805	0.024328266047054323	-0.0010531426832994875	0.005991187641829269	768.1132878690432	849.2282296350287	0.005034621495855362	90.44839314858315	81.11494176598546	276.34244663629914	-0.18531314122375792	0.20761176548572463	0.04189931428812646	0.2814234496557255	1.2362948996497626e-14	1.1586682739804666e-15	0.2814234496557255	1.7171023477187086	200.2480713653086	131.75192863469138	8.562230561688487	NaN	0.1526586940456636	0.1080202489417266	-86.55947068342422	-0.03350297751480287	-4.745281565190075	0.018860452781043726	1	1.2431011050208558	1	1	2	3	6	17	0.026813562481066863	1.0342717507776467	3.3325171474913122	1.0288514003284408	-0.6629816300297615	1.0995305772783701	0.12279276211729281	1.0995305772783701	-0.014781036779348493	1.0995305772783701	NaN	1	NaN	NaN	800000009	800000009	800000009	800000019	800000009	800000109	899999999	899999999	89999	89999	89	89	6	6	0	3	2	0	1	NaN	0	0	0	0	0	0	0	0	0	NaN	NaN	NaN	NaN	0	5275	0	0	0	0	101	0	16105	0	0	21	18000	18000	18000	18000	93	NaN	0.08264551594982315	0.10524181436989807	0.02815316756373199	0.061047977645510225	0.5014958240163491	0.00637082868144915	NaN	NaN	0.002773800722646852	0.003011638666979035	-0.000362522522786839	NaN	NaN	427.6195376943142	8.08851615453619	96515.5493561198	11.390000343322754	3.3616304299036566	94.82817856725057	94.33762878290813	95.3187279463874	-0.9810991645256659	0.0002705298672177983	-1	0	2.17415142407167	26.180655296910103	1.0001056225084597	-273.1499938964844	9.000600072569318	-273.1499938964844	062
DATA	2026-03-03T163000_AIU-0547.ghg	2026-03-03	17:00:00	62.708	1	18000	18000	0.04542180149357366	1	NaN	11.238058800906954	1	NaN	2.9216114082100373	1	NaN	-0.3452502937804356	0	NaN	0.06520421245364219	1	NaN	-0.001187630528477293	0	NaN	NaN	NaN	NaN	NaN	NaN	NaN	NaN	NaN	NaN	-2.5484533668627885e-11	-4.904241434728115e-13	-1.3720086689049754e-13	NaN	17.52239965749699	427.1288041873906	430.66875621931933	0.1	1	337.2009060615048	8.219662979512766	8.287785785516105	0	0	0.094335193818745	2.1325790191498197	2.15025337723122	0.1	0	NaN	NaN	NaN	NaN	9	278.9287547921075	278.89440119011425	96084.90689336695	1.196522926960117	1009.705494337555	0.02413207366759367	0.004225232966996013	0.006137820208445746	789.9974036951176	916.1199926537603	0.005129713831760396	86.2329618423348	126.12258895864272	276.7401902612764	-0.38724927085206834	0.3810726437963089	0.0709922125426815	0.5479217570667417	7.70045171626973e-14	-1.4543974664865198e-15	0.5479217570667417	1.8380729368748239	196.53940264918594	135.46059735081406	7.44453305570723	NaN	0.19483710373737168	0.16209624533216263	-55.76824678835076	-0.052000917493532736	3.846527559868783	0.04774236083169231	1	2.9653345316322754	1	3	5	8	14	42	0.04451916479153733	1.0202752389058276	11.205725111596472	1.0196543177201904	2.6827454181667068	1.0890378894791153	-0.3170232157354673	1.0890378894791153	0.05987322671099096	1.0890378894791153	-0.004786753205860752	1.1539662222593807	NaN	NaN	800000009	800000009	800000009	800000019	800001019	800001019	899999999	899999999	89999	89999	89	89	25	3	0	4	14	0	1	NaN	0	0	0	0	0	0	0	0	0	NaN	NaN	NaN	NaN	0	0	0	0	0	0	101	0	16709	0	0	21	18000	18000	18000	18000	93	NaN	0.0801228084053328	0.20370840603806678	0.040361276220925654	0.01456928536414534	0.40798542608406946	0.002870590409214135	6.84079919952036e-9	NaN	0.00927522001899996	-0.007713849850295786	0.0014568430890142944	-0.000004786753205860752	NaN	427.12900934749734	8.219658380932273	96479.24696657986	11.380287898805406	3.5845772321356746	94.84709864849515	94.3648016526964	95.32939968617757	-0.9645952404422885	0.00027124860268668276	-1	0	2.125006838801834	81.08296115054947	1.000098862555292	-273.1499938964844	9.000544054296281	-273.1499938964844	209
DATA	2026-03-03T170000_AIU-0547.ghg	2026-03-03	17:30:00	62.729	1	18000	18000	0.03609055659568499	1	NaN	6.517023934895859	0	NaN	2.5948305640991776	1	NaN	0.9636423218721595	1	NaN	0.05792024538254277	1	NaN	0.0018989140168350507	2	NaN	NaN	NaN	NaN	NaN	NaN	NaN	NaN	NaN	NaN	-8.970961275683357e-11	-1.7415178594763695e-12	-4.827165225149477e-13	NaN	17.508281634409723	425.957101528755	429.50872406662023	0.1	1	339.88537257111307	8.26903468744055	8.337981747735824	0.1	1	0.09420993543560688	2.131399707965411	2.1491712798275557	0.1	0	NaN	NaN	NaN	NaN	9	279.1160254635281	279.059111875746	96080.15048394098	1.1957351076837641	1009.7354013930619	0.024147521048301625	0.0037532319007887714	0.006170737249703751	794.7032106844009	926.6320602129936	0.005160622290046304	85.76254209267617	131.92884952859265	276.8244438909974	-0.39962700120001526	0.47620957687300525	0.10137403236218533	0.6298841128581	-1.8498635899494775e-14	-5.12383879983537e-15	0.6298841128581	2.3386527461694904	201.9971956417347	130.0028043582653	9.261505918729261	NaN	0.17373179212223178	0.17743238477482579	-68.1775293644843	-0.04253600896119735	2.5115412254897316	0.031069012715307057	1	4.78261836519069	2	4	7	12	23	67	0.035444748729467825	1.0182201282098597	6.554869619080779	1.0183319398249362	2.3854257792341733	1.0877850766466655	0.8858756592274615	1.0877850766466655	0.05324603786723618	1.0877850766466655	-0.0004389570714634336	1.15218065121718	NaN	NaN	800000009	800000009	800000009	800000009	800001009	810001009	899999999	899999999	89999	89999	89	89	25	42	2	4	41	17	0	NaN	0	0	37	0	0	0	0	0	0	NaN	NaN	NaN	NaN	0	0	0	0	0	0	0	0	16209	0	0	0	18000	18000	18000	18000	93	NaN	0.11428235156131228	0.18321159943975052	0.05737081854858878	0.006448871634206302	4.875327356640097	0.003535557535119076	1.3963132308402994e-8	NaN	0.005429020657135658	0.02157011298410902	0.001296483361732746	-4.389570714634336e-7	NaN	425.95708350832183	8.269031741763627	96471.68341644965	11.380000114440918	3.6688261789282186	94.82625838809543	94.34105511983236	95.31146204206678	-0.9704072091844347	0.0002706209514225419	-1	0	2.123796839826637	80.62324253018696	1.000091200719277	-273.1499938964844	9.000494140095181	-273.1499938964844	152
DATA	2026-03-03T173000_AIU-0547.ghg	2026-03-03	18:00:00	62.749	0	18000	18000	0.023123610149057013	0	NaN	3.886205643832677	0	NaN	3.472119054557341	1	NaN	1.3440333704796856	1	NaN	0.07749763234513822	1	NaN	-0.0009288356933574859	0	NaN	NaN	NaN	NaN	NaN	NaN	NaN	NaN	NaN	NaN	-5.336956011338311e-11	-1.0447584432030424e-12	-2.8595919652680524e-13	NaN	17.53628648514159	426.0861165541679	429.67000669484366	0.1	1	343.28900835712165	8.341029359354485	8.411187319735427	-0.4	0	0.09396109660078444	2.125207709843133	2.143083229983969	0.4	0	NaN	NaN	NaN	NaN	9	279.1185767534044	278.9925360429552	96063.60600672744	1.1957818409522476	1009.7741447435874	0.024145917908793568	0.005021846575964956	0.006224876279238029	801.4842900907436	922.3703407975103	0.005205695609393866	86.8939789843801	120.8860507067667	276.94508121440833	-0.18020985344378104	0.426211331017576	0.08070949101802759	0.4697294028548693	5.152295218212738e-15	-3.0433786627860394e-15	0.4697294028548693	2.2906525463067466	219.08048013875543	112.91951986124455	9.893727023040478	NaN	0.13905987748198148	0.12743539697689465	-58.62513136708403	-0.04946684011403766	1.1192604812130003	0.023144496396693127	1	4.202118891035834	2	4	6	11	20	58	0.022606919808838936	1.0228554064236588	3.999687700269214	1.021331065787798	3.1831277800560387	1.0907884616860133	1.232166838657457	1.0907884616860133	0.07104735250439984	1.0907884616860133	-0.0022821527923388976	1.1563093304289704	NaN	NaN	800000009	800000009	800000009	800000009	800000009	810001109	899999999	899999999	89999	89999	89	89	30	14	0	9	7	10	0	NaN	0	0	355	0	0	0	0	0	0	NaN	NaN	NaN	NaN	0	0	0	0	0	0	0	0	17602	0	0	0	18000	18000	18000	18000	93	NaN	0.08953085094334697	0.13348360601372908	0.03185633699671326	0.003696093440576246	7.321248814000362	0.006917034797631056	2.4340292857750477e-9	NaN	0.0033124541996585855	0.030002114984606885	0.0017299368659453751	-0.0000022821527923388977	NaN	426.0857395613165	8.341015883646271	96456.87157074653	11.380000114440918	3.7893768952886635	94.73627550082739	94.23695315509373	95.23559884198508	-0.9986452913814112	0.00027026387164692594	-1	0	2.1175593138535818	77.11308033295957	1.0001123637722598	-273.1499938964844	9.000626260836919	-273.1499938964844	047
DATA	2026-03-03T180000_AIU-0547.ghg	2026-03-03	18:30:00	62.77	0	18000	18000	0.01346869725588143	0	NaN	0.8160699699821551	1	NaN	-0.07449675080744873	2	NaN	0.32869448296208886	0	NaN	-0.001662596096148011	2	NaN	-0.0005314443880241188	0	NaN	NaN	NaN	NaN	NaN	NaN	NaN	NaN	NaN	NaN	-7.490532026638199e-11	-1.4673920716750298e-12	-3.998601462849221e-13	NaN	17.629444070756872	429.5598372515936	433.20528534493366	0.1	1	345.36006742203756	8.415059134002558	8.486473308734695	0.1	1	0.09410963146523618	2.1275901139721944	2.145645850686347	0.9	0	NaN	NaN	NaN	NaN	9	279.0404220114814	278.88527667490644	96066.48640755209	1.1962440143501187	1009.8134086877943	0.0241359112525312	-0.0001077362270303911	0.0062827281143980045	808.622010042952	915.5407443648508	0.005252045601926134	88.3217939802261	106.9187343218988	277.0710925421765	-0.09685961114869654	0.5959465145085838	0.10667279919149122	0.613117540537003	-1.737313746190491e-14	-4.248875912691564e-15	0.613117540537003	1.959900644322116	232.76839938319333	99.23160061680667	10.019553517358892	NaN	0.10610916737806662	0.11669506329550386	-124.0364681788287	-0.023380220692989624	-10.954437088020736	0.006366688169165171	1	10.51931981503249	5	9	17	28	52	159	0.013222773388847505	1.0185985087849532	0.7993725582372355	1.018574090219528	-0.0684710690168454	1.0880033257421595	0.3021079763132861	1.0880033257421595	-0.0015281167408324828	1.0880033257421595	-0.0007416590344378194	1.1525020680341673	NaN	NaN	800000009	800000009	800000009	800000009	800000109	800110119	899999999	899999999	89999	89999	89	89	22	1	5	4	2	0	0	NaN	0	0	0	0	0	0	0	0	0	NaN	NaN	NaN	NaN	0	0	0	0	0	0	0	0	18000	0	0	0	18000	18000	18000	18000	93	NaN	0.13530698490961038	0.07337816843461349	0.02470497324678383	0.01136584768361973	0.8473045843140296	0.0002544645640359188	7.870730634454908e-9	NaN	0.0006617414281592701	0.00735354844882201	-0.000037195576979784173	-7.416590344378194e-7	NaN	429.5597084003445	8.415060256387038	96455.87020225695	11.38638026046753	3.9146886915961963	94.65884776814778	94.14665504328408	95.17104038747152	-1.0243867842290133	0.00027080905549680914	-1	0	2.119858148316543	79.17645633023545	1.0001051337553395	-273.1499938964844	9.00058380704456	-273.1499938964844	084
DATA	2026-03-03T183000_AIU-0547.ghg	2026-03-03	19:00:00	62.791	0	18000	18000	0.08807060827245353	1	NaN	33.92704938895751	1	NaN	10.841982215138763	1	NaN	-15.218519718799712	1	NaN	0.24187431348773555	1	NaN	0.01367461328925719	2	NaN	NaN	NaN	NaN	NaN	NaN	NaN	NaN	NaN	NaN	3.3420661147475066e-10	6.406034912286909e-12	1.7699919249580793e-12	NaN	17.80003433542691	433.04149692130403	436.66603942155575	0.1	1	341.18906531944924	8.300490931360404	8.36996575621567	0.1	1	0.09427077728551296	2.127170130912211	2.144974472065591	0	1	NaN	NaN	NaN	NaN	9	278.60220749918625	278.47845735168465	96066.51573220486	1.1980439952142765	1009.7436609667063	0.024100696031028705	0.015673455514005265	0.006206246033448012	797.613136548232	890.0412128763869	0.005180315629676014	89.61530376447952	92.42807632815493	276.8763233207454	-0.01891099335763524	-0.07955699193414285	0.06613262485398666	0.1051687439568274	1.807212728677369e-14	1.8775616112694154e-14	0.1051687439568274	1.0706629999050865	75.37126728701975	256.62873271298025	38.96340880341898	NaN	0.27113096173429035	0.10410781633768688	-49.77351274118696	-0.05826392071380339	3.129229389583839	0.10343870488895655	0	82.85696517400864	-12.573864129373312	28.44211489668009	70.82488761979069	108.01242240207145	151.48895821175375	226.95806430365866	0.08203999170501504	1.0735082542319399	32.789536521379524	1.055246103892638	9.571724321294957	1.1327094106772138	-13.435502146751835	1.1327094106772138	0.2135360677749874	1.1327094106772138	0.001350630475966991	1.2081417665569567	NaN	NaN	800000009	800000009	800000009	800000009	800000009	800000109	899999999	899999999	89999	89999	89	89	14	12	3	5	17	2	0	NaN	0	0	0	0	0	0	0	0	0	NaN	NaN	NaN	NaN	0	0	0	0	0	0	0	0	16803	0	0	0	18000	18000	18000	18000	93	NaN	0.08596837877453758	0.059813028006394854	0.06243422589444134	0.02788231054248435	5.3201504776730815	0.0014439986415273796	6.2511044878355765e-9	NaN	0.027105122589905762	-0.3265159227123668	0.0051894544350005335	0.0000013506304759669912	NaN	433.0415319441376	8.300487764902039	96457.60561653646	11.390000343322754	3.720390009800583	94.6278932624393	94.10834941482543	95.14743898836772	-1.039089165594842	0.00027051569337426266	-1	0	2.1195418117509943	80.34486530050215	1.0000950888858902	-273.1499938964844	9.00053119023641	-273.1499938964844	114
DATA	2026-03-03T190000_AIU-0547.ghg	2026-03-03	19:30:00	62.812	0	18000	18000	0.05361239804008881	1	NaN	9.436123458120381	1	NaN	19.430845902203057	1	NaN	2.4855202533027763	2	NaN	0.4333715862222841	1	NaN	0.00476677528576809	2	NaN	NaN	NaN	NaN	NaN	NaN	NaN	NaN	NaN	NaN	7.056387533146198e-10	1.3292197264071444e-11	3.688270352249022e-12	NaN	18.006060288581686	437.64953963974244	441.2875379487559	0.2	0	339.1822007795503	8.244054037700746	8.312583424646427	0.1	1	0.09411503834111823	2.1209795958780573	2.1386104157107666	0	1	NaN	NaN	NaN	NaN	9	278.33312125735813	278.20694132910836	96055.65949913194	1.1991033754644835	1009.7082367836764	0.024079919103893194	0.028082478787204008	0.006169366917877958	792.1004631237546	873.373571718287	0.005144983363497078	90.69434761637741	81.27310859453246	276.77789850275377	0.04145519053784718	-0.08518528913518353	0.06258998962994808	0.11354546714616856	3.619173622144755e-15	3.918895871753199e-14	0.11354546714616856	1.2648221425308692	36.050254602491975	295.949745397508	33.45163169794289	NaN	0.2114483516262861	0.09982720878779641	-84.87608778711981	-0.034167456059869	0.48562597354809545	0.03685842605896993	0	85.60084135556313	-12.990257925866267	29.383998798101544	73.17031171048836	111.58934212775333	156.5056389860591	234.47396626249449	0.050132228180513515	1.0694198120826404	9.983219427452813	1.0524652129747292	17.208623310557815	1.1291342457523532	2.201261951493332	1.1291342457523532	0.3838087347475006	1.1291342457523532	0.00024326805710827217	1.203708370730351	NaN	NaN	800000009	800000009	800000009	800000009	800000009	810110009	899999999	899999999	89999	89999	89	89	2	0	0	7	0	0	0	NaN	0	0	0	0	0	0	0	0	0	NaN	NaN	NaN	NaN	0	0	0	0	0	0	0	0	16338	0	0	0	18000	18000	18000	18000	93	NaN	0.0668255667458407	0.09782622847852628	0.03500262235122588	0.016686450489599693	10.190596961261422	0.004875975172144684	2.9798260250576413e-8	NaN	0.00824552081323996	0.053446947432745855	0.009318929651403872	2.4326805710827217e-7	NaN	437.6494489157513	8.244047448226992	96449.50046701389	11.380288454373678	3.621944735911167	94.59834986707901	94.07158310445148	95.12511514239843	-1.05352775964803	0.00027032083365096087	-1	0	2.113419120424324	79.81382898224726	1.0000957075589234	-273.1499938964844	9.000513457510207	-273.1499938964844	026
DATA	2026-03-03T193000_AIU-0547.ghg	2026-03-03	20:00:00	62.833	0	18000	18000	0.015185453292537336	1	NaN	-0.8898865535596542	2	NaN	0.32510260580470735	1	NaN	1.3710134809747625	1	NaN	0.007251528578401973	1	NaN	-0.0004426519912480086	2	NaN	NaN	NaN	NaN	NaN	NaN	NaN	NaN	NaN	NaN	-2.7719328883599237e-11	-5.281447020503233e-13	-1.4569019517462248e-13	NaN	17.97277733525504	436.8241725841462	440.490348298362	-0.1	0	342.4407268518454	8.32294221287354	8.392794960332887	0.1	1	0.0944632335363865	2.129844723200836	2.1477200732600075	0.2	0	NaN	NaN	NaN	NaN	9	278.4361937408447	278.30456557888454	96061.04436328125	1.198714078989004	1009.7533907974503	0.024087018557413176	0.0004698990518804478	0.006226566434040801	799.7249813776538	879.3344353564884	0.00519437165474213	90.94662385801367	79.60945397883461	276.91386954429436	-0.22712448274178607	-0.04188221609562246	0.04773858418543374	0.23583600892534196	-1.1647518271782747e-14	-1.5422952372099752e-15	0.23583600892534196	1.1202524467207464	141.55191266758618	190.44808733241385	11.678673388897622	NaN	0.11255274131739519	0.04870981319292991	135.7448778602029	0.021363605358182058	-2.7372482953711503	-0.006532022033760318	1	1.4718433388727656	1	1	2	4	8	27	0.014877251954847816	1.0207162813821333	-0.8583614374334079	1.0192648160142066	0.29461244569182177	1.1034924374674235	1.2424312432274702	1.1034924374674235	0.006571434775796592	1.1034924374674235	-0.00014888227995834953	1.187786917138638	NaN	NaN	800000009	800000009	800000009	800000009	800000009	800000009	899999999	899999999	89999	89999	89	89	2	19	0	18	2	2	0	NaN	0	0	0	0	0	0	0	0	0	NaN	NaN	NaN	NaN	0	0	0	0	0	0	0	0	16275	0	0	0	18000	18000	18000	18000	93	NaN	0.04375304323219864	0.044519788695944675	0.009146794457716522	0.019704795506465582	5.243062132211001	0.0016379977191666691	3.721877770666201e-8	NaN	-0.0007091519018755066	0.03017769903002911	0.00015961509495229965	-1.4888227995834952e-7	NaN	436.8239686343794	8.322938729831991	96452.85703971355	11.380000114440918	3.7579209297431837	94.52998121982152	93.99588533020021	95.06407563315497	-1.068191737628644	0.00027061127228080297	-1	0	2.1221815316345958	79.05561353279296	1.0000935924516783	-273.1499938964844	9.00049261686537	-273.1499938964844	078
DATA	2026-03-03T200000_AIU-0547.ghg	2026-03-03	20:30:00	62.854	0	18000	18000	0.025865112065696784	1	NaN	-3.1213563357910976	1	NaN	-2.561867513827453	1	NaN	1.516230175455199	1	NaN	-0.05714887856180354	1	NaN	-0.002055483795728377	1	NaN	NaN	NaN	NaN	NaN	NaN	NaN	NaN	NaN	NaN	-3.2627616183840964e-11	-6.293415201863162e-13	-1.7178189394561762e-13	NaN	17.912120287996572	435.23909384151153	438.9239301221082	0.1	1	345.4999883623391	8.395159223994712	8.466234611586678	0.1	1	0.09430593796115777	2.1273738958463793	2.1453847423551804	0	1	NaN	NaN	NaN	NaN	9	278.57630151875816	278.40592062717013	96038.3628624132	1.1979619319036905	1009.7949028724	0.024101481482044197	-0.0037032473308048694	0.006276824597737398	806.4736178403622	885.5610988465638	0.005239586025711892	91.0692236696923	79.08748100620164	277.0332679883194	-0.2288004491631287	0.1665939066727588	0.06051441742778774	0.2894221311412941	-1.4728511879249753e-14	-1.8215384699993148e-15	0.2894221311412941	2.15076439429532	188.05906651382892	143.94093348617108	12.068855976226061	NaN	0.14693852413806274	0.1496688752869242	86.0966524778458	0.033683074969101987	1.2183910053677067	-0.01756028198765038	1	1.2471088158948922	1	1	2	4	7	24	0.025424248157311063	1.0173402928439772	-3.2071969173845574	1.0183258863561928	-2.3138809539462115	1.1071734306202368	1.3694604056799027	1.1071734306202368	-0.05161691653835012	1.1071734306202368	-0.0007418233617564739	1.195688992627269	NaN	NaN	800000009	800000009	800000009	800000009	800000009	800010019	899999999	899999999	89999	89999	89	89	4	0	1	22	8	0	0	NaN	0	0	0	0	0	0	0	0	0	NaN	NaN	NaN	NaN	0	0	0	0	0	0	0	0	15713	0	0	0	18000	18000	18000	18000	93	NaN	0.07497346293465702	0.20356909382362	0.02079519381557136	0.0815321141844567	5.705821208842418	0.00491316108074312	4.991799328543147e-8	NaN	-0.002651242384853772	0.03328553694652895	-0.0012545793769409216	-7.418233617564739e-7	NaN	435.23911842673874	8.39515253858928	96429.23962760417	11.380000114440918	3.876933467149744	94.37036549758912	93.81904145177208	94.92169316779241	-1.1026556532051868	0.000270471253170399	-1	0	2.1196527622342116	79.13264920685687	1.0000903851207759	-273.1499938964844	9.000509799189038	-273.1499938964844	252
DATA	2026-03-03T203000_AIU-0547.ghg	2026-03-03	21:00:00	62.874	0	18000	18000	0.07940703248586761	1	NaN	-21.097080421554754	1	NaN	2.4499280763117675	1	NaN	4.8259789627512255	1	NaN	0.05467157535661367	1	NaN	0.0018479158378116114	1	NaN	NaN	NaN	NaN	NaN	NaN	NaN	NaN	NaN	NaN	-1.973555110329991e-10	-3.903510326174358e-12	-1.042549885176892e-12	NaN	17.781370510150893	431.96184545173475	435.68424786004226	0.3	0	351.6991394696876	8.543807646457061	8.61743333931433	-0.6	0	0.09393183745725714	2.1227655459573667	2.1410583365446474	-0.1	0	NaN	NaN	NaN	NaN	9	279.0324842512342	278.78580899726023	96027.00649956598	1.1961206115682737	1009.8830839274054	0.024137222438707362	0.0035427180831085654	0.006378505928676339	820.6563457424127	909.2472231793939	0.0053326611605775	90.25667880214111	88.59087743698126	277.2813409650032	-0.42624056697166285	0.28264926731790996	0.07537359367532097	0.5169649967562885	-1.3085186933306755e-14	-1.109900448451565e-14	0.5169649967562885	3.5196792089579865	185.5492120939928	146.4507879060072	8.383619037281072	NaN	0.2576570298028993	0.2833887415698563	68.67568357516211	0.04222746464294155	-8.611306032018398	-0.06778510771702352	0	76.3042815836105	-11.579469114115309	26.192790664634032	65.22375224241658	99.4703375411692	139.5085627372638	209.00924876898563	0.07846826739855846	1.011963627061382	-20.69488552767722	1.0159200720699502	2.2127046472991867	1.1072097124675606	4.358685539341869	1.1072097124675606	0.049377796040797874	1.1072097124675606	0.007816994584344743	1.1965527287878852	NaN	NaN	800000009	800000009	800000009	800000009	800000009	800100009	899999999	899999999	89999	89999	89	89	27	17	8	0	5	0	0	NaN	0	0	0	0	0	0	0	0	0	NaN	NaN	NaN	NaN	0	0	0	0	0	0	0	0	15013	0	0	0	18000	18000	18000	18000	93	NaN	0.23966916028062527	0.25782977425954967	0.0692785485995376	0.19491776482260853	5.094549220520004	0.0166607024278627	3.556620983775561e-8	NaN	-0.017132350732132363	0.10611341822675109	0.001202116251585231	0.000007816994584344744	NaN	431.96191154014116	8.543789438900857	96417.64030837674	11.392758686966365	4.123930663691592	93.89447086207076	93.30366187498312	94.48527827072152	-1.1816177676684225	0.00026992864896763214	-1	0	2.114929735779762	78.70148043187457	1.0000814875778226	-273.1499938964844	9.000434335072836	-273.1499938964844	018
DATA	2026-03-03T210000_AIU-0547.ghg	2026-03-03	21:30:00	62.895	0	18000	18000	0.020620113317429117	0	NaN	3.646451072068747	1	NaN	1.91552532819721	1	NaN	0.664610763465287	1	NaN	0.042740529839566554	1	NaN	-0.000049160819748107174	1	NaN	NaN	NaN	NaN	NaN	NaN	NaN	NaN	NaN	NaN	1.4089940480224354e-10	2.768176497082367e-12	7.477306010411237e-13	NaN	17.70912676422537	429.92463832855816	433.58693175292797	0.3	0	347.9218990412684	8.446503241146422	8.518454393793153	-0.2	0	0.09397950273752213	2.1224180616878296	2.14049778315088	0	1	NaN	NaN	NaN	NaN	9	278.84562438625755	278.649896302965	96043.2688266059	1.1969508696471391	1009.8271082335683	0.024121370150836433	0.0027695863336039124	0.006310006026256179	811.4473852355204	900.7095339763459	0.005271733524130667	90.08979639121155	89.26214874082552	277.12070105797505	-0.24511898867703477	0.4605244347743922	0.11989511238902287	0.5352951630727694	-3.250836919785098e-15	7.956315784405462e-15	0.5352951630727694	2.963676081839154	213.97538852361328	118.02461147638671	12.94287299835736	NaN	0.13125243267315395	0.18776628070899742	-52.52856325892787	-0.055208058627171944	1.9036297867700824	0.0229847444530343	1	5.9119581108601995	3	5	9	15	27	78	0.020203038430061687	1.0206441664114656	3.686778980798698	1.0198930727508226	1.7585269515645061	1.0892783454316848	0.6101385988738255	1.0892783454316848	0.039237473157173915	1.0892783454316848	-0.0012985541264916606	1.1542959592382531	NaN	NaN	800000009	800000009	800000009	800000009	800000009	800100109	899999999	899999999	89999	89999	89	89	11	0	2	5	1	0	0	NaN	0	0	0	0	0	0	0	0	0	NaN	NaN	NaN	NaN	0	0	0	0	0	0	0	0	16106	0	0	0	18000	18000	18000	18000	93	NaN	0.13028223785724133	0.21062755113311782	0.03462277242763565	0.10471888307201743	2.9580450810966004	0.009988336576928072	1.545983287164947e-8	NaN	0.003050167949526171	0.014842782223980987	0.0009545261849786183	-0.0000012985541264916607	NaN	429.92453531734856	8.446491597903963	96434.54184505208	11.399999618530273	3.96377321741316	93.91824361038206	93.32633796479966	94.5101539264255	-1.1838172325425693	0.0002698065404062314	-1	0	2.114672388381428	78.46636508729728	1.0000658907708195	-273.1499938964844	9.000344299316406	-273.1499938964844	001
DATA	2026-03-03T213000_AIU-0547.ghg	2026-03-03	22:00:00	62.916	0	18000	18000	0.08361865505879433	1	NaN	-7.15156894395448	1	NaN	-0.5971391816887593	2	NaN	0.40040987550449286	1	NaN	-0.013323460671287321	2	NaN	-0.0014468192109997387	1	NaN	NaN	NaN	NaN	NaN	NaN	NaN	NaN	NaN	NaN	-4.8449041269581755e-11	-9.439344340789893e-13	-2.5650277940477544e-13	NaN	17.746986623952832	430.59443436255054	434.23737635353655	0.1	1	345.7651861938056	8.38928703368923	8.460262605063496	-0.5	0	0.09395751238448749	2.1216214646727987	2.13957093941247	0	1	NaN	NaN	NaN	NaN	9	278.8516506873237	278.6244586707221	96044.1054609375	1.197096557287682	1009.7950457712876	0.02411895803777912	-0.0008633602514994184	0.006267889131051775	805.9577002520267	899.1194970060156	0.005235909411729683	89.63855226538752	93.16179675398894	277.0241714922282	-0.42649340970932803	0.1777488180594011	0.06945393949020277	0.46724203637698347	4.95787146625192e-15	-2.7299869153105033e-15	0.46724203637698347	3.0319102086808165	174.62481332228134	157.37518667771866	8.548503121202517	NaN	0.2642938138931595	0.22198493827209256	218.6763572812165	0.013261607409486053	11.976385344082175	-0.02238473277522188	0	85.14581267067994	-12.92120556742334	29.22780217528832	72.78136003451336	110.99616628051533	155.67370142613694	233.2275721988591	0.08254920550715959	1.0129552979349024	-7.095304249139906	1.0151397318094832	-0.5446303870392519	1.0964117976137147	0.36520026177752274	1.0964117976137147	-0.012151876421145017	1.0964117976137147	0.0009002284214286989	1.1765670251010816	NaN	NaN	800000009	800000009	800000009	800000009	800000009	810100009	899999999	899999999	89999	89999	89	89	17	14	6	1	1	0	0	NaN	0	0	0	0	0	0	0	0	0	NaN	NaN	NaN	NaN	0	0	0	0	0	0	0	0	15212	0	0	0	18000	18000	18000	18000	93	NaN	0.23636832464947763	0.1521833007311048	0.0554182511636027	0.19944217813668585	2.435397791802218	0.01754364530461883	2.2340204770289703e-8	NaN	-0.00586960134289969	0.008882790053895166	-0.0002955708916650995	9.002284214286989e-7	NaN	430.594292067231	8.389268014244838	96437.54194032119	11.380575655725266	3.8670037347608015	93.83297267108495	93.2350208036635	94.43092377132837	-1.1959034827086614	0.0002698358201855121	-1	0	2.113931177556515	78.06373073281185	1.0000784770465558	-273.1499938964844	9.000462266286215	-273.1499938964844	178
DATA	2026-03-03T220000_AIU-0547.ghg	2026-03-03	22:30:00	62.937	0	18000	18000	0.10559245918249319	1	NaN	-79.37932087533639	2	NaN	-91.21307692625281	1	NaN	5.040996640302445	2	NaN	-2.034282802894056	1	NaN	-0.01565419617620607	2	NaN	NaN	NaN	NaN	NaN	NaN	NaN	NaN	NaN	NaN	-1.036801140166209e-9	-1.9599959285001378e-11	-5.479586746813793e-12	NaN	17.803212145784812	431.7974787246792	435.3511685573708	0.2	0	336.55656777507556	8.162812206218474	8.229992086075775	0.1	1	0.09409156833017945	2.1200512330340393	2.1374992379039846	-0.8	0	NaN	NaN	NaN	NaN	9	278.30759318372947	278.17187792799206	96040.62512326389	1.199103768061224	1009.6627505000604	0.024080653266521857	-0.1318215256275348	0.006108384056209943	784.1718764458416	871.2413569320131	0.005094124644513718	90.00627325672673	87.06948048617153	276.63527219007347	-0.09860007106425946	0.02346791537070508	0.07664465805133486	0.12707132120787157	-3.1622982663529434e-15	-5.823674580048678e-14	0.12707132120787157	2.9375077579428535	165.38793773175772	166.61206226824228	37.096733667079356	NaN	0.29674818295518435	0.21114509123034714	27.884840358891015	0.10399916093029889	0.8702625056658905	-0.22094603321810638	0	77.65717030868025	-11.784775197622748	26.657193584533964	66.3801811764708	101.23396463188325	141.98207480841955	212.71502058449008	0.10271403586270646	1.0280236609885935	-82.0998763025256	1.0270685643584652	-79.85692282060027	1.1422062571978173	4.413385593482527	1.1422062571978173	-1.7810117831824663	1.1422062571978173	0.014603242699054254	1.2573129475193998	NaN	NaN	800000009	800000009	800000009	800000009	800100009	811100009	899999999	899999999	89999	89999	89	89	11	0	3	15	2	0	0	NaN	0	0	0	0	0	0	0	0	0	NaN	NaN	NaN	NaN	0	0	0	0	0	0	0	0	11221	0	0	0	18000	18000	18000	18000	93	NaN	0.1399671312783107	0.19437842836167163	0.08794462282071193	0.23173562403574735	3.041517633229085	0.0605216224532873	1.9127772933158147e-8	NaN	-0.06781244463459146	0.10715210534047087	-0.04324098997513598	0.000014603242699054254	NaN	431.79748098197706	8.16275136042539	96433.67827495659	11.38304685084025	3.4741711790030654	94.13240872446691	93.56729389487373	94.69752217102057	-1.1302289306057896	0.00026936470554857005	-1	0	2.112571251379119	78.17704694790308	1.0000812113715543	-273.1499938964844	9.00052556599511	-273.1499938964844	151
DATA	2026-03-03T223000_AIU-0547.ghg	2026-03-03	23:00:00	62.958	0	18000	18000	0.009140605197049883	1	NaN	-2.561755163472089	1	NaN	1.0715814443892988	1	NaN	1.351332264300157	1	NaN	0.023889132991203404	1	NaN	-0.0016501442935312573	1	NaN	NaN	NaN	NaN	NaN	NaN	NaN	NaN	NaN	NaN	4.742030275053955e-11	8.62115313679511e-13	2.493237165448132e-13	NaN	17.902930648851758	433.6242271883808	437.069831534898	0.1	1	325.4806438776216	7.883418387439396	7.946060506947571	0.7	0	0.09412899006354354	2.116455095627334	2.1332725758774265	0.4	0	NaN	NaN	NaN	NaN	9	277.8537057622273	277.73902064175076	96034.95387782119	1.2010289222362964	1009.5016902992695	0.02404460172442272	0.0015480158178299806	0.0059081536639214284	757.2868009311419	845.2954912704859	0.0049192434541214395	89.58841124219578	88.00869033934396	276.1419572451007	0.1955490685231987	-0.06759938063064551	0.06307143003333093	0.21630330498721242	1.8456566857143557e-14	2.6487452630321703e-15	0.21630330498721242	0.9726824779479857	351.06976193875585	340.93023806124415	16.95304620529328	NaN	0.08723901284595484	0.07929362571111795	21.951508530447526	0.13210937170798975	-2.390630387344986	-0.02421956626013603	1	1.695943693469523	1	1	3	5	11	41	0.008967258491883621	1.0193310703960592	-2.455374899512032	1.023432200885497	0.9376955124453191	1.1427818840625912	1.1824936001751873	1.1427818840625912	0.020904367950144172	1.1427818840625912	-0.0007346358813288863	1.2614486723556715	NaN	NaN	800000009	800000009	800000009	800000009	800000009	800000009	899999999	899999999	89999	89999	89	89	0	0	0	3	0	0	0	NaN	0	0	139	0	0	0	0	0	0	NaN	NaN	NaN	NaN	0	0	0	0	0	0	0	0	13919	0	0	0	18000	18000	18000	18000	93	NaN	0.04334390346551071	0.10726407614382301	0.00797927181290218	0.055135658516993195	8.250491727066436	0.0076997451161944595	6.132178199606398e-9	NaN	-0.0020251504627309663	0.028658575804014222	0.0005066322671390836	-7.346358813288862e-7	NaN	433.6241845097489	7.883409208475701	96428.96981770833	11.390000343322754	2.9856322192616007	94.38265859561494	93.84233354059853	94.92298317506575	-1.0806497312916659	0.0002693878265401711	-1	0	2.1092323848274015	78.27617901145085	1.0000862937039798	-273.1499938964844	9.000454912424088	-273.1499938964844	171
DATA	2026-03-03T230000_AIU-0547.ghg	2026-03-03	23:30:00	62.979	0	18000	18000	0.004400696688933541	1	NaN	2.904146457151682	1	NaN	3.0558821905505344	1	NaN	0.09937160941245783	2	NaN	0.06807541615653917	1	NaN	-0.003030420058185397	1	NaN	NaN	NaN	NaN	NaN	NaN	NaN	NaN	NaN	NaN	-6.653618091748514e-11	-1.1298695161264362e-12	-3.432866363614777e-13	NaN	18.333245883952934	443.29360807330437	446.65589647900293	0.2	0	311.3219810679782	7.527692866485275	7.584788827233839	0	0	0.09458851148813406	2.1189327898426034	2.135004447592661	0.1	0	NaN	NaN	NaN	NaN	9	277.01333069695363	276.96118625217014	96010.80246940104	1.2042615220895012	1009.293551954866	0.02398329399688547	0.004411286966943738	0.005655979858140882	722.9337001637704	800.3829836333766	0.0046966375279742	90.32347200611119	77.44928346960626	275.4885614164236	0.7445468806455742	0.5556412360857304	0.12803232490535293	0.9378056925283305	-3.206841146882367e-14	-3.629263543327271e-15	0.9378056925283305	1.8363503883102728	295.2667168490847	36.73328315091532	7.846713992286302	NaN	0.06045055787467878	0.07595189082370077	-6.4408506999791415	-0.45025108251762325	0.9503463406187409	0.03952572931482298	1	33.54386245485529	15	26	44	66	106	242	0.004341611277373625	1.0136090975873038	3.028248737559856	1.0154605818052254	2.8138710988798286	1.0860064598435404	0.09150185849426179	1.0860064598435404	0.06268417240017772	1.0860064598435404	-0.00392521080863549	1.148765518769076	NaN	NaN	800000009	800000009	800000009	800000009	800000009	800000009	899999999	899999999	89999	89999	89	89	0	0	0	9	0	0	0	NaN	0	0	51	0	0	0	0	0	0	NaN	NaN	NaN	NaN	0	0	0	0	0	0	0	0	5319	0	0	0	18000	18000	18000	18000	93	NaN	0.09560618104366603	0.04739696927153148	0.008900631332204034	0.10643537961589024	15.047719774490062	0.028956737957587804	1.6139993547202928e-7	NaN	0.0024914560810691032	0.002211165412469459	0.001514778783747193	-0.00000392521080863549	NaN	443.29381040472856	7.527663033247004	96395.98347005209	11.390000343322754	2.328907045284871	94.47441066699557	93.94245205561319	95.0063692949083	-1.0639171797467566	0.0002689587554777973	-1	0	2.112007645030818	78.36951983176343	1.0000849900510576	-273.1499938964844	9.000470146841472	-273.1499938964844	203
