DATAH	filename	date	time	DOY	daytime	file_records	used_records	Tau	qc_Tau	rand_err_Tau	H	qc_H	rand_err_H	LE	qc_LE	rand_err_LE	co2_flux	qc_co2_flux	rand_err_co2_flux	h2o_flux	qc_h2o_flux	rand_err_h2o_flux	ch4_flux	qc_ch4_flux	rand_err_ch4_flux	none_flux	qc_none_flux	rand_err_none_flux	H_strg	LE_strg	co2_strg	h2o_strg	ch4_strg	none_strg	co2_v-adv	h2o_v-adv	ch4_v-adv	none_v-adv	co2_molar_density	co2_mole_fraction	co2_mixing_ratio	co2_time_lag	co2_def_timelag	h2o_molar_density	h2o_mole_fraction	h2o_mixing_ratio	h2o_time_lag	h2o_def_timelag	ch4_molar_density	ch4_mole_fraction	ch4_mixing_ratio	ch4_time_lag	ch4_def_timelag	none_molar_density	none_mole_fraction	none_mixing_ratio	none_time_lag	none_def_timelag	sonic_temperature	air_temperature	air_pressure	air_density	air_heat_capacity	air_molar_volume	ET	water_vapor_density	e	es	specific_humidity	RH	VPD	Tdew	u_unrot	v_unrot	w_unrot	u_rot	v_rot	w_rot	wind_speed	max_wind_speed	wind_dir	yaw	pitch	roll	u*	TKE	L	(z-d)/L	bowen_ratio	T*	model	x_peak	x_offset	x_10%	x_30%	x_50%	x_70%	x_90%	un_Tau	Tau_scf	un_H	H_scf	un_LE	LE_scf	un_co2_flux	co2_scf	un_h2o_flux	h2o_scf	un_ch4_flux	ch4_scf	un_none_flux	un_none_scf	spikes_hf	amplitude_resolution_hf	drop_out_hf	absolute_limits_hf	skewness_kurtosis_hf	skewness_kurtosis_sf	discontinuities_hf	discontinuities_sf	timelag_hf	timelag_sf	attack_angle_hf	non_steady_wind_hf	u_spikes	v_spikes	w_spikes	ts_spikes	co2_spikes	h2o_spikes	ch4_spikes	none_spikes	head_detect_LI-7200	t_out_LI-7200	t_in_LI-7200	aux_in_LI-7200	delta_p_LI-7200	chopper_LI-7200	detector_LI-7200	pll_LI-7200	sync_LI-7200	chopper_LI-7500	detector_LI-7500	pll_LI-7500	sync_LI-7500	not_ready_LI-7700	no_signal_LI-7700	re_unlocked_LI-7700	bad_temp_LI-7700	laser_temp_unregulated_LI-7700	block_temp_unregulated_LI-7700	motor_spinning_LI-7700	pump_on_LI-7700	top_heater_on_LI-7700	bottom_heater_on_LI-7700	calibrating_LI-7700	motor_failure_LI-7700	bad_aux_tc1_LI-7700	bad_aux_tc2_LI-7700	bad_aux_tc3_LI-7700	box_connected_LI-7700	mean_value_RSSI_LI-7200	mean_value_LI-7500	u_var	v_var	w_var	ts_var	co2_var	h2o_var	ch4_var	none_var	w/ts_cov	w/co2_cov	w/h2o_cov	w/ch4_cov	w/none_cov	co2_mean	h2o_mean	air_p_mean	vin_sf_mean	dew_point_mean	avg_signal_strength_7200_mean	co2_signal_strength_7200_mean	h2o_signal_strength_7200_mean	delta_signal_strength_7200_mean	flowrate_mean	hit_power_mean	hit_vin_mean	ch4_mean	rssi_77_mean	ch4_aux-1_mean	ch4_aux-2_mean	ch4_aux-3_mean	ch4_aux-4_mean	CHK
DATAU		[yyyy-mm-dd]	[HH:MM]	[ddd.ddd]	[1=daytime]	[#]	[#]	[kg+1m-1s-2]	[#]	[kg+1m-1s-2]	[W+1m-2]	[#]	[W+1m-2]	[W+1m-2]	[#]	[W+1m-2]	[µmol+1s-1m-2]	[#]	[µmol+1s-1m-2]	[mmol+1s-1m-2]	[#]	[mmol+1s-1m-2]	[µmol+1s-1m-2]	[#]	[µmol+1s-1m-2]	[µmol+1s-1m-2]	[#]	[µmol+1s-1m-2]	[W+1m-2]	[W+1m-2]	[µmol+1s-1m-2]	[mmol+1s-1m-2]	[µmol+1s-1m-2]	[µmol+1s-1m-2]	[µmol+1s-1m-2]	[mmol+1s-1m-2]	[µmol+1s-1m-2]	[µmol+1s-1m-2]	[mmol+1m-3]	[µmol+1mol_a-1]	[µmol+1mol_d-1]	[s]	[1=default]	[mmol+1m-3]	[mmol+1mol_a-1]	[mmol+1mol_d-1]	[s]	[1=default]	[mmol+1m-3]	[µmol+1mol_a-1]	[µmol+1mol_d-1]	[s]	[1=default]	[mmol+1m-3]	[µmol+1mol_a-1]	[µmol+1mol_d-1]	[s]	[1=default]	[K]	[K]	[Pa]	[kg+1m-3]	[J+1kg-1K-1]	[m+3mol-1]	[mm]	[kg+1m-3]	[Pa]	[Pa]	[kg+1kg-1]	[%]	[Pa]	[K]	[m+1s-1]	[m+1s-1]	[m+1s-1]	[m+1s-1]	[m+1s-1]	[m+1s-1]	[m+1s-1]	[m+1s-1]	[deg_from_north]	[deg]	[deg]	[deg]	[m+1s-1]	[m+2s-2]	[m]	[#]	[#]	[K]	[0=KJ/1=KM/2=HS]	[m]	[m]	[m]	[m]	[m]	[m]	[m]	[kg+1m-1s-2]	[#]	[W+1m-2]	[#]	[W+1m-2]	[#]	[µmol+1s-1m-2]	[#]	[mmol+1s-1m-2]	[#]	[µmol+1s-1m-2]	[#]	[µmol+1s-1m-2]	[#]	8u/v/w/ts/co2/h2o/ch4/none	8u/v/w/ts/co2/h2o/ch4/none	8u/v/w/ts/co2/h2o/ch4/none	8u/v/w/ts/co2/h2o/ch4/none	8u/v/w/ts/co2/h2o/ch4/none	8u/v/w/ts/co2/h2o/ch4/none	8u/v/w/ts/co2/h2o/ch4/none	8u/v/w/ts/co2/h2o/ch4/none	8co2/h2o/ch4/none	8co2/h2o/ch4/none	8aa	8U	[#]	[#]	[#]	[#]	[#]	[#]	[#]	[#]	[#_flagged_recs]	[#_flagged_recs]	[#_flagged_recs]	[#_flagged_recs]	[#_flagged_recs]	[#_flagged_recs]	[#_flagged_recs]	[#_flagged_recs]	[#_flagged_recs]	[#_flagged_recs]	[#_flagged_recs]	[#_flagged_recs]	[#_flagged_recs]	[#_flagged_recs]	[#_flagged_recs]	[#_flagged_recs]	[#_flagged_recs]	[#_flagged_recs]	[#_flagged_recs]	[#_flagged_recs]	[#_flagged_recs]	[#_flagged_recs]	[#_flagged_recs]	[#_flagged_recs]	[#_flagged_recs]	[#_flagged_recs]	[#_flagged_recs]	[#_flagged_recs]	[#_flagged_recs]	[#]	[#]	[m+2s-2]	[m+2s-2]	[m+2s-2]	[K+2]	--	--	--	--	[m+1s-1K+1]	--	--	--	--	--	--	--	--	--	--	--	--	--	--	--	--	--	--	--	--	--	--	207
DATA	2025-08-31T233000_AIU-0547.ghg	2025-09-01	00:00:00	244	0	18000	18000	0.24352618342186702	1	NaN	63.59053597103763	0	NaN	NaN	NaN	NaN	NaN	NaN	NaN	NaN	NaN	NaN	-0.019426939587043213	1	NaN	NaN	NaN	NaN	NaN	NaN	NaN	NaN	NaN	NaN	NaN	NaN	-1.4746814438114692e-12	NaN	NaN	NaN	NaN	NaN	0	NaN	NaN	NaN	NaN	0	0.08985782998359462	2.2673721868078123	2.2673721868078123	0.3	0	NaN	NaN	NaN	NaN	9	291.78791843753396	291.09918750254315	95914.46857508681	1.1478911570648358	1005.5013906546131	0.025232883847982612	NaN	NaN	NaN	NaN	NaN	NaN	NaN	NaN	-0.22638071258169215	-0.04788655603165303	0.17253729017407757	0.28863552410983434	5.2410417339901997e-14	-1.641127372072865e-14	0.28863552410983434	2.9070329276141256	140.0562277716342	191.94377222836582	36.7102611623427	NaN	0.46059845421070456	0.4058879898399048	-129.9055177603772	-0.022323917028292204	NaN	0.119615269606349	0	72.77777872126521	-11.044308699419291	24.98225634946025	62.20935063608277	94.87318489419727	133.06099078449523	199.3496110823006	0.23561203730140975	1.0335897359536559	61.834465044195724	1.0283995491120812	NaN	1	NaN	1	NaN	1	-0.016652295450325066	1.1666223221294085	NaN	NaN	800009909	800009909	800009909	800009909	800009919	800009919	899999999	899999999	89999	89999	89	89	8	9	0	20	0	0	0	NaN	0	0	0	0	0	0	0	0	0	NaN	NaN	NaN	NaN	0	0	0	0	0	0	0	0	14571	0	0	0	18000	18000	18000	18000	6	NaN	0.25424643573293376	0.30833701384335405	0.24919253010352183	0.11119492450000927	NaN	NaN	1.9509959440921228e-8	NaN	0.05357315483874884	NaN	NaN	-0.000016652295450325066	NaN	NaN	NaN	96303.139625	11.650105686715035	NaN	0	0	0	0	0.00028337155886563577	-1	0	2.1405927099850444	66.42551502814818	1.0001277411911222	-273.1499938964844	9.001136263185078	-273.1499938964844	149
DATA	2025-09-01T000000_AIU-0547.ghg	2025-09-01	00:30:00	244.02	0	18000	18000	0.10627988853302266	1	NaN	90.65135574540975	1	NaN	NaN	NaN	NaN	NaN	NaN	NaN	NaN	NaN	NaN	-0.028351086481430348	1	NaN	NaN	NaN	NaN	NaN	NaN	NaN	NaN	NaN	NaN	NaN	NaN	1.435234809784218e-12	NaN	NaN	NaN	NaN	NaN	0	NaN	NaN	NaN	NaN	0	0.08989598263476553	2.263943068951128	2.263943068951128	-0.4	0	NaN	NaN	NaN	NaN	9	291.22953885311546	290.5368305019803	95914.88205230035	1.150117949149448	1005.4877536615089	0.02518402939260594	NaN	NaN	NaN	NaN	NaN	NaN	NaN	NaN	-0.056825933777369164	-0.33861280532138377	0.1798140817826758	0.3875834396418512	-4.3945734567587456e-14	1.596550555118098e-14	0.3875834396418512	2.0009923611822087	71.52659425300413	260.47340574699587	27.641412066070178	NaN	0.3039865401906592	0.2355051388936633	-26.196113401386707	-0.11070344503266986	NaN	0.257869977512443	0	82.42766960268125	-12.508716870191467	28.294751619028208	70.45793222224405	107.45279226731849	150.70406899056724	225.78215722477904	0.10352727870229893	1.0265882564018618	88.5460427336507	1.0237764777144462	NaN	1	NaN	1	NaN	1	-0.024444389770078904	1.159819768384377	NaN	NaN	800009909	800009909	800009909	800009909	800009909	800009919	899999999	899999999	89999	89999	89	89	3	0	0	1	0	0	0	NaN	0	0	0	0	0	0	0	0	0	NaN	NaN	NaN	NaN	0	0	0	0	0	0	0	0	11209	0	0	0	18000	18000	18000	18000	6	NaN	0.18794803321237305	0.20355380818433946	0.07950843639061414	0.19345912491978767	NaN	NaN	2.969953226026817e-8	NaN	0.07656847367508579	NaN	NaN	-0.000024444389770078905	NaN	NaN	NaN	96301.12137999132	11.663208494822182	NaN	0	0	0	0	0.0002827954883331485	-1	0	2.1360033711128765	66.45230896769628	1.0001237847937479	-307.5091203392823	9.001045868502723	-273.1499938964844	159
DATA	2025-09-01T003000_AIU-0547.ghg	2025-09-01	01:00:00	244.041	0	18000	18000	0.03654940596449068	1	NaN	5.020709980153407	2	NaN	NaN	NaN	NaN	NaN	NaN	NaN	NaN	NaN	NaN	-0.0022592743559544186	2	NaN	NaN	NaN	NaN	NaN	NaN	NaN	NaN	NaN	NaN	NaN	NaN	-7.426771053716036e-13	NaN	NaN	NaN	NaN	NaN	0	NaN	NaN	NaN	NaN	0	0.09005192160066539	2.2588039028150493	2.2588039028150493	-0.3	0	NaN	NaN	NaN	NaN	9	290.0975614488391	289.379688595242	95916.32272243923	1.154734267385876	1005.4602847778068	0.025083350390141583	NaN	NaN	NaN	NaN	NaN	NaN	NaN	NaN	0.3198593199137627	-0.3514784282751578	0.20608459002097615	0.5179941392743549	-4.0038541374329586e-14	-8.247209966989933e-15	0.5179941392743549	1.6760354166500693	19.69656170502884	312.30343829497116	23.4439151795497	NaN	0.17790949807168502	0.1716770001625639	-94.81415150984711	-0.030586151474432745	NaN	0.024306309633893596	1	3.157938405681318	1	3	5	8	16	49	0.03579145861702124	1.0211767660988533	4.921113238617895	1.020238660787957	NaN	1	NaN	1	NaN	1	-0.001956463280681585	1.1547747296168736	NaN	NaN	800009909	800009909	800009909	800009909	800009909	800009919	899999999	899999999	89999	89999	89	89	2	0	0	10	0	0	1	NaN	0	0	0	0	0	0	0	0	0	NaN	NaN	NaN	NaN	0	0	0	0	0	0	0	0	13449	0	0	0	18000	18000	18000	18000	6	NaN	0.10607775895143777	0.2042841875364644	0.032992053837225664	0.24779841749091241	NaN	NaN	1.2933774659773537e-7	NaN	0.004238540954330415	NaN	NaN	-0.000001956463280681585	NaN	NaN	NaN	96294.42548328993	11.6899995803833	NaN	0	0	0	0	0.00028168021530210457	-1	0	2.128424240820938	66.27384601889716	1.0001369483835167	-294.75061980353416	9.001098018752204	-273.1499938964844	191
DATA	2025-09-01T010000_AIU-0547.ghg	2025-09-01	01:30:00	244.062	0	18000	18000	0.014949861993149443	1	NaN	33.27571425612249	0	NaN	NaN	NaN	NaN	NaN	NaN	NaN	NaN	NaN	NaN	-0.013014601947991896	0	NaN	NaN	NaN	NaN	NaN	NaN	NaN	NaN	NaN	NaN	NaN	NaN	-4.2641693233424295e-13	NaN	NaN	NaN	NaN	NaN	0	NaN	NaN	NaN	NaN	0	0.09065654639361628	2.2610337938402605	2.2610337938402605	0	0	NaN	NaN	NaN	NaN	9	288.5965497673882	287.72610955810563	95913.86912695313	1.1613408852527345	1005.4224128049397	0.024940656618698136	NaN	NaN	NaN	NaN	NaN	NaN	NaN	NaN	0.8473324361526342	0.24686571260939644	0.2613651598656635	0.9204491752454899	9.60630175885878e-15	-4.703652954997961e-15	0.9204491752454899	2.4763666414148258	315.75680416819654	16.24319583180347	16.496330050078974	NaN	0.11345894316189967	0.1397171768576367	-3.7102691852869	-0.7816144476794221	NaN	0.2511772922720396	1	12.159577371787716	5	10	16	24	39	88	0.0147465277222213	1.0137886202608728	32.76563076244484	1.0155676384616497	NaN	1	NaN	1	NaN	1	-0.01132817934573387	1.148869694836984	NaN	NaN	800009909	800009909	800009909	800009909	800009909	800019909	899999999	899999999	89999	89999	89	89	10	3	0	19	0	0	1	NaN	0	0	0	0	0	0	0	0	0	NaN	NaN	NaN	NaN	0	0	0	0	0	0	0	0	16508	17998	0	0	18000	18000	18000	18000	6	NaN	0.09889266054562508	0.14462043262162044	0.0359212605480279	0.18027279422310435	NaN	NaN	1.0831322368381964e-7	NaN	0.028061459471691665	NaN	NaN	-0.000011328179345733869	NaN	NaN	NaN	96290.60044596354	11.643554782867431	NaN	0	0	0	0	0.00027994337680219253	-1	0	2.12658731314871	65.8201891058039	1.0001446835299332	-273.1499938964844	9.001076698886024	-273.1499938964844	192
DATA	2025-09-01T013000_AIU-0547.ghg	2025-09-01	02:00:00	244.083	0	18000	18000	0.013120558725997353	0	NaN	36.436024035316244	0	NaN	NaN	NaN	NaN	NaN	NaN	NaN	NaN	NaN	NaN	-0.023974571391671657	0	NaN	NaN	NaN	NaN	NaN	NaN	NaN	NaN	NaN	NaN	NaN	NaN	4.2896650447710854e-13	NaN	NaN	NaN	NaN	NaN	0	NaN	NaN	NaN	NaN	0	0.09117801645853449	2.2661915036768354	2.2661915036768354	0	0	NaN	NaN	NaN	NaN	9	287.5048812315199	286.7116115527682	95906.67509743923	1.1653627495696663	1005.3999823502104	0.02485458218656734	NaN	NaN	NaN	NaN	NaN	NaN	NaN	NaN	0.8779427266275291	0.2619200362842359	0.2292595746250872	0.9444286575504847	-1.55410707670516e-14	4.704714153023848e-15	0.9444286575504847	2.355448120108282	315.3883767914673	16.611623208532677	14.048874475382314	NaN	0.10610738187792584	0.15331225394689424	-2.7713378449927126	-1.0464260087378938	NaN	0.2930794554627142	1	12.582024325156073	6	10	16	24	39	88	0.012945251898223684	1.0135421719988102	35.88267920094475	1.0154209453333385	NaN	1	NaN	1	NaN	1	-0.02087054519565542	1.1487276047135748	NaN	NaN	800009909	800009909	800009909	800009909	800009909	800019909	899999999	899999999	89999	89999	89	89	17	6	0	37	0	0	0	NaN	0	0	0	0	0	0	0	0	0	NaN	NaN	NaN	NaN	0	0	0	0	0	0	0	0	17505	18000	0	0	18000	18000	18000	18000	6	NaN	0.11049740321601187	0.15854216664537055	0.03758493803240602	0.16913644330797725	NaN	NaN	1.3172707598506325e-7	NaN	0.0306256177246256	NaN	NaN	-0.00002087054519565542	NaN	NaN	NaN	96289.51194618056	11.619999885559082	NaN	0	0	0	0	0.0002789843220509485	-1	0	2.128926247709327	65.75617753597885	1.000142382386658	-273.1903688981798	9.00102743212382	-273.1499938964844	087
DATA	2025-09-01T020000_AIU-0547.ghg	2025-09-01	02:30:00	244.104	0	18000	18000	0.01275491703212052	0	NaN	47.95259539737924	0	NaN	NaN	NaN	NaN	NaN	NaN	NaN	NaN	NaN	NaN	-0.02168178512318611	0	NaN	NaN	NaN	NaN	NaN	NaN	NaN	NaN	NaN	NaN	NaN	NaN	-4.3489917957079733e-13	NaN	NaN	NaN	NaN	NaN	0	NaN	NaN	NaN	NaN	0	0.09142104335159482	2.267105557052823	2.267105557052823	0.1	0	NaN	NaN	NaN	NaN	9	286.8381794221666	286.07776379987934	95911.0298921441	1.1679978161205826	1005.386278619195	0.02479850889837032	NaN	NaN	NaN	NaN	NaN	NaN	NaN	NaN	1.0181813907294306	0.25226266850321544	0.26346270381326153	1.0815462979681718	3.721399712648865e-15	-4.757101468402905e-15	1.0815462979681718	2.494303535420119	318.0847165732515	13.915283426748452	14.099005328758247	NaN	0.10450036409779558	0.1497511228103363	-2.0115605462351334	-1.4416667723115186	NaN	0.3907683039299311	1	13.724719934657195	6	11	18	26	42	92	0.012599375237903526	1.012345198970586	47.25657456999023	1.0147285501270973	NaN	1	NaN	1	NaN	1	-0.018883932248740295	1.1481605016154648	NaN	NaN	800009909	800009909	800009909	800009909	800009909	800019909	899999999	899999999	89999	89999	89	89	4	2	1	34	0	0	0	NaN	0	0	0	0	0	0	0	0	0	NaN	NaN	NaN	NaN	0	0	0	0	0	0	0	0	17010	603	0	0	18000	18000	18000	18000	6	NaN	0.12683333463255878	0.1260837431803271	0.046585167807786744	0.13375275466102773	NaN	NaN	1.2616770736002282e-7	NaN	0.040242713219649826	NaN	NaN	-0.000018883932248740296	NaN	NaN	NaN	96296.66030881077	11.639771500399755	NaN	0	0	0	0	0.0002783447839707757	-1	0	2.1284197238882383	64.5898218393589	1.0001709187328816	-273.1499938964844	9.001137405792871	-273.1499938964844	131
DATA	2025-09-01T023000_AIU-0547.ghg	2025-09-01	03:00:00	244.124	0	18000	18000	0.049641223993490746	0	NaN	43.659784429302476	0	NaN	NaN	NaN	NaN	NaN	NaN	NaN	NaN	NaN	NaN	-0.05669309720122011	1	NaN	NaN	NaN	NaN	NaN	NaN	NaN	NaN	NaN	NaN	NaN	NaN	-1.4931309819196509e-12	NaN	NaN	NaN	NaN	NaN	0	NaN	NaN	NaN	NaN	0	0.09158443808091901	2.268675908981869	2.268675908981869	0	0	NaN	NaN	NaN	NaN	9	286.487955930074	285.75892682657366	95908.93140402729	1.1692754318584837	1005.3794756873301	0.024771412660493593	NaN	NaN	NaN	NaN	NaN	NaN	NaN	NaN	0.9018138718494556	0.2998014866119404	0.289842085446916	0.9935580633919534	5.726282419226002e-14	-1.6303326342412035e-14	0.9935580633919534	2.5279517294895917	313.6109872645152	18.38901273548481	16.961038022741427	NaN	0.20604535495252516	0.21483843172071512	-16.935147782026377	-0.17124149356864957	NaN	0.18024860780099003	0	72.78458625202843	-11.045341768476233	24.984593154479885	62.21516961099044	94.88205919808672	133.073437121881	199.3682579637241	0.0490005469248579	1.0130748962785114	43.00837585487765	1.015146086348921	NaN	1	NaN	1	NaN	1	-0.049363616281769246	1.1484794160463028	NaN	NaN	800009909	800009909	800009909	800009919	800009919	800009919	899999999	899999999	89999	89999	89	89	3	2	0	23	0	0	2	NaN	0	0	0	0	0	0	0	0	0	NaN	NaN	NaN	NaN	0	4	0	0	0	0	0	0	16119	0	0	0	18000	18000	18000	18000	6	NaN	0.2190069941465244	0.1608142436655182	0.049855625629387675	0.14332664006489193	NaN	NaN	4.155106980239959e-7	NaN	0.03658526479437967	NaN	NaN	-0.000049363616281769244	NaN	NaN	NaN	96297.05282899305	11.656511202494306	NaN	0	0	0	0	0.00027767782420010513	-1	0	2.1291214944058012	63.05250023682919	1.0001341660883691	-273.1499938964844	9.000918444103664	-273.1499938964844	005
DATA	2025-09-01T030000_AIU-0547.ghg	2025-09-01	03:30:00	244.145	0	18000	18000	0.03690117504449517	1	NaN	50.24628705796876	0	NaN	NaN	NaN	NaN	NaN	NaN	NaN	NaN	NaN	NaN	-0.03178832628614693	0	NaN	NaN	NaN	NaN	NaN	NaN	NaN	NaN	NaN	NaN	NaN	NaN	-7.801270579054611e-13	NaN	NaN	NaN	NaN	NaN	0	NaN	NaN	NaN	NaN	0	0.09067034229180877	2.243831675298565	2.243831675298565	0	0	NaN	NaN	NaN	NaN	9	286.1939493696425	285.4743676198324	95907.40063042534	1.1704222778237499	1005.3734551712156	0.024747140228908948	NaN	NaN	NaN	NaN	NaN	NaN	NaN	NaN	1.0900828988183535	0.36871414962305005	0.3108145244349349	1.1919884726909977	2.4988647694278318e-15	-8.603993744666147e-15	1.1919884726909977	2.7412648075772	313.31219383721475	18.68780616278524	15.114744902366349	NaN	0.1775615011610911	0.18932954617350273	-9.417095873600584	-0.30795056553790806	NaN	0.24048343862257565	1	11.641591434256236	5	9	16	25	41	99	0.03647852615218878	1.0115862381759366	49.53718185688921	1.014314605201566	NaN	1	NaN	1	NaN	1	-0.027691372126635704	1.1479505652798787	NaN	NaN	800009909	800009909	800009909	800009909	800009909	800019909	899999999	899999999	89999	89999	89	89	5	1	3	26	0	0	1	NaN	0	0	0	0	0	0	0	0	0	NaN	NaN	NaN	NaN	0	0	0	0	0	0	0	0	15125	0	0	0	18000	18000	18000	18000	6	NaN	0.1721487902612205	0.15585934059767448	0.05065096148811042	0.14118801460565553	NaN	NaN	1.327536846288331e-7	NaN	0.04209798434058842	NaN	NaN	-0.000027691372126635705	NaN	NaN	NaN	96295.17009613715	11.6899995803833	NaN	0	0	0	0	0.00027757969516420015	-1	0	2.1051266243590256	61.16410232098908	1.0001528973778089	-273.1903688981798	9.001004450718561	-273.1499938964844	244
DATA	2025-09-01T033000_AIU-0547.ghg	2025-09-01	04:00:00	244.166	0	18000	18000	0.009367713382668721	0	NaN	42.651251273461234	0	NaN	NaN	NaN	NaN	NaN	NaN	NaN	NaN	NaN	NaN	-0.028300022362620914	1	NaN	NaN	NaN	NaN	NaN	NaN	NaN	NaN	NaN	NaN	NaN	NaN	2.637051538486478e-13	NaN	NaN	NaN	NaN	NaN	0	NaN	NaN	NaN	NaN	0	0.09090693973787597	2.2465470623817576	2.2465470623817576	-0.1	0	NaN	NaN	NaN	NaN	9	285.72695295800105	285.0625674040053	95902.8977000868	1.1720580333861934	1005.3648278177515	0.024712602457628918	NaN	NaN	NaN	NaN	NaN	NaN	NaN	NaN	1.0763377622633998	0.2284510729092456	0.23151008161146794	1.1244064163261025	5.836215193735064e-15	2.9008253342266697e-15	1.1244064163261025	2.719046468240693	320.0168888360744	11.983111163925635	11.881918510378037	NaN	0.08940097172162441	0.1470761279743814	-1.4159606949448782	-2.048079449064717	NaN	0.4048710593012787	1	15.347489968807183	7	12	19	29	45	99	0.009256338271476375	1.0120323078009748	42.03937405854506	1.0145548602618122	NaN	1	NaN	1	NaN	1	-0.024650381667811395	1.1480561536122273	NaN	NaN	800009909	800009909	800009909	800009909	800009919	800019919	899999999	899999999	89999	89999	89	89	16	8	2	46	0	0	5	NaN	0	0	0	0	0	0	0	0	0	NaN	NaN	NaN	NaN	0	0	0	0	0	0	0	0	16017	0	0	0	18000	18000	18000	18000	6	NaN	0.12676813629254488	0.12180409289719919	0.04558002675901873	0.10756692900785239	NaN	NaN	6.328163986299638e-7	NaN	0.03567659822176315	NaN	NaN	-0.000024650381667811396	NaN	NaN	NaN	96290.53849978298	11.663459605693816	NaN	0	0	0	0	0.00027737466311211594	-1	0	2.106603258543763	61.35796348063143	1.000154183541735	-273.1499938964844	9.000997041013505	-273.1499938964844	180
DATA	2025-09-01T040000_AIU-0547.ghg	2025-09-01	04:30:00	244.187	0	18000	18000	0.010245236604277884	0	NaN	46.936117042156155	0	NaN	NaN	NaN	NaN	NaN	NaN	NaN	NaN	NaN	NaN	-0.018824788898441955	0	NaN	NaN	NaN	NaN	NaN	NaN	NaN	NaN	NaN	NaN	NaN	NaN	2.4759425423224056e-13	NaN	NaN	NaN	NaN	NaN	0	NaN	NaN	NaN	NaN	0	0.09177425731644467	2.265825302801782	2.265825302801782	-0.1	0	NaN	NaN	NaN	NaN	9	285.38434246147995	284.7699879995284	95895.60279569846	1.1731729886537081	1005.3587594429869	0.02468911619724737	NaN	NaN	NaN	NaN	NaN	NaN	NaN	NaN	1.0833884273074028	0.2791790797609171	0.21375751849871386	1.1390187530126796	9.606262634462326e-15	2.697861704056254e-15	1.1390187530126796	2.4447644220190967	317.54979058246533	14.450209417534731	10.816730060034429	NaN	0.09345014265186152	0.12610149781740806	-1.469477009117882	-1.9734912366821256	NaN	0.42583766146361984	1	14.981664123764634	7	12	19	28	44	97	0.010124440775673376	1.0119311111873706	46.26529046883502	1.0144995647173773	NaN	1	NaN	1	NaN	1	-0.01639750503794312	1.148027633160179	NaN	NaN	800009909	800009909	800009909	800009919	800009919	800019919	899999999	899999999	89999	89999	89	89	10	9	0	68	0	0	4	NaN	0	0	0	0	0	0	0	0	0	NaN	NaN	NaN	NaN	0	5	0	0	0	0	0	0	16019	0	0	0	18000	18000	18000	18000	6	NaN	0.11130235284424973	0.09897428584455627	0.041926356946010136	0.1606186978076266	NaN	NaN	2.7332001619913847e-7	NaN	0.03922583271033388	NaN	NaN	-0.00001639750503794312	NaN	NaN	NaN	96283.26021983507	11.649999618530273	NaN	0	0	0	0	0.0002764109840306143	-1	0	2.1239395748906653	61.17664405273317	1.0001623374885984	-273.1499938964844	9.001006840970781	-273.1499938964844	068
DATA	2025-09-01T043000_AIU-0547.ghg	2025-09-01	05:00:00	244.208	0	18000	18000	0.0031740171462962307	0	NaN	50.91640683791218	0	NaN	NaN	NaN	NaN	NaN	NaN	NaN	NaN	NaN	NaN	-0.02421769160817995	1	NaN	NaN	NaN	NaN	NaN	NaN	NaN	NaN	NaN	NaN	NaN	NaN	1.4932248411824603e-13	NaN	NaN	NaN	NaN	NaN	0	NaN	NaN	NaN	NaN	0	0.09119287213915261	2.248733978616103	2.248733978616103	-0.1	0	NaN	NaN	NaN	NaN	9	285.0036747521294	284.39580102030436	95886.17887217882	1.1746011203653115	1005.3510726158642	0.024659098083726596	NaN	NaN	NaN	NaN	NaN	NaN	NaN	NaN	1.1309813197263383	0.26000922625101197	0.21653117252686935	1.1805123006480858	-1.2491628282774161e-14	1.6374359159386115e-15	1.1805123006480858	2.194852937114258	319.05283991195006	12.947160088049948	10.569108188204426	NaN	0.05198277130497338	0.09027758223853541	-0.23313999962265058	-12.438877947558563	NaN	0.8294499068864797	1	13.712803558615814	6	11	17	25	38	81	0.0031374405859721827	1.011658088598581	50.19595724462608	1.0143527413925995	NaN	1	NaN	1	NaN	1	-0.02109622079604388	1.1479635069387135	NaN	NaN	800009909	800009909	800009909	800009909	800009919	800019919	899999999	899999999	89999	89999	89	89	7	3	0	47	0	0	5	NaN	0	0	0	0	0	0	0	0	0	NaN	NaN	NaN	NaN	0	0	0	0	0	0	0	0	16019	0	0	0	18000	18000	18000	18000	6	NaN	0.06041832549771756	0.07016979965005982	0.04996703932929343	0.10592466872510481	NaN	NaN	3.6648916891987126e-7	NaN	0.042507012658551196	NaN	NaN	-0.00002109622079604388	NaN	NaN	NaN	96272.81930143229	11.649999618530273	NaN	0	0	0	0	0.0002763695341968236	-1	0	2.1068768002125955	61.21528637059531	1.0001352340082328	-273.1499938964844	9.000900319496791	-273.1499938964844	245
DATA	2025-09-01T050000_AIU-0547.ghg	2025-09-01	05:30:00	244.229	0	18000	18000	0.005161982197626946	0	NaN	38.85918476890871	0	NaN	NaN	NaN	NaN	NaN	NaN	NaN	NaN	NaN	NaN	-0.008171576451492498	0	NaN	NaN	NaN	NaN	NaN	NaN	NaN	NaN	NaN	NaN	NaN	NaN	-3.1108587342345805e-14	NaN	NaN	NaN	NaN	NaN	0	NaN	NaN	NaN	NaN	0	0.09253605845882015	2.2806272595234613	2.2806272595234613	0.1	0	NaN	NaN	NaN	NaN	9	284.83746814897324	284.2578313886854	95891.28635112847	1.1752338308062247	1005.3482593464839	0.024645822369215916	NaN	NaN	NaN	NaN	NaN	NaN	NaN	NaN	1.058680845232468	0.1304199547955345	0.19135567805050882	1.083711904609873	1.718884573265121e-14	-3.361780030450461e-16	1.083711904609873	2.0077654713909663	324.9770596007347	7.022940399265238	10.170286051183728	NaN	0.06627444642208662	0.09097813184569087	-0.6330765039381339	-4.580804976902755	NaN	0.49625713200999905	1	14.96433286406488	7	12	19	28	43	91	0.005099116243933902	1.012328793988141	38.29550034898644	1.0147193381672892	NaN	1	NaN	1	NaN	1	-0.007117139995848789	1.1481545194078984	NaN	NaN	800009909	800009909	800009909	800009909	800009919	800019919	899999999	899999999	89999	89999	89	89	6	1	0	70	0	0	10	NaN	0	0	0	0	0	0	0	0	0	NaN	NaN	NaN	NaN	0	0	0	0	0	0	0	0	16415	0	0	0	18000	18000	18000	18000	6	NaN	0.058531222847372825	0.08642407054139312	0.03700097030261579	0.07642443572616003	NaN	NaN	1.1461995174300232e-7	NaN	0.03241208230679531	NaN	NaN	-0.000007117139995848788	NaN	NaN	NaN	96279.68680750868	11.649999618530273	NaN	0	0	0	0	0.00027624680118363653	-1	0	2.1365382729238935	61.66870475875	1.0001414381927913	-273.1499938964844	9.00094229997529	-273.1499938964844	183
DATA	2025-09-01T053000_AIU-0547.ghg	2025-09-01	06:00:00	244.249	1	18000	18000	0.01926645218381608	1	NaN	42.197063910634284	0	NaN	NaN	NaN	NaN	NaN	NaN	NaN	NaN	NaN	NaN	-0.010513445038167568	0	NaN	NaN	NaN	NaN	NaN	NaN	NaN	NaN	NaN	NaN	NaN	NaN	1.4042032655636755e-12	NaN	NaN	NaN	NaN	NaN	0	NaN	NaN	NaN	NaN	0	0.09286195389129637	2.287451900810513	2.287451900810513	0	0	NaN	NaN	NaN	NaN	9	284.73713871595595	284.1530461519029	95906.53106228299	1.1758541205268271	1005.3461302849836	0.024632821138872336	NaN	NaN	NaN	NaN	NaN	NaN	NaN	NaN	1.0660504255322125	0.1492517705465071	0.2212021193142663	1.0989403889100857	-6.197013207028716e-15	1.5121405556547164e-14	1.0989403889100857	2.3594012189361497	324.0301412778924	7.9698587221076025	11.612213692006426	NaN	0.12800417998200256	0.13703785732330498	-4.200975506574013	-0.6903158553202356	NaN	0.27886179968256863	1	13.653497627855295	6	11	18	27	44	100	0.019033947703235708	1.0122152526740864	41.58756028114769	1.0146559121373344	NaN	1	NaN	1	NaN	1	-0.009157140117905804	1.1481144661759248	NaN	NaN	800009909	800009909	800009909	800009909	800009919	800019919	899999999	899999999	89999	89999	89	89	1	5	1	60	0	0	6	NaN	0	0	0	0	0	0	0	0	0	NaN	NaN	NaN	NaN	0	0	0	0	0	0	0	0	15821	0	0	0	18000	18000	18000	18000	6	NaN	0.11372788612187	0.1170377081497017	0.04331012037503827	0.11116478609808862	NaN	NaN	1.0617272898836083e-7	NaN	0.03517988272643235	NaN	NaN	-0.000009157140117905804	NaN	NaN	NaN	96296.0013702257	11.649999618530273	NaN	0	0	0	0	0.00027613235831571115	-1	0	2.1429905166873224	60.3654680433908	1.000157845861382	-273.1499938964844	9.000984037955602	-273.1499938964844	022
DATA	2025-09-01T060000_AIU-0547.ghg	2025-09-01	06:30:00	244.27	1	18000	18000	0.01046703492112166	0	NaN	54.3027768919714	0	NaN	NaN	NaN	NaN	NaN	NaN	NaN	NaN	NaN	NaN	-0.004089530237999509	1	NaN	NaN	NaN	NaN	NaN	NaN	NaN	NaN	NaN	NaN	NaN	NaN	-6.927785372589541e-13	NaN	NaN	NaN	NaN	NaN	0	NaN	NaN	NaN	NaN	0	0.09310190184427689	2.291236225081289	2.291236225081289	0.1	0	NaN	NaN	NaN	NaN	9	284.51312822214766	283.92284951527915	95917.76505251737	1.1769453149575155	1005.3414759953228	0.02460998303679803	NaN	NaN	NaN	NaN	NaN	NaN	NaN	NaN	1.3028745544892217	0.34754738944081276	0.2782868290398441	1.3768496111993103	3.3768883417260337e-14	-7.441078254423867e-15	1.3768496111993103	2.616362475548835	317.06389526327354	14.93610473672647	11.660872718110674	NaN	0.09430477740884274	0.15381889463351725	-1.3054891931539918	-2.2213895106965653	NaN	0.48665194108500326	1	17.805385004103023	8	14	23	33	52	112	0.010357211559615036	1.0106035645670162	53.56214448864194	1.0138275345470253	NaN	1	NaN	1	NaN	1	-0.0035624157024086436	1.1479654761330829	NaN	NaN	800009909	800009909	800009909	800009909	800009919	800019919	899999999	899999999	89999	89999	89	89	8	1	0	66	0	0	13	NaN	0	0	0	0	0	0	0	0	0	NaN	NaN	NaN	NaN	0	0	0	0	0	0	0	0	14625	0	0	0	18000	18000	18000	18000	6	NaN	0.10848652606447469	0.14745716272563097	0.05169410047692884	0.14340779512426763	NaN	NaN	7.888373341304685e-8	NaN	0.045267662808258204	NaN	NaN	-0.000003562415702408644	NaN	NaN	NaN	96305.5481907552	11.6566342148251	NaN	0	0	0	0	0.0002761665846854965	-1	0	2.146264514664809	57.345760066438515	1.0001592526468965	-273.1499938964844	9.000985523541768	-273.1499938964844	218
DATA	2025-09-01T063000_AIU-0547.ghg	2025-09-01	07:00:00	244.291	1	18000	18000	0.0032519321896549483	0	NaN	49.585626078778645	0	NaN	NaN	NaN	NaN	NaN	NaN	NaN	NaN	NaN	NaN	-0.03080105529412719	0	NaN	NaN	NaN	NaN	NaN	NaN	NaN	NaN	NaN	NaN	NaN	NaN	-3.438028386452735e-13	NaN	NaN	NaN	NaN	NaN	0	NaN	NaN	NaN	NaN	0	0.0916993832721478	2.254681843931065	2.254681843931065	0	0	NaN	NaN	NaN	NaN	9	284.29283908843996	283.7113980509519	95932.98350380789	1.1780093729604413	1005.3372284704717	0.024587753630136884	NaN	NaN	NaN	NaN	NaN	NaN	NaN	NaN	1.2424899221786925	0.3765094125364018	0.2247287455443103	1.3175900551833406	-1.2575642887974946e-14	-3.749238286858774e-15	1.3175900551833406	2.521549590188532	315.14171463811147	16.85828536188851	9.820406075703971	NaN	0.05254076205029538	0.13340997500905877	-0.2472719753282706	-11.727976840683421	NaN	0.7968910009399064	1	15.701286292039091	7	12	19	29	44	92	0.0032169130586808935	1.0108859426211583	48.90293826483435	1.0139600571697185	NaN	1	NaN	1	NaN	1	-0.026832116844974937	1.147917455491237	NaN	NaN	800009909	800009909	800009909	800009919	800009919	800019919	899999999	899999999	89999	89999	89	89	7	3	0	65	0	0	2	NaN	0	0	0	0	0	0	0	0	0	NaN	NaN	NaN	NaN	0	11	0	0	0	0	0	0	15323	0	0	0	18000	18000	18000	18000	6	NaN	0.10642917925755942	0.11650169140132552	0.043889079359232586	0.12267101021957438	NaN	NaN	3.407090941796784e-7	NaN	0.04129281046560711	NaN	NaN	-0.000026832116844974936	NaN	NaN	NaN	96321.22951779515	11.65999984741211	NaN	0	0	0	0	0.0002755510179332406	-1	0	2.111875214459721	56.4867090668149	1.0001131321887176	-362.8632476637104	9.000815271298091	-273.1499938964844	087
DATA	2025-09-01T070000_AIU-0547.ghg	2025-09-01	07:30:00	244.312	1	18000	18000	0.011972196631955383	0	NaN	49.36063817343322	0	NaN	NaN	NaN	NaN	NaN	NaN	NaN	NaN	NaN	NaN	-0.027267130026727964	0	NaN	NaN	NaN	NaN	NaN	NaN	NaN	NaN	NaN	NaN	NaN	NaN	3.04878349651216e-13	NaN	NaN	NaN	NaN	NaN	0	NaN	NaN	NaN	NaN	0	0.091385806898276	2.2459176939045635	2.2459176939045635	0	0	NaN	NaN	NaN	NaN	9	284.1875894506949	283.643944873386	95955.1859092882	1.1785622139276577	1005.335879099272	0.024576219985720047	NaN	NaN	NaN	NaN	NaN	NaN	NaN	NaN	1.2311575157758512	0.30520221550084	0.2020197626418747	1.2844100612716034	-4.9569807498760924e-14	3.3361673984077667e-15	1.2844100612716034	3.022362754799543	318.0771317570012	13.922868242998765	9.049402789672271	NaN	0.10078842625952489	0.19109639234197515	-1.7537351116658688	-1.6536134680255656	NaN	0.41333902117925514	1	16.958892036539236	8	13	22	32	50	110	0.011841272534099077	1.0110565902000217	48.6770479881276	1.0140433780099474	NaN	1	NaN	1	NaN	1	-0.023753770258182486	1.1479074576523374	NaN	NaN	800009909	800009909	800009909	800009909	800009919	800019919	899999999	899999999	89999	89999	89	89	2	5	0	105	0	0	6	NaN	0	0	0	0	0	0	0	0	0	NaN	NaN	NaN	NaN	0	0	0	0	0	0	0	0	16114	0	0	0	18000	18000	18000	18000	6	NaN	0.20063694854180616	0.13618280563114085	0.045373030511003255	0.11560522758273806	NaN	NaN	1.0179666958908984e-7	NaN	0.04108284749915391	NaN	NaN	-0.000023753770258182487	NaN	NaN	NaN	96344.47291449652	11.669879529578745	NaN	0	0	0	0	0.00027564241364921654	-1	0	2.104004687342379	57.91878308917846	1.0001209010763301	-309.6086204274695	9.000814955631892	-273.1499938964844	176
DATA	2025-09-01T073000_AIU-0547.ghg	2025-09-01	08:00:00	244.333	1	18000	18000	0.03172796935413235	1	NaN	46.47609924780312	0	NaN	NaN	NaN	NaN	NaN	NaN	NaN	NaN	NaN	NaN	-0.02882784207076178	0	NaN	NaN	NaN	NaN	NaN	NaN	NaN	NaN	NaN	NaN	NaN	NaN	-1.9229834706892088e-12	NaN	NaN	NaN	NaN	NaN	0	NaN	NaN	NaN	NaN	0	0.09097255946178401	2.238844376682742	2.238844376682742	0	0	NaN	NaN	NaN	NaN	9	284.5989201922947	284.07284076097284	95967.95521180556	1.176939410626655	1005.3445050556114	0.02461010649725912	NaN	NaN	NaN	NaN	NaN	NaN	NaN	NaN	0.9226108413721548	0.01111936454107642	0.21145448921069288	0.9465978057722703	-4.662413147998251e-14	-2.1138060554369923e-14	0.9465978057722703	2.8415671363627033	331.30950105199975	0.6904989480000737	12.90785016805986	NaN	0.16418901059954139	0.23755964371195187	-8.053049088857778	-0.3601120479958887	NaN	0.23923051233829032	1	8.935260831175615	4	7	12	19	31	76	0.03130471259636246	1.013520544437743	45.770857450090816	1.0154080967017345	NaN	1	NaN	1	NaN	1	-0.02509571995697982	1.148715482966009	NaN	NaN	800009909	800009909	800009909	800009909	800009919	800019919	899999999	899999999	89999	89999	89	89	3	1	1	42	0	0	6	NaN	0	0	0	0	0	0	0	0	0	NaN	NaN	NaN	NaN	0	0	0	0	0	0	0	0	16316	0	0	0	18000	18000	18000	18000	6	NaN	0.18258144988602332	0.2565936823605268	0.03594415517735359	0.1375803000987863	NaN	NaN	8.19801368643122e-8	NaN	0.03868298987730356	NaN	NaN	-0.000025095719956979822	NaN	NaN	NaN	96361.86938194445	11.660093497806123	NaN	0	0	0	0	0.0002759082308394783	-1	0	2.09856656280491	59.38755967108408	1.0001309941808383	-281.2249942355674	9.000822523090575	-273.1499938964844	243
DATA	2025-09-01T080000_AIU-0547.ghg	2025-09-01	08:30:00	244.354	1	18000	18000	0.010253631495683499	1	NaN	-9.654896417695902	2	NaN	NaN	NaN	NaN	NaN	NaN	NaN	NaN	NaN	NaN	-0.0049617708397764	1	NaN	NaN	NaN	NaN	NaN	NaN	NaN	NaN	NaN	NaN	NaN	NaN	-1.6934334407005592e-12	NaN	NaN	NaN	NaN	NaN	0	NaN	NaN	NaN	NaN	0	0.09098089424506987	2.2455821567693497	2.2455821567693497	0.4	0	NaN	NaN	NaN	NaN	9	285.4288049502903	284.91089758216015	95971.06925520833	1.1735155567268474	1005.361675688507	0.02468190904697592	NaN	NaN	NaN	NaN	NaN	NaN	NaN	NaN	0.29908495447743233	-0.6841095889344184	0.13710677295845533	0.7591152790307044	5.739381145838974e-16	-1.861306656471256e-14	0.7591152790307044	1.388164418825962	38.38559659688531	293.6144034031147	10.405519920030466	NaN	0.09347477469950201	0.045821232596611715	7.153373490436878	0.4054031295691354	NaN	-0.08754715039363879	1	15.024233801705291	7	14	30	59	134	644	0.010095754293589325	1.0156379798381607	-9.370607827265701	1.03033832977227	NaN	1	NaN	1	NaN	1	-0.003503576002620324	1.4162018566360461	NaN	NaN	800009909	800009909	800009909	800009909	800009919	800019919	899999999	899999999	89999	89999	89	89	6	2	0	44	0	0	0	NaN	0	0	0	0	0	0	0	0	0	NaN	NaN	NaN	NaN	0	0	0	0	0	0	0	0	17505	0	0	0	18000	18000	18000	18000	6	NaN	0.022146956595752856	0.039723217130222366	0.029772291467248205	0.18365037663114647	NaN	NaN	1.6824003354253166e-7	NaN	-0.00794248832850618	NaN	NaN	-0.000003503576002620324	NaN	NaN	NaN	96368.49735373264	11.640000343322754	NaN	0	0	0	0	0.0002763156171002064	-1	0	2.1067936859594445	62.70478207143145	1.000146349983083	-273.1499938964844	9.000915723694696	-273.1499938964844	243
DATA	2025-09-01T083000_AIU-0547.ghg	2025-09-01	09:00:00	244.374	1	18000	18000	0.007414376921097979	1	NaN	20.439565422949915	1	NaN	NaN	NaN	NaN	NaN	NaN	NaN	NaN	NaN	NaN	-0.011223243756678604	1	NaN	NaN	NaN	NaN	NaN	NaN	NaN	NaN	NaN	NaN	NaN	NaN	-2.0010896695555038e-13	NaN	NaN	NaN	NaN	NaN	0	NaN	NaN	NaN	NaN	0	0.08937140456131762	2.223907824803371	2.223907824803371	0	0	NaN	NaN	NaN	NaN	9	287.0910478210449	287.24171135287776	95970.8466545139	1.163990402072339	1005.4116264749733	0.024883885799037102	NaN	NaN	NaN	NaN	NaN	NaN	NaN	NaN	0.3324094585199873	-0.38504186140313684	0.1502268819756211	0.5303973974431473	8.174528771822647e-15	-2.2390715233557268e-15	0.5303973974431473	1.083817073374022	21.19571632574292	310.8042836742571	16.453349559850526	NaN	0.07981097760310982	0.03785574481021327	-2.103353798866864	-1.3787504515703974	NaN	0.21883446669460133	1	7.650210354857926	3	6	10	15	24	54	0.00726336039254275	1.0207915510719083	20.039010471284765	1.0199887590377346	NaN	1	NaN	1	NaN	1	-0.009721910820064381	1.1544277626488535	NaN	NaN	800009909	800009909	800009909	800009909	800009919	800009919	899999999	899999999	89999	89999	89	89	2	2	0	22	0	0	0	NaN	0	0	0	0	0	0	0	0	0	NaN	NaN	NaN	NaN	0	0	0	0	0	0	0	0	18000	0	0	0	18000	18000	18000	18000	6	NaN	0.016070721750438336	0.03805545229293832	0.02158531557704987	0.3198049491890883	NaN	NaN	3.42546464837485e-7	NaN	0.017123122745615647	NaN	NaN	-0.000009721910820064382	NaN	NaN	NaN	96383.83233637153	11.646634306907654	NaN	0	0	0	0	0.00027754032309167093	-1	0	2.09170383607679	63.71957766109029	1.0001487011048529	-273.3518689049614	9.000942164500554	-273.1499938964844	160
DATA	2025-09-01T090000_AIU-0547.ghg	2025-09-01	09:30:00	244.395	1	18000	18000	0.004399700925394133	1	NaN	29.871830395479392	1	NaN	NaN	NaN	NaN	NaN	NaN	NaN	NaN	NaN	NaN	0.0009751504916946072	2	NaN	NaN	NaN	NaN	NaN	NaN	NaN	NaN	NaN	NaN	NaN	NaN	-3.671587464760898e-13	NaN	NaN	NaN	NaN	NaN	0	NaN	NaN	NaN	NaN	0	0.08952065685510753	2.2526833223755918	2.2526833223755918	0	1	NaN	NaN	NaN	NaN	9	288.72328809950096	290.4927828039589	95977.29008927206	1.151040792565235	1005.4866934578598	0.02516383817448572	NaN	NaN	NaN	NaN	NaN	NaN	NaN	NaN	0.05691810488567144	-0.5142579726519384	0.16822775149120478	0.5440602075796777	-1.3629517368542297e-14	-4.101385751339489e-15	0.5440602075796777	1.2193721202865213	55.68420545038322	276.3157945496168	18.01150548302059	NaN	0.061825298281322355	0.033449146254992713	-0.669092505670987	-4.334228788128166	NaN	0.4174731720143005	1	7.248045040122047	3	6	9	14	21	46	0.004311799400659433	1.020386274166942	29.293971430565144	1.019726207703996	NaN	1	NaN	1	NaN	1	0.0008449699825342754	1.1540652471107766	NaN	NaN	800009909	800009909	800009909	800009919	800009919	800019919	899999999	899999999	89999	89999	89	89	3	1	0	21	0	0	3	NaN	0	0	0	0	0	0	0	0	0	NaN	NaN	NaN	NaN	0	9	0	0	0	0	0	0	14077	0	0	0	18000	18000	18000	18000	6	NaN	0.01913495247991967	0.03270318769749728	0.01506015233256848	0.21949614846309826	NaN	NaN	2.7201556389564535e-7	NaN	0.025311111148499696	NaN	NaN	8.449699825342754e-7	NaN	NaN	NaN	96408.32059592014	11.649999618530273	NaN	0	0	0	0	0.00028080179283925736	-1	0	2.1265570736514174	65.45636969651123	1.0001457493106525	-282.55736929151595	9.001101882828607	-273.1499938964844	009
DATA	2025-09-01T093000_AIU-0547.ghg	2025-09-01	10:00:00	244.416	1	18000	18000	0.034537259007756754	0	NaN	-15.309324410753005	2	NaN	NaN	NaN	NaN	NaN	NaN	NaN	NaN	NaN	NaN	-0.03886887000364837	1	NaN	NaN	NaN	NaN	NaN	NaN	NaN	NaN	NaN	NaN	NaN	NaN	-7.866781944680121e-13	NaN	NaN	NaN	NaN	NaN	0	NaN	NaN	NaN	NaN	0	0.08932546046917236	2.2590105511164507	2.2590105511164507	-0.1	0	NaN	NaN	NaN	NaN	9	290.7108105629816	291.98437064228375	95990.14099179422	1.1453140887013673	1005.5232369845393	0.025289660296753478	NaN	NaN	NaN	NaN	NaN	NaN	NaN	NaN	0.5043820359806443	-0.13163114462561085	0.19695867650737656	0.557243857486918	-1.3379887348954865e-14	-8.806875333595478e-15	0.557243857486918	3.2183718639306433	346.62653445013257	345.37346554986743	20.698570117917455	NaN	0.17365273678582727	0.34397334202706303	28.933136105584243	0.10023109798457987	NaN	-0.07655220056278282	1	2.982709805096646	1	3	5	10	21	82	0.03413467201380195	1.011794078284743	-15.036142450520952	1.0181683540928803	NaN	1	NaN	1	NaN	1	-0.031455507754414434	1.2356777168282573	NaN	NaN	800009909	800009909	800009909	800009919	800009919	800009919	899999999	899999999	89999	89999	89	89	1	3	0	5	0	0	0	NaN	0	0	0	0	0	0	0	0	0	NaN	NaN	NaN	NaN	0	2	0	0	0	0	0	0	8124	0	0	0	18000	18000	18000	18000	6	NaN	0.18308172594365663	0.442360450333144	0.06250450777732554	0.4905240102663593	NaN	NaN	3.2568005653285057e-7	NaN	-0.013056287873480807	NaN	NaN	-0.00003145550775441443	NaN	NaN	NaN	96404.5771940104	11.64010306017127	NaN	0	0	0	0	0.00028314576988405966	-1	0	2.1364163381854695	65.94106313874985	1.0001016361912092	-287.60424450344266	9.000953273693721	-273.1499938964844	240
DATA	2025-09-01T100000_AIU-0547.ghg	2025-09-01	10:30:00	244.437	1	18000	18000	0.0492606247280797	0	NaN	26.391199233027482	0	NaN	NaN	NaN	NaN	NaN	NaN	NaN	NaN	NaN	NaN	-0.012825704103995713	0	NaN	NaN	NaN	NaN	NaN	NaN	NaN	NaN	NaN	NaN	NaN	NaN	2.8417304179603615e-13	NaN	NaN	NaN	NaN	NaN	0	NaN	NaN	NaN	NaN	0	0.08891550261588985	2.254206682616523	2.254206682616523	-0.1	0	NaN	NaN	NaN	NaN	9	291.9941490444607	292.7258098167182	95996.36562361104	1.1424872278150904	1005.5418942258934	0.02535223460811523	NaN	NaN	NaN	NaN	NaN	NaN	NaN	NaN	0.9242260767153874	0.30997885461258007	0.22534520356940071	1.0005304552882825	-9.345730340335643e-15	3.195989826697019e-15	1.0005304552882825	3.1159330374374186	313.458913378477	18.541086621522993	13.016152330988206	NaN	0.20764634011079622	0.4228797846151678	-28.697794546317496	-0.10105306159745046	NaN	0.11063265155444778	0	56.55348743566046	-8.582209903112389	19.41298216842702	48.341070466751134	73.7231826000666	103.39781184210158	154.90876368767928	0.04862786056884875	1.0130123791552594	25.99837338894608	1.0151096315990453	NaN	1	NaN	1	NaN	1	-0.01116784880847626	1.1484489380140213	NaN	NaN	800009909	800009909	800009909	800009919	800009919	800019919	899999999	899999999	89999	89999	89	89	7	0	1	27	0	0	0	NaN	0	0	0	0	0	0	0	0	0	NaN	NaN	NaN	NaN	0	1	0	0	0	0	0	0	12619	0	0	0	18000	18000	18000	18000	6	NaN	0.3235179389633089	0.42709637381047966	0.095145256456547	0.10541314226597592	NaN	NaN	4.470142540857944e-7	NaN	0.022630526277094658	NaN	NaN	-0.00001116784880847626	NaN	NaN	NaN	96399.37410590278	11.640000343322754	NaN	0	0	0	0	0.00028395444312870186	-1	0	2.1337688218288955	66.0746486020353	1.0000996103551654	-273.1499938964844	9.000996134413613	-273.1499938964844	120
DATA	2025-09-01T103000_AIU-0547.ghg	2025-09-01	11:00:00	244.458	1	18000	18000	0.14995362142920304	0	NaN	38.321977666471575	0	NaN	NaN	NaN	NaN	NaN	NaN	NaN	NaN	NaN	NaN	-0.03244423722222589	1	NaN	NaN	NaN	NaN	NaN	NaN	NaN	NaN	NaN	NaN	NaN	NaN	8.216687086124652e-13	NaN	NaN	NaN	NaN	NaN	0	NaN	NaN	NaN	NaN	0	0.08878906456857817	2.255598635828461	2.255598635828461	0	0	NaN	NaN	NaN	NaN	9	292.54592324998646	293.31444910832454	95993.34710218276	1.1401585702765895	1005.5569392195633	0.025404013960371213	NaN	NaN	NaN	NaN	NaN	NaN	NaN	NaN	0.6630020308741966	0.2930606365741213	0.19130828996578636	0.749703335634966	7.144210052078007e-16	9.254165618310253e-15	0.749703335634966	3.1042411027532477	308.1535780866586	23.846421913341352	14.784171642430946	NaN	0.3626568218209345	0.6799950536428157	-105.28613725573479	-0.02754398703939574	NaN	0.092167994722582	0	80.03107287286342	-12.145024070312253	27.472077515440972	68.40935738363108	104.32858638112815	146.32232581313687	219.2175074868406	0.14759357277126606	1.015990185843624	37.684395396071196	1.016918999593844	NaN	1	NaN	1	NaN	1	-0.02820303168691607	1.1503811924332021	NaN	NaN	800009909	800009909	800009909	800009919	800009919	800019919	899999999	899999999	89999	89999	89	89	2	4	1	47	0	0	2	NaN	0	0	0	0	0	0	0	0	0	NaN	NaN	NaN	NaN	0	1	0	0	0	0	0	0	4808	0	0	0	18000	18000	18000	18000	6	NaN	0.7287321024171343	0.5094341990413774	0.12182380582711969	0.06077327176577959	NaN	NaN	1.567802165190389e-7	NaN	0.03286923742505578	NaN	NaN	-0.00002820303168691607	NaN	NaN	NaN	96391.2217469618	11.640000343322754	NaN	0	0	0	0	0.0002847115590670405	-1	0	2.136489419453675	66.02823077404942	1.0000910821391475	-273.1499938964844	9.000887937492795	-273.1499938964844	209
DATA	2025-09-01T110000_AIU-0547.ghg	2025-09-01	11:30:00	244.479	1	18000	18000	0.27539671694523205	1	NaN	84.50446394584593	1	NaN	NaN	NaN	NaN	NaN	NaN	NaN	NaN	NaN	NaN	-0.04502928236444815	1	NaN	NaN	NaN	NaN	NaN	NaN	NaN	NaN	NaN	NaN	NaN	NaN	-2.5103334195671696e-13	NaN	NaN	NaN	NaN	NaN	0	NaN	NaN	NaN	NaN	0	0.08900890966768978	2.2634522090238955	2.2634522090238955	-0.1	0	NaN	NaN	NaN	NaN	9	293.17714017147483	293.5872450674994	95986.323122274	1.139015805924557	1005.5639814500208	0.02542950157994721	NaN	NaN	NaN	NaN	NaN	NaN	NaN	NaN	0.6901148513149942	0.28051783706825534	0.23449420096344525	0.7809841837094902	-5.488905383125805e-14	-2.820317009768316e-15	0.7809841837094902	4.0347340556124855	309.8792447279052	22.120755272094794	17.47290387745464	NaN	0.49171618554075425	0.8683074161651766	-119.00789242942089	-0.024368131733110733	NaN	0.15004643715996005	0	95.27766815626562	-14.458753726309599	32.70574029711543	81.44191771532574	124.20406319210913	174.19796464335755	260.9802940609707	0.2711888030533736	1.0155165473075607	83.12267316226561	1.0166235123464196	NaN	1	NaN	1	NaN	1	-0.03915495940868356	1.1500275583087902	NaN	NaN	800009909	800009909	800009909	800009919	800009919	800119919	899999999	899999999	89999	89999	89	89	2	10	6	26	0	0	4	NaN	0	0	0	0	0	0	0	0	0	NaN	NaN	NaN	NaN	0	2	0	0	0	0	0	0	3909	0	0	0	18000	18000	18000	18000	6	NaN	1.1579596753593098	0.43383191450989544	0.14482324246114794	0.1358722064806237	NaN	NaN	5.015690762058012e-8	NaN	0.07257382977891923	NaN	NaN	-0.00003915495940868356	NaN	NaN	NaN	96379.267515625	11.633365191459655	NaN	0	0	0	0	0.00028571303414840567	-1	0	2.1444598981473186	65.65269622251014	1.0000949459142154	-273.1499938964844	9.000953671534857	-273.1499938964844	249
DATA	2025-09-01T113000_AIU-0547.ghg	2025-09-01	12:00:00	244.499	1	18000	18000	0.14413080926291796	1	NaN	73.28810910312188	0	NaN	NaN	NaN	NaN	NaN	NaN	NaN	NaN	NaN	NaN	0.021874015743655943	2	NaN	NaN	NaN	NaN	NaN	NaN	NaN	NaN	NaN	NaN	NaN	NaN	1.8443961969201153e-12	NaN	NaN	NaN	NaN	NaN	0	NaN	NaN	NaN	NaN	0	0.08854817107294981	2.25735383428758	2.25735383428758	0	1	NaN	NaN	NaN	NaN	9	293.8850916129219	294.27095206294075	95970.41460490203	1.136181086023431	1005.5818257548858	0.025492947024596077	NaN	NaN	NaN	NaN	NaN	NaN	NaN	NaN	-0.0004554909326095316	0.18401447444171226	0.17887452751048485	0.2566274164390011	-1.1621075576154455e-13	2.0829297483746128e-14	0.2566274164390011	3.505043624828906	241.85817607651126	90.14182392348876	44.18843114863585	NaN	0.35616778456621256	0.6051865194124717	-52.14331057820874	-0.055615954718685266	NaN	0.18010008212883394	0	62.278532199165845	-9.45100753333839	21.37820477355492	53.23475262300677	81.1863566611471	113.86501957916632	170.5905482527815	0.1390052459287514	1.036873164749435	71.11354929140772	1.0305786989031203	NaN	1	NaN	1	NaN	1	0.018697693306779718	1.1698777696671547	NaN	NaN	800009909	800009909	800009909	800009919	800009919	800109919	899999999	899999999	89999	89999	89	89	2	3	1	8	0	0	0	NaN	0	0	0	0	0	0	0	0	0	NaN	NaN	NaN	NaN	0	10	0	0	0	0	0	0	5915	0	0	0	18000	18000	18000	18000	6	NaN	0.23473733337959088	0.7556723142831	0.21996339116225244	0.1981923028741536	NaN	NaN	1.687697399244552e-7	NaN	0.0622425510252563	NaN	NaN	0.000018697693306779717	NaN	NaN	NaN	96369.31552907986	11.630000114440918	NaN	0	0	0	0	0.0002863155149227371	-1	0	2.1401805152959286	65.70823083751318	1.0000786676969793	-273.1499938964844	9.000845834785038	-273.1499938964844	011
DATA	2025-09-01T123000_AIU-0547.ghg	2025-09-01	13:00:00	244.541	1	18000	18000	0.12244473017597536	0	NaN	24.276866727778053	0	NaN	105.4857055499728	1	NaN	-3.5448020980366635	1	NaN	2.386966250357459	1	NaN	0.006010935753005379	0	NaN	NaN	NaN	NaN	NaN	NaN	NaN	NaN	NaN	NaN	-2.926451655353986e-10	-8.940757217518216e-12	-1.7554605793867003e-12	NaN	14.816188210098625	381.9538171524067	386.4635660337042	0.2	0	452.65720154028713	11.669273063904207	11.807052786955119	0.5	0	0.0888763506207863	2.1489025122783083	2.1742747176747987	0	0	NaN	NaN	NaN	NaN	9	293.6882022484673	293.28820382875097	95926.926791401	1.1344437073260265	1011.9022926001347	0.02541932915181034	0.15467541302316332	0.008272456875577693	1119.6977694403656	2351.238662294121	0.007292082297390081	47.62161270127586	1231.5408928537552	281.78856597572377	0.9329915185646152	0.6539108764643938	0.2692066378282676	1.1707027043286993	7.31980965644834e-14	-1.9751717606822338e-14	1.1707027043286993	5.501109644755753	296.97432841816953	35.025671581830466	13.294306631760497	NaN	0.32853267817540865	0.786493031032988	-123.72895873146912	-0.023438328663978453	0.23014366355332502	0.06437133703918567	0	75.2189691485066	-11.414768764926118	25.820238026323015	64.29604349654149	98.05552316880504	137.52426546324622	206.0364098662021	0.12102619252574269	1.0117209144618091	30.045636287055967	1.0143860951936285	97.10567012363607	1.0862981061318786	-3.2631945853786823	1.0862981061318786	2.1973399722264424	1.0862981061318786	-0.008767627406305923	1.147976918589012	NaN	NaN	800000009	800000009	800000009	800000019	800000019	800110019	899999999	899999999	89999	89999	89	89	4	1	1	33	16	12	2	NaN	0	0	0	0	0	0	0	0	0	NaN	NaN	NaN	NaN	0	3	0	0	0	0	0	0	1641	0	0	0	18000	18000	18000	18000	100	NaN	0.9480561780597343	0.5081882513475408	0.11674163265870106	0.0794652174016617	1.120357037401119	0.35904473636929635	1.0640996592418646e-7	NaN	0.026173383904311776	-0.08392785704116218	0.05651456884801464	-0.000008767627406305922	NaN	381.9544759907518	11.668881000244296	96310.22055794271	11.631496815363567	8.614708116610771	98.88516370540195	98.82959141370985	98.94073880089654	-0.11114807975333701	0.0002862152914781797	-1	0	2.1384555825524862	93.59140501170694	1.0000708922710684	-273.1499938964844	9.000729082690345	-273.1499938964844	197
DATA	2025-09-01T130000_AIU-0547.ghg	2025-09-01	13:30:00	244.562	1	18000	18000	0.07105512415831888	0	NaN	2.8219628961297625	1	NaN	96.40372031332107	1	NaN	-1.1153141368043824	2	NaN	2.1814598721195484	1	NaN	0.004525123932257069	2	NaN	NaN	NaN	NaN	NaN	NaN	NaN	NaN	NaN	NaN	-5.2748334056137465e-11	-1.6216706600803068e-12	-3.1742322689857986e-13	NaN	14.781426489128139	380.55710615026163	385.06220831882416	0.1	1	454.43341634339043	11.699673640349591	11.838176441208606	0.4	0	0.08895007166197454	2.1507698323141264	2.17623102507349	0	1	NaN	NaN	NaN	NaN	9	293.78066878580165	293.29003376770027	95904.57204210068	1.1341591652545722	1011.919160135654	0.02542541287472961	0.14135859971334672	0.008292023561235486	1122.353172132984	2351.5047991044717	0.007311163913553762	47.72914656863179	1229.1516269714878	281.823564063524	1.0985697763566593	0.7467351586598259	0.3029313654592768	1.3624376546771408	-2.302658212322075e-14	-3.568555044057101e-15	1.3624376546771408	4.354994012667602	297.7947233316625	34.205276668337476	12.846810686489597	NaN	0.2502999126053143	0.4240135587035475	-470.6401987665664	-0.006161819597221392	0.029272344334410748	0.009823602375342598	0	76.42871352927277	-11.598352141931075	26.235504124967886	65.33011479804885	99.63254714958241	139.736064019468	209.35008714588895	0.0703049924093019	1.0106696796814922	8.296634572654867	1.0138579137952297	88.67802183725571	1.0871207805045966	-1.0259339687046545	1.0871207805045966	2.006639842821333	1.0871207805045966	-0.0028984023792858445	1.1479506620828914	NaN	NaN	800000009	800000009	800000009	800000009	800000019	800000019	899999999	899999999	89999	89999	89	89	10	6	2	60	18	4	9	NaN	0	0	0	0	0	0	0	0	0	NaN	NaN	NaN	NaN	0	0	0	0	0	0	0	0	4008	0	0	0	18000	18000	18000	18000	100	NaN	0.5412813379243191	0.2416328732346253	0.06511290624815062	0.0584987095567063	2.271025708989663	0.9212450985405121	4.90218702833312e-8	NaN	0.0072290651059275955	-0.026393674951254036	0.051623790001351054	-0.0000028984023792858443	NaN	380.55824873385023	11.69875976946075	96296.11337868925	11.619999885559082	8.623418386485836	98.78775831688776	98.73708485645719	98.8384320733812	-0.10134440913796426	0.0002859295675039498	-1	0	2.140286782330936	93.84540876049465	1.0000713382628228	-273.1499938964844	9.00080914566252	-273.1499938964844	065
DATA	2025-09-01T133000_AIU-0547.ghg	2025-09-01	14:00:00	244.583	1	18000	18000	0.0567902604547684	0	NaN	-1.9736831264742605	2	NaN	137.6379466208279	0	NaN	-1.4791237766754313	1	NaN	3.115698157670168	0	NaN	0.0035011794265915764	0	NaN	NaN	NaN	NaN	NaN	NaN	NaN	NaN	NaN	NaN	-1.4639993002108864e-10	-4.5109846289921866e-12	-8.796170728316566e-13	NaN	14.766789557749625	380.3388384880692	384.84899392502325	0.1	0	455.00541362946984	11.71928602685314	11.858256324499694	0.4	0	0.08872354108391813	2.1491650216217377	2.174650371331777	0	0	NaN	NaN	NaN	NaN	9	294.1414789813006	293.68013746982143	95882.96387239583	1.1323889971792338	1011.9395049834202	0.025464968585801454	0.20189724061702688	0.00829302172946705	1123.981293955371	2408.844754949112	0.007323474309733545	46.66059494477948	1284.863460993741	281.8449865514083	1.03583587436958	0.5932614694622155	0.26715541646037877	1.223228166093141	1.774752525324973e-15	-9.914133972624932e-15	1.223228166093141	4.145299983923283	302.19863921445256	29.801360785547416	12.615189139647974	NaN	0.22394383429321338	0.5009329841555521	481.87428230003803	0.006018167199457058	-0.014339672851350103	-0.0076910941352032	0	61.73719533075863	-9.36885757506659	21.192381344266725	52.772026009874466	80.48066937982539	112.87528313317897	169.10774270309858	0.05615028026605137	1.0113976312439523	5.920671014442369	1.0142160184291105	126.68245990523879	1.0864799019831481	-1.3613908310458311	1.0864799019831481	2.867699763229025	1.0864799019831481	-0.004977833913093669	1.147923964254706	NaN	NaN	800000009	800000009	800000009	800000009	800000019	800001019	899999999	899999999	89999	89999	89	89	0	6	0	50	2	4	4	NaN	0	0	0	0	0	0	0	0	0	NaN	NaN	NaN	NaN	0	0	0	0	0	0	0	0	9277	0	0	0	18000	18000	18000	18000	100	NaN	0.5456132090459103	0.3673739889078277	0.08887877035736624	0.06706748235506162	1.0570745754243025	0.7264603010707429	3.325531840220807e-8	NaN	0.005166789144055756	-0.035078985685765604	0.07389207907923527	-0.00000497783391309367	NaN	380.339516162104	11.71856399453155	96275.72911067709	11.553655820740598	8.657038532098017	98.731263704088	98.6820232656267	98.78050256220499	-0.09848717375554968	0.00028647502588703195	-1	0	2.1386955928405125	94.23240858468576	1.000083805905448	-273.3518689049614	9.000861051718394	-273.1499938964844	201
DATA	2025-09-01T140000_AIU-0547.ghg	2025-09-01	14:30:00	244.604	1	18000	18000	0.09424572593328338	0	NaN	7.16606423036077	2	NaN	137.17564617639613	1	NaN	-0.25881413646708984	2	NaN	3.1078137268358565	1	NaN	0.0001286401467223957	0	NaN	NaN	NaN	NaN	NaN	NaN	NaN	NaN	NaN	NaN	-3.732398798273025e-10	-1.1205477001417948e-11	-2.2507039946272054e-12	NaN	14.663929885423926	379.12996258113134	383.49502186478753	0.1	1	440.2432268426193	11.382310159935242	11.51335878055817	0.4	0	0.08842614992087089	2.1500944147445864	2.174849223153615	0	0	NaN	NaN	NaN	NaN	9	294.722660961575	294.5390509117974	95861.09593359375	1.1289737729124887	1011.7742989501476	0.025545270950971075	0.20138632949896348	0.008029244747100551	1091.4134077718086	2539.4222436009395	0.007111985184905558	42.97880789703439	1448.008835829131	281.4111670437633	0.8895986419739945	0.5888864153417365	0.28050055447572075	1.103110835336599	8.576897302463663e-15	-2.545292310748882e-14	1.103110835336599	4.474285289729515	298.49668959645055	33.50331040354944	14.73100820513716	NaN	0.28892751710290154	0.6094509606022347	-284.9665022206251	-0.010176634718121285	0.052240061775585336	0.02171322310163733	0	70.0243561024828	-10.62646619424661	24.03709546506072	59.85576639442596	91.28382042342811	128.02685607825728	191.80755995290693	0.09311121071165109	1.0121845179861928	14.95843708000808	1.0146389460535383	126.2988588687306	1.0861194424485685	-0.23829251770285437	1.0861194424485685	2.861392223887956	1.0861194424485685	-0.010867954949868214	1.1481041334588091	NaN	NaN	800000009	800000009	800000009	800000009	800010019	800010019	899999999	899999999	89999	89999	89	89	7	19	2	23	8	5	0	NaN	0	0	0	0	0	0	0	0	0	NaN	NaN	NaN	NaN	0	0	0	0	0	0	0	0	8112	0	0	0	18000	18000	18000	18000	100	NaN	0.7651974301490574	0.345724805431566	0.10797968562384602	0.11938699856415093	2.3883243054774037	0.766329704891384	3.048663429669844e-8	NaN	0.013095398619187298	-0.006157350604174295	0.0739368374147028	-0.000010867954949868215	NaN	379.1310165831697	11.381535491828974	96267.22547048613	11.520000457763672	8.21982106675057	98.62637265671624	98.57790235561798	98.67484204419455	-0.09694159026526765	0.0002873129481967124	-1	0	2.139929600689146	93.91937124550047	1.0000741552131043	-273.1499938964844	9.000812748485142	-273.1499938964844	003
DATA	2025-09-01T143000_AIU-0547.ghg	2025-09-01	15:00:00	244.624	1	18000	18000	0.1010099869411736	1	NaN	14.24450517625576	0	NaN	70.35481615640039	1	NaN	-0.033766826281858606	2	NaN	1.5937249256966652	1	NaN	0.008908343278969194	2	NaN	NaN	NaN	NaN	NaN	NaN	NaN	NaN	NaN	NaN	-1.76142894981238e-10	-5.268533109019876e-12	-1.0624746009919536e-12	NaN	14.69028641296723	379.8219944128703	384.186619339231	0.1	1	439.3947332133187	11.360689588480529	11.491237976114526	0.5	0	0.08861019456241695	2.153225396661854	2.177968622111109	0	1	NaN	NaN	NaN	NaN	9	294.74091263071693	294.3999835323758	95839.24057595486	1.1292588284070475	1011.7588218128673	0.02553903232516079	0.1032733751851439	0.00801595092897736	1089.0919216163738	2517.8695575008915	0.007098417765114842	43.254501345071695	1428.7776358845176	281.379809754976	0.7648904811619273	0.5849689580757793	0.261521021803624	0.9978173053869861	-5.260256446887118e-14	-1.1990432999710291e-14	0.9978173053869861	4.8694962742914	294.59215212618744	37.40784787381256	15.194295078972257	NaN	0.2990786490312907	0.5465947145767345	-158.98013918836176	-0.018241272241962512	0.2024666675923066	0.04168611889075903	0	79.81761553684852	-12.112631096048318	27.39880451945657	68.22689726331258	104.05032318510061	145.93205772417608	218.63281477342036	0.09971010568588519	1.0130366049293278	18.119784103446246	1.0151237478138921	64.7842769768623	1.085985974367324	-0.03109324344776235	1.085985974367324	1.4675373009537633	1.085985974367324	-0.0007731863502034319	1.1484606433259215	NaN	NaN	800000009	800000009	800000009	800000009	800000019	800010019	899999999	899999999	89999	89999	89	89	4	11	0	30	1	6	4	NaN	0	0	0	0	0	0	0	0	0	NaN	NaN	NaN	NaN	0	0	0	0	0	0	0	0	5004	0	0	0	18000	18000	18000	18000	100	NaN	0.6584156370621757	0.35136515893477427	0.08340863315651904	0.036565383124228294	1.9305588261853979	0.9370188842465756	4.372786300729122e-8	NaN	0.015859245588822034	-0.0008032189180228061	0.0379102850756157	-7.731863502034319e-7	NaN	379.8232623793908	11.3598408898567	96221.3799828559	11.529831967353822	8.176665068123162	98.61485377820333	98.56728576151531	98.66242085350885	-0.09513425245963855	0.0002873372473598768	-1	0	2.1430815558632212	93.90895401064556	1.0000765690439277	-273.1499938964844	9.000783540248872	-273.1499938964844	223
DATA	2025-09-01T150000_AIU-0547.ghg	2025-09-01	15:30:00	244.645	1	18000	18000	0.16240873363966615	1	NaN	110.84843758294747	1	NaN	-20.504361876474743	2	NaN	0.9512566671221595	2	NaN	-0.4650502649628433	2	NaN	-0.06480437507543545	1	NaN	NaN	NaN	NaN	NaN	NaN	NaN	NaN	NaN	NaN	4.988960621827202e-10	1.4568283932621053e-11	2.995555508833748e-12	NaN	14.609250776671281	379.0085541914659	383.2501538069661	0.1	0	426.6053182024565	11.067444000652833	11.191303121241505	0.1	1	0.08771931662985001	2.1437379332559496	2.1677291542795207	0	0	NaN	NaN	NaN	NaN	9	295.3787295082941	295.6704206421639	95811.16362519271	1.1242024033937423	1011.6292815558704	0.025656758400673337	-0.030135257169592245	0.007773208960942867	1060.669125026683	2720.839820089443	0.006914421226531008	38.98315208396999	1660.17069506276	280.99103450693553	0.08287986820284662	0.43520252680008453	0.18868178586657924	0.4815299868172914	2.439937871968187e-13	3.414932564367915e-14	0.4815299868172914	4.064521218081306	252.78228405832792	79.21771594167208	23.068918598721606	NaN	0.3800864919400339	0.7581719437445049	-41.923123934083875	-0.06917423435714613	-5.406090579689151	0.25643732614654463	0	75.78345358012466	-11.500431455219033	26.014007265007418	64.77855629855529	98.79138563660453	138.55632303731966	207.5826201776772	0.15884796245099392	1.0224162219881843	107.7726532189936	1.0210446997284843	-18.803066607759185	1.090479670375337	0.8723286577132999	1.090479670375337	-0.4264639475605956	1.090479670375337	-0.09156862983965633	1.1559044921516661	NaN	NaN	800000009	800000009	800000009	800000019	800000019	800000019	899999999	899999999	89999	89999	89	89	2	9	0	18	0	4	2	NaN	0	0	0	0	0	0	0	0	0	NaN	NaN	NaN	NaN	0	1	0	0	0	0	0	0	11018	0	0	0	18000	18000	18000	18000	100	NaN	0.5507784703592973	0.8122040589272765	0.1533613582024359	0.3198812493685166	0.7130469166227269	0.4404799358451517	7.724513511003817e-7	NaN	0.09476384502700287	0.022631667517009946	-0.011064167368390025	-0.00009156862983965633	NaN	379.0090180859114	11.067016112777218	96216.28411024305	11.523395452287463	7.815539461268358	98.49351244566176	98.44124187257553	98.54578107876246	-0.10453864813720265	0.0002882760643260553	-1	0	2.133865286635027	93.40090478318534	1.0000845052384668	-327.4543711768331	9.000707041713927	-299.1514949883318	174
DATA	2025-09-01T153000_AIU-0547.ghg	2025-09-01	16:00:00	244.666	1	18000	18000	0.2692135313901002	1	NaN	67.21316066280606	1	NaN	41.532370018502554	1	NaN	-1.3023293101503572	1	NaN	0.9421020338714309	1	NaN	-0.008505366271822239	1	NaN	NaN	NaN	NaN	NaN	NaN	NaN	NaN	NaN	NaN	-1.41011815147052e-10	-4.025852653510413e-12	-8.424261527253287e-13	NaN	14.602241971701307	380.2623160267602	384.43590429893004	0.1	1	416.8904182083627	10.856395631882997	10.975550550941751	0.4	0	0.08723602708437175	2.1331210722322878	2.1565332503918526	-0.2	0	NaN	NaN	NaN	NaN	9	295.594848602295	295.8073092080975	95783.7541246509	1.123450728400769	1011.5163501584384	0.025675982229257665	0.06104821179486872	0.007619270448611858	1040.1452630193166	2743.539947118751	0.006782024574818587	37.912524806196856	1703.3946840994345	280.70454845066524	0.6182117450100952	0.3747579994505462	0.24395183102374363	0.762982185690099	2.5610585810512224e-14	-9.656860598552504e-15	0.762982185690099	5.748032377492038	300.7758892915929	31.224110708407107	18.64687752769062	NaN	0.4895211127154418	0.9551792824969219	-147.6704054922909	-0.019638328955163556	1.6183319332092723	0.12082476349504527	0	86.7943670705013	-13.171380057759809	29.79369755360293	74.19051954038292	113.14522343958869	158.6877846484691	237.74321810378657	0.2650301623381405	1.0157845017150249	68.72344073421155	1.0167904337569855	38.22286366245139	1.0865844690569926	-1.1985532162820272	1.0865844690569926	0.8670306457527847	1.0865844690569926	-0.031013201105234565	1.1502262203078402	NaN	NaN	800000009	800000009	800000009	800000019	800000019	800110019	899999999	899999999	89999	89999	89	89	3	11	2	34	8	22	2	NaN	0	0	0	0	0	0	0	0	0	NaN	NaN	NaN	NaN	0	7	0	0	0	0	0	0	3010	0	0	0	18000	18000	18000	18000	100	NaN	1.1584124171652634	0.5707282612165245	0.18121788661205565	0.16196168330589636	0.9446793037230844	0.41953615690359436	1.1908393570339426e-7	NaN	0.06047528972571017	-0.031111884611603993	0.022506265920392603	-0.000031013201105234566	NaN	380.2620116731407	10.85579480926684	96170.30130512154	11.510000228881836	7.526339052306277	98.4095649725596	98.35572387144302	98.4634052151574	-0.10768428362326482	0.00028964163814089255	-1	0	2.123552840133508	93.38081998207304	1.0000582866900496	-273.1499938964844	9.00061177608702	-273.1499938964844	001
DATA	2025-09-01T160000_AIU-0547.ghg	2025-09-01	16:30:00	244.687	1	18000	18000	0.2058620993541162	1	NaN	19.370922225577253	1	NaN	97.06129800601843	0	NaN	-0.9460536908379767	1	NaN	2.2025035102250294	0	NaN	0.014047394589199425	2	NaN	NaN	NaN	NaN	NaN	NaN	NaN	NaN	NaN	NaN	2.4602877414086643e-10	6.679793246993386e-12	1.4652939524666326e-12	NaN	14.64990819029305	381.0876894771005	385.0719147118484	0.1	1	397.7516781942049	10.346704297375988	10.454877826714192	0.2	0	0.08725167188426898	2.136753535964348	2.159093033128655	0	1	NaN	NaN	NaN	NaN	9	295.62569905598957	296.18584201848785	95772.11297791309	1.1220956759897398	1011.2453659496784	0.02571196368101021	0.1427222274625819	0.007251395379458475	991.1915382553959	2807.175235076057	0.0064623681693296	35.30921496707136	1815.9836968206612	280.0005465294064	0.13766674134594659	0.2176276576430683	0.19869779848966632	0.32526104004117923	-5.965387499251574e-14	1.6793878224020798e-14	0.32526104004117923	3.9127412124006895	274.3165963493579	57.6834036506421	37.65367930686982	NaN	0.4283248330341109	0.5384386449076674	-343.1886811127671	-0.008450162139954434	0.19957411062415556	0.03985571548100163	0	75.68308113817058	-11.485199549913142	25.979552653732156	64.69275944482558	98.66054002121054	138.37281020127912	207.30768450887146	0.19975931895462942	1.0305506668295805	24.471800952195686	1.0263880867013724	88.51292615277741	1.0965776663906257	-0.8627329552970953	1.0965776663906257	2.008524865798651	1.0965776663906257	0.0007185435071045463	1.1636427708826766	NaN	NaN	800000009	800000009	800000009	800000019	800000019	800000119	899999999	899999999	89999	89999	89	89	10	4	0	14	10	5	3	NaN	0	0	0	0	0	0	0	0	0	NaN	NaN	NaN	NaN	0	10	0	0	0	0	0	0	8149	0	0	0	18000	18000	18000	18000	100	NaN	0.3896546308496101	0.4918172615415147	0.19540539742420987	0.09048307623168261	0.5432452353364801	0.3546834819006568	1.0212923270616864e-7	NaN	0.021566491485981467	-0.022414537210660574	0.05218318723837033	7.185435071045462e-7	NaN	381.0882051113725	10.34633507499671	96158.15957682292	11.56971033011543	6.8242416990068095	98.40059972805446	98.34647028668721	98.45472933917577	-0.10825780592569051	0.0002890185176543633	-1	0	2.127790124111706	93.88042167463468	1.0000644648969172	-273.1499938964844	9.000631203651428	-273.1499938964844	082
DATA	2025-09-01T163000_AIU-0547.ghg	2025-09-01	17:00:00	244.708	1	18000	18000	0.15174383774168712	0	NaN	58.62878025263587	0	NaN	71.53856522935726	0	NaN	-1.2064293601977099	0	NaN	1.624203163697604	0	NaN	-0.010272597415166276	0	NaN	NaN	NaN	NaN	NaN	NaN	NaN	NaN	NaN	NaN	-5.079173478761293e-10	-1.3917106230029095e-11	-3.018239630553362e-12	NaN	14.61951283448448	381.51729188705144	385.5476926367736	0.1	1	400.57957067143593	10.453702166282415	10.564136502927976	0.2	0	0.08687475078560578	2.1329328242487096	2.1554654177556487	-0.1	0	NaN	NaN	NaN	NaN	9	295.77522354634596	296.7312503744113	95760.87459563573	1.1198562839536057	1011.3189363279309	0.025762333792691668	0.10524836500760473	0.0073120594500429206	1001.3241847898372	2901.1297362962955	0.0065294623558551645	34.514974365406005	1899.8055515064584	280.14874320773595	0.2847391271663119	0.36594687421084804	0.18359823164047842	0.49870010622170297	3.984314222762094e-14	-3.474242634666012e-14	0.49870010622170297	3.723615487647723	279.8860817573186	52.11391824268141	21.601789036840973	NaN	0.3681072627195711	0.6833409781301443	-71.97030692136687	-0.04029439534235243	0.8195409016754559	0.14063261174342892	0	75.31613241518056	-11.429513665502174	25.853591031573377	64.37909719550939	98.18218530010459	137.70191090336075	206.30255510673115	0.14850471243730873	1.0218115994517398	61.74418177192929	1.0206510542158507	65.628009009118	1.0900614891336728	-1.10675349255437	1.0900614891336728	1.4900105910433001	1.0900614891336728	-0.03171661351801658	1.1553512331980111	NaN	NaN	800000009	800000009	800000009	800000019	800001019	800001119	899999999	899999999	89999	89999	89	89	8	8	1	20	10	4	2	NaN	0	0	0	0	0	0	0	0	0	NaN	NaN	NaN	NaN	0	3	0	0	0	0	0	0	6015	0	0	0	18000	18000	18000	18000	100	NaN	0.6875079714126323	0.5330855607363139	0.14608842411134218	0.14393145318364242	0.7896336832470608	0.6982290465774764	8.73844061520446e-8	NaN	0.05451871477481998	-0.028813845052615673	0.03879177665659712	-0.00003171661351801658	NaN	381.5167633731456	10.452972683486369	96150.48585481771	11.600000381469727	6.954621232536089	98.33233038096958	98.27515032725864	98.38950880114237	-0.11435838609788973	0.0002902958554105781	-1	0	2.123746695880095	93.35580466192741	1.000042785404457	-273.1499938964844	9.000535647445254	-273.1499938964844	156
DATA	2025-09-01T170000_AIU-0547.ghg	2025-09-01	17:30:00	244.729	1	18000	18000	0.1651520372099932	1	NaN	43.03754160695	0	NaN	120.24813385915743	0	NaN	-1.0878498669006145	0	NaN	2.7299176332083372	0	NaN	-0.01305965417982638	1	NaN	NaN	NaN	NaN	NaN	NaN	NaN	NaN	NaN	NaN	-4.418707095499957e-10	-1.186004254702832e-11	-2.6348133665257217e-12	NaN	14.622348043484259	381.8692912222868	385.8238205904696	0.1	1	392.47152206534236	10.249572880520235	10.355714531339057	0.2	0	0.0871910204552818	2.139851348784958	2.162011038492476	0	0	NaN	NaN	NaN	NaN	9	295.87388827853727	296.6625525225904	95758.88486330296	1.1201791340776193	1011.2046660988896	0.025756904596306744	0.17689866263190024	0.007170788158218163	981.7509430411756	2889.1464173490685	0.006401465569275	33.98065730230382	1907.395474307893	279.86126354278105	0.7543152380855092	0.37275637339185996	0.24191069057330258	0.8754767698379738	4.132995853769445e-14	-3.021886144659879e-14	0.8754767698379738	6.492370343887065	305.7030180511292	26.296981948870826	16.04062146138951	NaN	0.3839708262132988	0.9917639883634752	-111.26701085833005	-0.026063430460016624	0.357906108192568	0.09895156872453693	0	74.95168814906503	-11.374207842084164	25.72848910841549	64.06757571826118	97.70709539147694	137.03559055136446	205.3042857999753	0.1628258093102361	1.0142866042527992	49.437783199110804	1.0158675678812659	110.71428940582877	1.0861121405781857	-1.0015999511077223	1.0861121405781857	2.513476768388834	1.0861121405781857	-0.03280040537377754	1.14917770438429	NaN	NaN	800000009	800000009	800000009	800000019	800001019	810011119	899999999	899999999	89999	89999	89	89	9	17	0	16	22	21	10	NaN	0	0	0	0	0	0	0	0	0	NaN	NaN	NaN	NaN	0	4	0	0	0	0	0	0	4472	0	0	0	18000	18000	18000	18000	100	NaN	0.9695339295075674	0.8531037081526215	0.16089033906676162	0.10173322888981633	0.8417868640389462	0.33279100459768457	5.492726435407067e-8	NaN	0.04364479370259388	-0.026065344696954207	0.06540998557696154	-0.00003280040537377754	NaN	381.8691796023512	10.249086194653577	96146.18088845487	11.550825193881987	6.686122428258258	98.31099054167007	98.25271795103285	98.36926135296292	-0.1165468491752525	0.00029016007973243384	-1	0	2.130818961249458	93.20031182776559	1.0000469602760342	-273.1499938964844	9.000528206348418	-273.1499938964844	127
DATA	2025-09-01T173000_AIU-0547.ghg	2025-09-01	18:00:00	244.749	1	18000	18000	0.04614161761588401	0	NaN	30.521021137030388	1	NaN	43.70922626939345	1	NaN	-0.9112688211927498	0	NaN	0.9912738800939365	1	NaN	0.00004343578396356862	1	NaN	NaN	NaN	NaN	NaN	NaN	NaN	NaN	NaN	NaN	1.5159431243489706e-10	4.317635834761597e-12	9.039597196114241e-13	NaN	14.701595505223077	382.65343756890303	386.86975696003583	0.1	1	418.72372757243994	10.89855000366015	11.018637171849742	0.3	0	0.0876658888930898	2.141614272801198	2.1652119434352493	0.6	0	NaN	NaN	NaN	NaN	9	295.18164889102496	295.5917473771839	95758.21551649306	1.1239522594061615	1011.5339494157834	0.025664114294930932	0.06423454743008708	0.007652392448614374	1043.905641614122	2707.8678864899575	0.006808467516812061	38.55083354776487	1663.9622448758355	280.75740928453405	0.43474211521807365	0.8024851478912135	0.2606162737166974	0.949159607998674	5.0676766078944296e-14	1.0311419082441748e-14	0.949159607998674	3.8511753065933396	270.4463874509859	61.55361254901407	15.936737158070084	NaN	0.20261541131605235	0.4101080438025177	-23.055247408143114	-0.12578481369823513	0.6982741114866668	0.1324946237259319	0	58.15953129190479	-8.82593325445432	19.96428505277087	49.713892599351304	75.81682297215364	106.33417223273247	159.30796662776405	0.0455272220679764	1.0134951248945139	32.67652429448984	1.0153930059072007	40.248085934572394	1.0859951536688603	-0.8391094731078442	1.0859951536688603	0.9127792851976152	1.0859951536688603	-0.012160278867866376	1.1487013520078568	NaN	NaN	800000009	800000009	800000009	800000009	800001019	800101019	899999999	899999999	89999	89999	89	89	5	19	0	22	41	6	6	NaN	0	0	0	0	0	0	0	0	0	NaN	NaN	NaN	NaN	0	0	0	0	0	0	0	0	3711	0	0	0	18000	18000	18000	18000	100	NaN	0.28282171608015333	0.452928792374837	0.08446557915004503	0.44891438619496127	5.504607928922296	0.672682150832189	5.201581923575353e-7	NaN	0.028741374112848373	-0.021772352142060775	0.02368386088134037	-0.000012160278867866376	NaN	382.6511546682336	10.89787781105425	96138.80945898438	11.553302488538954	7.565394452757334	98.36083718596565	98.30489375940958	98.41677934498257	-0.1118854471331253	0.00028912327238746617	-1	0	2.131976967963907	93.41718518331315	1.0000495238916742	-285.8277444288457	9.000560082594554	-273.1499938964844	100
DATA	2025-09-01T180000_AIU-0547.ghg	2025-09-01	18:30:00	244.77	1	18000	18000	0.03789340167998588	0	NaN	17.255154275658157	0	NaN	38.467994760522174	0	NaN	-0.1647471793048465	1	NaN	0.8711121563803405	0	NaN	0.01303825600812513	2	NaN	NaN	NaN	NaN	NaN	NaN	NaN	NaN	NaN	NaN	-8.379433933432976e-11	-2.5156327433208686e-12	-4.957286530359073e-13	NaN	14.859812110090454	383.26426951222015	387.72550617453044	0.1	1	446.1140239389002	11.506172772399804	11.640105841298807	0.1	1	0.08791088634651774	2.133135725642088	2.1579656512624177	0	1	NaN	NaN	NaN	NaN	9	294.69656447177454	294.0547980465359	95765.99263867187	1.1296579465523309	1011.8306285648223	0.025528598655924765	0.05644806773344606	0.008121920035868422	1102.1956300466513	2465.062440619834	0.007189716197417267	44.71268605145381	1362.8668105731826	281.55604054834754	0.6621085265775534	0.6073530598415824	0.2587519881941784	0.9349962736075756	-3.712431443534556e-15	-5.63899050092496e-15	0.9349962736075756	2.9996530084712294	289.4697980555809	42.53020194441914	16.065805062584236	NaN	0.1831505874157391	0.3487054062773118	-30.123806858391603	-0.09626937304546372	0.4485587144086408	0.08242439108191268	1	8.586900342832317	4	7	13	20	36	97	0.03738357636358502	1.0136376817306725	19.260889551511585	1.015477553683783	35.42146379017834	1.0860080483514225	-0.15169977750619376	1.0860080483514225	0.8021231129020661	1.0860080483514225	0.004184929464813215	1.1487822678040593	NaN	NaN	800000009	800000009	800000009	800000009	800000019	800101019	899999999	899999999	89999	89999	89	89	1	5	2	34	12	4	3	NaN	0	0	0	0	0	0	0	0	0	NaN	NaN	NaN	NaN	0	0	0	0	0	0	0	0	9813	0	0	0	18000	18000	18000	18000	100	NaN	0.35503293767751476	0.2730503231627465	0.0693275517143622	0.6648167815170769	8.660880660886638	0.9879269384709489	2.2875484081234995e-7	NaN	0.016850840102382605	-0.003917773405688943	0.02071549906978497	0.000004184929464813216	NaN	383.2598998570734	11.505211250537851	96146.20378559027	11.5600004196167	8.35199701529073	98.5645157585144	98.51438170644971	98.61464592848884	-0.10026737391948697	0.00028690092617115527	-1	0	2.122930690798494	93.96535434748768	1.0000806557365038	-300.5646200476723	9.00079078233242	-283.64749433729685	192
DATA	2025-09-01T183000_AIU-0547.ghg	2025-09-01	19:00:00	244.791	0	18000	18000	0.021587443512218238	0	NaN	6.005875494947259	1	NaN	58.98433779079998	0	NaN	1.7907546499618205	1	NaN	1.3336239946410569	0	NaN	0.0046232522874550454	2	NaN	NaN	NaN	NaN	NaN	NaN	NaN	NaN	NaN	NaN	1.5723838168850424e-11	5.389815535125141e-13	9.27549465286738e-14	NaN	15.018588421252979	385.2024907832473	390.3567483220201	0.3	0	514.807010344841	13.203966784047834	13.380644367829815	0.1	1	0.08859467713863693	2.1354809335707916	2.1640550444971836	-0.1	0	NaN	NaN	NaN	NaN	9	293.22086458079013	292.4396960313586	95763.01217209201	1.13512913782284	1012.7347357703427	0.02538917247543803	0.08641883485274048	0.009371533702229847	1264.7908076255972	2230.6390688033443	0.008255918547033602	56.700827368907824	965.8482611777472	283.601699437026	0.614509561158151	0.49393394776656907	0.2615595303577643	0.830666078175868	-2.5993951764035087e-14	1.046958457600412e-15	0.830666078175868	2.281388531835216	293.20817967982197	38.79182032017805	18.353525739021006	NaN	0.13790435177103383	0.1095737089304004	-36.95382995917573	-0.07847630416667874	0.10182152957702645	0.03788413501525356	1	11.317535990461996	5	9	17	27	48	131	0.021271861632259033	1.0148356493387782	9.299835466141142	1.0162028041360243	54.30071966944857	1.0862533342074023	1.6485607855634026	1.0862533342074023	1.2277283324650519	1.0862533342074023	-0.0013685158255857092	1.1495427350077236	NaN	NaN	800000009	800000009	800000009	800000009	800000019	800001019	899999999	899999999	89999	89999	89	89	11	11	0	15	20	0	9	NaN	0	0	0	0	0	0	0	0	0	NaN	NaN	NaN	NaN	0	0	0	0	0	0	0	0	15747	0	0	0	18000	18000	18000	18000	100	NaN	0.09470109884160025	0.09953901774987849	0.024907301269322085	0.08263852267437205	4.2163470517233606	0.4506936080481008	9.226118467307782e-8	NaN	0.008089734845815216	0.04241580118012998	0.03158820791388246	-0.0000013685158255857093	NaN	385.2008349624974	13.20352898616855	96142.28894943577	11.586540394306184	10.427556218730146	98.693543671502	98.64276933542888	98.74432092200385	-0.10155422162988927	0.000284886755421111	-1	0	2.1237278305245777	93.331244941665	1.0000926711840763	-283.48599433051356	9.000862065792084	-273.1499938964844	062
DATA	2025-09-01T190000_AIU-0547.ghg	2025-09-01	19:30:00	244.812	0	18000	18000	0.027629982128133446	1	NaN	36.8410680663448	1	NaN	53.39703277341666	0	NaN	1.2643818753899467	0	NaN	1.2055701892464343	0	NaN	0.012653602416124043	0	NaN	NaN	NaN	NaN	NaN	NaN	NaN	NaN	NaN	NaN	-1.6582290977916452e-11	-5.985233885451802e-13	-9.816102687898982e-14	NaN	15.064865226391978	384.42260735160204	389.8316778461365	0.1	1	543.7532241645367	13.87540008144063	14.070635782320561	0.1	1	0.08917842790152447	2.135682809354553	2.165733224311544	-0.1	0	NaN	NaN	NaN	NaN	9	291.884681283739	290.9570429687499	95757.37480121528	1.140555241381797	1013.0764768538953	0.025261937895267844	0.07812094826316894	0.00989768539485072	1329.0282882836257	2032.864668337073	0.008677953540294594	65.37711580037443	703.8363800534473	284.34644344710233	0.8642176876816352	-0.07430656612716281	0.2639508837983053	0.9066773111362787	-4.1485953076482846e-14	-1.100726141835382e-15	0.9066773111362787	2.0550631335297576	336.91427970598653	355.0857202940134	16.924953639885565	NaN	0.15564391261919888	0.19693390026806887	-8.66130863955683	-0.3348223831622265	0.6899459792583432	0.20485261713344402	1	9.212086441194453	4	7	13	19	32	79	0.02725022861711898	1.0139357917450975	39.464472028399975	1.0156559245123045	49.16643684421516	1.0860464211105278	1.1642061064913445	1.0860464211105278	1.1100540140942488	1.0860464211105278	-0.0031993170690192045	1.1489580158374397	NaN	NaN	800000009	800000009	800000009	800000009	800000009	800011109	899999999	899999999	89999	89999	89	89	16	0	0	45	23	1	0	NaN	0	0	0	0	0	0	0	0	0	NaN	NaN	NaN	NaN	0	0	0	0	0	0	0	0	16907	0	0	0	18000	18000	18000	18000	100	NaN	0.08286684022364138	0.27581321366344486	0.03518774664905148	0.2709272404161129	3.6575908861133626	0.3864371593723601	9.590828432226157e-8	NaN	0.034154484985932924	0.029824033762920636	0.02843679328807797	-0.0000031993170690192043	NaN	384.4216914952373	13.875023892378954	96134.24214171007	11.600000381469727	11.17555560657711	98.81135540262858	98.75882210816276	98.86388962088692	-0.10506950819595799	0.00028408073854451583	-1	0	2.123316059271494	93.77446687134503	1.0001075104723374	-297.73836992898873	9.000953262991375	-273.1499938964844	123
DATA	2025-09-01T193000_AIU-0547.ghg	2025-09-01	20:00:00	244.833	0	18000	18000	0.014268810493236674	0	NaN	30.293064181791447	0	NaN	17.15303435487938	0	NaN	-0.6159084659056869	0	NaN	0.38672069145050897	0	NaN	-0.006036879219517308	0	NaN	NaN	NaN	NaN	NaN	NaN	NaN	NaN	NaN	NaN	-1.3800411328908688e-10	-5.1464397960484996e-12	-8.085382940433435e-13	NaN	15.264169817865746	387.4231788124705	393.1026305838671	0.1	0	569.2303593860976	14.447758243085511	14.659555963598564	0.1	1	0.08942969546619318	2.127815931217897	2.1590087679418226	0.1	0	NaN	NaN	NaN	NaN	9	290.45890800221764	289.4779892129467	95759.05072939905	1.1461534186014823	1013.3662788777925	0.025133081249076646	0.02505950080599298	0.010358801828595565	1383.8747247247259	1851.0529298910444	0.00903788416147221	74.76148857646024	467.17820516631855	284.9576367789848	1.045083225079172	0.18984512957950198	0.29773301708600075	1.1031251379739422	-3.251375821390194e-14	-9.041049394482089e-15	1.1031251379739422	2.7686843111695847	321.70417576801105	10.29582423198897	15.658291670977977	NaN	0.11157644191211877	0.16901392821462966	-3.880867118019145	-0.74725568070473	1.7660469602670754	0.2337553150255579	1	16.154781958995812	7	13	21	32	51	115	0.01409704624900148	1.0121844137559923	30.961872783802484	1.014638888124702	15.792948335929891	1.0861198295605903	-0.5670722963918853	1.0861198295605903	0.3560571135203046	1.0861198295605903	-0.016023415891020864	1.1481040986626063	NaN	NaN	800000009	800000009	800000009	800000019	800000019	800010019	899999999	899999999	89999	89999	89	89	5	4	0	57	2	0	23	NaN	0	0	0	0	0	0	0	0	0	NaN	NaN	NaN	NaN	0	70	0	0	0	0	0	0	17505	0	0	0	18000	18000	18000	18000	100	NaN	0.1346100113917485	0.16387232839831747	0.0395455166391933	0.17114283972812724	1.8033706071280788	0.21947179265654818	1.9578523744586794e-7	NaN	0.02665741415459754	-0.014461262974685946	0.009080033684217224	-0.000016023415891020863	NaN	387.4226458447928	14.447542751343372	96137.1958391927	11.619683226744334	11.792955586062524	98.95441966798572	98.90368911149767	99.00515113533868	-0.10146334852567952	0.00028210769321109776	-1	0	2.1149895783036943	86.96677000254499	1.0001347339649995	-287.11975308656895	9.00104216588868	-273.1499938964844	007
DATA	2025-09-01T200000_AIU-0547.ghg	2025-09-01	20:30:00	244.854	0	18000	18000	0.021506107372946812	0	NaN	33.3351397056669	0	NaN	15.282540379485015	0	NaN	0.6342336211782321	2	NaN	0.3442003411053554	0	NaN	0.005269721802063616	1	NaN	NaN	NaN	NaN	NaN	NaN	NaN	NaN	NaN	NaN	-9.623075997858933e-11	-3.515831256152421e-12	-5.558666080015449e-13	NaN	15.501373871489875	391.76955188563454	397.45856117610083	0.1	1	566.3492087437996	14.313465216681262	14.521315561876635	0.1	1	0.08954201458271772	2.120123835352948	2.1509108225963645	0	0	NaN	NaN	NaN	NaN	9	289.42834150695796	288.4235364810812	95775.17309851813	1.1505960830263702	1013.2701722910566	0.02503731608855543	0.02230418210362703	0.010301769035931432	1371.2423313691675	1730.2999706173177	0.008953419178027333	79.24882128270224	359.0576392481503	284.81878014540007	1.115591237967872	0.44086200599863357	0.29069918864178484	1.2342646137845679	1.3051843663117968e-14	-6.207885880075245e-15	1.2342646137845679	2.9314826844053505	310.4369411452412	21.56305885475884	13.622524712958931	NaN	0.13671603646721392	0.2310227425336517	-6.488491484777202	-0.4469451808334427	2.181256445454274	0.20913882831893188	1	16.48550555672774	7	13	22	33	54	126	0.021265103799544022	1.0113332893022586	33.877465843419216	1.0141829886300642	14.065525523769525	1.0865246629895797	0.5837268520284981	1.0865246629895797	0.31679017773815266	1.0865246629895797	-0.006412310032996852	1.147917046097307	NaN	NaN	800000009	800000019	800000009	800000019	800000019	800010019	899999999	899999999	89999	89999	89	89	10	0	0	33	3	0	10	NaN	0	0	0	0	0	0	0	0	0	NaN	NaN	NaN	NaN	0	134	0	0	0	0	0	0	16911	0	0	0	18000	18000	18000	18000	100	NaN	0.1796301096959835	0.23516506853632524	0.047250306834994725	0.1353656193620103	4.007575148882933	0.09251873398318469	2.464096905595487e-7	NaN	0.02905780241621702	0.014827239813171411	0.008046784072820872	-0.0000064123100329968514	NaN	391.76964717152697	14.313371084499249	96156.55850954862	11.616697587754992	11.658648023340428	99.0679284761217	99.01808427810668	99.11777664862738	-0.09969488374640553	0.00028112987699892576	-1	0	2.113034324111209	77.06803690468516	1.0001698966291215	-273.1499938964844	9.00115709818734	-273.1499938964844	003
DATA	2025-09-01T203000_AIU-0547.ghg	2025-09-01	21:00:00	244.874	0	18000	18000	0.016984138522088812	0	NaN	34.13730680108682	0	NaN	10.661227915454806	0	NaN	-0.4807706463104509	2	NaN	0.24000323107780278	0	NaN	-0.0033109676755132904	0	NaN	NaN	NaN	NaN	NaN	NaN	NaN	NaN	NaN	NaN	-2.247593400364294e-12	-7.882812853672082e-14	-1.284532408763875e-14	NaN	15.778976275612086	397.8245090459874	403.4537358195246	0.1	1	553.4039963946398	13.952595486822528	14.150025062650085	0.1	1	0.09017915073008693	2.130079913927097	2.1602205980946128	0	0	NaN	NaN	NaN	NaN	9	288.91190897284616	287.93056506945254	95781.81690549289	1.1528041334406383	1013.0581740769923	0.02499278877064344	0.015552209373841618	0.010059932778520481	1336.7634227550707	1676.2586807976656	0.008726489163858035	79.74684564311742	339.49525804259497	284.4339715504885	0.9215070076626178	0.27376193733482124	0.2735684152258397	0.999480085501366	2.6906921195571192e-15	-1.4244228276318307e-16	0.999480085501366	2.6106116989236603	315.4543321548923	16.54566784510763	15.885196307718543	NaN	0.12137912408295956	0.17202213432547633	-4.433845944855505	-0.6540597116065359	3.202005160362481	0.24082154929826158	1	13.086416280635476	6	10	17	26	42	97	0.016765818349322413	1.0130217427039714	34.3764470847393	1.0151150861381355	9.817089332719394	1.085986645748652	-0.44270401315940644	1.085986645748652	0.22100016792780225	1.085986645748652	-0.014325825573051086	1.1484534464433138	NaN	NaN	800000009	800000009	800000009	800000019	800000019	800000019	899999999	899999999	89999	89999	89	89	3	9	0	37	6	0	11	NaN	0	0	0	0	0	0	0	0	0	NaN	NaN	NaN	NaN	0	4	0	0	0	0	0	0	16515	0	0	0	18000	18000	18000	18000	100	NaN	0.12834369944382928	0.17330888140164788	0.042391687805475496	0.09991197387252124	4.569673066012633	0.08783581910352505	7.259220582384846e-8	NaN	0.029435477063718723	-0.011221012128150396	0.005601588173875925	-0.000014325825573051087	NaN	397.8246925913944	13.95250612502959	96168.76937239584	11.609999656677246	11.274675581720146	99.11834684795804	99.06743267080519	99.16926608403524	-0.1018266450533022	0.0002804218235154015	-1	0	2.1175840443483103	79.5485746414396	1.0001613791253832	-291.8436196814675	9.001060699515872	-273.1499938964844	013
DATA	2025-09-01T210000_AIU-0547.ghg	2025-09-01	21:30:00	244.895	0	18000	18000	0.047342325985714966	0	NaN	44.586644003604604	0	NaN	1.0326206716050361	0	NaN	-0.9257226964944602	2	NaN	0.023238255988976747	0	NaN	-0.008306089168914616	0	NaN	NaN	NaN	NaN	NaN	NaN	NaN	NaN	NaN	NaN	-1.317297427568818e-10	-4.450231126339264e-12	-7.45973349071692e-13	NaN	15.950732967507854	401.6146660407869	407.1386269268918	0.1	1	538.8642447358075	13.567764198155533	13.754380387950986	0.1	1	0.09032752545399218	2.1297949889985275	2.1590889994255655	0.1	0	NaN	NaN	NaN	NaN	9	288.52365592617457	287.57809787430114	95793.36712645466	1.1545251102664205	1012.8356651011459	0.024959184309397274	0.0015058389880856931	0.009795637229530195	1300.0504481729945	1638.5340865140245	0.008484559705479022	79.34228887107544	338.48363834103	284.0145017061394	0.8768012038222693	0.4175971107150922	0.2851849600754652	1.0121749647936606	4.396928168678879e-14	-8.258538527678911e-15	1.0121749647936606	3.0217372270572804	306.5327810226801	25.467218977319867	16.364953124036834	NaN	0.20249910322151968	0.27427047166738583	-15.763327702701002	-0.18397130699142245	43.178143949318894	0.1882952270446646	0	73.04794108332409	-11.085306880154791	25.074994345913538	62.4402813597912	95.22536881870576	133.55493374620494	200.089627647134	0.046738940473272365	1.012909695990812	44.174168597210524	1.0150502368278964	0.9508534002282805	1.0859935625798098	-0.852420058821876	1.0859935625798098	0.021398152613145868	1.0859935625798098	-0.02156509344626582	1.1483991022817013	NaN	NaN	800000009	800000009	800000009	800000019	800000019	800000019	899999999	899999999	89999	89999	89	89	7	0	0	28	8	0	4	NaN	0	0	0	0	0	0	0	0	0	NaN	NaN	NaN	NaN	0	19	0	0	0	0	0	0	16217	0	0	0	18000	18000	18000	18000	100	NaN	0.23446172995724696	0.2663577978249561	0.04772141555256859	0.12997890790047176	1.687074335674107	0.05684247154956116	1.399662539505255e-7	NaN	0.03777687382170219	-0.021568423132668397	0.0005414283779943117	-0.00002156509344626582	NaN	401.614489802215	13.567704297071087	96182.12076215277	11.609999656677246	10.856492205142972	99.17436941846212	99.1255282084147	99.22321386697557	-0.09768436435051268	0.000279518921060824	-1	0	2.118032774192316	80.86910225017432	1.0001315319140751	-314.87755814870457	9.00086525191201	-273.1499938964844	209
DATA	2025-09-01T213000_AIU-0547.ghg	2025-09-01	22:00:00	244.916	0	18000	18000	0.06535151234103877	0	NaN	59.75640207318492	0	NaN	12.283544548959581	1	NaN	3.537979785278232	0	NaN	0.2763347262491241	1	NaN	-0.0058032227120531675	0	NaN	NaN	NaN	NaN	NaN	NaN	NaN	NaN	NaN	NaN	-4.105651094135814e-11	-1.380432401042338e-12	-2.309039081093091e-13	NaN	16.061827680733355	403.92071773409134	409.4818586528258	0.1	1	540.0426593022513	13.580921355173764	13.767902151519277	0.1	1	0.09033253673593647	2.126400355033723	2.1556764270567834	0	0	NaN	NaN	NaN	NaN	9	288.1655638656616	287.2163728008961	95800.44606440321	1.1560587817128707	1012.836183718554	0.024925947858962363	0.01790649026094324	0.009818210661360037	1301.4073189137484	1600.5958915388417	0.008492829963899343	81.30767583456384	299.18857262509323	284.0301893812373	1.0653534681082857	0.5695671746943258	0.2919423636673057	1.2428254592674053	-1.6624384979050072e-15	-2.556154365334567e-15	1.2428254592674053	3.473051602996551	303.8698182472802	28.130181752719828	13.585854506761843	NaN	0.2377594911595881	0.2883203501484287	-19.038533285299753	-0.152322658292127	4.864752338790216	0.2146482998258233	0	74.04804266429468	-11.237076153483672	25.418296855419882	63.295153149167774	96.52910223667386	135.38343840225875	202.8290608190759	0.06462228849356441	1.0112844014731384	59.86363995281972	1.0141579161174177	11.304993584721053	1.0865591790835742	3.256131698470612	1.0865591790835742	0.2543209164936514	1.0865591790835742	-0.024673480078833306	1.1479133328414433	NaN	NaN	800000009	800000009	800000009	800000019	800000019	800001019	899999999	899999999	89999	89999	89	89	8	1	0	14	8	0	9	NaN	0	0	0	0	0	0	0	0	0	NaN	NaN	NaN	NaN	0	4	0	0	0	0	0	0	15319	0	0	0	18000	18000	18000	18000	100	NaN	0.2738548474994225	0.23919731696866484	0.06358853582877012	0.1533600978639379	2.0317950062360093	0.04344165188448142	8.383696208022304e-8	NaN	0.051126256545139866	0.08227990560576268	0.006426490983917293	-0.000024673480078833304	NaN	403.92008333976054	13.580874402626776	96189.34370507812	11.609999656677246	10.872676260365402	99.20740069961548	99.15894162347581	99.25586039119297	-0.09691810351320436	0.00027957427081613177	-1	0	2.1142274106646024	81.8136272171603	1.0001545939544836	-273.3922439066569	9.000973703013527	-273.1499938964844	121
DATA	2025-09-01T220000_AIU-0547.ghg	2025-09-01	22:30:00	244.937	0	18000	18000	0.05783298311666725	0	NaN	42.594503365458564	0	NaN	15.477354818186065	0	NaN	2.3959744551487994	0	NaN	0.3480705221517199	0	NaN	-0.0033550025344421886	0	NaN	NaN	NaN	NaN	NaN	NaN	NaN	NaN	NaN	NaN	4.415820441469262e-11	1.4502169043680763e-12	2.4890519782882457e-13	NaN	16.060919766433123	403.442015251591	408.85923551589843	0.1	1	527.4629630825949	13.249597401100605	13.427506455739838	0.1	1	0.09053009434520375	2.1274649106951316	2.1560314595178505	0	0	NaN	NaN	NaN	NaN	9	287.7816339560615	286.877784570482	95800.7518125	1.1575726718038355	1012.6441290771631	0.024896484169425703	0.022554969835431447	0.009590018720469835	1269.661874264981	1565.785729458147	0.008284593230354853	81.08784301568248	296.12385519316604	283.65932627665967	1.18783345823221	0.5936881702222584	0.26608598872737205	1.3543322049463433	-1.836353175231774e-14	2.749419401682215e-15	1.3543322049463433	3.588146169250446	305.44376922971196	26.55623077028809	11.330624395173912	NaN	0.22351859793299897	0.4093726544836527	-22.190398080244815	-0.1306871552963148	2.7520531683753573	0.1625678940639339	0	75.09314045328313	-11.39567377497574	25.777045107063547	64.18848702039212	97.89149275627138	137.29421047737367	205.69174557585788	0.05722029521840513	1.0107075277386028	43.05100088159953	1.0138755370776136	14.237572535908907	1.0870782065657802	2.204049755277489	1.0870782065657802	0.3201890352041178	1.0870782065657802	-0.017308786127051633	1.1479428896892738	NaN	NaN	800000009	800000009	800000009	800000009	800000019	800001019	899999999	899999999	89999	89999	89	89	1	0	1	32	7	0	5	NaN	0	0	0	0	0	0	0	0	0	NaN	NaN	NaN	NaN	0	0	0	0	0	0	0	0	15719	0	0	0	18000	18000	18000	18000	100	NaN	0.4964673272994546	0.2680137424165627	0.05426423925128805	0.1219506740972634	3.457289684916084	0.04657742335227126	1.0275460105347196e-7	NaN	0.03672638124693754	0.05561009890467913	0.008078648802396497	-0.000017308786127051633	NaN	403.4422068773652	13.249547968176223	96189.58546354166	11.570601916472118	10.501535076141332	99.25006585608588	99.20215178892347	99.29798087098864	-0.095830102389885	0.00027917496691548467	-1	0	2.115576363046472	82.65635402615864	1.0001596790651481	-273.1499938964844	9.001013417190975	-273.1499938964844	037
DATA	2025-09-01T223000_AIU-0547.ghg	2025-09-01	23:00:00	244.958	0	18000	18000	0.02674721239141384	0	NaN	44.992720158696585	0	NaN	8.684253722561646	0	NaN	0.1335987136833149	1	NaN	0.19527677694232115	0	NaN	0.00043495587783597877	0	NaN	NaN	NaN	NaN	NaN	NaN	NaN	NaN	NaN	NaN	-1.1484707882090164e-11	-3.760504020103282e-13	-6.495732031842361e-14	NaN	16.06512743378576	403.2829749939019	408.67955857726275	0.1	1	526.0297163712273	13.204926623068578	13.381630066189663	0.1	1	0.09086409853750634	2.134050673781536	2.1626077504405834	0	0	NaN	NaN	NaN	NaN	9	287.6461470023261	286.7521265945435	95800.53271766493	1.1580969445090772	1012.616748565535	0.024885635944563295	0.01265393514586241	0.009561852562450953	1265.3783383091954	1553.037139554818	0.008256521708123726	81.47766116346189	287.6588012456225	283.608660537185	1.1733167076713835	0.4317486951483922	0.2759031590831123	1.2803130810294863	-9.041916425123472e-15	-7.148843312588516e-16	1.2803130810294863	3.5182299647072233	311.7977547895571	20.202245210442925	12.444665336415218	NaN	0.1519731289802904	0.2675646019365939	-6.602839556972034	-0.4392049776429669	5.180954126409933	0.2524558408769441	1	15.025407898181365	7	12	20	31	50	116	0.026454145012359893	1.0110783160414756	45.03982565915426	1.0140540997941616	7.99126626437431	1.0867181038975924	0.12293778230449419	1.0867181038975924	0.1796940496729989	1.0867181038975924	-0.014171013085224341	1.1479076472015008	NaN	NaN	800000009	800000009	800000009	800000009	800000019	800001019	899999999	899999999	89999	89999	89	89	0	0	0	41	11	0	5	NaN	0	0	0	0	0	0	0	0	0	NaN	NaN	NaN	NaN	0	0	0	0	0	0	0	0	15421	0	0	0	18000	18000	18000	18000	100	NaN	0.28152583399085795	0.20552776392288882	0.048075605959441034	0.1404647631550651	1.3394068144529745	0.040911046110147224	9.680307601618956e-8	NaN	0.03840667219614193	0.003100335579741161	0.0045316569505793654	-0.000014171013085224341	NaN	403.28291242976627	13.204882302743364	96191.03053342014	11.57990658823649	10.451393206649358	99.27839443821377	99.23105381774903	99.32574016782972	-0.09468981575262217	0.0002792989227325759	-1	0	2.1221678695546258	81.21709558698865	1.000106115187208	-273.1499938964844	9.000737766663233	-273.1499938964844	221
DATA	2025-09-01T230000_AIU-0547.ghg	2025-09-01	23:30:00	244.979	0	18000	18000	0.039382013417108765	0	NaN	53.75706218960528	0	NaN	6.181694799805146	1	NaN	0.4384814297065755	0	NaN	0.13899108864704826	1	NaN	-0.005048621386439569	0	NaN	NaN	NaN	NaN	NaN	NaN	NaN	NaN	NaN	NaN	1.7317508704066043e-11	5.664810347078437e-13	9.801215709301329e-14	NaN	16.055264884280067	402.8831701718872	408.26363483768034	0	0	525.1911934665308	13.178897669718562	13.354900537288762	0.1	1	0.0908682172995544	2.133216288531784	2.16170517988965	0	0	NaN	NaN	NaN	NaN	9	287.5555622380574	286.65933679199213	95803.56542881945	1.1585199459278155	1012.6004380252507	0.024876795716536945	0.009006622544328727	0.009546395877644002	1262.9240603446078	1543.6818109498429	0.008240165317135433	81.81245975603728	280.75775060523506	283.5795631825754	1.2624465996457526	0.5895123373412465	0.31416806787623114	1.4282849112511589	-1.9887782896002125e-14	1.0786186854520138e-15	1.4282849112511589	2.96976328187667	306.9692967218347	25.030703278165294	12.706787192245493	NaN	0.1843729481792444	0.25532556451060034	-9.868150624222547	-0.2938747198367246	8.696168919775813	0.24854023242060524	1	14.531815243587642	6	12	20	30	50	122	0.03897744531095024	1.0103795439370387	53.59633562085509	1.01372793223368	5.684356575835078	1.087492439528568	0.4032041178113007	1.087492439528568	0.1278087861533101	1.087492439528568	-0.02179598164023469	1.1480364341801088	NaN	NaN	800000009	800000009	800000009	800000009	800000019	800001019	899999999	899999999	89999	89999	89	89	0	3	1	27	3	0	11	NaN	0	0	0	0	0	0	0	0	0	NaN	NaN	NaN	NaN	0	0	0	0	0	0	0	0	13897	0	0	0	18000	18000	18000	18000	100	NaN	0.26033634383721227	0.19608620532055793	0.05422857986343046	0.1476780295178636	1.1929493228020085	0.03260505779781007	1.6566872430908047e-7	NaN	0.045687087354554956	0.010164418230827268	0.0032219461524561808	-0.000021795981640234692	NaN	402.8829929504394	13.17886225587362	96194.18309418403	11.600000381469727	10.422596739345124	99.2893945596483	99.24181901465522	99.33697365760803	-0.09515749566712312	0.00027923181055424103	-1	0	2.121339263508717	80.66637059169341	1.0000909785214398	-273.1499938964844	9.000660010205374	-273.1499938964844	213
