DATAH	filename	date	time	DOY	daytime	file_records	used_records	Tau	qc_Tau	rand_err_Tau	H	qc_H	rand_err_H	LE	qc_LE	rand_err_LE	co2_flux	qc_co2_flux	rand_err_co2_flux	h2o_flux	qc_h2o_flux	rand_err_h2o_flux	ch4_flux	qc_ch4_flux	rand_err_ch4_flux	none_flux	qc_none_flux	rand_err_none_flux	H_strg	LE_strg	co2_strg	h2o_strg	ch4_strg	none_strg	co2_v-adv	h2o_v-adv	ch4_v-adv	none_v-adv	co2_molar_density	co2_mole_fraction	co2_mixing_ratio	co2_time_lag	co2_def_timelag	h2o_molar_density	h2o_mole_fraction	h2o_mixing_ratio	h2o_time_lag	h2o_def_timelag	ch4_molar_density	ch4_mole_fraction	ch4_mixing_ratio	ch4_time_lag	ch4_def_timelag	none_molar_density	none_mole_fraction	none_mixing_ratio	none_time_lag	none_def_timelag	sonic_temperature	air_temperature	air_pressure	air_density	air_heat_capacity	air_molar_volume	ET	water_vapor_density	e	es	specific_humidity	RH	VPD	Tdew	u_unrot	v_unrot	w_unrot	u_rot	v_rot	w_rot	wind_speed	max_wind_speed	wind_dir	yaw	pitch	roll	u*	TKE	L	(z-d)/L	bowen_ratio	T*	model	x_peak	x_offset	x_10%	x_30%	x_50%	x_70%	x_90%	un_Tau	Tau_scf	un_H	H_scf	un_LE	LE_scf	un_co2_flux	co2_scf	un_h2o_flux	h2o_scf	un_ch4_flux	ch4_scf	un_none_flux	un_none_scf	spikes_hf	amplitude_resolution_hf	drop_out_hf	absolute_limits_hf	skewness_kurtosis_hf	skewness_kurtosis_sf	discontinuities_hf	discontinuities_sf	timelag_hf	timelag_sf	attack_angle_hf	non_steady_wind_hf	u_spikes	v_spikes	w_spikes	ts_spikes	co2_spikes	h2o_spikes	ch4_spikes	none_spikes	head_detect_LI-7200	t_out_LI-7200	t_in_LI-7200	aux_in_LI-7200	delta_p_LI-7200	chopper_LI-7200	detector_LI-7200	pll_LI-7200	sync_LI-7200	chopper_LI-7500	detector_LI-7500	pll_LI-7500	sync_LI-7500	not_ready_LI-7700	no_signal_LI-7700	re_unlocked_LI-7700	bad_temp_LI-7700	laser_temp_unregulated_LI-7700	block_temp_unregulated_LI-7700	motor_spinning_LI-7700	pump_on_LI-7700	top_heater_on_LI-7700	bottom_heater_on_LI-7700	calibrating_LI-7700	motor_failure_LI-7700	bad_aux_tc1_LI-7700	bad_aux_tc2_LI-7700	bad_aux_tc3_LI-7700	box_connected_LI-7700	mean_value_RSSI_LI-7200	mean_value_LI-7500	u_var	v_var	w_var	ts_var	co2_var	h2o_var	ch4_var	none_var	w/ts_cov	w/co2_cov	w/h2o_cov	w/ch4_cov	w/none_cov	co2_mean	h2o_mean	air_p_mean	vin_sf_mean	dew_point_mean	avg_signal_strength_7200_mean	co2_signal_strength_7200_mean	h2o_signal_strength_7200_mean	delta_signal_strength_7200_mean	flowrate_mean	hit_power_mean	hit_vin_mean	ch4_mean	rssi_77_mean	ch4_aux-1_mean	ch4_aux-2_mean	ch4_aux-3_mean	ch4_aux-4_mean	CHK
DATAU		[yyyy-mm-dd]	[HH:MM]	[ddd.ddd]	[1=daytime]	[#]	[#]	[kg+1m-1s-2]	[#]	[kg+1m-1s-2]	[W+1m-2]	[#]	[W+1m-2]	[W+1m-2]	[#]	[W+1m-2]	[µmol+1s-1m-2]	[#]	[µmol+1s-1m-2]	[mmol+1s-1m-2]	[#]	[mmol+1s-1m-2]	[µmol+1s-1m-2]	[#]	[µmol+1s-1m-2]	[µmol+1s-1m-2]	[#]	[µmol+1s-1m-2]	[W+1m-2]	[W+1m-2]	[µmol+1s-1m-2]	[mmol+1s-1m-2]	[µmol+1s-1m-2]	[µmol+1s-1m-2]	[µmol+1s-1m-2]	[mmol+1s-1m-2]	[µmol+1s-1m-2]	[µmol+1s-1m-2]	[mmol+1m-3]	[µmol+1mol_a-1]	[µmol+1mol_d-1]	[s]	[1=default]	[mmol+1m-3]	[mmol+1mol_a-1]	[mmol+1mol_d-1]	[s]	[1=default]	[mmol+1m-3]	[µmol+1mol_a-1]	[µmol+1mol_d-1]	[s]	[1=default]	[mmol+1m-3]	[µmol+1mol_a-1]	[µmol+1mol_d-1]	[s]	[1=default]	[K]	[K]	[Pa]	[kg+1m-3]	[J+1kg-1K-1]	[m+3mol-1]	[mm]	[kg+1m-3]	[Pa]	[Pa]	[kg+1kg-1]	[%]	[Pa]	[K]	[m+1s-1]	[m+1s-1]	[m+1s-1]	[m+1s-1]	[m+1s-1]	[m+1s-1]	[m+1s-1]	[m+1s-1]	[deg_from_north]	[deg]	[deg]	[deg]	[m+1s-1]	[m+2s-2]	[m]	[#]	[#]	[K]	[0=KJ/1=KM/2=HS]	[m]	[m]	[m]	[m]	[m]	[m]	[m]	[kg+1m-1s-2]	[#]	[W+1m-2]	[#]	[W+1m-2]	[#]	[µmol+1s-1m-2]	[#]	[mmol+1s-1m-2]	[#]	[µmol+1s-1m-2]	[#]	[µmol+1s-1m-2]	[#]	8u/v/w/ts/co2/h2o/ch4/none	8u/v/w/ts/co2/h2o/ch4/none	8u/v/w/ts/co2/h2o/ch4/none	8u/v/w/ts/co2/h2o/ch4/none	8u/v/w/ts/co2/h2o/ch4/none	8u/v/w/ts/co2/h2o/ch4/none	8u/v/w/ts/co2/h2o/ch4/none	8u/v/w/ts/co2/h2o/ch4/none	8co2/h2o/ch4/none	8co2/h2o/ch4/none	8aa	8U	[#]	[#]	[#]	[#]	[#]	[#]	[#]	[#]	[#_flagged_recs]	[#_flagged_recs]	[#_flagged_recs]	[#_flagged_recs]	[#_flagged_recs]	[#_flagged_recs]	[#_flagged_recs]	[#_flagged_recs]	[#_flagged_recs]	[#_flagged_recs]	[#_flagged_recs]	[#_flagged_recs]	[#_flagged_recs]	[#_flagged_recs]	[#_flagged_recs]	[#_flagged_recs]	[#_flagged_recs]	[#_flagged_recs]	[#_flagged_recs]	[#_flagged_recs]	[#_flagged_recs]	[#_flagged_recs]	[#_flagged_recs]	[#_flagged_recs]	[#_flagged_recs]	[#_flagged_recs]	[#_flagged_recs]	[#_flagged_recs]	[#_flagged_recs]	[#]	[#]	[m+2s-2]	[m+2s-2]	[m+2s-2]	[K+2]	--	--	--	--	[m+1s-1K+1]	--	--	--	--	--	--	--	--	--	--	--	--	--	--	--	--	--	--	--	--	--	--	207
DATA	2025-08-18T123000_AIU-0547.ghg	2025-08-18	13:00:00	230.541	1	18000	18000	0.019531459887024205	2	NaN	28.811314469725826	2	NaN	84.76085138737609	2	NaN	-0.7280617247660688	2	NaN	1.9298878759343723	2	NaN	0.007716135280540921	2	NaN	NaN	NaN	NaN	NaN	NaN	NaN	NaN	NaN	NaN	3.0872646222496813e-11	1.7485251597607703e-12	1.749702923018955e-13	NaN	14.713503436469393	388.45060186578	397.1889838021531	0.1	1	833.3244504368448	22.000564700268157	22.49547791765907	0.7	0	0.08338857571554772	2.0851587736706176	2.132065416818538	0.6	0	NaN	NaN	NaN	NaN	9	301.1511349249946	299.66374959818523	95532.41303689237	1.1014025593177919	1017.8530477137078	0.026079152980226623	0.12505673436054732	0.015201804406459936	2102.330810748727	3454.853335934401	0.013802223608301696	60.8515212174739	1352.522525185674	291.4558172251531	1.3316176340682657	0.8260074510785725	0.26770977978215976	1.5897051169288403	-8.123803963895256e-15	2.0982525579852596e-15	1.5897051169288403	5.352071961524474	300.18851645373434	31.81148354626567	9.694930403168145	NaN	0.13316629363150864	1.1846974754652377	-6.93600277945704	-0.41810825229037984	0.3399129904683432	0.19299124050787209	1	24.456663189208903	11	19	32	49	79	183	0.01934222401951154	1.0097835630133212	33.658944597286435	1.0134948882240062	77.86563024060035	1.0885528201013708	-0.6688345400623449	1.0885528201013708	1.7728931846914444	1.0885528201013708	-0.006877455539232461	1.1484093777567244	NaN	NaN	800000009	800000009	800000009	800000009	800011019	800111119	899999999	899999999	89999	89999	89	89	2	9	1	19	12	7	2	NaN	0	0	0	0	0	0	0	0	0	NaN	NaN	NaN	NaN	0	0	0	0	0	0	0	0	1602	0	0	0	18000	18000	18000	18000	100	NaN	1.4999953608332854	0.6855046890375822	0.18389490105960798	0.07621873504304799	1.508096328814803	0.20072631417835235	2.343337957671466e-8	NaN	0.030024053932246626	-0.017835126393448298	0.04727592870444098	-0.000006877455539232461	NaN	388.4504646857823	22.000347301758957	95934.6962296007	11.619999885559082	18.2984544330173	97.95232410473292	97.82607749006482	98.0785741013421	-0.2524954413345289	0.0002939052938179682	-1	0	2.0664705081383383	93.50143156348332	1.0000283538831605	-273.1499938964844	9.000373314142227	-273.1499938964844	169
DATA	2025-08-18T130000_AIU-0547.ghg	2025-08-18	13:30:00	230.562	1	18000	18000	0.06001929225950838	0	NaN	0.8954886580599313	2	NaN	66.78986493002881	0	NaN	-1.286601145037107	1	NaN	1.5204394486006165	0	NaN	0.006334617009117508	2	NaN	NaN	NaN	NaN	NaN	NaN	NaN	NaN	NaN	NaN	1.9993953274324378e-10	1.1509538597030407e-11	1.134681073013891e-12	NaN	14.687355948435806	387.27589332561405	396.10652356561303	0.1	1	845.4790698842338	22.293574366078968	22.801910452439092	0.7	0	0.08335252452905037	2.082769883044137	2.1302610154103463	-0.4	0	NaN	NaN	NaN	NaN	9	301.0091279237535	299.47854951392276	95524.08662413195	1.1018645010007948	1018.015001811603	0.02606530717698323	0.09852447626931994	0.015412448977953148	2130.144564408947	3417.3420198792037	0.013987608243985011	62.33337348200938	1287.1974554702565	291.6654821731132	0.9937346301227502	0.46578242353898336	0.2523484781881475	1.1261179048515277	-7.76075869552753e-14	1.3613037870477783e-14	1.1261179048515277	4.24723098957351	306.886615593169	25.113384406831027	12.949201269802478	NaN	0.23338951376663303	0.4376806118705799	-1201.3425703060495	-0.0024139659008847133	0.013407553062101169	0.0034205534479338465	0	77.36740414606277	-11.740802064520535	26.55772623772699	66.13249341889603	100.85622517342328	141.45228984697724	211.92130617278974	0.05930640990509575	1.0120203255525568	4.859429680617128	1.014548288962753	61.49107253551536	1.086171734790494	-1.1845282875872967	1.086171734790494	1.39981496470619	1.086171734790494	0.0013494481858468711	1.1480525869447185	NaN	NaN	800000009	800000009	800000009	800000009	800001019	800011119	899999999	899999999	89999	89999	89	89	0	0	2	59	25	4	1	NaN	0	0	0	0	0	0	0	0	0	NaN	NaN	NaN	NaN	0	0	0	0	0	0	0	0	7546	0	0	0	18000	18000	18000	18000	100	NaN	0.5837918129556159	0.23665900256031955	0.0549104082252243	0.030185693744257055	0.6780793736688805	0.20618604044208563	1.3057586719105967e-8	NaN	0.004332144482518323	-0.031579297947700175	0.0373187996482088	0.000001349448185846871	NaN	387.2757952842881	22.29336473186916	95907.71809179688	11.600312595950232	18.505012729273915	98.08209041023255	97.95967615678575	98.2045000559489	-0.24482255377082335	0.00029311302068526856	-1	0	2.063849486496713	93.86811313735114	1.0000269506888257	-273.1499938964844	9.000350282245211	-273.1499938964844	218
DATA	2025-08-18T133000_AIU-0547.ghg	2025-08-18	14:00:00	230.583	1	18000	18000	0.0653664054525351	0	NaN	9.284548808690817	0	NaN	75.86189476415507	1	NaN	-1.5409328802017335	1	NaN	1.726950808845927	1	NaN	0.003367199979225234	1	NaN	NaN	NaN	NaN	NaN	NaN	NaN	NaN	NaN	NaN	-3.1023684433280236e-11	-1.8341026295830503e-12	-1.7626384325351815e-13	NaN	14.678279302225018	386.82435627207167	395.87761679118796	0.1	1	867.7715480204448	22.868836567467696	23.404060195084252	0.1	1	0.08339595922988803	2.0842958083513494	2.1330767929143666	0.3	0	NaN	NaN	NaN	NaN	9	300.96900922732885	299.4731438335842	95523.3578626302	1.1016342622174655	1018.3419273047301	0.02606503554254204	0.11190641241321607	0.015810315751688318	2185.0940304982187	3416.2524796818625	0.014351692112284103	63.96172541385773	1231.1584491836438	292.07273929596755	0.8745614188332749	0.5981044901271793	0.260043480153524	1.090967125074154	1.611659030999653e-14	-2.1135777426293755e-15	1.090967125074154	3.975907730947064	297.6321355870155	34.36786441298449	13.789796510203018	NaN	0.2435895114822339	0.42435083121595385	-131.74668212972438	-0.022011939527589126	0.12238751533369015	0.03397591485885545	0	76.18296255142222	-11.561058482928914	26.151145766762056	65.12005055840206	99.31218592986394	139.2867528537028	208.6769371443585	0.06457380677772787	1.0122743061677542	13.729346928675964	1.0146888026638734	69.84841407892952	1.0860933031125122	-1.4187849936886159	1.0860933031125122	1.5900575060143118	1.0860933031125122	-0.004427484644118682	1.1481352375665634	NaN	NaN	800000009	800000009	800000009	800000009	800100019	800101019	899999999	899999999	89999	89999	89	89	0	3	0	46	21	3	9	NaN	0	0	0	0	0	0	0	0	0	NaN	NaN	NaN	NaN	0	0	0	0	0	0	0	0	10608	0	0	0	18000	18000	18000	18000	100	NaN	0.5746441675813647	0.21189054157161155	0.06216695327893144	0.019995051247225525	1.6460602882840702	0.33714374425083465	1.9030473094361523e-8	NaN	0.0122382358894178	-0.037846416974327515	0.0424151507476293	-0.000004427484644118681	NaN	386.8238626019451	22.868507670823583	95911.98371050347	11.61981353844537	18.911589341693468	98.13392872703949	98.01290985765736	98.2549463182375	-0.2420255902277099	0.00029283924081634417	-1	0	2.0648667373842664	93.28237623301005	1.0000333294520776	-273.1499938964844	9.000365054978264	-273.1499938964844	141
DATA	2025-08-18T140000_AIU-0547.ghg	2025-08-18	14:30:00	230.604	1	18000	18000	0.2058206854286818	1	NaN	130.6977433051084	1	NaN	24.18535608280664	1	NaN	-4.423868767678335	1	NaN	0.5503994028905069	1	NaN	-0.008358153645881492	1	NaN	NaN	NaN	NaN	NaN	NaN	NaN	NaN	NaN	NaN	-2.7357608477390015e-11	-1.63302412117416e-12	-1.5555354959526956e-13	NaN	14.709441591965037	387.64089066406336	396.8229659928776	0.1	1	878.0326302474007	23.138971570962518	23.68706591578744	0.1	1	0.08363691051743369	2.087581868128692	2.1370305574436594	-0.1	0	NaN	NaN	NaN	NaN	9	300.7940163658989	299.1632780439588	95534.96858463541	1.10279570743395	1018.4886456410618	0.026034901465990426	0.035665881307304845	0.01601558874335027	2211.1738870441104	3354.3014103248474	0.014522715889615028	65.92054847062683	1143.127523280737	292.2628959026231	0.35559980516464945	0.24168589545946526	0.21509423519147403	0.4807585917170743	-3.3406481746859025e-14	-1.859867236043412e-15	0.4807585917170743	3.58718148131203	297.7977386495304	34.202261350469584	26.577371239179243	NaN	0.4320131600857175	0.7107934002036722	-52.215937804308375	-0.05553859840396697	5.404003267829551	0.26935178227779577	0	72.30726982204528	-10.972907158727718	24.82074587000425	61.80716670572304	94.25982902411747	132.20075045560444	198.0608143133104	0.2013025874040042	1.0224443117346027	130.38840570880282	1.021063007051551	22.178243663036735	1.0904991599093596	-4.056737437602464	1.0904991599093596	0.5047224455782755	1.0904991599093596	-0.04800496807558153	1.1559303479236438	NaN	NaN	800000009	800000009	800000009	800000009	800001019	800111119	899999999	899999999	89999	89999	89	89	4	12	2	21	31	3	4	NaN	0	0	0	0	0	0	0	0	0	NaN	NaN	NaN	NaN	0	0	0	0	0	0	0	0	4210	0	0	0	18000	18000	18000	18000	100	NaN	0.6728086786926383	0.5259725220112761	0.22280559970343028	0.28278949045205437	1.8221608182080689	0.37577533060117	7.371212546153773e-8	NaN	0.11608810353146903	-0.10811919757281199	0.013451742108594894	-0.00004800496807558153	NaN	387.6402725663953	23.138607956567167	95914.74815798612	11.65999984741211	19.09988206990561	98.16334489864774	98.0422341785431	98.2844586022695	-0.24222472787731214	0.00029322087619220827	-1	0	2.067885321388642	93.34407272278818	1.000028833804859	-273.1499938964844	9.000338100274403	-273.1499938964844	206
DATA	2025-08-18T143000_AIU-0547.ghg	2025-08-18	15:00:00	230.624	1	18000	18000	0.408988518210637	0	NaN	159.27906838922934	1	NaN	71.63329150526422	1	NaN	-10.276420486914779	1	NaN	1.630856699834709	1	NaN	-0.0145697436686431	1	NaN	NaN	NaN	NaN	NaN	NaN	NaN	NaN	NaN	NaN	-1.082599574060901e-10	-6.447212333603023e-12	-6.220716339440135e-13	NaN	14.574294318361515	384.8085666880589	393.8338723497674	0.1	1	867.9439040460492	22.91652977398817	23.454014393148302	0.6	0	0.08374523043821264	2.0940605860408605	2.1431747131659873	-0.1	0	NaN	NaN	NaN	NaN	9	300.9957597317166	299.5788012356229	95528.65391731772	1.1012867520553655	1018.3715296237043	0.026072786031599758	0.10567951414928914	0.015838578704335523	2189.772467531896	3437.603180069296	0.014381884350080025	63.700559745460616	1247.8307125374	292.10699721861045	0.5827176031632311	0.16812803585813355	0.2928612362507674	0.6734942799878028	-6.028635764947033e-14	-7.428144035056169e-15	0.6734942799878028	5.724711285144955	315.9058778304948	16.09412216950523	25.775017241770353	NaN	0.609404070179781	1.2599918085410637	-120.2552366299523	-0.02411537394353843	2.2235341283671732	0.2330487039797397	0	82.85177996594312	-12.573077254044708	28.44033498254429	70.82045538192446	108.00566295966804	151.47947799767272	226.94386121544406	0.40202506456341297	1.0173209440430937	161.91277736621186	1.0177585078240643	65.88207498286188	1.0872956190875658	-9.451358311862345	1.0872956190875658	1.4999202343915332	1.0872956190875658	-0.06544217105536243	1.1514328390467483	NaN	NaN	800000009	800000009	800000009	800000009	800010009	800010019	899999999	899999999	89999	89999	89	89	7	5	1	33	4	2	1	NaN	0	0	0	0	0	0	0	0	0	NaN	NaN	NaN	NaN	0	0	0	0	0	0	0	0	7776	0	0	0	18000	18000	18000	18000	100	NaN	1.2636042291787266	0.9409202217241038	0.315459166179297	0.3014142179536903	2.137004758568613	0.09758958212772452	5.3471421210547226e-8	NaN	0.1443691695348282	-0.2522044439522363	0.04002456961267031	-0.00006544217105536243	NaN	384.80850375290044	22.91642470225713	95939.71593229167	11.653365251117284	18.952699983596798	98.14807979689704	98.0264090838962	98.26974885304767	-0.24333897467619817	0.0002935003308812156	-1	0	2.074507252785895	92.5291655323241	1.0000386936416228	-273.1499938964844	9.000424989170499	-273.1499938964844	159
DATA	2025-08-18T150000_AIU-0547.ghg	2025-08-18	15:30:00	230.645	1	18000	18000	0.18156883427938791	0	NaN	54.435496985952504	0	NaN	44.66187767063965	1	NaN	-1.2495785860574926	0	NaN	1.017412549309984	1	NaN	-0.003887883354176037	0	NaN	NaN	NaN	NaN	NaN	NaN	NaN	NaN	NaN	NaN	3.389716078125587e-10	1.9959379457664788e-11	1.9603236344373124e-12	NaN	14.482115461934539	383.82110186063676	392.6961183334446	0.1	1	852.7381975138879	22.600214411266183	23.12279452532621	0.1	1	0.08375224520980809	2.0998396452841486	2.1483938059381877	0.3	0	NaN	NaN	NaN	NaN	9	301.4333789155748	300.1924875054772	95513.87589501501	1.0989979457975714	1018.2061471211156	0.026130238331693503	0.06592833319528696	0.015585616384329593	2159.213105217867	3563.9277513725137	0.014181661070365973	60.58520979799118	1404.7146461546467	291.8820557200206	0.5129689905224496	0.0794426624084281	0.1565948448211011	0.542190250071623	-1.7090767526172376e-14	2.3406221881294022e-14	0.542190250071623	4.1156904289474605	323.1966330456771	8.803366954322787	16.787264371998916	NaN	0.4064641175478522	0.8756500619936995	-104.3914633026293	-0.02778004932829558	1.2188358355058133	0.11968159948517915	0	71.5066772997204	-10.851414154759196	24.54592836422707	61.122832258958965	93.21617581389317	130.73701198890564	195.86786736212468	0.17793180903961092	1.0204405567470363	56.42361013859881	1.0197614041128555	41.00638854932423	1.0891443809278265	-1.1473029728097155	1.0891443809278265	0.9341392813717359	1.0891443809278265	-0.022615046560005635	1.1541135883247422	NaN	NaN	800000009	800000009	800000009	800000019	800000019	800010119	899999999	899999999	89999	89999	89	89	10	4	1	43	1	0	5	NaN	0	0	0	0	0	0	0	0	0	NaN	NaN	NaN	NaN	0	1	0	0	0	0	0	0	302	0	0	0	18000	18000	18000	18000	100	NaN	1.0672562724557482	0.48124523541596026	0.20279861611569083	0.10379216192368065	1.14775031936015	0.1541366463759206	2.1038462654038434e-8	NaN	0.05042295281534205	-0.030672695560526878	0.024973847769674304	-0.000022615046560005637	NaN	383.8211334023358	22.600056784266506	95899.2876736111	11.649999618530273	18.722775351100502	98.15774234729344	98.0361839925978	98.27930261060926	-0.2431175142431427	0.00029479059848947344	-1	0	2.0805423575705952	93.08082540048989	1.000021016917295	-273.1499938964844	9.000309774107404	-273.1499938964844	000
DATA	2025-08-18T153000_AIU-0547.ghg	2025-08-18	16:00:00	230.666	1	18000	18000	0.2560825245184391	1	NaN	58.269060043805666	0	NaN	-30.973178389257654	2	NaN	6.128818870820268	1	NaN	-0.705570261676229	2	NaN	-0.007277136132190272	0	NaN	NaN	NaN	NaN	NaN	NaN	NaN	NaN	NaN	NaN	-2.263821775453485e-10	-1.3796671772695831e-11	-1.3160581973787223e-12	NaN	14.372600255370166	380.4219419070628	389.4511709848545	0.1	1	875.9260574025733	23.184495902164933	23.734774688673287	0.1	1	0.08355418517846162	2.0952806242829047	2.145011637809802	-0.2	0	NaN	NaN	NaN	NaN	9	301.5552503560384	300.1791900516086	95497.43087434895	1.098612534537147	1018.5379595178442	0.02613358038262606	-0.04572095295661964	0.01598650537731223	2214.6536928758205	3561.148255225254	0.014551541034480784	62.18931462980433	1346.4945623494336	292.28811942011794	0.15611525096329143	-0.11687534323000091	0.1269987295815845	0.23272407428925723	3.7203943309484767e-14	-1.5750954839279222e-14	0.23272407428925723	3.258602379594872	8.820282180945128	323.1797178190549	33.07286538572583	NaN	0.4828004835368768	0.522937528449023	-163.43194160792135	-0.017744389324806507	-1.8812748020724592	0.10785705232046508	0	75.7755387559401	-11.499230350113441	26.01129036198821	64.77179082588532	98.78106786390715	138.5418522144066	207.56094024802425	0.24627101485234573	1.0398402941246494	55.03650455139743	1.0325535306273999	-28.054182856341253	1.1040484960073114	5.551222516931612	1.1040484960073114	-0.6390754248820213	1.1040484960073114	-0.02174452668527769	1.1728491280659132	NaN	NaN	800000009	800000009	800000009	800000009	800000009	800010019	899999999	899999999	89999	89999	89	89	5	13	2	23	5	0	0	NaN	0	0	0	0	0	0	0	0	0	NaN	NaN	NaN	NaN	0	0	0	0	0	0	0	0	5014	0	0	0	18000	18000	18000	18000	100	NaN	0.4583735715663995	0.33998742847801283	0.24751405685363362	0.07289823955568758	1.5471087161312072	0.2764928155113655	1.5840197871893945e-8	NaN	0.049184592149390714	0.14851754798060912	-0.017097840122360392	-0.00002174452668527769	NaN	380.42235717654745	23.18422368794222	95883.36198980035	11.590920144399007	19.127388356208833	98.17325671005248	98.05058828353881	98.29592369588217	-0.24533630610588514	0.00029382602379256337	-1	0	2.0755330535504553	93.34302926466201	1.0000110758956935	-273.1499938964844	9.000232633988063	-273.1499938964844	002
DATA	2025-08-18T160000_AIU-0547.ghg	2025-08-18	16:30:00	230.687	1	18000	18000	0.07622835936396967	0	NaN	40.08687581739684	0	NaN	65.2857625552749	0	NaN	-0.3602070738862515	1	NaN	1.4877750383299873	0	NaN	-0.0003727156574877377	0	NaN	NaN	NaN	NaN	NaN	NaN	NaN	NaN	NaN	NaN	1.2076537466937749e-11	7.266822551069699e-13	7.021616425354575e-14	NaN	14.375841954461563	381.7523743137674	390.7278661155138	0.1	1	865.0384498975502	22.971209837111715	23.51129267468362	0.3	0	0.08358492512617902	2.099600877694885	2.148965208430392	0.1	0	NaN	NaN	NaN	NaN	9	301.71853654479975	300.56796132914224	95485.62001128473	1.09714509027698	1018.4259123214564	0.02617066350090369	0.09640782248378317	0.015816993265870688	2194.0085754590004	3643.195008421276	0.01441650097698346	60.2221009412763	1449.1864329622754	292.1379608684316	0.5091503829786617	0.49816078712440937	0.2515626080454578	0.7554349926250358	1.462327148706016e-14	8.400577514132852e-16	0.7554349926250358	3.570689226232525	287.6250625426705	44.37493745732952	19.451186423031423	NaN	0.2635883759971193	0.5334837438289596	-38.65428269836853	-0.07502402832383691	0.614021713899058	0.13610762366345402	0	66.18534978365662	-10.04388217438357	22.719288825874443	56.574241533703436	86.27928795904879	121.00792813917622	181.29192688403344	0.07503527025967263	1.0159003772514998	43.609177970385645	1.0168629527037065	60.08088976927736	1.0866310869560236	-0.3314897560084522	1.0866310869560236	1.3691629626552344	1.0866310869560236	-0.0164666115398872	1.1503131650324125	NaN	NaN	800000009	800000009	800000009	800000009	800010019	800010019	899999999	899999999	89999	89999	89	89	0	15	0	34	1	3	1	NaN	0	0	0	0	0	0	0	0	0	NaN	NaN	NaN	NaN	0	0	0	0	0	0	0	0	2907	0	0	0	18000	18000	18000	18000	100	NaN	0.4272965224833709	0.5361960937301331	0.10347487144441506	0.09432841710356157	1.2098710284118226	0.24829670454847053	2.1944261338600397e-8	NaN	0.03902872785037926	-0.008879330535964238	0.03667458883014746	-0.0000164666115398872	NaN	381.75255853583144	22.97096481122939	95874.92277343749	11.61311560736762	18.978179034656964	98.21581847763062	98.09542694388496	98.33620886654325	-0.24078015226622415	0.0002955696596311303	-1	0	2.080008550961812	92.32933636936154	1.0000143324616884	-273.1499938964844	9.000212307903501	-273.1499938964844	205
DATA	2025-08-18T163000_AIU-0547.ghg	2025-08-18	17:00:00	230.708	1	18000	18000	0.20224506018348207	0	NaN	21.32487958365166	1	NaN	85.44472747395547	1	NaN	-3.0172545908366004	1	NaN	1.9472884320073187	1	NaN	0.0008636962460629258	1	NaN	NaN	NaN	NaN	NaN	NaN	NaN	NaN	NaN	NaN	-6.651602922230582e-10	-4.03959880908032e-11	-3.863032095898938e-12	NaN	14.407046825809264	382.39549166654695	391.487130465683	0.1	1	874.9573581037948	23.223340160176775	23.77548636756437	0.1	1	0.0836713871016169	2.1025979790450195	2.152588268632273	-0.1	0	NaN	NaN	NaN	NaN	9	301.67485684458416	300.63001242743604	95477.71591536459	1.096722349509967	1018.5707309159823	0.02617823331192075	0.12618429039407425	0.01598597551906128	2217.9062447500773	3656.441522992859	0.014576137275039638	60.65750623394857	1438.5352782427817	292.3116642826951	-0.35736869637070484	0.3377967824766471	0.15720466470293784	0.5162677193100702	8.851167100454578e-14	-4.6169093518282163e-14	0.5162677193100702	4.637461189205924	195.38730209899774	136.61269790100226	17.728218557963842	NaN	0.42942825329701073	0.6566311247000008	-314.1959877921963	-0.009229907804927186	0.2495751372154792	0.044453717657650646	0	80.16908162696929	-12.165967431188998	27.51945145476862	68.52732519091883	104.50849473056334	146.57464983127696	219.59553484547055	0.1980403317559308	1.0212316773571823	26.141970364679164	1.020274367871704	78.41354563353805	1.089667949377998	-2.7689669982116145	1.089667949377998	1.7870475433537953	1.089667949377998	-0.0109319731738964	1.1548243917691325	NaN	NaN	800000009	800000009	800000009	800000009	800001019	810001019	899999999	899999999	89999	89999	89	89	16	21	1	16	12	2	2	NaN	0	0	0	0	0	0	0	0	0	NaN	NaN	NaN	NaN	0	0	0	0	0	0	0	0	5811	0	0	0	18000	18000	18000	18000	100	NaN	0.6247767673305936	0.5184063561051755	0.17007912596423252	0.12302041991311444	1.2578106092559873	0.17706429150054537	4.173808483026353e-8	NaN	0.023401862959518037	-0.07421054308603292	0.04789431177709941	-0.0000109319731738964	NaN	382.395277738717	23.22313793793247	95858.73682725694	11.65999984741211	19.15137822768398	98.2516604768965	98.1305826341841	98.37273686493768	-0.2421550288606025	0.0002953016940640129	-1	0	2.08276655863391	92.41485596126958	1.0000156861080063	-273.1499938964844	9.000238925589455	-273.1499938964844	214
DATA	2025-08-18T170000_AIU-0547.ghg	2025-08-18	17:30:00	230.729	1	18000	18000	0.2139591818444437	1	NaN	25.181624168880617	1	NaN	79.66161132736995	1	NaN	-0.871788637680839	2	NaN	1.8157581466384518	1	NaN	0.0016332667322072358	1	NaN	NaN	NaN	NaN	NaN	NaN	NaN	NaN	NaN	NaN	1.17668327003378e-10	7.0581511518830016e-12	6.812491832981156e-13	NaN	14.447016749368728	383.3398808234581	392.3618673073118	0.1	1	866.5817769968176	22.994045129230994	23.535214923303588	0.1	1	0.08364203530589079	2.10311016407975	2.1526073137987507	-0.1	0	NaN	NaN	NaN	NaN	9	301.83029451497396	300.7811715291341	95476.36768988715	1.0962515895049154	1018.4440251232314	0.026191765780361736	0.11766112790217167	0.01581996050983618	2195.976797002395	3688.8862618100543	0.014430957876175784	59.52953387955307	1492.9094648076593	292.1523296692047	-0.7257275028440761	0.33916948258642854	0.20422433684270005	0.826694578463697	3.855745342986886e-14	8.14481834171886e-15	0.826694578463697	4.519114891636095	177.0490830875801	154.9509169124199	14.302259581076749	NaN	0.4417843694242313	0.4756583663109821	-289.6958407422932	-0.010010499262154658	0.31610739161923995	0.051053555272027124	0	86.39222508762525	-13.11035346038467	29.655655224177533	73.84677462184071	112.62099074981069	157.9525408471645	236.64168891047007	0.21082068099812237	1.0148870634107727	29.720300035381932	1.0162344503469942	73.33517287319467	1.0862674512967259	-0.8025543218110293	1.0862674512967259	1.6715571698948544	1.0862674512967259	-0.011086770244307941	1.149578129102227	NaN	NaN	800000009	800000009	800000009	800000009	800000009	800001009	899999999	899999999	89999	89999	89	89	12	11	1	5	11	0	0	NaN	0	0	0	0	0	0	0	0	0	NaN	NaN	NaN	NaN	0	0	0	0	0	0	0	0	6816	0	0	0	18000	18000	18000	18000	100	NaN	0.4980316302341786	0.3039640297263067	0.1493210726614788	0.10436391402466395	0.5758300437525058	0.2257207765002762	1.8556431370177955e-8	NaN	0.02661986132508507	-0.021515168276815863	0.04481171282393764	-0.000011086770244307941	NaN	383.33958050770076	22.993820348960313	95863.62931597223	11.63346431716283	18.99253608915536	98.26186546410455	98.13897765011258	98.38475450346205	-0.24577614455670124	0.0002954236247654383	-1	0	2.0834797536995677	93.16013475123205	1.0000039142552348	-273.1499938964844	9.000135630024804	-273.1499938964844	028
DATA	2025-08-18T173000_AIU-0547.ghg	2025-08-18	18:00:00	230.749	1	18000	18000	0.15468907750295632	1	NaN	33.10813219256789	0	NaN	41.162669794163634	0	NaN	0.6908629209171016	2	NaN	0.938758897163962	0	NaN	-0.00243930012569648	0	NaN	NaN	NaN	NaN	NaN	NaN	NaN	NaN	NaN	NaN	-1.245776729544468e-10	-7.488122792752762e-12	-7.207830945514428e-13	NaN	14.45469406523597	383.8729668542133	392.9396005896067	0.2	0	868.8436822201693	23.07386102543229	23.61883883018199	0.1	1	0.08363215391689705	2.1084055196721168	2.1582036098299184	0	0	NaN	NaN	NaN	NaN	9	301.7640845336914	301.3525304395888	95470.97724782987	1.09407803047019	1018.5033791949194	0.02624300086057506	0.06083157653622474	0.01584388100322155	2203.4749613085473	3813.7979563436716	0.014481490864424447	57.77639472598182	1610.3229950351242	292.2069660177218	-0.5235398119656826	0.41716564842093523	0.2163236988507296	0.7035034154998543	1.8546720069885006e-14	-8.61849253897807e-15	0.7035034154998543	4.987695479882804	190.54844787282397	141.45155212717603	17.90832504787796	NaN	0.3760154380525292	0.4444186257472339	-135.85382997827827	-0.021346472163969777	0.8043242179899183	0.0790165807831973	0	74.74618905075484	-11.343022561094998	25.65794791790691	63.89191817983672	97.43920656205493	136.6598726590776	204.74139193256562	0.15213863901639307	1.0167639102272266	35.24134196851201	1.0174056325440397	37.86754644652655	1.0870170807683615	0.6355584775436675	1.0870170807683615	0.8636100699543722	1.0870170807683615	-0.014765406374719365	1.15098355916554	NaN	NaN	800000009	800000009	800000009	800000009	800001009	810001009	899999999	899999999	89999	89999	89	89	26	23	2	9	18	0	2	NaN	0	0	0	0	0	0	0	0	0	NaN	NaN	NaN	NaN	0	0	0	0	0	0	0	0	8421	0	0	0	18000	18000	18000	18000	100	NaN	0.375544627074209	0.35793743221888136	0.15535519220137745	0.12936633921538204	1.9585354348558583	0.331058396768423	3.182419983174513e-8	NaN	0.03162581063298728	0.017073007546835446	0.0231991575328189	-0.000014765406374719365	NaN	383.87226774931116	23.07353804886242	95861.26664236111	11.619999885559082	19.046331211725903	98.27741597408719	98.15371178944906	98.40111742782592	-0.24740590003629537	0.0002950367080920841	-1	0	2.0886834881570606	92.08120449212869	1.0000107339372237	-273.1499938964844	9.000185751809013	-273.1499938964844	234
DATA	2025-08-18T180000_AIU-0547.ghg	2025-08-18	18:30:00	230.77	1	18000	18000	0.15172123162032214	1	NaN	12.584940028160247	1	NaN	31.13820896720175	0	NaN	3.5697705906266086	1	NaN	0.7090354730152061	0	NaN	0.008811416057390718	2	NaN	NaN	NaN	NaN	NaN	NaN	NaN	NaN	NaN	NaN	-2.293320933155941e-10	-1.4151722668176926e-11	-1.3194112221658672e-12	NaN	14.599347337609007	385.8799240892094	395.2926496633641	0.1	1	900.9027549140724	23.812043007049677	24.392887493101536	0.1	1	0.08399409971386193	2.1028495627904396	2.154144135590504	0	1	NaN	NaN	NaN	NaN	9	301.5310225270589	299.7527036810982	95461.50047699653	1.099498423699265	1018.8853933059494	0.0261062728529517	0.04594549865138535	0.016436395373479646	2273.743098835086	3472.9977161123647	0.014948994031459686	65.46917921329037	1199.2546172772786	292.7112130452348	-0.6044280145221179	0.36701434782819264	0.21583953781784	0.7393371777046964	3.9528873653408115e-15	-1.570837983454353e-14	0.7393371777046964	4.08736610798378	183.26651567416172	148.73348432583828	16.973929494739316	NaN	0.3714718205302388	0.3269453436572687	-344.6083395685166	-0.008415350608261785	0.40416390170083694	0.030241639274175384	0	76.72280904062201	-11.642982270406067	26.33645759709695	65.58150321780393	100.0159303513651	140.27376441116695	210.15566031449393	0.14930906862021612	1.016155502290632	14.325665508685825	1.0170227148884952	28.652898559383235	1.086738533718245	3.284847716232846	1.086738533718245	0.6524434820483096	1.086738533718245	0.002243292800995464	1.1505075905631	NaN	NaN	800000009	800000009	800000009	800000009	800001019	801101019	899999999	899999999	89999	89999	89	89	32	35	2	1	12	2	3	NaN	0	0	0	0	0	0	0	0	0	NaN	NaN	NaN	NaN	0	0	0	0	0	0	0	0	9545	0	0	0	18000	18000	18000	18000	100	NaN	0.2623033007594161	0.2495418576486503	0.14204552890647099	0.048487994802605745	1.4478174131734058	0.05239179646769124	2.22270693868894e-8	NaN	0.012787771258828025	0.08784752081505093	0.01744846255326997	0.000002243292800995464	NaN	385.87924421136313	23.811978513886253	95836.73957204861	11.600301485114628	19.551593537436595	98.3217532304128	98.20059131749471	98.44291435178121	-0.24232572312570302	0.0002935560734897282	-1	0	2.082480998549196	92.57788440976069	1.0000176048146354	-273.1499938964844	9.000256364080641	-273.1499938964844	169
DATA	2025-08-18T183000_AIU-0547.ghg	2025-08-18	19:00:00	230.791	0	18000	18000	0.11626430854673772	1	NaN	29.49699220321239	0	NaN	56.4736182627318	1	NaN	-3.1775334438798386	0	NaN	1.2853403580538465	1	NaN	0.0030941922759042486	0	NaN	NaN	NaN	NaN	NaN	NaN	NaN	NaN	NaN	NaN	-1.038080905861563e-10	-6.442450185761578e-12	-5.933256661686392e-13	NaN	14.744420248805705	387.80043513391445	397.3639293589907	0.1	1	915.0557768137279	24.067343607417136	24.660865121963603	0.1	1	0.08427322877239851	2.105447064175149	2.1573692102462063	0	1	NaN	NaN	NaN	NaN	9	301.2577999157377	299.2747676171196	95477.20163324653	1.101328136810963	1019.0203814116775	0.026060361797431607	0.08329005520188924	0.01664188481371128	2298.499001069287	3376.4776472302196	0.015110741528769067	68.07386990862456	1077.9786461609328	292.885611753663	-0.11501039126498969	0.4188133230155809	0.2765968624649079	0.5149153464014387	-2.5001203983277264e-14	-7.0404999880931046e-15	0.5149153464014387	3.4880677842579346	226.6445168976873	105.3554831023127	32.491167238236976	NaN	0.32491131747304675	0.3175558039544555	-98.39710443118858	-0.02947241198574129	0.5223145445716574	0.08089343717752567	0	72.77584122685386	-11.044014677167468	24.981591270326064	62.20769449500085	94.87065917455111	133.05744842677913	199.3443039849398	0.11384228040539626	1.0212752953710742	32.48822504204436	1.0203024919389632	51.8250492997336	1.089697337982505	-2.915977981338203	1.089697337982505	1.1795388620784926	1.089697337982505	-0.009609147346364042	1.154863582723969	NaN	NaN	800000009	800000009	800000009	800000009	800001019	800101019	899999999	899999999	89999	89999	89	89	23	8	3	6	40	2	3	NaN	0	0	0	0	0	0	0	0	0	NaN	NaN	NaN	NaN	0	0	0	0	0	0	0	0	17901	0	0	0	18000	18000	18000	18000	100	NaN	0.26844413611104107	0.2426597723672026	0.12400769943066738	0.06519975018400916	6.347089541181762	0.1789076328967306	7.290677668703205e-8	NaN	0.02894852096073852	-0.07786597095319919	0.031497473355619615	-0.000009609147346364042	NaN	387.79780615914626	24.067159489092727	95859.35336783854	11.596698083665636	19.725692695246796	98.34179439036052	98.2198065577613	98.46377971331279	-0.24397963880871726	0.0002921774976809198	-1	0	2.0848115255037936	92.43111240367978	1.000036137299405	-273.1499938964844	9.000406471119987	-273.1499938964844	128
DATA	2025-08-18T190000_AIU-0547.ghg	2025-08-18	19:30:00	230.812	0	18000	18000	0.09910078597034236	1	NaN	-1.4134106558042752	2	NaN	30.257048049298565	0	NaN	3.4071912615378617	2	NaN	0.6883955401219122	0	NaN	-0.018381355137628435	2	NaN	NaN	NaN	NaN	NaN	NaN	NaN	NaN	NaN	NaN	-2.116702237585144e-11	-1.2818913678381278e-12	-1.2016933144998964e-13	NaN	14.792367424680755	388.54036924222663	397.90315278289927	0.2	0	895.8372970409555	23.53030750118506	24.097324967629362	0.1	1	0.08397916685789814	2.0939776052549304	2.1444368640836964	0	0	NaN	NaN	NaN	NaN	9	300.9628304256864	298.89322197808156	95491.63322591146	1.1031267161229188	1018.7055163262897	0.02602320395596157	0.044608030999899906	0.01629377186429226	2247.5502134753397	3301.110368384888	0.014770535085541964	68.08467341778044	1053.5601549095481	292.5248698050701	-0.4750037512889819	0.33219333134447404	0.23255496327912814	0.6245500653063081	2.2415629587230682e-14	-1.4309421722810039e-15	0.6245500653063081	3.1939393161121954	186.96697384835653	145.03302615164344	21.860991390718638	NaN	0.29972698708620904	0.24155541980528628	1612.042043296693	0.0017989605246705473	-0.04671343527965351	-0.004196318585248882	0	70.72402448088091	-10.732643570006406	24.27726897812846	60.45383240091195	92.19590881901681	129.30607302175315	193.72406003811074	0.09731614669568588	1.0183385731479604	0.3981493136196801	1.018407517833283	27.813565875435188	1.0878521720230576	3.1320351690814516	1.0878521720230576	0.6328024687781947	1.0878521720230576	-0.018104045077969175	1.1522810995572057	NaN	NaN	800000009	800000009	800000009	800000009	800000009	811101009	899999999	899999999	89999	89999	89	89	17	41	7	5	28	0	2	NaN	0	0	0	0	0	0	0	0	0	NaN	NaN	NaN	NaN	0	0	0	0	0	0	0	0	18000	0	0	0	18000	18000	18000	18000	100	NaN	0.1922464449685301	0.17751444291783086	0.1133499517242116	0.08641004009273322	3.7615921299439434	0.1313366272531761	3.7481497511245776e-7	NaN	0.00035430061875442193	0.0834701962302363	0.016864480566923114	-0.000018104045077969174	NaN	388.54031965273003	23.53016847239259	95873.2754811198	11.59000015258789	19.3653915552563	98.35366205342612	98.2305394836002	98.47678372955322	-0.24624925200103065	0.0002918606464744598	-1	0	2.073910741580857	92.29903740969056	1.0000441098908583	-273.1499938964844	9.000450853347779	-273.1499938964844	024
DATA	2025-08-18T193000_AIU-0547.ghg	2025-08-18	20:00:00	230.833	0	18000	18000	0.11343265864621146	1	NaN	33.84306262048129	0	NaN	-1.9881547889599147	2	NaN	-3.5192946111705106	0	NaN	-0.04518445019908701	2	NaN	0.04329490203225998	2	NaN	NaN	NaN	NaN	NaN	NaN	NaN	NaN	NaN	NaN	-1.9234005004195483e-10	-1.1526206601313512e-11	-1.083839204358683e-12	NaN	15.033887430172532	393.3348233016865	402.8299513691315	0.1	1	900.9236116100665	23.571057800377318	24.140064659777785	0.1	1	0.08471619190689587	2.1015859235096683	2.1523183435912707	0	1	NaN	NaN	NaN	NaN	9	299.91643091752786	297.7724718271892	95528.07603819444	1.1076839956939593	1018.7047103851912	0.02591573528374437	-0.0029279523729008384	0.016389674620069006	2252.301795954288	3088.142342684067	0.014796345062113988	72.93387240682351	835.8405467297789	292.5588146798521	-0.2778084598869355	-0.26921401218018964	0.22165478806396682	0.44585263239167283	-3.91436386082411e-15	-1.2793766810833935e-14	0.44585263239167283	2.6862485355204546	107.90011854040495	224.09988145959508	29.811498351144394	NaN	0.3200082060471755	0.2618785246552322	-81.95813934393566	-0.03538391699975288	-17.02234796224593	0.09372260412757231	0	74.43765337306415	-11.296201081667173	25.55203760395594	63.62818652308044	97.03699914503395	136.09577103785162	203.89626491119526	0.11079468693099719	1.0238095506949463	33.25069875387407	1.021954307933661	-1.8215400493110463	1.0914691607861635	-3.2243646798372505	1.0914691607861635	-0.04139782581354983	1.0914691607861635	0.029037838273707064	1.157195881804237	NaN	NaN	800000009	800000009	800000009	800000009	800001019	810101019	899999999	899999999	89999	89999	89	89	11	0	4	10	28	0	3	NaN	0	0	0	0	0	0	0	0	0	NaN	NaN	NaN	NaN	0	0	0	0	0	0	0	0	16808	0	0	0	18000	18000	18000	18000	100	NaN	0.14523698757113454	0.2648286644633639	0.11369139727596596	0.10771972936665165	11.50269245453198	0.15413600612132503	2.626487030127942e-7	NaN	0.029467044647856728	-0.0855795224639554	-0.0010987610012985326	0.000029037838273707064	NaN	393.3316625301239	23.570899288245943	95906.22300716146	11.616537905057271	19.39839240868886	98.4210682741801	98.29937800958422	98.54275747129653	-0.2433801851744454	0.00029124614263936467	-1	0	2.081325310462052	92.77755027054431	1.0000404221183723	-273.1499938964844	9.000452062447867	-273.1499938964844	105
DATA	2025-08-18T200000_AIU-0547.ghg	2025-08-18	20:30:00	230.854	0	18000	18000	0.12320995962494273	1	NaN	48.096307681548204	0	NaN	39.306669210370714	0	NaN	-3.8633538863947017	1	NaN	0.8927656237716668	0	NaN	0.021482955096282428	2	NaN	NaN	NaN	NaN	NaN	NaN	NaN	NaN	NaN	NaN	-2.551143870805526e-11	-1.514256920380862e-12	-1.44043065070371e-13	NaN	15.14435813282632	394.99617111627646	404.4793480610778	0.1	1	898.9085002139649	23.445392181974672	24.008275619486472	0.1	1	0.0855083003722135	2.114956314970224	2.1657327691032027	0	1	NaN	NaN	NaN	NaN	9	299.2654569176568	297.1374588474723	95555.69824734186	1.1104254405270135	1018.6198137483874	0.025852993365852	0.057851212420404	0.016341859079113005	2240.9417683405377	2972.8775840463004	0.01471675493255727	75.37955078831247	731.9358157057627	292.4775549406314	-0.36394116776735386	-0.17307524707518027	0.21868375896682996	0.4585093250762435	-1.3720673334976582e-14	-1.6845506745352028e-15	0.4585093250762435	2.4833368398552156	126.56618749347115	205.43381250652888	28.486068615619363	NaN	0.333102740738253	0.2282203660191299	-65.05423283220391	-0.04457819074555911	1.2236169751279364	0.12765328882661314	0	79.4514175970853	-12.057059145888555	27.27310061688423	67.91387677220648	103.57294718575756	145.26253109744627	217.62974188285398	0.12040543275476162	1.0232923615323346	49.74427828056069	1.0216163012071768	36.024879548465535	1.091097866336793	-3.540795015359499	1.091097866336793	0.8182268990855984	1.091097866336793	0.002391502239256421	1.1567141365498708	NaN	NaN	800000009	800000009	800000009	800000019	800000019	801101019	899999999	899999999	89999	89999	89	89	3	11	1	5	13	0	6	NaN	0	0	0	0	0	0	0	0	0	NaN	NaN	NaN	NaN	0	1	0	0	0	0	0	0	16008	0	0	0	18000	18000	18000	18000	100	NaN	0.18517514547190994	0.16660351081159785	0.10466207575475199	0.12174299921734048	11.307155561556867	0.10080881574043679	5.515853054164302e-7	NaN	0.04397862140522428	-0.0937384748669578	0.021661615903403788	0.000002391502239256421	NaN	394.99532994498645	23.44528360312248	95935.83119422743	11.630000114440918	19.31813377179041	98.47549171405369	98.35291118240356	98.59807429292466	-0.24516086511852037	0.00029007423229955343	-1	0	2.0946375948852953	91.98090184768725	1.0000571315950817	-273.1499938964844	9.000591486506991	-273.1499938964844	093
DATA	2025-08-18T203000_AIU-0547.ghg	2025-08-18	21:00:00	230.874	0	18000	18000	0.08160390680466073	1	NaN	11.47661027166222	1	NaN	30.92609546453274	1	NaN	1.3666345742918664	2	NaN	0.7022071667823158	1	NaN	0.007382424191272447	2	NaN	NaN	NaN	NaN	NaN	NaN	NaN	NaN	NaN	NaN	-3.204622566404815e-12	-1.8931761302376803e-13	-1.8215205922542198e-14	NaN	15.147897568562554	394.42421750694757	403.8340222282246	0.1	0	894.883484898527	23.301168805334484	23.857066335211307	0.1	1	0.08610127020808356	2.126423393011535	2.1771536169553563	0	1	NaN	NaN	NaN	NaN	9	298.91572601403124	296.8263275883993	95589.86559201388	1.1120480305187435	1018.531147128566	0.025816691678412895	0.045503024407494055	0.016264170262276775	2227.9530587984073	2917.7861175501744	0.014625420679617529	76.35765505214744	689.8330587517671	292.3842013931802	-0.4936020073798456	0.006936388935724353	0.1856647278571723	0.5274110790940563	-6.050899311440374e-15	-2.115556004983545e-16	0.5274110790940563	2.280420976250866	152.8051013724148	179.19489862758545	20.611553224550597	NaN	0.2708904551859843	0.17821798177399478	-146.66183015220372	-0.019773379324330115	0.3710979384650755	0.03740434647650618	0	74.400493515914	-11.29056192998099	25.53928182748755	63.59642283609166	96.98855751820784	136.02783096745256	203.79447830543572	0.07993466107780985	1.0208826271900497	13.152638026310024	1.0200479043763075	28.387278625961976	1.0894350202434995	1.2544434031379037	1.0894350202434995	0.6445608537766351	1.0894350202434995	0.0012347359097690173	1.1545096346542933	NaN	NaN	800000009	800000009	800000009	800000009	800001019	800011019	899999999	899999999	89999	89999	89	89	5	14	0	22	28	0	4	NaN	0	0	0	0	0	0	0	0	0	NaN	NaN	NaN	NaN	0	0	0	0	0	0	0	0	17901	0	0	0	18000	18000	18000	18000	100	NaN	0.1432070089196824	0.13165811682872203	0.08157083779958513	0.045129871811176836	3.0472460990271566	0.04990478929261074	3.246611786710174e-8	NaN	0.011612213399274983	0.033158415657150754	0.017037529674428918	0.0000012347359097690173	NaN	394.4236817935604	23.301108048898556	95975.58520855034	11.659561517980364	19.226199941423204	98.48562763404846	98.36024244647555	98.61101301934984	-0.25077506650611775	0.000289136081963079	-1	0	2.1061094791822956	91.89822728245855	1.0000561049580574	-273.1499938964844	9.000630559656354	-273.1499938964844	078
DATA	2025-08-18T210000_AIU-0547.ghg	2025-08-18	21:30:00	230.895	0	18000	18000	0.2572645916111085	1	NaN	32.28934546492536	0	NaN	34.09733122773294	0	NaN	-1.840268856248211	1	NaN	0.7739817350353393	0	NaN	0.0038702766756550768	1	NaN	NaN	NaN	NaN	NaN	NaN	NaN	NaN	NaN	NaN	2.6205172934123775e-10	1.543643132002003e-11	1.4983009967922198e-12	NaN	15.167956761199763	394.69288890942016	404.08784963252896	0.1	1	893.4843643195463	23.249797616167804	23.803217608171394	0.1	1	0.08672396397359165	2.138711613591579	2.189619831531023	0	0	NaN	NaN	NaN	NaN	9	298.5795512229072	296.5179718906028	95613.36084339755	1.1134999128491672	1018.4956419045694	0.02578353481723372	0.05015401643028998	0.016249182402318745	2223.5875828915964	2864.06757177795	0.014592890591918558	77.63739950839367	640.4799888863536	292.3527183438498	-0.34433880532785793	0.13711929347054974	0.21404355857593882	0.4280018206320192	3.437202932153759e-14	1.7276666426922874e-14	0.4280018206320192	5.275215164424985	173.71296142658136	158.2870385734187	30.006592681991943	NaN	0.48066767265658633	0.5454037175344957	-291.26929625186483	-0.009956421900001185	0.9469757398098929	0.05923316850298264	0	69.2704153248085	-10.5120527725124	23.778291993573795	59.211309157323214	90.3009824740381	126.64841187959061	189.74239935788393	0.2510910259479073	1.0245869625961146	33.8124003460303	1.0224630033937658	31.223685768151462	1.0920341525635204	-1.68517518607658	1.0920341525635204	0.708752316233369	1.0920341525635204	-0.008537828101129982	1.1579242629226907	NaN	NaN	800000009	800000009	800000009	800000019	800001019	810011119	899999999	899999999	89999	89999	89	89	26	17	0	42	4	0	0	NaN	0	0	0	0	0	0	0	0	0	NaN	NaN	NaN	NaN	0	1	0	0	0	0	0	0	18000	0	0	0	18000	18000	18000	18000	100	NaN	0.3947151123681798	0.3890435200653406	0.30704880263547096	0.04082713133221753	0.6630295502075354	0.04722153869697275	5.634814746247657e-8	NaN	0.029814438874657886	-0.04448430151760909	0.018709242811741866	-0.000008537828101129982	NaN	394.6920385585175	23.249739246505115	95998.2689483507	11.66660444302029	19.194670215712655	98.51105959086948	98.38430856577557	98.63780514060127	-0.2534943399131299	0.0002891650597836512	-1	0	2.1183026221538035	91.04677461179094	1.0000649832752015	-273.1499938964844	9.000662019782595	-273.1499938964844	003
DATA	2025-08-18T213000_AIU-0547.ghg	2025-08-18	22:00:00	230.916	0	18000	18000	0.2761811360279086	1	NaN	51.89931890872311	1	NaN	58.872744986039095	1	NaN	-3.112811487706339	1	NaN	1.3355457792082868	1	NaN	-0.013779564047738337	1	NaN	NaN	NaN	NaN	NaN	NaN	NaN	NaN	NaN	NaN	-3.2928013689581675e-10	-1.912795209194579e-11	-1.8745185652083484e-12	NaN	15.311413025417146	397.84556534683287	407.2576697342288	0.1	1	889.443188317305	23.11093218585207	23.657683300279192	0.1	1	0.08716446806142589	2.1432649342598666	2.1939696173031797	-0.3	0	NaN	NaN	NaN	NaN	9	297.933232017517	295.8863761528863	95625.85223068576	1.1160816818797932	1018.4037774881319	0.025725253934476288	0.08654336649269698	0.016188722808542434	2210.5953959166154	2756.72679115645	0.01450496237988254	80.18913600753552	546.1313952398345	292.25869931262037	-0.7797133518774785	0.1462859604857192	0.1952054450992227	0.8169808193143899	3.112690489104753e-15	-2.150553553412787e-14	0.8169808193143899	5.0990803608196575	162.62602321781102	169.37397678218892	13.823701342345304	NaN	0.4974495195608741	0.6178483114521689	-200.87640811792588	-0.014436737629724717	0.8815508589081477	0.09179027289558189	0	80.69844242458996	-12.246299974514963	27.701163886500897	68.979814838869	105.19856999406862	147.54249020029465	221.04553608186532	0.27209556913291527	1.0150151908317095	54.9006250699537	1.0163131705969841	54.19528612511931	1.086307485306398	-2.86549759604055	1.086307485306398	1.2294362298641346	1.086307485306398	-0.03233389194591908	1.149667683981882	NaN	NaN	800000009	800000009	800000009	800000009	800000009	800110109	899999999	899999999	89999	89999	89	89	16	13	8	18	3	0	0	NaN	0	0	0	0	0	0	0	0	0	NaN	NaN	NaN	NaN	0	0	0	0	0	0	0	0	18000	0	0	0	18000	18000	18000	18000	100	NaN	0.5703164935223672	0.440877098611016	0.22450303077095446	0.06904670991805538	0.7799232066752573	0.040410655650183765	5.240616719868984e-8	NaN	0.048301576681661254	-0.07546007375080512	0.03237599944444223	-0.000032333891945919085	NaN	397.84524106913125	23.11088012940312	96008.75977387154	11.680000305175781	19.100332782109565	98.61898371251422	98.4898379389445	98.74813311301337	-0.2582942603660943	0.00028881762632065346	-1	0	2.1229113127655452	91.52999667587989	1.0000597828924656	-273.1499938964844	9.000668711980184	-273.1499938964844	054
DATA	2025-08-18T220000_AIU-0547.ghg	2025-08-18	22:30:00	230.937	0	18000	18000	0.14533248634163956	1	NaN	22.957684342886076	0	NaN	29.85383739728221	1	NaN	0.43884554949762	0	NaN	0.6769216184293101	1	NaN	0.009443963244136577	2	NaN	NaN	NaN	NaN	NaN	NaN	NaN	NaN	NaN	NaN	1.5162579111286807e-10	8.660509199508804e-12	8.62118732088337e-13	NaN	15.446196459206497	400.5667602328178	409.9460943874783	0	0	882.2504769838282	22.879432889035332	23.415158435035867	0.1	1	0.08782447372087171	2.154470438245631	2.204917704900754	0	1	NaN	NaN	NaN	NaN	9	297.384529141744	295.3960189938015	95630.10082552083	1.1180827731347922	1018.2618633097168	0.025681479792595312	0.04386452087421929	0.016053879723993268	2188.5493717813524	2675.8296423005786	0.014358400030601194	81.78956302687936	487.2802705192262	292.0980472821919	-0.7097831152271923	0.20781819649933017	0.17858440599961864	0.7608369493683199	-1.6622089931581815e-14	9.816383697650924e-15	0.7608369493683199	4.292087399890624	168.3195623847411	163.68043761525894	13.575176976865421	NaN	0.36053246150978563	0.35673228291438347	-172.87818325931877	-0.016774817650935022	0.7690027930873659	0.055930702202807506	0	80.67185020138002	-12.242264502049402	27.69203563679604	68.95708420642973	105.16390434538201	147.4938711351123	220.9726958626685	0.14306952420563843	1.0158172199744546	24.491163739024962	1.0168109005462538	27.474609921802504	1.086597315931014	0.4038713726451736	1.086597315931014	0.6229737626853171	1.086597315931014	-0.00045213965494425367	1.1502506353446758	NaN	NaN	800000009	800000009	800000009	800000009	800000119	801111119	899999999	899999999	89999	89999	89	89	1	17	1	7	0	0	2	NaN	0	0	0	0	0	0	0	0	0	NaN	NaN	NaN	NaN	0	0	0	0	0	0	0	0	17901	0	0	0	18000	18000	18000	18000	100	NaN	0.37701729583244686	0.2184231526280249	0.11802411736829518	0.03596329051651685	0.33815724520421203	0.04033195810776134	2.5274633584909617e-8	NaN	0.021511762140276385	0.010614943529158085	0.016373607437785792	-4.521396549442537e-7	NaN	400.5665545908611	22.879381220184033	96015.30871180556	11.673365708880956	18.940029366917074	98.60479038535225	98.48332348420885	98.72625092951456	-0.2429290161459811	0.00028833906064715443	-1	0	2.134186441189714	92.55774043099086	1.0000573569983244	-273.1499938964844	9.000635538154178	-273.1499938964844	148
DATA	2025-08-18T223000_AIU-0547.ghg	2025-08-18	23:00:00	230.958	0	18000	18000	0.41739934420983393	1	NaN	23.904453995196818	0	NaN	17.590629478957162	0	NaN	8.207744938496312	1	NaN	0.3987739619410476	0	NaN	0.014861294749962745	2	NaN	NaN	NaN	NaN	NaN	NaN	NaN	NaN	NaN	NaN	-5.131911425424273e-10	-2.890041934514844e-11	-2.920302059081656e-12	NaN	15.468971820120982	400.68828494329796	409.9384676479764	0	0	871.1369612206831	22.564807732612564	23.08573285587177	0.1	1	0.08802581828356619	2.1569177041512293	2.206711730061365	0	1	NaN	NaN	NaN	NaN	9	297.09521503533256	295.17531514570453	95653.43405881076	1.1193260898023158	1018.0777652606238	0.025656032052257915	0.025840552733779883	0.015848820327336005	2158.980316814378	2640.1009920294405	0.014159252135483651	81.7764291340527	481.1206752150624	291.88033152462623	0.510437330453836	-0.20544855674010812	0.2864945910109711	0.6203503272070687	3.3986699698047355e-14	-3.317551732009126e-14	0.6203503272070687	6.094797925876529	353.92454674015323	338.0754532598468	27.50506974345474	NaN	0.610657320693984	1.0607331466496512	-806.86014517855	-0.0035941792605932456	1.3589311299969444	0.03435133986466536	0	84.56402269461566	-12.832916693995491	29.02809250320214	72.28405471339113	110.23774428772359	154.6100037974955	231.63395932006827	0.40984472038495867	1.0184328928716695	24.66803668355702	1.018468033380787	16.169249990635297	1.0879063338834567	7.544532725714947	1.0879063338834567	0.3665517421132753	1.0879063338834567	0.004954376975106999	1.1523609602968556	NaN	NaN	800000009	800000009	800000009	800000009	800000019	800110019	899999999	899999999	89999	89999	89	89	4	9	0	35	29	0	9	NaN	0	0	0	0	0	0	0	0	0	NaN	NaN	NaN	NaN	0	0	0	0	0	0	0	0	18000	0	0	0	18000	18000	18000	18000	100	NaN	1.1749719699702064	0.6455278576089489	0.3009664657201473	0.04437514658196182	0.5732648862166945	0.05883672783535139	1.9453183779113687e-8	NaN	0.021646964572077352	0.19803253822568123	0.009621427134158058	0.000004954376975106999	NaN	400.6878403933276	22.564739184483145	96038.2436968316	11.670000076293945	18.72213006835515	98.63123390049405	98.50982574314541	98.75264611774021	-0.2428293264429603	0.0002880081513042873	-1	0	2.1368866036677803	89.17059773551074	1.0000795036951702	-273.1499938964844	9.00078074698978	-273.1499938964844	075
DATA	2025-08-18T230000_AIU-0547.ghg	2025-08-18	23:30:00	230.979	0	18000	18000	0.09154328973310077	1	NaN	18.119886285001474	0	NaN	12.00559032355047	1	NaN	0.1901622414270915	2	NaN	0.2720859664670548	1	NaN	0.004429292327977976	1	NaN	NaN	NaN	NaN	NaN	NaN	NaN	NaN	NaN	NaN	1.9574446894707286e-11	1.0878050603183077e-12	1.1101935263092424e-13	NaN	15.565641935807285	402.8032780561857	412.0264361636016	0.1	1	865.0249049669113	22.384869750817728	22.89742564143018	0.1	1	0.08828282608921875	2.160147726061896	2.209609547993903	0.2	0	NaN	NaN	NaN	NaN	9	296.7749273164537	294.88324384646944	95673.75487565104	1.1207496763799718	1017.969361674964	0.025625201943061754	0.01763117062706515	0.01574135340347347	2142.2190149401877	2593.460345538976	0.014045378495506806	82.6008008422041	451.2413305987884	291.7557549615724	0.19320628654799057	0.31239376491977744	0.2885479011418018	0.4670957340586227	-4.8914506371270746e-14	1.2575418974323266e-15	0.4670957340586227	3.479460924924862	273.73556296981417	58.26443703018584	38.15193686829779	NaN	0.2857978429221872	0.54946154863987	-109.1327719013907	-0.02657313609353163	1.5092874066722939	0.05557163724273274	0	63.90810476920151	-9.698301457772512	21.93758430395524	54.62768674627193	83.31066908798861	116.84439796270614	175.05419998514847	0.08948896599093661	1.022956168052855	18.565797655453814	1.0213967831067126	11.005628123268076	1.0908591666992886	0.17432336568475895	1.0908591666992886	0.2494235505123269	1.0908591666992886	-0.002371716562050521	1.156402917101939	NaN	NaN	800000009	800000009	800000009	800000009	800000019	800010019	899999999	899999999	89999	89999	89	89	18	11	0	26	8	0	5	NaN	0	0	0	0	0	0	0	0	0	NaN	NaN	NaN	NaN	0	0	0	0	0	0	0	0	17008	0	0	0	18000	18000	18000	18000	100	NaN	0.26218092580491703	0.7039675399671969	0.13277463150762614	0.044729082452788615	0.7132443611306951	0.05333997407446825	1.4946385300274358e-8	NaN	0.016273099642965003	0.004569383950525945	0.006537918563683793	-0.000002371716562050521	NaN	402.8028606256052	22.384806590130854	96060.97205078125	11.679849190606012	18.597962661319304	98.64351184272766	98.52078358289931	98.76624866040548	-0.24546607861998987	0.0002878436349241788	-1	0	2.1402106726291	91.72449662560332	1.000071083193024	-273.1499938964844	9.00077465809716	-273.1499938964844	166
