DATAH	filename	date	time	DOY	daytime	file_records	used_records	Tau	qc_Tau	rand_err_Tau	H	qc_H	rand_err_H	LE	qc_LE	rand_err_LE	co2_flux	qc_co2_flux	rand_err_co2_flux	h2o_flux	qc_h2o_flux	rand_err_h2o_flux	ch4_flux	qc_ch4_flux	rand_err_ch4_flux	none_flux	qc_none_flux	rand_err_none_flux	H_strg	LE_strg	co2_strg	h2o_strg	ch4_strg	none_strg	co2_v-adv	h2o_v-adv	ch4_v-adv	none_v-adv	co2_molar_density	co2_mole_fraction	co2_mixing_ratio	co2_time_lag	co2_def_timelag	h2o_molar_density	h2o_mole_fraction	h2o_mixing_ratio	h2o_time_lag	h2o_def_timelag	ch4_molar_density	ch4_mole_fraction	ch4_mixing_ratio	ch4_time_lag	ch4_def_timelag	none_molar_density	none_mole_fraction	none_mixing_ratio	none_time_lag	none_def_timelag	sonic_temperature	air_temperature	air_pressure	air_density	air_heat_capacity	air_molar_volume	ET	water_vapor_density	e	es	specific_humidity	RH	VPD	Tdew	u_unrot	v_unrot	w_unrot	u_rot	v_rot	w_rot	wind_speed	max_wind_speed	wind_dir	yaw	pitch	roll	u*	TKE	L	(z-d)/L	bowen_ratio	T*	model	x_peak	x_offset	x_10%	x_30%	x_50%	x_70%	x_90%	un_Tau	Tau_scf	un_H	H_scf	un_LE	LE_scf	un_co2_flux	co2_scf	un_h2o_flux	h2o_scf	un_ch4_flux	ch4_scf	un_none_flux	un_none_scf	spikes_hf	amplitude_resolution_hf	drop_out_hf	absolute_limits_hf	skewness_kurtosis_hf	skewness_kurtosis_sf	discontinuities_hf	discontinuities_sf	timelag_hf	timelag_sf	attack_angle_hf	non_steady_wind_hf	u_spikes	v_spikes	w_spikes	ts_spikes	co2_spikes	h2o_spikes	ch4_spikes	none_spikes	head_detect_LI-7200	t_out_LI-7200	t_in_LI-7200	aux_in_LI-7200	delta_p_LI-7200	chopper_LI-7200	detector_LI-7200	pll_LI-7200	sync_LI-7200	chopper_LI-7500	detector_LI-7500	pll_LI-7500	sync_LI-7500	not_ready_LI-7700	no_signal_LI-7700	re_unlocked_LI-7700	bad_temp_LI-7700	laser_temp_unregulated_LI-7700	block_temp_unregulated_LI-7700	motor_spinning_LI-7700	pump_on_LI-7700	top_heater_on_LI-7700	bottom_heater_on_LI-7700	calibrating_LI-7700	motor_failure_LI-7700	bad_aux_tc1_LI-7700	bad_aux_tc2_LI-7700	bad_aux_tc3_LI-7700	box_connected_LI-7700	mean_value_RSSI_LI-7200	mean_value_LI-7500	u_var	v_var	w_var	ts_var	co2_var	h2o_var	ch4_var	none_var	w/ts_cov	w/co2_cov	w/h2o_cov	w/ch4_cov	w/none_cov	co2_mean	h2o_mean	air_p_mean	vin_sf_mean	dew_point_mean	avg_signal_strength_7200_mean	co2_signal_strength_7200_mean	h2o_signal_strength_7200_mean	delta_signal_strength_7200_mean	flowrate_mean	hit_power_mean	hit_vin_mean	ch4_mean	rssi_77_mean	ch4_aux-1_mean	ch4_aux-2_mean	ch4_aux-3_mean	ch4_aux-4_mean	CHK
DATAU		[yyyy-mm-dd]	[HH:MM]	[ddd.ddd]	[1=daytime]	[#]	[#]	[kg+1m-1s-2]	[#]	[kg+1m-1s-2]	[W+1m-2]	[#]	[W+1m-2]	[W+1m-2]	[#]	[W+1m-2]	[µmol+1s-1m-2]	[#]	[µmol+1s-1m-2]	[mmol+1s-1m-2]	[#]	[mmol+1s-1m-2]	[µmol+1s-1m-2]	[#]	[µmol+1s-1m-2]	[µmol+1s-1m-2]	[#]	[µmol+1s-1m-2]	[W+1m-2]	[W+1m-2]	[µmol+1s-1m-2]	[mmol+1s-1m-2]	[µmol+1s-1m-2]	[µmol+1s-1m-2]	[µmol+1s-1m-2]	[mmol+1s-1m-2]	[µmol+1s-1m-2]	[µmol+1s-1m-2]	[mmol+1m-3]	[µmol+1mol_a-1]	[µmol+1mol_d-1]	[s]	[1=default]	[mmol+1m-3]	[mmol+1mol_a-1]	[mmol+1mol_d-1]	[s]	[1=default]	[mmol+1m-3]	[µmol+1mol_a-1]	[µmol+1mol_d-1]	[s]	[1=default]	[mmol+1m-3]	[µmol+1mol_a-1]	[µmol+1mol_d-1]	[s]	[1=default]	[K]	[K]	[Pa]	[kg+1m-3]	[J+1kg-1K-1]	[m+3mol-1]	[mm]	[kg+1m-3]	[Pa]	[Pa]	[kg+1kg-1]	[%]	[Pa]	[K]	[m+1s-1]	[m+1s-1]	[m+1s-1]	[m+1s-1]	[m+1s-1]	[m+1s-1]	[m+1s-1]	[m+1s-1]	[deg_from_north]	[deg]	[deg]	[deg]	[m+1s-1]	[m+2s-2]	[m]	[#]	[#]	[K]	[0=KJ/1=KM/2=HS]	[m]	[m]	[m]	[m]	[m]	[m]	[m]	[kg+1m-1s-2]	[#]	[W+1m-2]	[#]	[W+1m-2]	[#]	[µmol+1s-1m-2]	[#]	[mmol+1s-1m-2]	[#]	[µmol+1s-1m-2]	[#]	[µmol+1s-1m-2]	[#]	8u/v/w/ts/co2/h2o/ch4/none	8u/v/w/ts/co2/h2o/ch4/none	8u/v/w/ts/co2/h2o/ch4/none	8u/v/w/ts/co2/h2o/ch4/none	8u/v/w/ts/co2/h2o/ch4/none	8u/v/w/ts/co2/h2o/ch4/none	8u/v/w/ts/co2/h2o/ch4/none	8u/v/w/ts/co2/h2o/ch4/none	8co2/h2o/ch4/none	8co2/h2o/ch4/none	8aa	8U	[#]	[#]	[#]	[#]	[#]	[#]	[#]	[#]	[#_flagged_recs]	[#_flagged_recs]	[#_flagged_recs]	[#_flagged_recs]	[#_flagged_recs]	[#_flagged_recs]	[#_flagged_recs]	[#_flagged_recs]	[#_flagged_recs]	[#_flagged_recs]	[#_flagged_recs]	[#_flagged_recs]	[#_flagged_recs]	[#_flagged_recs]	[#_flagged_recs]	[#_flagged_recs]	[#_flagged_recs]	[#_flagged_recs]	[#_flagged_recs]	[#_flagged_recs]	[#_flagged_recs]	[#_flagged_recs]	[#_flagged_recs]	[#_flagged_recs]	[#_flagged_recs]	[#_flagged_recs]	[#_flagged_recs]	[#_flagged_recs]	[#_flagged_recs]	[#]	[#]	[m+2s-2]	[m+2s-2]	[m+2s-2]	[K+2]	--	--	--	--	[m+1s-1K+1]	--	--	--	--	--	--	--	--	--	--	--	--	--	--	--	--	--	--	--	--	--	--	207
DATA	2025-08-24T233000_AIU-0547.ghg	2025-08-25	00:00:00	237	0	18000	18000	0.015568927157920605	1	NaN	19.434721344543483	0	NaN	NaN	NaN	NaN	NaN	NaN	NaN	NaN	NaN	NaN	0.011775394906168572	1	NaN	NaN	NaN	NaN	NaN	NaN	NaN	NaN	NaN	NaN	NaN	NaN	-3.8186490837584903e-13	NaN	NaN	NaN	NaN	NaN	0	NaN	NaN	NaN	NaN	0	0.0892890233956521	2.2939186481236185	2.2939186481236185	0	1	NaN	NaN	NaN	NaN	9	295.3144798439874	293.3592045815848	94935.75323107354	1.1274249971419634	1005.5580915486541	0.025690936700684307	NaN	NaN	NaN	NaN	NaN	NaN	NaN	NaN	0.7577159515447739	0.03789882827019618	0.27450032846872713	0.806796265942722	4.96438626198498e-14	-4.276728469565094e-15	0.806796265942722	1.9533981427258993	329.1366118973689	2.8633881026310952	19.89119225186557	NaN	0.11751289175253177	0.1300825815234205	-7.00769157959423	-0.4138309979914841	NaN	0.14588074744196658	1	11.32273288868913	5	9	15	23	38	91	0.015336541082704195	1.0151524436940011	19.121171970203047	1.0163980207295373	NaN	1	NaN	1	NaN	1	0.010241573417557126	1.1497642428635053	NaN	NaN	800009909	800009909	800009909	800009919	800009919	800019919	899999999	899999999	89999	89999	89	89	4	11	2	65	0	0	2	NaN	0	0	0	0	0	0	0	0	0	NaN	NaN	NaN	NaN	0	473	0	0	0	0	101	0	17802	0	0	16	18000	18000	18000	18000	6	NaN	0.0655978456073966	0.1670609406393075	0.027506376800136907	0.04208503613872178	NaN	NaN	4.6227610195869584e-7	NaN	0.016866294633889244	NaN	NaN	0.000010241573417557126	NaN	NaN	NaN	95325.82952929687	11.680000305175781	NaN	0	0	0	0	0.00028769741733493804	-1	0	2.367965660544223	45.61244571308575	1.0000655766063267	-273.1499938964844	9.000757400406732	-273.1499938964844	101
DATA	2025-08-25T000000_AIU-0547.ghg	2025-08-25	00:30:00	237.02	0	18000	18000	0.010186296428981171	1	NaN	18.575644967792822	0	NaN	NaN	NaN	NaN	NaN	NaN	NaN	NaN	NaN	NaN	-0.009415956356992878	2	NaN	NaN	NaN	NaN	NaN	NaN	NaN	NaN	NaN	NaN	NaN	NaN	-5.310360119144619e-13	NaN	NaN	NaN	NaN	NaN	0	NaN	NaN	NaN	NaN	0	0.0891491153067092	2.288076588550122	2.288076588550122	0	1	NaN	NaN	NaN	NaN	9	295.0088512225681	293.0945397844873	94943.27935219844	1.1285325219446465	1005.5512944669588	0.02566572400273641	NaN	NaN	NaN	NaN	NaN	NaN	NaN	NaN	0.986567778301721	-0.0169079148885813	0.27264610954379453	1.023688311850104	9.569115575970687e-15	-5.956716565133396e-15	1.023688311850104	1.9718046891609615	332.98184570365015	359.0181542963496	15.446414767373872	NaN	0.09500601795757775	0.07108248883261224	-3.874608687740397	-0.7484626793863998	NaN	0.17229571544740993	1	18.099712489730294	8	14	24	35	57	127	0.010057453206940877	1.0128107205063979	18.30125406113247	1.0149930111752883	NaN	1	NaN	1	NaN	1	-0.008199526661627543	1.1483536483950993	NaN	NaN	800009909	800009909	800009909	800009919	800009919	800019919	899999999	899999999	89999	89999	89	89	4	1	1	72	0	0	5	NaN	0	0	0	0	0	0	0	0	0	NaN	NaN	NaN	NaN	0	0	0	0	0	0	101	0	17802	0	0	16	18000	18000	18000	18000	6	NaN	0.0652435340644603	0.05324185814576045	0.023679585455003736	0.04244201199725135	NaN	NaN	3.9911053698343184e-7	NaN	0.016127332558532662	NaN	NaN	-0.000008199526661627543	NaN	NaN	NaN	95333.03839908855	11.670101689061706	NaN	0	0	0	0	0.00028751813739007854	-1	0	2.1449708819760214	48.021316536055764	1.0000723777049119	-273.1499938964844	9.000816664589776	-273.1499938964844	131
DATA	2025-08-25T003000_AIU-0547.ghg	2025-08-25	01:00:00	237.041	0	18000	18000	0.01952383630010056	1	NaN	26.131007759042415	0	NaN	NaN	NaN	NaN	NaN	NaN	NaN	NaN	NaN	NaN	0.005520113402694355	2	NaN	NaN	NaN	NaN	NaN	NaN	NaN	NaN	NaN	NaN	NaN	NaN	2.7108697016573025e-13	NaN	NaN	NaN	NaN	NaN	0	NaN	NaN	NaN	NaN	0	0.09009009841433009	2.310351468838313	2.310351468838313	0.3	0	NaN	NaN	NaN	NaN	9	294.6078082343207	292.75016635566783	94908.73367423634	1.1294489524125793	1005.5425126674958	0.025644898934540614	NaN	NaN	NaN	NaN	NaN	NaN	NaN	NaN	1.0174287388690508	-0.0089384890176516	0.34656574253390127	1.0748715965922144	2.4509704618064575e-14	3.0090650908048076e-15	1.0748715965922144	2.175316743295687	332.5033517345406	359.496648265459	18.809657261118932	NaN	0.13147684542386628	0.15295381559218596	-7.297824748308981	-0.39737868474739335	NaN	0.17500072183688117	1	14.74324273019011	7	12	20	30	49	116	0.01928477431348602	1.0123964109057457	25.750994455789385	1.0147572282657067	NaN	1	NaN	1	NaN	1	0.004807708969762196	1.1481796085022586	NaN	NaN	800009909	800009909	800009909	800009919	800009919	800019919	899999999	899999999	89999	89999	89	89	11	5	0	41	0	0	11	NaN	0	0	0	0	0	0	0	0	0	NaN	NaN	NaN	NaN	0	0	0	0	0	0	101	0	17208	0	0	16	18000	18000	18000	18000	6	NaN	0.053717324187551346	0.21264119624135144	0.03954911075546916	0.07701364098874335	NaN	NaN	2.1029693760424083e-7	NaN	0.022673938369806843	NaN	NaN	0.000004807708969762196	NaN	NaN	NaN	95298.98348198785	11.670000076293945	NaN	0	0	0	0	0.0002873130297165415	-1	0	2.1643434322211474	46.36990060891045	1.0000894865476422	-289.0173695627836	9.000854957262675	-273.1499938964844	011
DATA	2025-08-25T010000_AIU-0547.ghg	2025-08-25	01:30:00	237.062	0	18000	18000	0.025332018748907746	1	NaN	19.876632380260848	0	NaN	NaN	NaN	NaN	NaN	NaN	NaN	NaN	NaN	NaN	-0.006713851398581754	2	NaN	NaN	NaN	NaN	NaN	NaN	NaN	NaN	NaN	NaN	NaN	NaN	1.6045806598737948e-12	NaN	NaN	NaN	NaN	NaN	0	NaN	NaN	NaN	NaN	0	0.09017517027053908	2.3107511521576436	2.3107511521576436	0	1	NaN	NaN	NaN	NaN	9	294.1403264304267	292.38919428014805	94864.8078700713	1.1303199465646538	1005.5333832758809	0.025625137665113828	NaN	NaN	NaN	NaN	NaN	NaN	NaN	NaN	0.6489333163302716	-0.24823637607469617	0.2703628936447827	0.7455413078495475	9.792912460030267e-16	1.7794040810345148e-14	0.7455413078495475	1.7297998334014022	352.93334543540175	339.06665456459825	21.262399241870433	NaN	0.14970427577086107	0.12309404426189452	-14.158396822238027	-0.20482544997220914	NaN	0.11681825531147598	1	7.741073608328167	3	6	11	17	29	74	0.024931714009772527	1.016056045684557	19.54514190051744	1.0169602493259275	NaN	1	NaN	1	NaN	1	-0.005835941402580644	1.1504315988527403	NaN	NaN	800009909	800009909	800009909	800009919	800009919	800019919	899999999	899999999	89999	89999	89	89	8	0	0	30	0	0	9	NaN	0	0	0	0	0	0	0	0	0	NaN	NaN	NaN	NaN	0	0	0	0	0	0	101	0	17208	17998	0	16	18000	18000	18000	18000	6	NaN	0.08146211695680883	0.13232803039806973	0.032397941168910496	0.07485231741037993	NaN	NaN	0.0000011300165078498098	NaN	0.017196534790629	NaN	NaN	-0.000005835941402580644	NaN	NaN	NaN	95291.12665798611	11.670000076293945	NaN	0	0	0	0	0.00028732714096420546	-1	0	2.1629014605349965	49.12296715725793	1.000083735273944	-273.1499938964844	9.000859007358551	-273.1499938964844	235
DATA	2025-08-25T013000_AIU-0547.ghg	2025-08-25	02:00:00	237.083	0	18000	18000	0.028106368673908436	1	NaN	36.019976713451676	1	NaN	NaN	NaN	NaN	NaN	NaN	NaN	NaN	NaN	NaN	0.006857135140241361	0	NaN	NaN	NaN	NaN	NaN	NaN	NaN	NaN	NaN	NaN	NaN	NaN	-2.943367725458023e-13	NaN	NaN	NaN	NaN	NaN	0	NaN	NaN	NaN	NaN	0	0.09015694172831318	2.3062779452669036	2.3062779452669036	0.3	0	NaN	NaN	NaN	NaN	9	293.6528589316474	291.9805460561116	94896.7768641493	1.1322833579876477	1005.5231415916784	0.025580702950382273	NaN	NaN	NaN	NaN	NaN	NaN	NaN	NaN	0.9051490323102442	0.03980443578972582	0.27775203430298323	0.9476419979929486	-6.656006439836265e-14	-3.264715582664533e-15	0.9476419979929486	2.548290954474709	329.482008300091	2.517991699909017	17.04352390515623	NaN	0.1575523216529954	0.15478948556107952	-9.109306656671587	-0.3183557332408018	NaN	0.20080356838359348	1	9.776517488400946	4	8	13	21	34	84	0.027731708648296275	1.0135101673814526	35.47361441794207	1.015401934775309	NaN	1	NaN	1	NaN	1	0.005969423907248577	1.1487096990908705	NaN	NaN	800009909	800009909	800009909	800009909	800009919	800019919	899999999	899999999	89999	89999	89	89	2	26	0	41	0	0	3	NaN	0	0	0	0	0	0	0	0	0	NaN	NaN	NaN	NaN	0	0	0	0	0	0	0	0	17505	18000	0	0	18000	18000	18000	18000	6	NaN	0.10536339590506881	0.16405665088347787	0.04015892433361236	0.0696103397272193	NaN	NaN	7.224499017792359e-7	NaN	0.031157187426515905	NaN	NaN	0.0000059694239072485775	NaN	NaN	NaN	95288.73943359376	11.650095253467562	NaN	0	0	0	0	0.0002871434016431319	-1	0	2.15812824934721	49.442042183664256	1.0000709970378214	-448.17562624612935	9.00051183321741	-322.4074959648957	180
DATA	2025-08-25T020000_AIU-0547.ghg	2025-08-25	02:30:00	237.104	0	18000	18000	0.08556890034674203	1	NaN	44.95043264471893	0	NaN	NaN	NaN	NaN	NaN	NaN	NaN	NaN	NaN	NaN	0.005737914409741177	2	NaN	NaN	NaN	NaN	NaN	NaN	NaN	NaN	NaN	NaN	NaN	NaN	1.7286711096355622e-12	NaN	NaN	NaN	NaN	NaN	0	NaN	NaN	NaN	NaN	0	0.09044417794921843	2.3138240058124624	2.3138240058124624	0	1	NaN	NaN	NaN	NaN	9	293.6419565709432	291.9647316146519	94883.50227208048	1.132186291264908	1005.5227472400691	0.02558289608327915	NaN	NaN	NaN	NaN	NaN	NaN	NaN	NaN	1.0127826151580377	0.8210669366488647	0.3081280180336504	1.3397098251195028	-2.3725687851604024e-14	1.911312755372885e-14	1.3397098251195028	3.6953991074938632	292.96817901506495	39.03182098493503	13.296841396496967	NaN	0.27491537525300624	0.26955425162187874	-38.77698074203938	-0.07478663744586014	NaN	0.14362335083024655	0	78.81318861015978	-11.960205434819418	27.05401725873317	67.36832823347154	102.74095124214232	144.0956449566512	215.88153380944826	0.08465653266327093	1.0107772862266888	44.333830086481456	1.0139081725408041	NaN	1	NaN	1	NaN	1	0.004998480758307277	1.1479316790816871	NaN	NaN	800009909	800009909	800009909	800009919	800009919	800019919	899999999	899999999	89999	89999	89	89	5	2	0	30	0	0	3	NaN	0	0	0	0	0	0	0	0	0	NaN	NaN	NaN	NaN	0	0	0	0	0	0	101	0	17802	603	0	16	18000	18000	18000	18000	6	NaN	0.2726301436736434	0.1937359185745978	0.07274244099551627	0.07960245821367246	NaN	NaN	2.2634957292672646e-7	NaN	0.03894264634404294	NaN	NaN	0.000004998480758307277	NaN	NaN	NaN	95288.5049203559	11.640000343322754	NaN	0	0	0	0	0.0002866687306506921	-1	0	2.1650527223375113	49.12183769162498	1.0000858339170615	-301.12987007140146	9.000807857089573	-273.1499938964844	171
DATA	2025-08-25T023000_AIU-0547.ghg	2025-08-25	03:00:00	237.124	0	18000	18000	0.10915992942209664	1	NaN	-13.160759578667692	1	NaN	NaN	NaN	NaN	NaN	NaN	NaN	NaN	NaN	NaN	0.010183867382285692	1	NaN	NaN	NaN	NaN	NaN	NaN	NaN	NaN	NaN	NaN	NaN	NaN	-1.9816932482234807e-12	NaN	NaN	NaN	NaN	NaN	0	NaN	NaN	NaN	NaN	0	0.0902441134119029	2.313737899361225	2.313737899361225	0.7	0	NaN	NaN	NaN	NaN	9	294.3473444129097	292.6936722435614	94913.5190736131	1.1297239114063409	1005.5410787542527	0.025638657324944705	NaN	NaN	NaN	NaN	NaN	NaN	NaN	NaN	0.676111207916493	-0.5399649145503447	0.2950044968727443	0.9141751077286792	6.734915081631193e-14	-2.1959252224889184e-14	0.9141751077286792	3.8556519138406613	10.612028215710325	321.3879717842897	18.826300828929043	NaN	0.3108461284113079	0.5570233813846897	191.50151332025172	0.015143483462453236	NaN	-0.03727033999854838	0	82.01326382015951	-12.445829193906052	28.152499524040433	70.10370439221848	106.9125724760964	149.94640305217203	224.64703558425245	0.10819959526222468	1.0088755799644589	-12.988810206933985	1.0132382696331887	NaN	1	NaN	1	NaN	1	0.008659219899583306	1.176072152039441	NaN	NaN	800009909	800009909	800009909	800009919	800009919	800009919	899999999	899999999	89999	89999	89	89	0	0	1	9	0	0	5	NaN	0	0	0	0	0	0	0	0	0	NaN	NaN	NaN	NaN	0	85	0	0	0	0	101	0	16612	0	0	16	18000	18000	18000	18000	6	NaN	0.31048105848877566	0.7193743017952228	0.08419140248538086	0.3844818403060072	NaN	NaN	2.1277135987391759e-7	NaN	-0.011433974851064385	NaN	NaN	0.000008659219899583307	NaN	NaN	NaN	95311.68235373264	11.6597977454029	NaN	0	0	0	0	0.000287215846600399	-1	0	2.173116002828213	50.07785403283263	1.0000987737145688	-273.1499938964844	9.000969774299199	-273.1499938964844	145
DATA	2025-08-25T030000_AIU-0547.ghg	2025-08-25	03:30:00	237.145	0	18000	18000	0.06405578342862177	0	NaN	59.828561329796806	1	NaN	NaN	NaN	NaN	NaN	NaN	NaN	NaN	NaN	NaN	-0.025089988288654386	1	NaN	NaN	NaN	NaN	NaN	NaN	NaN	NaN	NaN	NaN	NaN	NaN	2.0158976829271063e-12	NaN	NaN	NaN	NaN	NaN	0	NaN	NaN	NaN	NaN	0	0.09031313301736854	2.3153228799286314	2.3153228799286314	-0.7	0	NaN	NaN	NaN	NaN	9	294.2331049592761	292.65402314115863	94908.22779196239	1.1298139788058188	1005.5400735281625	0.025636613442292618	NaN	NaN	NaN	NaN	NaN	NaN	NaN	NaN	1.6685531307827366	-0.006896663403178774	0.3758309871889835	1.7103701485767788	-1.0149355668724003e-13	2.232120197335441e-14	1.7103701485767788	3.731930813828077	332.23682042133873	359.76317957866195	12.693564988006097	NaN	0.2381089400067093	0.44732620051939764	-18.932920088366686	-0.15317235727318693	NaN	0.22117015947899277	0	73.54660283038152	-11.160980724120087	25.246168787007303	62.86652992104926	95.87542476929248	134.46664645983302	201.45553942795718	0.06345770649925132	1.0094248116164977	59.03827189507167	1.013386052967975	NaN	1	NaN	1	NaN	1	-0.021839839030382675	1.1488174548241972	NaN	NaN	800009909	800009909	800009909	800009919	800009919	800009919	899999999	899999999	89999	89999	89	89	5	1	0	10	0	0	6	NaN	0	0	0	0	0	0	0	0	0	NaN	NaN	NaN	NaN	0	5	0	0	0	0	101	0	11015	0	0	16	18000	18000	18000	18000	6	NaN	0.3903263243715199	0.43945786602908044	0.064868210638195	0.6819785537124851	NaN	NaN	7.668091430901359e-7	NaN	0.05196695975874266	NaN	NaN	-0.000021839839030382676	NaN	NaN	NaN	95298.23983615452	11.66660444302029	NaN	0	0	0	0	0.0002869658011930168	-1	0	2.1687015398919596	49.19614170845381	1.0000906824701363	-273.1499938964844	9.000878591802385	-273.1499938964844	127
DATA	2025-08-25T033000_AIU-0547.ghg	2025-08-25	04:00:00	237.166	0	18000	18000	0.018304163880840427	0	NaN	24.238832338641018	0	NaN	NaN	NaN	NaN	NaN	NaN	NaN	NaN	NaN	NaN	0.00844472039314481	0	NaN	NaN	NaN	NaN	NaN	NaN	NaN	NaN	NaN	NaN	NaN	NaN	9.038136296469732e-13	NaN	NaN	NaN	NaN	NaN	0	NaN	NaN	NaN	NaN	0	0.09132746636066043	2.3340496786940013	2.3340496786940013	-0.1	0	NaN	NaN	NaN	NaN	9	293.3568293124305	291.75239073997756	94910.82701372982	1.1333365965563458	1005.5174666733234	0.025556930151512443	NaN	NaN	NaN	NaN	NaN	NaN	NaN	NaN	1.6281254085650227	-0.10139495543226992	0.3189981980375176	1.6621772268182504	-5.418480270779083e-15	9.896405382338445e-15	1.6621772268182504	3.2913022954012554	335.5636135936488	356.4363864063511	11.064613670738249	NaN	0.12708535058428871	0.21078910250076005	-7.10513875998228	-0.4081552940715872	NaN	0.16736616753792843	1	27.714594474031706	12	22	37	55	90	206	0.01813082711241749	1.009560334305114	23.91776908064041	1.0134236289730083	NaN	1	NaN	1	NaN	1	0.007351914485002228	1.1486423584458016	NaN	NaN	800009909	800009909	800009909	800009919	800009919	800019919	899999999	899999999	89999	89999	89	89	0	1	0	57	0	0	7	NaN	0	0	0	0	0	0	0	0	0	NaN	NaN	NaN	NaN	0	0	0	0	0	0	101	0	17505	0	0	16	18000	18000	18000	18000	6	NaN	0.16577976869418215	0.21306893425341916	0.042729502053918816	0.06748301691009889	NaN	NaN	1.7311437138051708e-7	NaN	0.020988052251219948	NaN	NaN	0.0000073519144850022275	NaN	NaN	NaN	95299.57104557291	11.680000305175781	NaN	0	0	0	0	0.00028628327409387566	-1	0	2.1840550658062647	46.78526231714536	1.0001076593001683	-273.1499938964844	9.001012766520182	-273.1499938964844	185
DATA	2025-08-25T040000_AIU-0547.ghg	2025-08-25	04:30:00	237.187	0	18000	18000	0.006376002386972403	0	NaN	22.886269244579875	0	NaN	NaN	NaN	NaN	NaN	NaN	NaN	NaN	NaN	NaN	0.013282713538745902	0	NaN	NaN	NaN	NaN	NaN	NaN	NaN	NaN	NaN	NaN	NaN	NaN	4.841845903238058e-13	NaN	NaN	NaN	NaN	NaN	0	NaN	NaN	NaN	NaN	0	0.09129994218052181	2.330856409204582	2.330856409204582	0.8	0	NaN	NaN	NaN	NaN	9	293.05094324168454	291.50889495674	94932.91443154121	1.134547234062473	1005.5114443302117	0.025529659203900937	NaN	NaN	NaN	NaN	NaN	NaN	NaN	NaN	1.532168684653103	-0.1162033153019029	0.30125795360893126	1.565822609151956	2.5564612747021714e-14	5.303229977588125e-15	1.565822609151956	3.139224665237735	336.33714499021517	355.66285500978483	11.092643170879992	NaN	0.07496575941122846	0.15912343659956366	-1.5448316875568437	-1.8772271590223264	NaN	0.267610074399238	1	29.032104057898305	13	23	37	54	84	181	0.006313731927647594	1.00986270244578	22.580918201565673	1.013522525536319	NaN	1	NaN	1	NaN	1	0.011566868046313869	1.1483414080252121	NaN	NaN	800009909	800009909	800009909	800009919	800009919	800019919	899999999	899999999	89999	89999	89	89	8	10	0	86	0	0	1	NaN	0	0	0	0	0	0	0	0	0	NaN	NaN	NaN	NaN	0	0	0	0	0	0	101	0	17406	0	0	11	18000	18000	18000	18000	6	NaN	0.09603837232391371	0.18615859400830106	0.03604990686691252	0.07120293799985705	NaN	NaN	1.897992549541469e-7	NaN	0.01979392854916408	NaN	NaN	0.00001156686804631387	NaN	NaN	NaN	95322.65943793402	11.680000305175781	NaN	0	0	0	0	0.0002861628612606889	-1	0	2.1808956630296183	46.562469861772335	1.0001188362969293	-273.1499938964844	9.00103797756301	-273.1499938964844	210
DATA	2025-08-25T043000_AIU-0547.ghg	2025-08-25	05:00:00	237.208	0	18000	18000	0.014561000542996392	1	NaN	20.907212779542093	0	NaN	NaN	NaN	NaN	NaN	NaN	NaN	NaN	NaN	NaN	0.01094996008452838	0	NaN	NaN	NaN	NaN	NaN	NaN	NaN	NaN	NaN	NaN	NaN	NaN	-1.6315922146690318e-13	NaN	NaN	NaN	NaN	NaN	0	NaN	NaN	NaN	NaN	0	0.09129746386639591	2.328510732735431	2.328510732735431	0.1	0	NaN	NaN	NaN	NaN	9	292.7526883502536	291.25314043934725	94942.59689525253	1.135659317131641	1005.5051567502028	0.02550465953953505	NaN	NaN	NaN	NaN	NaN	NaN	NaN	NaN	1.3743432375084925	-0.3998571357016516	0.29348048360380274	1.4611077502063994	-2.1599376461611945e-14	-1.787116690400834e-15	1.4611077502063994	2.7943909009201033	348.22204609396067	343.77795390603933	11.587349295664696	NaN	0.11323262486716366	0.11858169419733637	-5.827936783356535	-0.4976032012361289	NaN	0.16169336298602702	1	25.83801805737668	11	20	34	51	82	187	0.01441332268052168	1.0102459277259008	20.6252396787977	1.013671264195502	NaN	1	NaN	1	NaN	1	0.009537507850567893	1.1480944766799208	NaN	NaN	800009909	800009909	800009909	800009919	800009919	800019919	899999999	899999999	89999	89999	89	89	8	4	0	37	0	0	4	NaN	0	0	0	0	0	0	0	0	0	NaN	NaN	NaN	NaN	0	0	0	0	0	0	101	0	17307	0	0	11	18000	18000	18000	18000	6	NaN	0.06591568172292006	0.13849043079919	0.032757275872562684	0.06538257790737333	NaN	NaN	2.1767281661997204e-7	NaN	0.01806203308824957	NaN	NaN	0.000009537507850567892	NaN	NaN	NaN	95333.05598719617	11.680000305175781	NaN	0	0	0	0	0.0002860440242058959	-1	0	2.178380259421137	46.615965551471724	1.0001258139577176	-273.1499938964844	9.001070971780353	-273.1499938964844	250
DATA	2025-08-25T050000_AIU-0547.ghg	2025-08-25	05:30:00	237.229	0	18000	18000	0.022173406948343535	1	NaN	29.474895500353025	0	NaN	NaN	NaN	NaN	NaN	NaN	NaN	NaN	NaN	NaN	-0.006582225393694379	0	NaN	NaN	NaN	NaN	NaN	NaN	NaN	NaN	NaN	NaN	NaN	NaN	7.711055357281282e-13	NaN	NaN	NaN	NaN	NaN	0	NaN	NaN	NaN	NaN	0	0.09127068414746294	2.327712271814335	2.327712271814335	0.3	0	NaN	NaN	NaN	NaN	9	292.7768559341431	291.2694937769238	94952.63711790812	1.1357156452377997	1005.5055576239528	0.02550339458454732	NaN	NaN	NaN	NaN	NaN	NaN	NaN	NaN	1.067289716235369	0.2302114863724934	0.32104694992657484	1.1380579119257275	5.182410343318319e-14	8.448556542890368e-15	1.1380579119257275	2.453532861155186	319.8279393777118	12.172060622288226	16.385621996639617	NaN	0.1397273458366018	0.14425475538869276	-7.768213706360606	-0.37331619721345755	NaN	0.1847212167369645	1	14.873457169416254	7	12	20	31	50	119	0.02191183073358861	1.0119376704728718	29.05352797344277	1.0145031449294357	NaN	1	NaN	1	NaN	1	-0.005733499099610521	1.1480293760125493	NaN	NaN	800009909	800009909	800009909	800009919	800009919	800019919	899999999	899999999	89999	89999	89	89	3	4	0	46	0	0	4	NaN	0	0	0	0	0	0	0	0	0	NaN	NaN	NaN	NaN	0	0	0	0	0	0	101	0	17406	0	0	16	18000	18000	18000	18000	6	NaN	0.11187687565014008	0.14242534001657212	0.034207295110673344	0.07654056968446128	NaN	NaN	1.208115336392277e-7	NaN	0.025441621806070385	NaN	NaN	-0.000005733499099610521	NaN	NaN	NaN	95345.59983572048	11.660228690335108	NaN	0	0	0	0	0.0002854654488748767	-1	0	2.177863439354632	45.05677040979609	1.0001204112966855	-273.1499938964844	9.001074234962463	-273.1499938964844	161
DATA	2025-08-25T053000_AIU-0547.ghg	2025-08-25	06:00:00	237.249	1	18000	18000	0.02182756231220929	0	NaN	37.63759749151793	0	NaN	NaN	NaN	NaN	NaN	NaN	NaN	NaN	NaN	NaN	-0.005772541756426838	1	NaN	NaN	NaN	NaN	NaN	NaN	NaN	NaN	NaN	NaN	NaN	NaN	-1.2309096016326572e-13	NaN	NaN	NaN	NaN	NaN	0	NaN	NaN	NaN	NaN	0	0.09119694213695033	2.3227489837386175	2.3227489837386175	-0.1	0	NaN	NaN	NaN	NaN	9	292.3751987779405	290.8942771258884	94956.17130555556	1.1372229005606238	1005.4963998647507	0.025469592831857762	NaN	NaN	NaN	NaN	NaN	NaN	NaN	NaN	1.4817603788962557	0.31069565507011737	0.3422822678027646	1.5521928879486742	-4.814373458314103e-14	-1.3497268359987355e-15	1.5521928879486742	3.2341348566624375	320.15777710965966	11.842222890340343	12.73930036120144	NaN	0.13854147912916967	0.27839179867421	-5.9299954834221245	-0.4890391583108672	NaN	0.2375833254469448	1	21.588800426391536	10	17	28	43	69	159	0.02161339328412196	1.0099090885578188	37.13481606021674	1.0135393542945221	NaN	1	NaN	1	NaN	1	-0.005027016431102812	1.148303737523387	NaN	NaN	800009909	800009909	800009909	800009909	800009909	800019919	899999999	899999999	89999	89999	89	89	3	0	0	44	0	0	4	NaN	0	0	0	0	0	0	0	0	0	NaN	NaN	NaN	NaN	0	0	0	0	0	0	0	0	17010	0	0	0	18000	18000	18000	18000	6	NaN	0.2159353388080957	0.2957471829518992	0.04510107558842497	0.09300347809731964	NaN	NaN	1.392679290531511e-7	NaN	0.03247544871778298	NaN	NaN	-0.0000050270164311028115	NaN	NaN	NaN	95345.46970963542	11.6633021452162	NaN	0	0	0	0	0.00028541511501276143	-1	0	2.1722481230894726	45.49022524070743	1.0001276409311426	-273.1499938964844	9.00102462858624	-273.1499938964844	158
DATA	2025-08-25T060000_AIU-0547.ghg	2025-08-25	06:30:00	237.27	1	18000	18000	0.08158038961550694	1	NaN	73.90068104423767	1	NaN	NaN	NaN	NaN	NaN	NaN	NaN	NaN	NaN	NaN	-0.0281664267308277	1	NaN	NaN	NaN	NaN	NaN	NaN	NaN	NaN	NaN	NaN	NaN	NaN	2.7808099392247323e-12	NaN	NaN	NaN	NaN	NaN	0	NaN	NaN	NaN	NaN	0	0.09078266345274767	2.31294023977624	2.31294023977624	-0.1	0	NaN	NaN	NaN	NaN	9	292.4460507931178	291.08219406250697	94986.99931858787	1.1368576987896466	1005.5009758137176	0.02547777463017621	NaN	NaN	NaN	NaN	NaN	NaN	NaN	NaN	1.3095382573925138	-0.04607946928485008	0.26447536093476076	1.3367725990632304	-2.710066858874308e-14	3.06315086323959e-14	1.3367725990632304	3.2319523526623413	334.01526779012505	357.98473220987495	11.411038063632159	NaN	0.2678797185505932	0.4641455151004032	-21.837880659724792	-0.1327967693013552	NaN	0.24133482909306062	0	82.19404983644027	-12.473264169353572	28.2145575132025	70.25823755982152	107.14824530714803	150.27693754867587	225.1422364912864	0.0807094162793523	1.0107914711356605	72.88647268785408	1.0139149051803764	NaN	1	NaN	1	NaN	1	-0.024536724071435156	1.1479293914226358	NaN	NaN	800009909	800009909	800009909	800009919	800009919	811119919	899999999	899999999	89999	89999	89	89	1	0	0	31	0	0	4	NaN	0	0	0	0	0	0	0	0	0	NaN	NaN	NaN	NaN	0	128	0	0	0	0	101	0	17007	0	0	11	18000	18000	18000	18000	6	NaN	0.5620236617372427	0.30408521227235635	0.062182156191207365	0.4196227140631013	NaN	NaN	2.4027542549354683e-7	NaN	0.06376147126706212	NaN	NaN	-0.000024536724071435155	NaN	NaN	NaN	95377.24289800347	11.670000076293945	NaN	0	0	0	0	0.00028535600454779347	-1	0	2.165085327998356	45.528509636718255	1.0001257267826134	-273.1499938964844	9.000999109930463	-273.1499938964844	122
DATA	2025-08-25T063000_AIU-0547.ghg	2025-08-25	07:00:00	237.291	1	18000	18000	0.00846833437665407	0	NaN	25.57056059013469	0	NaN	NaN	NaN	NaN	NaN	NaN	NaN	NaN	NaN	NaN	-0.00357895077999562	2	NaN	NaN	NaN	NaN	NaN	NaN	NaN	NaN	NaN	NaN	NaN	NaN	4.2723841010014866e-13	NaN	NaN	NaN	NaN	NaN	0	NaN	NaN	NaN	NaN	0	0.08986259482829766	2.2816564241995976	2.2816564241995976	0	0	NaN	NaN	NaN	NaN	9	291.49006365422844	290.1637838531409	95012.7597603729	1.1407653085918001	1005.4788111196107	0.025390502339257024	NaN	NaN	NaN	NaN	NaN	NaN	NaN	NaN	1.5544089759340287	-0.2012293559525813	0.2955646962642197	1.5950043911660987	-1.2880941811291257e-14	4.754352029523319e-15	1.5950043911660987	2.5535655889636333	339.37632389975	352.62367610024995	10.679003085216502	NaN	0.08615903899266836	0.10898277899887707	-2.1002753101432967	-1.3807713617326387	NaN	0.2587439325520204	1	28.527695372623846	13	22	36	54	84	182	0.008386428956670576	1.0097664238744128	25.2302294298689	1.0134890236020957	NaN	1	NaN	1	NaN	1	-0.003116398334855779	1.1484253280353671	NaN	NaN	800009909	800009909	800009909	800009919	800009919	800019919	899999999	899999999	89999	89999	89	89	4	7	0	79	0	0	6	NaN	0	0	0	0	0	0	0	0	0	NaN	NaN	NaN	NaN	0	49	0	0	0	0	101	0	17505	0	0	16	18000	18000	18000	18000	6	NaN	0.07681272481719247	0.103991929147107	0.037160904033454664	0.07272014686775684	NaN	NaN	2.544061034749014e-7	NaN	0.021996418367347156	NaN	NaN	-0.000003116398334855779	NaN	NaN	NaN	95400.52659027778	11.689904899120329	NaN	0	0	0	0	0.0002845877356497415	-1	0	2.133665922257636	44.876002089623874	1.0001193925539653	-340.21287171258217	9.000925129625532	-273.1499938964844	217
DATA	2025-08-25T070000_AIU-0547.ghg	2025-08-25	07:30:00	237.312	1	18000	18000	0.1302626206045544	1	NaN	72.68135352706739	1	NaN	NaN	NaN	NaN	NaN	NaN	NaN	NaN	NaN	NaN	0.005125655832367346	2	NaN	NaN	NaN	NaN	NaN	NaN	NaN	NaN	NaN	NaN	NaN	NaN	-4.151452176740307e-12	NaN	NaN	NaN	NaN	NaN	0	NaN	NaN	NaN	NaN	0	0.0899965767169732	2.2876382728350615	2.2876382728350615	0.9	0	NaN	NaN	NaN	NaN	9	291.7840443386501	290.5047923006608	95017.14076052608	1.139478762086958	1005.4869824054048	0.0254191698871988	NaN	NaN	NaN	NaN	NaN	NaN	NaN	NaN	0.5228837188195294	-0.12750304637876575	0.251545210891624	0.5940870334933092	3.931620231367864e-14	-4.612900099296055e-14	0.5940870334933092	2.3488342877119686	345.70390292697095	346.29609707302905	25.05036323875102	NaN	0.33810904414775533	0.3530157651149088	-44.655928314195734	-0.06494098565359159	NaN	0.1876219006192114	0	86.94735666916955	-13.194596819595366	29.846213932089416	74.32129274828308	113.34466083293005	158.96749842836456	238.16228031659418	0.12782726032875713	1.0190519633256145	71.33558281608855	1.018865349631311	NaN	1	NaN	1	NaN	1	0.004445910511415227	1.1528922633972993	NaN	NaN	800009909	800009909	800009909	800009919	800009919	800019919	899999999	899999999	89999	89999	89	89	3	1	2	23	0	0	2	NaN	0	0	0	0	0	0	0	0	0	NaN	NaN	NaN	NaN	0	0	0	0	0	0	101	0	17703	0	0	11	18000	18000	18000	18000	6	NaN	0.32722088021408396	0.2927390898170893	0.08607156019864422	0.286351832240053	NaN	NaN	1.2412386428052033e-7	NaN	0.06226206583873136	NaN	NaN	0.000004445910511415227	NaN	NaN	NaN	95414.05399869791	11.699999809265137	NaN	0	0	0	0	0.0002845325170265925	-1	0	2.1396779105332167	51.599143375608946	1.000129888902108	-311.546620508829	9.000986953920789	-273.1499938964844	146
DATA	2025-08-25T073000_AIU-0547.ghg	2025-08-25	08:00:00	237.333	1	18000	18000	0.10140928693994636	1	NaN	25.428797188764598	1	NaN	NaN	NaN	NaN	NaN	NaN	NaN	NaN	NaN	NaN	0.0062450159292285964	1	NaN	NaN	NaN	NaN	NaN	NaN	NaN	NaN	NaN	NaN	NaN	NaN	-5.295863911010524e-13	NaN	NaN	NaN	NaN	NaN	0	NaN	NaN	NaN	NaN	0	0.09050484901352686	2.305167584992466	2.305167584992466	-0.2	0	NaN	NaN	NaN	NaN	9	292.4278301595052	291.1805213105943	95047.71565603299	1.1372002409774404	1005.5033785386843	0.02547010033294388	NaN	NaN	NaN	NaN	NaN	NaN	NaN	NaN	0.21755425414058818	-0.2422493832569463	0.21880359557334267	0.3922876885894468	4.099450399563531e-14	-5.851469803810185e-15	0.3922876885894468	2.5707452548840948	20.07428744137701	311.925712558623	33.901241629628174	NaN	0.29862103266385115	0.29157970046228576	-87.95772171335874	-0.032970385584231855	NaN	0.07447061627694235	0	85.09538367039396	-12.913552772073613	29.210491531370256	72.73825408354674	110.93042698546915	155.58150113010944	233.0894393543162	0.0988070878135692	1.026336158508052	24.842255388242176	1.0236106501344493	NaN	1	NaN	1	NaN	1	0.005385587879046705	1.1595792454758007	NaN	NaN	800009909	800009909	800009909	800009909	800009919	800009919	899999999	899999999	89999	89999	89	89	0	1	0	1	0	0	4	NaN	0	0	0	0	0	0	0	0	0	NaN	NaN	NaN	NaN	0	0	0	0	0	0	0	0	17306	0	0	0	18000	18000	18000	18000	6	NaN	0.13861674643444996	0.3736889042796606	0.07085375021046096	0.13415230059457572	NaN	NaN	1.9691350446466156e-7	NaN	0.021725538253058372	NaN	NaN	0.000005385587879046705	NaN	NaN	NaN	95446.17892447917	11.680214658957016	NaN	0	0	0	0	0.00028511517156018984	-1	0	2.1583799903591485	54.09225959608293	1.0001330816513962	-273.1499938964844	9.001045155233808	-273.1499938964844	035
DATA	2025-08-25T080000_AIU-0547.ghg	2025-08-25	08:30:00	237.354	1	18000	18000	0.03446555262254911	1	NaN	11.979922735106346	1	NaN	NaN	NaN	NaN	NaN	NaN	NaN	NaN	NaN	NaN	0.006266635124794438	1	NaN	NaN	NaN	NaN	NaN	NaN	NaN	NaN	NaN	NaN	NaN	NaN	2.9389762106890046e-13	NaN	NaN	NaN	NaN	NaN	0	NaN	NaN	NaN	NaN	0	0.09051100585217108	2.308812539881188	2.308812539881188	0.8	0	NaN	NaN	NaN	NaN	9	292.89005283270944	291.70662794664173	95075.59146484375	1.1354821659433654	1005.5163321394183	0.025508638625142476	NaN	NaN	NaN	NaN	NaN	NaN	NaN	NaN	-0.04944698511067682	-0.7386572948298863	0.20673360227319157	0.7686341040123128	1.9128594802781047e-14	3.2470926414066668e-15	0.7686341040123128	2.3013028838739817	65.82976384816584	266.17023615183416	15.602527441216345	NaN	0.17422178717425935	0.19678676650475938	-37.08416556967078	-0.07820049218990004	NaN	0.0602257346131587	1	6.752654291500306	3	6	10	16	29	81	0.033932836974383325	1.0156991190735967	11.78271333466731	1.016737180548966	NaN	1	NaN	1	NaN	1	0.005448479934773859	1.1501621002215432	NaN	NaN	800009909	800009909	800009909	800009909	800009919	800109919	899999999	899999999	89999	89999	89	89	1	1	6	7	0	0	0	NaN	0	0	0	0	0	0	0	0	0	NaN	NaN	NaN	NaN	0	0	0	0	0	0	0	0	16210	0	0	0	18000	18000	18000	18000	6	NaN	0.10184276256318164	0.2659564762768198	0.025774294169517327	0.18688940819860791	NaN	NaN	1.234846214574329e-7	NaN	0.010319908939025797	NaN	NaN	0.000005448479934773859	NaN	NaN	NaN	95473.03873220486	11.67669800737169	NaN	0	0	0	0	0.0002850176641238956	-1	0	2.163750740044646	54.0704339009391	1.0001381860938336	-273.1499938964844	9.001115172757043	-273.1499938964844	117
DATA	2025-08-25T083000_AIU-0547.ghg	2025-08-25	09:00:00	237.374	1	18000	18000	0.0802916390956018	1	NaN	84.94073167374022	1	NaN	NaN	NaN	NaN	NaN	NaN	NaN	NaN	NaN	NaN	-0.03762481177584193	2	NaN	NaN	NaN	NaN	NaN	NaN	NaN	NaN	NaN	NaN	NaN	NaN	-1.2596768667189012e-12	NaN	NaN	NaN	NaN	NaN	0	NaN	NaN	NaN	NaN	0	0.0911146301524643	2.3383491102456806	2.3383491102456806	-0.5	0	NaN	NaN	NaN	NaN	9	293.4598605923122	293.54259292263436	95095.48814344619	1.1286164204239149	1005.5628257261743	0.025663816077976336	NaN	NaN	NaN	NaN	NaN	NaN	NaN	NaN	-0.04303520121322515	-0.6044365443626232	0.23943413287874288	0.6515552690999572	4.4859301563174266e-14	-1.3825187729029398e-14	0.6515552690999572	2.0788508349960586	66.07252266465377	265.9274773353462	21.560343039548016	NaN	0.26672392879262663	0.2340320653995971	-18.77111380086971	-0.15449269717099237	NaN	0.2806069631960052	0	76.00909680257297	-11.534673684762689	26.091463281469693	64.97143273131513	99.08553436633495	138.9688708131699	208.2006919219483	0.07889061749164437	1.0177590396488634	83.43577476945278	1.0180373096366144	NaN	1	NaN	1	NaN	1	-0.032666260844268734	1.1517942612168657	NaN	NaN	800009909	800009909	800009909	800009909	800009909	800109919	899999999	899999999	89999	89999	89	89	5	2	2	2	0	0	0	NaN	0	0	0	0	0	0	0	0	0	NaN	NaN	NaN	NaN	0	0	0	0	0	0	0	0	15180	0	0	0	18000	18000	18000	18000	6	NaN	0.1699008805565879	0.22320022804970419	0.0749630221929021	0.48089752665234725	NaN	NaN	3.508911329769222e-7	NaN	0.07351851544313447	NaN	NaN	-0.00003266626084426873	NaN	NaN	NaN	95510.98530533855	11.670000076293945	NaN	0	0	0	0	0.0002860893193412469	-1	0	2.1965411737494986	55.336226928816956	1.000097757342789	-273.1499938964844	9.000895329422422	-273.1499938964844	224
DATA	2025-08-25T090000_AIU-0547.ghg	2025-08-25	09:30:00	237.395	1	18000	18000	0.17335729720639673	1	NaN	-71.9872353580152	1	NaN	NaN	NaN	NaN	NaN	NaN	NaN	NaN	NaN	NaN	0.060270877294856064	1	NaN	NaN	NaN	NaN	NaN	NaN	NaN	NaN	NaN	NaN	NaN	NaN	-5.571554425266347e-12	NaN	NaN	NaN	NaN	NaN	0	NaN	NaN	NaN	NaN	0	0.09003414229266546	2.3230366246723526	2.3230366246723526	0	1	NaN	NaN	NaN	NaN	9	294.41142780897343	295.140283108155	95102.00748623749	1.1225838075770722	1005.6049160648329	0.02580172993841689	NaN	NaN	NaN	NaN	NaN	NaN	NaN	NaN	0.4751294484059943	-0.10439096652085024	0.23093596302283587	0.5384950191515199	-1.6709639700593804e-13	-6.188268453933201e-14	0.5384950191515199	4.330429155305382	344.39160054669384	347.60839945330616	25.39487998857671	NaN	0.39297206307946153	0.6922470214387617	70.84171602547856	0.04093633190586463	NaN	-0.16227351994201114	0	82.07377341256198	-12.455011758000627	28.17327050902459	70.15542708170902	106.99145284107507	150.0570338856284	224.81278073234742	0.17135279066589693	1.0116981260282372	-70.87215214755594	1.0157337286461636	NaN	1	NaN	1	NaN	1	0.05041155113122116	1.1955767268095183	NaN	NaN	800009909	800009909	800009909	800009919	800009919	800009919	899999999	899999999	89999	89999	89	89	2	11	3	42	0	0	0	NaN	0	0	0	0	0	0	0	0	0	NaN	NaN	NaN	NaN	0	5	0	0	0	0	0	0	7957	0	0	0	18000	18000	18000	18000	6	NaN	0.38443328614434213	0.8657535214550198	0.1343072352781616	0.3406985923859817	NaN	NaN	1.6192002126491448e-7	NaN	-0.06278117789765011	NaN	NaN	0.000050411551131221155	NaN	NaN	NaN	95518.70941341146	11.676635228157044	NaN	0	0	0	0	0.0002890235972914121	-1	0	2.186438432388836	55.774998007668316	1.0000780211711924	-378.4076233164592	9.000595962021086	-302.5026201290524	062
DATA	2025-08-25T093000_AIU-0547.ghg	2025-08-25	10:00:00	237.416	1	18000	18000	0.11318782776168718	0	NaN	21.51325148326519	0	NaN	NaN	NaN	NaN	NaN	NaN	NaN	NaN	NaN	NaN	-0.013785589321748436	0	NaN	NaN	NaN	NaN	NaN	NaN	NaN	NaN	NaN	NaN	NaN	NaN	1.8765073347605904e-12	NaN	NaN	NaN	NaN	NaN	0	NaN	NaN	NaN	NaN	0	0.08956350912815274	2.3100268827724526	2.3100268827724526	-0.1	0	NaN	NaN	NaN	NaN	9	294.79778852674696	295.11801259100264	95130.50556565158	1.123004937847993	1005.6043189296689	0.02579205421113112	NaN	NaN	NaN	NaN	NaN	NaN	NaN	NaN	1.2591309086666158	0.09957121191000613	0.2917658438387085	1.2963226369355947	1.2357719882784947e-13	2.0951695093540532e-14	1.2963226369355947	5.672287614834539	327.47849836731046	4.521501632689583	13.007108214217846	NaN	0.31747463291190753	1.169508992249095	-125.01819380353125	-0.023196623721483383	NaN	0.060005108939268074	0	56.287607948457406	-8.5418616651597	19.32171434431811	48.11380068005286	73.37658183548983	102.91169934158123	154.18047858060442	0.11195695878732446	1.0109941265616271	21.215959275645535	1.0140126686593391	NaN	1	NaN	1	NaN	1	-0.012009298689741123	1.147909605539639	NaN	NaN	800009909	800009909	800009909	800009919	800009919	800019919	899999999	899999999	89999	89999	89	89	2	4	0	36	0	0	8	NaN	0	0	0	0	0	0	0	0	0	NaN	NaN	NaN	NaN	0	13	0	0	0	0	0	0	9687	0	0	0	18000	18000	18000	18000	6	NaN	0.9348317711330917	1.1791392614881422	0.22504695187695614	0.06335741827188904	NaN	NaN	7.046733844525719e-8	NaN	0.018786846084004	NaN	NaN	-0.000012009298689741123	NaN	NaN	NaN	95534.03702821181	11.680000305175781	NaN	0	0	0	0	0.00028925440706532553	-1	0	2.1747128068159007	56.87118199748289	1.0000782207349936	-402.71337433709743	9.000509775877	-285.58549441867416	089
DATA	2025-08-25T100000_AIU-0547.ghg	2025-08-25	10:30:00	237.437	1	18000	18000	0.16397720407913832	0	NaN	7.539275981126771	2	NaN	NaN	NaN	NaN	NaN	NaN	NaN	NaN	NaN	NaN	-0.004915470014096271	1	NaN	NaN	NaN	NaN	NaN	NaN	NaN	NaN	NaN	NaN	NaN	NaN	1.862528427920407e-12	NaN	NaN	NaN	NaN	NaN	0	NaN	NaN	NaN	NaN	0	0.08919356322073912	2.296880200380866	2.296880200380866	-0.2	0	NaN	NaN	NaN	NaN	9	294.8521636339823	294.7544422403971	95162.4356688368	1.12476752539797	1005.5946122870735	0.025751636300216776	NaN	NaN	NaN	NaN	NaN	NaN	NaN	NaN	1.0390369021222783	0.4141200183896899	0.25927546133083007	1.1481797936085711	-9.42827021694958e-14	2.0881870402586797e-14	1.1481797936085711	6.3163106014828285	310.26968162614503	21.730318373854963	13.050768844934318	NaN	0.38182147777658887	0.9736996278376563	-620.7310581195316	-0.004671910583603438	NaN	0.017457561493115628	0	79.98131753982372	-12.137473506566174	27.454998119688717	68.36682727329429	104.26372527937582	146.23135719569072	219.0812199212538	0.16205376712745628	1.0118691282885712	7.431768776478055	1.014465897403722	NaN	1	NaN	1	NaN	1	-0.004281726775551379	1.1480111347047084	NaN	NaN	800009909	800009909	800009909	800009909	800009909	800009909	899999999	899999999	89999	89999	89	89	11	4	2	59	0	0	1	NaN	0	0	0	0	0	0	0	0	0	NaN	NaN	NaN	NaN	0	0	0	0	0	0	0	0	5716	0	0	0	18000	18000	18000	18000	6	NaN	1.0863129371580387	0.7258365965251917	0.13524972199208224	0.0653668900519116	NaN	NaN	1.9973817043489066e-8	NaN	0.0065706219841753614	NaN	NaN	-0.000004281726775551379	NaN	NaN	NaN	95549.56718142361	11.699775431968902	NaN	0	0	0	0	0.0002893219021530564	-1	0	2.1620738531947143	57.396949932628225	1.0000689970420467	-484.5938777754043	9.000481225358115	-358.42199747722077	048
DATA	2025-08-25T103000_AIU-0547.ghg	2025-08-25	11:00:00	237.458	1	18000	18000	0.03231493341861674	2	NaN	22.345061457269303	1	NaN	NaN	NaN	NaN	NaN	NaN	NaN	NaN	NaN	NaN	-0.009442533657733647	1	NaN	NaN	NaN	NaN	NaN	NaN	NaN	NaN	NaN	NaN	NaN	NaN	-1.1494250358910199e-12	NaN	NaN	NaN	NaN	NaN	0	NaN	NaN	NaN	NaN	0	0.08927822902562217	2.301989417172344	2.301989417172344	-0.2	0	NaN	NaN	NaN	NaN	9	294.9818647291396	295.24786966192005	95200.45781109841	1.123336428637964	1005.6078049158034	0.025784443108875857	NaN	NaN	NaN	NaN	NaN	NaN	NaN	NaN	1.1689652412976606	0.25326755458439715	0.21128984239097776	1.2146059390044708	7.17333472498459e-14	-1.2874639746282866e-14	1.2146059390044708	5.722502032745264	319.7752634517501	12.224736548249913	10.017998192033549	NaN	0.1696081477319245	1.2374543748646405	-18.362854909158184	-0.15792751259792784	NaN	0.11662626406202378	1	14.16433551121608	6	11	20	31	53	136	0.03194916009018824	1.0114486054530376	22.031280375263556	1.014242525929544	NaN	1	NaN	1	NaN	1	-0.008225707673646237	1.1479296411159752	NaN	NaN	800009909	800009909	800009909	800009919	800009919	800009919	899999999	899999999	89999	89999	89	89	2	4	1	36	0	0	9	NaN	0	0	0	0	0	0	0	0	0	NaN	NaN	NaN	NaN	0	62	0	0	0	0	101	0	6518	0	0	16	18000	18000	18000	18000	6	NaN	1.200115936879961	1.0864160856194462	0.1883767272298741	0.10249052119026268	NaN	NaN	6.335305681253473e-8	NaN	0.019502992744585695	NaN	NaN	-0.000008225707673646237	NaN	NaN	NaN	95606.02147743055	11.693395528581409	NaN	0	0	0	0	0.0002888996104173	-1	0	2.169328417464097	56.362436564120266	1.0000729063683087	-460.8533767784845	9.00051685019334	-352.64837223476167	067
DATA	2025-08-25T110000_AIU-0547.ghg	2025-08-25	11:30:00	237.479	1	18000	18000	0.06947520795234262	1	NaN	34.481157918016834	1	NaN	NaN	NaN	NaN	NaN	NaN	NaN	NaN	NaN	NaN	-0.011537909248938973	1	NaN	NaN	NaN	NaN	NaN	NaN	NaN	NaN	NaN	NaN	NaN	NaN	9.49817848823683e-13	NaN	NaN	NaN	NaN	NaN	0	NaN	NaN	NaN	NaN	0	0.08907835573331555	2.297042554335787	2.297042554335787	-0.1	0	NaN	NaN	NaN	NaN	9	295.41710355292423	295.26642172470736	95197.87017409471	1.123235316198032	1005.6083037605397	0.025786764196823703	NaN	NaN	NaN	NaN	NaN	NaN	NaN	NaN	1.8532210746854316	0.5663383521516829	0.3134865504173211	1.9630184151118948	-6.696684855547582e-14	1.066272318347754e-14	1.9630184151118948	7.665101129193733	315.0070175967208	16.99298240327917	9.18926211247515	NaN	0.2487021574700604	1.5848040376762849	-37.51718336684827	-0.07729791364248734	NaN	0.12274468283421584	0	46.69598086835031	-7.086295251019342	16.029219152325602	39.91502211493322	60.872927211838935	85.37514594658832	127.90752601648455	0.06886555727444932	1.0088527662015958	34.028675867291454	1.0132970807471327	NaN	1	NaN	1	NaN	1	-0.010033354160223789	1.1499553454097973	NaN	NaN	800009909	800009909	800009909	800009919	800009919	800009919	899999999	899999999	89999	89999	89	89	10	1	4	39	0	0	5	NaN	0	0	0	0	0	0	0	0	0	NaN	NaN	NaN	NaN	0	50	0	0	0	0	0	0	7613	0	0	0	18000	18000	18000	18000	6	NaN	1.5861118710045217	1.363179509679308	0.22031669466873993	0.05737242551562422	NaN	NaN	7.322882832006287e-8	NaN	0.03012627591539042	NaN	NaN	-0.000010033354160223789	NaN	NaN	NaN	95589.19193706597	11.680000305175781	NaN	0	0	0	0	0.00028965606130400875	-1	0	2.165164658141357	53.35359032727619	1.000080337630378	-421.44737512376605	9.00051473985778	-273.1499938964844	016
DATA	2025-08-25T113000_AIU-0547.ghg	2025-08-25	12:00:00	237.499	1	18000	18000	0.14184054241685332	0	NaN	30.8763898122273	0	NaN	NaN	NaN	NaN	NaN	NaN	NaN	NaN	NaN	NaN	-0.015733511467650802	0	NaN	NaN	NaN	NaN	NaN	NaN	NaN	NaN	NaN	NaN	NaN	NaN	1.5921571641620194e-12	NaN	NaN	NaN	NaN	NaN	0	NaN	NaN	NaN	NaN	0	0.08864371187198491	2.282789901934529	2.282789901934529	0	0	NaN	NaN	NaN	NaN	9	295.3050744578044	294.87811408148866	95199.47451779514	1.1247333932205787	1005.597905272493	0.025752417782676194	NaN	NaN	NaN	NaN	NaN	NaN	NaN	NaN	1.1980889763137101	0.37290596165883766	0.27216236257429044	1.2839581001757707	2.8280525533697363e-15	1.7961309725627668e-14	1.2839581001757707	5.320138680294109	314.71121295200976	17.28878704799029	12.237904860662574	NaN	0.35512021663529675	1.0775613660220476	-121.97584059026843	-0.02377519995735426	NaN	0.07687359100142716	0	70.01727497574353	-10.625391605944767	24.034664743396068	59.849713553792995	91.27458945955155	128.0139095201684	191.78816364971797	0.14028908822296576	1.0110589798076226	30.448750505881215	1.0140445600965953	NaN	1	NaN	1	NaN	1	-0.013706254704488309	1.1479074194133163	NaN	NaN	800009909	800009909	800009909	800009909	800009909	800019919	899999999	899999999	89999	89999	89	89	0	2	1	32	0	0	1	NaN	0	0	0	0	0	0	0	0	0	NaN	NaN	NaN	NaN	0	0	0	0	0	0	0	0	3445	0	0	0	18000	18000	18000	18000	6	NaN	1.230201962609563	0.761756582586943	0.16316418684758882	0.046843438486448896	NaN	NaN	2.476877646285392e-8	NaN	0.026921268910864767	NaN	NaN	-0.000013706254704488309	NaN	NaN	NaN	95578.19355425348	11.68663482427597	NaN	0	0	0	0	0.0002895173809601046	-1	0	2.149888711604807	52.92167485580432	1.0000818549974098	-335.4082465108188	9.000567293617461	-273.1499938964844	104
DATA	2025-08-25T120000_AIU-0547.ghg	2025-08-25	12:30:00	237.52	1	18000	18000	0.20997829298524048	0	NaN	28.93288736423411	0	NaN	NaN	NaN	NaN	NaN	NaN	NaN	NaN	NaN	NaN	-0.00970068695780741	0	NaN	NaN	NaN	NaN	NaN	NaN	NaN	NaN	NaN	NaN	NaN	NaN	2.093819671785461e-12	NaN	NaN	NaN	NaN	NaN	0	NaN	NaN	NaN	NaN	0	0.08856271445412581	2.2811043808665805	2.2811043808665805	-0.1	0	NaN	NaN	NaN	NaN	9	295.5204211841159	294.94522800191237	95204.42947764757	1.124535990451055	1005.599696107748	0.025756938401522902	NaN	NaN	NaN	NaN	NaN	NaN	NaN	NaN	1.1764936637002266	-0.18127116211985142	0.282659974031599	1.2234758828284382	1.1296013224735581e-13	2.3642225565139256e-14	1.2234758828284382	5.751421250376419	340.7591085732722	351.2408914267277	13.357736132526153	NaN	0.4321161725314429	1.292390203610661	-234.53131693327535	-0.012365086411146772	NaN	0.05920968665644514	0	82.3358941538007	-12.494789591751895	28.263248077276792	70.37948394889044	107.3331537006656	150.53627419973543	225.53077005189883	0.20761230626019053	1.0113961776528062	28.527363347642957	1.0142152645391485	NaN	1	NaN	1	NaN	1	-0.008450636523372483	1.147923819818493	NaN	NaN	800009909	800009909	800009909	800009909	800009909	800009909	899999999	899999999	89999	89999	89	89	0	4	4	35	0	0	1	NaN	0	0	0	0	0	0	0	0	0	NaN	NaN	NaN	NaN	0	0	0	0	0	0	0	0	7475	0	0	0	18000	18000	18000	18000	6	NaN	1.1524141089532602	1.2712590486342057	0.1611072496338563	0.0921584702306825	NaN	NaN	4.4965599792412744e-8	NaN	0.025226856732820872	NaN	NaN	-0.000008450636523372483	NaN	NaN	NaN	95603.83518793402	11.6899995803833	NaN	0	0	0	0	0.0002900952904342881	-1	0	2.1485674772527488	52.65368295070862	1.0000817144215106	-356.52437239753283	9.000559987571505	-273.1499938964844	003
DATA	2025-08-25T123000_AIU-0547.ghg	2025-08-25	13:00:00	237.541	1	18000	18000	0.08242104819941015	1	NaN	29.649066380806495	0	NaN	NaN	NaN	NaN	NaN	NaN	NaN	NaN	NaN	NaN	-0.011961893614963961	0	NaN	NaN	NaN	NaN	NaN	NaN	NaN	NaN	NaN	NaN	NaN	NaN	7.435956046186042e-13	NaN	NaN	NaN	NaN	NaN	0	NaN	NaN	NaN	NaN	0	0.08875689886841509	2.290038848087385	2.290038848087385	0	0	NaN	NaN	NaN	NaN	9	296.00852889929877	295.4279676615397	95196.4815047743	1.122604732717048	1005.6126562032692	0.025801248999048964	NaN	NaN	NaN	NaN	NaN	NaN	NaN	NaN	1.616924074285328	0.6598115346979748	0.3014044775956462	1.7721849176761122	3.031397266128477e-14	8.377890779183353e-15	1.7721849176761122	6.14203007635934	309.80130489397266	22.19869510602732	9.79218393263116	NaN	0.2709602799292187	1.2510512134641505	-56.42565901432877	-0.05139505768578745	NaN	0.09692767395089252	0	52.51639916901496	-7.969566183462721	18.02718040647703	44.89022813628602	68.46043031103942	96.01672692740975	143.8505534756995	0.08166446823516754	1.0092644938562987	29.25851074086279	1.0133484456335726	NaN	1	NaN	1	NaN	1	-0.010410133811338729	1.1490624262615197	NaN	NaN	800009909	800009909	800009909	800009909	800009909	800009909	899999999	899999999	89999	89999	89	89	14	3	3	23	0	0	1	NaN	0	0	0	0	0	0	0	0	0	NaN	NaN	NaN	NaN	0	0	0	0	0	0	0	0	2609	0	0	0	18000	18000	18000	18000	6	NaN	1.3070644284034585	1.0000710606601455	0.1949669378646968	0.0525703105478266	NaN	NaN	2.117564693348268e-8	NaN	0.025917590123899784	NaN	NaN	-0.000010410133811338729	NaN	NaN	NaN	95594.37530121527	11.680119726847497	NaN	0	0	0	0	0.00029012685701470934	-1	0	2.1580511258840565	53.28842319961827	1.0000727046761249	-273.1499938964844	9.000758269574908	-273.1499938964844	209
DATA	2025-08-25T133000_AIU-0547.ghg	2025-08-25	14:00:00	237.583	1	18000	18000	0.22848381233072731	0	NaN	91.14477139917538	1	NaN	NaN	NaN	NaN	NaN	NaN	NaN	NaN	NaN	NaN	-0.02052565086221178	0	NaN	NaN	NaN	NaN	NaN	NaN	NaN	NaN	NaN	NaN	NaN	NaN	-4.836361961413792e-13	NaN	NaN	NaN	NaN	NaN	0	NaN	NaN	NaN	NaN	0	0.08710817161813778	2.2536024203512834	2.2536024203512834	-0.2	0	NaN	NaN	NaN	NaN	9	296.56462712605787	296.19078474595824	95183.82656076389	1.1195646995611381	1005.6334179691921	0.02587130895400444	NaN	NaN	NaN	NaN	NaN	NaN	NaN	NaN	0.9649853541676784	-0.5413626140172768	0.23344779701473742	1.1308262853086142	5.4872108750802655e-14	-5.552133481363025e-15	1.1308262853086142	7.220093871886463	1.2926884190022179	330.7073115809978	11.913809245749793	NaN	0.4517551581150326	1.2633046440854887	-85.05818430654281	-0.034094308779842215	NaN	0.17920071851747632	0	72.16746926570883	-10.951691884949662	24.772756862953475	61.6876672928382	94.0775848795082	131.94515045152082	197.67787893077423	0.22577732956224064	1.0119873982641847	89.83937460209444	1.0145303415441465	NaN	1	NaN	1	NaN	1	-0.01787881577483752	1.1480430874565748	NaN	NaN	800009909	800009909	800009909	800009909	800019919	800119919	899999999	899999999	89999	89999	89	89	6	9	4	12	0	0	4	NaN	0	0	0	0	0	0	0	0	0	NaN	NaN	NaN	NaN	0	0	0	0	0	0	0	0	2645	0	0	0	18000	18000	18000	18000	6	NaN	1.1201635031603951	1.161629892004933	0.24481589300564893	0.2425977583857321	NaN	NaN	4.357068693452163e-8	NaN	0.0797953945911309	NaN	NaN	-0.00001787881577483752	NaN	NaN	NaN	95600.63185590277	11.680000305175781	NaN	0	0	0	0	0.0002912781275873487	-1	0	2.1254134531087345	88.2812348908313	1.0000406262973944	-273.1499938964844	9.00050792590777	-273.1499938964844	097
DATA	2025-08-25T140000_AIU-0547.ghg	2025-08-25	14:30:00	237.604	1	18000	18000	0.4264919049399897	0	NaN	92.57445455227143	1	NaN	NaN	NaN	NaN	NaN	NaN	NaN	NaN	NaN	NaN	-0.02886234878670338	1	NaN	NaN	NaN	NaN	NaN	NaN	NaN	NaN	NaN	NaN	NaN	NaN	-4.123093999592559e-12	NaN	NaN	NaN	NaN	NaN	0	NaN	NaN	NaN	NaN	0	0.08682719881199555	2.2492115646314503	2.2492115646314503	-0.2	0	NaN	NaN	NaN	NaN	9	296.8916183742947	296.56079393174906	95180.7753389757	1.1181320112729551	1005.6436131937928	0.02590445845778814	NaN	NaN	NaN	NaN	NaN	NaN	NaN	NaN	0.3969615087313891	-0.23501925435389254	0.18645892517839552	0.4975735323648384	-4.0495459158801987e-14	-4.74862031253614e-14	0.4975735323648384	5.641384034891048	2.6274608989378407	329.37253910106216	22.008023045077874	NaN	0.6176022302433647	1.4372302646196187	-213.97763118082042	-0.013552818507226923	NaN	0.13330459670022585	0	85.72182232744564	-13.008617255097011	29.425527650810153	73.2737244256381	111.74705304330692	156.72683078756228	234.8053518875697	0.41737230476667675	1.0218500366918477	90.69914945653103	1.020676104538766	NaN	1	NaN	1	NaN	1	-0.024980693334232803	1.1553862176896135	NaN	NaN	800009909	800009909	800009909	800009909	800009919	800019919	899999999	899999999	89999	89999	89	89	6	9	1	21	0	0	0	NaN	0	0	0	0	0	0	0	0	0	NaN	NaN	NaN	NaN	0	0	0	0	0	0	0	0	8816	0	0	0	18000	18000	18000	18000	6	NaN	1.354218145519178	1.222681197294399	0.29756118642566065	0.14871048630798403	NaN	NaN	4.243630566340679e-8	NaN	0.08066145161785242	NaN	NaN	-0.0000249806933342328	NaN	NaN	NaN	95589.48103342013	11.680000305175781	NaN	0	0	0	0	0.0002916004802488412	-1	0	2.1221451043685278	89.18903205817308	1.0000441950029797	-273.1499938964844	9.00054294066959	-273.1499938964844	121
DATA	2025-08-25T143000_AIU-0547.ghg	2025-08-25	15:00:00	237.624	1	18000	18000	0.21075280543647998	0	NaN	53.79926279228727	0	NaN	NaN	NaN	NaN	NaN	NaN	NaN	NaN	NaN	NaN	-0.02346421101765024	1	NaN	NaN	NaN	NaN	NaN	NaN	NaN	NaN	NaN	NaN	NaN	NaN	-3.30854557950045e-12	NaN	NaN	NaN	NaN	NaN	0	NaN	NaN	NaN	NaN	0	0.08674501876746969	2.250777657557189	2.250777657557189	-0.2	0	NaN	NaN	NaN	NaN	9	297.11474610900876	296.95858151245113	95151.98442578125	1.1162964629748628	1005.6546646143788	0.02594705366991349	NaN	NaN	NaN	NaN	NaN	NaN	NaN	NaN	0.9437268149467436	-0.11192895324591969	0.2536052187061894	0.9835974780260308	1.1939314917652217e-13	-3.8141044022013514e-14	0.9835974780260308	5.169360593267148	338.76386175512516	353.2361382448748	14.941598987793624	NaN	0.43450713053727164	1.2132163014701305	-128.19123481145837	-0.02262245156047739	NaN	0.11029377352629488	0	74.52065435371942	-11.308796800701444	25.58052915470701	63.699134512967554	97.14519930616098	136.24752330229452	204.12361745621388	0.20801410264367726	1.013165947683336	52.99379998643398	1.0151991894534735	NaN	1	NaN	1	NaN	1	-0.02042986074855228	1.148525254598859	NaN	NaN	800009909	800009909	800009909	800009909	800009919	800019919	899999999	899999999	89999	89999	89	89	16	4	1	28	0	0	2	NaN	0	0	0	0	0	0	0	0	0	NaN	NaN	NaN	NaN	0	0	0	0	0	0	0	0	2868	0	0	0	18000	18000	18000	18000	6	NaN	1.0896439028363012	1.127768035486468	0.2090206646174919	0.07595291826698865	NaN	NaN	5.791156268933558e-8	NaN	0.04720593904023641	NaN	NaN	-0.000020429860748552282	NaN	NaN	NaN	95549.69004253473	11.680000305175781	NaN	0	0	0	0	0.000291863724185128	-1	0	2.1240557433797256	88.66097900708515	1.0000483299891154	-273.1499938964844	9.000531431383557	-273.1499938964844	010
DATA	2025-08-25T150000_AIU-0547.ghg	2025-08-25	15:30:00	237.645	1	18000	18000	0.12077272677591545	0	NaN	30.876897778257444	0	NaN	NaN	NaN	NaN	NaN	NaN	NaN	NaN	NaN	NaN	-0.012152232172041264	2	NaN	NaN	NaN	NaN	NaN	NaN	NaN	NaN	NaN	NaN	NaN	NaN	1.8574803451837814e-12	NaN	NaN	NaN	NaN	NaN	0	NaN	NaN	NaN	NaN	0	0.08679768837160538	2.249368789471578	2.249368789471578	0	0	NaN	NaN	NaN	NaN	9	296.8465124435425	296.550079111735	95138.33760525173	1.1176738576974816	1005.6433168134847	0.02591507713709374	NaN	NaN	NaN	NaN	NaN	NaN	NaN	NaN	0.962594174820453	-0.06589149972989743	0.17842180373534916	0.9812051646739899	-2.4574109542873516e-14	2.1400113067889364e-14	0.9812051646739899	5.734454603468907	335.9159023002874	356.08409769971263	10.476920708785208	NaN	0.3287205761409989	1.177055129669177	-96.70335984066543	-0.029988616784134732	NaN	0.08356948116207416	0	59.221068852645914	-8.987025674734905	20.328676546066973	50.621278940207304	77.20064439459698	108.27500145380758	162.21568246632347	0.11920070078459961	1.0131880599775713	30.414232630713798	1.015212126281839	NaN	1	NaN	1	NaN	1	-0.010580621771728188	1.1485366771650865	NaN	NaN	800009909	800009909	800009909	800009909	800009919	800009919	899999999	899999999	89999	89999	89	89	6	9	0	14	0	0	2	NaN	0	0	0	0	0	0	0	0	0	NaN	NaN	NaN	NaN	0	0	0	0	0	0	0	0	5406	0	0	0	18000	18000	18000	18000	6	NaN	1.140109936397157	1.0015045805119283	0.21249574242926872	0.13922765913914553	NaN	NaN	8.905010389044014e-8	NaN	0.027059377330344248	NaN	NaN	-0.000010580621771728189	NaN	NaN	NaN	95520.7134561632	11.64045579086662	NaN	0	0	0	0	0.0002920197073447829	-1	0	2.121401690555943	89.1859942410787	1.0000411003761822	-273.1499938964844	9.000492674456702	-273.1499938964844	131
DATA	2025-08-25T153000_AIU-0547.ghg	2025-08-25	16:00:00	237.666	1	18000	18000	0.1512827163673314	0	NaN	44.19345376549896	0	NaN	NaN	NaN	NaN	NaN	NaN	NaN	NaN	NaN	NaN	-0.005722025212361408	1	NaN	NaN	NaN	NaN	NaN	NaN	NaN	NaN	NaN	NaN	NaN	NaN	-3.6507119220366396e-13	NaN	NaN	NaN	NaN	NaN	0	NaN	NaN	NaN	NaN	0	0.08641885982746347	2.2420727709063315	2.2420727709063315	-0.3	0	NaN	NaN	NaN	NaN	9	296.94311175198027	296.85827492268874	95130.11183528646	1.1164169628832645	1005.6518690048259	0.025944253087609146	NaN	NaN	NaN	NaN	NaN	NaN	NaN	NaN	0.4342140014784266	-0.33870912378025114	0.1361136576256535	0.5672676594026027	-8.788608786884044e-15	-4.224438889063498e-15	0.5672676594026027	5.674268548994269	9.956052329685917	322.0439476703141	13.883358653821489	NaN	0.3681132447446773	0.9552240280904354	-94.87631851037125	-0.030566110126659173	NaN	0.10693069958187669	0	65.12577001490426	-9.88308685659049	22.355569379214018	55.66852868399323	84.89801871619373	119.07067838626229	178.38957374104396	0.1483542413586141	1.0197397457726762	43.356311153117446	1.0193084372290127	NaN	1	NaN	1	NaN	1	-0.0049606087261020925	1.1534925506728315	NaN	NaN	800009909	800009909	800009909	800009909	800009919	800009919	899999999	899999999	89999	89999	89	89	9	13	1	37	0	0	1	NaN	0	0	0	0	0	0	0	0	0	NaN	NaN	NaN	NaN	0	0	0	0	0	0	0	0	7010	0	0	0	18000	18000	18000	18000	6	NaN	0.6606444817013651	1.039683393053374	0.21012018142613184	0.09028438868595244	NaN	NaN	5.176307285277207e-8	NaN	0.03861697337943173	NaN	NaN	-0.000004960608726102093	NaN	NaN	NaN	95517.36380772569	11.636698045518663	NaN	0	0	0	0	0.0002920934255558273	-1	0	2.1151609159310656	88.05596731650598	1.0000367011295423	-273.1499938964844	9.000475270006392	-273.1499938964844	246
DATA	2025-08-25T160000_AIU-0547.ghg	2025-08-25	16:30:00	237.687	1	18000	18000	0.1460475317453204	0	NaN	26.835271787411966	0	NaN	NaN	NaN	NaN	NaN	NaN	NaN	NaN	NaN	NaN	-0.0012807924457053075	2	NaN	NaN	NaN	NaN	NaN	NaN	NaN	NaN	NaN	NaN	NaN	NaN	2.9386277741378543e-12	NaN	NaN	NaN	NaN	NaN	0	NaN	NaN	NaN	NaN	0	0.08619169866664853	2.2404523991207053	2.2404523991207053	-0.1	0	NaN	NaN	NaN	NaN	9	297.11928820376926	297.38213585747616	95116.22708789063	1.114287650707253	1005.6665353062618	0.02599383042427075	NaN	NaN	NaN	NaN	NaN	NaN	NaN	NaN	0.7500191025138615	-0.28741761736996757	0.21363279561631277	0.8311296603257234	-4.861680380873763e-14	3.409409281400951e-14	0.8311296603257234	4.5922839415082235	352.9675183485924	339.03248165140764	14.894443337957874	NaN	0.3620332442583223	0.7539552920167709	-148.61815537932128	-0.0195130937576117	NaN	0.06614640260776951	0	71.66577362122015	-10.875557635344322	24.60054098304834	61.25882540168727	93.42357393720555	131.02789080577645	196.30365683485746	0.1439133431784616	1.0148296781919122	26.40749335565594	1.0161991305268814	NaN	1	NaN	1	NaN	1	-0.0011141795447521647	1.1495386463859412	NaN	NaN	800009909	800009909	800009909	800009909	800009919	800109919	899999999	899999999	89999	89999	89	89	15	12	8	16	0	0	0	NaN	0	0	0	0	0	0	0	0	0	NaN	NaN	NaN	NaN	0	0	0	0	0	0	0	0	4910	0	0	0	18000	18000	18000	18000	6	NaN	0.7503089312850953	0.5976073645451176	0.15999428820332892	0.07899127094107267	NaN	NaN	5.2959182056174044e-8	NaN	0.02356545682113676	NaN	NaN	-0.0000011141795447521646	NaN	NaN	NaN	95508.28506770832	11.630000114440918	NaN	0	0	0	0	0.0002929376359712075	-1	0	2.114682401922014	88.14737716240356	1.000027267727587	-273.1499938964844	9.000362577915192	-273.1499938964844	027
DATA	2025-08-25T163000_AIU-0547.ghg	2025-08-25	17:00:00	237.708	1	18000	18000	0.1193440231300411	0	NaN	29.12401283802213	0	NaN	NaN	NaN	NaN	NaN	NaN	NaN	NaN	NaN	NaN	-0.010904259521572172	0	NaN	NaN	NaN	NaN	NaN	NaN	NaN	NaN	NaN	NaN	NaN	NaN	6.78709469999764e-13	NaN	NaN	NaN	NaN	NaN	0	NaN	NaN	NaN	NaN	0	0.08578089945467865	2.2300765631598285	2.2300765631598285	-0.2	0	NaN	NaN	NaN	NaN	9	297.0907823672825	297.43435111660426	95120.02740212674	1.1141365479496586	1005.6680060953586	0.02599735579058673	NaN	NaN	NaN	NaN	NaN	NaN	NaN	NaN	1.2524956041228765	-0.1952557557466779	0.2325953529005205	1.2887865015937572	-8.785442049435644e-15	7.912128158068013e-15	1.2887865015937572	4.587420095286406	340.86071142718964	351.13928857281036	10.39750115361128	NaN	0.3272887869817855	0.6967062836335042	-101.17837460181454	-0.028662251310251737	NaN	0.07941947876809519	0	63.53047388929881	-9.640994514838019	21.807955843002436	54.304893549891844	82.8183890964821	116.15396827505215	174.01981050028124	0.11804162686184175	1.0110333642700782	28.720999874811135	1.0140319962733764	NaN	1	NaN	1	NaN	1	-0.00949924522681457	1.1479079928152094	NaN	NaN	800009909	800009909	800009909	800009909	800009909	800019919	899999999	899999999	89999	89999	89	89	14	8	2	31	0	0	10	NaN	0	0	0	0	0	0	0	0	0	NaN	NaN	NaN	NaN	0	0	0	0	0	0	0	0	5513	0	0	0	18000	18000	18000	18000	6	NaN	0.48464358242504224	0.7320455786224735	0.17672340621949248	0.0630236638674015	NaN	NaN	6.692969970214785e-8	NaN	0.025633416858897588	NaN	NaN	-0.000009499245226814571	NaN	NaN	NaN	95512.20806315105	11.590189836025232	NaN	0	0	0	0	0.00029296456858800306	-1	0	2.1050986644625658	87.85313904947769	1.000032443801562	-273.1499938964844	9.00043570502599	-273.1499938964844	125
DATA	2025-08-25T170000_AIU-0547.ghg	2025-08-25	17:30:00	237.729	1	18000	18000	0.06695001139910085	0	NaN	27.450077462709718	0	NaN	NaN	NaN	NaN	NaN	NaN	NaN	NaN	NaN	NaN	0.003571788574680977	2	NaN	NaN	NaN	NaN	NaN	NaN	NaN	NaN	NaN	NaN	NaN	NaN	-2.699550689311687e-12	NaN	NaN	NaN	NaN	NaN	0	NaN	NaN	NaN	NaN	0	0.0863518100244304	2.240133686910341	2.240133686910341	0	1	NaN	NaN	NaN	NaN	9	296.8320421388414	296.85455354648167	95137.39235438369	1.1165164012596005	1005.6517654027429	0.025941942459301884	NaN	NaN	NaN	NaN	NaN	NaN	NaN	NaN	0.7189799348476984	-0.23468450838792282	0.2073671767530933	0.7842258036978036	-6.37722468546756e-14	-3.1262236292996495e-14	0.7842258036978036	4.23171312026472	350.07736374162187	341.92263625837813	15.33265784769714	NaN	0.24487405561382586	0.5351925916429133	-44.96554594410727	-0.06449382386249097	NaN	0.0998362069946387	0	60.754429630631314	-9.219719088537932	20.855029681665574	51.931972670702244	79.19953503340693	111.07847399630228	166.4157951945638	0.06593009928981715	1.0154695976537265	27.00199668492708	1.0165943571881395	NaN	1	NaN	1	NaN	1	0.0031059224422053037	1.1499928414648029	NaN	NaN	800009909	800009909	800009909	800009909	800009909	800009919	899999999	899999999	89999	89999	89	89	10	2	3	9	0	0	3	NaN	0	0	0	0	0	0	0	0	0	NaN	NaN	NaN	NaN	0	0	0	0	0	0	0	0	6545	0	0	0	18000	18000	18000	18000	6	NaN	0.5174509378760377	0.44231575282649827	0.11061849258329072	0.17625471193291223	NaN	NaN	1.7042141739013762e-7	NaN	0.02404823195310552	NaN	NaN	0.000003105922442205304	NaN	NaN	NaN	95523.24272439236	11.569999694824219	NaN	0	0	0	0	0.0002919618080163168	-1	0	2.113466607504421	89.631869526614	1.0000307269940774	-273.1499938964844	9.000381939464145	-273.1499938964844	108
DATA	2025-08-25T173000_AIU-0547.ghg	2025-08-25	18:00:00	237.749	1	18000	18000	0.07195149076378532	0	NaN	46.82830882282769	0	NaN	NaN	NaN	NaN	NaN	NaN	NaN	NaN	NaN	NaN	-0.015380994760508837	0	NaN	NaN	NaN	NaN	NaN	NaN	NaN	NaN	NaN	NaN	NaN	NaN	2.1593810406718225e-13	NaN	NaN	NaN	NaN	NaN	0	NaN	NaN	NaN	NaN	0	0.08621143700143966	2.2389648436159257	2.2389648436159257	0.2	0	NaN	NaN	NaN	NaN	9	296.5779385638767	297.1622817806668	95130.83624782987	1.1152833241277547	1005.6603602811689	0.025970624333503882	NaN	NaN	NaN	NaN	NaN	NaN	NaN	NaN	0.8169115832630317	0.49362680486576893	0.2741379653315738	0.9930576928796497	1.6421488100225193e-14	2.504750083954363e-15	0.9930576928796497	3.590381287234155	300.8571197959691	31.142880204030924	16.024860554657437	NaN	0.2539962436871291	0.6081224753653403	-29.413782260319874	-0.09859323681443688	NaN	0.16437835847427662	0	68.25336166279624	-10.3577109554839	23.429170383214405	58.34194698404016	88.97515030632432	124.78891341280371	186.95653180965206	0.07102255721069649	1.0130794157458038	46.129505625680956	1.0151487250441655	NaN	1	NaN	1	NaN	1	-0.013392460133920887	1.148481653609804	NaN	NaN	800009909	800009909	800009909	800009909	800009919	800109919	899999999	899999999	89999	89999	89	89	0	2	2	6	0	0	9	NaN	0	0	0	0	0	0	0	0	0	NaN	NaN	NaN	NaN	0	0	0	0	0	0	0	0	4570	0	0	0	18000	18000	18000	18000	6	NaN	0.5385017130233749	0.588775708480787	0.08896752922651853	0.3280045589482121	NaN	NaN	7.47834772873132e-8	NaN	0.041128442134531734	NaN	NaN	-0.000013392460133920886	NaN	NaN	NaN	95521.29163541667	11.629226775699191	NaN	0	0	0	0	0.00029206718264483954	-1	0	2.1130129597783087	87.9551562757579	1.0000299232519336	-273.1499938964844	9.000391064484914	-273.1499938964844	230
DATA	2025-08-25T180000_AIU-0547.ghg	2025-08-25	18:30:00	237.77	1	18000	18000	0.23786305209042047	1	NaN	22.882943131371714	1	NaN	NaN	NaN	NaN	NaN	NaN	NaN	NaN	NaN	NaN	0.026947183950793797	2	NaN	NaN	NaN	NaN	NaN	NaN	NaN	NaN	NaN	NaN	NaN	NaN	-2.8967542568002556e-12	NaN	NaN	NaN	NaN	NaN	0	NaN	NaN	NaN	NaN	0	0.08709639144352528	2.2535459725415183	2.2535459725415183	0	1	NaN	NaN	NaN	NaN	9	296.74842828623457	296.09109370846215	95141.30498263889	1.1194413334866526	1005.6306850040487	0.02587416005636415	NaN	NaN	NaN	NaN	NaN	NaN	NaN	NaN	0.6428796619863574	0.0746032778870844	0.23052776122434787	0.6870247139385351	-4.183748419619684e-14	-3.325917651454662e-14	0.6870247139385351	4.243553043841788	325.3806909958031	6.619309004196963	19.605687256721335	NaN	0.46095955782673464	0.9135007408190816	-359.8117678855372	-0.00805976974305783	NaN	0.044097015969260855	0	87.62503938185777	-13.297437785762444	30.078840477574072	74.90056573839585	114.22808869278153	160.2065185629743	240.01855825726898	0.23387225197843972	1.0170640171214012	22.487268129306187	1.0175955122601072	NaN	1	NaN	1	NaN	1	0.023407416170446282	1.1512241998250432	NaN	NaN	800009909	800009909	800009909	800009909	800009919	800019919	899999999	899999999	89999	89999	89	89	6	2	2	50	0	0	13	NaN	0	0	0	0	0	0	0	0	0	NaN	NaN	NaN	NaN	0	0	0	0	0	0	0	0	11347	0	0	0	18000	18000	18000	18000	6	NaN	0.9108440195791332	0.759250526315927	0.1569069357431031	0.15993084547293868	NaN	NaN	1.4645828669707061e-7	NaN	0.01997546248756763	NaN	NaN	0.00002340741617044628	NaN	NaN	NaN	95522.19246202258	11.633302412245008	NaN	0	0	0	0	0.0002901912250284416	-1	0	2.124302910831239	87.8097590534069	1.000039598359002	-273.1499938964844	9.000512343618604	-273.1499938964844	175
DATA	2025-08-25T183000_AIU-0547.ghg	2025-08-25	19:00:00	237.791	0	18000	18000	0.1834648877351915	1	NaN	141.40726380813044	1	NaN	NaN	NaN	NaN	NaN	NaN	NaN	NaN	NaN	NaN	-0.04455478277784025	1	NaN	NaN	NaN	NaN	NaN	NaN	NaN	NaN	NaN	NaN	NaN	NaN	2.9965946482772673e-13	NaN	NaN	NaN	NaN	NaN	0	NaN	NaN	NaN	NaN	0	0.08783829346994954	2.2597274447338167	2.2597274447338167	-0.8	0	NaN	NaN	NaN	NaN	9	295.3185192659166	294.4924376040831	95172.61371706231	1.1258886168250106	1005.5876659802905	0.025725994386570073	NaN	NaN	NaN	NaN	NaN	NaN	NaN	NaN	0.6787263326835025	0.3941120045122483	0.2833862101807689	0.8344467933303682	-3.127225684956893e-14	3.4114900573545823e-15	0.8344467933303682	3.07910485338369	301.8578036150085	30.142196384991546	19.853095583585212	NaN	0.4036721294073812	0.5065660240472549	-39.1108086834547	-0.07414830062633826	NaN	0.30940518486281743	0	98.32516970037045	-14.921223842963713	33.75184896019774	84.04687619925137	128.17678924309988	179.76976941674758	269.3278729272723	0.18079149939306682	1.0147871351866624	139.1566872312845	1.0161729674773399	NaN	1	NaN	1	NaN	1	-0.038759816267402776	1.149509648612836	NaN	NaN	800009909	800009909	800009909	800009919	800009919	800009919	899999999	899999999	89999	89999	89	89	0	11	0	9	0	0	7	NaN	0	0	0	0	0	0	0	0	0	NaN	NaN	NaN	NaN	0	2	0	0	0	0	0	0	7810	0	0	0	18000	18000	18000	18000	6	NaN	0.6220714438659972	0.3008447579468437	0.09021584628166882	1.0623300687242097	NaN	NaN	3.258080533492314e-7	NaN	0.122910423540708	NaN	NaN	-0.00003875981626740278	NaN	NaN	NaN	95551.00859114583	11.640000343322754	NaN	0	0	0	0	0.0002888243029883596	-1	0	2.126624185522397	90.12503468621702	1.0000570587722792	-324.0628710344112	9.000576485766304	-297.8998699357764	193
DATA	2025-08-25T190000_AIU-0547.ghg	2025-08-25	19:30:00	237.812	0	18000	18000	0.06483089378468056	1	NaN	49.99312773298926	1	NaN	NaN	NaN	NaN	NaN	NaN	NaN	NaN	NaN	NaN	-0.005680715147773853	1	NaN	NaN	NaN	NaN	NaN	NaN	NaN	NaN	NaN	NaN	NaN	NaN	4.0999140826831096e-13	NaN	NaN	NaN	NaN	NaN	0	NaN	NaN	NaN	NaN	0	0.0888061250509999	2.2679934520486045	2.2679934520486045	0	0	NaN	NaN	NaN	NaN	9	293.5162202453614	292.4149824969702	95194.26066068973	1.1341453669286456	1005.534032919521	0.02553870524973512	NaN	NaN	NaN	NaN	NaN	NaN	NaN	NaN	0.9446286627893437	0.6413171682448556	0.3295352450423306	1.1883621075134716	-5.833237881579673e-15	4.616701922675487e-15	1.1883621075134716	3.1646572251581033	297.82705304720537	34.17294695279464	16.099248230914963	NaN	0.23908737455202533	0.20775914602246826	-22.987365203090288	-0.12615625907444758	NaN	0.1833530625285186	0	88.31693472457603	-13.402435573369255	30.316345759027993	75.49198747089312	115.13004415130891	161.4715239181648	241.9137667935009	0.06408692221047246	1.0116087892591372	49.28701491279963	1.0143265487154967	NaN	1	NaN	1	NaN	1	-0.004948554725953127	1.1479543952461206	NaN	NaN	800009909	800009909	800009909	800009919	800009919	800009919	899999999	899999999	89999	89999	89	89	0	7	0	26	0	0	10	NaN	0	0	0	0	0	0	0	0	0	NaN	NaN	NaN	NaN	0	2	0	0	0	0	0	0	16005	0	0	0	18000	18000	18000	18000	6	NaN	0.24299777063906014	0.13113100276623246	0.0413895186396439	0.21306596913307174	NaN	NaN	7.559161576403984e-8	NaN	0.043218234198376074	NaN	NaN	-0.000004948554725953127	NaN	NaN	NaN	95571.69823046876	11.620094887733462	NaN	0	0	0	0	0.00028693483670940605	-1	0	2.1296455643441936	87.52305884883077	1.000072944674227	-273.1499938964844	9.000805423789554	-273.1499938964844	118
DATA	2025-08-25T193000_AIU-0547.ghg	2025-08-25	20:00:00	237.833	0	18000	18000	0.03319058274804758	0	NaN	42.279176044082675	0	NaN	NaN	NaN	NaN	NaN	NaN	NaN	NaN	NaN	NaN	-0.01699729869381722	0	NaN	NaN	NaN	NaN	NaN	NaN	NaN	NaN	NaN	NaN	NaN	NaN	7.842685259277606e-14	NaN	NaN	NaN	NaN	NaN	0	NaN	NaN	NaN	NaN	0	0.08920596652477984	2.269750547220706	2.269750547220706	0	0	NaN	NaN	NaN	NaN	9	292.5707470652263	291.41868334113235	95223.29065581597	1.1383698173680834	1005.5092220893913	0.02544393201087294	NaN	NaN	NaN	NaN	NaN	NaN	NaN	NaN	1.1630843344440485	0.5757003166387318	0.334680169665353	1.3402264135489665	1.0384666935012474e-14	8.791659980612447e-16	1.3402264135489665	2.979485615789747	305.66563571884666	26.334364281153345	14.460892183390296	NaN	0.17075198168144934	0.20102439492399599	-9.903396108101532	-0.292828840565878	NaN	0.21631733899034378	1	14.822606085111504	7	12	20	31	51	124	0.03283677314138771	1.0107747982768114	41.69926254863625	1.0139070443936518	NaN	1	NaN	1	NaN	1	-0.01480689237152246	1.147931535350894	NaN	NaN	800009909	800009909	800009909	800009909	800009909	800019909	899999999	899999999	89999	89999	89	89	5	0	0	27	0	0	1	NaN	0	0	0	0	0	0	0	0	0	NaN	NaN	NaN	NaN	0	0	0	0	0	0	0	0	17405	0	0	0	18000	18000	18000	18000	6	NaN	0.17871287405676828	0.18240785622789543	0.040928059563328206	0.20488831215410666	NaN	NaN	6.628189178158075e-8	NaN	0.036429980942432744	NaN	NaN	-0.000014806892371522461	NaN	NaN	NaN	95603.35753407118	11.609999656677246	NaN	0	0	0	0	0.0002853717934437251	-1	0	2.12945645633671	89.02950042481206	1.0000841437809997	-273.1499938964844	9.000856976456113	-273.1499938964844	113
DATA	2025-08-25T200000_AIU-0547.ghg	2025-08-25	20:30:00	237.854	0	18000	18000	0.03847078101753976	0	NaN	57.45475992810578	0	NaN	NaN	NaN	NaN	NaN	NaN	NaN	NaN	NaN	NaN	-0.0194886660830455	0	NaN	NaN	NaN	NaN	NaN	NaN	NaN	NaN	NaN	NaN	NaN	NaN	6.042457389004896e-13	NaN	NaN	NaN	NaN	NaN	0	NaN	NaN	NaN	NaN	0	0.08968705715135565	2.2732390956559003	2.2732390956559003	0	0	NaN	NaN	NaN	NaN	9	291.54778692542175	290.41032072363964	95259.15485026041	1.142752700530075	1005.4847117424923	0.02534634503415122	NaN	NaN	NaN	NaN	NaN	NaN	NaN	NaN	1.4053649937122203	0.6301315976149406	0.3287430581276932	1.5748614523607396	-1.0650797832852846e-15	6.737267985956614e-15	1.5748614523607396	3.262930330404815	307.8496922041254	24.15030779587458	12.048764256143713	NaN	0.18348027124415428	0.2867644706186667	-9.044023732030517	-0.32065373620474863	NaN	0.2725266093414858	1	16.560258236155793	7	13	22	34	56	135	0.03809620200919433	1.0098324501811238	56.68878972184218	1.0135118461696224	NaN	1	NaN	1	NaN	1	-0.01697077675198605	1.1483661807503764	NaN	NaN	800009909	800009909	800009909	800009909	800009909	800019909	899999999	899999999	89999	89999	89	89	1	1	0	44	0	0	3	NaN	0	0	0	0	0	0	0	0	0	NaN	NaN	NaN	NaN	0	0	0	0	0	0	0	0	17206	0	0	0	18000	18000	18000	18000	6	NaN	0.27809403130394655	0.24369730166313514	0.051737608270251784	0.21341027354875558	NaN	NaN	5.331663533553556e-8	NaN	0.04933662728482494	NaN	NaN	-0.00001697077675198605	NaN	NaN	NaN	95641.53152821181	11.629790205734238	NaN	0	0	0	0	0.0002840837946698432	-1	0	2.1310043473111255	88.95089707183836	1.0001117783255047	-316.7146207258506	9.000945033841663	-273.1499938964844	226
DATA	2025-08-25T203000_AIU-0547.ghg	2025-08-25	21:00:00	237.874	0	18000	18000	0.03468701874003094	0	NaN	55.83406752430018	0	NaN	NaN	NaN	NaN	NaN	NaN	NaN	NaN	NaN	NaN	-0.014115711602277679	0	NaN	NaN	NaN	NaN	NaN	NaN	NaN	NaN	NaN	NaN	NaN	NaN	3.862242876372648e-13	NaN	NaN	NaN	NaN	NaN	0	NaN	NaN	NaN	NaN	0	0.08996013686731426	2.2730558137052	2.2730558137052	-0.1	0	NaN	NaN	NaN	NaN	9	290.7694848675197	289.65754686642845	95309.21141657863	1.1463245845959578	1005.4668081066143	0.02526736722352723	NaN	NaN	NaN	NaN	NaN	NaN	NaN	NaN	1.5930246854101602	0.6337888025084844	0.36423412601254435	1.7527356883065355	-2.058650002148383e-14	4.293282570333593e-15	1.7527356883065355	3.635647086838622	310.30474186758386	21.69525813241614	11.993980704875666	NaN	0.17395210326076818	0.2737873594349944	-7.9334947696570035	-0.36553878009619944	NaN	0.2784801461471519	1	20.12831284404542	9	16	27	41	67	157	0.034366945046699425	1.0093134170900726	55.09800974680247	1.0133590628932005	NaN	1	NaN	1	NaN	1	-0.012285398453545092	1.1489828071636072	NaN	NaN	800009909	800009909	800009909	800009919	800009919	800019919	899999999	899999999	89999	89999	89	89	4	0	0	57	0	0	5	NaN	0	0	0	0	0	0	0	0	0	NaN	NaN	NaN	NaN	0	13	0	0	0	0	0	0	17406	0	0	0	18000	18000	18000	18000	6	NaN	0.2769099315097326	0.21536729062504037	0.055297496735215806	0.19874153858662874	NaN	NaN	7.045535402307698e-8	NaN	0.04780359589458625	NaN	NaN	-0.000012285398453545091	NaN	NaN	NaN	95693.8878250868	11.63990669292874	NaN	0	0	0	0	0.00028339979964140294	-1	0	2.13004195699758	87.7310340047942	1.0001472893688415	-288.6136195458355	9.001108239067925	-273.1499938964844	102
DATA	2025-08-25T210000_AIU-0547.ghg	2025-08-25	21:30:00	237.895	0	18000	18000	0.05307167188045852	0	NaN	57.51108664178772	0	NaN	NaN	NaN	NaN	NaN	NaN	NaN	NaN	NaN	NaN	-0.01683682147395067	0	NaN	NaN	NaN	NaN	NaN	NaN	NaN	NaN	NaN	NaN	NaN	NaN	1.2897439086375764e-13	NaN	NaN	NaN	NaN	NaN	0	NaN	NaN	NaN	NaN	0	0.08979581290421053	2.2660188010310236	2.2660188010310236	-0.1	0	NaN	NaN	NaN	NaN	9	290.53788344065345	289.4477338562011	95361.42923046876	1.147784026181866	1005.4618780446963	0.025235239013296686	NaN	NaN	NaN	NaN	NaN	NaN	NaN	NaN	1.4123308345450707	0.34989382454550216	0.316238107663925	1.48899651289071	-2.442326529597219e-14	1.436307403345641e-15	1.48899651289071	3.252211438117742	318.08557864284256	13.914421357157451	12.262060898841481	NaN	0.2150311098137957	0.3328287522505903	-14.554415996517992	-0.19925224074217734	NaN	0.23175253412396604	0	75.54247868354715	-11.463862584976296	25.931288380948857	64.57257458134599	98.47725052119495	138.11574407137456	206.9225526026924	0.052539048118888834	1.010137674370583	56.737915078850094	1.0136270703966321	NaN	1	NaN	1	NaN	1	-0.014664291101213612	1.1481510669518324	NaN	NaN	800009909	800009909	800009909	800009909	800009919	800009919	899999999	899999999	89999	89999	89	89	0	0	0	41	0	0	3	NaN	0	0	0	0	0	0	0	0	0	NaN	NaN	NaN	NaN	0	0	0	0	0	0	0	0	17306	0	0	0	18000	18000	18000	18000	6	NaN	0.3279839782968582	0.2881955902781314	0.04947793592619097	0.20704211836136846	NaN	NaN	6.043095135105025e-8	NaN	0.049164042743388786	NaN	NaN	-0.000014664291101213612	NaN	NaN	NaN	95750.94513802083	11.65999984741211	NaN	0	0	0	0	0.0002829719449606879	-1	0	2.124010210063722	88.531032239045	1.000148034721613	-273.3922439066569	9.001070057736502	-273.1499938964844	123
DATA	2025-08-25T213000_AIU-0547.ghg	2025-08-25	22:00:00	237.916	0	18000	18000	0.03319987556251858	0	NaN	57.48367165364557	0	NaN	NaN	NaN	NaN	NaN	NaN	NaN	NaN	NaN	NaN	-0.01530306305952976	0	NaN	NaN	NaN	NaN	NaN	NaN	NaN	NaN	NaN	NaN	NaN	NaN	9.534469746736413e-13	NaN	NaN	NaN	NaN	NaN	0	NaN	NaN	NaN	NaN	0	0.08990495067347064	2.2670640547085146	2.2670640547085146	-0.1	0	NaN	NaN	NaN	NaN	9	290.3269252107408	289.3149819140965	95389.54120746528	1.148649201038946	1005.4587722366205	0.025216231561511607	NaN	NaN	NaN	NaN	NaN	NaN	NaN	NaN	1.6495695569144229	0.218813775104689	0.321818103822657	1.6948528205193132	-1.2933387546288907e-14	1.0605055311542334e-14	1.6948528205193132	3.91181696232605	324.4438838275446	7.556116172455427	10.945762292378575	NaN	0.17001002081694755	0.23637754675025593	-7.1979957561080115	-0.4028899291221648	NaN	0.2927644212537602	1	19.388553951569875	9	15	26	39	64	149	0.032888508967675215	1.009467336909356	56.723723074286085	1.0133973677708752	NaN	1	NaN	1	NaN	1	-0.013321386252008943	1.1487590533021268	NaN	NaN	800009909	800009909	800009909	800009909	800009919	800019919	899999999	899999999	89999	89999	89	89	6	4	2	37	0	0	2	NaN	0	0	0	0	0	0	0	0	0	NaN	NaN	NaN	NaN	0	0	0	0	0	0	0	0	16512	0	0	0	18000	18000	18000	18000	6	NaN	0.28209314598628615	0.14023161291634512	0.050430334597880606	0.23099727803428308	NaN	NaN	9.968235610526531e-8	NaN	0.04911487530434045	NaN	NaN	-0.000013321386252008942	NaN	NaN	NaN	95779.36103927951	11.666634443706936	NaN	0	0	0	0	0.00028262826754427004	-1	0	2.1252629776795713	88.20398420418633	1.0001437615835005	-273.1499938964844	9.001022323264015	-273.1499938964844	091
DATA	2025-08-25T220000_AIU-0547.ghg	2025-08-25	22:30:00	237.937	0	18000	18000	0.028711763490042633	1	NaN	40.353594150935834	0	NaN	NaN	NaN	NaN	NaN	NaN	NaN	NaN	NaN	NaN	-0.006240365134100652	0	NaN	NaN	NaN	NaN	NaN	NaN	NaN	NaN	NaN	NaN	NaN	NaN	-9.64498543653593e-13	NaN	NaN	NaN	NaN	NaN	0	NaN	NaN	NaN	NaN	0	0.0897758881157885	2.2577001088347277	2.2577001088347277	0	0	NaN	NaN	NaN	NaN	9	289.56386135652326	288.57384787241625	95402.6518702257	1.1517575160069273	1005.4416255079701	0.025148179051404738	NaN	NaN	NaN	NaN	NaN	NaN	NaN	NaN	1.830424997953897	0.10624009166738432	0.3550045372329378	1.86755745605535	-6.434286592553136e-15	-1.0743402977084786e-14	1.86755745605535	3.7012813240830718	328.6782101014338	3.32178989856621	10.95805342846587	NaN	0.15788810287342078	0.16390323639908208	-8.213603464074664	-0.3530728032689013	NaN	0.22070638593165023	1	25.17067391624047	11	20	33	51	83	194	0.02845441343142674	1.0090442932248838	39.82348944838089	1.0133113574399868	NaN	1	NaN	1	NaN	1	-0.005428835357946041	1.1494850594366979	NaN	NaN	800009909	800009909	800009909	800009909	800009919	800019919	899999999	899999999	89999	89999	89	89	5	19	2	71	0	0	5	NaN	0	0	0	0	0	0	0	0	0	NaN	NaN	NaN	NaN	0	0	0	0	0	0	0	0	17802	0	0	0	18000	18000	18000	18000	6	NaN	0.1433128493015196	0.1385980716210645	0.045895551875580094	0.1339426986749303	NaN	NaN	6.685663881297314e-8	NaN	0.034389146347706956	NaN	NaN	-0.000005428835357946041	NaN	NaN	NaN	95789.89484309895	11.670000076293945	NaN	0	0	0	0	0.00028212650010310525	-1	0	2.114958395324371	85.66266787359004	1.0001778365572294	-273.1499938964844	9.00118567140897	-273.1499938964844	163
DATA	2025-08-25T223000_AIU-0547.ghg	2025-08-25	23:00:00	237.958	0	18000	18000	0.018948884177998237	1	NaN	39.204004534422104	0	NaN	NaN	NaN	NaN	NaN	NaN	NaN	NaN	NaN	NaN	0.00572337513146582	2	NaN	NaN	NaN	NaN	NaN	NaN	NaN	NaN	NaN	NaN	NaN	NaN	-1.7715873101004997e-12	NaN	NaN	NaN	NaN	NaN	0	NaN	NaN	NaN	NaN	0	0.09022048961619539	2.267640391554782	2.267640391554782	0	1	NaN	NaN	NaN	NaN	9	289.46091677178276	288.45644096628826	95416.01103993056	1.1523876472982182	1005.4389391692438	0.025134427902148298	NaN	NaN	NaN	NaN	NaN	NaN	NaN	NaN	1.547087360920195	-0.1369616045122685	0.29974327311422433	1.5817976524216464	4.866145738038725e-14	-1.9636197028379724e-14	1.5817976524216464	3.2728425548457256	337.05913064791207	354.9408693520879	10.923333890706358	NaN	0.12823085070282947	0.18558729418508035	-4.529571631669921	-0.6402371428953105	NaN	0.26386610851859377	1	22.65452791316525	10	18	29	44	71	160	0.018764812878669917	1.0098093863508522	38.68165428341861	1.0135038239878849	NaN	1	NaN	1	NaN	1	0.004983842258376584	1.1483860914430564	NaN	NaN	800009909	800009909	800009909	800009909	800009909	800009909	899999999	899999999	89999	89999	89	89	5	3	0	40	0	0	3	NaN	0	0	0	0	0	0	0	0	0	NaN	NaN	NaN	NaN	0	0	0	0	0	0	0	0	17406	0	0	0	18000	18000	18000	18000	6	NaN	0.13261349043551676	0.20055551444363703	0.03800558349100693	0.13521427778934803	NaN	NaN	8.514015310261185e-8	NaN	0.033384951063972365	NaN	NaN	0.0000049838422583765835	NaN	NaN	NaN	95805.95678081598	11.620597039476717	NaN	0	0	0	0	0.0002816800934443664	-1	0	2.1242880064116574	87.02219800818085	1.0001554841382636	-273.1499938964844	9.000997969150543	-273.1499938964844	156
DATA	2025-08-25T230000_AIU-0547.ghg	2025-08-25	23:30:00	237.979	0	18000	18000	0.04420148110975611	1	NaN	41.11805662670057	1	NaN	NaN	NaN	NaN	NaN	NaN	NaN	NaN	NaN	NaN	-0.019304533147342644	1	NaN	NaN	NaN	NaN	NaN	NaN	NaN	NaN	NaN	NaN	NaN	NaN	-5.294945455915401e-13	NaN	NaN	NaN	NaN	NaN	0	NaN	NaN	NaN	NaN	0	0.09020979531150722	2.2703554041286385	2.2703554041286385	0	0	NaN	NaN	NaN	NaN	9	289.9170357191298	288.88463593546555	95432.06359418403	1.150873125277131	1005.4487760801658	0.02516750421934535	NaN	NaN	NaN	NaN	NaN	NaN	NaN	NaN	0.7578079804955687	0.4138019223890438	0.24373872486679637	0.8971697343732065	-4.7692780334575147e-14	-5.869590367244713e-15	0.8971697343732065	2.3062689238674774	303.3632019573639	28.63679804263613	15.763972558977924	NaN	0.19597681110693405	0.20060562413658922	-15.418704485698887	-0.18808324672736285	NaN	0.1813178226299775	1	6.792903030920573	3	6	10	15	26	67	0.043589475395760954	1.0140402174708134	40.48173732948223	1.0157186756101726	NaN	1	NaN	1	NaN	1	-0.016800839356537887	1.1490219469201977	NaN	NaN	800009909	800009909	800009909	800009909	800009909	800009909	899999999	899999999	89999	89999	89	89	0	6	0	26	0	0	0	NaN	0	0	0	0	0	0	0	0	0	NaN	NaN	NaN	NaN	0	0	0	0	0	0	0	0	17703	0	0	0	18000	18000	18000	18000	6	NaN	0.23841515891772644	0.1247553444709863	0.038040744884465724	0.11382615035763681	NaN	NaN	3.217771263488445e-8	NaN	0.034984183641724696	NaN	NaN	-0.00001680083935653789	NaN	NaN	NaN	95826.6496391059	11.633208761850991	NaN	0	0	0	0	0.0002814658616617736	-1	0	2.128185839487447	87.49891136317787	1.0001810520721806	-273.1499938964844	9.001157862795724	-273.1499938964844	141
