DATAH	filename	date	time	DOY	daytime	file_records	used_records	Tau	qc_Tau	rand_err_Tau	H	qc_H	rand_err_H	LE	qc_LE	rand_err_LE	co2_flux	qc_co2_flux	rand_err_co2_flux	h2o_flux	qc_h2o_flux	rand_err_h2o_flux	ch4_flux	qc_ch4_flux	rand_err_ch4_flux	none_flux	qc_none_flux	rand_err_none_flux	H_strg	LE_strg	co2_strg	h2o_strg	ch4_strg	none_strg	co2_v-adv	h2o_v-adv	ch4_v-adv	none_v-adv	co2_molar_density	co2_mole_fraction	co2_mixing_ratio	co2_time_lag	co2_def_timelag	h2o_molar_density	h2o_mole_fraction	h2o_mixing_ratio	h2o_time_lag	h2o_def_timelag	ch4_molar_density	ch4_mole_fraction	ch4_mixing_ratio	ch4_time_lag	ch4_def_timelag	none_molar_density	none_mole_fraction	none_mixing_ratio	none_time_lag	none_def_timelag	sonic_temperature	air_temperature	air_pressure	air_density	air_heat_capacity	air_molar_volume	ET	water_vapor_density	e	es	specific_humidity	RH	VPD	Tdew	u_unrot	v_unrot	w_unrot	u_rot	v_rot	w_rot	wind_speed	max_wind_speed	wind_dir	yaw	pitch	roll	u*	TKE	L	(z-d)/L	bowen_ratio	T*	model	x_peak	x_offset	x_10%	x_30%	x_50%	x_70%	x_90%	un_Tau	Tau_scf	un_H	H_scf	un_LE	LE_scf	un_co2_flux	co2_scf	un_h2o_flux	h2o_scf	un_ch4_flux	ch4_scf	un_none_flux	un_none_scf	spikes_hf	amplitude_resolution_hf	drop_out_hf	absolute_limits_hf	skewness_kurtosis_hf	skewness_kurtosis_sf	discontinuities_hf	discontinuities_sf	timelag_hf	timelag_sf	attack_angle_hf	non_steady_wind_hf	u_spikes	v_spikes	w_spikes	ts_spikes	co2_spikes	h2o_spikes	ch4_spikes	none_spikes	head_detect_LI-7200	t_out_LI-7200	t_in_LI-7200	aux_in_LI-7200	delta_p_LI-7200	chopper_LI-7200	detector_LI-7200	pll_LI-7200	sync_LI-7200	chopper_LI-7500	detector_LI-7500	pll_LI-7500	sync_LI-7500	not_ready_LI-7700	no_signal_LI-7700	re_unlocked_LI-7700	bad_temp_LI-7700	laser_temp_unregulated_LI-7700	block_temp_unregulated_LI-7700	motor_spinning_LI-7700	pump_on_LI-7700	top_heater_on_LI-7700	bottom_heater_on_LI-7700	calibrating_LI-7700	motor_failure_LI-7700	bad_aux_tc1_LI-7700	bad_aux_tc2_LI-7700	bad_aux_tc3_LI-7700	box_connected_LI-7700	mean_value_RSSI_LI-7200	mean_value_LI-7500	u_var	v_var	w_var	ts_var	co2_var	h2o_var	ch4_var	none_var	w/ts_cov	w/co2_cov	w/h2o_cov	w/ch4_cov	w/none_cov	co2_mean	h2o_mean	air_p_mean	vin_sf_mean	dew_point_mean	avg_signal_strength_7200_mean	co2_signal_strength_7200_mean	h2o_signal_strength_7200_mean	delta_signal_strength_7200_mean	flowrate_mean	hit_power_mean	hit_vin_mean	ch4_mean	rssi_77_mean	ch4_aux-1_mean	ch4_aux-2_mean	ch4_aux-3_mean	ch4_aux-4_mean	CHK
DATAU		[yyyy-mm-dd]	[HH:MM]	[ddd.ddd]	[1=daytime]	[#]	[#]	[kg+1m-1s-2]	[#]	[kg+1m-1s-2]	[W+1m-2]	[#]	[W+1m-2]	[W+1m-2]	[#]	[W+1m-2]	[µmol+1s-1m-2]	[#]	[µmol+1s-1m-2]	[mmol+1s-1m-2]	[#]	[mmol+1s-1m-2]	[µmol+1s-1m-2]	[#]	[µmol+1s-1m-2]	[µmol+1s-1m-2]	[#]	[µmol+1s-1m-2]	[W+1m-2]	[W+1m-2]	[µmol+1s-1m-2]	[mmol+1s-1m-2]	[µmol+1s-1m-2]	[µmol+1s-1m-2]	[µmol+1s-1m-2]	[mmol+1s-1m-2]	[µmol+1s-1m-2]	[µmol+1s-1m-2]	[mmol+1m-3]	[µmol+1mol_a-1]	[µmol+1mol_d-1]	[s]	[1=default]	[mmol+1m-3]	[mmol+1mol_a-1]	[mmol+1mol_d-1]	[s]	[1=default]	[mmol+1m-3]	[µmol+1mol_a-1]	[µmol+1mol_d-1]	[s]	[1=default]	[mmol+1m-3]	[µmol+1mol_a-1]	[µmol+1mol_d-1]	[s]	[1=default]	[K]	[K]	[Pa]	[kg+1m-3]	[J+1kg-1K-1]	[m+3mol-1]	[mm]	[kg+1m-3]	[Pa]	[Pa]	[kg+1kg-1]	[%]	[Pa]	[K]	[m+1s-1]	[m+1s-1]	[m+1s-1]	[m+1s-1]	[m+1s-1]	[m+1s-1]	[m+1s-1]	[m+1s-1]	[deg_from_north]	[deg]	[deg]	[deg]	[m+1s-1]	[m+2s-2]	[m]	[#]	[#]	[K]	[0=KJ/1=KM/2=HS]	[m]	[m]	[m]	[m]	[m]	[m]	[m]	[kg+1m-1s-2]	[#]	[W+1m-2]	[#]	[W+1m-2]	[#]	[µmol+1s-1m-2]	[#]	[mmol+1s-1m-2]	[#]	[µmol+1s-1m-2]	[#]	[µmol+1s-1m-2]	[#]	8u/v/w/ts/co2/h2o/ch4/none	8u/v/w/ts/co2/h2o/ch4/none	8u/v/w/ts/co2/h2o/ch4/none	8u/v/w/ts/co2/h2o/ch4/none	8u/v/w/ts/co2/h2o/ch4/none	8u/v/w/ts/co2/h2o/ch4/none	8u/v/w/ts/co2/h2o/ch4/none	8u/v/w/ts/co2/h2o/ch4/none	8co2/h2o/ch4/none	8co2/h2o/ch4/none	8aa	8U	[#]	[#]	[#]	[#]	[#]	[#]	[#]	[#]	[#_flagged_recs]	[#_flagged_recs]	[#_flagged_recs]	[#_flagged_recs]	[#_flagged_recs]	[#_flagged_recs]	[#_flagged_recs]	[#_flagged_recs]	[#_flagged_recs]	[#_flagged_recs]	[#_flagged_recs]	[#_flagged_recs]	[#_flagged_recs]	[#_flagged_recs]	[#_flagged_recs]	[#_flagged_recs]	[#_flagged_recs]	[#_flagged_recs]	[#_flagged_recs]	[#_flagged_recs]	[#_flagged_recs]	[#_flagged_recs]	[#_flagged_recs]	[#_flagged_recs]	[#_flagged_recs]	[#_flagged_recs]	[#_flagged_recs]	[#_flagged_recs]	[#_flagged_recs]	[#]	[#]	[m+2s-2]	[m+2s-2]	[m+2s-2]	[K+2]	--	--	--	--	[m+1s-1K+1]	--	--	--	--	--	--	--	--	--	--	--	--	--	--	--	--	--	--	--	--	--	--	207
DATA	2025-09-09T233000_AIU-0547.ghg	2025-09-10	00:00:00	253	0	18000	18000	0.019897487596280555	0	NaN	48.10205053854809	0	NaN	NaN	NaN	NaN	NaN	NaN	NaN	NaN	NaN	NaN	-0.018572521056067846	0	NaN	NaN	NaN	NaN	NaN	NaN	NaN	NaN	NaN	NaN	NaN	NaN	7.638107695087076e-13	NaN	NaN	NaN	NaN	NaN	0	NaN	NaN	NaN	NaN	0	0.09065939757186507	2.2399615029798525	2.2399615029798525	0	0	NaN	NaN	NaN	NaN	9	285.5414922536214	284.80175059174735	95835.17695086781	1.1723029915831544	1005.3594157667105	0.024707438643680052	NaN	NaN	NaN	NaN	NaN	NaN	NaN	NaN	1.3334589144546127	0.6780469588611427	0.32333130753505046	1.5304912575351661	9.207685086609629e-15	8.425058956554836e-15	1.5304912575351661	3.035278702809867	305.04724059753653	26.952759402463432	12.196191128508215	NaN	0.13028043041315787	0.24569139576116417	-3.8833706296640482	-0.7467739437095346	NaN	0.3132731562332535	1	20.27412311244867	9	16	26	39	63	141	0.01970077275076549	1.0099851334769303	47.45815895082634	1.0135675635540122	NaN	1	NaN	1	NaN	1	-0.016174658335973903	1.1482481218636242	NaN	NaN	800009909	800009909	800009909	800009909	800009919	800019919	899999999	899999999	89999	89999	89	89	0	0	0	38	0	0	7	NaN	0	0	0	0	0	0	0	0	0	NaN	NaN	NaN	NaN	0	2	0	0	0	0	0	0	14136	0	0	0	18000	18000	18000	18000	6	NaN	0.2022729087434407	0.23623418838688293	0.05287569439200471	0.12520270246645243	NaN	NaN	6.110842913126697e-8	NaN	0.04026703606007988	NaN	NaN	-0.000016174658335973902	NaN	NaN	NaN	96220.16799587673	11.38169673903783	NaN	0	0	0	0	0.000275558857722596	-1	0	2.098505363904768	85.99013596872591	1.0001557355125745	-273.1499938964844	9.00097134478887	-273.1499938964844	250
DATA	2025-09-10T000000_AIU-0547.ghg	2025-09-10	00:30:00	253.02	0	18000	18000	0.017885990164112048	0	NaN	44.94063764858891	0	NaN	NaN	NaN	NaN	NaN	NaN	NaN	NaN	NaN	NaN	-0.016719769854639046	0	NaN	NaN	NaN	NaN	NaN	NaN	NaN	NaN	NaN	NaN	NaN	NaN	-3.8630276266897195e-13	NaN	NaN	NaN	NaN	NaN	0	NaN	NaN	NaN	NaN	0	0.09064663398337018	2.239495448005219	2.239495448005219	-0.1	0	NaN	NaN	NaN	NaN	9	285.5431465182834	284.8160736375863	95846.44585870644	1.1723818778125383	1005.3597119260166	0.02470577615067396	NaN	NaN	NaN	NaN	NaN	NaN	NaN	NaN	1.4252128582563606	0.5595794568861368	0.287976147373319	1.557976611302065	-2.7245378632202567e-14	-4.261633837830561e-15	1.557976611302065	3.3435633915887326	310.5636038882411	21.43639611175886	10.651794859911584	NaN	0.1235156378470913	0.2827064071038752	-3.5424038544067855	-0.8186531291152394	NaN	0.3086929495398226	1	21.55804866565821	10	17	28	42	66	148	0.01771084249184069	1.009889290831424	44.34061473771799	1.0135321288263628	NaN	1	NaN	1	NaN	1	-0.014560207306158354	1.148319491822571	NaN	NaN	800009909	800009909	800009909	800009919	800009919	800019919	899999999	899999999	89999	89999	89	89	5	0	0	47	0	0	8	NaN	0	0	0	0	0	0	0	0	0	NaN	NaN	NaN	NaN	0	26	0	0	0	0	101	0	15026	0	0	16	18000	18000	18000	18000	6	NaN	0.24784521942521856	0.2624076587627799	0.055159936019751915	0.12892299819243142	NaN	NaN	6.719508050556809e-8	NaN	0.03761933684871205	NaN	NaN	-0.000014560207306158354	NaN	NaN	NaN	96231.91972243924	11.382485726886324	NaN	0	0	0	0	0.0002763690756012995	-1	0	2.098068358928517	85.35757625189713	1.0001545546965467	-273.1499938964844	9.000968417247137	-273.1499938964844	114
DATA	2025-09-10T003000_AIU-0547.ghg	2025-09-10	01:00:00	253.041	0	18000	18000	0.02167556091814133	0	NaN	49.55743960922231	0	NaN	NaN	NaN	NaN	NaN	NaN	NaN	NaN	NaN	NaN	-0.017572007357766664	0	NaN	NaN	NaN	NaN	NaN	NaN	NaN	NaN	NaN	NaN	NaN	NaN	-3.135854614241658e-13	NaN	NaN	NaN	NaN	NaN	0	NaN	NaN	NaN	NaN	0	0.09094320058136522	2.2460976109448376	2.2460976109448376	0	0	NaN	NaN	NaN	NaN	9	285.43964929538305	284.70997530480054	95841.65670774502	1.1727601685652331	1005.3575210128246	0.024697806945284437	NaN	NaN	NaN	NaN	NaN	NaN	NaN	NaN	1.3861308025146464	0.6345908688043937	0.30904967725413035	1.5554985938472157	-1.873274445268267e-14	-3.448146309119686e-15	1.5554985938472157	3.347756348811022	307.40100334196944	24.59899665803058	11.459900529373074	NaN	0.13595042476575686	0.2580802286873584	-4.283392489182698	-0.6770334512477377	NaN	0.3091708593687606	1	20.20115148857794	9	16	26	40	63	143	0.021463124229491436	1.009897752367197	48.89562706618824	1.0135352092353411	NaN	1	NaN	1	NaN	1	-0.015302458432994185	1.1483126998652073	NaN	NaN	800009909	800009909	800009909	800009919	800009919	800019919	899999999	899999999	89999	89999	89	89	11	0	0	53	0	0	8	NaN	0	0	0	0	0	0	0	0	0	NaN	NaN	NaN	NaN	0	11	0	0	0	0	0	0	14293	0	0	0	18000	18000	18000	18000	6	NaN	0.19252017488438938	0.26557289502078885	0.05806738746953861	0.1295151455060649	NaN	NaN	5.944820929299953e-8	NaN	0.041470596456227644	NaN	NaN	-0.000015302458432994186	NaN	NaN	NaN	96226.90610590277	11.390000343322754	NaN	0	0	0	0	0.00027702551252958884	-1	0	2.10413143933868	86.15816904187216	1.0001439028084278	-273.1499938964844	9.000876482433743	-273.1499938964844	218
DATA	2025-09-10T010000_AIU-0547.ghg	2025-09-10	01:30:00	253.062	0	18000	18000	0.014642927145427455	0	NaN	46.750978131043276	0	NaN	NaN	NaN	NaN	NaN	NaN	NaN	NaN	NaN	NaN	-0.01873091143601947	0	NaN	NaN	NaN	NaN	NaN	NaN	NaN	NaN	NaN	NaN	NaN	NaN	-4.546968597062529e-13	NaN	NaN	NaN	NaN	NaN	0	NaN	NaN	NaN	NaN	0	0.09101237942609522	2.2468964642984393	2.2468964642984393	0	0	NaN	NaN	NaN	NaN	9	285.318809554206	284.6009045121935	95843.72934071181	1.173234989938828	1005.3552756952413	0.024687811465504937	NaN	NaN	NaN	NaN	NaN	NaN	NaN	NaN	1.2591960366277324	0.4319139869566971	0.29485450861853496	1.3634748006620827	1.1279983220970875e-14	-4.9959891453610485e-15	1.3634748006620827	3.0197658327610424	313.0676349594117	18.932365040588312	12.489005078774552	NaN	0.11171756145647599	0.24200657314403548	-2.519616253307503	-1.1509689208398963	NaN	0.35478453952195926	1	18.38428719927204	8	14	24	35	56	123	0.014488410112553968	1.0106648715540982	46.11206395579078	1.0138556837504615	NaN	1	NaN	1	NaN	1	-0.016316811147424032	1.1479517208836825	NaN	NaN	800009909	800009909	800009909	800009909	800009919	800019919	899999999	899999999	89999	89999	89	89	9	0	0	54	0	0	5	NaN	0	0	0	0	0	0	0	0	0	NaN	NaN	NaN	NaN	0	0	0	0	0	0	0	0	12838	17998	0	0	18000	18000	18000	18000	6	NaN	0.1709187339993355	0.2591225556653446	0.05397185662339088	0.13670828716451927	NaN	NaN	3.7304276850663836e-8	NaN	0.03909398964084466	NaN	NaN	-0.00001631681114742403	NaN	NaN	NaN	96229.76126996528	11.384181321250068	NaN	0	0	0	0	0.00027634265274779554	-1	0	2.1047344920414464	87.17073582381492	1.0001477071841558	-273.1499938964844	9.000899613298705	-273.1499938964844	227
DATA	2025-09-10T013000_AIU-0547.ghg	2025-09-10	02:00:00	253.083	0	18000	18000	0.008915436318723028	0	NaN	42.84092821188482	0	NaN	NaN	NaN	NaN	NaN	NaN	NaN	NaN	NaN	NaN	-0.01046576467000625	0	NaN	NaN	NaN	NaN	NaN	NaN	NaN	NaN	NaN	NaN	NaN	NaN	-3.2157844233643435e-13	NaN	NaN	NaN	NaN	NaN	0	NaN	NaN	NaN	NaN	0	0.09093637358043533	2.2447904929928746	2.2447904929928746	-0.1	0	NaN	NaN	NaN	NaN	9	285.24024419063994	284.5510528886583	95836.74034765625	1.173354965493406	1005.3542518111003	0.024685287136585733	NaN	NaN	NaN	NaN	NaN	NaN	NaN	NaN	1.140229335947666	0.5701851488651073	0.26628674992356327	1.3023604246623879	-2.6326590612599675e-14	-3.536301588406654e-15	1.3023604246623879	3.2024026395148635	305.4321155979687	26.567884402031343	11.798165634491363	NaN	0.08716790201200358	0.24451900772233087	-1.3060163498262993	-2.2204928754419506	NaN	0.4166330749570677	1	18.307138254767075	8	14	23	34	54	115	0.008818755992107085	1.010963034548464	42.24954324082837	1.0139974287458084	NaN	1	NaN	1	NaN	1	-0.009117222461673973	1.1479115173509409	NaN	NaN	800009909	800009909	800009909	800009909	800009909	800019919	899999999	899999999	89999	89999	89	89	7	0	0	51	0	0	1	NaN	0	0	0	0	0	0	0	0	0	NaN	NaN	NaN	NaN	0	0	0	0	0	0	0	0	14266	18000	0	0	18000	18000	18000	18000	6	NaN	0.16782175987280534	0.26598483044458215	0.05523142512727424	0.11088918188962557	NaN	NaN	7.966385658611157e-8	NaN	0.03581570329792372	NaN	NaN	-0.000009117222461673973	NaN	NaN	NaN	96224.06721180555	11.380000114440918	NaN	0	0	0	0	0.0002759779461549543	-1	0	2.1025635664075617	79.33313805838101	1.0001458360403777	-273.1499938964844	9.000947365283967	-273.1499938964844	049
DATA	2025-09-10T020000_AIU-0547.ghg	2025-09-10	02:30:00	253.104	0	18000	18000	0.03415567132230047	1	NaN	43.220062969609586	0	NaN	NaN	NaN	NaN	NaN	NaN	NaN	NaN	NaN	NaN	-0.004413114080750476	1	NaN	NaN	NaN	NaN	NaN	NaN	NaN	NaN	NaN	NaN	NaN	NaN	-2.1851843678479297e-13	NaN	NaN	NaN	NaN	NaN	0	NaN	NaN	NaN	NaN	0	0.09101061506031287	2.246580042960313	2.246580042960313	0	1	NaN	NaN	NaN	NaN	9	285.23303167046436	284.51971094936795	95828.02373697917	1.1733774876120542	1005.3536088470187	0.02468481332063849	NaN	NaN	NaN	NaN	NaN	NaN	NaN	NaN	1.1406991205707773	0.5704843736329643	0.2645464541053588	1.3025481682495093	-4.9355700911705795e-15	-2.4010214263465913e-15	1.3025481682495093	2.9347790063396326	305.42953188480885	26.570468115191126	11.71824895128715	NaN	0.1706131640299076	0.22160790819879794	-9.70647274311548	-0.2987697052007781	NaN	0.21474163994386325	1	14.180079256380283	6	11	19	30	49	119	0.03378531425466665	1.0109620725988262	42.623464119048215	1.0139969583160828	NaN	1	NaN	1	NaN	1	-0.003844472114804027	1.1479115855091682	NaN	NaN	800009909	800009909	800009909	800009909	800009909	800019919	899999999	899999999	89999	89999	89	89	4	0	0	40	0	0	2	NaN	0	0	342	0	0	0	0	0	0	NaN	NaN	NaN	NaN	0	0	0	0	0	0	0	0	13397	603	0	0	18000	18000	18000	18000	6	NaN	0.1346148924300602	0.25311956179044287	0.05548136217709282	0.11943188919553134	NaN	NaN	1.1084860936951933e-7	NaN	0.03613201236879153	NaN	NaN	-0.000003844472114804027	NaN	NaN	NaN	96214.7439609375	11.416606746196745	NaN	0	0	0	0	0.0002723755815596734	-1	0	2.1039512217823004	73.72375392267467	1.000141609698534	-273.1499938964844	9.000909899075825	-273.1499938964844	003
DATA	2025-09-10T023000_AIU-0547.ghg	2025-09-10	03:00:00	253.124	0	18000	18000	0.011962327673008344	0	NaN	49.36598308287879	0	NaN	NaN	NaN	NaN	NaN	NaN	NaN	NaN	NaN	NaN	-0.017216396635424697	0	NaN	NaN	NaN	NaN	NaN	NaN	NaN	NaN	NaN	NaN	NaN	NaN	-9.732409016527096e-14	NaN	NaN	NaN	NaN	NaN	0	NaN	NaN	NaN	NaN	0	0.0909964920766651	2.2454280812559313	2.2454280812559313	0	0	NaN	NaN	NaN	NaN	9	285.1149059829712	284.3956123190986	95820.4956232639	1.1737972825306213	1005.3510687604241	0.02467598508483321	NaN	NaN	NaN	NaN	NaN	NaN	NaN	NaN	1.1727864625609221	0.2731516055549105	0.2427915799413598	1.2284085792902153	-3.6988865204638876e-15	-1.0695367254737118e-15	1.2284085792902153	2.310836634254975	318.88907950995	13.110920490050013	11.399410341655827	NaN	0.10095115621243368	0.1563739550060699	-1.7603128826373526	-1.6474344013520679	NaN	0.4143865482831523	1	16.03550308407084	7	13	20	30	48	105	0.011827875957911111	1.0113673592431702	48.674780486863504	1.0142004255407342	NaN	1	NaN	1	NaN	1	-0.014997902439169134	1.147920297871898	NaN	NaN	800009909	800009909	800009909	800009909	800009909	800019919	899999999	899999999	89999	89999	89	89	3	3	0	44	0	0	3	NaN	0	0	5982	0	0	0	0	0	0	NaN	NaN	NaN	NaN	0	0	0	0	0	0	0	0	12377	0	0	0	18000	18000	18000	18000	6	NaN	0.10624433733080672	0.16175157853957553	0.04475199414175756	0.11615489820016622	NaN	NaN	1.3506720448883537e-7	NaN	0.041247075148642336	NaN	NaN	-0.000014997902439169134	NaN	NaN	NaN	96205.88065299479	11.42496995306015	NaN	0	0	0	0	0.00027224509707432146	-1	0	2.1024575394027756	78.00864811515827	1.0001608323421742	-273.1499938964844	9.000998728725646	-273.1499938964844	158
DATA	2025-09-10T030000_AIU-0547.ghg	2025-09-10	03:30:00	253.145	0	18000	18000	0.01344110865481557	1	NaN	40.84163779741615	0	NaN	NaN	NaN	NaN	NaN	NaN	NaN	NaN	NaN	NaN	-0.03630926682827709	1	NaN	NaN	NaN	NaN	NaN	NaN	NaN	NaN	NaN	NaN	NaN	NaN	1.524016091727089e-12	NaN	NaN	NaN	NaN	NaN	0	NaN	NaN	NaN	NaN	0	0.091600707218051	2.2601812802268793	2.2601812802268793	0	0	NaN	NaN	NaN	NaN	9	285.04380699751107	284.3340754063924	95806.39154622395	1.1738785094590638	1005.3498126009177	0.02467427762153221	NaN	NaN	NaN	NaN	NaN	NaN	NaN	NaN	1.06135784378732	0.06108785928871221	0.20963685906970492	1.0835865502127258	7.613570180387752e-15	1.663760180474637e-14	1.0835865502127258	2.2577932596986234	328.7058996510217	3.2941003489780747	11.155109521632436	NaN	0.10700546779554139	0.130262843490149	-2.533683348505765	-1.1445787026663254	NaN	0.3234125184409948	1	14.487361112164466	6	11	19	28	44	99	0.013277401720242691	1.0123297417689254	40.249175165492495	1.0147198701460993	NaN	1	NaN	1	NaN	1	-0.03162401519569715	1.1481548628024132	NaN	NaN	800009909	800009909	800009909	800009909	800009919	800019919	899999999	899999999	89999	89999	89	89	2	3	1	70	0	0	2	NaN	0	0	123	0	0	0	0	0	0	NaN	NaN	NaN	NaN	0	0	0	0	0	0	0	0	13829	0	0	0	18000	18000	18000	18000	6	NaN	0.08597329149842983	0.1323712915890598	0.04218110389280836	0.09501767992214152	NaN	NaN	2.067000984814185e-7	NaN	0.034104888299595536	NaN	NaN	-0.00003162401519569715	NaN	NaN	NaN	96192.67983181422	11.4399995803833	NaN	0	0	0	0	0.00027584340922314583	-1	0	2.115849275601793	80.96639737013322	1.00015230369899	-273.1499938964844	9.000942084815767	-273.1499938964844	027
DATA	2025-09-10T033000_AIU-0547.ghg	2025-09-10	04:00:00	253.166	0	18000	18000	0.017894401058055006	0	NaN	33.379060036899034	0	NaN	NaN	NaN	NaN	NaN	NaN	NaN	NaN	NaN	NaN	-0.011275258247936898	0	NaN	NaN	NaN	NaN	NaN	NaN	NaN	NaN	NaN	NaN	NaN	NaN	-1.8030926245009726e-13	NaN	NaN	NaN	NaN	NaN	0	NaN	NaN	NaN	NaN	0	0.09184010349979829	2.2677372195769987	2.2677372195769987	0	0	NaN	NaN	NaN	NaN	9	285.25708321380614	284.51763356696233	95798.52988172743	1.1730249113222482	1005.3535662512037	0.02469223283902309	NaN	NaN	NaN	NaN	NaN	NaN	NaN	NaN	0.9838052163890382	-0.06377185259768998	0.19582438310150244	1.0051302114627148	-1.535925942158035e-14	-1.9632955057644644e-15	1.0051302114627148	2.5931520161747588	335.7088167071905	356.2911832928096	11.234494350560535	NaN	0.12351080882193233	0.1472525290805662	-4.767103124014882	-0.608335906431494	NaN	0.2291622506302093	1	13.13845940618824	6	10	17	26	43	98	0.0176652544471886	1.012971599789375	32.882987217130314	1.0150860022689876	NaN	1	NaN	1	NaN	1	-0.00981798789593019	1.148428615664803	NaN	NaN	800009909	800009909	800009909	800009909	800009919	800019919	899999999	899999999	89999	89999	89	89	17	9	0	39	0	0	2	NaN	0	0	5531	0	0	0	0	0	0	NaN	NaN	NaN	NaN	0	0	0	0	0	0	0	0	14527	0	0	0	18000	18000	18000	18000	6	NaN	0.1218321424444066	0.13529118294122994	0.03738173277549588	0.0923833930955115	NaN	NaN	4.311995790383835e-8	NaN	0.027883366398043626	NaN	NaN	-0.00000981798789593019	NaN	NaN	NaN	96185.61187890625	11.416724047025047	NaN	0	0	0	0	0.0002749108950471659	-1	0	2.123153782952715	81.0891169688435	1.0001586136751706	-273.1499938964844	9.001002889023887	-273.1499938964844	117
DATA	2025-09-10T040000_AIU-0547.ghg	2025-09-10	04:30:00	253.187	0	18000	18000	0.028359046177282136	0	NaN	63.95834862197422	0	NaN	NaN	NaN	NaN	NaN	NaN	NaN	NaN	NaN	NaN	-0.0293119031888946	0	NaN	NaN	NaN	NaN	NaN	NaN	NaN	NaN	NaN	NaN	NaN	NaN	-7.400018834875058e-13	NaN	NaN	NaN	NaN	NaN	0	NaN	NaN	NaN	NaN	0	0.09148118514332698	2.260183807868774	2.260183807868774	-0.1	0	NaN	NaN	NaN	NaN	9	285.44588447062176	284.6592090004815	95790.68554622396	1.1723455028406087	1005.3564750642089	0.02470654270960373	NaN	NaN	NaN	NaN	NaN	NaN	NaN	NaN	1.5934161923369916	0.16710985033725126	0.3270745227357474	1.6351998677544723	9.657287085930152e-15	-8.089115617906756e-15	1.6351998677544723	3.0876396741219607	326.01297937937045	5.987020620629636	11.53819456747702	NaN	0.1555313705313047	0.23519243210028287	-4.967597179940665	-0.5837832446862447	NaN	0.3489020665226109	1	18.882715885565943	8	15	25	37	60	137	0.028088257500100026	1.0096406363827	63.10965209729949	1.01344796709331	NaN	1	NaN	1	NaN	1	-0.025520752009058192	1.1485517032762513	NaN	NaN	800009909	800009909	800009909	800009909	800009919	800019919	899999999	899999999	89999	89999	89	89	4	7	2	39	0	0	7	NaN	0	0	2442	0	0	0	0	0	0	NaN	NaN	NaN	NaN	0	0	0	0	0	0	0	0	12736	0	0	0	18000	18000	18000	18000	6	NaN	0.20917137809571112	0.20587553235365463	0.05533795375119999	0.15900118306443403	NaN	NaN	1.321801369692574e-7	NaN	0.0535451432628606	NaN	NaN	-0.000025520752009058194	NaN	NaN	NaN	96175.44407052951	11.399999618530273	NaN	0	0	0	0	0.00027548601520053747	-1	0	2.1162430532972016	70.67631534814736	1.000148330926895	-273.1499938964844	9.000953776200612	-273.1499938964844	162
DATA	2025-09-10T043000_AIU-0547.ghg	2025-09-10	05:00:00	253.208	0	18000	18000	0.007086163181164125	0	NaN	47.26389085785226	0	NaN	NaN	NaN	NaN	NaN	NaN	NaN	NaN	NaN	NaN	-0.007748484482461937	0	NaN	NaN	NaN	NaN	NaN	NaN	NaN	NaN	NaN	NaN	NaN	NaN	-2.3048747816192795e-14	NaN	NaN	NaN	NaN	NaN	0	NaN	NaN	NaN	NaN	0	0.0918729102307417	2.2678179300789063	2.2678179300789063	0.1	0	NaN	NaN	NaN	NaN	9	285.09906290859647	284.3733031200833	95780.72756271702	1.1734021720085552	1005.3506131002372	0.024684294036002672	NaN	NaN	NaN	NaN	NaN	NaN	NaN	NaN	1.7068146838678193	0.32623212876050944	0.30433139024439654	1.7641602427190421	-2.989109426883074e-14	-2.5087643091206254e-16	1.7641602427190421	3.306979687464317	321.1792777273913	10.820722272608688	9.933659574965953	NaN	0.07771093434569276	0.13810139066713215	-0.8384395745021773	-3.4588062016536756	NaN	0.5155643807182583	1	24.58929751900203	11	19	31	45	70	149	0.0070209773837590925	1.009284433468739	46.64110608906604	1.0133527015332129	NaN	1	NaN	1	NaN	1	-0.006743505260284634	1.1490292041582666	NaN	NaN	800009909	800009909	800009909	800009909	800009919	800019919	899999999	899999999	89999	89999	89	89	10	8	0	52	0	0	11	NaN	0	0	1731	0	0	0	0	0	0	NaN	NaN	NaN	NaN	0	0	0	0	0	0	0	0	14828	0	0	0	18000	18000	18000	18000	6	NaN	0.09416990735917305	0.13409789345622952	0.0479349805188617	0.13967943267058122	NaN	NaN	1.119730371299299e-7	NaN	0.03953706313740081	NaN	NaN	-0.0000067435052602846335	NaN	NaN	NaN	96164.91812890625	11.390848615169524	NaN	0	0	0	0	0.0002753967276463906	-1	0	2.1224991433990223	69.02136362833475	1.0001325394610563	-273.1499938964844	9.000861888779534	-273.1499938964844	139
DATA	2025-09-10T050000_AIU-0547.ghg	2025-09-10	05:30:00	253.229	0	18000	18000	0.013201657591755575	0	NaN	51.866350956196925	0	NaN	NaN	NaN	NaN	NaN	NaN	NaN	NaN	NaN	NaN	-0.02112969969526537	0	NaN	NaN	NaN	NaN	NaN	NaN	NaN	NaN	NaN	NaN	NaN	NaN	1.4801821164479215e-12	NaN	NaN	NaN	NaN	NaN	0	NaN	NaN	NaN	NaN	0	0.0918887086561176	2.2694834936823987	2.2694834936823987	-0.1	0	NaN	NaN	NaN	NaN	9	285.2278849809435	284.4862074661255	95764.8991653646	1.1727426471362432	1005.3529221857755	0.024698175944290024	NaN	NaN	NaN	NaN	NaN	NaN	NaN	NaN	1.99946799882246	0.8118554034309979	0.3593046869073003	2.1877114371939963	-1.2904106753272341e-13	1.6108422221791412e-14	2.1877114371939963	3.6715595989293957	309.9010911963629	22.098908803637066	9.452953577407635	NaN	0.10609938653895964	0.23689750903346316	-1.9442742358308873	-1.4915591363379264	NaN	0.41462125158106017	1	31.38686138383998	14	24	40	59	92	198	0.013090440252028632	1.0084960732859773	51.18361152421096	1.0133390241847826	NaN	1	NaN	1	NaN	1	-0.018354066654661133	1.1512271418007163	NaN	NaN	800009909	800009909	800009909	800009909	800009919	800019919	899999999	899999999	89999	89999	89	89	8	5	1	56	0	0	5	NaN	0	0	11442	0	0	0	0	0	0	NaN	NaN	NaN	NaN	0	0	0	0	0	0	0	0	12046	0	0	0	18000	18000	18000	18000	6	NaN	0.2070419948513636	0.2157655804945884	0.05098744272097428	0.15834885824056266	NaN	NaN	1.5506421980868815e-7	NaN	0.04341198689565552	NaN	NaN	-0.000018354066654661134	NaN	NaN	NaN	96152.12138411458	11.394971331172519	NaN	0	0	0	0	0.00027277445444552655	-1	0	2.123992244713836	63.413554703712244	1.0001499057379033	-273.1499938964844	9.000946784496307	-273.1499938964844	083
DATA	2025-09-10T053000_AIU-0547.ghg	2025-09-10	06:00:00	253.249	0	18000	18000	0.02206516533090448	1	NaN	43.966470445973926	0	NaN	NaN	NaN	NaN	NaN	NaN	NaN	NaN	NaN	NaN	-0.012984268174165078	0	NaN	NaN	NaN	NaN	NaN	NaN	NaN	NaN	NaN	NaN	NaN	NaN	-8.099765372543127e-14	NaN	NaN	NaN	NaN	NaN	0	NaN	NaN	NaN	NaN	0	0.0915902817007154	2.2662887497889512	2.2662887497889512	0	0	NaN	NaN	NaN	NaN	9	285.75315104929604	284.97349766370985	95752.17437131077	1.17058175468747	1005.3629750383393	0.024743768746059547	NaN	NaN	NaN	NaN	NaN	NaN	NaN	NaN	2.10291802665093	1.1330117935710253	0.37720482639889485	2.4183183066426595	-8.131211604685462e-14	-8.843476864729265e-16	2.4183183066426595	4.143009795032644	303.68506669964887	28.31493330035112	8.973530401224668	NaN	0.13729436652964846	0.19722774295914838	-4.96940376185202	-0.5835710155536274	NaN	0.2721098400698091	1	36.37591918490154	16	29	47	71	112	252	0.02188486401615352	1.0082386308006244	43.38205193982184	1.0134714353060748	NaN	1	NaN	1	NaN	1	-0.011263925365290231	1.1527303096464117	NaN	NaN	800009909	800009909	800009909	800009909	800009919	800019919	899999999	899999999	89999	89999	89	89	13	4	1	69	0	0	4	NaN	0	0	2844	0	0	0	0	0	0	NaN	NaN	NaN	NaN	0	0	0	0	0	0	0	0	15189	0	0	0	18000	18000	18000	18000	6	NaN	0.12371481191187003	0.21785577543476764	0.05288489857165906	0.14101798165614518	NaN	NaN	1.3337648181529006e-7	NaN	0.036862556572781646	NaN	NaN	-0.000011263925365290232	NaN	NaN	NaN	96139.67360091145	11.40999984741211	NaN	0	0	0	0	0.0002760237168630636	-1	0	2.1218410904550993	62.74211295996754	1.0001163727011946	-273.1499938964844	9.000796086655722	-273.1499938964844	002
DATA	2025-09-10T060000_AIU-0547.ghg	2025-09-10	06:30:00	253.27	1	18000	18000	0.021694951193846797	0	NaN	28.758360483868383	0	NaN	NaN	NaN	NaN	NaN	NaN	NaN	NaN	NaN	NaN	-0.007357044193136902	0	NaN	NaN	NaN	NaN	NaN	NaN	NaN	NaN	NaN	NaN	NaN	NaN	7.356579607116398e-13	NaN	NaN	NaN	NaN	NaN	0	NaN	NaN	NaN	NaN	0	0.09134776562452315	2.262931101207433	2.262931101207433	0	0	NaN	NaN	NaN	NaN	9	286.10998631837634	285.30842836761474	95752.74196549479	1.169214510232687	1005.3699665600741	0.024772703368673623	NaN	NaN	NaN	NaN	NaN	NaN	NaN	NaN	1.7855895714859178	1.0677765743564533	0.3280789476672565	2.106208139393131	5.8870572497803925e-15	8.05337662812133e-15	2.106208139393131	3.698194274734622	301.12071788119476	30.879282118805246	8.961316156072828	NaN	0.13621729145445088	0.2574304327142671	-7.420021962700102	-0.39083442267126484	NaN	0.17960225242200922	1	34.67011790865026	15	27	46	69	111	256	0.021509714377647187	1.0086117747984653	28.380538459440533	1.0133127151540062	NaN	1	NaN	1	NaN	1	-0.006393310236637402	1.1507409965774447	NaN	NaN	800009909	800009909	800009909	800009909	800009919	800019919	899999999	899999999	89999	89999	89	89	4	9	0	61	0	0	0	NaN	0	0	0	0	0	0	0	0	0	NaN	NaN	NaN	NaN	0	0	0	0	0	0	0	0	16253	0	0	0	18000	18000	18000	18000	6	NaN	0.24670869125943218	0.21807373969380064	0.05007843447530136	0.1015643834749589	NaN	NaN	6.367708412732886e-8	NaN	0.024143516604670685	NaN	NaN	-0.000006393310236637401	NaN	NaN	NaN	96139.07416927084	11.415818869484795	NaN	0	0	0	0	0.0002781174111943175	-1	0	2.1194793559511504	64.8986474320095	1.0001456201208963	-273.1499938964844	9.00093961625629	-273.1499938964844	131
DATA	2025-09-10T063000_AIU-0547.ghg	2025-09-10	07:00:00	253.291	1	18000	18000	0.030385772408544377	0	NaN	31.481230395622607	0	NaN	NaN	NaN	NaN	NaN	NaN	NaN	NaN	NaN	NaN	-0.01208949415101517	1	NaN	NaN	NaN	NaN	NaN	NaN	NaN	NaN	NaN	NaN	NaN	NaN	5.16304222273711e-13	NaN	NaN	NaN	NaN	NaN	0	NaN	NaN	NaN	NaN	0	0.09045992923403781	2.244668217204588	2.244668217204588	0	0	NaN	NaN	NaN	NaN	9	286.5950417556763	285.8112451477051	95762.04645681423	1.1672709710188423	1005.3805878431392	0.02481395062113287	NaN	NaN	NaN	NaN	NaN	NaN	NaN	NaN	1.3746506283231055	0.5179158776412851	0.2618155084469233	1.4921288706828844	1.3780224504013732e-14	5.707546165970674e-15	1.4921288706828844	3.4834736515053755	311.35550630341186	20.644493696588125	10.105684888755315	NaN	0.16134269158217843	0.3042881634337345	-11.264281788344666	-0.25745094578516997	NaN	0.1662647636731006	1	19.19666074537691	8	15	26	40	67	161	0.030081175662769095	1.0101258258383923	31.058146659934277	1.0136223110902531	NaN	1	NaN	1	NaN	1	-0.010529469125337657	1.1481579942072804	NaN	NaN	800009909	800009909	800009909	800009909	800009919	800019919	899999999	899999999	89999	89999	89	89	6	2	0	52	0	0	7	NaN	0	0	0	0	0	0	0	0	0	NaN	NaN	NaN	NaN	0	0	0	0	0	0	0	0	16911	0	0	0	18000	18000	18000	18000	6	NaN	0.2551640497087417	0.27480906602237626	0.07860321113635108	0.07098980156773327	NaN	NaN	9.394408794484731e-8	NaN	0.026465088813444934	NaN	NaN	-0.000010529469125337657	NaN	NaN	NaN	96149.88037478298	11.420000076293945	NaN	0	0	0	0	0.00027768690010998397	-1	0	2.103736239368718	76.83426715755489	1.0001571379171477	-273.1499938964844	9.000998754103978	-273.1499938964844	014
DATA	2025-09-10T070000_AIU-0547.ghg	2025-09-10	07:30:00	253.312	1	18000	18000	0.04911525975148856	0	NaN	32.74542448930486	0	NaN	NaN	NaN	NaN	NaN	NaN	NaN	NaN	NaN	NaN	-0.008950518833308605	0	NaN	NaN	NaN	NaN	NaN	NaN	NaN	NaN	NaN	NaN	NaN	NaN	-9.353945551700276e-13	NaN	NaN	NaN	NaN	NaN	0	NaN	NaN	NaN	NaN	0	0.0903310531979957	2.2442043849998177	2.2442043849998177	-0.1	0	NaN	NaN	NaN	NaN	9	286.9765339719985	286.1886363991631	95771.67272526042	1.1658488966602019	1005.3886584382423	0.024844218079476715	NaN	NaN	NaN	NaN	NaN	NaN	NaN	NaN	1.2912579070167618	-0.0002753161324486287	0.2607021350711364	1.3173126665536563	7.931628182351932e-13	-1.0355182653740855e-14	1.3173126665536563	4.7738722038949675	332.01221634508215	359.9877836548804	11.414447928552457	NaN	0.205251854415287	0.3662141850739691	-22.29731710540533	-0.1300604905195962	NaN	0.13610913919006198	0	54.69977581065266	-8.300902012352235	18.77666295358421	46.756545650461334	71.30668227771615	100.00863578058758	149.83116035879303	0.048586284837983995	1.0108873299382426	32.294568882557805	1.0139607253587015	NaN	1	NaN	1	NaN	1	-0.007797180739452095	1.1479173219649588	NaN	NaN	800009909	800009909	800009909	800009909	800009919	800009919	899999999	899999999	89999	89999	89	89	7	10	2	37	0	0	7	NaN	0	0	0	0	0	0	0	0	0	NaN	NaN	NaN	NaN	0	0	0	0	0	0	0	0	16512	0	0	0	18000	18000	18000	18000	6	NaN	0.24636040949617952	0.3850270222337012	0.10104093841805742	0.10021555017036819	NaN	NaN	3.954526079154845e-8	NaN	0.02755200721580778	NaN	NaN	-0.000007797180739452095	NaN	NaN	NaN	96160.23609787326	11.410848200162253	NaN	0	0	0	0	0.0002784427669377894	-1	0	2.1043468826148253	81.39925128539939	1.0001536560936106	-273.1499938964844	9.0009692568779	-273.1499938964844	058
DATA	2025-09-10T073000_AIU-0547.ghg	2025-09-10	08:00:00	253.333	1	18000	18000	0.030270438849531033	0	NaN	26.53116509465572	0	NaN	NaN	NaN	NaN	NaN	NaN	NaN	NaN	NaN	NaN	-0.007870612630721103	0	NaN	NaN	NaN	NaN	NaN	NaN	NaN	NaN	NaN	NaN	NaN	NaN	-2.761159978650483e-13	NaN	NaN	NaN	NaN	NaN	0	NaN	NaN	NaN	NaN	0	0.0904067921775083	2.2483928516731124	2.2483928516731124	0	0	NaN	NaN	NaN	NaN	9	287.33518765597876	286.5466290113661	95793.09117100695	1.1646527668642408	1005.3963924477865	0.02486973376135864	NaN	NaN	NaN	NaN	NaN	NaN	NaN	NaN	0.9714876518725902	0.11127829187366377	0.1777651293130443	0.993866971572609	-8.563435378843928e-15	-3.054151034613762e-15	0.993866971572609	2.5643790147189427	325.4655785487999	6.534421451200121	10.303487114406588	NaN	0.1612171083549953	0.2577016879187807	-13.338030519756408	-0.2174234041303545	NaN	0.14054370866861773	1	10.817704563192276	5	9	15	23	40	99	0.029879846260853223	1.0130721083792704	26.135359222297364	1.0151444588533023	NaN	1	NaN	1	NaN	1	-0.006853080659658776	1.1484780380671882	NaN	NaN	800009909	800009909	800009909	800009909	800009919	800019919	899999999	899999999	89999	89999	89	89	16	4	0	38	0	0	1	NaN	0	0	0	0	0	0	0	0	0	NaN	NaN	NaN	NaN	0	0	0	0	0	0	0	0	17307	0	0	0	18000	18000	18000	18000	6	NaN	0.15089536654050517	0.28742322482155774	0.07708478447549838	0.039933997139802745	NaN	NaN	1.514972591254204e-8	NaN	0.0223200255997415	NaN	NaN	-0.0000068530806596587755	NaN	NaN	NaN	96181.68866514757	11.412485459857516	NaN	0	0	0	0	0.0002786246256113777	-1	0	2.109517591893672	84.53342974819617	1.0001246473954784	-273.1499938964844	9.000866555637783	-273.1499938964844	170
DATA	2025-09-10T080000_AIU-0547.ghg	2025-09-10	08:30:00	253.354	1	18000	18000	0.044043612957537795	0	NaN	37.840421673903606	1	NaN	NaN	NaN	NaN	NaN	NaN	NaN	NaN	NaN	NaN	-0.039436176959727356	1	NaN	NaN	NaN	NaN	NaN	NaN	NaN	NaN	NaN	NaN	NaN	NaN	8.353520473558266e-13	NaN	NaN	NaN	NaN	NaN	0	NaN	NaN	NaN	NaN	0	0.08955393112920206	2.2301471498646936	2.2301471498646936	-0.2	0	NaN	NaN	NaN	NaN	9	287.7925201890733	286.9797375852796	95810.34177148438	1.1631044943036442	1005.4058511021467	0.02490283923602634	NaN	NaN	NaN	NaN	NaN	NaN	NaN	NaN	0.968640132428085	-0.10884884084045271	0.17291017581833898	0.9899543955173224	3.5255261851175326e-15	9.327921586721191e-15	0.9899543955173224	4.436853741222911	338.41159185101884	353.5884081489812	10.059151507469474	NaN	0.1945951902898786	0.3133033088280693	-16.44806854066446	-0.17631249485800402	NaN	0.16628907720529149	1	8.159871651145387	4	7	12	18	31	81	0.043473778456157346	1.0131075448607514	37.27513830534861	1.0151651581792758	NaN	1	NaN	1	NaN	1	-0.03433724438393802	1.1484956835433908	NaN	NaN	800009909	800009909	800009909	800009909	800009909	800009919	899999999	899999999	89999	89999	89	89	7	27	0	23	0	0	1	NaN	0	0	0	0	0	0	0	0	0	NaN	NaN	NaN	NaN	0	0	0	0	0	0	0	0	16812	0	0	0	18000	18000	18000	18000	6	NaN	0.2286403937811439	0.3106827624543357	0.08728346142065897	0.13486381743638698	NaN	NaN	2.5261022107557545e-7	NaN	0.031875655267689436	NaN	NaN	-0.000034337244383938027	NaN	NaN	NaN	96198.72241471354	11.420000076293945	NaN	0	0	0	0	0.0002788798473452011	-1	0	2.093712952825758	84.12447413368274	1.000151885802547	-273.1499938964844	9.001000039921866	-273.1499938964844	097
DATA	2025-09-10T083000_AIU-0547.ghg	2025-09-10	09:00:00	253.374	1	18000	18000	0.017077890599429837	2	NaN	36.510234430625495	2	NaN	NaN	NaN	NaN	NaN	NaN	NaN	NaN	NaN	NaN	0.016616843996070742	2	NaN	NaN	NaN	NaN	NaN	NaN	NaN	NaN	NaN	NaN	NaN	NaN	-8.781508449793532e-13	NaN	NaN	NaN	NaN	NaN	0	NaN	NaN	NaN	NaN	0	0.08843069175964716	2.2059307108272446	2.2059307108272446	0.2	0	NaN	NaN	NaN	NaN	9	288.1994006652832	287.47752604166664	95813.14026193577	1.1611244073045774	1005.4168600495367	0.024945306509904053	NaN	NaN	NaN	NaN	NaN	NaN	NaN	NaN	1.8111976106271563	0.7876037667381967	0.3227915222790442	2.0012373284988088	1.0102276668149469e-14	-9.930385339132589e-15	2.0012373284988088	5.530390060552083	308.49806769878603	23.501932301213955	9.282127132116324	NaN	0.12127680203695299	0.8474029909358741	-4.126738685397744	-0.7027341009648861	NaN	0.2578766187410251	1	31.67588188571421	14	25	41	61	97	216	0.0169291960264747	1.0087833215896727	36.03112488086154	1.0132971021956199	NaN	1	NaN	1	NaN	1	0.014447461467901834	1.150156657831458	NaN	NaN	800009909	800009909	800009909	800009909	800009909	800019909	899999999	899999999	89999	89999	89	89	2	0	1	82	0	0	1	NaN	0	0	0	0	0	0	0	0	0	NaN	NaN	NaN	NaN	0	0	0	0	0	0	0	0	16514	0	0	0	18000	18000	18000	18000	6	NaN	0.8280973123952008	0.637043154881516	0.22966551459503157	0.03907106037472216	NaN	NaN	1.1382471766928554e-7	NaN	0.030864049224307837	NaN	NaN	0.000014447461467901834	NaN	NaN	NaN	96204.52030989583	11.41418105422126	NaN	0	0	0	0	0.0002797639895288739	-1	0	2.0722178253266543	72.55531354713428	1.0001751911342145	-273.1499938964844	9.001148624075784	-273.1499938964844	144
DATA	2025-09-10T090000_AIU-0547.ghg	2025-09-10	09:30:00	253.395	1	18000	18000	0.04053503705864896	1	NaN	39.30458956399662	1	NaN	NaN	NaN	NaN	NaN	NaN	NaN	NaN	NaN	NaN	-0.016014518921595514	1	NaN	NaN	NaN	NaN	NaN	NaN	NaN	NaN	NaN	NaN	NaN	NaN	1.9725948732799262e-13	NaN	NaN	NaN	NaN	NaN	0	NaN	NaN	NaN	NaN	0	0.08898260017442006	2.2244235549094635	2.2244235549094635	0	1	NaN	NaN	NaN	NaN	9	288.60470459493007	288.1006851605555	95816.85639270821	1.158657842965413	1005.4308493069543	0.024998410369546847	NaN	NaN	NaN	NaN	NaN	NaN	NaN	NaN	2.5345727743182613	0.8700003368766406	0.4001018691526941	2.709435594396042	3.1827367515165124e-14	2.216832132813973e-15	2.709435594396042	7.15988706576525	313.0550501219164	18.944949878083595	8.491913332221024	NaN	0.18704137408491103	1.0760655422171677	-14.062943697729445	-0.20621571573725522	NaN	0.1803840647634196	1	36.42549789747093	16	29	49	76	126	304	0.04021208031856107	1.0080313362932087	38.77194867237807	1.013737790073936	NaN	1	NaN	1	NaN	1	-0.013867094786285082	1.1548575363769986	NaN	NaN	800009909	800009909	800009909	800009919	800009919	800019919	899999999	899999999	89999	89999	89	89	8	4	0	55	0	0	1	NaN	0	0	0	0	0	0	0	0	0	NaN	NaN	NaN	NaN	0	3	0	0	0	0	101	0	9101	0	0	16	18000	18000	18000	18000	6	NaN	1.1492859492599548	0.7176749295775232	0.2851702055968571	0.10968180956478744	NaN	NaN	3.2507838650996044e-7	NaN	0.0332820613641234	NaN	NaN	-0.000013867094786285083	NaN	NaN	NaN	96213.77564626736	11.40999984741211	NaN	0	0	0	0	0.0002808023191917325	-1	0	2.0909456769857155	72.39031554667164	1.0001636570907302	-273.1499938964844	9.001088269101249	-273.1499938964844	116
DATA	2025-09-10T093000_AIU-0547.ghg	2025-09-10	10:00:00	253.416	1	18000	18000	0.03768011520105749	2	NaN	48.76809916636489	2	NaN	NaN	NaN	NaN	NaN	NaN	NaN	NaN	NaN	NaN	-0.007014560245513536	2	NaN	NaN	NaN	NaN	NaN	NaN	NaN	NaN	NaN	NaN	NaN	NaN	1.6965427982637548e-13	NaN	NaN	NaN	NaN	NaN	0	NaN	NaN	NaN	NaN	0	0.0894961700698616	2.2447736891203376	2.2447736891203376	-0.1	0	NaN	NaN	NaN	NaN	9	289.6765692863464	289.0652183939617	95815.93584201389	1.1547806174429265	1005.4529572755839	0.02508234360607884	NaN	NaN	NaN	NaN	NaN	NaN	NaN	NaN	2.9002650494081754	1.365988510676852	0.40528757693939227	3.231365034802066	4.898910223710627e-14	1.8956596655917417e-15	3.231365034802066	8.274067492897872	306.7801517773299	25.219848222670127	7.205185578835414	NaN	0.1806368569736359	1.2980206768216176	-10.209307776666993	-0.28405451803773085	NaN	0.23252423207204617	1	44.76212426430866	20	35	59	91	148	344	0.037385097399276965	1.0078913209354439	48.075032863384045	1.0144163459014235	NaN	1	NaN	1	NaN	1	-0.006051474094996783	1.1591490164872407	NaN	NaN	800009909	800009909	800009909	800009909	800009909	800019909	899999999	899999999	89999	89999	89	89	8	3	3	86	0	0	1	NaN	0	0	0	0	0	0	0	0	0	NaN	NaN	NaN	NaN	0	0	0	0	0	0	0	0	12836	0	0	0	18000	18000	18000	18000	6	NaN	1.4973205572107047	0.786917513375925	0.31180328305660543	0.1471471048299317	NaN	NaN	2.062817944065957e-7	NaN	0.041405530008863184	NaN	NaN	-0.000006051474094996783	NaN	NaN	NaN	96209.0622141927	11.419151723543802	NaN	0	0	0	0	0.00028197371713920596	-1	0	2.112469183295963	73.39489425049884	1.0001719691124227	-273.1903688981798	9.001185371637344	-273.1499938964844	003
DATA	2025-09-10T100000_AIU-0547.ghg	2025-09-10	10:30:00	253.437	1	18000	18000	0.08335908435766921	1	NaN	32.238622568817036	1	NaN	NaN	NaN	NaN	NaN	NaN	NaN	NaN	NaN	NaN	-0.014829084069141503	1	NaN	NaN	NaN	NaN	NaN	NaN	NaN	NaN	NaN	NaN	NaN	NaN	1.7645017724996317e-13	NaN	NaN	NaN	NaN	NaN	0	NaN	NaN	NaN	NaN	0	0.08891083874605307	2.2360742745187063	2.2360742745187063	-0.1	0	NaN	NaN	NaN	NaN	9	290.4944498028225	289.83382222332887	95813.69005168957	1.1516912859055508	1005.470970351839	0.02514962524316497	NaN	NaN	NaN	NaN	NaN	NaN	NaN	NaN	3.0319731739404623	1.3594961397371514	0.4356985295382837	3.351257120857289	-2.898268337773961e-15	1.9845744314024497e-15	3.351257120857289	9.01280020121251	307.84917514669934	24.150824853300676	7.470197616591133	NaN	0.2690347796649666	1.6461705382076173	-51.02257086066857	-0.056837590718806834	NaN	0.10348143280307105	0	40.35944217336644	-6.124701057532795	13.854090468436452	34.498644143229924	52.61260905207648	73.78993227679429	110.55076483679923	0.08270647143190632	1.0078907117479943	31.774712892653316	1.0145999643720143	NaN	1	NaN	1	NaN	1	-0.012781457311431195	1.1602029180099047	NaN	NaN	800009909	800009909	800009909	800009919	800009919	800009919	899999999	899999999	89999	89999	89	89	6	1	1	40	0	0	1	NaN	0	0	0	0	0	0	0	0	0	NaN	NaN	NaN	NaN	0	11	0	0	0	0	0	0	8268	0	0	0	18000	18000	18000	18000	6	NaN	1.776684382242535	1.1444284382525376	0.3712282559201616	0.041705774495610075	NaN	NaN	1.1316771842066149e-7	NaN	0.027439488913072133	NaN	NaN	-0.000012781457311431194	NaN	NaN	NaN	96201.20493250867	11.420000076293945	NaN	0	0	0	0	0.00028241890738718204	-1	0	2.1059952282607566	75.27048068883681	1.0001716410252783	-273.1499938964844	9.00124143230792	-273.1499938964844	009
DATA	2025-09-10T103000_AIU-0547.ghg	2025-09-10	11:00:00	253.458	1	18000	18000	0.06928265210365812	1	NaN	37.11299073561136	1	NaN	NaN	NaN	NaN	NaN	NaN	NaN	NaN	NaN	NaN	-0.025757780497710193	1	NaN	NaN	NaN	NaN	NaN	NaN	NaN	NaN	NaN	NaN	NaN	NaN	-3.736696742162296e-13	NaN	NaN	NaN	NaN	NaN	0	NaN	NaN	NaN	NaN	0	0.08954574204650197	2.258782208271297	2.258782208271297	0	1	NaN	NaN	NaN	NaN	9	291.39161936018206	290.6795248887804	95806.51510243055	1.1482545638659039	1005.4911961574566	0.02522489798675508	NaN	NaN	NaN	NaN	NaN	NaN	NaN	NaN	2.857811287255027	1.0339827507070654	0.399752180763686	3.0652907673412355	2.282194236814788e-14	-4.1729474308468995e-15	3.0652907673412355	8.566137333977828	312.1094040876893	19.8905959123107	7.493428785790309	NaN	0.2456366477344812	1.5023602068794886	-33.73281465379274	-0.08596970130608236	NaN	0.1308628392756754	0	40.82360494986134	-6.19513954961735	14.013422529321195	34.895403503333235	53.217692110245416	74.63856986935176	111.82217859246671	0.06873894181842585	1.007909785499295	36.59418168155161	1.0141773645486736	NaN	1	NaN	1	NaN	1	-0.022248541623610646	1.1577289394274484	NaN	NaN	800009909	800009909	800009909	800009909	800009909	800009919	899999999	899999999	89999	89999	89	89	7	5	2	31	0	0	1	NaN	0	0	0	0	0	0	0	0	0	NaN	NaN	NaN	NaN	0	0	0	0	0	0	0	0	10492	0	0	0	18000	18000	18000	18000	6	NaN	1.6670220289609292	1.0369557503299598	0.3007426344680886	0.09958084887887333	NaN	NaN	2.411312981645591e-7	NaN	0.03169535258460246	NaN	NaN	-0.000022248541623610644	NaN	NaN	NaN	96196.4014919705	11.420000076293945	NaN	0	0	0	0	0.0002826110198608755	-1	0	2.1292683094011418	73.4105145640903	1.0001374543805917	-288.69436954922026	9.001067573679817	-273.1499938964844	226
DATA	2025-09-10T110000_AIU-0547.ghg	2025-09-10	11:30:00	253.479	1	18000	18000	0.06344343947633797	1	NaN	25.014235392607624	1	NaN	NaN	NaN	NaN	NaN	NaN	NaN	NaN	NaN	NaN	-0.006973291171821566	1	NaN	NaN	NaN	NaN	NaN	NaN	NaN	NaN	NaN	NaN	NaN	NaN	-1.944586071760649e-15	NaN	NaN	NaN	NaN	NaN	0	NaN	NaN	NaN	NaN	0	0.0889877769614854	2.2511046217601733	2.2511046217601733	-0.1	0	NaN	NaN	NaN	NaN	9	292.1714318813748	291.42677533128534	95779.84920985243	1.1449915373306974	1005.5094212270599	0.02529678455429299	NaN	NaN	NaN	NaN	NaN	NaN	NaN	NaN	2.681845029805839	1.118632095450117	0.409308234895411	2.9344784477005006	-2.734664418233173e-14	-2.185228284331994e-17	2.9344784477005006	7.367004930717732	309.35835449354886	22.641645506451166	8.017898808515966	NaN	0.23539228317248154	1.2590112949884058	-44.03621998957677	-0.0658548803845203	NaN	0.0923010390809253	0	40.488330699709444	-6.144260388660464	13.89833372870326	34.60881611699885	52.78062826350795	74.02558160983642	110.90381047862702	0.06294364825108015	1.0079402964261648	24.668789440302355	1.0140033605273269	NaN	1	NaN	1	NaN	1	-0.006028904790847815	1.156643107452514	NaN	NaN	800009909	800009909	800009909	800009909	800009909	800009909	899999999	899999999	89999	89999	89	89	3	10	2	15	0	0	1	NaN	0	0	0	0	0	0	0	0	0	NaN	NaN	NaN	NaN	0	0	0	0	0	0	0	0	8228	0	0	0	18000	18000	18000	18000	6	NaN	1.4646798791548392	0.7714091207068402	0.2819335901151324	0.09116799889207464	NaN	NaN	1.310784339768249e-7	NaN	0.021426903671357134	NaN	NaN	-0.000006028904790847815	NaN	NaN	NaN	96169.31529340279	11.420000076293945	NaN	0	0	0	0	0.0002844101286027581	-1	0	2.123316632666852	72.65245049948166	1.0001325084500843	-298.1482983361092	9.001085187620587	-273.1499938964844	224
DATA	2025-09-10T113000_AIU-0547.ghg	2025-09-10	12:00:00	253.499	1	18000	18000	0.062251149034276046	1	NaN	32.09054395997874	1	NaN	NaN	NaN	NaN	NaN	NaN	NaN	NaN	NaN	NaN	-0.011656333210843108	1	NaN	NaN	NaN	NaN	NaN	NaN	NaN	NaN	NaN	NaN	NaN	NaN	-4.291782475819993e-13	NaN	NaN	NaN	NaN	NaN	0	NaN	NaN	NaN	NaN	0	0.08792795593912407	2.2270951981545317	2.2270951981545317	0	1	NaN	NaN	NaN	NaN	9	292.6396571189033	291.78940148417155	95778.43336219619	1.1435516753831423	1005.5183851404033	0.02532863609039696	NaN	NaN	NaN	NaN	NaN	NaN	NaN	NaN	3.0749650787010308	1.3365302902538625	0.45473688975829707	3.38356455397322	-5.657601020043537e-16	-4.881021547676328e-15	3.38356455397322	7.7436910702956645	308.50787603994274	23.492123960057228	7.723683813344059	NaN	0.2333166804361871	1.4088755200919212	-33.425674245651045	-0.0867596560263048	NaN	0.1196149545958417	0	43.138066728006606	-6.546368053701581	14.807902361882475	36.873770620608	56.23482679155396	78.87014415952542	118.16184797294059	0.0617637029989859	1.0078921115739798	31.627175149806593	1.0146509705017073	NaN	1	NaN	1	NaN	1	-0.010044326437874267	1.1604892854627291	NaN	NaN	800009909	800009909	800009909	800009909	800009919	800009919	899999999	899999999	89999	89999	89	89	5	4	4	11	0	0	5	NaN	0	0	0	0	0	0	0	0	0	NaN	NaN	NaN	NaN	0	0	0	0	0	0	0	0	7025	0	0	0	18000	18000	18000	18000	6	NaN	1.6893843110658187	0.8919779048282397	0.23638882428978392	0.061528741819640166	NaN	NaN	1.3185396311626092e-7	NaN	0.027505186461338007	NaN	NaN	-0.000010044326437874267	NaN	NaN	NaN	96160.86519118924	11.420000076293945	NaN	0	0	0	0	0.0002848291512345896	-1	0	2.101581988705528	72.3402656687983	1.0001284444414906	-273.1499938964844	9.001115519179239	-273.1499938964844	043
DATA	2025-09-10T120000_AIU-0547.ghg	2025-09-10	12:30:00	253.52	1	18000	18000	0.0552202025702172	1	NaN	24.44005933767626	1	NaN	NaN	NaN	NaN	NaN	NaN	NaN	NaN	NaN	NaN	-0.018489201104042664	1	NaN	NaN	NaN	NaN	NaN	NaN	NaN	NaN	NaN	NaN	NaN	NaN	1.1561374107297354e-12	NaN	NaN	NaN	NaN	NaN	0	NaN	NaN	NaN	NaN	0	0.0871606659034474	2.2115860044075903	2.2115860044075903	0	0	NaN	NaN	NaN	NaN	9	293.1997383499146	292.27699917433	95768.20922243924	1.1415220515223643	1005.5305615158251	0.025373670353293125	NaN	NaN	NaN	NaN	NaN	NaN	NaN	NaN	2.749556069084877	1.1378880248435044	0.418988317887012	3.0050622197634906	1.3720901635037195e-14	1.3264439856511096e-14	3.0050622197634906	6.6169590315593	309.5180625929462	22.481937407053785	8.014719604712866	NaN	0.2199413290255199	1.0394110911939545	-36.76294750991939	-0.07888377283180356	NaN	0.09680902154297122	0	45.32385963081427	-6.878070559545634	15.558214333259203	38.742153518489594	59.084228598700655	82.86647070874892	124.14907336972013	0.05478618813114415	1.007921968179902	24.100349834290842	1.0140956254046598	NaN	1	NaN	1	NaN	1	-0.015977194076815405	1.157224542378968	NaN	NaN	800009909	800009909	800009909	800009909	800009909	800009909	899999999	899999999	89999	89999	89	89	3	2	4	3	0	0	1	NaN	0	0	0	0	0	0	0	0	0	NaN	NaN	NaN	NaN	0	0	0	0	0	0	0	0	7760	0	0	0	18000	18000	18000	18000	6	NaN	1.020687799767569	0.8724892644771813	0.18564511814315848	0.062349317735985135	NaN	NaN	1.5230305043360157e-7	NaN	0.020996348200718152	NaN	NaN	-0.000015977194076815406	NaN	NaN	NaN	96152.97394292535	11.420000076293945	NaN	0	0	0	0	0.0002852959048177581	-1	0	2.087923359606774	71.7722201450135	1.000106787800789	-273.1499938964844	9.000950923946169	-273.1499938964844	249
DATA	2025-09-10T123000_AIU-0547.ghg	2025-09-10	13:00:00	253.541	1	18000	18000	0.10249802081307417	1	NaN	29.331696125543218	1	NaN	NaN	NaN	NaN	NaN	NaN	NaN	NaN	NaN	NaN	0.009811769679860733	2	NaN	NaN	NaN	NaN	NaN	NaN	NaN	NaN	NaN	NaN	NaN	NaN	4.640198123671364e-13	NaN	NaN	NaN	NaN	NaN	0	NaN	NaN	NaN	NaN	0	0.08758947099082998	2.2278872442382935	2.2278872442382935	0	1	NaN	NaN	NaN	NaN	9	293.8335725775825	292.9731089291043	95762.72070290799	1.1387445074166924	1005.5481898348681	0.02543555999409493	NaN	NaN	NaN	NaN	NaN	NaN	NaN	NaN	1.7434302837030826	0.591135440626602	0.3331526942026156	1.8708236103256282	6.469357813411988e-14	5.297666570171616e-15	1.8708236103256282	7.008963865740075	313.2700229127923	18.729977087207725	10.257833920544263	NaN	0.3000161213358854	1.2665626890963033	-77.7460774048114	-0.037300917252714415	NaN	0.08538142546902469	0	63.37670541814634	-9.617659556098074	21.7551721027964	54.173454573506824	82.61793636419387	115.87283046784691	173.59861483507186	0.10158001241831122	1.0090372935866807	28.946405085677593	1.013310497062596	NaN	1	NaN	1	NaN	1	0.008535680787619683	1.1495005406120522	NaN	NaN	800009909	800009909	800009909	800009909	800009909	800009919	899999999	899999999	89999	89999	89	89	0	10	1	2	0	0	5	NaN	0	0	0	0	0	0	0	0	0	NaN	NaN	NaN	NaN	0	0	0	0	0	0	0	0	4574	0	0	0	18000	18000	18000	18000	6	NaN	1.4860564478837823	0.897668415330914	0.14940051497791051	0.07675275766600106	NaN	NaN	1.3754058969465274e-7	NaN	0.025279323738973743	NaN	NaN	0.000008535680787619684	NaN	NaN	NaN	96154.25409179687	11.422485688739352	NaN	0	0	0	0	0.00028598347136802563	-1	0	2.1048664040184693	74.96108332570381	1.000104118320677	-273.1499938964844	9.001001873837577	-273.1499938964844	112
DATA	2025-09-10T130000_AIU-0547.ghg	2025-09-10	13:30:00	253.562	1	18000	18000	0.05006423534516973	1	NaN	10.200461336321638	0	NaN	NaN	NaN	NaN	NaN	NaN	NaN	NaN	NaN	NaN	-0.006852287535276064	1	NaN	NaN	NaN	NaN	NaN	NaN	NaN	NaN	NaN	NaN	NaN	NaN	-2.8268743170705214e-13	NaN	NaN	NaN	NaN	NaN	0	NaN	NaN	NaN	NaN	0	0.08738393853325091	2.227126859232927	2.227126859232927	0.9	0	NaN	NaN	NaN	NaN	9	294.244019092136	293.50787959374327	95745.07522439236	1.136460272002788	1005.5619280659835	0.025486684356593424	NaN	NaN	NaN	NaN	NaN	NaN	NaN	NaN	1.555990243548852	0.8353705913587662	0.3054181455736048	1.79226948491903	-3.38194185242236e-14	-3.235004469379522e-15	1.79226948491903	5.307648713100935	303.76980851940596	28.230191480594055	9.811577149638897	NaN	0.209887543421111	0.7345109826667819	-76.53689816590166	-0.037890221180821165	NaN	0.04252752114127994	0	55.448455929413136	-8.414517108800522	19.0336606111007	47.39650615544753	72.28266242690168	101.3774618169587	151.88191119403862	0.04960707759494861	1.0092155751232497	10.066192507544352	1.0133385913965638	NaN	1	NaN	1	NaN	1	-0.005962932697822052	1.1491472204237434	NaN	NaN	800009909	800009909	800009909	800009909	800009909	800009909	899999999	899999999	89999	89999	89	89	6	6	3	9	0	0	1	NaN	0	0	0	0	0	0	0	0	0	NaN	NaN	NaN	NaN	0	0	0	0	0	0	0	0	2343	0	0	0	18000	18000	18000	18000	6	NaN	0.8927619530968781	0.4741339128866702	0.10212609935001542	0.045368541761658734	NaN	NaN	2.390688388547171e-7	NaN	0.008808503905719186	NaN	NaN	-0.000005962932697822052	NaN	NaN	NaN	96132.70341796875	11.430000305175781	NaN	0	0	0	0	0.0002865501751689913	-1	0	2.105049030707941	69.4600397368535	1.000091879364517	-289.4211195797442	9.000894741561678	-273.1499938964844	185
DATA	2025-09-10T133000_AIU-0547.ghg	2025-09-10	14:00:00	253.583	1	18000	18000	0.07045181266669956	1	NaN	14.641703266418146	0	NaN	NaN	NaN	NaN	NaN	NaN	NaN	NaN	NaN	NaN	0.008560445164969724	2	NaN	NaN	NaN	NaN	NaN	NaN	NaN	NaN	NaN	NaN	NaN	NaN	1.3905951997060764e-12	NaN	NaN	NaN	NaN	NaN	0	NaN	NaN	NaN	NaN	0	0.08725514265626444	2.2311197244820793	2.2311197244820793	-0.4	0	NaN	NaN	NaN	NaN	9	294.92839443545864	294.3996958312989	95722.83099826387	1.132754395424055	1005.5852169762668	0.025570065632365302	NaN	NaN	NaN	NaN	NaN	NaN	NaN	NaN	1.2287645910673903	0.595122134198928	0.26113475215674997	1.3900446516779479	-3.933994941655673e-14	1.5937114505493727e-14	1.3900446516779479	5.216103001659438	306.15790554278215	25.842094457217865	10.827962965006021	NaN	0.2493895248546393	0.809638768558653	-89.43586435444944	-0.032425470709455104	NaN	0.051541702163564435	0	60.47142796027986	-9.176772493234669	20.757884366154872	51.69006709937507	78.83061377380858	110.56105668414641	165.64060977517536	0.06971670226693946	1.0105442508876197	14.442388598212242	1.013800672018379	NaN	1	NaN	1	NaN	1	0.007456955548716309	1.1479812517379666	NaN	NaN	800009909	800009909	800009909	800009909	800009909	800009909	899999999	899999999	89999	89999	89	89	0	0	4	6	0	0	2	NaN	0	0	0	0	0	0	0	0	0	NaN	NaN	NaN	NaN	0	0	0	0	0	0	0	0	5277	0	0	0	18000	18000	18000	18000	6	NaN	0.890835762196771	0.6123589647186228	0.1160828102019122	0.06623079365089549	NaN	NaN	2.0718576225842313e-7	NaN	0.012678982138746936	NaN	NaN	0.000007456955548716309	NaN	NaN	NaN	96113.04477560763	11.412543238957722	NaN	0	0	0	0	0.00028770076045313747	-1	0	2.110562866694397	72.0309753658502	1.0000824117792977	-273.1499938964844	9.00088562101788	-273.1499938964844	042
DATA	2025-09-10T140000_AIU-0547.ghg	2025-09-10	14:30:00	253.604	1	18000	18000	0.12570959992356162	1	NaN	29.459690987671863	1	NaN	NaN	NaN	NaN	NaN	NaN	NaN	NaN	NaN	NaN	-0.00598536439077661	1	NaN	NaN	NaN	NaN	NaN	NaN	NaN	NaN	NaN	NaN	NaN	NaN	-2.5391679507943474e-12	NaN	NaN	NaN	NaN	NaN	0	NaN	NaN	NaN	NaN	0	0.08624251499768766	2.21094614679203	2.21094614679203	0	1	NaN	NaN	NaN	NaN	9	295.42138364156085	295.090171537172	95699.13527096991	1.1298241338349069	1005.603572847491	0.025636383016558715	NaN	NaN	NaN	NaN	NaN	NaN	NaN	NaN	1.1718380033440927	0.6956700767833005	0.26443749541961115	1.3881960779360014	-1.152943450993404e-13	-2.9442183485284816e-14	1.3881960779360014	6.337986949974533	301.3042084495095	30.695791550490547	10.981382443713466	NaN	0.3335637122255567	1.0270983959821465	-106.34279047590606	-0.027270301889031668	NaN	0.07773412844015451	0	78.82504816343365	-11.962005167783177	27.058088259597497	67.37846560123633	102.75641136761308	144.11732800244636	215.91401896321764	0.12439690630376034	1.0105524619446393	29.05855556790656	1.01380438263106	NaN	1	NaN	1	NaN	1	-0.005213827859743159	1.1479789037514287	NaN	NaN	800009909	800009909	800009909	800009919	800009919	800019919	899999999	899999999	89999	89999	89	89	7	5	0	7	0	0	1	NaN	0	0	0	0	0	0	0	0	0	NaN	NaN	NaN	NaN	0	1	0	0	0	0	0	0	4711	0	0	0	18000	18000	18000	18000	6	NaN	1.5663120381179048	0.38083540183996606	0.1070493520064221	0.10532250166128591	NaN	NaN	7.54132368342722e-7	NaN	0.025576220514872492	NaN	NaN	-0.000005213827859743159	NaN	NaN	NaN	96083.41046788194	11.399999618530273	NaN	0	0	0	0	0.0002891593345622014	-1	0	2.092679948257077	73.4322319890953	1.0000767881886827	-331.5322463480617	9.000684685018328	-297.4557449171264	220
DATA	2025-09-10T143000_AIU-0547.ghg	2025-09-10	15:00:00	253.624	1	18000	18000	0.05797599767226881	1	NaN	9.004508293316002	0	NaN	NaN	NaN	NaN	NaN	NaN	NaN	NaN	NaN	NaN	0.0034177527591117847	0	NaN	NaN	NaN	NaN	NaN	NaN	NaN	NaN	NaN	NaN	NaN	NaN	7.061628094173868e-13	NaN	NaN	NaN	NaN	NaN	0	NaN	NaN	NaN	NaN	0	0.08478135983604525	2.178602508413862	2.178602508413862	0	1	NaN	NaN	NaN	NaN	9	295.88597376675074	295.6785862172445	95664.82290690104	1.1271714435222593	1005.6194391865736	0.025696715794921908	NaN	NaN	NaN	NaN	NaN	NaN	NaN	NaN	0.9831881784309524	0.6478350510859755	0.21972566957302325	1.1977598329762276	3.861282688341936e-14	8.329222493989275e-15	1.1977598329762276	4.430332897719023	298.6186105266139	33.38138947338611	10.570613345807523	NaN	0.22679272886822424	0.6896261179010843	-109.32585290076938	-0.026526205129469346	NaN	0.03502734647871045	0	61.242714398470895	-9.29381818587228	21.022642041592423	52.34935114619995	79.83606354354033	111.97121428235235	167.75328282164617	0.057313984705209375	1.0115506358607669	8.877595967562781	1.014295798796987	NaN	1	NaN	1	NaN	1	0.002977279306041952	1.1479449550386343	NaN	NaN	800009909	800009909	800009909	800009909	800009919	800019919	899999999	899999999	89999	89999	89	89	0	5	3	7	0	0	0	NaN	0	0	0	0	0	0	0	0	0	NaN	NaN	NaN	NaN	0	0	0	0	0	0	0	0	3512	0	0	0	18000	18000	18000	18000	6	NaN	0.8315329155940605	0.4547136914699501	0.0930056287381581	0.057110598325733855	NaN	NaN	1.1589295925989811e-7	NaN	0.007831983039209572	NaN	NaN	0.000002977279306041952	NaN	NaN	NaN	96050.1199952257	11.418302259657118	NaN	0	0	0	0	0.0002898139020221101	-1	0	2.062843897839387	73.31890464443632	1.00008134615918	-407.4372495354492	9.000524726602766	-315.5437456766755	233
DATA	2025-09-10T150000_AIU-0547.ghg	2025-09-10	15:30:00	253.645	1	18000	18000	0.09179886203972253	1	NaN	9.151506019363367	1	NaN	NaN	NaN	NaN	NaN	NaN	NaN	NaN	NaN	NaN	0.027362040524262728	1	NaN	NaN	NaN	NaN	NaN	NaN	NaN	NaN	NaN	NaN	NaN	NaN	-9.171108423491076e-13	NaN	NaN	NaN	NaN	NaN	0	NaN	NaN	NaN	NaN	0	0.08467001348273394	2.1779737163873216	2.1779737163873216	-0.3	0	NaN	NaN	NaN	NaN	9	296.24888727823895	295.8896629557559	95634.98802479023	1.126016082178062	1005.6251809412651	0.025723082196407798	NaN	NaN	NaN	NaN	NaN	NaN	NaN	NaN	1.1972214342251224	0.4308851211172048	0.2876870916674885	1.304517156989632	-7.734840749634502e-15	-1.0831589657607961e-14	1.304517156989632	4.522967238183807	312.20597880108596	19.794021198914027	12.740250935429879	NaN	0.285526454237875	0.5966739645017378	-214.60890648426573	-0.013512952689186813	NaN	0.028305151559636633	0	81.69718004448349	-12.397862261488205	28.043998192307203	69.83352073483158	106.50052535101693	149.36850110048653	223.7812331531042	0.09080437239328594	1.010952001761868	9.025224738687495	1.0139920372436328	NaN	1	NaN	1	NaN	1	0.02383635036046063	1.1479123318161348	NaN	NaN	800009909	800009909	800009909	800009919	800009919	800119919	899999999	899999999	89999	89999	89	89	5	6	2	12	0	0	3	NaN	0	0	0	0	0	0	0	0	0	NaN	NaN	NaN	NaN	0	362	0	0	0	0	0	0	3009	0	0	0	18000	18000	18000	18000	6	NaN	0.6639006698995045	0.45772365632301293	0.07172360278095821	0.05150412919275442	NaN	NaN	0.0000016833752361357284	NaN	0.007970348153283244	NaN	NaN	0.000023836350360460628	NaN	NaN	NaN	96015.50813476562	11.415028851403132	NaN	0	0	0	0	0.0002899538306099	-1	0	2.0522394080181927	69.491349405173	1.0000659291942915	-273.1499938964844	9.000614717933868	-273.1499938964844	238
DATA	2025-09-10T153000_AIU-0547.ghg	2025-09-10	16:00:00	253.666	1	18000	18000	0.10019950193286113	1	NaN	23.395287538457023	1	NaN	NaN	NaN	NaN	NaN	NaN	NaN	NaN	NaN	NaN	-0.010776753243068777	1	NaN	NaN	NaN	NaN	NaN	NaN	NaN	NaN	NaN	NaN	NaN	NaN	-1.057017553783666e-12	NaN	NaN	NaN	NaN	NaN	0	NaN	NaN	NaN	NaN	0	0.08510972545784302	2.194030623230938	2.194030623230938	0	1	NaN	NaN	NaN	NaN	9	296.6220426491631	296.4794507226801	95618.3229165219	1.1235802674987474	1005.6413648847915	0.025778847381169104	NaN	NaN	NaN	NaN	NaN	NaN	NaN	NaN	0.6761150648316292	0.33228219109109935	0.21586378379234888	0.7836709823399809	2.0859187964868594e-14	-1.2419468493142224e-14	0.7836709823399809	3.3813823271084713	305.82781920215587	26.17218079784411	15.9889555891778	NaN	0.2986281402615702	0.41100336000171445	-96.0324494505315	-0.03019812591049087	NaN	0.06933466560294403	0	86.85138437116291	-13.180032653109363	29.813269747842856	74.23925707141925	113.2195512495725	158.79203045881388	237.89939732375686	0.0986722909422006	1.015477607503358	23.013282413126497	1.0165993324408444	NaN	1	NaN	1	NaN	1	-0.00937110014184275	1.1499987279988257	NaN	NaN	800009909	800009909	800009909	800009919	800019919	800019919	899999999	899999999	89999	89999	89	89	1	3	0	18	0	0	2	NaN	0	0	0	0	0	0	0	0	0	NaN	NaN	NaN	NaN	0	11	0	0	0	0	0	0	2905	0	0	0	18000	18000	18000	18000	6	NaN	0.45670985892805693	0.2979671650272855	0.06732969604808643	0.06600208360570935	NaN	NaN	1.8805412411135005e-7	NaN	0.02036720031573488	NaN	NaN	-0.000009371100141842749	NaN	NaN	NaN	95999.55545659721	11.399999618530273	NaN	0	0	0	0	0.00029065277074631824	-1	0	2.078422098749213	76.34363969524414	1.0000410073333317	-273.1499938964844	9.000535093042586	-273.1499938964844	238
DATA	2025-09-10T160000_AIU-0547.ghg	2025-09-10	16:30:00	253.687	1	18000	18000	0.05220374028653492	1	NaN	7.073075028140824	0	NaN	NaN	NaN	NaN	NaN	NaN	NaN	NaN	NaN	NaN	0.006783765018448564	0	NaN	NaN	NaN	NaN	NaN	NaN	NaN	NaN	NaN	NaN	NaN	NaN	1.827745668621929e-12	NaN	NaN	NaN	NaN	NaN	0	NaN	NaN	NaN	NaN	0	0.08495102344784468	2.192502142031484	2.192502142031484	0	0	NaN	NaN	NaN	NaN	9	296.91782138231065	296.7923895399305	95607.36956163195	1.1222669873240256	1005.6500359915232	0.02580901386523685	NaN	NaN	NaN	NaN	NaN	NaN	NaN	NaN	0.7070487934330649	0.5304166261353781	0.21150740368287282	0.9088427671432527	-2.3478797915596724e-14	2.1515287214215446e-14	0.9088427671432527	3.2048578649040618	295.12335921708376	36.876640782916226	13.457360791748059	NaN	0.21567644491595978	0.4283582975113661	-119.6526467598063	-0.024236822824500757	NaN	0.029057783743925016	0	70.71457799415197	-10.73121002920051	24.274026304922288	60.44575768613602	92.18359436949963	129.28880183121024	193.69818464745444	0.051487428275275894	1.0139123672565133	6.96414308606596	1.0156418299751506	NaN	1	NaN	1	NaN	1	0.005904348422710319	1.1489438855531766	NaN	NaN	800009909	800009909	800009909	800009909	800009919	800009919	899999999	899999999	89999	89999	89	89	2	6	1	16	0	0	0	NaN	0	0	0	0	0	0	0	0	0	NaN	NaN	NaN	NaN	0	0	0	0	0	0	0	0	4255	0	0	0	18000	18000	18000	18000	6	NaN	0.5388237547897923	0.2591817553591142	0.05871108487382566	0.08604240308079562	NaN	NaN	3.889386821460237e-7	NaN	0.006170560634726762	NaN	NaN	0.000005904348422710319	NaN	NaN	NaN	95984.60827473958	11.411637662675645	NaN	0	0	0	0	0.00029099439123011605	-1	0	2.077611698382431	76.5534856912826	1.0000411441773176	-273.1499938964844	9.000473007414076	-273.1499938964844	215
DATA	2025-09-10T163000_AIU-0547.ghg	2025-09-10	17:00:00	253.708	1	18000	18000	0.023900866226300114	1	NaN	9.738461600418011	1	NaN	NaN	NaN	NaN	NaN	NaN	NaN	NaN	NaN	NaN	0.026358396199568184	1	NaN	NaN	NaN	NaN	NaN	NaN	NaN	NaN	NaN	NaN	NaN	NaN	-3.0030746294217375e-12	NaN	NaN	NaN	NaN	NaN	0	NaN	NaN	NaN	NaN	0	0.08459566846262254	2.1807827762344023	2.1807827762344023	0	1	NaN	NaN	NaN	NaN	9	296.1999910871717	296.40019932725704	95592.59021506076	1.1235782324728918	1005.6391781764713	0.025778894071839527	NaN	NaN	NaN	NaN	NaN	NaN	NaN	NaN	0.27524389979898434	0.46544900779637155	0.20694167581221992	0.5789877722570395	-5.845726220063716e-14	-3.5499153609130776e-14	0.5789877722570395	1.9289900075578472	272.5980048532994	59.40199514670059	20.941819509664928	NaN	0.14584957305209245	0.18344767930719963	-26.87168681346875	-0.10792028130316139	NaN	0.05909349720685505	1	5.546241403122315	2	5	8	13	23	63	0.023445283209417914	1.019431755752867	9.55585053563188	1.0191098703464658	NaN	1	NaN	1	NaN	1	0.022856297149034498	1.153222502652037	NaN	NaN	800009909	800009909	800009909	800009909	800009919	800009919	899999999	899999999	89999	89999	89	89	7	0	5	12	0	0	2	NaN	0	0	0	0	0	0	0	0	0	NaN	NaN	NaN	NaN	0	0	0	0	0	0	0	0	6267	0	0	0	18000	18000	18000	18000	6	NaN	0.10487533109159831	0.238021425357684	0.023998602165116935	0.29728897085644423	NaN	NaN	4.997031615867646e-7	NaN	0.008457146367196614	NaN	NaN	0.000022856297149034497	NaN	NaN	NaN	95970.34672417535	11.420000076293945	NaN	0	0	0	0	0.0002900987837799928	-1	0	2.0652504138151824	84.32473913694302	1.0000428465223974	-273.1499938964844	9.000482376628453	-273.1499938964844	146
DATA	2025-09-10T170000_AIU-0547.ghg	2025-09-10	17:30:00	253.729	1	18000	18000	0.01833133694302428	1	NaN	11.705603554788274	1	NaN	NaN	NaN	NaN	NaN	NaN	NaN	NaN	NaN	NaN	0.017729920954291312	1	NaN	NaN	NaN	NaN	NaN	NaN	NaN	NaN	NaN	NaN	NaN	NaN	4.289401560470546e-13	NaN	NaN	NaN	NaN	NaN	0	NaN	NaN	NaN	NaN	0	0.08461590442427064	2.1823647533517243	2.1823647533517243	0.2	0	NaN	NaN	NaN	NaN	9	295.7317587754991	296.50303588948583	95579.29582112201	1.1230323345284785	1005.6420163688422	0.025791425006925175	NaN	NaN	NaN	NaN	NaN	NaN	NaN	NaN	0.3347251947979067	0.6567457083123274	0.2244080952638565	0.7705289576901664	-3.745151860368373e-14	5.069261611816093e-15	0.7705289576901664	1.5015372305713293	269.00668621244256	62.99331378755746	16.932148653756958	NaN	0.12776177584148354	0.10440980510117086	-15.02577580621148	-0.1930016817368707	NaN	0.08112546530513279	1	10.619456218346766	5	9	15	23	39	100	0.018048507873368688	1.015670495956783	11.513110079700544	1.0167195027021523	NaN	1	NaN	1	NaN	1	0.01541543295828691	1.1501409660219888	NaN	NaN	800009909	800009909	800009909	800009919	800009919	810009919	899999999	899999999	89999	89999	89	89	1	0	1	0	0	0	5	NaN	0	0	0	0	0	0	0	0	0	NaN	NaN	NaN	NaN	0	1	0	0	0	0	0	0	6003	0	0	0	18000	18000	18000	18000	6	NaN	0.06959612538471525	0.12796422322730985	0.011259261590316623	0.150440530031848	NaN	NaN	5.576207531941271e-7	NaN	0.010194290053258446	NaN	NaN	0.00001541543295828691	NaN	NaN	NaN	95959.92081944444	11.410848200162253	NaN	0	0	0	0	0.0002905947087856476	-1	0	2.066737928635543	84.33642513847334	1.0000470436033275	-273.1499938964844	9.000536984655593	-273.1499938964844	037
DATA	2025-09-10T173000_AIU-0547.ghg	2025-09-10	18:00:00	253.749	1	18000	18000	0.017780038920309865	1	NaN	12.033570992894614	1	NaN	NaN	NaN	NaN	NaN	NaN	NaN	NaN	NaN	NaN	-0.010561409142351404	2	NaN	NaN	NaN	NaN	NaN	NaN	NaN	NaN	NaN	NaN	NaN	NaN	1.137570354374399e-13	NaN	NaN	NaN	NaN	NaN	0	NaN	NaN	NaN	NaN	0	0.08567049342316262	2.1925771223906465	2.1925771223906465	0	1	NaN	NaN	NaN	NaN	9	295.15359952799486	294.1927218560113	95569.28447135417	1.1317330238439178	1005.5797699172805	0.025593142221798412	NaN	NaN	NaN	NaN	NaN	NaN	NaN	NaN	0.839225197189392	0.6484678082722123	0.27649821122184676	1.0960203879361985	2.4849391028066206e-14	1.3278438222077937e-15	1.0960203879361985	1.881089522173281	294.30680213874797	37.69319786125204	14.612157957263072	NaN	0.12534134748505504	0.08171215358342258	-13.799300953540024	-0.21015557308039173	NaN	0.08436059782778195	1	18.32753578603733	8	15	25	39	65	161	0.017565098672192796	1.0122367799992686	11.859615496355467	1.014667886711218	NaN	1	NaN	1	NaN	1	-0.009198856744979554	1.14812192809889	NaN	NaN	800009909	800009909	800009909	800009909	800009919	810009919	899999999	899999999	89999	89999	89	89	0	5	4	7	0	0	6	NaN	0	0	0	0	0	0	0	0	0	NaN	NaN	NaN	NaN	0	0	0	0	0	0	0	0	1738	0	0	0	18000	18000	18000	18000	6	NaN	0.07602006254480394	0.07594748017177755	0.011456764450263689	0.14646787949663395	NaN	NaN	4.588171799972276e-7	NaN	0.010421016713805194	NaN	NaN	-0.000009198856744979554	NaN	NaN	NaN	95936.35502604167	11.412485459857516	NaN	0	0	0	0	0.0002882438890099161	-1	0	2.0705068705081926	77.05491528246193	1.000057301312409	-315.1803706614099	9.00056569580237	-286.9178694746234	229
DATA	2025-09-10T180000_AIU-0547.ghg	2025-09-10	18:30:00	253.77	0	18000	18000	0.011878554335549076	1	NaN	1.973835639153086	1	NaN	NaN	NaN	NaN	NaN	NaN	NaN	NaN	NaN	NaN	-0.0031788558838077045	1	NaN	NaN	NaN	NaN	NaN	NaN	NaN	NaN	NaN	NaN	NaN	NaN	3.777623289564005e-14	NaN	NaN	NaN	NaN	NaN	0	NaN	NaN	NaN	NaN	0	0.0864281209366683	2.203650291522986	2.203650291522986	-0.5	0	NaN	NaN	NaN	NaN	9	294.36115053134495	293.1362502525242	95585.48409999757	1.1360043503505721	1005.5523629045283	0.02549691313013445	NaN	NaN	NaN	NaN	NaN	NaN	NaN	NaN	0.7745766254323999	0.7007658925160093	0.2625327400466443	1.0770168171279222	-2.3324572823237554e-14	4.3708265881797014e-16	1.0770168171279222	1.606791175651272	289.8640945042084	42.135905495791555	14.108517195595915	NaN	0.10225670561708193	0.035895484098147	-45.68500305854529	-0.06347816145012954	NaN	0.016897968796046974	1	26.058142345832657	11	21	38	62	109	300	0.011733296909881221	1.0123799326637277	1.945148656826113	1.014747963980183	NaN	1	NaN	1	NaN	1	-0.002768620143924805	1.1481733566025956	NaN	NaN	800009909	800009909	800009909	800009919	800009919	800009919	899999999	899999999	89999	89999	89	89	8	5	0	14	0	0	3	NaN	0	0	0	0	0	0	0	0	0	NaN	NaN	NaN	NaN	0	3	0	0	0	0	0	0	18000	0	0	0	18000	18000	18000	18000	6	NaN	0.03472408743602958	0.022258037943600855	0.014808842816663571	0.045108780049145626	NaN	NaN	3.0154467089113275e-7	NaN	0.0017028175291197297	NaN	NaN	-0.000002768620143924805	NaN	NaN	NaN	95958.56165082465	11.420000076293945	NaN	0	0	0	0	0.0002861280231865951	-1	0	2.0787459396918613	73.18830293326967	1.0000754896269903	-273.1499938964844	9.000793480608198	-273.1499938964844	039
DATA	2025-09-10T183000_AIU-0547.ghg	2025-09-10	19:00:00	253.791	0	18000	18000	0.01692105394731334	1	NaN	8.935235697192802	0	NaN	NaN	NaN	NaN	NaN	NaN	NaN	NaN	NaN	NaN	-0.006643551574292266	1	NaN	NaN	NaN	NaN	NaN	NaN	NaN	NaN	NaN	NaN	NaN	NaN	-1.8211159635384772e-13	NaN	NaN	NaN	NaN	NaN	0	NaN	NaN	NaN	NaN	0	0.08663027975418505	2.2031822704016313	2.2031822704016313	0	1	NaN	NaN	NaN	NaN	9	293.7124327833388	292.4263257514106	95597.33302690972	1.1389033951813075	1005.5343187982222	0.025432011493593233	NaN	NaN	NaN	NaN	NaN	NaN	NaN	NaN	0.8941789837367825	0.7643090138748095	0.2727177783967303	1.2075178302205292	4.831539466863564e-15	-2.1021702442909406e-15	1.2075178302205292	2.468959727860731	291.4774805737883	40.52251942621169	13.052860226037264	NaN	0.12189061301777919	0.07412204540337328	-17.09403808693274	-0.1696497916555397	NaN	0.06401061009078822	1	22.509160312969257	10	18	31	49	82	204	0.016728821876539703	1.0114910704526792	8.809569729652031	1.0142647111490353	NaN	1	NaN	1	NaN	1	-0.005787392150867874	1.1479352705166181	NaN	NaN	800009909	800009909	800009909	800009909	800009919	800019919	899999999	899999999	89999	89999	89	89	1	2	0	6	0	0	3	NaN	0	0	0	0	0	0	0	0	0	NaN	NaN	NaN	NaN	0	0	0	0	0	0	0	0	17802	0	0	0	18000	18000	18000	18000	6	NaN	0.0603861735259756	0.06214748960076807	0.025710427680002906	0.08494805186448708	NaN	NaN	1.2504770475055797e-7	NaN	0.007692560352187739	NaN	NaN	-0.000005787392150867875	NaN	NaN	NaN	95971.94213823785	11.408362032148574	NaN	0	0	0	0	0.0002859005472047203	-1	0	2.076843152225018	68.52182751644969	1.0000876123905182	-273.1499938964844	9.000873116572699	-273.1499938964844	116
DATA	2025-09-10T190000_AIU-0547.ghg	2025-09-10	19:30:00	253.812	0	18000	18000	0.01381670214876628	0	NaN	10.242674202749967	0	NaN	NaN	NaN	NaN	NaN	NaN	NaN	NaN	NaN	NaN	-0.0026518997377864926	0	NaN	NaN	NaN	NaN	NaN	NaN	NaN	NaN	NaN	NaN	NaN	NaN	2.0279085608181044e-13	NaN	NaN	NaN	NaN	NaN	0	NaN	NaN	NaN	NaN	0	0.0874045502866734	2.214837531689783	2.214837531689783	-0.2	0	NaN	NaN	NaN	NaN	9	292.69343193901904	291.3768665977173	95599.86020386963	1.1430356273480633	1005.5081936318221	0.025340071248298388	NaN	NaN	NaN	NaN	NaN	NaN	NaN	NaN	0.9204444005627934	0.98418041301338	0.26286288751520653	1.372926027693936	-1.0404107978780447e-14	2.3201407182656717e-15	1.372926027693936	2.562428963061302	285.0833798468454	46.916620153154604	11.038105432126383	NaN	0.10994419762956646	0.11174542356131796	-10.94310064677094	-0.2650071578073006	NaN	0.08105795891397129	1	28.731330888362056	13	23	39	59	97	231	0.0136714915475445	1.0106214161576146	10.102893671503269	1.0138356926036913	NaN	1	NaN	1	NaN	1	-0.0023100952029567836	1.147961233109449	NaN	NaN	800009909	800009909	800009909	800009919	800009919	800019919	899999999	899999999	89999	89999	89	89	1	6	2	58	0	0	0	NaN	0	0	0	0	0	0	0	0	0	NaN	NaN	NaN	NaN	0	0	0	0	0	0	101	0	18000	0	0	21	18000	18000	18000	18000	6	NaN	0.0942308793379893	0.09007413847074815	0.03918582931389846	0.08135317362622564	NaN	NaN	2.721690954879687e-7	NaN	0.008790233288591253	NaN	NaN	-0.0000023100952029567837	NaN	NaN	NaN	95974.9558873698	11.399999618530273	NaN	0	0	0	0	0.00028443882717854444	-1	0	2.085368976394336	63.762656856748954	1.0001035422351625	-299.19186999003387	9.000948066446517	-273.1499938964844	248
DATA	2025-09-10T193000_AIU-0547.ghg	2025-09-10	20:00:00	253.833	0	18000	18000	0.01728410474298346	0	NaN	14.281879438218168	0	NaN	NaN	NaN	NaN	NaN	NaN	NaN	NaN	NaN	NaN	-0.0023101306314143584	1	NaN	NaN	NaN	NaN	NaN	NaN	NaN	NaN	NaN	NaN	NaN	NaN	-4.0348017867038795e-13	NaN	NaN	NaN	NaN	NaN	0	NaN	NaN	NaN	NaN	0	0.08786609510078888	2.2198303781607938	2.2198303781607938	-0.3	0	NaN	NaN	NaN	NaN	9	291.81418328772645	290.4696247312462	95589.95993403961	1.1464869998291871	1005.4861365185506	0.025263787762668695	NaN	NaN	NaN	NaN	NaN	NaN	NaN	NaN	1.1876953783035278	1.0294654972325878	0.30800945476836183	1.6016520676671855	3.187883279404867e-14	-4.5919894153435e-15	1.6016520676671855	2.810571611101702	291.0820493187758	40.91795068122424	11.087468861093416	NaN	0.12278318009855949	0.14907197822971976	-10.930157975457572	-0.2653209593595647	NaN	0.10090234595354973	1	30.417197165561017	13	24	41	63	103	244	0.017117294811757406	1.0097451106065825	14.091895244754594	1.013481805687868	NaN	1	NaN	1	NaN	1	-0.0020115279177312217	1.1484457218072952	NaN	NaN	800009909	800009909	800009909	800009919	800009919	800019919	899999999	899999999	89999	89999	89	89	1	2	0	72	0	0	2	NaN	0	0	0	0	0	0	0	0	0	NaN	NaN	NaN	NaN	0	0	0	0	0	0	101	0	17802	0	0	16	18000	18000	18000	18000	6	NaN	0.1263445860385817	0.12404482860121226	0.047754541819645537	0.07232688683974853	NaN	NaN	1.0125127189729096e-7	NaN	0.012224305208097093	NaN	NaN	-0.0000020115279177312216	NaN	NaN	NaN	95965.91463064236	11.409151494661966	NaN	0	0	0	0	0.0002832866498825347	-1	0	2.0875858918031063	57.48376007376767	1.0001319731026888	-296.0829948594828	9.001044686423407	-273.1499938964844	171
DATA	2025-09-10T200000_AIU-0547.ghg	2025-09-10	20:30:00	253.854	0	18000	18000	0.02513302684386121	1	NaN	48.33771737645548	1	NaN	NaN	NaN	NaN	NaN	NaN	NaN	NaN	NaN	NaN	-0.007698373766774176	0	NaN	NaN	NaN	NaN	NaN	NaN	NaN	NaN	NaN	NaN	NaN	NaN	1.0552343953400807e-12	NaN	NaN	NaN	NaN	NaN	0	NaN	NaN	NaN	NaN	0	0.08792485459822169	2.2162823653361365	2.2162823653361365	-0.3	0	NaN	NaN	NaN	NaN	9	291.1576135245429	289.8389709291927	95599.00391061477	1.1490903216157995	1005.4710922016769	0.025206551383719453	NaN	NaN	NaN	NaN	NaN	NaN	NaN	NaN	1.3318685929212268	0.8919009563753718	0.38936207914199805	1.649534508116478	-7.934719449388517e-15	1.2001548369480308e-14	1.649534508116478	2.7253514228358524	298.1913074854151	33.808692514584884	13.653147952780731	NaN	0.1478922152377383	0.15009053961823635	-5.643750576577044	-0.5138426939056653	NaN	0.2828896564659772	1	21.173019191662043	9	17	28	42	68	155	0.02489410640084746	1.0095974701468142	47.69692105796016	1.013434752270836	NaN	1	NaN	1	NaN	1	-0.006702403797772514	1.148598920484717	NaN	NaN	800009909	800009909	800009909	800009919	800009919	800019919	899999999	899999999	89999	89999	89	89	3	7	0	57	0	0	11	NaN	0	0	0	0	0	0	0	0	0	NaN	NaN	NaN	NaN	0	0	0	0	0	0	101	0	16713	0	0	21	18000	18000	18000	18000	6	NaN	0.0979851479536807	0.1531145250135934	0.0490814062691986	0.1474151447959246	NaN	NaN	2.2045158862005465e-7	NaN	0.04128255703571466	NaN	NaN	-0.000006702403797772514	NaN	NaN	NaN	95976.5840375434	11.414971072302924	NaN	0	0	0	0	0.0002827041557530821	-1	0	2.083154752982987	56.09910102674691	1.0001406948417426	-273.1499938964844	9.001053621821933	-273.1499938964844	038
DATA	2025-09-10T203000_AIU-0547.ghg	2025-09-10	21:00:00	253.874	0	18000	18000	0.020768781255073598	0	NaN	26.12743260243717	0	NaN	NaN	NaN	NaN	NaN	NaN	NaN	NaN	NaN	NaN	-0.0033513425384306024	2	NaN	NaN	NaN	NaN	NaN	NaN	NaN	NaN	NaN	NaN	NaN	NaN	1.2258942585770499e-12	NaN	NaN	NaN	NaN	NaN	0	NaN	NaN	NaN	NaN	0	0.08778081046727221	2.2073052657926824	2.2073052657926824	0	1	NaN	NaN	NaN	NaN	9	290.4198499967786	289.17226914255326	95610.1170878408	1.1518734966714885	1005.4554450753948	0.025145646913520395	NaN	NaN	NaN	NaN	NaN	NaN	NaN	NaN	1.1548289650248347	0.2562472773883531	0.36066424922180595	1.2366775272058752	4.9024783239840315e-14	1.3965401459059284e-14	1.2366775272058752	2.478459737467482	319.4892250028219	12.510774997178075	16.956147328261416	NaN	0.13427745867165514	0.22213429990228192	-7.815556326789371	-0.37105483969959685	NaN	0.16800646993786628	1	17.7193160733136	8	14	24	36	59	139	0.020536321610734685	1.0113194392231082	25.762230523619756	1.0141758718633693	NaN	1	NaN	1	NaN	1	-0.0029195018640612623	1.1479158755420744	NaN	NaN	800009909	800009909	800009909	800009919	800009919	800019919	899999999	899999999	89999	89999	89	89	10	1	0	24	0	0	7	NaN	0	0	0	0	0	0	0	0	0	NaN	NaN	NaN	NaN	0	9	0	0	0	0	0	0	16614	0	0	0	18000	18000	18000	18000	6	NaN	0.14105027304016055	0.2622076490195767	0.041010677744826585	0.11081378555437976	NaN	NaN	2.2583637816032704e-7	NaN	0.022244151581129062	NaN	NaN	-0.0000029195018640612622	NaN	NaN	NaN	95989.67100130208	11.430000305175781	NaN	0	0	0	0	0.00028212198497688703	-1	0	2.0732905811998585	66.65608674515684	1.0001643921020957	-273.1499938964844	9.001195549488068	-273.1499938964844	126
DATA	2025-09-10T210000_AIU-0547.ghg	2025-09-10	21:30:00	253.895	0	18000	18000	0.030122823545850698	1	NaN	27.49346863171254	0	NaN	NaN	NaN	NaN	NaN	NaN	NaN	NaN	NaN	NaN	-0.016260656953978204	1	NaN	NaN	NaN	NaN	NaN	NaN	NaN	NaN	NaN	NaN	NaN	NaN	5.645945652224828e-13	NaN	NaN	NaN	NaN	NaN	0	NaN	NaN	NaN	NaN	0	0.0876607518930632	2.198561810114065	2.198561810114065	0	1	NaN	NaN	NaN	NaN	9	289.6522438939413	288.4718212287788	95626.8671833465	1.1548726872096138	1005.4392906121835	0.025080343969625957	NaN	NaN	NaN	NaN	NaN	NaN	NaN	NaN	1.2294901499640762	0.34221110649351943	0.29479208523214906	1.3098308454841496	8.833331296495995e-14	6.4406767342268305e-15	1.3098308454841496	3.0794466361367867	316.44621201710163	15.553787982898351	13.006476220385894	NaN	0.16150307055139612	0.23740545144104647	-12.92431255342129	-0.22438330766245046	NaN	0.14660837770204596	1	16.277427388605773	7	13	22	35	58	142	0.029797288673652514	1.0109249829997462	27.114439401641917	1.0139788702416495	NaN	1	NaN	1	NaN	1	-0.01416538872213052	1.1479146300146537	NaN	NaN	800009909	800009909	800009909	800009919	800009919	800019919	899999999	899999999	89999	89999	89	89	8	1	0	71	0	0	2	NaN	0	0	0	0	0	0	0	0	0	NaN	NaN	NaN	NaN	0	30	0	0	0	0	101	0	16414	0	0	16	18000	18000	18000	18000	6	NaN	0.1682919480073555	0.26743921912156615	0.03907973575317124	0.09314033385152132	NaN	NaN	2.505566615702119e-7	NaN	0.02335127867289427	NaN	NaN	-0.00001416538872213052	NaN	NaN	NaN	96005.90869618056	11.430000305175781	NaN	0	0	0	0	0.00028122120476715886	-1	0	2.0639204288478252	66.62242347669478	1.0001648649805122	-273.1499938964844	9.001161378516091	-273.1499938964844	018
DATA	2025-09-10T213000_AIU-0547.ghg	2025-09-10	22:00:00	253.916	0	18000	18000	0.01757833997304828	0	NaN	26.327515655458658	0	NaN	NaN	NaN	NaN	NaN	NaN	NaN	NaN	NaN	NaN	-0.013953757068936312	1	NaN	NaN	NaN	NaN	NaN	NaN	NaN	NaN	NaN	NaN	NaN	NaN	3.0137670726741367e-13	NaN	NaN	NaN	NaN	NaN	0	NaN	NaN	NaN	NaN	0	0.08803106828212975	2.2040811392803903	2.2040811392803903	0.2	0	NaN	NaN	NaN	NaN	9	289.17052949354377	288.0055486830231	95635.52999914902	1.156847181282485	1005.428698661646	0.025037537113789827	NaN	NaN	NaN	NaN	NaN	NaN	NaN	NaN	1.2320595191758446	0.23562142038516184	0.29738295540900317	1.289156598208269	-4.804525633675017e-14	3.4235266383628892e-15	1.289156598208269	2.4423883423028743	321.1733714072919	10.826628592708097	13.33712370507587	NaN	0.12326816569527524	0.16853968348711948	-6.00151741642175	-0.48321112791655446	NaN	0.18362494386943182	1	19.75663393786641	9	16	26	39	64	147	0.017386541624672285	1.011031426060248	25.963224635498296	1.0140310390975966	NaN	1	NaN	1	NaN	1	-0.012155814264403816	1.1479080516882738	NaN	NaN	800009909	800009909	800009909	800009919	800009919	800019919	899999999	899999999	89999	89999	89	89	1	5	0	47	0	0	2	NaN	0	0	0	0	0	0	0	0	0	NaN	NaN	NaN	NaN	0	6	0	0	0	0	0	0	16216	0	0	0	18000	18000	18000	18000	6	NaN	0.12622000851516155	0.17573887368296226	0.03512048477611511	0.08706508022791536	NaN	NaN	5.116263070474346e-7	NaN	0.02232191040900099	NaN	NaN	-0.000012155814264403816	NaN	NaN	NaN	96016.10179253473	11.430000305175781	NaN	0	0	0	0	0.00028062013054861584	-1	0	2.0680748629868013	66.13477916452574	1.0001755291405652	-273.1499938964844	9.001177778111563	-273.1499938964844	179
DATA	2025-09-10T220000_AIU-0547.ghg	2025-09-10	22:30:00	253.937	0	18000	18000	0.030342851683311318	1	NaN	26.084735467189528	0	NaN	NaN	NaN	NaN	NaN	NaN	NaN	NaN	NaN	NaN	-0.023627312426017906	1	NaN	NaN	NaN	NaN	NaN	NaN	NaN	NaN	NaN	NaN	NaN	NaN	-2.3030829636847408e-12	NaN	NaN	NaN	NaN	NaN	0	NaN	NaN	NaN	NaN	0	0.088206867979112	2.206063010368223	2.206063010368223	0	0	NaN	NaN	NaN	NaN	9	288.8798682344225	287.7433289611989	95653.25927823909	1.158116069185133	1005.422798805391	0.025010104778809675	NaN	NaN	NaN	NaN	NaN	NaN	NaN	NaN	0.9602619693044934	-0.031990663336624495	0.2703603999615379	0.9981088107519404	4.265291267042588e-14	-2.6110018601160703e-14	0.9981088107519404	2.406404304658052	333.9080755106834	358.0919244893166	15.716202476721286	NaN	0.16186470247732082	0.14897239835425188	-13.716493576176692	-0.21142429615079075	NaN	0.1383991640234497	1	10.864237258155864	5	9	15	24	40	100	0.02995245155188953	1.013033995923354	25.69615241889631	1.0151222269372695	NaN	1	NaN	1	NaN	1	-0.020573050221330633	1.1484593763116633	NaN	NaN	800009909	800009909	800009909	800009919	800009919	800019919	899999999	899999999	89999	89999	89	89	1	0	0	52	0	0	3	NaN	0	0	0	0	0	0	0	0	0	NaN	NaN	NaN	NaN	0	3	0	0	0	0	0	0	16316	0	0	0	18000	18000	18000	18000	6	NaN	0.1321138493961238	0.13156549238429874	0.03426545492808126	0.05847394721760185	NaN	NaN	2.4615007508862614e-7	NaN	0.02206821889355592	NaN	NaN	-0.000020573050221330632	NaN	NaN	NaN	96036.58168098958	11.393395895640055	NaN	0	0	0	0	0.0002792803054681928	-1	0	2.069685760438442	77.40373659313228	1.0001277288430266	-354.46524731106274	9.000901283370125	-273.1499938964844	123
DATA	2025-09-10T223000_AIU-0547.ghg	2025-09-10	23:00:00	253.958	0	18000	18000	0.02341220424796062	0	NaN	25.533797664482442	0	NaN	NaN	NaN	NaN	NaN	NaN	NaN	NaN	NaN	NaN	-0.013531270199586817	1	NaN	NaN	NaN	NaN	NaN	NaN	NaN	NaN	NaN	NaN	NaN	NaN	1.3174809890652914e-13	NaN	NaN	NaN	NaN	NaN	0	NaN	NaN	NaN	NaN	0	0.08855335984254878	2.213281174760362	2.213281174760362	0	0	NaN	NaN	NaN	NaN	9	288.8165724495782	287.6648085369534	95689.70361111111	1.1588735542901083	1005.4210400753904	0.024993757195612448	NaN	NaN	NaN	NaN	NaN	NaN	NaN	NaN	1.2079001582662465	0.28787098090176333	0.2623301161524904	1.2691373384411482	2.2815071357871364e-14	1.4877820462236806e-15	1.2691373384411482	2.5484580466499445	318.5951266320309	13.404873367969175	11.929007183520639	NaN	0.1421356847103345	0.1482053216981249	-9.490397623922922	-0.3055720228928896	NaN	0.15418007941689754	1	17.68573625552722	8	14	24	37	60	144	0.023154304061810668	1.0111383259657247	25.179171818481247	1.0140840949240795	NaN	1	NaN	1	NaN	1	-0.011787773977667546	1.147907164255304	NaN	NaN	800009909	800009909	800009909	800009909	800009919	800019919	899999999	899999999	89999	89999	89	89	1	1	0	52	0	0	11	NaN	0	0	160	0	0	0	0	0	0	NaN	NaN	NaN	NaN	0	0	0	0	0	0	0	0	15918	0	0	0	18000	18000	18000	18000	6	NaN	0.17776863252425007	0.09005339380739887	0.02858861706460084	0.062303093579228176	NaN	NaN	8.012636589036215e-8	NaN	0.021610132006118426	NaN	NaN	-0.000011787773977667546	NaN	NaN	NaN	96072.96922612847	11.394971331172519	NaN	0	0	0	0	0.0002771069703610717	-1	0	2.0770369428528683	76.88370576826726	1.0001487361060248	-293.41824474758346	9.00102513771587	-273.1499938964844	027
DATA	2025-09-10T230000_AIU-0547.ghg	2025-09-10	23:30:00	253.979	0	18000	18000	0.020145241907626607	0	NaN	29.31806534469039	0	NaN	NaN	NaN	NaN	NaN	NaN	NaN	NaN	NaN	NaN	-0.0072605555194608755	0	NaN	NaN	NaN	NaN	NaN	NaN	NaN	NaN	NaN	NaN	NaN	NaN	4.3821173294081074e-13	NaN	NaN	NaN	NaN	NaN	0	NaN	NaN	NaN	NaN	0	0.08868812683307462	2.2173157705471978	2.2173157705471978	0	0	NaN	NaN	NaN	NaN	9	288.9610394482082	287.7939978612264	95703.91164626736	1.1585253342372108	1005.4239356523371	0.02500126961437064	NaN	NaN	NaN	NaN	NaN	NaN	NaN	NaN	1.0179371830833914	0.1249408147153991	0.28120274489688507	1.0634290289544617	-6.566006143457516e-15	4.941041699590702e-15	1.0634290289544617	2.599650917140222	325.00255933640506	6.9974406635949435	15.333097616089956	NaN	0.13186619530515348	0.2003223606873533	-6.600895407572631	-0.43933433586496207	NaN	0.1908741329933571	1	14.119381110500928	6	11	19	29	47	110	0.019896821735424314	1.0124854198075266	28.890273726373223	1.0148074615827072	NaN	1	NaN	1	NaN	1	-0.006323345387655129	1.1482142875882493	NaN	NaN	800009909	800009909	800009909	800009909	800009919	800019919	899999999	899999999	89999	89999	89	89	0	1	0	44	0	0	11	NaN	0	0	903	0	0	0	0	0	0	NaN	NaN	NaN	NaN	0	0	0	0	0	0	0	0	15525	0	0	0	18000	18000	18000	18000	6	NaN	0.15192412129885777	0.2089574879811473	0.03976311209470151	0.08037571592440278	NaN	NaN	6.723090010912107e-8	NaN	0.024802582413760182	NaN	NaN	-0.000006323345387655129	NaN	NaN	NaN	96089.2230342882	11.40999984741211	NaN	0	0	0	0	0.00027762798701102523	-1	0	2.0813990525305273	75.79522362508901	1.0001412753081984	-313.2423705800418	9.000966234472063	-273.1499938964844	236
