DATAH	filename	date	time	DOY	daytime	file_records	used_records	Tau	qc_Tau	rand_err_Tau	H	qc_H	rand_err_H	LE	qc_LE	rand_err_LE	co2_flux	qc_co2_flux	rand_err_co2_flux	h2o_flux	qc_h2o_flux	rand_err_h2o_flux	ch4_flux	qc_ch4_flux	rand_err_ch4_flux	none_flux	qc_none_flux	rand_err_none_flux	H_strg	LE_strg	co2_strg	h2o_strg	ch4_strg	none_strg	co2_v-adv	h2o_v-adv	ch4_v-adv	none_v-adv	co2_molar_density	co2_mole_fraction	co2_mixing_ratio	co2_time_lag	co2_def_timelag	h2o_molar_density	h2o_mole_fraction	h2o_mixing_ratio	h2o_time_lag	h2o_def_timelag	ch4_molar_density	ch4_mole_fraction	ch4_mixing_ratio	ch4_time_lag	ch4_def_timelag	none_molar_density	none_mole_fraction	none_mixing_ratio	none_time_lag	none_def_timelag	sonic_temperature	air_temperature	air_pressure	air_density	air_heat_capacity	air_molar_volume	ET	water_vapor_density	e	es	specific_humidity	RH	VPD	Tdew	u_unrot	v_unrot	w_unrot	u_rot	v_rot	w_rot	wind_speed	max_wind_speed	wind_dir	yaw	pitch	roll	u*	TKE	L	(z-d)/L	bowen_ratio	T*	model	x_peak	x_offset	x_10%	x_30%	x_50%	x_70%	x_90%	un_Tau	Tau_scf	un_H	H_scf	un_LE	LE_scf	un_co2_flux	co2_scf	un_h2o_flux	h2o_scf	un_ch4_flux	ch4_scf	un_none_flux	un_none_scf	spikes_hf	amplitude_resolution_hf	drop_out_hf	absolute_limits_hf	skewness_kurtosis_hf	skewness_kurtosis_sf	discontinuities_hf	discontinuities_sf	timelag_hf	timelag_sf	attack_angle_hf	non_steady_wind_hf	u_spikes	v_spikes	w_spikes	ts_spikes	co2_spikes	h2o_spikes	ch4_spikes	none_spikes	head_detect_LI-7200	t_out_LI-7200	t_in_LI-7200	aux_in_LI-7200	delta_p_LI-7200	chopper_LI-7200	detector_LI-7200	pll_LI-7200	sync_LI-7200	chopper_LI-7500	detector_LI-7500	pll_LI-7500	sync_LI-7500	not_ready_LI-7700	no_signal_LI-7700	re_unlocked_LI-7700	bad_temp_LI-7700	laser_temp_unregulated_LI-7700	block_temp_unregulated_LI-7700	motor_spinning_LI-7700	pump_on_LI-7700	top_heater_on_LI-7700	bottom_heater_on_LI-7700	calibrating_LI-7700	motor_failure_LI-7700	bad_aux_tc1_LI-7700	bad_aux_tc2_LI-7700	bad_aux_tc3_LI-7700	box_connected_LI-7700	mean_value_RSSI_LI-7200	mean_value_LI-7500	u_var	v_var	w_var	ts_var	co2_var	h2o_var	ch4_var	none_var	w/ts_cov	w/co2_cov	w/h2o_cov	w/ch4_cov	w/none_cov	co2_mean	h2o_mean	air_p_mean	vin_sf_mean	dew_point_mean	avg_signal_strength_7200_mean	co2_signal_strength_7200_mean	h2o_signal_strength_7200_mean	delta_signal_strength_7200_mean	flowrate_mean	hit_power_mean	hit_vin_mean	ch4_mean	rssi_77_mean	ch4_aux-1_mean	ch4_aux-2_mean	ch4_aux-3_mean	ch4_aux-4_mean	CHK
DATAU		[yyyy-mm-dd]	[HH:MM]	[ddd.ddd]	[1=daytime]	[#]	[#]	[kg+1m-1s-2]	[#]	[kg+1m-1s-2]	[W+1m-2]	[#]	[W+1m-2]	[W+1m-2]	[#]	[W+1m-2]	[µmol+1s-1m-2]	[#]	[µmol+1s-1m-2]	[mmol+1s-1m-2]	[#]	[mmol+1s-1m-2]	[µmol+1s-1m-2]	[#]	[µmol+1s-1m-2]	[µmol+1s-1m-2]	[#]	[µmol+1s-1m-2]	[W+1m-2]	[W+1m-2]	[µmol+1s-1m-2]	[mmol+1s-1m-2]	[µmol+1s-1m-2]	[µmol+1s-1m-2]	[µmol+1s-1m-2]	[mmol+1s-1m-2]	[µmol+1s-1m-2]	[µmol+1s-1m-2]	[mmol+1m-3]	[µmol+1mol_a-1]	[µmol+1mol_d-1]	[s]	[1=default]	[mmol+1m-3]	[mmol+1mol_a-1]	[mmol+1mol_d-1]	[s]	[1=default]	[mmol+1m-3]	[µmol+1mol_a-1]	[µmol+1mol_d-1]	[s]	[1=default]	[mmol+1m-3]	[µmol+1mol_a-1]	[µmol+1mol_d-1]	[s]	[1=default]	[K]	[K]	[Pa]	[kg+1m-3]	[J+1kg-1K-1]	[m+3mol-1]	[mm]	[kg+1m-3]	[Pa]	[Pa]	[kg+1kg-1]	[%]	[Pa]	[K]	[m+1s-1]	[m+1s-1]	[m+1s-1]	[m+1s-1]	[m+1s-1]	[m+1s-1]	[m+1s-1]	[m+1s-1]	[deg_from_north]	[deg]	[deg]	[deg]	[m+1s-1]	[m+2s-2]	[m]	[#]	[#]	[K]	[0=KJ/1=KM/2=HS]	[m]	[m]	[m]	[m]	[m]	[m]	[m]	[kg+1m-1s-2]	[#]	[W+1m-2]	[#]	[W+1m-2]	[#]	[µmol+1s-1m-2]	[#]	[mmol+1s-1m-2]	[#]	[µmol+1s-1m-2]	[#]	[µmol+1s-1m-2]	[#]	8u/v/w/ts/co2/h2o/ch4/none	8u/v/w/ts/co2/h2o/ch4/none	8u/v/w/ts/co2/h2o/ch4/none	8u/v/w/ts/co2/h2o/ch4/none	8u/v/w/ts/co2/h2o/ch4/none	8u/v/w/ts/co2/h2o/ch4/none	8u/v/w/ts/co2/h2o/ch4/none	8u/v/w/ts/co2/h2o/ch4/none	8co2/h2o/ch4/none	8co2/h2o/ch4/none	8aa	8U	[#]	[#]	[#]	[#]	[#]	[#]	[#]	[#]	[#_flagged_recs]	[#_flagged_recs]	[#_flagged_recs]	[#_flagged_recs]	[#_flagged_recs]	[#_flagged_recs]	[#_flagged_recs]	[#_flagged_recs]	[#_flagged_recs]	[#_flagged_recs]	[#_flagged_recs]	[#_flagged_recs]	[#_flagged_recs]	[#_flagged_recs]	[#_flagged_recs]	[#_flagged_recs]	[#_flagged_recs]	[#_flagged_recs]	[#_flagged_recs]	[#_flagged_recs]	[#_flagged_recs]	[#_flagged_recs]	[#_flagged_recs]	[#_flagged_recs]	[#_flagged_recs]	[#_flagged_recs]	[#_flagged_recs]	[#_flagged_recs]	[#_flagged_recs]	[#]	[#]	[m+2s-2]	[m+2s-2]	[m+2s-2]	[K+2]	--	--	--	--	[m+1s-1K+1]	--	--	--	--	--	--	--	--	--	--	--	--	--	--	--	--	--	--	--	--	--	--	207
DATA	2025-02-10T233000_AIU-0547.ghg	2025-02-11	00:00:00	42	0	18000	18000	0.00628197806425569	1	NaN	18.054803690988386	0	NaN	7.844946877178474	0	NaN	1.2364268413213149	0	NaN	0.17400882356067146	0	NaN	-0.002174307509829205	0	NaN	NaN	NaN	NaN	NaN	NaN	NaN	NaN	NaN	NaN	-1.46629079188013e-11	-1.3742766076839128e-13	-7.683129547547046e-14	NaN	18.2690971646295	434.1324896829026	435.906145418079	0.1	0	171.22656035138837	4.0688936226748424	4.085517157381842	0.1	1	0.09572715112845614	2.096992175732031	2.1055594732448797	-0.1	0	NaN	NaN	NaN	NaN	9	272.128248111301	272.41965970696344	96257.58295529513	1.2290947913381065	1007.3350924627488	0.02352954417996948	0.01127577176673151	0.003116144697749731	391.76692457021244	577.8327983817813	0.0025353168199152543	67.79935747284583	186.0658738115689	267.1825586731279	1.427268279626954	0.626688077506809	0.17600012384083352	1.5686965073303663	3.725775498476511e-15	-8.026071450969082e-16	1.5686965073303663	3.028416934023833	308.2945777297042	23.705422270295784	6.441871280750074	NaN	0.07149168261736218	0.18374849455618025	-1.715759107520484	-1.690213962606273	2.3014564628233667	0.20397545479375104	1	32.06587781366138	14	25	40	60	93	200	0.006220685401227681	1.0098530401514778	18.240324314020764	1.0135191223168758	7.207719369650772	1.0884090340990311	1.1359946514453647	1.0884090340990311	0.1598744755961286	1.0884090340990311	-0.00811397218235338	1.148348895263225	NaN	NaN	800000009	800000009	800000009	800000009	800000009	800000009	899999999	899999999	89999	89999	89	89	1	2	1	53	15	0	0	NaN	0	0	0	0	0	0	0	0	0	NaN	NaN	NaN	NaN	0	0	0	0	0	0	0	0	18000	0	0	0	18000	18000	18000	18000	93	NaN	0.20501316823085713	0.13807213096006166	0.024411689921441687	0.060862273534972186	1.1020279071067534	0.030523859849124303	2.031128219699411e-8	NaN	0.014732390231256864	0.02683866932257439	0.0037771464664777517	-0.00000811397218235338	NaN	434.13275975421755	4.068863011656928	96652.08865950521	11.40999984741211	-5.98297271243734	92.11609933514065	93.47830562082926	90.75389633390638	2.7243964733746315	0.0002641509213960185	-1	0	2.093248479909367	89.53528558222452	1.0000470569878817	-273.1499938964844	9.000426737732358	-273.1499938964844	199
DATA	2025-02-11T000000_AIU-0547.ghg	2025-02-11	00:30:00	42.02	0	18000	18000	0.01945160812283402	1	NaN	23.227752549115152	0	NaN	25.405653273186832	1	NaN	1.6271623732195584	1	NaN	0.5635356695679804	1	NaN	-0.002764199299341857	0	NaN	NaN	NaN	NaN	NaN	NaN	NaN	NaN	NaN	NaN	-1.130553985718759e-10	-1.0026624401109628e-12	-5.928959596259211e-13	NaN	18.239070015849858	433.37722258512946	435.04934489768726	0.1	0	161.75813520148003	3.8435233431994056	3.858353013071449	0.1	1	0.09565107952679197	2.0953066873035895	2.103391120173856	0	0	NaN	NaN	NaN	NaN	9	271.9850525521173	272.4434313846165	96313.16917860243	1.229802211612079	1007.2130246179587	0.023518016361099344	0.036517111388005126	0.0029449886745427658	370.2812113752036	578.8375367148813	0.002394684809260787	63.96979944954633	208.55632533967764	266.4462766573584	1.16107209737764	-0.16814783172571934	0.13176753142176148	1.1805612186413594	7.211938353234729e-14	-6.198528679018728e-15	1.1805612186413594	2.56631089575509	340.24035234650967	351.75964765349033	6.4083821116996695	NaN	0.125765094340062	0.19973142606728306	-7.263051936170945	-0.39928118723172307	0.9142749568116699	0.14910440256805943	1	17.88730818079842	8	14	24	36	59	139	0.01922745865334028	1.0116577793006878	24.23470888016636	1.014352576712989	23.38661396924966	1.0863331180217854	1.4978484465084005	1.0863331180217854	0.518750335619133	1.0863331180217854	-0.011362494263303144	1.1479634466313076	NaN	NaN	800000009	800000009	800000009	800000009	800010009	801010009	899999999	899999999	89999	89999	89	89	8	4	3	53	5	0	0	NaN	0	0	0	0	0	0	0	0	0	NaN	NaN	NaN	NaN	0	0	0	0	0	0	0	0	18000	17997	0	0	18000	18000	18000	18000	93	NaN	0.09380585488126002	0.28322326326242675	0.022433733990879348	0.055166390311455364	2.8581936936497576	0.06840440609754142	3.2761365719173316e-8	NaN	0.019565060908459563	0.03536237685038792	0.012247063380938727	-0.000011362494263303145	NaN	433.37697644511593	3.8434552819180943	96716.06587326388	11.40999984741211	-6.734610752317589	92.1369021074507	93.50242712508307	90.77137902874418	2.731036655432649	0.00026430449229923803	-1	0	2.0917689335809815	88.3165298637814	1.0000183439337544	-273.1499938964844	9.000201360132959	-273.1499938964844	242
DATA	2025-02-11T003000_AIU-0547.ghg	2025-02-11	01:00:00	42.041	0	18000	18000	0.006392875524423101	0	NaN	22.794333105807798	0	NaN	19.435559923999353	0	NaN	0.7103386254046504	1	NaN	0.43136810738837095	0	NaN	-0.0024248936893915356	0	NaN	NaN	NaN	NaN	NaN	NaN	NaN	NaN	NaN	NaN	-9.955113481424116e-11	-8.417481075254804e-13	-5.231819614618761e-13	NaN	18.11217945607132	431.6516941851756	433.23290880831564	0.1	0	153.1463484445276	3.6498026603968112	3.6631725171955645	0.1	1	0.09518691667210727	2.0909982377697873	2.09865792504789	0	0	NaN	NaN	NaN	NaN	9	272.57262653520377	273.0750458780925	96299.75512543402	1.2268768253107258	1007.11641213764	0.023575822477152206	0.027952653358766434	0.0027896988591160753	351.5693819279337	606.107218214338	0.0022738214640329033	58.00448688990998	254.53783628640429	265.7734301947054	1.186238614963103	0.13194882834061544	0.1569209004489198	1.203825865284448	2.5990130945544957e-14	-5.496364203749702e-15	1.203825865284448	2.6065723083467294	325.65291225271966	6.34708774728041	7.48992349562715	NaN	0.07218511333013837	0.1203861987907667	-1.3992941636818035	-2.0724734478771496	1.1728158692079138	0.2555633730197029	1	21.45465304346549	10	17	27	40	63	135	0.006320108373947509	1.0115135921997083	23.502454135636167	1.0142764095171926	17.889695248142125	1.0864109004885236	0.6538397443225527	1.0864109004885236	0.3970579706024661	1.0864109004885236	-0.010513843295062313	1.147938553979239	NaN	NaN	800000009	800000009	800000009	800000009	800000009	800010009	899999999	899999999	89999	89999	89	89	0	11	0	41	0	0	0	NaN	0	0	0	0	0	0	0	0	0	NaN	NaN	NaN	NaN	0	0	0	0	0	0	0	0	18000	18000	0	0	18000	18000	18000	18000	93	NaN	0.14364512377406455	0.07762959302476956	0.01949768078269931	0.08273516492052639	2.689343783135372	0.06162686343130636	2.5054196113202565e-8	NaN	0.019020966356417517	0.01547129205025859	0.009395268301468187	-0.000010513843295062313	NaN	431.65133773300965	3.6497413516409245	96705.86118315972	11.40999984741211	-7.406252385166037	92.11672401512993	93.48745707660251	90.74599140294393	2.7414637242688067	0.00026491405915456	-1	0	2.0876522758205733	88.23485976770189	1.0000138711838258	-273.1499938964844	9.000117097099622	-273.1499938964844	173
DATA	2025-02-11T010000_AIU-0547.ghg	2025-02-11	01:30:00	42.062	0	18000	18000	0.004231235780722604	1	NaN	19.266536276911395	0	NaN	25.236917676371558	0	NaN	0.8904024776872579	0	NaN	0.5604283603272451	0	NaN	-0.0028095864375101945	0	NaN	NaN	NaN	NaN	NaN	NaN	NaN	NaN	NaN	NaN	8.715485117887651e-11	7.750669414841896e-13	4.564178493937178e-13	NaN	18.104115605773693	432.61992117814276	434.2907607477765	0.2	0	160.9996611897615	3.847283250412369	3.8621420046576023	0.1	1	0.09480873867827982	2.088283834712574	2.0963490834282648	0	0	NaN	NaN	NaN	NaN	9	273.1636531583998	273.6404520136515	96274.40908767362	1.2239280326657187	1007.2312767071242	0.0236308562119524	0.03631575774920548	0.0029337932040406412	370.494276043102	631.4779754641999	0.002397030810423413	58.67097356336956	260.98369942109787	266.45376244689106	0.9609152360194081	0.33902874782427295	0.1483085789352405	1.0297057915984495	6.617604960240596e-16	4.814090512716425e-15	1.0297057915984495	2.1164735367870473	312.5662116667721	19.433788333227902	8.28111570215045	NaN	0.058797068328246285	0.11660789946583816	-0.8945235651760322	-3.2419492486252306	0.7634266800715517	0.26580484155048384	1	18.825654696300283	8	15	24	35	54	116	0.004177926049763669	1.0127598550869397	20.312177012775585	1.014963822115118	23.238228396709893	1.0860086769757649	0.8198852334833858	1.0860086769757649	0.5160440908150787	1.0860086769757649	-0.010135498756802894	1.148330072972767	NaN	NaN	800000009	800000009	800000009	800000009	800000009	800010009	899999999	899999999	89999	89999	89	89	4	2	1	28	11	0	0	NaN	0	0	0	0	0	0	0	0	0	NaN	NaN	NaN	NaN	0	0	0	0	0	0	0	0	18000	604	0	0	18000	18000	18000	18000	93	NaN	0.11376097075110819	0.09808763893295204	0.021367189247616106	0.04628298730402338	4.58543012934101	0.1016758803728172	3.838092867305656e-8	NaN	0.016476743752816315	0.019449437630056552	0.012241673527921269	-0.000010135498756802894	NaN	432.6193467386104	3.847182276368258	96678.20999435763	11.40999984741211	-6.740946533892019	92.07368183241951	93.44538030264113	90.70198243967693	2.743406132512623	0.0002656280042057106	-1	0	2.084765276220109	88.25966831949022	1.0000444013675054	-273.1499938964844	9.000305558204651	-273.1499938964844	004
DATA	2025-02-11T013000_AIU-0547.ghg	2025-02-11	02:00:00	42.083	0	18000	18000	0.0063508086986818054	0	NaN	15.453783978278993	0	NaN	13.914057410428738	0	NaN	-0.35603952350106816	1	NaN	0.30911051221027425	0	NaN	-0.00018331551435162854	0	NaN	NaN	NaN	NaN	NaN	NaN	NaN	NaN	NaN	NaN	7.782368563665311e-11	7.168174189425103e-13	4.0532436386685697e-13	NaN	18.125315341186685	434.0188404049954	435.7608621002695	0.1	1	166.94842520114912	3.9976552434700374	4.013700634858699	0.1	1	0.09440097639236694	2.083538287055444	2.091900986000951	0.1	0	NaN	NaN	NaN	NaN	9	273.6075020751953	274.0681357387967	96234.28191970487	1.221439197824832	1007.3188757291197	0.023677658679196634	0.02003036119122577	0.00304243547462348	384.814676500347	651.2894118593077	0.002490861174294653	59.085050285367615	266.47473535896074	266.9483293816612	0.6856440203662955	0.5479731146573613	0.12061904926332961	0.8859634372232801	3.0467795352323514e-14	4.293645885421484e-15	0.8859634372232801	1.8320045404844862	293.3678247630861	38.63217523691385	7.824805983131592	NaN	0.07210719289218707	0.10668407710177055	-2.0564261165470716	-1.410213562580778	1.1106597825804725	0.17418767526639928	1	17.2129020369169	8	13	22	33	52	113	0.006262100486730699	1.0141658876504902	15.954649730757433	1.015794606323031	12.811161649766056	1.0860886616540992	-0.32781810184706694	1.0860886616540992	0.28460891189076853	1.0860886616540992	-0.00578240851905201	1.149100431271368	NaN	NaN	800000009	800000009	800000009	800000009	800000009	800010009	899999999	899999999	89999	89999	89	89	0	0	2	30	3	1	0	NaN	0	0	0	0	0	0	0	0	0	NaN	NaN	NaN	NaN	0	0	0	0	0	0	0	0	18000	0	0	0	18000	18000	18000	18000	93	NaN	0.11486729385582801	0.07692272393002865	0.02157813641768445	0.03765973218223952	1.743529328830475	0.043609252010337884	1.624599672196725e-8	NaN	0.012967266873921674	-0.007793127719080704	0.006765927774751377	-0.0000057824085190520095	NaN	434.0185849490553	3.9976114647621133	96636.71336588541	11.40999984741211	-6.221094749304996	92.0422991525862	93.41407867558797	90.6705275493198	2.7435548556182114	0.00026683150032153613	-1	0	2.0798966810570825	89.27161020153818	1.0000153063933055	-273.1499938964844	9.00009182492892	-273.1499938964844	194
DATA	2025-02-11T020000_AIU-0547.ghg	2025-02-11	02:30:00	42.104	0	18000	18000	0.018591053866022007	1	NaN	-33.61752990747393	1	NaN	42.74277563507677	0	NaN	8.464067273541442	1	NaN	0.949929364413606	0	NaN	-0.03457560774096698	0	NaN	NaN	NaN	NaN	NaN	NaN	NaN	NaN	NaN	NaN	2.527985031750989e-10	2.242544474790867e-12	1.3228797097979228e-12	NaN	18.04534293228364	432.8495595860824	434.5180023815682	0.3	0	160.0780209543789	3.839755283650127	3.8545558347828592	0.1	1	0.09443021901489959	2.087967003389439	2.096015188785188	0	0	NaN	NaN	NaN	NaN	9	274.03795140160463	274.4772518598769	96206.13053168403	1.2193347416383353	1007.2390347149192	0.023719942371151423	0.06155542281400166	0.0029170556283079573	369.50708781353364	670.7539641676944	0.002392333728134829	55.08831964519759	301.2468763541608	266.41904642222215	0.6569242082905798	0.1687176524219764	0.0640036073680748	0.6812573107373174	-1.8184715844934733e-14	1.4009071710287925e-14	0.6812573107373174	3.2002817812513586	317.596057485114	14.403942514885978	5.390845275602679	NaN	0.12347826842143957	0.3769802316257253	4.745902315918894	0.6110534534755814	-0.7865078813432457	-0.22167655987382326	1	7.040232369511182	3	7	14	26	56	250	0.01824558562373103	1.0189343466093872	-30.5629303189322	1.0371959517988512	33.45900978453409	1.2774668440676318	6.625664934356085	1.2774668440676318	0.7436039289981875	1.2774668440676318	-0.018786064844401214	1.5062465848298572	NaN	NaN	800000009	800000009	800000009	800000009	800100009	810111009	899999999	899999999	89999	89999	89	89	10	2	2	25	13	0	0	NaN	0	0	0	0	0	0	0	0	0	NaN	NaN	NaN	NaN	0	0	0	0	0	0	0	0	17802	0	0	0	18000	18000	18000	18000	93	NaN	0.3273406968613773	0.37338978731145417	0.05322997907861914	0.16677034106401453	4.774306682743763	0.05566657167155775	3.9226418713839595e-8	NaN	-0.024885106006345	0.157766337034876	0.0177062482400021	-0.000018786064844401214	NaN	432.84909754720957	3.8396998403787466	96604.91963454861	11.40999984741211	-6.757414145257673	92.02470507240295	93.3973614768982	90.65204966693454	2.7453098457323177	0.0002669776886598103	-1	0	2.0844677085280416	89.7985571608459	1.0000163763066132	-273.1499938964844	9.000088910367754	-273.1499938964844	193
DATA	2025-02-11T023000_AIU-0547.ghg	2025-02-11	03:00:00	42.124	0	18000	18000	0.13372986679459517	1	NaN	-15.093058432601373	1	NaN	58.78329586655646	1	NaN	7.640028723309506	1	NaN	1.3069802821528707	1	NaN	-0.016928156526435145	1	NaN	NaN	NaN	NaN	NaN	NaN	NaN	NaN	NaN	NaN	2.7038016058103347e-10	2.4850248051369877e-12	1.4170514340139137e-12	NaN	17.988348541848477	432.2362923859456	433.96025200320366	0.1	0	165.32830010116848	3.9726210160956064	3.9884656786726773	0.1	1	0.09427620370514926	2.0889953694348957	2.097327255768793	0.1	0	NaN	NaN	NaN	NaN	9	274.44986973402234	274.9296239149306	96210.44194162327	1.2173217385062214	1007.3176958204352	0.023757971038275094	0.08469232228350601	0.003013162690587873	382.3101467741759	692.8746752301073	0.002475239367930234	55.17738783672656	310.5645284559314	266.86302678994804	0.2376176006084579	-0.0037086277272313298	0.09569501383091507	0.25619019050427355	-1.7269983510389181e-15	1.503084954975246e-14	0.25619019050427355	2.7003252836195353	332.89417393647363	359.10582606352597	21.93355736014096	NaN	0.33144503461306857	0.39879100944084955	204.4543057748597	0.014184098441993254	-0.25675760792426505	-0.037135895006192826	0	100.23698873474484	-15.211349757275068	34.40811456832303	85.6810703551027	130.6690384422287	183.2651843549914	274.5646414527579	0.1311161663396646	1.0199342348689453	-11.81413020445611	1.0183965794774312	53.48222901695666	1.0991182855882669	6.951052333025678	1.0991182855882669	1.18911703980373	1.0991182855882669	-0.014455271630962597	1.1799119942272827	NaN	NaN	800000009	800000009	800000009	800000009	800000009	800100009	899999999	899999999	89999	89999	89	89	1	2	2	7	0	0	0	NaN	0	0	0	0	0	0	0	0	0	NaN	NaN	NaN	NaN	0	0	0	0	0	0	0	0	14309	0	0	0	18000	18000	18000	18000	93	NaN	0.3753147949729973	0.364305664151657	0.05796155975704484	0.07752712784831042	4.407843250521986	0.08596796261166767	6.323431013637769e-8	NaN	-0.009634516214951327	0.16580174418760613	0.028363716714652043	-0.000014455271630962597	NaN	432.2357992225967	3.9725356383471953	96609.97331141493	11.40999984741211	-6.323164828512374	92.02446931584676	93.39368856684368	90.65524929809571	2.738446130467783	0.0002671494526099801	-1	0	2.085372731010119	88.82189336543946	1.000029407625397	-273.1499938964844	9.000169017632802	-273.1499938964844	238
DATA	2025-02-11T030000_AIU-0547.ghg	2025-02-11	03:30:00	42.145	0	18000	18000	0.03279917204353151	1	NaN	5.400616653620094	1	NaN	-0.48770883886290833	2	NaN	0.44608243823827076	1	NaN	-0.01083921607938962	2	NaN	0.006809884355550893	2	NaN	NaN	NaN	NaN	NaN	NaN	NaN	NaN	NaN	NaN	-1.0070987239027723e-10	-8.671959219286767e-13	-5.320853884256526e-13	NaN	18.217205651767493	437.63902364782695	439.2944770660403	0	0	156.86532089850982	3.7684366743461677	3.782691507751717	0.1	1	0.09624785252122409	2.128295752565177	2.136346438834389	0	1	NaN	NaN	NaN	NaN	9	273.9591242599487	274.49824994744193	96205.47324652778	1.2192660648717524	1007.200665472705	0.023721919066027775	-0.0007023812019444474	0.0028626364437976965	362.64148230787606	671.7667452509924	0.002347835740100583	53.98324416496417	309.1252629431163	266.17530007193056	-0.5180438098860889	0.1511256965672203	0.0025820050414993544	0.5396434303077029	-5.058141684066571e-14	-5.528283223860188e-15	0.5396434303077029	3.038370689794136	168.26322027307904	163.73677972692093	0.27414130833624056	NaN	0.164014482190443	0.10452835576195738	-69.23238763509202	-0.04188790967726308	-11.07344428329742	0.026813077506773822	1	3.9976061109061987	2	3	6	10	19	57	0.032139822480698445	1.0205150343698706	5.27679267462166	1.0198097026240116	-0.4477706279005598	1.0891934586009022	0.40955299053234806	1.0891934586009022	-0.009951598583150582	1.0891934586009022	0.004675868116782068	1.1541801120287436	NaN	NaN	800000009	800000009	800000009	800000009	811100009	811100019	899999999	899999999	89999	89999	89	89	4	13	1	3	0	0	0	NaN	0	0	0	0	0	0	0	0	0	NaN	NaN	NaN	NaN	0	0	0	0	0	0	0	0	10907	0	0	0	18000	18000	18000	18000	93	NaN	0.1180503852075859	0.06721783498025641	0.023788491336072446	0.047896973873979704	15.847172802761197	0.1196598698899937	8.728928919905801e-7	NaN	0.004296902907603807	0.009752143086205499	-0.00023696424043496042	0.0000046758681167820684	NaN	437.63835021124925	3.768317960064809	96601.59068641494	11.40999984741211	-7.0287050730121905	92.09676633644104	93.45773854319255	90.7357964952257	2.7219443917208244	0.0002670422263601926	-1	0	2.1247786458532003	89.43974210031686	1.0000440001719528	-273.1499938964844	9.000260736147563	-273.1499938964844	221
DATA	2025-02-11T033000_AIU-0547.ghg	2025-02-11	04:00:00	42.166	0	18000	18000	0.15225217153133383	0	NaN	20.759580363193564	0	NaN	-3.558325963598176	2	NaN	3.935418514949282	2	NaN	-0.07910851881069925	2	NaN	-0.0015673036175056834	0	NaN	NaN	NaN	NaN	NaN	NaN	NaN	NaN	NaN	NaN	-3.8267139386905514e-10	-3.4530405086295923e-12	-2.0559793146679312e-12	NaN	17.854647545974316	429.2601817035754	430.9293585925634	0	0	161.11165410145603	3.873435067036528	3.8884969073153868	0.1	1	0.09592769831593677	2.1246638182630027	2.132925566949403	-0.1	0	NaN	NaN	NaN	NaN	9	274.36808410390216	274.8384925181071	96149.88518229165	1.2170046304264215	1007.2625388804043	0.023765054138789366	-0.005126232018933311	0.0029370562632130824	372.53023745201375	688.3671640998792	0.002413348470320921	54.11795577715284	315.8369266478655	266.5251013384663	0.2851139699697943	-0.21545259231919098	0.1053014472448631	0.3725562913183579	8.78812041046655e-14	-2.1432592992032262e-14	0.3725562913183579	5.820930945583618	9.07731368013657	322.92268631986343	16.418174173379075	NaN	0.35370046638797165	0.7668123374556794	-180.56126367723454	-0.016061030704702786	-5.834086189844591	0.04787932563569152	0	76.17162538512463	-11.559338024204187	26.14725408444227	65.11035971916763	99.29740678857624	139.26602489790707	208.64588288944842	0.14818692138835912	1.0274332586498693	20.10757357887274	1.0243321368713196	-3.252093194025521	1.094164819795214	3.596732817351816	1.094164819795214	-0.07230036771380143	1.094164819795214	-0.007656278360358969	1.1606281622505115	NaN	NaN	800000009	800000009	800000009	800000009	800001019	800111019	899999999	899999999	89999	89999	89	89	11	15	4	15	5	0	6	NaN	0	0	0	0	0	0	0	0	0	NaN	NaN	NaN	NaN	0	0	0	0	0	0	0	0	18000	0	0	0	18000	18000	18000	18000	93	NaN	0.7165771733543117	0.6859255919217022	0.13112190963534517	0.02613238197836795	3.425829014487146	0.03280679996395022	4.081076923936498e-8	NaN	0.016403055470261736	0.08580901493087638	-0.0017249052536599883	-0.00000765627836035897	NaN	429.2603196317883	3.873402240918886	96545.46801302084	11.40999984741211	-6.6420226430362455	92.08943979793125	93.45032731649611	90.72856559244792	2.7217665440771315	0.00026689629300057674	-1	0	2.1210724137147268	89.48870716423457	1.0000424099067846	-273.1499938964844	9.000268124739328	-273.1499938964844	055
DATA	2025-02-11T040000_AIU-0547.ghg	2025-02-11	04:30:00	42.187	0	18000	18000	0.09832275847107927	0	NaN	12.865883649363086	0	NaN	9.978885244831963	0	NaN	-0.31507627782233366	0	NaN	0.2217900244518512	0	NaN	-0.002283492319938573	0	NaN	NaN	NaN	NaN	NaN	NaN	NaN	NaN	NaN	NaN	-2.8019519221181473e-11	-2.633130808956113e-13	-1.5107916032066302e-13	NaN	17.84561669240912	428.933196034124	430.6691779846602	0.1	1	167.7039593244761	4.030894336715318	4.0472082053497695	0.1	1	0.09622223579252026	2.1285776835104278	2.1371924805768554	0.2	0	NaN	NaN	NaN	NaN	9	274.03911041683625	274.553396569146	96124.69004123265	1.2178765082852938	1007.3438317034858	0.023746624702734996	0.014371993584479957	0.0030588228054065757	387.5724030207594	674.4330318859844	0.0025116034216911185	57.46640284461631	286.860628865225	267.04168684969096	-0.434163811423365	0.37956691721240987	0.05323860021893587	0.5791404046904844	3.180771106157411e-14	-1.5701065255480895e-15	0.5791404046904844	4.267493503101505	193.161518628306	138.83848137169403	5.2744717611639444	NaN	0.2841354361503929	0.36450396046326083	-151.00826817999737	-0.019204246462473738	1.2893107129402346	0.036909081210594184	0	75.72317911412456	-11.49128457246314	25.993316991308514	64.72703459157707	98.71281178263837	138.4461220899165	207.41751907722548	0.09644896457314724	1.01942782803553	13.15844030954059	1.0191073352970965	9.167536237826024	1.0885024052218353	-0.2894585040058975	1.0885024052218353	0.20375703662928582	1.0885024052218353	-0.006783762043494665	1.153219072078625	NaN	NaN	800000009	800000009	800000009	800000009	800010009	810010109	899999999	899999999	89999	89999	89	89	29	17	4	39	13	3	0	NaN	0	0	0	0	0	0	0	0	0	NaN	NaN	NaN	NaN	0	0	0	0	0	0	0	0	18000	0	0	0	18000	18000	18000	18000	93	NaN	0.34302965019162357	0.3001034661792859	0.0858748045556121	0.028352886017217298	0.2695966342636551	0.005187850156499562	1.9854209661570472e-8	NaN	0.010725645281071292	-0.006901489097158554	0.004858129739859712	-0.0000067837620434946645	NaN	428.9332106211197	4.030890014053843	96517.0690501302	11.40999984741211	-6.115085631555978	92.01343542438083	93.38469665675693	90.6421815270318	2.742517401549551	0.00026755627073321694	-1	0	2.124828513291147	89.526008989652	1.0000223082005977	-273.1499938964844	9.000128825770483	-273.1499938964844	211
DATA	2025-02-11T043000_AIU-0547.ghg	2025-02-11	05:00:00	42.208	0	18000	18000	0.14154940177720426	1	NaN	11.288221688537734	1	NaN	12.926050533797191	1	NaN	0.3644078301087913	2	NaN	0.28717282752555995	1	NaN	0.024182076121422914	2	NaN	NaN	NaN	NaN	NaN	NaN	NaN	NaN	NaN	NaN	4.2367773332253383e-11	4.226420087864591e-13	2.3017297046788547e-13	NaN	17.93963595609098	430.3437886431828	432.1991841631854	0.1	0	178.9578063949867	4.29291768237603	4.311426280491814	0.1	1	0.09746132431232794	2.1518358324007867	2.1611133139599037	0.8	0	NaN	NaN	NaN	NaN	9	273.5875579511855	274.11063248001983	96165.03399133525	1.2202345917136348	1007.4798773302463	0.023698382913733752	0.018608799223656283	0.0032642893079861705	412.93931174274826	653.2877251822642	0.0026751325770907465	63.209409242694726	240.34841343951598	267.8738049433747	-0.7039272749852122	0.3857933275315366	0.0470099577802045	0.8040895697411579	4.85489482033438e-14	2.361685233521609e-15	0.8040895697411579	4.500084677104837	180.7253189972147	151.2746810027853	3.3516277529788896	NaN	0.3405903610362236	0.4409046271844394	-296.53867544542015	-0.009779500079185332	0.87329239964078	0.02695960122180301	0	83.81229861929617	-12.718839665395715	28.770049953901236	71.64149228012094	109.25779603373316	153.23561243771437	229.57487061621978	0.13943147151925692	1.0151897576269562	11.791555283239685	1.0164209407534728	11.898434012657063	1.086365694850851	0.33543753437356233	1.086365694850851	0.26434268762968105	1.086365694850851	0.018161357699434406	1.149790679251866	NaN	NaN	800000009	800000009	800000009	800000019	800000019	811010019	899999999	899999999	89999	89999	89	89	10	25	1	29	9	6	0	NaN	0	0	0	0	0	0	0	0	0	NaN	NaN	NaN	NaN	0	97	0	0	0	0	0	0	18000	0	0	0	18000	18000	18000	18000	93	NaN	0.49035874850533373	0.29571293930489406	0.09573756655865098	0.03375362199137859	0.13962048933475837	0.02232861959756253	0.0000015111949775329306	NaN	0.009591607055127594	0.007983609304137742	0.006291510413056003	0.000018161357699434405	NaN	430.34371375497153	4.292895130650424	96556.86704166667	11.40999984741211	-5.288333666139104	92.02292242707146	93.39381833457946	90.65202430597941	2.7417975344591676	0.00026665341876893456	-1	0	2.1480173573626367	62.70904756598704	1.0000203265912002	-273.1499938964844	9.000119572851393	-273.1499938964844	072
DATA	2025-02-11T050000_AIU-0547.ghg	2025-02-11	05:30:00	42.229	0	18000	18000	0.1365885270304452	1	NaN	25.65033101917299	1	NaN	6.611402171155949	1	NaN	-0.45067321195340837	1	NaN	0.14666329526936392	1	NaN	NaN	NaN	NaN	NaN	NaN	NaN	NaN	NaN	NaN	NaN	NaN	NaN	3.052928973714581e-11	3.3556126499550456e-13	NaN	NaN	18.028074382514635	431.6423278282391	433.6999637551412	0.1	1	198.15473918048747	4.744376524928271	4.766992934300264	0.1	1	NaN	NaN	NaN	NaN	0	NaN	NaN	NaN	NaN	9	272.94329507446275	272.5329212140865	95285.63780191804	1.2158735056344714	1007.700124565831	0.023815242334489624	0.009503781533454781	0.003589871782250569	451.5113038358448	582.6075015552731	0.002952504323529354	77.49836770562231	131.0961977194283	269.055944683434	-0.7237790432767008	0.42532193344723573	0.04736542256450735	0.840831929586688	-9.165411538864308e-15	1.6934304290843207e-15	0.840831929586688	4.689505507778121	182.4402230743294	149.55977692567058	3.229273351393644	NaN	0.3351682819749281	0.407719174843245	-123.56052101871978	-0.023470279795604305	3.8797111951651617	0.06246120429419368	0	83.20543428523506	-12.626745661404357	28.56173306611981	71.12275377491414	108.4666870828598	152.1260708855984	227.91257518620753	0.13460894911317986	1.014706139007154	25.623205339561157	1.0161233290736853	6.086632142067711	1.0862168136400576	-0.41490170865901277	1.0862168136400576	0.1350221184460178	1.0862168136400576	NaN	1	NaN	NaN	800000009	800000019	800000009	800000019	800000009	801000009	899999999	899999999	89999	89999	89	89	28	41	1	14	2	0	2	NaN	0	0	0	0	0	0	0	0	0	NaN	NaN	NaN	NaN	0	9232	0	0	0	0	101	0	13160	0	0	16	18000	18000	18000	18000	93	NaN	0.4719547968011491	0.2490701491054282	0.09441340377991266	0.17686513755753305	0.4715050306064971	0.027952866537051622	NaN	NaN	0.02091287538450368	-0.009928028733066868	0.0032308940733558568	NaN	NaN	431.6422196396774	4.744348398757837	96582.33795746528	11.40999984741211	-3.960652077542453	91.981503300137	93.34269722641838	90.62032019911871	2.722362087395458	0.0002661610359225759	-1	0	4.34768618201096	31.565125977635965	1.0000127056439718	-273.1499938964844	9.000100969500012	-273.1499938964844	244
DATA	2025-02-11T053000_AIU-0547.ghg	2025-02-11	06:00:00	42.249	0	18000	18000	0.07796629702991001	0	NaN	18.233216202820966	0	NaN	0.7424514226393707	2	NaN	-0.01058077294211053	2	NaN	0.01645535163403962	2	NaN	NaN	NaN	NaN	NaN	NaN	NaN	NaN	NaN	NaN	NaN	NaN	NaN	-7.329916694927538e-11	-8.677051185315829e-13	NaN	NaN	18.126258459729222	432.38679514738567	434.6113679568909	0.1	1	214.5760709152089	5.118533415181774	5.144867591867433	0.1	1	NaN	NaN	NaN	NaN	0	NaN	NaN	NaN	NaN	9	272.0289031321208	271.58769156211986	95068.58765110809	1.2171544063587147	1007.8916578561425	0.023789648679124885	0.0010663067858857672	0.0038771473663194193	485.9515246427265	543.5997476855372	0.0031854194883280586	89.39509753485774	57.648223042810685	270.0379761078415	-0.560627058379936	0.4688884801788475	0.041237200377960435	0.7320243248192382	3.2161958287434685e-14	-4.043811198660926e-15	0.7320243248192382	3.3631412004190593	191.90790862806492	140.09209137193508	3.2293585020014035	NaN	0.25309328120782715	0.29652147186333994	-74.72685744026258	-0.03880800155845293	24.558126830713	0.058725015378834095	0	70.9898045032383	-10.77297671378503	24.368502659174535	60.68101716655616	92.54237992112162	129.79200366881295	194.4520726955637	0.07671770614155358	1.0162751332274276	17.994096164775335	1.0170976337165014	0.6831585809331862	1.0867922080773562	-0.009735782851101752	1.0867922080773562	0.01514121237872213	1.0867922080773562	NaN	1	NaN	NaN	800000009	800000019	800000009	800000019	800000019	801010019	899999999	899999999	89999	89999	89	89	12	34	3	48	10	0	0	NaN	0	0	0	0	0	0	0	0	0	NaN	NaN	NaN	NaN	0	17333	0	0	0	0	101	0	17449	0	0	16	18000	18000	18000	18000	93	NaN	0.24852795854636084	0.26444710330196913	0.08006788187834991	0.02263907841889522	0.026612479347900606	0.005636856713127384	NaN	NaN	0.014667986812304527	-0.00023280083578086668	0.0003620547983055335	NaN	NaN	432.3867377821581	5.118527220794857	96588.25027929687	11.40999984741211	-2.938441818316813	91.54817287614613	92.87148288938732	90.22486367925008	2.6466201172404826	0.0002653060532239679	-1	0	2.620321461551796	1.8888478714046164	1.0000339590873983	-273.1499938964844	9.000278276840845	-273.1499938964844	111
DATA	2025-02-11T060000_AIU-0547.ghg	2025-02-11	06:30:00	42.27	0	18000	18000	0.017120882549829936	1	NaN	16.17511748638895	0	NaN	0.5733914108001004	2	NaN	-0.8544141305138	1	NaN	0.012709673198067357	2	NaN	NaN	NaN	NaN	NaN	NaN	NaN	NaN	NaN	NaN	NaN	NaN	NaN	-1.4229168507401958e-10	-1.7346904240408487e-12	NaN	NaN	18.064236581546105	431.088935787266	433.3664685870451	-0.2	0	220.22269396356953	5.255443060015243	5.283208662314215	0.1	1	NaN	NaN	NaN	NaN	0	NaN	NaN	NaN	NaN	9	272.1481046998766	271.69490913991547	95068.58765110809	1.2166113607180928	1007.9676061893621	0.023800073172207285	0.0008235868232347647	0.003979109008567831	498.9279483857879	547.9026481299543	0.0032706492287062003	91.06142306277916	48.9746997441664	270.392020562379	-0.290159914733586	0.11995337671827462	0.01456025060813854	0.31431447564832904	-1.0296082360237459e-14	-7.87698303394568e-15	0.31431447564832904	1.3125954038650363	174.4604151174881	157.5395848825119	2.6551101763632787	NaN	0.11862798134264929	0.06151759516192611	-8.674060806507958	-0.3343301441724035	28.209556651395374	0.11118900936878226	1	2.3439716054574746	1	2	3	5	9	23	0.01659977482866306	1.0313924572197855	15.806289986994697	1.0269444577940907	0.5225761754227676	1.0972398623726443	-0.7786940301879264	1.0972398623726443	0.011583313397477445	1.0972398623726443	NaN	1	NaN	NaN	800000009	800000019	800000009	800000019	800000019	800000019	899999999	899999999	89999	89999	89	89	5	5	0	12	4	0	0	NaN	0	0	0	0	0	0	0	0	0	NaN	NaN	NaN	NaN	0	17832	0	0	0	0	101	0	14708	0	0	16	18000	18000	18000	18000	93	NaN	0.04710507246189803	0.056214095180407056	0.019716022681547138	0.03360573811783204	0.343810987232401	0.002278776008257688	NaN	NaN	0.012889364421868988	-0.01863075064446619	0.00027713815077409185	NaN	NaN	431.0889590581612	5.255440066222236	96597.5607452257	11.40999984741211	-2.5810668387545666	91.4948718846639	92.81325561650594	90.17649126222399	2.636766004655096	0.00026563947010274414	-1	0	4.742652441660587	1.2580083031123335	1.0000108912388483	-273.1499938964844	9.000091126084328	-273.1499938964844	253
DATA	2025-02-11T063000_AIU-0547.ghg	2025-02-11	07:00:00	42.291	0	18000	18000	0.02191957890054365	1	NaN	14.971713677541286	1	NaN	0.9425968639990756	1	NaN	0.234446877244828	1	NaN	0.02088926839315159	1	NaN	NaN	NaN	NaN	NaN	NaN	NaN	NaN	NaN	NaN	NaN	NaN	NaN	-2.3791017297831583e-11	-2.967697839367819e-13	NaN	NaN	18.092536697456364	431.6388742976775	433.9755177519589	-0.2	0	225.6867850313322	5.384274823578598	5.413422176311917	0.1	1	NaN	NaN	NaN	NaN	0	NaN	NaN	NaN	NaN	9	271.94975030263265	271.4857989130253	95089.45865610677	1.2177566695691546	1008.0353003003669	0.023777506528804747	0.001353624591876223	0.004080521810213946	511.249922315556	539.5338434494951	0.003350851538885552	94.75771140636765	28.28392113393909	270.72072799730955	-0.2685022397127011	0.18807961217265465	0.025993804832364784	0.3288511382607895	-3.2685078962727364e-14	-1.3149630533111685e-15	0.3288511382607895	1.3944505188395802	187.01035396306938	144.98964603693062	4.5336336358973215	NaN	0.13416395271069997	0.10333968901429895	-13.558781845254375	-0.21388352088687163	15.883474950279453	0.0909074363084707	1	2.1254783261524857	1	2	3	5	9	23	0.021275240009828222	1.0302858576644855	14.662342427596872	1.026213060960251	0.859743145381771	1.0963703160209706	0.21383913247095215	1.0963703160209706	0.019053113795496117	1.0963703160209706	NaN	1	NaN	NaN	800000009	800000019	800000009	800000019	800000019	801000019	899999999	899999999	89999	89999	89	89	1	6	0	17	8	0	0	NaN	0	0	0	0	0	0	0	0	0	NaN	NaN	NaN	NaN	0	17949	0	0	0	0	101	0	8166	0	0	16	18000	18000	18000	18000	93	NaN	0.04533883160478352	0.14388779182861722	0.017452754595197163	0.02696054458732663	0.04746103192161711	0.0019481266512014921	NaN	NaN	0.011944475944837362	0.005112046363552683	0.0004554844567836629	NaN	NaN	431.6388095169415	5.3842720736383765	96607.41944487847	11.40999984741211	-2.253002185146033	91.41861023627388	92.72581740697223	90.11140217124091	2.614415527933172	0.0002656290869393463	-1	0	9.348063088588873	0.22622319461803636	1.0000227695852517	-273.1499938964844	9.000182102415296	-273.1499938964844	132
DATA	2025-02-11T070000_AIU-0547.ghg	2025-02-11	07:30:00	42.312	1	18000	18000	0.038437679286057104	0	NaN	17.063703128391023	0	NaN	10.090092859491126	1	NaN	0.2925835452854447	1	NaN	0.22362056608905648	1	NaN	NaN	NaN	NaN	NaN	NaN	NaN	NaN	NaN	NaN	NaN	NaN	NaN	-4.9754821821626367e-11	-6.209405717609711e-13	NaN	NaN	18.097054766269945	431.7628015946292	434.101917755366	0.1	1	225.85138730961992	5.388403195341283	5.417595383617434	0.1	1	NaN	NaN	NaN	NaN	0	NaN	NaN	NaN	NaN	9	271.99723709869386	271.5328493941434	95089.45865610677	1.217543767426255	1008.0381296633749	0.02378165846349901	0.01449061268257086	0.004082937587921455	511.64124941924075	541.4065124738812	0.0033534216158424487	94.50223402030532	29.765263054640457	270.7310516582775	-0.22518303840631798	0.047083104045518756	0.03467887795491828	0.23265176562549852	4.2312696624075756e-14	-2.7493325551714364e-15	0.23265176562549852	3.2370707056880397	163.80973128329524	168.19026871670476	8.572407749186457	NaN	0.17767907658035298	0.1671496625217836	-27.63253788392613	-0.1049487387724503	1.6911343994560222	0.07824839828957399	1	0.5742883628925088	1	1	1	2	5	NaN	0.036964635884460244	1.0398500720039858	17.065185340290512	1.0325600576644853	9.13910780460158	1.1040566623375119	0.265007725840797	1.1040566623375119	0.20254446507809334	1.1040566623375119	NaN	1	NaN	NaN	800000009	800000019	800000009	800000019	800000019	811010019	899999999	899999999	89999	89999	89	89	13	4	0	15	22	0	0	NaN	0	0	0	0	0	0	0	0	0	NaN	NaN	NaN	NaN	0	17879	0	0	0	0	101	0	13561	0	0	21	18000	18000	18000	18000	93	NaN	0.13226561252327354	0.1600297711302612	0.042003941390032454	0.022752831372678157	0.037303941161126224	0.010718391260069678	NaN	NaN	0.01390431082330614	0.0063364171460204895	0.00484290115422289	NaN	NaN	431.76288101719354	5.388391854491624	96600.25047981771	11.40999984741211	-2.2454752209848863	91.35177965757582	92.65011193084717	90.05344825045267	2.5966684499051853	0.0002655313979468904	-1	0	6.719679783089011	0.3584385983873776	1.0000048691108823	-273.1499938964844	9.000058746284909	-273.1499938964844	142
DATA	2025-02-11T073000_AIU-0547.ghg	2025-02-11	08:00:00	42.333	1	18000	18000	0.03332073994035632	1	NaN	13.489007225706155	0	NaN	1.9421432954601832	1	NaN	0.049989893677601614	1	NaN	0.04303920089295961	1	NaN	NaN	NaN	NaN	NaN	NaN	NaN	NaN	NaN	NaN	NaN	NaN	NaN	-2.7596553841328168e-11	-3.3746039344078494e-13	NaN	NaN	18.1013074705874	431.52499093606053	433.81415874795505	0.1	1	221.3491719270066	5.276839784347712	5.304832535721509	0.1	1	NaN	NaN	NaN	NaN	0	NaN	NaN	NaN	NaN	9	271.9056167611016	271.45098403696034	95179.9526375816	1.2191212220754344	1007.9763070110534	0.023751044575107263	0.0027889402178637823	0.004003556737998818	501.54267589893675	538.1530790756093	0.003283969358833041	93.19702802043638	36.61040317667255	270.4623695749056	-0.32596256634613435	0.2972694880303751	0.020665600534619997	0.4416421744107555	8.6066093689471e-15	-1.5245613548175722e-15	0.4416421744107555	3.108214786731331	194.36401198456127	137.63598801543873	2.6819997655072036	NaN	0.165323226616435	0.16168260088859054	-28.176911908151904	-0.10292114371699464	6.945423263688681	0.06639706757263583	1	2.6495526185697593	1	2	4	6	12	33	0.03254018338885665	1.023987466271225	13.319339951918039	1.0220708752271306	1.7791744277891	1.0915980272229955	0.04579514842544645	1.0915980272229955	0.039427701241317295	1.0915980272229955	NaN	1	NaN	NaN	800000009	800000019	800000009	800000019	800000019	801110019	899999999	899999999	89999	89999	89	89	22	22	1	10	24	0	0	NaN	0	0	0	0	0	0	0	0	0	NaN	NaN	NaN	NaN	0	17813	0	0	0	0	101	0	14912	0	0	16	18000	18000	18000	18000	93	NaN	0.1131992662696766	0.15930976311923647	0.050856172388268006	0.014469739439816862	0.019083795570136022	0.0020752171426387327	NaN	NaN	0.010838906958908314	0.0010934444240927126	0.0009414097684888424	NaN	NaN	431.52497889626136	5.276837031823654	96626.31416927083	11.40999984741211	-2.52248067333963	91.34715305413138	92.6457612347073	90.0485423105028	2.5972190531028656	0.00026507680808814853	-1	0	7.836343053592104	0.4331795624153875	1.0000061273872853	-273.1499938964844	9.000063838640848	-273.1499938964844	225
DATA	2025-02-11T080000_AIU-0547.ghg	2025-02-11	08:30:00	42.354	1	18000	18000	0.126053409151525	1	NaN	20.543714259737577	1	NaN	4.6037246574241975	2	NaN	-0.1468595038738546	2	NaN	0.10201837298348482	2	NaN	NaN	NaN	NaN	NaN	NaN	NaN	NaN	NaN	NaN	NaN	NaN	NaN	-4.715686558398218e-10	-5.745582690283158e-12	NaN	NaN	18.108243187834677	431.63202517303273	433.913976873939	-0.1	0	220.63045820161773	5.258995613246226	5.286798865286885	0.1	1	NaN	NaN	NaN	NaN	0	NaN	NaN	NaN	NaN	9	271.87025914933946	271.41722065030444	95164.86432895123	1.2190877839218361	1007.9661568771226	0.023751721294473248	0.006610790569329816	0.003989904622048336	499.77025670702136	536.8160105699258	0.003272860801879839	93.09898491597265	37.045753862904405	270.4147184263294	-0.27173152534409806	0.19002953515568743	0.07480267311053608	0.3399186461519046	-4.523369617964939e-14	-2.6041656882354378e-14	0.3399186461519046	3.414896190338616	186.96618131232975	145.03381868767025	12.71258748986165	NaN	0.32155836236158264	0.24021562264323937	-136.11989538041433	-0.02130474749407769	4.462411588105677	0.05199220396104654	0	82.6679347273888	-12.545178029814622	28.377226861371998	70.66330723713423	107.76600212341081	151.14335026716392	226.44028062464994	0.12244131585506958	1.0295006082810392	20.297427608224076	1.025694710263139	4.201407095924116	1.0957578145403664	-0.13402551359896733	1.0957578145403664	0.09310303027706728	1.0957578145403664	NaN	1	NaN	NaN	800000009	800000019	800000009	800000019	800000009	811110109	899999999	899999999	89999	89999	89	89	22	31	2	18	23	0	0	NaN	0	0	0	0	0	0	0	0	0	NaN	NaN	NaN	NaN	0	18000	0	0	0	0	101	0	13614	0	0	16	18000	18000	18000	18000	93	NaN	0.214504938280797	0.17760531170954097	0.0883209952961408	0.02129065376534345	0.021843746933889182	0.0026240717316200228	NaN	NaN	0.016518099245338556	-0.003200142596774309	0.002223031757743675	NaN	NaN	431.6320301087487	5.258992317762838	96627.76916167534	11.40999984741211	-2.5681271832518955	91.3421265174018	92.6398471315172	90.04440907923382	2.5954357674386745	0.00026514358523773904	-1	0	6.313064167929627	0.2412693301791194	1.0000208577364682	-273.1499938964844	9.000155165168975	-273.1499938964844	229
DATA	2025-02-11T083000_AIU-0547.ghg	2025-02-11	09:00:00	42.374	1	18000	18000	0.10243742444718319	0	NaN	16.479681620322683	0	NaN	0.06055986221716359	2	NaN	0.11788801450748981	0	NaN	0.0013417225043320215	2	NaN	NaN	NaN	NaN	NaN	NaN	NaN	NaN	NaN	NaN	NaN	NaN	NaN	-4.098048862717213e-12	-4.941177587494428e-14	NaN	NaN	18.102989327636337	431.3473818822482	433.60251555626684	0.2	0	218.27481352444778	5.200923871775807	5.228114899360276	0.1	1	NaN	NaN	NaN	NaN	0	NaN	NaN	NaN	NaN	9	271.64291140831835	271.19524349827947	95164.86432895123	1.2201123052356002	1007.9317889611592	0.02373185924630896	0.000086943618280715	0.003949149065923794	494.2607397697269	528.0979410825605	0.003236709480740156	93.59262767745886	33.8372013128336	270.2656328520512	-0.6106702321506029	0.2244356859827221	0.007218122021347061	0.6506470708939825	7.381396497973405e-16	-2.263741522766663e-16	0.6506470708939825	3.5484713663630845	172.17956836659002	159.82043163340998	0.6356386278752284	NaN	0.28975398778650036	0.2917042723144328	-124.15244731771968	-0.023358379658667404	272.12217823791696	0.04624751965714556	0	78.10732179455704	-11.853087422300097	26.81171602275422	66.76496389609068	101.82078255763436	142.80509529305513	213.94805524444232	0.10064812562391835	1.0177777659759977	16.217383631227282	1.0180492712722904	0.05568520922158755	1.087539457312235	0.10839883897071691	1.087539457312235	0.0012337230574125367	1.087539457312235	NaN	1	NaN	NaN	800000009	800000019	800000009	800000019	800000019	811010019	899999999	899999999	89999	89999	89	89	29	36	1	20	15	0	0	NaN	0	0	0	0	0	0	0	0	0	NaN	NaN	NaN	NaN	0	17618	0	0	0	0	101	0	13571	0	0	16	18000	18000	18000	18000	93	NaN	0.36853732775330056	0.1322262262597062	0.08264499061585887	0.01736083053182498	0.07734195315197244	0.0010564342900057958	NaN	NaN	0.013187116429712101	0.002585936649173496	0.000029431400736268933	NaN	NaN	431.3473440094622	5.200922133982317	96612.07735069444	11.40999984741211	-2.7195855134593097	91.33219452963934	92.62947076416017	90.03492053688896	2.5945530855125836	0.00026485858205705883	-1	0	8.24439815273521	0.6566401368194129	1.0000302596787611	-273.1499938964844	9.000230170223448	-273.1499938964844	007
DATA	2025-02-11T090000_AIU-0547.ghg	2025-02-11	09:30:00	42.395	1	18000	18000	0.18731272595246953	0	NaN	22.940062252146816	0	NaN	-0.202454330367946	2	NaN	0.762052975173215	1	NaN	-0.004484495949490501	2	NaN	NaN	NaN	NaN	NaN	NaN	NaN	NaN	NaN	NaN	NaN	NaN	NaN	-9.808904911482953e-11	-1.1857880280100479e-12	NaN	NaN	18.11584612511527	431.6238693380369	433.88783305533025	0.2	0	219.00052703422756	5.2178548113485475	5.245223626685648	0.1	1	NaN	NaN	NaN	NaN	0	NaN	NaN	NaN	NaN	9	271.42189478217233	270.9731369236044	95171.82786646746	1.221193952802952	1007.9383459649458	0.023710815309601348	-0.00029059533752698444	0.003965521391137061	495.90335647729296	519.4999416754342	0.003247249449635069	95.4578271708674	23.59658519814127	270.3102350774205	-0.707330993098513	0.34951413792881747	0.035022480069367944	0.7897492263497619	-1.1489249642549075e-15	-5.414544175159548e-15	0.7897492263497619	7.0300202027031045	178.29540284789925	153.70459715210075	2.541691109809465	NaN	0.3916438575466097	0.503316425693988	-220.2510304334292	-0.013166794245153482	-113.30981268938493	0.04758659819795531	0	77.48643799369846	-11.758865910134775	26.598586705690522	66.23424176152533	101.01139781586762	141.6699216843538	212.24735832289295	0.18447363685865364	1.015390215871286	22.59373096624399	1.0165452124910266	-0.18634727126440867	1.0864357121746258	0.7014248212145738	1.0864357121746258	-0.004127714046249701	1.0864357121746258	NaN	1	NaN	NaN	800000009	800000019	800000009	800000019	800000019	811010119	899999999	899999999	89999	89999	89	89	33	17	3	19	26	3	0	NaN	0	0	0	0	0	0	0	0	0	NaN	NaN	NaN	NaN	0	17980	0	0	0	0	101	0	15358	0	0	16	18000	18000	18000	18000	93	NaN	0.5077072457814735	0.34489555638327374	0.15403004922322888	0.021939541470259706	0.20582187213068326	0.0007285598697235504	NaN	NaN	0.018355631916553306	0.016718467818776027	-0.0000983841066927752	NaN	NaN	431.6238182509577	5.2178533300306205	96548.59940993923	11.40999984741211	-2.6846841704712947	91.26876795387268	92.55576629765828	89.98176991420323	2.573997794217534	0.00026470044711216666	-1	0	6.181598857827952	0.37664344892902063	1.0000161889857715	-273.1499938964844	9.000151295860608	-273.1499938964844	094
DATA	2025-02-11T093000_AIU-0547.ghg	2025-02-11	10:00:00	42.416	1	18000	18000	0.20315097339063237	1	NaN	22.864437085950456	0	NaN	0.2617875980845303	2	NaN	0.1124329567390136	0	NaN	0.005797324954380181	2	NaN	NaN	NaN	NaN	NaN	NaN	NaN	NaN	NaN	NaN	NaN	NaN	NaN	-4.552900634595335e-12	-5.445809808667525e-14	NaN	NaN	18.186385542105302	432.78947763717736	435.04154680771137	0.2	0	217.53076712645856	5.1766760831452165	5.203613504721038	0.8	0	NaN	NaN	NaN	NaN	0	NaN	NaN	NaN	NaN	9	271.1550372780694	270.7102539821024	95171.82786646746	1.222398792475532	1007.9127603004088	0.02368750322934768	0.0003756666570438357	0.003938097811043765	491.9961853902817	509.484815598064	0.0032216146116019594	96.56738931713733	17.488630207782307	270.2039269657019	-0.7035538129788423	0.57907544798414	0.0700132237507626	0.9139027266154082	-6.392665252091195e-15	-2.5034664661949533e-16	0.9139027266154082	5.808369457027784	191.45683995325234	140.54316004674766	4.393680374026193	NaN	0.4076645972040136	0.5724013794600475	-249.21993124299573	-0.011636308482777113	87.3396495985559	0.04552203415746022	0	72.83557822892027	-11.053079997697875	25.002097050048842	62.25875678589229	94.94853238999751	133.16666671869618	199.50793288841007	0.20037417857485146	1.013858047157227	22.5635071601163	1.015609177063002	0.2410486243394656	1.0860364741839732	0.1035259490925418	1.0860364741839732	0.005338057323292183	1.0860364741839732	NaN	1	NaN	NaN	800000009	800000019	800000009	800000019	800000009	811010009	899999999	899999999	89999	89999	89	89	35	40	1	35	17	0	0	NaN	0	0	0	0	0	0	0	0	0	NaN	NaN	NaN	NaN	0	18000	0	0	0	0	101	0	15912	0	0	16	18000	18000	18000	18000	93	NaN	0.4668899581696101	0.483092539111662	0.19482026163882296	0.01802313633951879	0.05629108370709468	0.0003026139187186074	NaN	NaN	0.018313474558829968	0.0024650142852118877	0.00012710231272966053	NaN	NaN	432.7894209221557	5.17667507958338	96541.46825564236	11.40999984741211	-2.7921677455504743	91.21349933709037	92.49067220179239	89.93633135774402	2.5543422263330866	0.00026475251333128345	-1	0	5.805122316897005	0.3605037495245635	1.0000275466723574	-273.1499938964844	9.000245906035106	-273.1499938964844	081
DATA	2025-02-11T100000_AIU-0547.ghg	2025-02-11	10:30:00	42.437	1	18000	18000	0.17323406061050595	1	NaN	25.637406868655457	0	NaN	-0.5510641334678308	1	NaN	0.11143224023413614	0	NaN	-0.012204225389854636	1	NaN	NaN	NaN	NaN	NaN	NaN	NaN	NaN	NaN	NaN	NaN	NaN	NaN	-4.733101348014877e-11	-5.617124784685645e-13	NaN	NaN	18.20076299701922	433.2012044896267	435.4398539721509	0.2	0	216.00204477688837	5.141122159817964	5.167689884799776	0.1	1	NaN	NaN	NaN	NaN	0	NaN	NaN	NaN	NaN	9	271.2239139268663	270.7820691994001	95228.71583209925	1.22282144970859	1007.8942491380449	0.02367936604714643	-0.0007908338052625804	0.003912394560006224	488.9147005955268	512.2041231729618	0.0031994814622679254	95.45309740320647	23.289422577434948	270.11955493483725	-0.6506037918396689	0.5207638078118835	0.05984004742365163	0.8355004899810412	1.581945559184605e-14	-2.6004961158991128e-15	0.8355004899810412	4.977084784241101	190.67488224270113	141.32511775729887	4.107143260261797	NaN	0.37638743650447465	0.55997485420248	-175.00428661911837	-0.016571022664785336	-46.52345400764879	0.05526637274174725	0	73.77743180117244	-11.196009910981479	25.325404903065017	63.06383905349607	96.17633364573206	134.88867543756314	202.08781574034552	0.17071201453997065	1.014773688174975	25.24254112964346	1.0161647017235502	-0.507315004985832	1.0862366144348925	0.10258560497162769	1.0862366144348925	-0.011235328682235412	1.0862366144348925	NaN	1	NaN	NaN	800000009	800000019	800000009	800000019	800010009	800010009	899999999	899999999	89999	89999	89	89	36	21	2	44	25	0	0	NaN	0	0	0	0	0	0	0	0	0	NaN	NaN	NaN	NaN	0	18000	0	0	0	0	101	0	17802	0	0	16	18000	18000	18000	18000	93	NaN	0.3547944691622211	0.6043321272163985	0.16082311202634042	0.019697706575136996	0.04233925275663444	0.000948681026139059	NaN	NaN	0.020481183904750597	0.002441698037560573	-0.0002674184160862482	NaN	NaN	433.20114731918454	5.141120526769287	96533.7873546007	11.40999984741211	-2.8857827735013584	91.21248716100055	92.4908738602532	89.93409804979959	2.556778216408357	0.00026466759948622586	-1	0	18.149826799207883	0.140187042093946	1.000012033228245	-273.1499938964844	9.000146307720078	-273.1499938964844	000
DATA	2025-02-11T103000_AIU-0547.ghg	2025-02-11	11:00:00	42.458	1	18000	18000	0.17056033729781778	1	NaN	23.35160894064563	0	NaN	1.048101720890853	0	NaN	-0.022191148521260546	2	NaN	0.023213295615265347	0	NaN	NaN	NaN	NaN	NaN	NaN	NaN	NaN	NaN	NaN	NaN	NaN	NaN	-3.982503667818725e-11	-4.721836735126467e-13	NaN	NaN	18.206960002738185	433.56699605082935	435.8072925011891	-0.2	0	215.8699645918835	5.140566688322817	5.167128657775255	0.7	0	NaN	NaN	NaN	NaN	0	NaN	NaN	NaN	NaN	9	271.2855418692695	270.8436444318215	95116.13383048793	1.221098377101185	1007.894637447868	0.023712780411372786	0.0015042215558691945	0.003906459373541468	488.2840162315368	514.5456184518845	0.0031991356689992255	94.89615667132468	26.261602220347697	270.10222845894396	-0.6248523699003717	0.4474337605956455	0.06815746833328501	0.7715457826859687	-1.915897579765453e-14	-2.1873523461466317e-15	0.7715457826859687	3.771634470653333	187.60505568618206	144.39494431381794	5.068049626396527	NaN	0.3737349354369498	0.40968956565782333	-187.9425670440334	-0.015430245769286283	22.279907069322917	0.050767680834776	0	77.52085155096984	-11.764088300219061	26.61039976628067	66.26365795268349	101.05625936343394	141.73284064268705	212.3416223878115	0.16793131344552914	1.0156553521695726	23.05912373047267	1.016710052295131	0.9646279032988541	1.0865347325186565	-0.02042378200816467	1.0865347325186565	0.021364522385267384	1.0865347325186565	NaN	1	NaN	NaN	800000009	800000019	800000009	800000019	800000009	811010009	899999999	899999999	89999	89999	89	89	18	50	2	22	29	0	0	NaN	0	0	0	0	0	0	0	0	0	NaN	NaN	NaN	NaN	0	18000	0	0	0	0	101	0	18000	0	0	16	18000	18000	18000	18000	93	NaN	0.34139039197365134	0.3378790683659522	0.14010967097604315	0.018585852812817518	0.029384561353850164	0.0005134296746238151	NaN	NaN	0.018736005753148904	-0.00048680369202891	0.0005092263700927082	NaN	NaN	433.56695038292827	5.1405654932243765	96509.80349305554	11.40999984741211	-2.89052294724517	91.25995370335049	92.54607428995769	89.97382985115051	2.572247070418464	0.000264613800944062	-1	0	21.63777671506672	0.09525236890837546	1	-273.1499938964844	9.000055615027746	-273.1499938964844	232
DATA	2025-02-11T110000_AIU-0547.ghg	2025-02-11	11:30:00	42.479	1	18000	18000	0.11743436764125621	1	NaN	21.247358490974523	0	NaN	-0.28809955879933724	1	NaN	0.18223730118011758	0	NaN	-0.006380759507780772	1	NaN	NaN	NaN	NaN	NaN	NaN	NaN	NaN	NaN	NaN	NaN	NaN	NaN	1.696664587689235e-11	2.0227918614232743e-13	NaN	NaN	18.212941885136235	433.8608851038561	436.11672588220796	0.2	0	217.13773532577858	5.172561941504512	5.199456452064973	0.1	1	NaN	NaN	NaN	NaN	0	NaN	NaN	NaN	NaN	9	271.2795518731011	270.83491751352204	95116.13383048793	1.22112301037687	1007.9119763854911	0.023712256832184503	-0.00041347321610419403	0.003930860248461786	491.3181316243463	514.2128437624946	0.003219053457397893	95.54761954784566	22.894712138148293	270.1854019490322	-0.4564532870234208	0.5087858417376608	0.05830965343262754	0.6860121366787864	6.153930936424482e-15	9.31570856805896e-16	0.6860121366787864	3.155268608841565	200.10337783448097	131.89662216551903	4.875909345425696	NaN	0.31011151971170325	0.36645013020276207	-118.00539583426743	-0.02457514742862184	-73.75005563883356	0.05566792398498571	0	71.22955816835857	-10.809360257442588	24.45080233399282	60.885954993483736	92.85492303798607	130.23034983416238	195.10879512838665	0.11546194294870621	1.01708289885115	20.899281860093996	1.0176074778371642	-0.2649982874193967	1.0871751723564145	0.16762459796163717	1.0871751723564145	-0.0058691181237616906	1.0871751723564145	NaN	1	NaN	NaN	800000009	800000019	800000009	800000019	800000009	801010009	899999999	899999999	89999	89999	89	89	29	22	1	22	26	0	0	NaN	0	0	0	0	0	0	0	0	0	NaN	NaN	NaN	NaN	0	18000	0	0	0	0	101	0	17105	0	0	16	18000	18000	18000	18000	93	NaN	0.271258873400867	0.3424424917849858	0.11919889521967136	0.01916205288329903	0.019372340692518704	0.0002992703228050189	NaN	NaN	0.016980455753747382	0.003995395555152531	-0.0001398926455275335	NaN	NaN	433.8607873934642	5.172560929391074	96489.72954144965	11.40999984741211	-2.8100422205593882	91.2512110394372	92.53799264886644	89.964427429835	2.5735717592570517	0.00026489392107598386	-1	0	9.688456011997047	0.2754067314391264	1.0000084803377969	-273.1499938964844	9.000115685039097	-273.1499938964844	202
DATA	2025-02-11T113000_AIU-0547.ghg	2025-02-11	12:00:00	42.499	1	18000	18000	0.13678873944991118	1	NaN	23.215356535440105	0	NaN	1.4983987036166886	1	NaN	0.12299521075277291	2	NaN	0.03318806079016134	1	NaN	NaN	NaN	NaN	NaN	NaN	NaN	NaN	NaN	NaN	NaN	NaN	NaN	1.6327397260482758e-11	1.9501245941409027e-13	NaN	NaN	18.192438253290664	433.67447809899505	435.932501894633	0	0	217.28828360781193	5.179755548907768	5.20672511219932	0.1	1	NaN	NaN	NaN	NaN	0	NaN	NaN	NaN	NaN	9	271.34040866682267	270.8950568833232	95193.88243036659	1.2218465411093768	1007.9166455731554	0.023698205179373273	0.0021505863392024547	0.00393866100340037	492.40245865723216	516.5075023929347	0.0032235316554763568	95.33306997013092	24.105043735702566	270.2150158554849	-0.6138127359592069	0.3627925371497109	0.07149626184125528	0.7165865023111537	1.9022688458729892e-15	8.974826261965981e-16	0.7165865023111537	3.679907768947864	182.58510812078092	149.41489187921908	5.726121201154883	NaN	0.33459299304041734	0.33689405054444754	-135.73207234817747	-0.02136562088701462	15.493444087615094	0.05634005085986275	0	76.55894013933693	-11.618114532425789	26.280206706075838	65.44143054565717	99.80231068828674	139.97415979631234	209.70679800633283	0.13456372197054647	1.016535047089822	22.935882566234017	1.017261230184695	1.3785854450432353	1.086910288371495	0.1131604071363196	1.086910288371495	0.030534314694809474	1.086910288371495	NaN	1	NaN	NaN	800000009	800000019	800000009	800000019	800001009	801011109	899999999	899999999	89999	89999	89	89	23	43	2	27	12	0	0	NaN	0	0	0	0	0	0	0	0	0	NaN	NaN	NaN	NaN	0	18000	0	0	0	0	101	0	18000	0	0	21	18000	18000	18000	18000	93	NaN	0.2799966541152509	0.2779321310069768	0.11585931596666749	0.01898187876483545	0.06008351836052786	0.0007796262812529252	NaN	NaN	0.01862405197691998	0.002695642097940488	0.0007273708729585638	NaN	NaN	433.6744180408054	5.179754065370497	96433.66854904515	11.40999984741211	-2.799213150249584	91.2386780043708	92.52373663987053	89.95361839230856	2.5701203119423663	0.00026489355944957227	-1	0	15.449591314625996	0.19741696769204467	1.0000161701225572	-273.1499938964844	9.000160694850816	-273.1499938964844	249
DATA	2025-02-11T120000_AIU-0547.ghg	2025-02-11	12:30:00	42.52	1	18000	18000	0.12351391135321722	1	NaN	20.068141542590354	0	NaN	0.767785071987592	0	NaN	-0.053950051853144894	1	NaN	0.017006140302822378	0	NaN	NaN	NaN	NaN	NaN	NaN	NaN	NaN	NaN	NaN	NaN	NaN	NaN	-5.0721934953288225e-11	-6.080366316687345e-13	NaN	NaN	18.170933490663383	433.54653912374965	435.8115400365938	-0.1	0	217.82672928614886	5.197202700630656	5.224354731148432	0.1	1	NaN	NaN	NaN	NaN	0	NaN	NaN	NaN	NaN	9	271.37020581563314	270.9233068739209	95193.88243036659	1.2217111086215466	1007.926496389433	0.023700807589201355	0.00110199789162289	0.0039514938011092175	494.0582938085256	517.5883806505849	0.003234392953639979	95.45389971612519	23.53008684205929	270.2601267071503	-0.6952399536491587	0.47348471841306083	0.055059251281667464	0.8429578238989857	-2.0533770431242342e-14	-2.7913775029417306e-15	0.8429578238989857	3.960685527896268	186.2563444547219	145.7436555452781	3.745039264776454	NaN	0.3179608695723499	0.422851788865962	-134.7480769891118	-0.02152164294140043	26.137707380320972	0.051254983088810505	0	67.89159202423268	-10.30281101711568	23.304986573144287	58.03271173819562	88.50354704483978	124.12748313300112	185.96558872213024	0.12172705637806798	1.0146791931746013	19.822081385499224	1.0161069756832843	0.7068480154888495	1.0862095601366288	-0.0496681799102917	1.0862095601366288	0.01565640823551881	1.0862095601366288	NaN	1	NaN	NaN	800000009	800000019	800000009	800000019	800000009	810010009	899999999	899999999	89999	89999	89	89	33	38	2	44	28	3	0	NaN	0	0	0	0	0	0	0	0	0	NaN	NaN	NaN	NaN	0	18000	0	0	0	0	101	0	18000	0	0	26	18000	18000	18000	18000	93	NaN	0.32451973852500504	0.3798993688350475	0.14128447037187142	0.015382682503986195	0.026041484422613635	0.00026128174025278873	NaN	NaN	0.01609725671190244	-0.0011833174181680426	0.0003730054252944376	NaN	NaN	433.5464716377811	5.1972017594990305	96354.12098611111	11.40999984741211	-2.764954744206535	91.22743824746874	92.5127543911404	89.94212921354506	2.5706329011585973	0.00026550641446374353	-1	0	11.731704344235862	0.2879408078255825	1.0000147712727387	-273.1499938964844	9.000168365584479	-273.1499938964844	195
DATA	2025-02-11T123000_AIU-0547.ghg	2025-02-11	13:00:00	42.541	1	18000	18000	0.09728170188822684	1	NaN	19.575005166181274	0	NaN	-0.09506590110917401	2	NaN	0.012952002025087407	2	NaN	-0.002105780117907965	2	NaN	NaN	NaN	NaN	NaN	NaN	NaN	NaN	NaN	NaN	NaN	NaN	NaN	-6.273900961043764e-11	-7.554061925614289e-13	NaN	NaN	18.13723497067872	433.1112445152578	435.38169748003304	0.1	1	218.38055299032058	5.214856246637055	5.242193532325182	0.1	1	NaN	NaN	NaN	NaN	0	NaN	NaN	NaN	NaN	9	271.4257477673417	270.9772410853526	95142.81648797961	1.2208045825076026	1007.9367488786457	0.02371838200966841	-0.00013645455164043612	0.003961978145734869	495.4677661329991	519.6577144360111	0.003245382760274981	95.34502276575157	24.189948303012045	270.2984202092647	-0.6668537046513312	0.34362612651177266	0.029056369159754528	0.75074433119234	-4.087001896549802e-15	-3.4591275743994993e-15	0.75074433119234	3.4636022778325715	179.2618077206024	152.7381922793976	2.2180963162517946	NaN	0.28228805699132364	0.3050116460189858	-96.63166755118326	-0.030010865728504022	-205.90984714594217	0.056354675115514063	0	74.1363214911337	-11.250472806038385	25.448600119974966	63.37061256259125	96.64418260334756	135.54484025280823	203.07087020246695	0.09575217392722883	1.0159738196874823	19.2765529827777	1.016908756923532	-0.08748428589418117	1.0866625947448822	0.011919064931215537	1.0866625947448822	-0.0019378417257496037	1.0866625947448822	NaN	1	NaN	NaN	800000009	800000019	800000009	800000019	800000109	801110109	899999999	899999999	89999	89999	89	89	34	33	7	36	10	0	0	NaN	0	0	0	0	0	0	0	0	0	NaN	NaN	NaN	NaN	0	18000	0	0	0	0	101	0	18000	0	0	16	18000	18000	18000	18000	93	NaN	0.27397417377302935	0.24667855741015232	0.08937056085478984	0.01853973779130881	0.08385051511234247	0.0008627894105167459	NaN	NaN	0.015665705063181934	0.0002841808414649107	-0.00004620307846524799	NaN	NaN	433.1112020303822	5.214854688059987	96295.6182690972	11.40999984741211	-2.7275004785060837	91.23488281038073	92.52255577468873	89.94721543587579	2.575340191602707	0.0002657599466037937	-1	0	19.42007761497984	0.11049292892489974	1.0000134505127316	-273.1499938964844	9.000156561348174	-273.1499938964844	237
DATA	2025-02-11T130000_AIU-0547.ghg	2025-02-11	13:30:00	42.562	1	18000	18000	0.06314700953740524	0	NaN	17.319739943047768	0	NaN	1.3495502606868783	2	NaN	-0.25910979358907216	2	NaN	0.029890684807842568	2	NaN	NaN	NaN	NaN	NaN	NaN	NaN	NaN	NaN	NaN	NaN	NaN	NaN	-1.0945160146188033e-10	-1.3312548315986897e-12	NaN	NaN	18.092945692279564	432.27532983689895	434.5601362646067	0.3	0	220.0636724268363	5.2577451013972825	5.285535097665296	0.1	1	NaN	NaN	NaN	NaN	0	NaN	NaN	NaN	NaN	9	271.32837383524577	270.8763456874345	95112.65403558833	1.2208524205841234	1007.9589215986385	0.023717392001511923	0.0019369163755481983	0.00399472962054508	499.37749356029735	515.7917167726255	0.003272082319854664	96.81766444117521	16.414223212328125	270.4041387789025	-0.5833537204883428	0.21960394806788308	-0.006032147106555934	0.6233488942905714	1.3220625180750961e-14	-6.049407505190512e-15	0.6233488942905714	4.133623263526782	172.62888460447914	159.37111539552086	-0.5544598990587538	NaN	0.22742845963470504	0.31255132848568035	-57.1006600698852	-0.050787503970194124	12.833712420782735	0.06188573524679088	0	71.61090437072626	-10.86723101489495	24.581706144920194	61.211923991626556	93.35204632756181	130.92757231622372	196.15336145708525	0.06200820218469659	1.01836543090407	17.10400315807135	1.0184247471077332	1.240545382543015	1.0878685130570656	-0.23818116847681958	1.0878685130570656	0.027476376463774543	1.0878685130570656	NaN	1	NaN	NaN	800000009	800000019	800000009	800000019	800000009	810000009	899999999	899999999	89999	89999	89	89	23	9	0	26	29	0	0	NaN	0	0	0	0	0	0	0	0	0	NaN	NaN	NaN	NaN	0	12217	0	0	0	0	101	0	15811	0	0	16	18000	18000	18000	18000	93	NaN	0.3308387297166835	0.23100398640273245	0.06325994085194478	0.020265961119666026	0.08908298303127934	0.0016963212294091757	NaN	NaN	0.013899262793961678	-0.0056788522675596635	0.0006551075544027097	NaN	NaN	432.2752731754798	5.257742721389752	96254.51112282986	11.40999984741211	-2.623067266583428	91.22368814002144	92.51041553327771	89.93695757844712	2.573456390129196	0.0002654858430453007	-1	0	7.009842008376164	12.167012854260747	1.0000489666942094	-273.1499938964844	9.000406147877376	-273.1499938964844	164
DATA	2025-02-11T133000_AIU-0547.ghg	2025-02-11	14:00:00	42.583	1	18000	18000	0.030380588262000012	0	NaN	11.645029827444068	0	NaN	0.5482350210088962	1	NaN	-0.039053061506769335	2	NaN	0.012142869868826423	1	NaN	NaN	NaN	NaN	NaN	NaN	NaN	NaN	NaN	NaN	NaN	NaN	NaN	4.463686337932668e-11	5.451917183162218e-13	NaN	NaN	18.05184060378961	431.5599690922518	433.8467951266525	0.1	1	220.48399579323348	5.271045124888196	5.298976267912072	0.1	1	NaN	NaN	NaN	NaN	0	NaN	NaN	NaN	NaN	9	271.34845017411976	270.8952465931096	95112.65403558833	1.2207611254865172	1007.9664014604588	0.02371914691712321	0.0007868579674999522	0.004004538405610227	500.638604279638	516.5137568248072	0.0032803619987606296	96.92648020785364	15.875152545169158	270.43808248063345	-0.4747313328581103	0.18135885603488147	-0.019242111894457948	0.508557894373633	1.8566095514035334e-14	2.4727042720483635e-15	0.508557894373633	3.3687871704497208	172.9080667034153	159.0919332965847	-2.1683962408852144	NaN	0.15775485869719044	0.24104959606495793	-28.343712888457024	-0.10231545921356777	21.240944815991796	0.059990311129344	1	3.8030442204109343	2	3	6	9	16	46	0.029741687436065974	1.0214816602893648	11.45898833195098	1.0204366030935006	0.503042995086809	1.0898373029014914	-0.03583384547656585	1.0898373029014914	0.011141910665471134	1.0898373029014914	NaN	1	NaN	NaN	800000009	800000019	800000009	800000019	800000009	801010009	899999999	899999999	89999	89999	89	89	15	16	3	31	16	0	0	NaN	0	0	0	0	0	0	0	0	0	NaN	NaN	NaN	NaN	0	12979	0	0	0	0	101	0	17202	0	0	16	18000	18000	18000	18000	93	NaN	0.28651870019266384	0.15362439013298892	0.04195610180426307	0.014194545590619043	0.05653361804727044	0.00045152088200115436	NaN	NaN	0.009312569571330673	-0.0008544457387410864	0.0002656750332802418	NaN	NaN	431.5599333511285	5.271043903622745	96191.70516015626	11.40999984741211	-2.597459288212998	91.22744444062975	92.51427744377983	89.94061540116203	2.573668414950372	0.0002659699545701086	-1	0	10.738788619974928	6.350329463053114	1.0000368496643173	-273.1499938964844	9.0003141207695	-273.1499938964844	201
DATA	2025-02-11T140000_AIU-0547.ghg	2025-02-11	14:30:00	42.604	1	18000	18000	0.029672506461849185	1	NaN	16.64332685566911	0	NaN	1.5047517242437225	2	NaN	-0.03287784411715399	2	NaN	0.03333332135033512	2	NaN	NaN	NaN	NaN	NaN	NaN	NaN	NaN	NaN	NaN	NaN	NaN	NaN	-2.8559427739358212e-11	-3.469642672398719e-13	NaN	NaN	18.052244722416336	431.9796234895697	434.25863740205625	0.1	1	219.31405346460141	5.24805661004405	5.275744013285875	0.1	1	NaN	NaN	NaN	NaN	0	NaN	NaN	NaN	NaN	9	271.4907433073256	271.03927698373525	95225.23191842127	1.2215671445293228	1007.9556307676494	0.023703528932235197	0.0021599992235017155	0.003989700521120857	499.04881146758527	522.0468248920123	0.0032660509403747207	95.59464547472648	22.99801342442703	270.3952795736614	-0.36488161967983757	0.20635904363505758	0.012640285180779412	0.4193833903239722	-5.7030180249055486e-15	-1.5820430189434895e-15	0.4193833903239722	1.8615527806698677	181.4903588992	150.5096411008	1.7271658988333032	NaN	0.1558541765364666	0.08125798553639513	-19.139484388069217	-0.15151923328758757	11.060513563480997	0.08672872038888432	1	2.631226397693072	1	2	4	6	11	30	0.028949237469563432	1.0249840429491859	16.377563275700957	1.0227232696916775	1.3775660076084666	1.0923264046389018	-0.030098919130333256	1.0923264046389018	0.03051589818645312	1.0923264046389018	NaN	1	NaN	NaN	800000009	800000019	800000009	800000019	800000019	801010019	899999999	899999999	89999	89999	89	89	14	37	2	8	11	0	0	NaN	0	0	0	0	0	0	0	0	0	NaN	NaN	NaN	NaN	0	17221	0	0	0	0	101	0	18000	0	0	16	18000	18000	18000	18000	93	NaN	0.07486309532545221	0.054395903047335666	0.0332569727000024	0.025478112227912776	0.04741987256658376	0.001460267959935916	NaN	NaN	0.013301190925466002	-0.0007172092937814083	0.0007271452404201026	NaN	NaN	431.97954493836903	5.248054424625841	96151.39674088542	11.40999984741211	-2.6624589829047522	91.26822243287828	92.56282865778606	89.97361579004924	2.589214599337842	0.00026613902875558573	-1	0	14.31928311821893	1.15576636653662	1.0000017534295718	-273.1499938964844	9.000050934394201	-273.1499938964844	253
DATA	2025-02-11T143000_AIU-0547.ghg	2025-02-11	15:00:00	42.624	1	18000	18000	0.06165248261161699	1	NaN	13.535072069667516	1	NaN	2.4206348130091304	1	NaN	0.11883038493753906	1	NaN	0.053621252625776446	1	NaN	NaN	NaN	NaN	NaN	NaN	NaN	NaN	NaN	NaN	NaN	NaN	NaN	-6.835244591862027e-11	-8.399139066352518e-13	NaN	NaN	18.052146310414184	432.35437710623887	434.66364271332543	0.1	0	221.8245232772379	5.31276458429159	5.3411408080161324	0.1	1	NaN	NaN	NaN	NaN	0	NaN	NaN	NaN	NaN	9	271.4815390794542	271.02452933032225	95225.23191842127	1.2216038499640531	1007.9907503274566	0.02370272532221523	0.0034746571701503135	0.004039030033374832	505.1916332955841	521.477176590177	0.00330633374599604	96.87703622983456	16.285543294592912	270.560002633336	-0.6010556225623226	0.2656505025124006	0.027634036831432878	0.6577246315065917	2.4359894204847203e-14	-3.786388872728564e-15	0.6577246315065917	3.66398404874082	175.84414612946316	156.15585387053684	2.4079680063478164	NaN	0.22465189602113594	0.1911619964968719	-70.48379568614399	-0.04114420870455611	5.59153821837415	0.04892868508339201	0	78.31524797762184	-11.884641022764528	26.88309035291871	66.94269607005879	102.09183533716207	143.18525067035242	214.51759727301325	0.060584195964890286	1.0176330911009497	13.442984335490541	1.0179570390097896	2.225950393910877	1.0874612568325044	0.10927321243945874	1.0874612568325044	0.049308655631522355	1.0874612568325044	NaN	1	NaN	NaN	800000009	800000019	800000009	800000019	800000019	810110019	899999999	899999999	89999	89999	89	89	11	24	8	9	12	1	0	NaN	0	0	0	0	0	0	0	0	0	NaN	NaN	NaN	NaN	0	17883	0	0	0	0	101	0	17901	0	0	21	18000	18000	18000	18000	93	NaN	0.24922740454548728	0.08374610449835068	0.0493504839499059	0.0199555665640865	0.05059493761005057	0.0019359913944228505	NaN	NaN	0.010917136813600093	0.0026038871564011104	0.0011749830743693135	NaN	NaN	432.3543961136744	5.312761893795098	96093.18745203994	11.40999984741211	-2.505375148534781	91.22909819751314	92.52075463231405	89.9374451675415	2.5833122859266062	0.00026588961001996526	-1	0	13.113589630770196	0.4432187078589745	1.0000024658946527	-273.1499938964844	9.000054011477365	-273.1499938964844	166
DATA	2025-02-11T150000_AIU-0547.ghg	2025-02-11	15:30:00	42.645	1	18000	18000	0.2111502977369571	1	NaN	23.671225105983748	1	NaN	3.2946971476097446	2	NaN	-0.2112566457662326	2	NaN	0.07298180288276425	2	NaN	NaN	NaN	NaN	NaN	NaN	NaN	NaN	NaN	NaN	NaN	NaN	NaN	4.8023318898111895e-11	5.994646043050641e-13	NaN	NaN	18.056232556340316	432.67915376742843	435.0287612490314	0.1	1	225.39200856966025	5.401039404513944	5.43036904168916	0.1	1	NaN	NaN	NaN	NaN	0	NaN	NaN	NaN	NaN	9	271.4681855002509	271.0036156640297	95287.9618702066	1.222462288045709	1008.0386964927246	0.02368595623152657	0.0047292208268031235	0.004109048027682291	513.9095983159549	520.6703281141399	0.0033612881704933625	98.70153349766015	6.760729798185025	270.7907557444037	-0.7672977517093037	0.5391104934864008	0.03294465943993428	0.9383343298371577	-7.947742498420005e-17	2.659653321824815e-15	0.9383343298371577	5.012784464919192	187.09223194364515	144.90776805635485	2.0120525293733382	NaN	0.41560246416567137	0.6731297863709966	-255.2957722761964	-0.011359373381485464	7.184643700303951	0.046220000634768034	0	87.97768420166723	-13.35095299768095	30.19989203264462	75.20200122641131	114.68779683144155	160.8512657638827	240.98450705255232	0.2083164159001854	1.013603737490038	23.520225435170932	1.015457395422046	3.033772201356399	1.0860067694392765	-0.1945260855743173	1.0860067694392765	0.0672019778665339	1.0860067694392765	NaN	1	NaN	NaN	800000009	800000019	800000009	800000019	800000019	801000019	899999999	899999999	89999	89999	89	89	16	23	1	25	7	0	0	NaN	0	0	0	0	0	0	0	0	0	NaN	NaN	NaN	NaN	0	17295	0	0	0	0	101	0	18000	0	0	21	18000	18000	18000	18000	93	NaN	0.6372023093792245	0.5827838354035859	0.12627342795918278	0.026057855703727286	0.27677707055863254	0.004539763239412272	NaN	NaN	0.019086610262874754	-0.004632520583385388	0.0016003742880642711	NaN	NaN	432.6791016087875	5.4010341696371285	96003.61589952259	11.40999984741211	-2.296148484918786	91.06936777157254	92.34105267122058	89.79768537203469	2.5433675203455812	0.00026656894155409344	-1	0	7.19203607269324	1.273603419744417	1.000008128411102	-273.1499938964844	9.000132803267903	-273.1499938964844	176
DATA	2025-02-11T153000_AIU-0547.ghg	2025-02-11	16:00:00	42.666	1	18000	18000	0.07297456851727754	0	NaN	48.659772568761575	1	NaN	0.5784782384835763	2	NaN	0.10136616454341209	2	NaN	0.01282998005565065	2	NaN	NaN	NaN	NaN	NaN	NaN	NaN	NaN	NaN	NaN	NaN	NaN	NaN	1.7959414615768327e-10	2.2443582587536503e-12	NaN	NaN	17.998211882760007	431.7553726331274	434.0975788005611	-0.1	0	224.92066888641395	5.395575284951813	5.424845446970169	0.1	1	NaN	NaN	NaN	NaN	0	NaN	NaN	NaN	NaN	9	272.7831638056436	272.3168152328025	95199.68711236304	1.2154426531892955	1008.0518955316365	0.023822759219821	0.0008313827076061621	0.004081318515775907	512.9149738398022	573.470176012568	0.0033578865321754296	89.4405664486659	60.5552021727658	270.76460555746485	-0.6371737789923542	0.360574316217056	-0.019460289373844614	0.7323817071809814	1.4963166474044638e-14	9.978443821394922e-15	0.7323817071809814	4.085705259230476	181.5053630844674	150.49463691553257	-1.5225990534048963	NaN	0.24502958894367935	0.32071779280676305	-25.435174372610632	-0.11401533787489218	84.1168592552736	0.1620817733996788	0	67.32202193176636	-10.216376558168436	23.109471591662423	57.54585178977966	87.76105490448852	123.08612734890873	184.40544799769103	0.0718063336496333	1.016269245458826	47.953921273867806	1.0170939269488697	0.5322816972283717	1.0867896482177637	0.0932711907126125	1.0867896482177637	0.011805394058262012	1.0867896482177637	NaN	1	NaN	NaN	800000009	800000019	800000009	800000019	800000019	810000019	899999999	899999999	89999	89999	89	89	38	20	1	2	17	0	0	NaN	0	0	0	0	0	0	0	0	0	NaN	NaN	NaN	NaN	0	17136	0	0	0	0	101	0	12421	0	0	16	18000	18000	18000	18000	93	NaN	0.3176309327137516	0.23811443577218583	0.08569021712758862	1.1536921963369124	0.03999937916144693	0.0012356785726835167	NaN	NaN	0.03913873299481572	0.002234013491788062	0.0002827605115849094	NaN	NaN	431.75532333871655	5.395573295628442	95966.83846006944	11.40999984741211	-2.3144894087447097	91.10864225472343	92.38982021204632	89.82746610683866	2.562353318479327	0.0002668385475553805	-1	0	9.287660269889557	1.146218528551001	1.0000000444385742	-273.1499938964844	9.000068183395598	-273.1499938964844	146
DATA	2025-02-11T160000_AIU-0547.ghg	2025-02-11	16:30:00	42.687	1	18000	18000	0.09516273287870676	0	NaN	67.13706104873717	1	NaN	3.6069819808215997	1	NaN	0.31022044403871485	1	NaN	0.08017260183624866	1	NaN	NaN	NaN	NaN	NaN	NaN	NaN	NaN	NaN	NaN	NaN	NaN	NaN	-2.94788645760503e-10	-3.669936329885648e-12	NaN	NaN	18.016127337759443	432.0641062589139	434.40071770938096	0.1	1	224.28964341593428	5.378930916109297	5.408020283607741	0.1	1	NaN	NaN	NaN	NaN	0	NaN	NaN	NaN	NaN	9	275.07564170074454	274.60682260263286	95199.68711236304	1.2053143600809397	1008.0736349578782	0.0240229664032477	0.005195184598988913	0.004034819644752185	511.335431200745	676.9860864455683	0.003347524744068624	75.53115809003528	165.65065524482327	270.722984418682	-0.6783991256541381	0.39550015684662543	0.01279106126692933	0.7853721149889932	-9.423274122687685e-15	-1.6362486800515924e-14	0.7853721149889932	3.80589600443746	182.24177354599126	149.7582264540087	0.9331961443589785	NaN	0.28098509776504604	0.3051953441112485	-27.800257811526613	-0.10431557936119551	18.613084680130466	0.19664660427098635	0	73.0755196068744	-11.089492027502175	25.084461160608612	62.46385506692696	95.26132020949933	133.60535608297386	200.16516949576658	0.09371455416778045	1.0154530822217176	66.34313426453852	1.0165841003684952	3.3199446502273324	1.0864584686900167	0.2855336425448081	1.0864584686900167	0.07379260611122646	1.0864584686900167	NaN	1	NaN	NaN	800000009	800000019	800000009	800000019	800000019	811000019	899999999	899999999	89999	89999	89	89	23	30	0	13	18	0	0	NaN	0	0	0	0	0	0	0	0	0	NaN	NaN	NaN	NaN	0	17615	0	0	0	0	101	0	8718	0	0	16	18000	18000	18000	18000	93	NaN	0.31110887419572786	0.20748579392977748	0.0917960200969916	0.5117111656390817	0.02867794767944337	0.0026935752205614703	NaN	NaN	0.054601352182123156	0.00689640700140709	0.001782290314030777	NaN	NaN	432.0640302355326	5.378927456126541	95963.94622699653	11.40999984741211	-2.3567752634286845	91.10282160737779	92.38250925784641	89.82313199064467	2.5593762452867304	0.00026671848619460225	-1	0	14.309047006831474	0.5562837242644662	1	-273.1499938964844	9.000067034906811	-273.1499938964844	009
DATA	2025-02-11T163000_AIU-0547.ghg	2025-02-11	17:00:00	42.708	1	18000	18000	0.13160914798235052	0	NaN	36.56640873861597	0	NaN	0.6676609351457857	2	NaN	0.09652591948207909	0	NaN	0.014897820862427587	2	NaN	NaN	NaN	NaN	NaN	NaN	NaN	NaN	NaN	NaN	NaN	NaN	NaN	-8.114293523673333e-11	-1.0266327772689516e-12	NaN	NaN	18.007848688335272	432.18613477340654	434.5623586067485	0.1	1	227.83804477380352	5.4680848128685255	5.498149158782551	0.1	1	NaN	NaN	NaN	NaN	0	NaN	NaN	NaN	NaN	9	279.1692771377561	278.6856060898451	95135.8550731695	1.1868374521856238	1008.1849979888823	0.02439683091446648	0.0009653787918853076	0.004038839731341725	519.4473711390469	902.8931110513922	0.0034030268626120525	57.531435867770206	383.4457399123453	270.93553679602684	-0.8548919750283861	0.3979229212556425	0.04642527407526996	0.944107115904498	-2.177943930484856e-15	-4.505976068606924e-15	0.944107115904498	4.502263925708756	176.96036428831786	155.03963571168214	2.818584230917022	NaN	0.3330024413682762	0.3828351929250857	-84.92716793597982	-0.03414690576031089	54.767932065145594	0.09177056777623477	0	78.66086622879234	-11.9370899257834	27.001729914354936	67.23812535288484	102.54238363393947	143.8171510627797	215.46429920819685	0.12985027585861014	1.013545386115741	36.10916848732267	1.0154228554988163	0.6147884378366131	1.0860011250296546	0.08888197006190332	1.0860011250296546	0.013718052881410028	1.0860011250296546	NaN	1	NaN	NaN	800000009	800000019	800000009	800000019	800000019	811000019	899999999	899999999	89999	89999	89	89	39	50	3	1	7	0	0	NaN	0	0	0	0	0	0	0	0	0	NaN	NaN	NaN	NaN	0	17824	0	0	0	0	101	0	13819	0	0	16	18000	18000	18000	18000	93	NaN	0.4358136379356281	0.22260976553920794	0.10724698237533538	1.5141389073095608	0.030456170684071797	0.0007775995488802688	NaN	NaN	0.03017769148999321	0.002180343197199504	0.00033651440509221444	NaN	NaN	432.18607492710237	5.4680832541712805	95963.61984657118	11.40999984741211	-2.1343131311734482	91.03740535820855	92.30769374932183	89.76711617533365	2.5405768527189894	0.00026692741749704716	-1	0	19.070770041552198	0.29773981254563364	1.0000084895524715	-273.1499938964844	9.000149627341164	-273.1499938964844	116
DATA	2025-02-11T170000_AIU-0547.ghg	2025-02-11	17:30:00	42.729	0	18000	18000	0.17655449779775112	0	NaN	59.17805276289314	0	NaN	-1.2979148743568163	1	NaN	-0.00025631427942820486	2	NaN	-0.029016621004996107	1	NaN	NaN	NaN	NaN	NaN	NaN	NaN	NaN	NaN	NaN	NaN	NaN	NaN	-1.5024645903007725e-10	-1.8936407660387126e-12	NaN	NaN	18.015130816308766	432.26991514487423	434.6378837342566	0.1	1	227.05484268653123	5.448141264258107	5.477986106409468	0.1	1	NaN	NaN	NaN	NaN	0	NaN	NaN	NaN	NaN	9	281.18385944620763	280.6984723747017	95135.8550731695	1.1783355834242535	1008.208975687061	0.024572886906180477	-0.0018802770411237477	0.003995277707454194	517.5560923663559	1037.148536183944	0.0033906110989569563	49.90182932433551	519.5924438175882	270.88624525515036	-0.8892741677996587	0.49728046765607603	0.05413832634475813	1.0203074866957635	-1.2975096280149266e-14	-8.340014877608432e-15	1.0203074866957635	4.866984093155606	181.21383970235757	150.78616029764243	3.041587987607668	NaN	0.3870837115015645	0.49761085780732467	-82.42411781460582	-0.03518387672068127	-45.5947103558844	0.12868745792149167	0	80.90025474958607	-12.276925773430055	27.770439527034565	69.15232097891553	105.461652742123	147.91146749512734	221.59833130599094	0.17431635306000845	1.0128395569231086	58.33420580119574	1.015009659391767	-1.1951331941954488	1.0860001886488968	-0.00023601679088756686	1.0860001886488968	-0.02671879923068518	1.0860001886488968	NaN	1	NaN	NaN	800000009	800000019	800000009	800000019	800000019	801000019	899999999	899999999	89999	89999	89	89	23	86	3	29	18	0	0	NaN	0	0	0	0	0	0	0	0	0	NaN	NaN	NaN	NaN	0	17870	0	0	0	0	101	0	11373	0	0	21	18000	18000	18000	18000	93	NaN	0.5129974211331101	0.3471346284526063	0.13508966602893305	0.1707232967683993	0.031163410074718605	0.000463574503467788	NaN	NaN	0.04910251503469826	-0.000005831337430573389	-0.0006601493625429922	NaN	NaN	432.26983346032523	5.448139998851748	95919.62864040799	11.40999984741211	-2.1899107676082186	91.03119968371921	92.29860047531128	89.7637959628635	2.534802977376514	0.000266813868288106	-1	0	15.770791181537891	0.33960509695558955	1.000014646689925	-273.1499938964844	9.000177316917313	-273.1499938964844	042
DATA	2025-02-11T173000_AIU-0547.ghg	2025-02-11	18:00:00	42.749	0	18000	18000	0.10604904230949701	0	NaN	39.05693483812064	0	NaN	0.047278816405907906	2	NaN	0.11554564144005904	0	NaN	0.0010576457384592446	2	NaN	NaN	NaN	NaN	NaN	NaN	NaN	NaN	NaN	NaN	NaN	NaN	NaN	-8.252357873147591e-11	-1.0422992258959752e-12	NaN	NaN	18.01399121585404	432.17070749620603	434.54263868722444	0.3	0	227.5224776748574	5.458454429659892	5.4884126801657445	0.1	1	NaN	NaN	NaN	NaN	0	NaN	NaN	NaN	NaN	9	281.8440897014759	281.3566432365413	95150.93878240696	1.175760952950139	1008.2265164945328	0.024626680427574817	0.00006853544385215904	0.003994097003737614	518.6163225648123	1084.7146544239588	0.0033970315085867574	47.81131336703708	566.0983318591465	270.9138971886072	-0.7628427975342217	0.3301163720644527	0.009924022290179047	0.8312667676944966	-7.893596976883122e-14	-4.581082434349543e-15	0.8312667676944966	4.420666870756119	175.4003046429758	156.5996953570242	0.6840380523136729	NaN	0.30032664108054474	0.3817001876220856	-58.33628081574515	-0.04971177386435785	826.0979822929775	0.10970518391932527	0	78.50348390649123	-11.913206551189322	26.94770565599363	67.10359731089213	102.33721988169117	143.529405983096	215.03320464481212	0.10449953229211087	1.014827913421227	38.50362286783529	1.016198044862777	0.043524749571709875	1.0862513138188874	0.10637100270455845	1.0862513138188874	0.0009736657852600651	1.0862513138188874	NaN	1	NaN	NaN	800000009	800000019	800000009	800000019	800000019	800000019	899999999	899999999	89999	89999	89	89	33	104	6	67	18	0	0	NaN	0	0	0	0	0	0	0	0	0	NaN	NaN	NaN	NaN	0	17810	0	0	0	0	101	0	12425	0	0	16	18000	18000	18000	18000	93	NaN	0.43033576664471246	0.24539431746817955	0.08767029113127907	0.07257338423767126	0.016541278172935475	0.0011468105317147662	NaN	NaN	0.0324806301627712	0.002633920768406895	0.00002410956433687723	NaN	NaN	432.17067722363583	5.458452501868706	95920.01042122395	11.40999984741211	-2.1643837496704554	91.01537210146586	92.28076630910238	89.74997527186076	2.5307879140973086	0.0002665002417003659	-1	0	18.462540556811362	0.35783648314288824	1.0000199275314807	-273.1499938964844	9.000223501033252	-273.1499938964844	095
DATA	2025-02-11T180000_AIU-0547.ghg	2025-02-11	18:30:00	42.77	0	18000	17997	0.1210460859162723	0	NaN	18.634589532717246	2	NaN	2.4248419039203175	2	NaN	0.6984043217025362	1	NaN	0.05428511702415893	2	NaN	NaN	NaN	NaN	NaN	NaN	NaN	NaN	NaN	NaN	NaN	NaN	NaN	2.309481285348261e-10	2.9349613140751233e-12	NaN	NaN	17.98090410046814	431.7427678838637	434.1246896393334	0.1	0	228.50697367314123	5.486722622131031	5.516992831505788	0.8	0	NaN	NaN	NaN	NaN	0	NaN	NaN	NaN	NaN	9	282.62789115312376	282.13656128333434	95285.63780191804	1.1741581150930442	1008.2563975524067	0.024660256689804844	0.0035176755831654986	0.004009315255250919	522.035407996781	1143.5609939730182	0.003414629770653339	45.64998375671234	621.5255859762372	271.00273036468207	-0.6627325402775299	0.31274342119516274	0.012753547591326174	0.7351035736484027	-3.149956242144069e-14	1.2844077652848017e-14	0.7351035736484027	17.674356250422825	177.26262007164604	154.60474924805504	0.9940927235883188	NaN	0.32107913435068275	0.598001986428909	-149.5610980802499	-0.019390068923163084	7.6848678268839405	0.049024161814322356	0	75.68721697717503	-11.485827179438235	25.980972353426825	64.69629469780145	98.6659315050598	138.38037183403745	207.31901321265332	0.11911351929831951	1.0162245782790842	18.484913672887746	1.0170659398195294	2.2312376056391217	1.0867699154011612	0.6426423034030465	1.0867699154011612	0.049950883121493636	1.0867699154011612	NaN	1	NaN	NaN	800000009	800000019	800000009	800100019	811110019	811110019	899999999	899999999	89999	89999	89	89	23	30	5	20	8	0	0	NaN	0	0	0	0	0	0	0	0	0	NaN	NaN	NaN	NaN	0	17804	0	0	0	0	101	0	10325	0	0	16	18000	18000	18000	18000	93	NaN	0.5197901903307208	0.566425780059161	0.1097880024679361	0.2371958637774207	0.11702587861308084	0.0011804700527721147	NaN	NaN	0.015614204257613104	0.01593502638464729	0.0012385873700851372	NaN	NaN	431.74270509586006	5.486720652090487	95899.49044943576	11.40999984741211	-2.0974751291275173	91.02444948535495	92.29300052049425	89.75589929411146	2.537100812700059	0.000266928495507778	-1	0	14.974882553233332	0.5310580443286729	1	-273.1499938964844	9.000062170081668	-273.1499938964844	021
DATA	2025-02-11T183000_AIU-0547.ghg	2025-02-11	19:00:00	42.791	0	18000	18000	0.2533164592463011	0	NaN	119.71052430309902	0	NaN	0.6163846615161	0	NaN	-0.6757887287495667	1	NaN	0.013813756378656342	0	NaN	NaN	NaN	NaN	NaN	NaN	NaN	NaN	NaN	NaN	NaN	NaN	NaN	7.65928599444883e-11	9.740663709993753e-13	NaN	NaN	17.97456223887789	431.61423593190096	433.9964578117526	0.2	0	228.5907148919058	5.489035306562005	5.519331109892812	0.7	0	NaN	NaN	NaN	NaN	0	NaN	NaN	NaN	NaN	9	283.74358386060925	283.250106810876	95285.63780191804	1.1695411108191498	1008.2789920452441	0.024757604720253228	0.0008951314133369309	0.003995233748848163	522.2550647035036	1232.4540229432714	0.0034160695266623763	42.375216842271	710.1989582397678	271.0084197344573	-0.4386915058833229	1.1495013176401099	-0.21043277588916226	1.2482329389016065	-7.467823982449857e-14	4.261180824689158e-15	1.2482329389016065	7.118548038826791	221.11132686466135	110.88867313533865	-9.705531419696802	NaN	0.4653974059845275	1.4024147275653471	-70.9007977614835	-0.04090221960203966	194.21398970028096	0.218128374825971	0	76.86287147913484	-11.664237285814734	26.384536499824375	65.70122648363429	100.19851588584055	140.529843219392	210.53931303288354	0.25049739188344156	1.0112538790989538	118.2806409908117	1.0141423314993445	0.5672691403564627	1.0865823956663216	-0.6219396995983493	1.0865823956663216	0.012713031642837701	1.0865823956663216	NaN	1	NaN	NaN	800000009	800000019	800000009	800000019	800000019	800000019	899999999	899999999	89999	89999	89	89	17	44	5	20	11	0	0	NaN	0	0	0	0	0	0	0	0	0	NaN	NaN	NaN	NaN	0	17787	0	0	0	0	101	0	11522	0	0	16	18000	18000	18000	18000	93	NaN	1.4515047658550295	1.1313806621755997	0.2219440271000649	0.4092579298181492	0.11462563231253815	0.0012097538234820582	NaN	NaN	0.10030381660727794	-0.015482596457383853	0.00031647881426948905	NaN	NaN	431.61417606801825	5.4890332511908575	95880.88723719618	11.40999984741211	-2.0945013830131827	91.02197130584717	92.28997371080186	89.75396670744155	2.5360019187662353	0.0002670276225884057	-1	0	17.116289881630816	0.45840098756033765	1.0000000000012101	-273.1499938964844	9.000059351034272	-273.1499938964844	172
DATA	2025-02-11T190000_AIU-0547.ghg	2025-02-11	19:30:00	42.812	0	18000	17632	0.3040533048780595	0	NaN	1983.6077199068025	1	NaN	30.913224057559194	1	NaN	-5.928545784366544	2	NaN	0.69356545043089	1	NaN	NaN	NaN	NaN	NaN	NaN	NaN	NaN	NaN	NaN	NaN	NaN	NaN	-7.157943585959061e-10	-9.13079106171774e-12	NaN	NaN	17.984020644265918	431.8487204990093	434.24083759352993	-0.1	0	229.40713765126583	5.508733604552816	5.539247845302179	-0.7	0	NaN	NaN	NaN	NaN	0	NaN	NaN	NaN	NaN	9	284.90915542517786	284.4118755776047	95146.29738640375	1.1630518453976368	1008.3127296359281	0.024895710955363116	0.04494304118792167	0.003987328637967259	523.3595256998428	1331.6286462469202	0.0034283326695587054	39.302212908597774	808.2691205470774	271.0369944698306	-0.7658936704314394	-0.22354682945145637	-0.23102326285013514	0.8906146701929188	6.778005401225647e-14	-3.980168688385777e-14	0.8906146701929188	16.17445273249889	135.72868382786305	181.89543194481286	-15.034317865891932	NaN	0.5112994514465351	4.8720593621994706	-5.668123395766241	-0.5116331804219597	64.1669635044667	3.3081571977113438	0	42.6459633683394	-6.47168947032517	14.638979202950658	36.45312807024961	55.59332036130726	77.97042226973704	116.81390063124346	0.2998218115374524	1.014113360595443	1957.9350331378405	1.0157628086528658	28.463133537917184	1.0860794373317373	-5.458666816242927	1.0860794373317373	0.6385955083864129	1.0860794373317373	NaN	1	NaN	NaN	800000009	800000019	800000009	811100019	811110019	811110019	899999999	899999999	89999	89999	89	89	18	10	2	6	1	0	0	NaN	0	0	0	0	0	0	0	0	0	NaN	NaN	NaN	NaN	0	17847	0	0	0	0	101	0	14264	0	0	16	18000	18000	18000	18000	93	NaN	2.7499530692517173	5.8258965617473555	1.168269093399867	16.46525659460767	0.4174554835032238	0.001181265715747293	NaN	NaN	1.669567386041113	-0.13664903981085919	0.015986222641189193	NaN	NaN	431.8486686429749	5.508731687273659	95868.29468402777	11.40999984741211	-2.0477154448959545	90.9765097846985	92.23704317516751	89.71597707663642	2.5210659750302633	0.0002668200237595658	-1	0	14.098034133238231	0.44760393647112645	1.0000064448863268	-273.1499938964844	9.000129660050074	-273.1499938964844	061
DATA	2025-02-11T193000_AIU-0547.ghg	2025-02-11	20:00:00	42.833	0	18000	17155	1.9007679912231994	1	NaN	1024.5663471219448	1	NaN	9.679457756775854	2	NaN	2.391207203235624	1	NaN	0.2175316057155003	2	NaN	NaN	NaN	NaN	NaN	NaN	NaN	NaN	NaN	NaN	NaN	NaN	NaN	7.486172101486824e-10	9.483413055067706e-12	NaN	NaN	17.944071943380777	431.07651123684946	433.44347543640674	0.1	0	227.31383118367506	5.460837072640433	5.490821554544745	-0.4	0	NaN	NaN	NaN	NaN	0	NaN	NaN	NaN	NaN	9	286.65629229376435	286.1603070722194	95146.29738640375	1.1559664756756862	1008.3230907916926	0.025048377914818586	0.014096048050364417	0.003928569189975749	518.8169992683887	1494.128447946423	0.0033985148121872823	34.72372137626233	975.3114486780343	270.9191254079007	-0.266056722267823	1.2386457983496448	-0.07742412050982893	1.1311173391015281	-2.150087827400441e-14	4.171947217503399e-14	1.1311173391015281	24.146895722304595	229.87726748142398	108.06531003099327	-3.9249214597397226	NaN	1.2823067704946516	4.828946323466449	-173.10799204127986	-0.016752548312780714	105.84956026123712	0.6854932767994087	0	97.84669930666011	-14.848614114767576	33.58760555731678	83.63788690314615	127.55305476086544	178.89497293673983	268.01726839143095	1.8782563664654905	1.0119853845085436	1012.1797093060393	1.0145292383657887	8.911411935099062	1.0861867712176694	2.2014696427898506	1.0861867712176694	0.2002709031998581	1.0861867712176694	NaN	1	NaN	NaN	800000009	800000019	800000009	811110019	811110019	811110019	899999999	899999999	89999	89999	89	89	41	60	9	35	0	17	0	NaN	0	0	0	0	0	0	0	0	0	NaN	NaN	NaN	NaN	0	17579	0	0	0	0	101	0	11216	0	0	16	18000	18000	18000	18000	93	NaN	4.14424113195883	4.592130001945464	0.9215215130286055	44.15837307927044	0.16133673024194017	0.0018207862123485843	NaN	NaN	0.8683857236422504	0.05544557913944029	0.005043965175292178	NaN	NaN	431.0764531202797	5.460834271498693	95859.96248263889	11.40999984741211	-2.1670207918551236	91.03828608406914	92.30993226030138	89.76664333046807	2.5432899139457277	0.0002670392993087362	-1	0	16.446993882808872	0.7019140415695293	1.0000000241943348	-273.1499938964844	9.000084847317801	-273.1499938964844	245
