DATAH	filename	date	time	DOY	daytime	file_records	used_records	Tau	qc_Tau	rand_err_Tau	H	qc_H	rand_err_H	LE	qc_LE	rand_err_LE	co2_flux	qc_co2_flux	rand_err_co2_flux	h2o_flux	qc_h2o_flux	rand_err_h2o_flux	ch4_flux	qc_ch4_flux	rand_err_ch4_flux	none_flux	qc_none_flux	rand_err_none_flux	H_strg	LE_strg	co2_strg	h2o_strg	ch4_strg	none_strg	co2_v-adv	h2o_v-adv	ch4_v-adv	none_v-adv	co2_molar_density	co2_mole_fraction	co2_mixing_ratio	co2_time_lag	co2_def_timelag	h2o_molar_density	h2o_mole_fraction	h2o_mixing_ratio	h2o_time_lag	h2o_def_timelag	ch4_molar_density	ch4_mole_fraction	ch4_mixing_ratio	ch4_time_lag	ch4_def_timelag	none_molar_density	none_mole_fraction	none_mixing_ratio	none_time_lag	none_def_timelag	sonic_temperature	air_temperature	air_pressure	air_density	air_heat_capacity	air_molar_volume	ET	water_vapor_density	e	es	specific_humidity	RH	VPD	Tdew	u_unrot	v_unrot	w_unrot	u_rot	v_rot	w_rot	wind_speed	max_wind_speed	wind_dir	yaw	pitch	roll	u*	TKE	L	(z-d)/L	bowen_ratio	T*	model	x_peak	x_offset	x_10%	x_30%	x_50%	x_70%	x_90%	un_Tau	Tau_scf	un_H	H_scf	un_LE	LE_scf	un_co2_flux	co2_scf	un_h2o_flux	h2o_scf	un_ch4_flux	ch4_scf	un_none_flux	un_none_scf	spikes_hf	amplitude_resolution_hf	drop_out_hf	absolute_limits_hf	skewness_kurtosis_hf	skewness_kurtosis_sf	discontinuities_hf	discontinuities_sf	timelag_hf	timelag_sf	attack_angle_hf	non_steady_wind_hf	u_spikes	v_spikes	w_spikes	ts_spikes	co2_spikes	h2o_spikes	ch4_spikes	none_spikes	head_detect_LI-7200	t_out_LI-7200	t_in_LI-7200	aux_in_LI-7200	delta_p_LI-7200	chopper_LI-7200	detector_LI-7200	pll_LI-7200	sync_LI-7200	chopper_LI-7500	detector_LI-7500	pll_LI-7500	sync_LI-7500	not_ready_LI-7700	no_signal_LI-7700	re_unlocked_LI-7700	bad_temp_LI-7700	laser_temp_unregulated_LI-7700	block_temp_unregulated_LI-7700	motor_spinning_LI-7700	pump_on_LI-7700	top_heater_on_LI-7700	bottom_heater_on_LI-7700	calibrating_LI-7700	motor_failure_LI-7700	bad_aux_tc1_LI-7700	bad_aux_tc2_LI-7700	bad_aux_tc3_LI-7700	box_connected_LI-7700	mean_value_RSSI_LI-7200	mean_value_LI-7500	u_var	v_var	w_var	ts_var	co2_var	h2o_var	ch4_var	none_var	w/ts_cov	w/co2_cov	w/h2o_cov	w/ch4_cov	w/none_cov	co2_mean	h2o_mean	air_p_mean	vin_sf_mean	dew_point_mean	avg_signal_strength_7200_mean	co2_signal_strength_7200_mean	h2o_signal_strength_7200_mean	delta_signal_strength_7200_mean	flowrate_mean	hit_power_mean	hit_vin_mean	ch4_mean	rssi_77_mean	ch4_aux-1_mean	ch4_aux-2_mean	ch4_aux-3_mean	ch4_aux-4_mean	CHK
DATAU		[yyyy-mm-dd]	[HH:MM]	[ddd.ddd]	[1=daytime]	[#]	[#]	[kg+1m-1s-2]	[#]	[kg+1m-1s-2]	[W+1m-2]	[#]	[W+1m-2]	[W+1m-2]	[#]	[W+1m-2]	[µmol+1s-1m-2]	[#]	[µmol+1s-1m-2]	[mmol+1s-1m-2]	[#]	[mmol+1s-1m-2]	[µmol+1s-1m-2]	[#]	[µmol+1s-1m-2]	[µmol+1s-1m-2]	[#]	[µmol+1s-1m-2]	[W+1m-2]	[W+1m-2]	[µmol+1s-1m-2]	[mmol+1s-1m-2]	[µmol+1s-1m-2]	[µmol+1s-1m-2]	[µmol+1s-1m-2]	[mmol+1s-1m-2]	[µmol+1s-1m-2]	[µmol+1s-1m-2]	[mmol+1m-3]	[µmol+1mol_a-1]	[µmol+1mol_d-1]	[s]	[1=default]	[mmol+1m-3]	[mmol+1mol_a-1]	[mmol+1mol_d-1]	[s]	[1=default]	[mmol+1m-3]	[µmol+1mol_a-1]	[µmol+1mol_d-1]	[s]	[1=default]	[mmol+1m-3]	[µmol+1mol_a-1]	[µmol+1mol_d-1]	[s]	[1=default]	[K]	[K]	[Pa]	[kg+1m-3]	[J+1kg-1K-1]	[m+3mol-1]	[mm]	[kg+1m-3]	[Pa]	[Pa]	[kg+1kg-1]	[%]	[Pa]	[K]	[m+1s-1]	[m+1s-1]	[m+1s-1]	[m+1s-1]	[m+1s-1]	[m+1s-1]	[m+1s-1]	[m+1s-1]	[deg_from_north]	[deg]	[deg]	[deg]	[m+1s-1]	[m+2s-2]	[m]	[#]	[#]	[K]	[0=KJ/1=KM/2=HS]	[m]	[m]	[m]	[m]	[m]	[m]	[m]	[kg+1m-1s-2]	[#]	[W+1m-2]	[#]	[W+1m-2]	[#]	[µmol+1s-1m-2]	[#]	[mmol+1s-1m-2]	[#]	[µmol+1s-1m-2]	[#]	[µmol+1s-1m-2]	[#]	8u/v/w/ts/co2/h2o/ch4/none	8u/v/w/ts/co2/h2o/ch4/none	8u/v/w/ts/co2/h2o/ch4/none	8u/v/w/ts/co2/h2o/ch4/none	8u/v/w/ts/co2/h2o/ch4/none	8u/v/w/ts/co2/h2o/ch4/none	8u/v/w/ts/co2/h2o/ch4/none	8u/v/w/ts/co2/h2o/ch4/none	8co2/h2o/ch4/none	8co2/h2o/ch4/none	8aa	8U	[#]	[#]	[#]	[#]	[#]	[#]	[#]	[#]	[#_flagged_recs]	[#_flagged_recs]	[#_flagged_recs]	[#_flagged_recs]	[#_flagged_recs]	[#_flagged_recs]	[#_flagged_recs]	[#_flagged_recs]	[#_flagged_recs]	[#_flagged_recs]	[#_flagged_recs]	[#_flagged_recs]	[#_flagged_recs]	[#_flagged_recs]	[#_flagged_recs]	[#_flagged_recs]	[#_flagged_recs]	[#_flagged_recs]	[#_flagged_recs]	[#_flagged_recs]	[#_flagged_recs]	[#_flagged_recs]	[#_flagged_recs]	[#_flagged_recs]	[#_flagged_recs]	[#_flagged_recs]	[#_flagged_recs]	[#_flagged_recs]	[#_flagged_recs]	[#]	[#]	[m+2s-2]	[m+2s-2]	[m+2s-2]	[K+2]	--	--	--	--	[m+1s-1K+1]	--	--	--	--	--	--	--	--	--	--	--	--	--	--	--	--	--	--	--	--	--	--	207
DATA	2025-02-15T233000_AIU-0547.ghg	2025-02-16	00:00:00	47	0	18000	18000	0.05690840767992359	1	NaN	10.217551354683751	1	NaN	-6.153587831256333	1	NaN	-1.1688771147452017	2	NaN	-0.13679745366617121	1	NaN	-0.003700908840786971	1	NaN	NaN	NaN	NaN	NaN	NaN	NaN	NaN	NaN	NaN	-7.712284389222098e-11	-1.145395581742327e-12	-4.5183522375815587e-13	NaN	16.518676410328048	397.64647787506317	400.0088001975667	-0.2	0	245.3283362198391	5.905675878472576	5.940760081988568	0.6	0	0.09677703097255697	2.1463042826463825	2.159054961452529	0	0	NaN	NaN	NaN	NaN	9	274.49955922444667	274.7707958340115	94601.2767172309	1.1967766094361016	1008.369013508919	0.024148134949513612	-0.008864474997567894	0.0044069772417604	558.8343391787171	685.035598921196	0.003682372472032925	81.57741583923193	126.2012597424789	271.9275112210568	-0.3741758601774567	0.19125182296436877	0.045413297067915546	0.4226667738033342	-2.752831444963874e-14	-4.668827088591741e-15	0.4226667738033342	3.120129459489154	179.07285522511665	152.92714477488335	6.16803352118168	NaN	0.21806284343791113	0.18810851504685325	-85.00450318950294	-0.034115839645988494	-1.660421795360595	0.038826887226771516	0	82.6861891612496	-12.547948210579053	28.383493017803776	70.67891085264246	107.78979862158984	151.17672519421453	226.49028234707973	0.05552956773255759	1.024830734393734	9.691107008868656	1.0226229949359957	-5.634024756642016	1.0922188128480974	-1.070185846458008	1.0922188128480974	-0.12524729665611117	1.0922188128480974	-0.0063627233405668965	1.1581533403933546	NaN	NaN	800000009	800000009	800000009	800000009	800000009	810100009	899999999	899999999	89999	89999	89	89	11	8	0	11	0	0	0	NaN	0	0	18000	0	0	0	0	0	0	NaN	NaN	NaN	NaN	0	0	0	0	0	0	0	0	15605	0	0	0	18000	18000	18000	18000	80	NaN	0.1263358093126507	0.20928664963087035	0.04059457115018542	0.016869280641038993	4.015198970867228	0.02004566898015896	8.816690847929246e-8	NaN	0.008030467058785979	-0.025996560684749245	-0.003042461231287779	-0.000006362723340566897	NaN	397.6462009928859	5.905655276951562	95012.31881839554	11.4399995803833	-1.2284372524486722	78.45741064876978	79.63526893446189	77.27955157555478	2.3557157605753978	0.000168037702909108	-1	0	2.1408733514944718	80.7090164566044	1.0000249601105848	-273.1499938964844	9.00014268347952	-273.1499938964844	173
DATA	2025-02-16T100000_AIU-0547.ghg	2025-02-16	10:30:00	47.437	1	18000	18000	0.47033011239964334	1	NaN	-10.565854449185915	1	NaN	-6.866236882893171	2	NaN	-1.1664298491933855	2	NaN	-0.15368614370208608	2	NaN	0.0006402014181503116	1	NaN	NaN	NaN	NaN	NaN	NaN	NaN	NaN	NaN	NaN	-9.279729985523608e-11	-2.208226528955774e-12	-5.668013897710587e-13	NaN	15.392960873272886	385.73500906468627	389.3084878888138	0.1	1	366.2945431878477	9.179041647681887	9.26407699625787	1.4	0	0.09401945562288154	2.160738260799191	2.180755506415995	0	1	NaN	NaN	NaN	NaN	9	281.3469315660264	281.94045982191295	93101.31098177083	1.1464258520971669	1010.2844679811814	0.025177443348980855	-0.009958862111895178	0.0065696238904245615	854.8100432115148	1128.5712420346927	0.005730526643660984	75.74267457589865	273.7611988231779	277.863528951861	-0.5257895696362435	0.31777285614439266	0.05898726923089936	0.6171821105410052	4.4318994564101154e-14	-6.028554260562173e-15	0.6171821105410052	4.814852779147654	183.14761931906997	148.85238068093003	5.484423779958846	NaN	0.6405136758844882	0.9869230329300114	2060.8834242679977	0.0014071635328087744	1.538812981461523	-0.014242511198124953	0	114.30743395912377	-17.346594104199664	39.23804309489626	97.70827530624014	149.011284863747	208.9904457634957	313.1057707990864	0.4652081198138194	1.0110101100296225	-10.823281714107425	1.0136365430920273	-6.292872115800572	1.0911133670828865	-1.0690271830431874	1.0911133670828865	-0.14085258996777675	1.0911133670828865	0.004484696853183922	1.1665830630458687	NaN	NaN	800000009	800000009	800000009	800000009	800000009	800000009	899999999	899999999	89999	89999	89	89	23	4	0	0	0	9	0	NaN	0	0	18000	0	0	0	0	0	0	NaN	NaN	NaN	NaN	0	0	0	0	0	0	0	0	17901	0	0	0	18000	18000	18000	18000	73	NaN	0.2028071095235942	1.6151706979139708	0.15586825842245788	0.77943217402939	23.162744657196082	0.028026019023274052	8.153398251256427e-7	NaN	-0.009344785036212468	-0.027164784916298066	-0.0035791702700076265	0.000004484696853183922	NaN	385.7343086341447	9.179007605054567	93514.53938498264	11.384421855608627	4.711146848705075	75.10182923634868	75.86302345021554	74.34063582907795	1.5223872248100636	0.00014729573797861415	-1	0	2.152444057007633	60.600967094423275	1.0000998240941101	-323.4572460089778	9.000699214802848	-273.1499938964844	211
DATA	2025-02-16T103000_AIU-0547.ghg	2025-02-16	11:00:00	47.458	1	18000	18000	0.45789625762743913	1	NaN	24.340864280365842	2	NaN	32.63508188764522	1	NaN	2.449745880445208	1	NaN	0.7314727355669678	1	NaN	-0.0020686066563359137	2	NaN	NaN	NaN	NaN	NaN	NaN	NaN	NaN	NaN	NaN	5.641335472713181e-11	1.4913450145717252e-12	3.427002863438042e-13	NaN	15.110764262899774	380.55289013030233	384.4202760426932	0.1	1	399.46858432451745	10.060306787671564	10.162545109213806	0.1	1	0.09179498834659645	2.1245672588198787	2.1461582694251944	0	1	NaN	NaN	NaN	NaN	9	283.68168597751213	283.3787274424235	93067.1749045139	1.1398077722557105	1010.7982176848733	0.025315163400775356	0.04739943326473951	0.007161191438899801	936.535479761812	1243.175342456266	0.006282806288228417	75.33414215820957	306.639862694454	279.1773224179622	-1.1264208395526	0.06509563281070162	-0.002670726367630237	1.1283033643345526	-2.2222134150650534e-14	3.7333224015438395e-15	1.1283033643345526	6.63447933453273	155.30743289784377	176.69256710215615	-0.13562087717613408	NaN	0.6338226282791037	1.054282539560347	-866.7660264125515	-0.003345770267442044	0.745849646223215	0.03333282891852591	0	111.5690400850937	-16.93103226902442	38.29804109224072	95.36753740955766	145.44151187961936	203.98378839583734	305.60488572991153	0.45246446787136	1.0120048979351532	25.84946641931327	1.0145399347117607	30.044877695181665	1.0862111744551703	2.255312721924417	1.0862111744551703	0.6734166916795578	1.0862111744551703	-0.011988694316746405	1.1480481208851234	NaN	NaN	800000009	800000009	800000009	800000009	800000009	800001109	899999999	899999999	89999	89999	89	89	13	46	5	11	0	0	0	NaN	0	0	18000	0	0	0	0	0	0	NaN	NaN	NaN	NaN	0	0	0	0	0	0	0	0	18000	0	0	0	18000	18000	18000	18000	73	NaN	0.6949542005182525	1.2514435746775103	0.16216730392493106	1.2461141333031587	10.704699399421687	0.1762721507959656	6.756256333540667e-7	NaN	0.02243652023085445	0.05767398368220237	0.017220948079479298	-0.000011988694316746405	NaN	380.55252960423786	10.060133624271483	93488.69625520833	11.4399995803833	6.017538448227849	74.59670159106787	75.3105377286276	73.88286422220865	1.4276729066835527	0.00017217952126844126	-1	0	2.115667199962666	75.17740099610228	1.0001284432941013	-273.1499938964844	9.000733259545433	-273.1499938964844	168
DATA	2025-02-16T110000_AIU-0547.ghg	2025-02-16	11:30:00	47.479	1	18000	18000	0.1218955591176724	1	NaN	-9.74598719824097	1	NaN	5.132079859121259	1	NaN	4.946847905579633	1	NaN	0.11510983259948801	1	NaN	0.010657773594738806	1	NaN	NaN	NaN	NaN	NaN	NaN	NaN	NaN	NaN	NaN	-9.272027485842509e-11	-2.7605130818233374e-12	-5.428931450376868e-13	NaN	15.58349207666263	394.1947487437065	398.8760205938904	0.4	0	463.9592991263508	11.73615762415082	11.875530724605234	0.1	1	0.09124402442817509	2.120553324251403	2.145736020406714	0.9	0	NaN	NaN	NaN	NaN	9	285.06392410363094	284.11353156534835	93032.46437847223	1.1357129799912722	1011.7435963473936	0.02539027550452487	0.007459117152446823	0.008329392249921479	1092.136541614265	1305.5880455683666	0.00733406450103748	83.6509299638096	213.45150395410155	281.4209227027673	-0.8846684938876256	0.3833800529838161	0.11131088538588467	0.9705713380832145	-1.3690747027145577e-15	-5.949903551931098e-15	0.9705713380832145	3.5282295622846607	175.42998537906044	156.5700146209396	6.585510835592256	NaN	0.32761188397024116	0.3055434207739648	298.9521897104529	0.009700547779257832	-1.8990326467580978	-0.025889707018394447	0	83.15878805666166	-12.619666916256042	28.545720925320364	71.08288128031263	108.40587901278927	152.04078670271468	227.78480393943485	0.1208558363448268	1.0086030001056718	-9.3786040178027	1.0128742117240381	4.685995994727623	1.0951951015100183	4.516864528301016	1.0951951015100183	0.10510440782722495	1.0951951015100183	0.012699990483091563	1.1719230735748232	NaN	NaN	800000009	800000009	800000009	800000009	800000009	800000119	899999999	899999999	89999	89999	89	89	7	20	3	16	5	0	0	NaN	0	0	18000	0	0	0	0	0	0	NaN	NaN	NaN	NaN	0	0	0	0	0	0	0	0	18000	0	0	0	18000	18000	18000	18000	80	NaN	0.34437806452042824	0.17637795262832817	0.0903308243991732	0.0382716532793329	14.684407095733572	0.04629290080075338	1.3097157794795683e-7	NaN	-0.008162048026797429	0.11604674298436929	0.002700329869365846	0.000012699990483091563	NaN	394.1938285251072	11.736109106081926	93448.93129600695	11.446385837660895	8.269187386910152	77.54780557293364	78.68600277455644	76.40960659069489	2.2763980146050145	0.0001803039817839615	-1	0	2.1102563112510584	76.59672143597074	1.0001368586454127	-273.1499938964844	9.000821385860442	-273.1499938964844	245
DATA	2025-02-16T113000_AIU-0547.ghg	2025-02-16	12:00:00	47.499	1	18000	18000	0.13152687391458054	1	NaN	-13.969971972010557	2	NaN	-3.6405988544140864	1	NaN	-4.1795416274354755	1	NaN	-0.08170242646950834	1	NaN	0.023289371470985767	1	NaN	NaN	NaN	NaN	NaN	NaN	NaN	NaN	NaN	NaN	-1.927188813249302e-11	-5.75343490874799e-13	-1.1098206550894516e-13	NaN	15.758645905967267	403.4291313749858	408.3472594985954	0.1	1	470.4590585347178	12.043984645932373	12.190810581396178	-0.9	0	0.09075016730299418	2.115146883258629	2.1409322382642655	0	1	NaN	NaN	NaN	NaN	9	285.9941371239556	284.69774953715	92989.58644444445	1.1327276063128051	1011.9257792850598	0.025454216758625855	-0.00529431723522414	0.008526391092539077	1120.2655701645385	1357.161707435565	0.007527309341646341	82.54473759662322	236.89613727102642	281.7960557095024	-1.405096057016831	0.053306838038822794	0.06178823164354045	1.4074637949146096	-5.802691814634953e-14	-1.2229406160586048e-15	1.4074637949146096	4.928781517691839	154.17265769745006	177.82734230255	2.516116604639431	NaN	0.3407567806309275	0.50514420824813	234.6232710591158	0.012360240256258785	3.8372730780466244	-0.035766536220845704	0	89.34388509782875	-13.55827925451025	30.668864590099112	76.36980920409293	116.4687776816619	163.3491167294934	244.7267429670775	0.1305500045172921	1.0074827220489222	-14.046515632503393	1.012683592507738	-3.310340720215735	1.0997656018250679	-3.8003931205881507	1.0997656018250679	-0.07429076371721634	1.0997656018250679	0.02626593639420892	1.17571541852619	NaN	NaN	800000009	800000009	800000009	800000009	800000009	800000009	899999999	899999999	89999	89999	89	89	12	16	9	22	5	0	2	NaN	0	0	3638	0	0	0	0	0	0	NaN	NaN	NaN	NaN	0	0	0	0	0	0	0	0	18000	0	0	0	18000	18000	18000	18000	80	NaN	0.6580714867035569	0.2705372575322751	0.08167967226042805	0.28850976292967856	11.09640344345655	0.013666993790794798	4.4431547426057247e-7	NaN	-0.012254467994420619	-0.097915641070349	-0.001914072445708274	0.00002626593639420892	NaN	403.4286789914502	12.043967604657011	93406.53671679688	11.449999809265137	8.645889112684452	78.70263687557645	79.99631359820901	77.40895998382564	2.5873527489238173	0.0001811712019229564	-1	0	2.104607833153673	76.92668804507791	1.0001436981095209	-273.1499938964844	9.000834163718753	-273.1499938964844	034
DATA	2025-02-16T120000_AIU-0547.ghg	2025-02-16	12:30:00	47.52	1	18000	18000	0.18968727294006152	1	NaN	-8.641380134139984	1	NaN	3.604452344515088	1	NaN	1.1331679169614992	1	NaN	0.08093610667110517	1	NaN	NaN	NaN	NaN	NaN	NaN	NaN	NaN	NaN	NaN	NaN	NaN	NaN	2.964657159759281e-11	9.030743621503616e-13	NaN	NaN	15.721249752783878	404.8957695777271	409.9519814538856	0.2	0	478.8903683505384	12.333668587786223	12.487687587923482	0.1	1	NaN	NaN	NaN	NaN	0	NaN	NaN	NaN	NaN	9	286.39352770838514	285.27632133532245	95200.84809123623	1.1572232857437534	1012.0740389517888	0.02501107749676345	0.005244659712287615	0.00888617100917439	1169.8910152525912	1409.5869250077071	0.007678873315674081	82.99530837704064	239.69590975511596	282.43807366956366	-1.6663795450705596	-0.07926321127670494	0.08077367024156396	1.6702178991663967	-6.177173663637525e-14	1.885764303969732e-15	1.6702178991663967	8.598986694494451	149.27671461780153	182.72328538219833	2.771971427225469	NaN	0.40486526121849664	0.8466332036459031	646.992832819018	0.004482275309549234	-2.3974183338252795	-0.018223976510472965	0	85.5241751946591	-12.978623540169135	29.3576817859766	73.10477862924569	111.48940004396927	156.36546879250858	234.2639657702023	0.18836268480994833	1.0070321153653636	-8.372776739642282	1.0123203969489543	3.2805578587879003	1.0987315266699365	1.0313419515647588	1.0987315266699365	0.07366322409661656	1.0987315266699365	NaN	1	NaN	NaN	800000009	800000019	800000009	800000019	801000009	801100009	899999999	899999999	89999	89999	89	89	18	32	6	12	12	0	0	NaN	0	0	0	0	0	0	0	0	0	NaN	NaN	NaN	NaN	0	11179	0	0	0	0	0	0	18000	0	0	0	18000	18000	18000	18000	80	NaN	0.9056423130393584	0.6590108034697513	0.12861329078269654	0.037981868562614866	1.1065827143324491	0.006010117338791784	NaN	NaN	-0.007148913827522035	0.026115902972735985	0.0018653188792013852	NaN	NaN	404.895720201991	12.333657984349703	93404.30820182292	11.401410735024347	8.99744988446766	78.72760703108048	80.03146842087641	77.42374505021839	2.6077242215209617	0.00018312913794458536	-1	0	3.604040436327765	24.90262857852991	1.0001521710670656	-273.1499938964844	9.000902739789751	-273.1499938964844	187
DATA	2025-02-16T123000_AIU-0547.ghg	2025-02-16	13:00:00	47.541	1	18000	18000	0.38421782421721773	0	NaN	28.958676612769285	2	NaN	-34.63470554000107	1	NaN	3.219299717544464	1	NaN	-0.7788453181674585	1	NaN	NaN	NaN	NaN	NaN	NaN	NaN	NaN	NaN	NaN	NaN	NaN	NaN	-1.226261675888479e-10	-3.708233917092179e-12	NaN	NaN	15.644583892080979	404.72760104087035	409.7424487355551	0	0	473.094591049461	12.239024075148528	12.390673830466925	0.1	1	NaN	NaN	NaN	NaN	0	NaN	NaN	NaN	NaN	9	287.9185250076637	286.80396114411917	95108.01450708821	1.1499777368662312	1012.0501567607648	0.025168800224878145	-0.05046917661725131	0.00876272272188009	1159.816627637737	1557.8437473641425	0.0076199064042397156	74.45012566890205	398.02711972640554	282.30970688904654	-1.4395442785022317	-0.9314370235766837	0.1014909415540261	1.7176038745517626	-5.385904251941912e-14	-7.838250504758978e-15	1.7176038745517626	8.89138660343537	119.09567739687742	212.90432260312258	3.387505025628147	NaN	0.5780215600980302	2.321294234697029	-561.4447920278592	-0.005165245169566201	-0.8361173037641015	0.04304703110444685	0	80.60963894298712	-12.232823703575708	27.670680524943194	68.90390695844448	105.08280568692177	147.38012911350685	220.80228958779352	0.38063780819623516	1.0094053085213672	26.766070335364205	1.0133810904130653	-31.78779160231044	1.0895599786643786	2.954678751591809	1.0895599786643786	-0.714825556572108	1.0895599786643786	NaN	1	NaN	NaN	800000009	800000009	800000009	800000019	800000009	810100009	899999999	899999999	89999	89999	89	89	18	29	9	31	21	0	0	NaN	0	0	0	0	0	0	0	0	0	NaN	NaN	NaN	NaN	0	3845	0	0	0	0	101	0	14745	0	0	21	18000	18000	18000	18000	80	NaN	2.372828098783013	1.9658064891356206	0.30395388147542374	0.7384885467747133	1.4663428736978537	0.09877363532300809	NaN	NaN	0.022998162893966872	0.07528378471075274	-0.018213409250574637	NaN	NaN	404.7279817199708	12.238925179068701	93465.05084244792	11.415263565646272	8.888983527448397	79.29985065990032	80.6540500801934	77.94565302827623	2.708399536695734	0.0001845653244308778	-1	0	2.1674078220207105	54.98618899664759	1.0001525189628204	-282.4362442864305	9.0009329501258	-273.1499938964844	014
DATA	2025-02-16T133000_AIU-0547.ghg	2025-02-16	14:00:00	47.583	1	18000	17905	0.6547394734540436	1	NaN	-21.81315301035568	1	NaN	45.75319055960607	1	NaN	0.8886260859025917	1	NaN	1.0266311071805239	1	NaN	0.01910845646909796	1	NaN	NaN	NaN	NaN	NaN	NaN	NaN	NaN	NaN	NaN	3.43067230272244e-11	7.028939330152216e-13	1.9520320477311945e-13	NaN	16.096585053003285	415.80618047157003	419.37897592974065	-0.1	0	329.7951823332421	8.51925266460942	8.592453950825524	1.1	0	0.091588607450379	2.1295544618989166	2.147852560548558	-0.3	0	NaN	NaN	NaN	NaN	9	286.27091727362733	284.53174790173784	93184.0650572085	1.1372795046271003	1009.9682829723833	0.02538628198504473	0.06652569574529794	0.006047239833585582	794.0715387020618	1342.3281985151107	0.0053172855124725	59.15628827439275	548.2566598130488	276.8131599883919	-2.261422473460068	-4.057937777492332	0.14386587049487365	4.636387967648211	-5.2326371550605133e-14	2.1313044297444624e-15	4.636387967648211	23.302743980350513	91.13021014745107	240.96097862849655	1.7781580400243862	NaN	0.7587534103337241	10.738149693470383	1660.3690360837927	0.0017465996636747973	-0.4767569811757296	-0.02502896215566026	0	51.63576766780637	-7.835926955656241	17.72488810930673	44.13747757419917	67.3124382081504	94.40665168018852	141.43836736123848	0.649668468551465	1.007805527200489	-19.103490632961275	1.0171242252343902	40.15703327025161	1.1393568407230947	0.7799365871526464	1.1393568407230947	0.9010619592444548	1.1393568407230947	0.02128718979530114	1.2011272142406146	NaN	NaN	800000009	800000009	800000009	800100019	800100019	800110019	899999999	899999999	89999	89999	89	89	21	16	20	54	4	4	1	NaN	0	0	0	0	0	0	0	0	0	NaN	NaN	NaN	NaN	0	531	0	0	0	0	0	0	1262	0	0	0	18000	18000	18000	18000	80	NaN	10.902708951719898	8.97877006238386	1.5948203728370078	0.4945492876806607	1.429253419350135	0.4303517949105523	0.0000017852113762373154	NaN	-0.016631743621724707	0.019969864084847518	0.02307121521741926	0.00002128718979530114	NaN	415.8067354483835	8.51882489038089	93578.4540716146	11.460000038146973	3.6246281793382003	80.16518925836351	81.56514210489061	78.76523952526517	2.7999054182767877	0.0001917999477947085	-1	0	2.2916653436885692	78.50270224866551	1.0001509417576921	-273.1499938964844	9.000910046524472	-273.1499938964844	060
DATA	2025-02-16T140000_AIU-0547.ghg	2025-02-16	14:30:00	47.604	1	18000	17960	0.9435556161952905	1	NaN	-108.06456110936394	1	NaN	-26.618356563851727	2	NaN	0.8160754246210085	1	NaN	-0.5972429667568375	2	NaN	0.041020985559622705	1	NaN	NaN	NaN	NaN	NaN	NaN	NaN	NaN	NaN	NaN	-5.624740332863159e-10	-9.54631812635291e-12	-3.2343524465176387e-12	NaN	16.286706178050032	417.87870617190686	420.8635733092754	-0.1	0	276.4182330297193	7.092243963758509	7.142903175690008	0.1	1	0.0936522307792935	2.175338664571519	2.1908768980268882	-0.3	0	NaN	NaN	NaN	NaN	9	283.8041700710722	284.4759316660561	93356.57762391493	1.1402254302618129	1009.183460488716	0.025334400168346788	-0.03870134424584307	0.005044612762387463	662.2852274915512	1337.3727430107576	0.004424224042458993	49.521364253363124	675.0875155192065	274.26483734710683	-1.4254456066073438	-3.8974327669430253	0.17722735253967584	4.154024724861677	6.122941140521012e-14	-3.4535775812323245e-14	4.154024724861677	16.74843073624197	82.08946872770696	249.92430084264421	2.4452098973437235	NaN	0.909679463926837	11.322905309267826	578.194480239922	0.005015613429579341	4.059775848675715	-0.10323668636584861	0	61.101481970765825	-9.272385620089842	20.974161519436095	52.22862779120529	79.65195280998748	111.71299636073496	167.36642532159738	0.9364847373583078	1.0075504474925332	-107.96076752057208	1.016306964146843	-23.477305417606914	1.1337909564310207	0.7197759163557573	1.1337909564310207	-0.5267663879035125	1.1337909564310207	0.07324958120296254	1.1978899711887863	NaN	NaN	800000009	800000009	800000009	800100009	800100009	800111009	899999999	899999999	89999	89999	89	89	3	5	4	16	2	2	0	NaN	0	0	0	0	0	0	0	0	0	NaN	NaN	NaN	NaN	0	0	0	0	0	0	0	0	11815	0	0	0	18000	18000	18000	18000	80	NaN	10.114250574177765	11.026567046410772	1.5049929979471175	0.7908025661452915	1.8226599779517019	0.17956051688932909	2.690183078066641e-7	NaN	-0.09382209285789643	0.018365377774811148	-0.013440660479308262	0.00007324958120296255	NaN	417.8782803709094	7.0920630582763335	93722.40566666666	11.460000038146973	1.0854121923135296	80.37225076336331	81.75913377592299	78.98536836157905	2.7737654382122905	0.00023695500733365943	-1	0	2.168923812197315	85.98158057043283	1.000146907577912	-273.1499938964844	9.000860548443264	-273.1499938964844	025
DATA	2025-02-16T143000_AIU-0547.ghg	2025-02-16	15:00:00	47.624	1	18000	17976	0.7410133158779426	1	NaN	-11.790790038456858	2	NaN	42.03965221695193	0	NaN	2.9652972737199317	1	NaN	0.9419183070201638	0	NaN	0.03169484591673401	1	NaN	NaN	NaN	NaN	NaN	NaN	NaN	NaN	NaN	NaN	2.847827159952272e-10	4.124116748427276e-12	1.6419721194894273e-12	NaN	16.32008298888087	415.232657112365	417.74465766482876	0	0	236.34133607776496	6.0132439909722795	6.0496218431683655	0.2	0	0.09409672620702576	2.1694766285170797	2.1826011417172	-0.3	0	NaN	NaN	NaN	NaN	9	281.7869677437677	282.99543503824873	93502.9044327257	1.148456719565437	1008.5645414940174	0.02516311189670938	0.06103630629490661	0.0043062503166825	562.4065973790836	1211.6741468534497	0.0037495973886694975	46.41566371945591	649.2675494743661	272.01438530943847	0.8630191844987796	-2.0360153436655297	0.23147002807131473	2.2188400397314676	-1.0651324881128329e-13	1.7449832589041008e-14	2.2188400397314676	18.488574762179965	39.02905051417321	292.94478397434204	5.988006766001132	NaN	0.8032591651940262	13.099209886266147	3651.8512426265283	0.0007941177795386395	-0.2804683059129205	-0.0126726922312296	0	59.37836316636117	-9.01089569368654	20.38267059392871	50.755731753784524	77.40569341876503	108.5625856257274	162.64653596055675	0.7361088978392338	1.0066626256700675	-9.432486624742786	1.0125609588226214	38.10796195838689	1.103172409557309	2.6879726577914265	1.103172409557309	0.8538269257460357	1.103172409557309	0.03059277942341377	1.172256591793828	NaN	NaN	800000009	800000009	800000009	800100009	800100109	800110109	899999999	899999999	89999	89999	89	89	20	14	3	16	17	15	0	NaN	0	0	0	0	0	0	0	0	0	NaN	NaN	NaN	NaN	0	0	0	0	0	0	0	0	12316	0	0	0	18000	18000	18000	18000	80	NaN	9.589251912935707	15.348711299396138	1.26045656020045	0.18648427210184113	0.2915044159538141	0.03683922322832798	2.513452070120152e-7	NaN	-0.008143439411154373	0.06804705003718674	0.02161495332585564	0.00003059277942341377	NaN	415.2327186915079	6.013166618328662	93860.94629730904	11.460000038146973	-1.1501738464237912	80.5902086628808	81.97140172237819	79.20901542705958	2.7623863392273584	0.000282478169402263	-1	0	2.164033395793704	86.18760605221291	1.0001069208615356	-273.1499938964844	9.0006458291875	-273.1499938964844	076
DATA	2025-02-16T150000_AIU-0547.ghg	2025-02-16	15:30:00	47.645	1	18000	17984	0.7009645223141817	1	NaN	31.125438701614865	1	NaN	58.973235039334604	0	NaN	1.2922908668772577	0	NaN	1.319077942189841	0	NaN	-0.0023568477454867817	0	NaN	NaN	NaN	NaN	NaN	NaN	NaN	NaN	NaN	NaN	-1.1552265856340798e-10	-1.5512749628106527e-12	-6.719172152007406e-13	NaN	16.50767442911929	416.50026357336463	418.84280862511525	0	0	221.67029701854315	5.592897868869284	5.624354308092782	0.3	0	0.09601398348849684	2.19496606030783	2.2073113271252396	0	1	NaN	NaN	NaN	NaN	9	280.3415339434831	281.2165523910719	93596.59481043318	1.1570638142116172	1008.3019267466374	0.024979908951973454	0.0854762506539017	0.004034603229243601	523.6166125967253	1074.4939524803062	0.0034869323365648926	48.731462042018556	550.8773398835809	271.0436381774553	0.03092299911072037	-2.2003138346948767	0.15079596136120968	2.2013734467702055	1.8665560208667176e-13	-6.998118303061982e-15	2.2013734467702055	18.881473344360714	61.19482363065106	270.71991851110124	3.927885775502592	NaN	0.7783400232048509	9.203865922459391	-1259.3549630096777	-0.0023027661661565346	0.5277892366063094	0.034276637343618827	0	60.37139864622508	-9.16159265891129	20.723547539583837	51.604563546212866	78.70021546028617	110.37817119534083	165.3666139868452	0.6950716500187178	1.0084780789078438	33.908300614924244	1.0133446075126966	53.90951559622809	1.093929974831026	1.1813286925215405	1.093929974831026	1.2058157035084376	1.093929974831026	-0.016526230673512096	1.1513104536665006	NaN	NaN	800000009	800000009	800000009	800100009	800100009	800100009	899999999	899999999	89999	89999	89	89	14	32	9	30	16	6	0	NaN	0	0	0	0	0	0	0	0	0	NaN	NaN	NaN	NaN	0	0	0	0	0	0	0	0	16405	0	0	0	18000	18000	18000	18000	80	NaN	6.646635682540683	10.62569929877623	1.1353968636018685	0.09900051419195462	0.058456508349004364	0.016379355165652552	1.964954438239119e-7	NaN	0.029064182769749366	0.02967549974104381	0.03029062429765603	-0.000016526230673512095	NaN	416.500145415412	5.592869137276285	93974.91522309028	11.460000038146973	-2.1148082609110133	80.69796167288887	82.07976995001899	79.31615342267354	2.7636193693478908	0.00028095647730677024	-1	0	2.1898352734115383	86.34359867242532	1.0000798949450254	-289.05774456447756	9.000489435593288	-273.1499938964844	136
DATA	2025-02-16T153000_AIU-0547.ghg	2025-02-16	16:00:00	47.666	1	18000	17983	0.7311356440293132	1	NaN	66.42465273486583	1	NaN	57.055961467145025	0	NaN	-2.17830113693209	2	NaN	1.2764610782312373	0	NaN	-0.04425452611108532	1	NaN	NaN	NaN	NaN	NaN	NaN	NaN	NaN	NaN	NaN	2.0556572174146056e-10	2.64177798405628e-12	1.1975795570407917e-12	NaN	16.56947687182291	418.07477930884204	420.33313955318334	0.1	1	212.93861075906673	5.372786563395838	5.401809331992795	0.3	0	0.09653003722825029	2.208763831797028	2.220695152875797	-0.2	0	NaN	NaN	NaN	NaN	9	279.79506267038994	281.43598276434994	93618.25681163195	1.1565257095929755	1008.1860015574593	0.02499361599320103	0.08271467786938418	0.003873693808754566	503.12583427370134	1090.63918812067	0.0033494229973649813	46.1312815231461	587.5133538469687	270.50480635551725	-1.6334336587014886	-1.5307723487095333	0.022078773222220075	2.2397078065810834	-2.0190887694440675e-13	1.2406289186536339e-14	2.2397078065810834	14.87658842784352	108.85828519172571	223.04594109176546	0.5648241294218839	NaN	0.7950992296642803	7.126821464560396	-629.1414539231627	-0.004609456239000552	1.1642017946383334	0.07164930882576337	0	69.35460893062455	-10.524829477015995	23.80719293394926	59.28327658526007	90.41073734251364	126.8023446431957	189.97301868798644	0.7250240469550947	1.008429509476114	68.69005600220606	1.013361766408337	52.13834674627576	1.0943185779326716	-1.9905548355463547	1.0943185779326716	1.16644376141604	1.0943185779326716	-0.06802586174822811	1.1515502590644098	NaN	NaN	800000009	800000009	800000009	800100009	800100009	800110119	899999999	899999999	89999	89999	89	89	10	13	10	30	9	25	0	NaN	0	0	0	0	0	0	0	0	0	NaN	NaN	NaN	NaN	0	0	0	0	0	0	0	0	11913	0	0	0	18000	18000	18000	18000	80	NaN	7.7873137497004015	5.628720044399729	0.8376091350206613	0.16658254858473454	0.3457972532277973	0.015314108195104962	2.6653402077777156e-7	NaN	0.058911206314807917	-0.050019981948422644	0.029311172366606134	-0.00006802586174822811	NaN	418.0747787015255	5.372750368450559	94005.74840407986	11.467011865297952	-2.652453635815081	80.7365712061988	82.11743087853327	79.35571159680686	2.7617171075940137	0.00028066778543224123	-1	0	2.203788042479091	86.53548173268635	1.0000813079542583	-273.1499938964844	9.000439794407951	-273.1499938964844	211
DATA	2025-02-16T160000_AIU-0547.ghg	2025-02-16	16:30:00	47.687	1	18000	17994	0.7830286298738901	1	NaN	-9.118318389503886	2	NaN	53.35725861433524	1	NaN	-0.2510070399258156	2	NaN	1.1913768751168232	1	NaN	-0.002066365394637881	2	NaN	NaN	NaN	NaN	NaN	NaN	NaN	NaN	NaN	NaN	-1.5652027075808509e-10	-2.068554163871461e-12	-9.08005125943501e-13	NaN	16.684245271837987	417.6986048226407	420.0172079372316	0.1	1	220.49709511079712	5.520257434160754	5.550899830214779	0.4	0	0.09678861502062004	2.193672748415896	2.2058496061026247	-0.4	0	NaN	NaN	NaN	NaN	9	278.7150334133573	279.3833777025011	93732.05295355903	1.1663735496223906	1008.2299673578253	0.024781206951366545	0.07720122150757014	0.004014132195545954	517.5638559315571	947.6388622921626	0.0034415494048587736	54.61614930815165	430.07500636060547	270.8864479197042	-1.5183392606256225	-2.679208354227858	0.12092320428180758	3.081649299906253	1.6514453105601247e-14	-9.381321612568355e-15	3.081649299906253	13.462654151453597	91.54074402342735	240.45169499695507	2.2488504751699074	NaN	0.8193510027108567	7.147166887417461	5019.727879792015	0.000577720559649173	-0.1708918079058528	-0.009463406574388348	0	71.53006830176672	-10.854963829562788	24.55395773829783	61.142826535695576	93.24666834747957	130.77977820082378	195.9319389406022	0.7777645556059299	1.0067682105465183	-6.244520909395297	1.0138180228484124	47.87223036946764	1.1145764089647656	-0.22520397696103625	1.1145764089647656	1.06890551920383	1.1145764089647656	-0.002425876603547926	1.1806613867110956	NaN	NaN	800000009	800000009	800000009	800100009	800100019	800100119	899999999	899999999	89999	89999	89	89	9	4	8	44	15	16	0	NaN	0	0	0	0	0	0	0	0	0	NaN	NaN	NaN	NaN	0	0	0	0	0	0	0	0	17703	0	0	0	18000	18000	18000	18000	80	NaN	6.717138736322861	6.753805324218913	0.8233897142931483	0.04412418827212845	0.09678850258530892	0.030424108518423636	1.852297585947118e-8	NaN	-0.0053100897322343	-0.005611813323255101	0.026635845045519763	-0.000002425876603547926	NaN	417.69872071105993	5.520215682716861	94121.44138498262	11.470000267028809	-2.2734842232332637	80.71713908746509	82.09517678366765	79.33910339397852	2.7560679732296207	0.0002784252169771611	-1	0	2.188592585278882	85.884019227197	1.0000598191188441	-273.1499938964844	9.000339304632611	-273.1499938964844	129
DATA	2025-02-16T163000_AIU-0547.ghg	2025-02-16	17:00:00	47.708	1	18000	18000	0.3863654112320109	1	NaN	11.876658318192735	0	NaN	38.26850092174728	0	NaN	0.7267168843322848	0	NaN	0.853276358815244	0	NaN	0.01026723804373766	2	NaN	NaN	NaN	NaN	NaN	NaN	NaN	NaN	NaN	NaN	-1.1796205401414004e-10	-1.4917118414008904e-12	-6.822086462584974e-13	NaN	16.782255316076405	417.7091994978375	419.9273489871554	0	0	212.22323729123414	5.282222019280204	5.310272055258861	0.4	0	0.09705663211809261	2.184398467130497	2.19599821726805	0	1	NaN	NaN	NaN	NaN	9	277.5871896735297	277.9156966722277	93887.8243656684	1.174587746384718	1008.0757185832166	0.024610125090701387	0.055292308051227805	0.0038677431369209436	496.0693628781111	855.8019572416906	0.0032928515973587587	57.965439162698026	359.7325943635795	270.31473538022595	-0.15774260053335656	-2.560264070194136	0.16396409981218127	2.57035387897794	4.268834857960543e-14	-7.028975056835142e-15	2.57035387897794	12.25016275791126	65.52564222496369	266.4743577750363	3.657408436521949	NaN	0.5735303265751156	5.188491146963323	-1323.266988310003	-0.002191545640916884	0.3103507592962297	0.017488769562667452	0	60.45724196591875	-9.174619713860451	20.753014773348823	51.67794112475977	78.81212089741722	110.53512016206345	165.60175213884193	0.38325480900128645	1.0081162771025112	13.739217682948674	1.013598413395033	34.85849257360706	1.097824320456189	0.6619609993977046	1.097824320456189	0.7772430824457179	1.097824320456189	0.003270198901050461	1.1538129233837382	NaN	NaN	800000009	800000009	800000009	800000009	800000009	800110119	899999999	899999999	89999	89999	89	89	21	12	10	23	12	10	0	NaN	0	0	0	0	0	0	0	0	0	NaN	NaN	NaN	NaN	0	0	0	0	0	0	0	0	18000	0	0	0	18000	18000	18000	18000	80	NaN	3.86277804399777	5.899906386951081	0.6142978629777968	0.0999941173472173	0.08273687059596879	0.021706347930607304	1.9090495648377284e-7	NaN	0.011603349792229533	0.016377475668185495	0.01922965202270552	0.000003270198901050461	NaN	417.7092045491537	5.282204214772471	94269.19539062501	11.470000267028809	-2.844804615179642	80.7540526714325	82.13053785917495	79.37756802452935	2.7529675032165315	0.0002765552102145091	-1	0	2.1795317996078083	85.75543823498266	1.000031919863489	-273.1499938964844	9.000180009365081	-273.1499938964844	038
DATA	2025-02-16T170000_AIU-0547.ghg	2025-02-16	17:30:00	47.729	1	18000	18000	0.4110155390508438	0	NaN	5.999628161315537	1	NaN	25.155786191945293	0	NaN	0.265455454902821	1	NaN	0.5604537036207553	0	NaN	-0.00007412168553703154	2	NaN	NaN	NaN	NaN	NaN	NaN	NaN	NaN	NaN	NaN	7.139955041621378e-11	8.776068458562797e-13	4.1182860125279687e-13	NaN	16.83423416733398	417.41958502309694	419.5722881588406	0	0	206.91781760358356	5.130708572747107	5.157168501388281	0.6	0	0.09709891826883066	2.176653612927661	2.187878982378684	-0.2	0	NaN	NaN	NaN	NaN	9	276.8057981253729	277.0777171020507	93957.97617881944	1.179088083946173	1007.9797231674754	0.024517600672903237	0.036317399994624945	0.0037709795219562836	482.20030429959894	806.9741619025878	0.003198216972336423	59.754119408572436	324.7738576029888	269.93406636039134	-0.44491867384944517	-1.7282276295875512	0.145031174089048	1.7904629031251544	2.12528717615077e-14	4.241330476129479e-15	1.7904629031251544	9.533527435491903	76.4368577830719	255.5631422169281	4.646166186478982	NaN	0.5904131142905291	3.8681013246986025	-2859.1135868594192	-0.0010143003808342893	0.23849893283146828	0.008550082265105488	0	69.92667289801327	-10.611642391104144	24.003563981990304	59.772268260450545	91.15648050069991	127.84826002602684	191.53999052220396	0.40726062930811496	1.009219918333643	7.250788888897496	1.0133393943318225	23.076204673276333	1.0901180045901242	0.24351075184986984	1.0901180045901242	0.5141220503292958	1.0901180045901242	-0.0037219622102588035	1.149139993249187	NaN	NaN	800000009	800000009	800000009	800000009	800000009	800000109	899999999	899999999	89999	89999	89	89	4	17	4	15	17	12	0	NaN	0	0	0	0	0	0	0	0	0	NaN	NaN	NaN	NaN	0	0	0	0	0	0	0	0	18000	0	0	0	18000	18000	18000	18000	80	NaN	3.084386948408668	4.199343516657964	0.452472184330572	0.05555542535417985	0.05329736450881755	0.009034656617629097	1.4226772304532868e-8	NaN	0.006100805991325554	0.006001097514939366	0.012670062965058838	-0.0000037219622102588033	NaN	417.4195525394016	5.130687096297275	94347.14069314236	11.466320738368562	-3.221999653849336	80.79584578386942	82.17483983039855	79.41685191133287	2.757986219538582	0.0002754690423090424	-1	0	2.171906550168991	85.7111257354595	1.000037766021159	-273.1499938964844	9.000217757807837	-273.1499938964844	101
DATA	2025-02-16T173000_AIU-0547.ghg	2025-02-16	18:00:00	47.749	0	18000	17995	0.48757582548489087	0	NaN	5.574810800349653	2	NaN	28.605448236967057	0	NaN	-0.17414427448739578	2	NaN	0.6368947534078783	0	NaN	-0.006307445331420092	1	NaN	NaN	NaN	NaN	NaN	NaN	NaN	NaN	NaN	NaN	1.2552647224428583e-10	1.5126894674412868e-12	7.211591572045963e-13	NaN	16.870949738395005	416.8353949543239	418.9398065025829	0.1	1	203.30777658864056	5.023183559058698	5.048543318855168	0.7	0	0.09692489302897532	2.1656376919731306	2.176571007674003	-0.2	0	NaN	NaN	NaN	NaN	9	276.10332809193926	276.3927994028727	94063.32336783854	1.1833834284443325	1007.9104881038327	0.024429603930209157	0.04127078002083051	0.0037052491535985795	472.62408186126095	768.911567221345	0.0031310639176935864	61.466636998219016	296.287485360084	269.66551355083124	-0.39534515923927427	-1.2875022748575344	0.06448235422304824	1.3485213720418237	-1.0163791422184861e-13	7.44039157194642e-15	1.3485213720418237	8.675551879569031	79.06981938006965	252.9555193631923	2.740761992020419	NaN	0.6418866461559273	3.9061948155585937	-3957.0176404676	-0.0007328751760776349	0.19488632914149825	0.007281558522616441	0	72.7332127933061	-11.037545647915046	24.96695830854325	62.171256351157574	94.81508870608138	132.97951005461226	199.22753810120295	0.4823973091807276	1.0107349610074694	7.008069761625013	1.013888386385252	26.314780915190575	1.0870486943881097	-0.16019914782697023	1.0870486943881097	0.5858934900486503	1.0870486943881097	-0.009730500253383564	1.1479378737084949	NaN	NaN	800000009	800000009	800000009	800100009	800100109	800110109	899999999	899999999	89999	89999	89	89	3	20	4	48	14	8	0	NaN	0	0	0	0	0	0	0	0	0	NaN	NaN	NaN	NaN	0	0	0	0	0	0	0	0	18000	0	0	0	18000	18000	18000	18000	80	NaN	2.888420702074728	4.439270279451255	0.48469864959120496	0.04020882469287573	0.10237409807322972	0.006456379493613368	7.270844814413731e-8	NaN	0.005875583040913687	-0.003933365045878412	0.014385425925325015	-0.000009730500253383563	NaN	416.8354717835141	5.023166701005474	94449.85009939237	11.460000038146973	-3.490630600008711	80.82111376380921	82.20257662879096	79.43964641274346	2.7629254179464446	0.00027475931192586563	-1	0	2.1610004283189768	85.62770892641282	1.0000415331340498	-273.1499938964844	9.000254589451684	-273.1499938964844	125
DATA	2025-02-16T180000_AIU-0547.ghg	2025-02-16	18:30:00	47.77	0	18000	18000	0.26666366885649095	1	NaN	21.769745691805124	0	NaN	33.91522489322021	0	NaN	0.6904075691749021	1	NaN	0.7545795140582793	0	NaN	0.006849409348694788	2	NaN	NaN	NaN	NaN	NaN	NaN	NaN	NaN	NaN	NaN	1.2168322217335744e-10	1.395687570314607e-12	6.926757978429562e-13	NaN	16.910474536730536	416.38883214275063	418.3870129240562	0.3	0	193.96050414749848	4.775914929434659	4.7988337511908465	0.7	0	0.09626205020232846	2.143054654144793	2.1533388171497494	-0.3	0	NaN	NaN	NaN	NaN	9	275.29875526343454	275.64523182508685	94158.9939861111	1.1879109790452218	1007.7644778646859	0.024338773816251803	0.04889675251097649	0.0035360034631456948	449.81597113472793	729.1877673693737	0.002976656942751503	61.687262357333466	279.3717962346457	269.00590639526376	-1.0229331787938538	-1.537071931971066	0.07784871677008966	1.8479834509631474	6.837402201759145e-14	7.195730782661029e-15	1.8479834509631474	9.285512595539432	95.64407029465343	236.35592970534657	2.4143740147393404	NaN	0.4737944584704623	2.740899915465916	-407.78632698830444	-0.007111567524634473	0.6418871100028289	0.03838136681887492	0	60.408285340744094	-9.167190357114329	20.73620954816049	51.63609373789305	78.748300992034	110.44561183732941	165.46765235783806	0.2642623360470895	1.0090869279569736	23.283092421194016	1.013317044007657	31.097429545788053	1.0906118411903858	0.6330460967866743	1.0906118411903858	0.6918864123414133	1.0906118411903858	-0.002772677063029401	1.149393876951086	NaN	NaN	800000009	800000009	800000009	800000009	800000009	800100009	899999999	899999999	89999	89999	89	89	10	9	10	28	8	0	0	NaN	0	0	0	0	0	0	0	0	0	NaN	NaN	NaN	NaN	0	0	0	0	0	0	0	0	18000	0	0	0	18000	18000	18000	18000	80	NaN	2.662190008545824	2.3995358826558553	0.4200739397301535	0.053061680042669854	0.10470477734138009	0.01585075726865605	2.435070483601402e-8	NaN	0.019449019858159694	0.015481524039949018	0.016920499439059405	-0.000002772677063029401	NaN	416.38874893031624	4.7758987050228106	94543.96131032988	11.467011865297952	-4.152824385457567	80.88478472328185	82.26726615058053	79.50230620617336	2.764956860979398	0.00027338901896210795	-1	0	2.1386813292702027	85.4957467329237	1.0000357207076418	-273.1903688981798	9.000223812527127	-273.1499938964844	066
DATA	2025-02-16T183000_AIU-0547.ghg	2025-02-16	19:00:00	47.791	0	18000	18000	0.24702509071140727	1	NaN	22.449139555113227	1	NaN	39.0414702357421	1	NaN	0.7642928970654485	1	NaN	0.8682343775290295	1	NaN	0.005238843432757435	1	NaN	NaN	NaN	NaN	NaN	NaN	NaN	NaN	NaN	NaN	-5.447246430809442e-10	-5.894046514379872e-12	-3.0864940252952724e-12	NaN	16.939466591126322	415.8662088210371	417.7459689643199	0.1	0	183.28894292753012	4.499768478779425	4.520107917909114	0.6	0	0.09598163602345253	2.1316969731276822	2.1413324734944994	-0.2	0	NaN	NaN	NaN	NaN	9	274.8013138838874	275.1616883968777	94228.49751822917	1.1910014763515315	1007.6070411189005	0.0242781572197845	0.05626158766388111	0.0033398675460771963	424.1201581697483	704.471180320332	0.002804251390441949	60.20404666900575	280.3510221505837	268.2262316214521	0.2628928012272322	-2.1797504268137744	0.19178068182346503	2.2039066173621933	5.191244759849974e-14	-3.215713081345172e-14	2.2039066173621933	13.246598413681623	55.1229535048451	276.8770464951549	4.992107463424272	NaN	0.4554223959971755	4.447705390917411	-351.37100315247557	-0.00825338452513556	0.5750075347972231	0.04107540199246718	0	50.31543342529452	-7.63556114047296	17.271660089807373	43.00887572219944	65.59124917335281	91.99265958586828	137.82176731699346	0.2449491995386187	1.0084747824312088	24.207734013468666	1.0133456712387503	35.68825164499842	1.0939586120412719	0.6986488233218588	1.0939586120412719	0.7936629118984198	1.0939586120412719	-0.004796227671125836	1.1513260677732318	NaN	NaN	800000009	800000009	800000009	800000009	800000009	800110109	899999999	899999999	89999	89999	89	89	6	21	6	99	6	10	0	NaN	0	0	0	0	0	0	0	0	0	NaN	NaN	NaN	NaN	0	0	0	0	0	0	0	0	18000	0	0	0	18000	18000	18000	18000	80	NaN	3.9711688399554532	4.311238687552232	0.6130032543271363	0.010777028318798147	0.05286075568810261	0.01339978722361887	8.09042489787671e-9	NaN	0.020172078303422894	0.017038596278327125	0.019355792904110925	-0.000004796227671125835	NaN	415.86610692257346	4.499752671649452	94620.0759016927	11.469654147995843	-4.931265838371319	80.95311035982768	82.33559025679695	79.57063261625503	2.764948654731115	0.0002722571083076117	-1	0	2.1275924787190217	85.48083262930975	1.00002859522899	-273.1499938964844	9.000198914554383	-273.1499938964844	081
DATA	2025-02-16T190000_AIU-0547.ghg	2025-02-16	19:30:00	47.812	0	18000	18000	0.4166323024447433	0	NaN	21.014152203425905	0	NaN	31.020483170570728	0	NaN	0.790125533343389	0	NaN	0.689723954595121	0	NaN	0.00021476992304545543	0	NaN	NaN	NaN	NaN	NaN	NaN	NaN	NaN	NaN	NaN	1.3643779435473023e-10	1.4139672656482293e-12	7.718785498331903e-13	NaN	16.966032446062716	415.88870986162897	417.68896807491325	0.3	0	175.82675401719976	4.3100449159132115	4.328701815164163	0.8	0	0.09598305647511167	2.1294763349685537	2.1386942030450813	-0.2	0	NaN	NaN	NaN	NaN	9	274.5701700049507	274.95787003411186	94286.87158485243	1.1927084023602932	1007.5009230572317	0.02424515410299032	0.04469411225776384	0.003203403467165924	406.48965881953023	694.277070191357	0.0026858228388653878	58.54862219596182	287.78741137182675	267.66663451317487	-0.7997445337927038	-1.7374324447295473	0.07358139345551219	1.9140734157270491	4.413531988438306e-15	8.04182090235205e-15	1.9140734157270491	12.486218655506882	86.71673459086446	245.28326540913554	2.203124674715404	NaN	0.5910297336221859	4.118490756128815	-820.75982091827	-0.0035333113611183673	0.6774282685371621	0.029588490667426543	0	63.01546141623305	-9.562839385119453	21.631168726778746	53.8646686339651	82.14701832317066	115.21236121948425	172.60911154776988	0.41293750336846247	1.0089475987192764	22.375879473296585	1.0133017016392833	28.42804560788534	1.0911929577728796	0.7240933216394945	1.0911929577728796	0.6320824833793327	1.0911929577728796	-0.008581926441121707	1.1497088887193296	NaN	NaN	800000009	800000009	800000009	800000009	800000009	800100109	899999999	899999999	89999	89999	89	89	10	9	7	72	32	11	0	NaN	0	0	0	0	0	0	0	0	0	NaN	NaN	NaN	NaN	0	0	0	0	0	0	0	0	18000	0	0	0	18000	18000	18000	18000	80	NaN	3.318716914082297	4.3301148488897105	0.5881497492856231	0.009293412020835367	0.024427740764758538	0.006555657931270352	9.790838476712859e-9	NaN	0.018620887770328137	0.01763176826577725	0.015391292170141074	-0.000008581926441121707	NaN	415.8887090855203	4.310031773859578	94679.51114952257	11.460000038146973	-5.489049738062779	80.99148109118144	82.36965521939595	79.61330812242296	2.756340038988325	0.0002729599052416031	-1	0	2.1255463217649386	85.5949843299442	1.0000111249602504	-273.1499938964844	9.000068519274393	-273.1499938964844	056
DATA	2025-02-16T193000_AIU-0547.ghg	2025-02-16	20:00:00	47.833	0	18000	18000	0.4655341798938634	0	NaN	14.469647978158243	0	NaN	26.064180103136422	0	NaN	0.47360624557887393	0	NaN	0.5794290770677778	0	NaN	0.001036867327658625	0	NaN	NaN	NaN	NaN	NaN	NaN	NaN	NaN	NaN	NaN	8.998842580971965e-11	9.119135792165943e-13	5.08673005497437e-13	NaN	16.98687482412068	415.9415644517482	417.70218634328563	0.1	0	172.13949106436095	4.215017179944656	4.232858752305905	0.8	0	0.0960208448258123	2.128496672407479	2.137506298176533	-0.3	0	NaN	NaN	NaN	NaN	9	274.38179422166615	274.786820906745	94326.22911002605	1.1939919847341574	1007.4468089933491	0.024219961410244132	0.037547004193992	0.0031360335219969425	397.6933246352502	685.8229503530057	0.00262651136866315	57.987753899246165	288.1296257177555	267.3793277561466	-1.6574717676585444	-1.5904823591831825	0.08934916593547185	2.2988758272059786	-1.314704356175096e-14	5.297526869506315e-15	2.2988758272059786	9.618682960291466	108.18156418308774	223.81843581691228	2.227445173680999	NaN	0.6244175208852831	3.648177610038223	-1406.0117875419178	-0.0020625716126249343	0.5551545423988627	0.019264571253562263	0	75.35218680169312	-11.434985057754169	25.86596733574486	64.40991594282399	98.22918583430548	137.76782982086252	206.40131365714828	0.4616745336686119	1.0083601020714346	15.643741447047649	1.013392936208481	23.8045324858117	1.0949250996074613	0.4325467063899305	1.0949250996074613	0.5291951725972008	1.0949250996074613	-0.0053538037241404905	1.1519289442338083	NaN	NaN	800000009	800000009	800000009	800000009	800000009	800010009	899999999	899999999	89999	89999	89	89	17	4	3	70	25	13	0	NaN	0	0	0	0	0	0	0	0	0	NaN	NaN	NaN	NaN	0	0	0	0	0	0	0	0	18000	0	0	0	18000	18000	18000	18000	80	NaN	3.5261126591465817	3.350389264017318	0.4198532969125461	0.013760258786098227	0.03568787132311527	0.005088766278407241	7.768523357502706e-9	NaN	0.013005201711302105	0.010520621030247588	0.012871354190621626	-0.00000535380372414049	NaN	415.94158842208765	4.215002207450728	94722.90457161458	11.456320509486726	-5.775358256578448	81.0107659303877	82.3874809504615	79.63404218080309	2.753438789533244	0.0002721726172264123	-1	0	2.1246542358928258	85.62438035933175	1.0000008365561566	-273.1499938964844	9.00004840988583	-273.1499938964844	062
DATA	2025-02-16T200000_AIU-0547.ghg	2025-02-16	20:30:00	47.854	0	18000	18000	0.3298738132220907	1	NaN	25.836214497724637	0	NaN	29.399908251814335	0	NaN	-0.17120261419134888	2	NaN	0.6533974904316624	0	NaN	-0.0031119978492481705	1	NaN	NaN	NaN	NaN	NaN	NaN	NaN	NaN	NaN	NaN	-6.524414812093495e-11	-6.698334015451102e-13	-3.6896874872402395e-13	NaN	17.034679185821307	416.46639945892287	418.25472284911825	0.1	1	174.8876708776754	4.275680087994035	4.294040029444981	0.7	0	0.09633452876811957	2.1324444571329746	2.1416012589924716	-0.3	0	NaN	NaN	NaN	NaN	9	274.0834955024719	274.48427527703177	94389.4213767361	1.1960813379159458	1007.4754074293267	0.024177097723110903	0.042340157379971724	0.0031868075063504224	403.68722528412223	671.0925674648158	0.002664373571703009	60.15373211614161	267.4053421806936	267.57570573760313	-0.02425115086282824	-1.3318286335292686	0.12485435237236849	1.337887976144842	6.325709071025245e-14	-3.830077890474183e-15	1.337887976144842	9.006437863061818	63.04317854413324	268.95682145586676	5.354747152432072	NaN	0.5251623260703397	3.627580073123428	-468.68765129927453	-0.006187489668141997	0.8787855484593298	0.04082631200093745	0	72.13500229525876	-10.94676489692549	24.761612002627622	61.659915014817244	94.0352609044627	131.88579047472894	197.58894686873597	0.32635373676023394	1.010786076779145	27.04388114196948	1.0139123429555146	27.046940578298326	1.0869957053628447	-0.15750072732274556	1.0869957053628447	0.6011040220380217	1.0869957053628447	-0.013218033683507905	1.1479302460311513	NaN	NaN	800000009	800000009	800000009	800000009	800010009	800010119	899999999	899999999	89999	89999	89	89	8	21	7	56	23	14	0	NaN	0	0	0	0	0	0	0	0	0	NaN	NaN	NaN	NaN	0	0	0	0	0	0	0	0	18000	0	0	0	18000	18000	18000	18000	80	NaN	3.191166665077658	3.7327791960394663	0.3312142851297312	0.019230698537687278	0.06485793449164638	0.00907262477925385	1.5069419611283834e-8	NaN	0.02244263521724921	-0.003824266200862833	0.01459537256594455	-0.000013218033683507905	NaN	416.4663712167562	4.2756653960719895	94783.42900390625	11.449999809265137	-5.580497060259187	80.98864195505777	82.36575527487861	79.61152518950568	2.754217807120747	0.000272107956515457	-1	0	2.1285351519452202	85.49485520312521	1.0000015043550068	-273.1499938964844	9.000042667441898	-273.1499938964844	186
DATA	2025-02-16T203000_AIU-0547.ghg	2025-02-16	21:00:00	47.874	0	18000	18000	0.20703440050717514	1	NaN	25.209716443906153	0	NaN	28.152490650144195	0	NaN	-0.010021767376290914	2	NaN	0.6255443289732613	0	NaN	0.0015949962255442033	0	NaN	NaN	NaN	NaN	NaN	NaN	NaN	NaN	NaN	NaN	-1.9817180815987872e-10	-2.0594638444230574e-12	-1.1208534144897957e-12	NaN	17.067072264177938	416.76330297858226	418.5762132769379	0.1	1	177.36639022778112	4.331135503765834	4.3499758385607485	0.7	0	0.09653081535802865	2.1346323204601516	2.1439179194783637	-0.3	0	NaN	NaN	NaN	NaN	9	273.8581603249444	274.26538698154025	94427.87730750868	1.1974984595510318	1007.5024302034219	0.02414797930847066	0.04053527251746733	0.0032320328801892706	409.0896364891326	660.6106828516113	0.0026989870879675533	61.9259795683661	251.52104636247867	267.7504977070304	-0.653947339196876	-1.3951001617668153	0.05436761760127606	1.5417222258396837	6.909436646149352e-14	-1.1611353434989629e-14	1.5417222258396837	11.819062516342138	87.11463751940727	244.88536248059273	2.0209094508769687	NaN	0.4157993201057379	3.6045372105681306	-238.47557382652818	-0.012160574575698545	0.8954702003880083	0.05025313038500656	0	54.506400565795886	-8.271556572898751	18.71028348963885	46.59125139961992	71.05459811574245	99.65508415911829	149.30147560429148	0.20499564437654608	1.0099453631652981	26.366516519700447	1.0135527551779784	25.870225164188213	1.0882197766533277	-0.009209322961499102	1.0882197766533277	0.5748327152232411	1.0882197766533277	-0.008461164563342552	1.1482761004224311	NaN	NaN	800000009	800000009	800000009	800000009	800010109	800110119	899999999	899999999	89999	89999	89	89	8	9	6	102	15	21	0	NaN	0	0	0	0	0	0	0	0	0	NaN	NaN	NaN	NaN	0	0	0	0	0	0	0	0	18000	0	0	0	18000	18000	18000	18000	80	NaN	3.4425829336758684	3.348145267921749	0.41834621953864404	0.008812510084332602	0.041020033002584354	0.005148341999385718	3.25905847010006e-9	NaN	0.021854037796580284	-0.00022335417701397866	0.013941447006056365	-0.000008461164563342551	NaN	416.76346610897065	4.331121316913072	94823.16147070313	11.449999809265137	-5.404730413344174	80.96384394518535	82.34253934584724	79.58515620740255	2.7573767844504777	0.00027157127153703994	-1	0	2.130670844070338	85.08098693847653	1.000012232883109	-273.1499938964844	9.00012919415368	-273.1499938964844	210
DATA	2025-02-16T210000_AIU-0547.ghg	2025-02-16	21:30:00	47.895	0	18000	18000	0.4984644925458314	0	NaN	15.081363604235655	1	NaN	25.61446232604061	0	NaN	-0.10311928285058329	1	NaN	0.56904835289771	0	NaN	0.006808395705295652	2	NaN	NaN	NaN	NaN	NaN	NaN	NaN	NaN	NaN	NaN	-1.6247245190246326e-10	-1.6089996982458887e-12	-9.19366303641658e-13	NaN	17.080311435770838	416.5802804207231	418.3059952262905	0.1	1	169.15000435027238	4.125484275294359	4.142574400844279	0.7	0	0.09665061741777592	2.1351721896654903	2.1440172993197932	0	1	NaN	NaN	NaN	NaN	9	273.6624238230387	274.07770445505776	94484.22005251735	1.1991268805175053	1007.3880453395653	0.024117064559275463	0.03687433326777161	0.0030825156076453074	389.8977219800796	651.7388862093312	0.002570633398122967	59.82422258825428	261.8411642292516	267.11994840979344	0.41242342845280316	-1.5149843505493712	0.11863420936095599	1.5745935165549856	-2.988730809135494e-13	-9.51226518986074e-15	1.5745935165549856	10.614100726350456	46.77143057946182	285.2285694205382	4.320916289102458	NaN	0.6447398953424641	5.706948154131719	-1486.7674455883978	-0.0019505404215064087	0.5887831418152932	0.01936395813203064	0	68.61370378368159	-10.41239426253705	23.55286417265999	58.64996200924394	89.44489265434039	125.44773373500708	187.94356470509373	0.49361065061576853	1.0098333411647578	16.226152261550304	1.013512159528658	23.533015779182836	1.0884479306175034	-0.09473974817709578	1.0884479306175034	0.522807142988342	1.0884479306175034	-0.00006454605716263253	1.1483654214069219	NaN	NaN	800000009	800000009	800000009	800000009	800010009	800110009	899999999	899999999	89999	89999	89	89	1	4	1	81	13	9	0	NaN	0	0	0	0	0	0	0	0	0	NaN	NaN	NaN	NaN	0	0	0	0	0	0	0	0	18000	0	0	0	18000	18000	18000	18000	80	NaN	3.6695967572713926	7.178543785527336	0.5657557654647102	0.01515191041908672	0.03769296104846375	0.014382702511790506	1.3250996176389097e-8	NaN	0.013432399985997876	-0.002294312311405958	0.012660819642532196	-6.454605716263253e-8	NaN	416.5802222590518	4.125448914331622	94873.27666145834	11.449999809265137	-6.038652863144936	81.0144165242513	82.3917802772522	79.63704912037319	2.7547263640231554	0.00027062450886458265	-1	0	2.131395065665245	85.33576222467423	1.0000124694638781	-273.1499938964844	9.000134080648422	-273.1499938964844	145
DATA	2025-02-16T213000_AIU-0547.ghg	2025-02-16	22:00:00	47.916	0	18000	18000	0.24036746007346843	1	NaN	29.630225036159658	0	NaN	45.345310902007064	0	NaN	-0.4090926213349175	2	NaN	1.0069335000814859	0	NaN	-0.0027806399107481385	0	NaN	NaN	NaN	NaN	NaN	NaN	NaN	NaN	NaN	NaN	-1.3138665176119712e-11	-1.2366435769643043e-13	-7.436752486376402e-14	NaN	17.08644218897493	415.81533747256253	417.4491317378554	0.1	1	160.82180878292317	3.9137565300263937	3.929134204677299	0.6	0	0.09671274800665353	2.1316241184227396	2.1399995556579494	-0.2	0	NaN	NaN	NaN	NaN	9	273.17849201202387	273.6030920257569	94529.36673263888	1.2018773050543925	1007.2664770719216	0.024063803511303192	0.06524929080528027	0.0029307874728252644	370.0641655042123	629.7729926226638	0.0024385080411287305	58.761517219577065	259.70882711845144	266.4386470547804	0.8371570734559055	-1.8337766323176674	0.18017955658125195	2.0238659480018724	1.2110488506261524e-13	-7.68952660290945e-16	2.0238659480018724	13.155054699490318	37.46231868234429	294.5376813176557	5.107657551267445	NaN	0.4472061526483736	5.880769202255471	-252.60905939925232	-0.011480190009403058	0.6534352603776761	0.05472964927400761	0	52.79729124586043	-8.01219263981259	18.123601566803476	45.130330458813646	68.8266015024403	96.53028722981634	144.61996039164436	0.23828391614153038	1.0087439553859796	31.612051268417837	1.0132986379984408	41.517315232730645	1.0922023894805841	-0.3745575227403308	1.0922023894805841	0.9219294059229722	1.0922023894805841	-0.015115616782525274	1.1502780850590333	NaN	NaN	800000009	800000009	800000009	800000009	800000009	800011109	899999999	899999999	89999	89999	89	89	2	18	0	91	19	7	0	NaN	0	0	0	0	0	0	0	0	0	NaN	NaN	NaN	NaN	0	0	0	0	0	0	0	0	18000	0	0	0	18000	18000	18000	18000	80	NaN	4.890723274889595	6.34676420282405	0.524050926797295	0.028530416094626337	0.17046411346718873	0.01420948843206488	1.1256187407660227e-8	NaN	0.02611248254619122	-0.009048702549136669	0.02227231989486082	-0.000015115616782525275	NaN	415.8155473833833	3.9137351278518233	94918.7418967014	11.449999809265137	-6.720510638117807	81.06023166105483	82.43681670210097	79.68364938629998	2.7531653174095685	0.0002708653784971425	-1	0	2.128043841242791	84.9847683266004	1	-273.1499938964844	9.000048615747028	-273.1499938964844	224
DATA	2025-02-16T220000_AIU-0547.ghg	2025-02-16	22:30:00	47.937	0	18000	18000	0.37627505896266084	1	NaN	32.37595438320686	0	NaN	26.39022811310361	1	NaN	-0.3718685141145137	2	NaN	0.585859824038677	1	NaN	-0.00009796909396107934	1	NaN	NaN	NaN	NaN	NaN	NaN	NaN	NaN	NaN	NaN	1.3932202889961803e-10	1.2635808147678986e-12	7.882354874684955e-13	NaN	17.11019310598162	415.66595916437404	417.2389003521165	0.1	1	155.18085629710214	3.7698814430173706	3.7841472294352645	0.6	0	0.09680350989785572	2.130614684673811	2.138677244329813	-0.3	0	NaN	NaN	NaN	NaN	9	272.8681927833557	273.31695694647897	94580.7534375	1.2038551671675877	1007.1845015671098	0.024025577059445028	0.03796371659770627	0.0028275393593689144	356.6538702206135	616.8494332234912	0.0023487371541723798	57.81862655799732	260.19556300287775	265.95935213595186	0.5186028935917683	-1.0640594716443579	0.09096328153888397	1.18720084190742	-1.0283191426632253e-13	8.142633343565941e-15	1.18720084190742	10.916351429690755	36.01625282335078	295.9837471766492	4.394307082794137	NaN	0.5590692369435223	5.858371513686129	-451.8472084737421	-0.006418098741376922	1.2268160110041315	0.04776103267082179	0	56.45024625225865	-8.566542655224131	19.377542811045096	48.25282145597925	73.58859729046148	103.20905403175645	154.62597009160584	0.37195442135353024	1.0116160404637964	33.320563958655406	1.0143303941849846	24.292491109452833	1.0863533095144158	-0.34230899916044216	1.0863533095144158	0.5392903201082416	1.0863533095144158	-0.012239552820056216	1.1479556720069388	NaN	NaN	800000009	800000009	800000009	800000009	800000009	800010109	899999999	899999999	89999	89999	89	89	5	4	5	91	16	11	0	NaN	0	0	0	0	0	0	0	0	0	NaN	NaN	NaN	NaN	0	0	0	0	0	0	0	0	18000	0	0	0	18000	18000	18000	18000	80	NaN	4.730715044250598	6.293154968505753	0.6928730146159071	0.010389005350517873	0.05304836622096691	0.00618950174335537	6.240701128538825e-9	NaN	0.02748078079326235	-0.00825530109187814	0.013005804636594433	-0.000012239552820056216	NaN	415.66588170981834	3.7698692567377297	94972.12023524306	11.449999809265137	-7.1970629845725	81.09715890605601	82.47448631042009	79.71983226427719	2.7546545457906197	0.0002701988867839747	-1	0	2.127168900506364	85.00935614723629	1.0000117409080267	-273.1499938964844	9.000125499486924	-273.1499938964844	004
DATA	2025-02-16T223000_AIU-0547.ghg	2025-02-16	23:00:00	47.958	0	18000	18000	0.4318888171403977	0	NaN	21.326513582941153	0	NaN	27.28354758592969	0	NaN	0.24684806337814535	0	NaN	0.605656139754533	0	NaN	-0.0016005780389507776	0	NaN	NaN	NaN	NaN	NaN	NaN	NaN	NaN	NaN	NaN	4.3855196753262167e-11	3.8388435414478037e-13	2.477858242018985e-13	NaN	17.10916060650049	415.4731261753957	416.98964412689213	0	0	149.76421395024764	3.6368240143510633	3.6500987812534795	0.1	1	0.09666830332870484	2.126902811073832	2.1346662164323766	-0.2	0	NaN	NaN	NaN	NaN	9	272.78880730946855	273.2555401034885	94589.88317881945	1.204302653285457	1007.111543334077	0.024017859881754405	0.03924651785609374	0.0027286182109534382	344.0990348307917	614.1063203905995	0.002265724652776856	56.032485484260945	270.0072855598078	265.4958813319737	-0.4729179145975606	-0.5594861609697025	0.046720843327348174	0.7340701298003923	7.277366538463824e-14	2.5632582311840432e-15	0.7340701298003923	7.917268689479097	102.20689672376903	229.79310327623097	3.6491305442485036	NaN	0.5988501434621785	2.6707498861998773	-843.0869320803027	-0.0034397401853262025	0.7816620443427739	0.02936219298162962	0	70.74594353620482	-10.735969871216064	24.284793080521542	60.47256847972906	92.22448252138845	129.3461480456094	193.78409972647285	0.42498639997345844	1.0162415012983246	22.401396079782508	1.0170765661006411	25.104997246660275	1.0867775573868754	0.22713761588128875	1.0867775573868754	0.5572954057045633	1.0867775573868754	-0.010126395967813378	1.1505737773945253	NaN	NaN	800000009	800000009	800000009	800000009	800000009	800110109	899999999	899999999	89999	89999	89	89	14	6	3	88	28	13	0	NaN	0	0	0	0	0	0	0	0	0	NaN	NaN	NaN	NaN	0	0	0	0	0	0	0	0	18000	0	0	0	18000	18000	18000	18000	80	NaN	1.9706186348634867	2.9187446919353133	0.45213644560095506	0.009961597397866272	0.024674931691336978	0.007845363730902324	4.147553640164868e-9	NaN	0.01846978618659185	0.005475277393773061	0.01343391284912728	-0.000010126395967813377	NaN	415.47313601213386	3.6368060303605967	94986.13085742187	11.449999809265137	-7.6607119301292705	81.14251098548041	82.5194217997657	79.76560370084975	2.7538076927595667	0.00026993836480283394	-1	0	2.1235793968052774	85.05822819946431	1.0000061742572321	-273.1499938964844	9.000083742168215	-273.1499938964844	255
DATA	2025-02-16T230000_AIU-0547.ghg	2025-02-16	23:30:00	47.979	0	18000	18000	0.36135764208431376	1	NaN	30.2679818942731	0	NaN	44.69030823139602	0	NaN	0.426419945080034	0	NaN	0.9919437712878368	0	NaN	0.0009338708942282139	0	NaN	NaN	NaN	NaN	NaN	NaN	NaN	NaN	NaN	NaN	-1.4147413280684245e-10	-1.1786765673007562e-12	-7.972164849553943e-13	NaN	17.111192002371286	415.2087002598992	416.650003770018	0.2	0	142.5600613457422	3.45926676365587	3.471274829300384	0.6	0	0.09642274577609233	2.1200902032907916	2.127449619049321	-0.3	0	NaN	NaN	NaN	NaN	9	272.68101659647624	273.1302563968235	94607.63403537327	1.2051621866373843	1007.0136723811867	0.024002343730889088	0.06427795637945183	0.002597079220597658	327.3608315362695	608.5441641271368	0.0021549624186633074	53.79409594796104	281.18333259086734	264.85400661529906	-0.2689479898960164	-0.8223557446711108	0.03637638904555474	0.8659822363897564	2.1556292748060442e-14	-8.26792971449545e-15	0.8659822363897564	11.148860189709355	80.11011520750571	251.88988479249429	2.407470843685148	NaN	0.5475778516044266	4.049290004390159	-454.1894886942126	-0.006385000252510142	0.6772829074606631	0.04554668025683419	0	55.70363364941939	-8.453241312293416	19.12125486483964	47.614628232506014	72.61531235709197	101.84400807388971	152.58088250278027	0.3562286046545862	1.0143981627604017	32.133242407525785	1.0159354594475856	41.14603813515768	1.0861387938395435	0.392601707533733	1.0861387938395435	0.9132753354488671	1.0861387938395435	-0.011687874785034325	1.1492493986151844	NaN	NaN	800000009	800000009	800000009	800000009	800000009	801010109	899999999	899999999	89999	89999	89	89	31	15	6	98	21	6	0	NaN	0	0	0	0	0	0	0	0	0	NaN	NaN	NaN	NaN	0	0	0	0	0	0	0	0	18000	0	0	0	18000	18000	18000	18000	80	NaN	4.025812117334926	3.3855887159468696	0.6871791754985233	0.008006871456077135	0.033481468600997474	0.01214886104580348	5.1759704533561745e-9	NaN	0.026477299406635787	0.009456081014735475	0.021996861946969967	-0.000011687874785034324	NaN	415.2086498490029	3.4592517789925834	94999.39678862847	11.449999809265137	-8.305127578285001	81.20456328985426	82.58317141596476	79.82595480855306	2.7572146245307394	0.0002695584353560763	-1	0	2.116941003657049	85.00555003070716	1.0000116599351168	-273.1499938964844	9.000135391659207	-273.1499938964844	058
