DATAH	filename	date	time	DOY	daytime	file_records	used_records	Tau	qc_Tau	rand_err_Tau	H	qc_H	rand_err_H	LE	qc_LE	rand_err_LE	co2_flux	qc_co2_flux	rand_err_co2_flux	h2o_flux	qc_h2o_flux	rand_err_h2o_flux	ch4_flux	qc_ch4_flux	rand_err_ch4_flux	none_flux	qc_none_flux	rand_err_none_flux	H_strg	LE_strg	co2_strg	h2o_strg	ch4_strg	none_strg	co2_v-adv	h2o_v-adv	ch4_v-adv	none_v-adv	co2_molar_density	co2_mole_fraction	co2_mixing_ratio	co2_time_lag	co2_def_timelag	h2o_molar_density	h2o_mole_fraction	h2o_mixing_ratio	h2o_time_lag	h2o_def_timelag	ch4_molar_density	ch4_mole_fraction	ch4_mixing_ratio	ch4_time_lag	ch4_def_timelag	none_molar_density	none_mole_fraction	none_mixing_ratio	none_time_lag	none_def_timelag	sonic_temperature	air_temperature	air_pressure	air_density	air_heat_capacity	air_molar_volume	ET	water_vapor_density	e	es	specific_humidity	RH	VPD	Tdew	u_unrot	v_unrot	w_unrot	u_rot	v_rot	w_rot	wind_speed	max_wind_speed	wind_dir	yaw	pitch	roll	u*	TKE	L	(z-d)/L	bowen_ratio	T*	model	x_peak	x_offset	x_10%	x_30%	x_50%	x_70%	x_90%	un_Tau	Tau_scf	un_H	H_scf	un_LE	LE_scf	un_co2_flux	co2_scf	un_h2o_flux	h2o_scf	un_ch4_flux	ch4_scf	un_none_flux	un_none_scf	spikes_hf	amplitude_resolution_hf	drop_out_hf	absolute_limits_hf	skewness_kurtosis_hf	skewness_kurtosis_sf	discontinuities_hf	discontinuities_sf	timelag_hf	timelag_sf	attack_angle_hf	non_steady_wind_hf	u_spikes	v_spikes	w_spikes	ts_spikes	co2_spikes	h2o_spikes	ch4_spikes	none_spikes	head_detect_LI-7200	t_out_LI-7200	t_in_LI-7200	aux_in_LI-7200	delta_p_LI-7200	chopper_LI-7200	detector_LI-7200	pll_LI-7200	sync_LI-7200	chopper_LI-7500	detector_LI-7500	pll_LI-7500	sync_LI-7500	not_ready_LI-7700	no_signal_LI-7700	re_unlocked_LI-7700	bad_temp_LI-7700	laser_temp_unregulated_LI-7700	block_temp_unregulated_LI-7700	motor_spinning_LI-7700	pump_on_LI-7700	top_heater_on_LI-7700	bottom_heater_on_LI-7700	calibrating_LI-7700	motor_failure_LI-7700	bad_aux_tc1_LI-7700	bad_aux_tc2_LI-7700	bad_aux_tc3_LI-7700	box_connected_LI-7700	mean_value_RSSI_LI-7200	mean_value_LI-7500	u_var	v_var	w_var	ts_var	co2_var	h2o_var	ch4_var	none_var	w/ts_cov	w/co2_cov	w/h2o_cov	w/ch4_cov	w/none_cov	co2_mean	h2o_mean	air_p_mean	vin_sf_mean	dew_point_mean	avg_signal_strength_7200_mean	co2_signal_strength_7200_mean	h2o_signal_strength_7200_mean	delta_signal_strength_7200_mean	flowrate_mean	hit_power_mean	hit_vin_mean	ch4_mean	rssi_77_mean	ch4_aux-1_mean	ch4_aux-2_mean	ch4_aux-3_mean	ch4_aux-4_mean	CHK
DATAU		[yyyy-mm-dd]	[HH:MM]	[ddd.ddd]	[1=daytime]	[#]	[#]	[kg+1m-1s-2]	[#]	[kg+1m-1s-2]	[W+1m-2]	[#]	[W+1m-2]	[W+1m-2]	[#]	[W+1m-2]	[µmol+1s-1m-2]	[#]	[µmol+1s-1m-2]	[mmol+1s-1m-2]	[#]	[mmol+1s-1m-2]	[µmol+1s-1m-2]	[#]	[µmol+1s-1m-2]	[µmol+1s-1m-2]	[#]	[µmol+1s-1m-2]	[W+1m-2]	[W+1m-2]	[µmol+1s-1m-2]	[mmol+1s-1m-2]	[µmol+1s-1m-2]	[µmol+1s-1m-2]	[µmol+1s-1m-2]	[mmol+1s-1m-2]	[µmol+1s-1m-2]	[µmol+1s-1m-2]	[mmol+1m-3]	[µmol+1mol_a-1]	[µmol+1mol_d-1]	[s]	[1=default]	[mmol+1m-3]	[mmol+1mol_a-1]	[mmol+1mol_d-1]	[s]	[1=default]	[mmol+1m-3]	[µmol+1mol_a-1]	[µmol+1mol_d-1]	[s]	[1=default]	[mmol+1m-3]	[µmol+1mol_a-1]	[µmol+1mol_d-1]	[s]	[1=default]	[K]	[K]	[Pa]	[kg+1m-3]	[J+1kg-1K-1]	[m+3mol-1]	[mm]	[kg+1m-3]	[Pa]	[Pa]	[kg+1kg-1]	[%]	[Pa]	[K]	[m+1s-1]	[m+1s-1]	[m+1s-1]	[m+1s-1]	[m+1s-1]	[m+1s-1]	[m+1s-1]	[m+1s-1]	[deg_from_north]	[deg]	[deg]	[deg]	[m+1s-1]	[m+2s-2]	[m]	[#]	[#]	[K]	[0=KJ/1=KM/2=HS]	[m]	[m]	[m]	[m]	[m]	[m]	[m]	[kg+1m-1s-2]	[#]	[W+1m-2]	[#]	[W+1m-2]	[#]	[µmol+1s-1m-2]	[#]	[mmol+1s-1m-2]	[#]	[µmol+1s-1m-2]	[#]	[µmol+1s-1m-2]	[#]	8u/v/w/ts/co2/h2o/ch4/none	8u/v/w/ts/co2/h2o/ch4/none	8u/v/w/ts/co2/h2o/ch4/none	8u/v/w/ts/co2/h2o/ch4/none	8u/v/w/ts/co2/h2o/ch4/none	8u/v/w/ts/co2/h2o/ch4/none	8u/v/w/ts/co2/h2o/ch4/none	8u/v/w/ts/co2/h2o/ch4/none	8co2/h2o/ch4/none	8co2/h2o/ch4/none	8aa	8U	[#]	[#]	[#]	[#]	[#]	[#]	[#]	[#]	[#_flagged_recs]	[#_flagged_recs]	[#_flagged_recs]	[#_flagged_recs]	[#_flagged_recs]	[#_flagged_recs]	[#_flagged_recs]	[#_flagged_recs]	[#_flagged_recs]	[#_flagged_recs]	[#_flagged_recs]	[#_flagged_recs]	[#_flagged_recs]	[#_flagged_recs]	[#_flagged_recs]	[#_flagged_recs]	[#_flagged_recs]	[#_flagged_recs]	[#_flagged_recs]	[#_flagged_recs]	[#_flagged_recs]	[#_flagged_recs]	[#_flagged_recs]	[#_flagged_recs]	[#_flagged_recs]	[#_flagged_recs]	[#_flagged_recs]	[#_flagged_recs]	[#_flagged_recs]	[#]	[#]	[m+2s-2]	[m+2s-2]	[m+2s-2]	[K+2]	--	--	--	--	[m+1s-1K+1]	--	--	--	--	--	--	--	--	--	--	--	--	--	--	--	--	--	--	--	--	--	--	207
DATA	2025-10-28T233000_AIU-0547.ghg	2025-10-29	00:00:00	302	0	18000	18000	0.02592504317398645	1	NaN	16.796876391680158	1	NaN	19.952520749449455	1	NaN	2.2450639155498506	1	NaN	0.44644688432085156	1	NaN	0.009521126877713984	1	NaN	NaN	NaN	NaN	NaN	NaN	NaN	NaN	NaN	NaN	-1.810151367120314e-10	-3.1217661740437887e-12	-9.96868912811736e-13	NaN	16.7394202456901	414.8720126286477	417.86174441636996	0.1	0	288.68611125726824	7.154834888984716	7.206395458635985	0.1	1	0.0921857031656222	2.109652847294362	2.1248558399924025	0	1	NaN	NaN	NaN	NaN	9	281.7493183737861	281.593765586853	95468.22360894099	1.1779228012732426	1009.1641784031715	0.02452303477101501	0.02892975810399118	0.005257511075299845	683.2426005137656	1102.3803474056888	0.004463374908454855	61.97884442712443	419.13774689192314	274.69851906806167	0.6871141993538891	0.3012290295332821	0.152626361492857	0.7656106434800207	-4.178289289318238e-14	-1.0813704062339757e-14	0.7656106434800207	3.67217663582289	308.3274831603434	23.672516839656648	11.499094937300242	NaN	0.14835470689427602	0.6407630727164947	-16.393989809256404	-0.17689409556437546	0.8418423217098335	0.09524639380996612	1	8.351514229823477	4	7	12	19	32	82	0.025523189556244018	1.0157446473081622	17.633700214838868	1.0167655131754074	18.36286696026824	1.0865689324341754	2.0661955707866304	1.0865689324341754	0.41087764521363895	1.0865689324341754	0.002380640918684363	1.1501966231713185	NaN	NaN	800000009	800000009	800000009	800000009	800001009	800011119	899999999	899999999	89999	89999	89	89	1	8	0	47	46	0	4	NaN	0	0	0	0	0	0	0	0	0	NaN	NaN	NaN	NaN	0	0	0	0	0	0	0	0	17604	0	0	0	18000	18000	18000	18000	87	NaN	0.6693791145182114	0.5056924733176429	0.10645455759713515	0.021097747481763962	1.086562184532435	0.025744068840434155	3.4755125273735174e-8	NaN	0.01483422282807442	0.05103462810996854	0.01014859779909143	0.000002380640918684363	NaN	414.8717797310777	7.154808313437674	95866.82054600693	11.391447543462117	1.5415558759835108	87.97821728642782	87.73803612984551	88.21841899638706	-0.480374081251522	0.0002755637452420262	-1	0	2.103211890609177	57.94718518755167	1.0000718579259185	-273.1499938964844	9.000606518162622	-273.1499938964844	155
DATA	2025-10-29T000000_AIU-0547.ghg	2025-10-29	00:30:00	302.02	0	18000	18000	0.11221904818520109	1	NaN	27.52110302612108	0	NaN	31.78412115060931	0	NaN	1.8736823070821236	0	NaN	0.7111224653447527	0	NaN	0.0066372706094438875	0	NaN	NaN	NaN	NaN	NaN	NaN	NaN	NaN	NaN	NaN	2.0930414831327794e-10	3.5887941562751275e-12	1.152832688539526e-12	NaN	16.727287406218963	414.6091080288581	417.5776748089229	0.1	0	286.8112828988057	7.10901697851354	7.159916949673516	0.1	1	0.09213273538956146	2.1075753638414634	2.122665428411746	-0.1	0	NaN	NaN	NaN	NaN	9	281.7004184142219	281.50259789276123	95426.99630056423	1.1778159024817647	1009.1373615289189	0.0245256865416666	0.04608073575433997	0.005223278375106906	678.5741084186149	1095.5827306540464	0.004434715445852774	61.93727679638729	417.0086222354315	274.6029411353996	1.2876143139934262	0.6585683285765179	0.15906378864232748	1.4549790905240132	-2.402754122140705e-14	1.2512737016490892e-14	1.4549790905240132	7.7458525812156465	304.9118922745446	27.08810772545546	6.276334923857587	NaN	0.3086701148533165	1.5140168443116133	-90.09261194943844	-0.03218909894218109	0.8658758534084399	0.07501421232801951	0	53.2430774039624	-8.07984240915857	18.276625529260446	45.511381761908375	69.4077287825523	97.3453265030297	145.84103774251898	0.11107823876179805	1.0102703232975223	28.923178697673293	1.0136814799605351	29.22255917300812	1.0876570037016888	1.722677554325773	1.0876570037016888	0.653811323721124	1.0876570037016888	-0.0043935340917284635	1.1480826429003326	NaN	NaN	800000009	800000009	800000009	800000009	800001019	800011019	899999999	899999999	89999	89999	89	89	0	7	0	73	70	0	11	NaN	0	0	0	0	0	0	0	0	0	NaN	NaN	NaN	NaN	0	0	0	0	0	0	0	0	17703	0	0	0	18000	18000	18000	18000	87	NaN	1.7822008536639622	1.0013668997585308	0.24446593520073379	0.017819891346371124	0.0995421422961926	0.013495623004778008	2.2951401176676128e-8	NaN	0.02433426995466575	0.04255243684983248	0.01615001309704606	-0.000004393534091728463	NaN	414.60854989532976	7.109002436894267	95825.3806920573	11.399136928664312	1.4473678981529259	87.98495682017008	87.74465646870931	88.22526189147102	-0.48060958887222743	0.0002753207588878772	-1	0	2.101193943741145	58.525238695992215	1.0000725359883573	-273.1499938964844	9.000396587292354	-273.1499938964844	203
DATA	2025-10-29T003000_AIU-0547.ghg	2025-10-29	01:00:00	302.041	0	18000	18000	0.03700735912661412	2	NaN	30.4249495942777	1	NaN	27.814540618488206	1	NaN	2.229651675594192	1	NaN	0.6222787750484701	1	NaN	0.015684782287421584	1	NaN	NaN	NaN	NaN	NaN	NaN	NaN	NaN	NaN	NaN	-1.4505393943882967e-10	-2.4973041525157348e-12	-7.991560505161805e-13	NaN	16.72638970253283	414.6695076882705	417.65116487523505	0.1	0	287.9679284983967	7.139108992681135	7.190442344282558	0.1	1	0.09215189594838692	2.107625589042809	2.1227803493241555	-0.8	0	NaN	NaN	NaN	NaN	9	281.6675898598565	281.45176264275443	95371.43407769097	1.177329299125126	1009.1529417789739	0.024535543344201684	0.04032366462314086	0.005243280918933914	681.0496980509303	1091.8084398488932	0.004453538124660788	62.37813092424784	410.7587417979629	274.65369604536863	1.614781041134574	0.6708114961966296	0.17687397014601655	1.757495455343288	-3.212279297155399e-16	-8.672160700456749e-15	1.757495455343288	5.890732147025773	309.44104987265155	22.55895012734847	5.7760134980605935	NaN	0.17729442165347084	1.3943945227694976	-15.436461719952216	-0.18786688637666488	1.0938505155125362	0.144437463645134	1	22.233726232509074	10	18	31	48	80	197	0.03666631320570676	1.0093013420518722	31.58723573695906	1.0133563691360292	25.521528110502455	1.0898462074080173	2.045840652046655	1.0898462074080173	0.5709785204725687	1.0898462074080173	0.0033987437791089103	1.1490020074223213	NaN	NaN	800000009	800000009	800000009	800000009	800000019	800111119	899999999	899999999	89999	89999	89	89	7	5	5	68	40	3	37	NaN	0	0	0	0	0	0	0	0	0	NaN	NaN	NaN	NaN	0	0	0	0	0	0	0	0	17802	0	0	0	18000	18000	18000	18000	87	NaN	1.1382351713720171	1.3686655115640738	0.2818883626029045	0.019731894815779725	0.10896366163346624	0.015154824991970588	3.118929813782662e-8	NaN	0.026586225189718007	0.05055683959769717	0.014110028288070113	0.0000033987437791089105	NaN	414.66882750810373	7.139092830507171	95772.1242059462	11.420000076293945	1.4982276866767028	87.99068459977045	87.75017307196723	88.23118594317965	-0.480986790916986	0.00027536946044872616	-1	0	2.1012173394199873	58.41668043147195	1.0000667444583442	-273.1499938964844	9.000349059740703	-273.1499938964844	047
DATA	2025-10-29T010000_AIU-0547.ghg	2025-10-29	01:30:00	302.062	0	18000	18000	0.03212712509337511	2	NaN	17.80800610824582	1	NaN	12.809635294077347	1	NaN	1.1248852327096008	1	NaN	0.28657265993202186	1	NaN	-0.0008135094208942777	1	NaN	NaN	NaN	NaN	NaN	NaN	NaN	NaN	NaN	NaN	-5.6240061069809236e-11	-9.710921670167176e-13	-3.0964705464167495e-13	NaN	16.74185646649851	415.02478079444205	418.0203969883985	0.1	0	289.0801568610393	7.166196232380441	7.2179212726098365	0.1	1	0.0921774700359963	2.107892032372154	2.123106631112978	-0.1	0	NaN	NaN	NaN	NaN	9	281.57342634836834	281.415356080797	95364.63628385417	1.1773855900895995	1009.1671600864045	0.02453411832339647	0.018569908363595015	0.005263480701359728	683.5850125105698	1089.1124644223025	0.004470481671989187	62.76532817693566	405.5274519117328	274.70550648894823	0.7011585739378723	0.42859646480540736	0.12696106671549381	0.831527142017526	6.750252200346152e-14	-3.3592487895442823e-15	0.831527142017526	5.050149820238939	300.5638503930045	31.436149606995496	8.782512775877606	NaN	0.16518726933772726	0.809760079218092	-21.329780965778674	-0.1359601397057352	1.3902039909348172	0.09073125043547767	1	8.215568133166128	4	7	12	19	32	86	0.031657811852243554	1.0148245634702102	18.25474956654374	1.01619598410174	11.792525977132424	1.0862503350781043	1.0355672135454104	1.0862503350781043	0.2638182476707052	1.0862503350781043	-0.007120016893210912	1.1495351478243263	NaN	NaN	800000009	800000009	800000009	800000009	800000019	800011119	899999999	899999999	89999	89999	89	89	0	13	3	59	58	9	16	NaN	0	0	0	0	0	0	0	0	0	NaN	NaN	NaN	NaN	0	0	0	0	0	0	0	0	17406	17998	0	0	18000	18000	18000	18000	87	NaN	1.006561226887306	0.47168464967336643	0.14127428187551158	0.020211552431099476	0.0878345549881651	0.014087953479298827	2.048132134652721e-8	NaN	0.015363637573823332	0.025590161861318978	0.006519279069051797	-0.000007120016893210912	NaN	415.02432138580855	7.1661819348673585	95769.58135655383	11.400863579961985	1.5507794937292727	87.98956739701165	87.74956600591871	88.2295645183987	-0.4799956087627342	0.0002754681431429668	-1	0	2.101454075155435	61.11487087588846	1.000089387819171	-292.6914947170699	9.000570633093517	-273.1499938964844	154
DATA	2025-10-29T013000_AIU-0547.ghg	2025-10-29	02:00:00	302.083	0	18000	18000	0.040587675698793006	2	NaN	28.803789740746257	1	NaN	20.11247186960573	1	NaN	1.6623237906867798	1	NaN	0.44990888110184085	1	NaN	0.00011433700181961095	1	NaN	NaN	NaN	NaN	NaN	NaN	NaN	NaN	NaN	NaN	1.2444300614966637e-10	2.172719830992165e-12	6.838530322402736e-13	NaN	16.738940487167838	414.87584256493267	417.90294286707876	0.1	0	292.25449522270895	7.243548660792531	7.296400492810837	0.1	1	0.091985685357617	2.102652048452584	2.1179938398951235	0	0	NaN	NaN	NaN	NaN	9	281.5222070354886	281.3216677744124	95378.84206662327	1.177918590978479	1009.2079817721304	0.02452229755780332	0.029154095495399285	0.00532285968703638	691.0666053104095	1082.2016353632291	0.004518868899602613	63.85747190988679	391.1350300528196	274.85741140195324	1.337686705292782	0.681473674686244	0.16182105132893757	1.5099662722924354	-2.408404176227848e-14	7.43434187158172e-15	1.5099662722924354	6.788605412738634	305.00379990898887	26.996200091011133	6.152126375238954	NaN	0.18562627628428197	1.412042097800967	-18.715081090732635	-0.15495524630326216	1.4321357378391155	0.13053116868886339	1	17.155979144315978	8	14	24	38	64	162	0.04018345969055014	1.0100592634719783	29.565281294080794	1.0135961165847325	18.48562995654279	1.0880057599815327	1.5278630424851751	1.0880057599815327	0.41351700298854793	1.0880057599815327	-0.010128606663120961	1.1481979139544687	NaN	NaN	800000009	800000009	800000009	800000009	800010019	800011119	899999999	899999999	89999	89999	89	89	15	7	0	80	43	7	6	NaN	0	0	0	0	0	0	0	0	0	NaN	NaN	NaN	NaN	0	0	0	0	0	0	0	0	17802	18000	0	0	18000	18000	18000	18000	87	NaN	1.7213801179906312	0.8567157251242229	0.24598835248707973	0.01846930893229297	0.08361922963182199	0.00867731744369485	1.6641020053761492e-8	NaN	0.02487058853225594	0.03774015815679228	0.010214395308578173	-0.00001012860666312096	NaN	414.87556779639164	7.243538764948524	95779.49271462673	11.390000343322754	1.7026112211280349	87.99007125621372	87.74998180686103	88.23015990850661	-0.48019049074086884	0.0002754885259944583	-1	0	2.0961618061264358	61.125531511306775	1.0001079865793387	-273.1499938964844	9.00064590358734	-273.1499938964844	217
DATA	2025-10-29T020000_AIU-0547.ghg	2025-10-29	02:30:00	302.104	0	18000	18000	0.0654381276160426	1	NaN	25.022539842617036	0	NaN	29.345772190995916	1	NaN	2.66825566567433	0	NaN	0.6563753766418096	1	NaN	0.0061049612824247874	1	NaN	NaN	NaN	NaN	NaN	NaN	NaN	NaN	NaN	NaN	2.2019651345788487e-10	3.87612808756047e-12	1.2098587697046336e-12	NaN	16.760594799715143	415.21640019084197	418.273591569771	0.1	0	295.03742474024847	7.309071001722713	7.362886864593679	0.1	1	0.09209025286306197	2.103908670911891	2.119399512429253	0.2	0	NaN	NaN	NaN	NaN	9	281.3756102862888	281.1954191631741	95358.88729492188	1.1781716211993531	1009.2417316461291	0.024516421921872898	0.042533124406389254	0.005372295440478871	697.1718366991588	1072.9501967399988	0.004559858125771176	64.97709202322837	375.77836004083997	274.9802963716419	1.014919809250962	0.19520082074347142	0.11662609670448092	1.040080394037677	-4.8246258344912064e-14	1.3137750544606403e-14	1.040080394037677	5.894666952525756	321.1131699606829	10.886830039317076	6.438219688470026	NaN	0.2356737180300576	1.1257500504020204	-44.082265890905255	-0.06578609201207844	0.8526795505587218	0.08929280756702705	0	47.03154610918289	-7.137218570934671	16.14440784062777	40.2018582357248	61.31037039431783	85.98866622987465	128.82669119888064	0.06461918061234578	1.0126734352855653	26.293304151174162	1.0149143543027053	27.02147349876012	1.086016726376615	2.4569194938430603	1.086016726376615	0.6043879073867855	1.086016726376615	-0.0039470896182171285	1.1482922664127915	NaN	NaN	800000009	800000009	800000009	800000009	800010019	800011119	899999999	899999999	89999	89999	89	89	5	6	3	61	51	12	8	NaN	0	0	0	0	0	0	0	0	0	NaN	NaN	NaN	NaN	0	0	0	0	0	0	0	0	17703	603	0	0	18000	18000	18000	18000	87	NaN	1.1980389773762468	0.859132745879681	0.19432837754811294	0.0192544649349038	0.17428509073232554	0.013168751407263002	2.8507482978305382e-8	NaN	0.022112681342785684	0.0606784973496416	0.01492655747509286	-0.0000039470896182171285	NaN	415.2156730900673	7.309055527128548	95761.89662478298	11.380289009941949	1.8252226001355092	88.00294246143766	87.76242442703247	88.24345539855958	-0.4810335703889528	0.00027522593936818234	-1	0	2.09734469374352	60.19321382247075	1.0000778159532282	-299.23224499172625	9.000616094085906	-273.1499938964844	128
DATA	2025-10-29T023000_AIU-0547.ghg	2025-10-29	03:00:00	302.124	0	18000	18000	0.0215848911775702	1	NaN	26.378429328459216	1	NaN	17.22230742074314	1	NaN	1.3173842368162105	1	NaN	0.38520571951597016	1	NaN	0.008789997069192873	2	NaN	NaN	NaN	NaN	NaN	NaN	NaN	NaN	NaN	NaN	-2.2187011115356975e-10	-3.93958947020164e-12	-1.217079250275176e-12	NaN	16.767131752543158	415.39242655231965	418.4790558093614	0.1	0	297.7220111098313	7.375827330407397	7.430634406746947	0.1	1	0.09197691404465676	2.1012298758070935	2.1168433468187504	-0.8	0	NaN	NaN	NaN	NaN	9	281.3617873276604	281.182525405036	95377.12473784722	1.1784211536211644	1009.2782060970878	0.02451061009275541	0.024961330624634865	0.005422647998897752	703.6739057958811	1072.0092848806898	0.004601621400154372	65.64065402420437	368.3353790848088	275.11012614871277	0.967747935969674	0.3953556535236811	0.150216549658989	1.056128388094042	-4.00406006458072e-14	-1.3232442759323911e-14	1.056128388094042	4.2757171005761965	309.7784314879	22.221568512100006	8.17709419311801	NaN	0.13533953088861236	0.7301078331643573	-7.9204691668442955	-0.36613992667752904	1.5316431581454717	0.16387505120444665	1	14.043350163380353	6	11	19	29	48	113	0.021317501326304476	1.012543207910384	26.981667659195747	1.0148402632373967	15.857947325972695	1.0860363618774196	1.2130203767200411	1.0860363618774196	0.3546895233324132	1.0860363618774196	-0.0010797714910176469	1.148237401478222	NaN	NaN	800000009	800000009	800000009	800000009	800000019	800011019	899999999	899999999	89999	89999	89	89	3	5	1	48	26	0	6	NaN	0	0	0	0	0	0	0	0	0	NaN	NaN	NaN	NaN	0	0	0	0	0	0	0	0	16412	0	0	0	18000	18000	18000	18000	87	NaN	0.771204687928483	0.5818690278369453	0.10714195056328635	0.03396672388864819	0.13672984740626146	0.020666668359926796	1.7120243161645237e-7	NaN	0.02268597052156291	0.02995285584245265	0.008758273451210106	-0.000001079771491017647	NaN	415.39176443665747	7.375805696054764	95780.02885720486	11.389136699782476	1.954222732861853	87.99590021557277	87.75579949569702	88.23601057094997	-0.4802069471950331	0.0002756137540078877	-1	0	2.094603769375218	59.10335237651396	1.0000689247283672	-273.1499938964844	9.000516691472795	-273.1499938964844	100
DATA	2025-10-29T030000_AIU-0547.ghg	2025-10-29	03:30:00	302.145	0	18000	18000	0.025025494399855013	1	NaN	29.15499061843163	1	NaN	20.739327446873677	1	NaN	1.716939093910233	1	NaN	0.4638144888305056	1	NaN	-0.003251437174946406	1	NaN	NaN	NaN	NaN	NaN	NaN	NaN	NaN	NaN	NaN	-1.5217567433855126e-10	-2.7162906100589358e-12	-8.336170674475231e-13	NaN	16.778751578436477	415.63632097727475	418.742968755426	0.2	0	299.49573451288865	7.418984938146596	7.474437678706031	0.1	1	0.09191386039222775	2.0986808876305676	2.114367347132654	-0.1	0	NaN	NaN	NaN	NaN	9	281.25287532891167	281.057780406528	95337.98168858507	1.1784410579794486	1009.2997136369911	0.024509794993695065	0.03005517887621676	0.0054545585106044	707.5007788826166	1062.9436218809421	0.00462862225791485	66.56051782225775	355.44284299832555	275.18604369035654	1.2442637393770979	0.44526023695583966	0.17491779144496702	1.3330585754221842	1.00346565384892e-15	-9.069546898478588e-15	1.3330585754221842	5.124797364674178	312.3102322954925	19.689767704507517	7.539830282910352	NaN	0.1457261195120053	0.7619250186846946	-8.94334523386275	-0.32426345222809333	1.405782839058581	0.1682083265826248	1	18.076670191101044	8	14	24	37	61	145	0.024757874091704962	1.0108095027528925	29.9384881287142	1.0139234865291165	19.079954939671254	1.086969414364404	1.5795652308342074	1.086969414364404	0.4267042684928878	1.086969414364404	-0.013416893634366156	1.1479266710414617	NaN	NaN	800000009	800000009	800000009	800000009	800000019	800010019	899999999	899999999	89999	89999	89	89	0	12	0	65	42	0	13	NaN	0	0	0	0	0	0	0	0	0	NaN	NaN	NaN	NaN	0	0	0	0	0	0	0	0	17206	0	0	0	18000	18000	18000	18000	87	NaN	0.8751562417153096	0.5046280680364523	0.14406572761762737	0.029196331775726978	0.08883315994635088	0.013997007668184775	4.3207862987051445e-8	NaN	0.025171079982978944	0.03900426969732262	0.010536626183209684	-0.000013416893634366155	NaN	415.6356318054471	7.4189697011350715	95738.85053016493	11.40999984741211	2.0307159377402715	88.00846061982048	87.76771868536207	88.24919575775994	-0.48148534771054996	0.0002754482741325368	-1	0	2.0920369839668265	58.17064473109776	1.0000778114067184	-273.1499938964844	9.000419886112214	-273.1499938964844	194
DATA	2025-10-29T033000_AIU-0547.ghg	2025-10-29	04:00:00	302.166	0	18000	18000	0.036345472296752834	1	NaN	22.857698675024125	0	NaN	13.64521454962631	0	NaN	0.8984880855951712	0	NaN	0.30514731595651223	0	NaN	0.0027767278520358916	0	NaN	NaN	NaN	NaN	NaN	NaN	NaN	NaN	NaN	NaN	-2.2848748545352253e-11	-4.0884863130061053e-13	-1.249171735455507e-13	NaN	16.78397443209514	415.62715276754955	418.7413772835654	0.2	0	300.327388203604	7.43710720974905	7.492832206171004	0.1	1	0.09176023985543805	2.094689164233513	2.110384318665199	0	0	NaN	NaN	NaN	NaN	9	281.19164235687253	281.00846144245287	95358.03013628472	1.1788876371779051	1009.308824864929	0.024500341975327414	0.01977354607398199	0.005469991984228584	709.3781255790731	1059.3781294191144	0.004639960426867307	66.9617491507064	350.00000384004136	275.223153763306	0.9300601626979383	0.22737018645570792	0.1463861512251851	0.9685752491144425	-5.399235798371122e-14	-1.3613431453791873e-15	0.9685752491144425	4.624210449720467	318.2624442951481	13.737555704851895	8.692738962314632	NaN	0.17558562252519752	0.617030802487347	-19.957272587698846	-0.14531043694755594	1.6751439555525427	0.10940749328677038	1	9.492747150065743	4	8	14	21	37	96	0.035868190110272834	1.013306558959698	23.301677771193514	1.0152817340939988	12.564807899547226	1.0859867224964113	0.8273472105899898	1.0859867224964113	0.280986230895213	1.0859867224964113	-0.005353716246292789	1.1485987065867993	NaN	NaN	800000009	800000009	800000009	800000009	800000019	800011019	899999999	899999999	89999	89999	89	89	2	0	1	63	50	0	4	NaN	0	0	0	0	0	0	0	0	0	NaN	NaN	NaN	NaN	0	0	0	0	0	0	0	0	17108	0	0	0	18000	18000	18000	18000	87	NaN	0.5805847729467898	0.5426726273736822	0.110804204654222	0.020541713216114615	0.07123572250195286	0.009824528973447983	1.3199422813330436e-8	NaN	0.019583517861662198	0.020422212516521664	0.0069358552831360635	-0.000005353716246292789	NaN	415.6266423551914	7.437096125973983	95760.90575607639	11.40999984741211	2.0686751300824966	88.0090102051629	87.76813161357244	88.24988036092122	-0.48177834346145393	0.00027536510805819284	-1	0	2.0880559873183566	57.84801447444494	1.000085429188278	-273.1499938964844	9.000448962582482	-273.1499938964844	168
DATA	2025-10-29T040000_AIU-0547.ghg	2025-10-29	04:30:00	302.187	0	18000	18000	0.026143010452292257	1	NaN	24.191165917937656	1	NaN	23.28723920070032	1	NaN	0.8675820420159209	1	NaN	0.5207884304030652	1	NaN	0.008325374308435166	2	NaN	NaN	NaN	NaN	NaN	NaN	NaN	NaN	NaN	NaN	-5.703943873448503e-11	-1.0442948054990189e-12	-3.1164994738764535e-13	NaN	16.778356713449156	415.8284955927569	419.01852987395193	0.2	0	307.1830850620086	7.6131102893102165	7.671514374328004	0.1	1	0.09167295651940262	2.0932482168907485	2.109306600675662	0.2	0	NaN	NaN	NaN	NaN	9	281.24048295748673	281.04254597473147	95307.50073828126	1.1780414290176175	1009.4062176384105	0.024516304688864878	0.033747090290118624	0.005595796409980312	725.7811454206052	1061.841127522804	0.00475008456591099	68.35119930924114	336.0599821021989	275.54375208486465	0.8187565243836262	0.4054895499692019	0.13690543435059044	0.9238653144856602	-1.9077778332750506e-14	-3.3995843400303612e-15	0.9238653144856602	3.9057926903321634	305.65306476846695	26.346935231533063	8.521913085014305	NaN	0.14896955359024353	0.5613704573866238	-11.512009784808194	-0.25191083522418306	1.0388163968019941	0.13656290430114693	1	10.679092106731519	5	9	15	23	38	95	0.0257883540936398	1.0137525782903658	25.132826430321334	1.0155462051185575	21.442702624641242	1.0860216460745669	0.7988625688556048	1.0860216460745669	0.4795377995323194	1.0860216460745669	-0.001186919920874893	1.148848553939976	NaN	NaN	800000009	800000009	800000009	800000009	800000019	800010119	899999999	899999999	89999	89999	89	89	3	5	4	72	30	0	14	NaN	0	0	0	0	0	0	0	0	0	NaN	NaN	NaN	NaN	0	0	0	0	0	0	0	0	17207	0	0	0	18000	18000	18000	18000	87	NaN	0.5314712323936812	0.46399088267006383	0.12727879970950262	0.021076822431286998	0.048112329423474764	0.013307764525781394	9.61579721483407e-8	NaN	0.021135610289767483	0.01973544657645942	0.011846709300224585	-0.000001186919920874893	NaN	415.82817131342165	7.613095716950871	95711.52153168403	11.40999984741211	2.389023587796444	87.99710754224989	87.75497894159953	88.23923403146532	-0.4842550342794921	0.00027558229202986694	-1	0	2.086445445769362	55.423091426108336	1.0000898921390375	-273.1499938964844	9.00049682437049	-273.1499938964844	186
DATA	2025-10-29T043000_AIU-0547.ghg	2025-10-29	05:00:00	302.208	0	18000	18000	0.03058487810366988	1	NaN	22.70426725864675	1	NaN	12.951319363265668	1	NaN	0.7958770735252334	1	NaN	0.28963284623085966	1	NaN	0.007260136594886256	1	NaN	NaN	NaN	NaN	NaN	NaN	NaN	NaN	NaN	NaN	-2.8823337313904778e-11	-5.350384038673956e-13	-1.5772133785556288e-13	NaN	16.775195695643276	415.85185121321064	419.08691938217896	0.1	0	311.3925994000125	7.719325083535082	7.779376620616877	0.1	1	0.09179389184157255	2.0959338654408493	2.112238924352019	0.1	0	NaN	NaN	NaN	NaN	9	281.24522116004096	281.0195849127886	95270.42820173263	1.1776319769170307	1009.4642615047492	0.024523840955324203	0.018768208435759704	0.005672122920796392	735.6206756803622	1060.1813732126639	0.00481654967933672	69.3863044821485	324.5606975323017	275.73300387906824	1.0629233151804611	0.43025045076690327	0.1420919407508152	1.1554702696156423	-2.9679631602994405e-14	-1.718211688069341e-15	1.1554702696156423	4.42431637350108	309.9628659637327	22.037134036267286	7.063728864742805	NaN	0.1611567802643407	0.6021812042798563	-15.525317699839373	-0.18679166868385588	1.7530466682061558	0.1185109202384755	1	13.916794796860636	6	11	19	30	51	129	0.030227577510197792	1.011820351576356	23.133612218066773	1.0144396198760008	11.922925285300398	1.0862535035116896	0.7326807885565256	1.0862535035116896	0.2666346716438856	1.0862535035116896	-0.0010829047156802622	1.1479989864859503	NaN	NaN	800000009	800000009	800000009	800000019	800010019	800011019	899999999	899999999	89999	89999	89	89	3	23	2	65	52	0	14	NaN	0	0	0	0	0	0	0	0	0	NaN	NaN	NaN	NaN	0	0	0	0	0	0	101	0	17107	0	0	16	18000	18000	18000	18000	87	NaN	0.7251058439742715	0.3692363295353177	0.11002023505012355	0.022367353467228394	0.04012076336802232	0.009862570558723907	2.3621123486775862e-8	NaN	0.019460003476442108	0.018107965899811382	0.006589788646358636	-0.0000010829047156802622	NaN	415.85175087343447	7.7193138361626215	95672.50346701388	11.390578106774225	2.578483696619672	87.9946898827023	87.75056960550944	88.23880496512518	-0.48823568659358535	0.0002754463131843498	-1	0	2.0889810612222117	56.39402088096934	1.0000741396182113	-273.1499938964844	9.000384559657839	-273.1499938964844	253
DATA	2025-10-29T050000_AIU-0547.ghg	2025-10-29	05:30:00	302.229	0	18000	18000	0.023735772184310132	1	NaN	20.03590328924511	1	NaN	16.68933141157305	1	NaN	0.6799813742973978	1	NaN	0.37324294998584884	1	NaN	0.0034254516590681715	1	NaN	NaN	NaN	NaN	NaN	NaN	NaN	NaN	NaN	NaN	3.700790818799557e-10	6.9314341860901014e-12	2.0226944971749616e-12	NaN	16.772490325527638	415.9719730456412	419.238254009005	0.1	0	314.1420807619133	7.790989806225178	7.852165951107041	0.1	1	0.09167128202174273	2.0936484266067934	2.1100881014957844	0	0	NaN	NaN	NaN	NaN	9	281.22722910732693	281.0650896352132	95260.19802907985	1.1772828861153712	1009.504512578982	0.024530446120989806	0.024186143159083004	0.005723240336568202	742.3703113599505	1063.4729387311374	0.004861397718481178	69.8062248998734	321.10262737118694	275.8615346212122	0.5608958762121837	0.3424700329428142	0.07994704833892491	0.6620282757962739	1.3722852353773257e-14	2.2064647210837698e-14	0.6620282757962739	2.8521955980361797	300.59272749750903	31.407272502490947	6.936011146302167	NaN	0.1419911468871182	0.4401000775696625	-12.032318765455187	-0.24101755085860144	1.2005216263697305	0.11872947958737393	1	6.787777163882091	3	5	9	15	25	64	0.02332647859234543	1.0175463086013767	20.630223658245814	1.0179019100036102	15.347718916549569	1.0874144556802385	0.6253194177670108	1.0874144556802385	0.34323890770089543	1.0874144556802385	-0.004057151582082335	1.1516179843908316	NaN	NaN	800000009	800000009	800000009	800000009	800011019	800011119	899999999	899999999	89999	89999	89	89	2	4	0	61	38	2	11	NaN	0	0	0	0	0	0	0	0	0	NaN	NaN	NaN	NaN	0	0	0	0	0	0	0	0	14922	0	0	0	18000	18000	18000	18000	87	NaN	0.3827905552746104	0.3876680974451758	0.10974150241953888	0.024180041727727072	0.05416975145831279	0.01368659218708606	3.949828830604837e-8	NaN	0.01735860580292972	0.015459844082357371	0.008485935100182076	-0.000004057151582082335	NaN	415.9715028406779	7.790974818293841	95664.74962847223	11.396090192317963	2.706940876603135	87.97437243101332	87.72947230890063	88.21927645280626	-0.48979390262481215	0.0002754334673615328	-1	0	2.0867020398908194	58.500317366600044	1.0000821605424086	-273.1499938964844	9.000473436170154	-273.1499938964844	151
DATA	2025-10-29T053000_AIU-0547.ghg	2025-10-29	06:00:00	302.249	0	18000	18000	0.0185506921751958	2	NaN	28.487451852072194	1	NaN	25.05624628333294	1	NaN	1.432743662541203	1	NaN	0.560014666606422	1	NaN	NaN	NaN	NaN	NaN	NaN	NaN	NaN	NaN	NaN	NaN	NaN	NaN	-1.167437403068534e-10	-2.211778775909116e-12	NaN	NaN	16.798489204478244	416.2975356396555	419.60697648858905	0.1	0	318.2572512422943	7.887001490366044	7.949700792363379	0.1	1	NaN	NaN	NaN	NaN	0	NaN	NaN	NaN	NaN	9	281.11776836056185	280.41570418314654	95196.20426069197	1.179189834400755	1009.5352848591501	0.024551536947306454	0.03628895039609614	0.005788793165843594	749.1337083773127	1017.2201121338175	0.0049091274339092	73.64519236705405	268.08640375650475	275.98929484039206	0.8635783586052224	0.2647134646248992	0.1358020635453049	0.9133909350701054	4.002541561639018e-14	-6.949657132007509e-15	0.9133909350701054	4.261444528834888	314.95807868518375	17.04192131481628	8.550381244425392	NaN	0.12542618019014246	0.8148690512131657	-5.830159909320837	-0.4974134577961901	1.1369401278204088	0.19079200792120682	1	11.818820050484696	5	9	16	24	39	92	0.01829703100898046	1.0138635151293582	29.468207860077506	1.015612461958105	23.071287491242202	1.08603589170497	1.3192415402514328	1.08603589170497	0.5156502385268813	1.08603589170497	NaN	1	NaN	NaN	800000009	800000009	800000009	800000019	800000009	800011009	899999999	899999999	89999	89999	89	89	0	7	0	41	29	0	1	NaN	0	0	0	0	0	0	0	0	0	NaN	NaN	NaN	NaN	0	8269	0	0	0	0	0	0	13522	0	0	0	18000	18000	18000	18000	87	NaN	1.0051043671063846	0.5301896566018668	0.09444407871807999	0.06486122894560162	0.15589273104633927	0.017685162210149884	NaN	NaN	0.0247541771850563	0.032646313182680776	0.012760422307854423	NaN	NaN	416.2971712658489	7.8869825428118645	95675.60019053819	11.40999984741211	2.8808399575154024	87.99539216338263	87.74982102182176	88.24097208425734	-0.49115210762702766	0.00027603358260886216	-1	0	1.8453208162218773	31.750603644138657	1.0001009799043337	-273.1499938964844	9.00057153442171	-273.1499938964844	129
DATA	2025-10-29T060000_AIU-0547.ghg	2025-10-29	06:30:00	302.27	0	18000	18000	0.04759476240045248	1	NaN	20.40900200895888	0	NaN	-1.8338860130896042	2	NaN	1.5815127525547747	0	NaN	-0.04096541030120722	2	NaN	NaN	NaN	NaN	NaN	NaN	NaN	NaN	NaN	NaN	NaN	NaN	NaN	-2.164356478111558e-10	-4.216128250267156e-12	NaN	NaN	16.89174032031538	417.2982053023984	420.7181793955526	0.1	0	329.04812252923	8.128895447464922	8.195515939676584	0.1	1	NaN	NaN	NaN	NaN	0	NaN	NaN	NaN	NaN	9	280.562527943929	279.84040572135933	95196.20426069197	1.181506637015429	1009.6583909155776	0.024503044795127323	-0.0026545585875182276	0.005978142704218566	772.0501366233237	977.8342513242987	0.005059762270417528	78.95511285043679	205.784114700975	276.4147316887769	1.0274008479948702	0.379808692771671	0.17952725785288393	1.1099717031878473	-4.785575360165838e-14	-1.2813105322892791e-14	1.1099717031878473	4.339186009096245	311.7116966853714	20.28830331462861	9.30792922126851	NaN	0.20070652826295696	0.7278505405927869	-33.34614967724314	-0.08696656219890615	-11.12882799873434	0.08524121771093014	0	53.62484779358401	-8.137777538663236	18.40767494994541	45.83771334893585	69.90540504305511	98.04332453467876	146.88676598582367	0.04702413202457949	1.01213484122524	20.06869059231412	1.0146113801762007	-1.68845184355345	1.0861346268721999	1.4560927470926341	1.0861346268721999	-0.03771669670377558	1.0861346268721999	NaN	1	NaN	NaN	800000009	800000019	800000009	800000019	800001019	800011019	899999999	899999999	89999	89999	89	89	5	7	3	73	55	7	0	NaN	0	0	0	0	0	0	0	0	0	NaN	NaN	NaN	NaN	0	16966	0	0	0	0	101	0	17505	0	0	16	18000	18000	18000	18000	87	NaN	0.9869061667944103	0.3672648003372982	0.10153011405386503	0.0338964697896927	0.22520565113303903	0.018357264662412616	NaN	NaN	0.01682319243944505	0.035970429360483384	-0.0009317303291310372	NaN	NaN	417.2977044155176	8.128875800666352	95658.60125195314	11.41637888230218	3.3050955425699793	88.06527566528321	87.81848585637411	88.31206733449301	-0.4935838533962776	0.0002745337439377585	-1	0	10.900083391910407	1.1979204540177777	1.000082596305344	-273.1499938964844	9.000453746053907	-273.1499938964844	138
DATA	2025-10-29T063000_AIU-0547.ghg	2025-10-29	07:00:00	302.291	1	18000	18000	0.04506478866704701	0	NaN	24.588574527562045	0	NaN	3.939272868296463	0	NaN	1.6080523014353907	0	NaN	0.08798932614896382	0	NaN	NaN	NaN	NaN	NaN	NaN	NaN	NaN	NaN	NaN	NaN	NaN	NaN	-6.560423482779363e-11	-1.2808340893418057e-12	NaN	NaN	16.904251316911758	417.09654139721795	420.5209472128945	0.1	0	330.0326785052127	8.143246700010167	8.210103599049871	0.1	1	NaN	NaN	NaN	NaN	0	NaN	NaN	NaN	NaN	9	280.4886789830526	279.76547496864777	95168.34603401845	1.1814708660499658	1009.6650166912657	0.024503765949988446	0.005701708334452855	0.0059885206358860354	773.183296440814	972.8052714321424	0.005068699371240166	79.47976014794314	199.62197499132833	276.4354773948704	1.003541492323554	0.21923770214282473	0.12344726081704899	1.0346013353263586	2.1905354156610462e-14	-3.8809311100433214e-15	1.0346013353263586	3.1389051407029824	319.6765511928533	12.323448807146674	6.85278303946981	NaN	0.19530221147273907	0.37505483392171207	-25.49651657896671	-0.1137410277603313	6.241906907605353	0.10554213262340843	1	9.049215128212307	4	7	13	21	36	98	0.0444988194086266	1.0127187477317812	24.500825483163723	1.0149403337278675	3.627284769690765	1.0860114709527744	1.4806955031742177	1.0860114709527744	0.08102062317239564	1.0860114709527744	NaN	1	NaN	NaN	800000009	800000019	800000009	800000019	800000019	800111019	899999999	899999999	89999	89999	89	89	8	9	0	73	47	0	0	NaN	0	0	0	0	0	0	0	0	0	NaN	NaN	NaN	NaN	0	17761	0	0	0	0	101	0	17207	0	0	16	18000	18000	18000	18000	87	NaN	0.24746803299263542	0.3892750496777247	0.113366585173064	0.02716578797466512	0.15032998640433473	0.012975206120660528	NaN	NaN	0.020539051845728545	0.03657980408539498	0.0020015719073701653	NaN	NaN	417.09628407378557	8.143232285549221	95637.88230381944	11.420000076293945	3.3272900815274897	88.07608242458767	87.82663359175788	88.32552480655247	-0.49889590509815374	0.0002741865289830861	-1	0	9.953443273628087	0.48326386915092934	1.000067037039333	-273.1499938964844	9.000365927987628	-273.1499938964844	175
DATA	2025-10-29T070000_AIU-0547.ghg	2025-10-29	07:30:00	302.312	1	18000	18000	0.03785235392733852	0	NaN	24.462078840329937	0	NaN	9.12573561275928	1	NaN	1.1876283657888604	0	NaN	0.20381830089946168	1	NaN	NaN	NaN	NaN	NaN	NaN	NaN	NaN	NaN	NaN	NaN	NaN	NaN	-5.340116250231129e-11	-1.0411037985988524e-12	NaN	NaN	16.898366328192786	417.1757357525274	420.59653867489163	0.1	0	329.4488836949008	8.133217009207039	8.199908645678011	0.1	1	NaN	NaN	NaN	NaN	0	NaN	NaN	NaN	NaN	9	280.3942924609714	279.6722203824279	95168.34603401845	1.18186927185116	1009.6579756922463	0.024495520250895363	0.013207425898285116	0.005983158206721542	772.2334657445074	966.5792366680017	0.005062453478759229	79.89344654314691	194.34577092349434	276.4180898732962	0.8782683181470081	0.0578203076505244	0.060233886459831805	0.8822281721389781	-4.809704532008859e-14	-3.1601375816559387e-15	0.8822281721389781	3.782969706011422	328.23339955680797	3.7666004431921594	3.9148991669359483	NaN	0.17896237121407696	0.3342485127015686	-19.71892074488587	-0.14706687234655674	2.680559669746286	0.11454810647236842	1	7.88337437559236	3	6	11	18	31	81	0.03732206510286061	1.014208453444803	24.632955762017428	1.0158204009621299	8.40232487611286	1.0860964967806732	1.0934832856096492	1.0860964967806732	0.18766131877195516	1.0860964967806732	NaN	1	NaN	NaN	800000009	800000019	800000009	800000019	800000009	800011019	899999999	899999999	89999	89999	89	89	3	12	0	71	33	0	1	NaN	0	0	0	0	0	0	0	0	0	NaN	NaN	NaN	NaN	0	13645	0	0	0	0	101	0	17010	0	0	16	18000	18000	18000	18000	87	NaN	0.25808003571953736	0.34183271543491534	0.0685842742486845	0.030220792928669027	0.1998713987894111	0.01276533632430866	NaN	NaN	0.02064299965508076	0.02700456767130271	0.004634467530281246	NaN	NaN	417.1756728446923	8.133202795598496	95638.21569032119	11.38115566889445	3.3099203994141693	88.06651405737135	87.81899463801913	88.31403491973876	-0.49504058241761384	0.0002744642141721367	-1	0	2.692275008194279	12.620162778961538	1.0000801468756464	-273.1499938964844	9.000434591664208	-273.1499938964844	072
DATA	2025-10-29T073000_AIU-0547.ghg	2025-10-29	08:00:00	302.333	1	18000	18000	0.06039383631575174	1	NaN	16.81621227717751	0	NaN	13.611834894185122	1	NaN	2.3566511889890136	1	NaN	0.30418611917219346	1	NaN	0.0005375416079725148	0	NaN	NaN	NaN	NaN	NaN	NaN	NaN	NaN	NaN	NaN	-2.3210865634717603e-11	-4.593511328941267e-13	-1.304345485252581e-13	NaN	16.90609394406812	417.817960958737	421.30160419791775	0.2	0	334.57750039302704	8.268763290880381	8.337705806584024	0.1	1	0.09500458817967537	2.162369518676633	2.1803987195684833	0	0	NaN	NaN	NaN	NaN	9	280.4249105716282	280.2693343811837	95216.95790604745	1.1798757588596966	1009.7543651101953	0.024472103470732365	0.019711260522358134	0.006088692671345714	787.5376781982155	1007.1924941578568	0.00516045238291038	78.19137679899997	219.65481595964127	276.69597417411495	0.4037798707079363	0.0782743454052072	0.09439294141607144	0.42198943651081017	-1.0255516591986088e-15	-1.3729289397957976e-15	0.42198943651081017	2.5797538627951373	321.0290599372413	10.970940062758732	12.925596123524619	NaN	0.22624457255054878	0.3156685766465987	-57.97874001282603	-0.05001833429561359	1.2354111262663987	0.06238755901573694	0	74.544562246028	-11.312424915596507	25.588735960478246	63.719570619726035	97.17636565840851	136.29123455446575	204.18910487719936	0.05892874546326416	1.0248620743742272	17.21390486798051	1.022643566522798	12.46235057594486	1.0922365577212236	2.157638079708473	1.0922365577212236	0.2784983866561187	1.0922365577212236	-0.005735876587058904	1.1581828955710936	NaN	NaN	800000009	800000009	800000009	800000019	800000019	800110019	899999999	899999999	89999	89999	89	89	4	6	1	40	27	0	3	NaN	0	0	0	0	0	0	0	0	0	NaN	NaN	NaN	NaN	0	3	0	0	0	0	101	0	16211	0	0	16	18000	18000	18000	18000	87	NaN	0.36102932009550465	0.21368345120222898	0.0566243819954638	0.028856226293055343	0.5766236419891188	0.017858714422652883	8.018875202196136e-8	NaN	0.014448653654710571	0.05324230847675022	0.006872281849338599	-0.000005735876587058904	NaN	417.8178739364391	8.268744085714482	95623.42322721354	11.392180102825165	3.541561212221748	88.03394014951917	87.78581661902533	88.28206623543633	-0.49625050493247014	0.00027445474255041014	-1	0	2.1547556640169327	60.133499748515405	1.0000803239378664	-273.1499938964844	9.000439057747522	-273.1499938964844	054
DATA	2025-10-29T080000_AIU-0547.ghg	2025-10-29	08:30:00	302.354	1	18000	18000	0.1292547613268099	1	NaN	-24.140906890082235	2	NaN	71.29378164463616	1	NaN	9.40389578712344	1	NaN	1.5934133839492144	1	NaN	-0.05210455946457773	1	NaN	NaN	NaN	NaN	NaN	NaN	NaN	NaN	NaN	NaN	4.1208435452825316e-10	8.302454088829439e-12	2.303639565290583e-12	NaN	16.910518484018212	418.34841167675813	421.9045008217415	0.1	0	340.7040373871725	8.428658945465656	8.500305118239694	0.1	1	0.0945334105051329	2.1530800348560644	2.171381872096331	0.8	0	NaN	NaN	NaN	NaN	9	280.49224935065376	280.3998240856595	95218.16589409723	1.1792701135246155	1009.8448750177477	0.024483186748640067	0.10325318727990909	0.006203622034949901	802.7767243461225	1016.2373110716641	0.005260560717856614	78.99500594989584	213.4605867255416	276.9679715624966	0.1233662179222224	0.05022864009206734	0.06767779691389403	0.14940690815704827	2.928708239933214e-14	2.4368522758051787e-14	0.14940690815704827	2.656897455186494	309.8462705510044	22.15372944899562	26.934804862768107	NaN	0.33106756065404497	0.28191801253307774	126.55382335296154	0.022915151223142683	-0.3386116759861692	-0.061230667527379865	0	89.97137700109747	-13.653503571710537	30.88426225488233	76.90617984520927	117.28677675231822	164.49637205694668	246.4455405048947	0.12549486345934258	1.0299605718020917	-19.896467475882087	1.0235300038199155	64.33158095498649	1.1082236840179815	8.485557494159146	1.1082236840179815	1.4378084559356523	1.1082236840179815	-0.04396348995425405	1.193370656561864	NaN	NaN	800000009	800000009	800000009	800000009	800000019	800100019	899999999	899999999	89999	89999	89	89	8	15	7	28	0	0	6	NaN	0	0	0	0	0	0	0	0	0	NaN	NaN	NaN	NaN	0	0	0	0	0	0	0	0	13312	0	0	0	18000	18000	18000	18000	87	NaN	0.2973447092371739	0.1907279260953631	0.07576338973361854	0.052330529360219744	1.4252983548448122	0.04933461556832276	3.7735933718339085e-7	NaN	-0.016707367219206962	0.2095199345699002	0.035501442753648874	-0.000043963489954254054	NaN	418.34812459029564	8.42860888854633	95627.95244184027	11.420000076293945	3.8113871829774313	87.99286677127415	87.7432213728163	88.2425109286838	-0.49928855405747885	0.0002751951136645706	-1	0	2.1453458235793663	65.32140873209639	1.0000993198785517	-273.23074389987516	9.000549500677321	-273.1499938964844	027
DATA	2025-10-29T083000_AIU-0547.ghg	2025-10-29	09:00:00	302.374	1	18000	18000	0.11063817217276077	1	NaN	33.396285153710394	1	NaN	-17.1530770914029	1	NaN	-3.436054002127328	1	NaN	-0.3833233271095817	1	NaN	0.0035220606835366874	1	NaN	NaN	NaN	NaN	NaN	NaN	NaN	NaN	NaN	NaN	-1.1595726204897642e-10	-2.350028862145846e-12	-6.41656543404492e-13	NaN	16.946640839117126	419.26430983037983	422.8573078566891	0.1	1	343.44632138282094	8.496951476423277	8.569768382533853	-0.6	0	0.09377526505026065	2.1345730415867514	2.1528658381487507	-0.5	0	NaN	NaN	NaN	NaN	9	280.31922349802653	280.2705166507297	95243.49160286458	1.1800974186826823	1009.8804789023086	0.024465389038342264	-0.024839351596700893	0.006258435865811745	809.4964072071015	1007.2741225563113	0.005303321375618213	80.36505545806344	197.77771534920987	277.08646173477166	-0.23251532435309977	-0.1397953161339461	0.03664507537520273	0.273768091678517	-1.6119382289521336e-14	-6.84249245321337e-15	0.273768091678517	4.61906872702426	120.98442950126366	211.01557049873637	7.692383093174955	NaN	0.3061918071142912	0.3233926819896463	-72.38490800803028	-0.040063599993499725	-1.9469559295835364	0.09152015710169521	0	93.44275554056127	-14.180298657738286	32.07587417383142	79.87346200944185	121.81206927702763	170.84315916648677	255.9541841310205	0.106893681802284	1.0350300439403217	31.622946352227775	1.0293544940448942	-15.591725798840413	1.100139735184325	-3.1232886989138957	1.100139735184325	-0.3484314899737324	1.100139735184325	-0.006077652440677054	1.1680458697159746	NaN	NaN	800000009	800000009	800000009	800000009	810100019	811100019	899999999	899999999	89999	89999	89	89	0	8	5	8	0	0	2	NaN	0	0	0	0	0	0	0	0	0	NaN	NaN	NaN	NaN	0	0	0	0	0	0	0	0	13023	0	0	0	18000	18000	18000	18000	87	NaN	0.44509977650125976	0.1427320191033386	0.05895356837469428	0.038775251112620576	1.1431092697034595	0.028318548232064446	1.3535785239573277e-8	NaN	0.026534719042926876	-0.07706748745283246	-0.008597584812143755	-0.000006077652440677054	NaN	419.2641005843234	8.496921913165647	95649.5679296875	11.420000076293945	3.9311197678910488	87.97120474878946	87.72018386819627	88.22222363832262	-0.5020398444698919	0.0002750607911374472	-1	0	2.1268382846163254	63.93790572904653	1.0000922619369295	-273.1499938964844	9.000533954752816	-273.1499938964844	247
DATA	2025-10-29T090000_AIU-0547.ghg	2025-10-29	09:30:00	302.395	1	18000	18000	0.16655842985629224	1	NaN	-1.5174210421015275	0	NaN	-13.342278480128556	2	NaN	0.8553312449663998	2	NaN	-0.2982401445184459	2	NaN	0.00014010176050833752	2	NaN	NaN	NaN	NaN	NaN	NaN	NaN	NaN	NaN	NaN	-4.2741734054395795e-10	-8.590196016200159e-12	-2.378363057214865e-12	NaN	16.910533307436115	418.81489581472084	422.37011381832406	0.2	0	339.8664070682878	8.417304840683906	8.488757298584675	0.1	1	0.09409863353934554	2.1445810316854614	2.1627858595705876	0	1	NaN	NaN	NaN	NaN	9	280.6403156144884	280.5428435762193	95213.50572699653	1.1786163168071728	1009.8410011420052	0.024496873460162456	-0.019325961364795294	0.006191803867324149	801.6560807461683	1026.2328671444263	0.005253451678063912	78.11639116342467	224.57678639825804	276.9481256840558	0.017018116040108083	0.1021128084008023	0.10420826332157034	0.14688772602756195	-4.3284788172450575e-14	-2.5275213547287037e-14	0.14688772602756195	4.03389521244815	251.4619480436539	80.5380519563461	45.18950048686957	NaN	0.3759214303343183	0.4936651766003807	2947.468305237344	0.0009838952279306965	0.11373027810516115	-0.003391435553741307	0	74.60950524281344	-11.322280265910385	25.611028789722326	63.7750829166025	97.26102541376059	136.40997106509604	204.36699380674864	0.16132036608620612	1.0324699472060894	-2.193111770614759	1.0236413959315471	-12.107065255145766	1.1020241651425637	0.7761456345703177	1.1020241651425637	-0.27062940537230773	1.1020241651425637	0.0014364586434833086	1.1810190210028848	NaN	NaN	800000009	800000009	800000009	800000009	800000009	801101019	899999999	899999999	89999	89999	89	89	0	2	0	19	0	0	2	NaN	0	0	0	0	0	0	0	0	0	NaN	NaN	NaN	NaN	0	0	0	0	0	0	0	0	13480	0	0	0	18000	18000	18000	18000	87	NaN	0.23423984324674155	0.5971008445361073	0.15598966541791254	0.10226802368024722	1.6863545558517425	0.016052263825088526	9.351631951170198e-8	NaN	-0.0018426180318349406	0.01917458300042231	-0.006685866369059781	0.0000014364586434833085	NaN	418.8146999972518	8.417287256738996	95618.38867209201	11.420000076293945	3.793508287085448	87.95707870398627	87.70656004312303	88.20759130605062	-0.5010481138096916	0.00027500741353530124	-1	0	2.1368862028552416	67.98492201381238	1.0000774607045784	-273.1903688981798	9.000589455472099	-273.1499938964844	150
DATA	2025-10-29T093000_AIU-0547.ghg	2025-10-29	10:00:00	302.416	1	18000	18000	0.09988667495504917	0	NaN	8.680887327821353	1	NaN	4.035863497924057	1	NaN	1.0821410723581455	1	NaN	0.09022944632579985	1	NaN	0.0017874656853130424	1	NaN	NaN	NaN	NaN	NaN	NaN	NaN	NaN	NaN	NaN	3.124883947776124e-10	6.1878957416003116e-12	1.7485932748106298e-12	NaN	16.85297641995998	417.5533354920415	421.03461468209815	0.1	0	333.7226686340675	8.268391881948121	8.337328178577005	0.1	1	0.09430430608297069	2.1509042562357514	2.168837050900687	-0.4	0	NaN	NaN	NaN	NaN	9	280.80361500464545	280.72547194163	95235.06944574653	1.1781828639465803	1009.7618742607804	0.024507270140148495	0.00584686812191183	0.00607968261717971	787.65209776097	1039.1226949164138	0.0051602198633363995	75.79972043862713	251.47059715544378	276.6980336886923	0.025580719107412563	0.2588851057824051	0.08108276858065229	0.2724890576641911	6.411547789600093e-14	1.8542030024293744e-14	0.2724890576641911	3.8066709503403633	247.6431400708072	84.35685992919281	17.311313489676547	NaN	0.29117053693221084	0.6285365653444136	-239.44340275249124	-0.012111421599690858	2.150936802566929	0.025060228193682945	0	79.75368294523254	-12.102929078617075	27.376858529610505	68.17224864557798	103.96698059493474	145.81516855644776	218.4576935001682	0.0964939161236352	1.0351603393012563	8.6691377191048	1.0294409999023248	3.6681508851205664	1.1002446803088375	0.9835458345996181	1.1002446803088375	0.08200852768538044	1.1002446803088375	-0.0013368031167970088	1.1681752634920894	NaN	NaN	800000009	800000009	800000009	800000009	800000019	800110019	899999999	899999999	89999	89999	89	89	0	8	1	38	11	0	2	NaN	0	0	0	0	0	0	0	0	0	NaN	NaN	NaN	NaN	0	0	0	0	0	0	0	0	14450	0	0	0	18000	18000	18000	18000	87	NaN	0.366773622054951	0.8110849432504929	0.07921456538338326	0.038934573913206746	0.6331186125904515	0.011978809200243726	1.723922245114339e-8	NaN	0.007286923856565755	0.024305040973586326	0.0020265660790359206	-0.0000013368031167970088	NaN	417.55315265775266	8.268378378821843	95639.72672092014	11.390868668927087	3.5439661630789394	87.94687453778585	87.69308130900065	88.2006687558492	-0.5075860280171031	0.00027600955200614416	-1	0	2.1433263449039726	67.01786504660703	1.0001085643072922	-273.1499938964844	9.000620740625594	-273.1499938964844	205
DATA	2025-10-29T100000_AIU-0547.ghg	2025-10-29	10:30:00	302.437	1	18000	18000	0.03146752928898644	1	NaN	22.324500011193603	1	NaN	11.774106644108462	1	NaN	1.4874450847240348	1	NaN	0.26329491831466983	1	NaN	0.0050219707807324975	1	NaN	NaN	NaN	NaN	NaN	NaN	NaN	NaN	NaN	NaN	-1.048497064406915e-10	-2.087956262593728e-12	-5.859159843292571e-13	NaN	16.786953274855964	416.49087105223794	419.974101229094	0.1	0	334.292058699565	8.29391661691048	8.363280971935508	0.1	1	0.09380802851832581	2.142063844378825	2.1599785261691893	0	0	NaN	NaN	NaN	NaN	9	281.0934106801351	280.97308389197457	95216.83927213542	1.176907844482784	1009.780187636496	0.02453358289704849	0.017061510706790604	0.006091910041214201	789.932359619931	1056.827026094079	0.005176199708220497	74.74566226219986	266.8946664741479	276.7390225949529	0.7387601411484438	0.24178525762168945	0.11614905133608361	0.7859499087595795	1.0695395037382986e-14	-6.245904466639503e-15	0.7859499087595795	4.787890822785136	313.877494462369	18.122505537630985	8.498397418241446	NaN	0.16351593941117204	0.7913430263256533	-16.487984165290428	-0.17588566139606782	1.8960674203137404	0.11488209434117774	1	7.427847259697183	3	6	11	17	29	74	0.030988912513092624	1.0154447748268547	22.65238777228834	1.0165789419269857	10.837179719063094	1.0864548664259277	1.3690813403204043	1.0864548664259277	0.24234317177005418	1.0864548664259277	-0.0031530002248397935	1.1499746443258945	NaN	NaN	800000009	800000009	800000009	800000009	800000019	800010019	899999999	899999999	89999	89999	89	89	0	13	1	60	46	0	12	NaN	0	0	0	0	0	0	0	0	0	NaN	NaN	NaN	NaN	0	0	0	0	0	0	0	0	12683	0	0	0	18000	18000	18000	18000	87	NaN	0.9225445577636984	0.5390341008978649	0.12110739398974324	0.029893195832230976	0.17735294452305822	0.006530097909369375	1.5839094506494328e-7	NaN	0.019060956247726846	0.03386945635366396	0.005995284017933823	-0.0000031530002248397935	NaN	416.49036515440764	8.293908437852549	95621.30104709201	11.396091303401525	3.5855401456091123	87.92301620610554	87.666876279619	88.179153497484	-0.512286517937978	0.0002761551820537231	-1	0	2.1344617533634107	62.51884393787378	1.0000928325586849	-273.1499938964844	9.000608905739254	-273.1499938964844	055
DATA	2025-10-29T103000_AIU-0547.ghg	2025-10-29	11:00:00	302.458	1	18000	18000	0.06642743148451916	2	NaN	32.63116639192039	1	NaN	18.535006429809798	1	NaN	1.4004513215956633	1	NaN	0.41460459606949707	1	NaN	-0.011129045538229087	2	NaN	NaN	NaN	NaN	NaN	NaN	NaN	NaN	NaN	NaN	1.5677215750179794e-10	3.1659317013755216e-12	8.724628765661689e-13	NaN	16.73703151460777	415.89343859235714	419.4160089684073	0.1	0	337.995595030388	8.398750407058198	8.469886872879533	0.1	1	0.09314433693524854	2.130026035139467	2.1480671146933865	-0.1	0	NaN	NaN	NaN	NaN	9	281.4958244747586	281.2788970345391	95190.2811499566	1.1752536365435469	1009.843321871552	0.024567137754968427	0.02686637782530341	0.006160485052749473	799.6938644454153	1079.0595684182192	0.005241834495290419	74.11026118026804	279.3657039728039	276.91331695676826	1.2637603093264644	0.43243294929885634	0.1813284816305552	1.34794969984734	-1.7753872843398706e-14	9.366783910573993e-15	1.34794969984734	6.213140157850524	313.1101017223645	18.8898982776355	7.730962884917349	NaN	0.2377431037901644	1.4267785912952549	-34.66439208847265	-0.08365933527980057	1.7605155150871583	0.11564825072082925	0	46.40874251844219	-7.042705723248138	15.93061952182185	39.66949509364282	60.49848301254689	84.84998263298323	127.12073567541887	0.06572173296815803	1.0107376735896942	33.26948733438853	1.013889660315395	17.05079224782527	1.0870466404382957	1.28830840324478	1.0870466404382957	0.381404606431909	1.0870466404382957	-0.02192285073849249	1.1479374056850757	NaN	NaN	800000009	800000009	800000009	800000009	800001009	800011009	899999999	899999999	89999	89999	89	89	2	12	3	61	72	0	4	NaN	0	0	0	0	0	0	0	0	0	NaN	NaN	NaN	NaN	0	0	0	0	0	0	0	0	12660	0	0	0	18000	18000	18000	18000	87	NaN	1.891291849850308	0.757807660658216	0.2044576720819856	0.0357223006240075	0.09993992946085528	0.009406843583423061	3.4030020010369375e-7	NaN	0.028032414561648216	0.031918194873314376	0.00944940398045391	-0.00002192285073849249	NaN	415.8927426917055	8.398739364546028	95593.5400264757	11.40999984741211	3.75928327246507	87.90899211417305	87.65279845428466	88.16518522792393	-0.5123920956800381	0.00027673592121573164	-1	0	2.1223851219332857	53.61660071802427	1.000103523519304	-273.1499938964857	9.000621887365977	-273.1499938964844	225
DATA	2025-10-29T110000_AIU-0547.ghg	2025-10-29	11:30:00	302.479	1	18000	18000	0.013626125704276843	2	NaN	21.85188429017028	1	NaN	5.389951703908799	1	NaN	0.9843831558312236	1	NaN	0.12049729796975708	1	NaN	NaN	NaN	NaN	NaN	NaN	NaN	NaN	NaN	NaN	NaN	NaN	NaN	-1.1501984048558049e-10	-2.3797383831957867e-12	NaN	NaN	16.763778999633622	416.1478960199588	419.7620556938018	0.1	0	346.83936409945596	8.610019950158229	8.68479621886572	0.1	1	NaN	NaN	NaN	NaN	0	NaN	NaN	NaN	NaN	9	281.44588882785376	280.6787134034337	95168.34603401845	1.1774202886529574	1009.9367259737176	0.02458738874035229	0.007808224908440259	0.0063102496893287265	817.3808740294172	1035.660097821624	0.005359385896558694	78.92366189917631	218.27922379220684	277.2243874605688	1.1219966992401313	0.16298840746067203	0.16862078117661405	1.1462437707210602	-1.4454963063791774e-14	-6.861211931277207e-15	1.1462437707210602	5.619128337338992	323.7346647427147	8.265335257285292	8.459325094309634	NaN	0.10757724995256246	0.8027960723227123	-4.79519037858847	-0.6047726515612618	4.05418925633847	0.17082159539334696	1	19.025900364683554	8	15	25	38	60	137	0.013466119336184823	1.0118821439270975	21.889747458810298	1.0144729486410797	4.9620843738991525	1.08622733870876	0.9062404533119167	1.08622733870876	0.11093193264035946	1.08622733870876	NaN	1	NaN	NaN	800000009	800000019	800000009	800000019	800000009	800010019	899999999	899999999	89999	89999	89	89	3	3	2	65	42	0	0	NaN	0	0	0	0	0	0	0	0	0	NaN	NaN	NaN	NaN	0	11755	0	0	0	0	101	0	14717	0	0	16	18000	18000	18000	18000	87	NaN	0.7664152667426531	0.7093490513925426	0.12982782651022895	0.02678087167911816	0.10134739457147003	0.013618489577008426	NaN	NaN	0.0184083588004622	0.022475120391802456	0.0027511556477928137	NaN	NaN	416.1476920548727	8.610004710690148	95571.48085047744	11.422756806055707	4.109112873395279	87.93145112080045	87.67648187086317	88.18642272610134	-0.5099401365253661	0.000276011155413774	-1	0	1.0664267389163753	10.94276515074103	1.0001072975065972	-273.1499938964844	9.000617385334438	-273.1499938964844	190
DATA	2025-10-29T113000_AIU-0547.ghg	2025-10-29	12:00:00	302.499	1	18000	18000	0.2045488860170072	0	NaN	28.110741203473747	0	NaN	10.941054859561154	0	NaN	1.5551746772039161	0	NaN	0.24473908632055838	0	NaN	0.02966287595418427	0	NaN	NaN	NaN	NaN	NaN	NaN	NaN	NaN	NaN	NaN	-9.975008024170963e-12	-2.0839355032338426e-13	-5.5799701251284803e-14	NaN	16.736201775391716	415.93596249534636	419.5819424863882	0.1	0	349.6454838383226	8.689554105775589	8.765724341719272	0.1	1	0.09362148450258473	2.141335360222509	2.160105715713396	0	1	NaN	NaN	NaN	NaN	9	281.4940520088761	281.2855678170252	95141.76289614644	1.1744971801026152	1010.0040549979256	0.024580248879595534	0.015859092793572182	0.006370389837630092	826.9612605230906	1079.5490940272869	0.005423929444490888	76.60246903992939	252.58783350419628	277.3904068280478	1.081622754910121	0.12157247813534312	0.059492104992323824	1.0900582378642687	4.879322944351288e-14	-5.960138481861422e-16	1.0900582378642687	6.613996521792798	325.58697171405004	6.413028285949951	3.128586049386206	NaN	0.41732323965636653	1.2563519833050578	-217.57096279725462	-0.013328984542401414	2.569289850412218	0.05678382335469607	0	65.531445067746	-9.944649610963596	22.494824497228663	56.01529361760298	85.42685711950122	119.81238176627907	179.5007805603607	0.20206727908016525	1.012281092456624	28.370962329362747	1.0146926005764219	10.073771655320508	1.0860931966611123	1.4318980010047597	1.0860931966611123	0.22533893690977883	1.0860931966611123	0.018118448498449496	1.1481375895981552	NaN	NaN	800000009	800000009	800000009	800000019	800001019	800111019	899999999	899999999	89999	89999	89	89	1	10	0	55	74	0	2	NaN	0	0	0	0	0	0	0	0	0	NaN	NaN	NaN	NaN	0	0	0	0	0	0	101	0	14212	0	0	16	18000	18000	18000	18000	87	NaN	1.4329338186315512	0.8138765775520128	0.2658935704265517	0.02567033673872285	0.07202930921299487	0.005056168799711344	6.154569680328206e-7	NaN	0.02391657418272442	0.035505014739458	0.005587452647284546	0.000018118448498449495	NaN	415.9355206642424	8.689547153981344	95547.95153993055	11.430000305175781	4.237226946089	87.91175778897602	87.65544718233744	88.16806493504842	-0.5126211874054537	0.0002760234183450747	-1	0	2.133405417462189	49.374240717144275	1.0001062246792847	-273.1499938964844	9.000616541518106	-273.1499938964844	163
DATA	2025-10-29T120000_AIU-0547.ghg	2025-10-29	12:30:00	302.52	1	18000	18000	0.12296733599804234	1	NaN	32.66426362354525	0	NaN	10.867880500397208	0	NaN	1.5586251996938572	0	NaN	0.24300208726803632	0	NaN	NaN	NaN	NaN	NaN	NaN	NaN	NaN	NaN	NaN	NaN	NaN	NaN	-8.45038697600279e-11	-1.7887065441548118e-12	NaN	NaN	16.72180924066255	416.0608426670739	419.75757396093337	0.1	0	353.9531349726396	8.806824517723896	8.885073803538686	0.1	1	NaN	NaN	NaN	NaN	0	NaN	NaN	NaN	NaN	9	281.63927457788253	280.85406402823804	95214.78094211624	1.177172302407099	1010.0479560525115	0.024592283946586083	0.015746535254968753	0.006453202186230471	836.4197598797233	1048.1266158600865	0.0054819521093342665	79.80140445086991	211.70685598036323	277.5526549117617	1.2724440496067018	-0.04149278708958398	0.13211972771575564	1.2799574732043537	-7.010061911573971e-14	-5.053512364830666e-15	1.2799574732043537	5.366665407649374	333.8676809238907	358.13231907610935	5.924736104661116	NaN	0.32320261406309203	1.2376486428073832	-87.02662657522428	-0.03332313470169145	3.005578099828335	0.08499942309531937	0	60.36063822852693	-9.159959724011639	20.71985383639468	51.59536570300665	78.68618816904765	110.3584977199294	165.33713953570228	0.12161976363464004	1.01108020870235	32.88807014977036	1.0140550422873977	10.000644525270197	1.0867180083179266	1.4342499045418147	1.0867180083179266	0.22361098777056834	1.0867180083179266	NaN	1	NaN	NaN	800000009	800000009	800000009	800000019	800001009	800111019	899999999	899999999	89999	89999	89	89	0	4	1	66	81	0	9	NaN	0	0	0	0	0	0	0	0	0	NaN	NaN	NaN	NaN	0	4028	0	0	0	0	0	0	10928	0	0	0	18000	18000	18000	18000	87	NaN	1.3925121681925345	0.8869221954375951	0.19586292198463653	0.026652230104952008	0.10025349513350111	0.008736338059207076	NaN	NaN	0.027660266550925405	0.0355840712383719	0.005547840228758844	NaN	NaN	416.06000171288855	8.806813934364737	95526.30340690105	11.410579860687255	4.425176512665215	87.9048409353892	87.64883940357632	88.1608438574473	-0.5120051604532534	0.0002766296784361152	-1	0	1.948793088130287	44.7701967740568	1.0001167465597391	-273.1499938964844	9.000685647355185	-273.1499938964844	125
DATA	2025-10-29T123000_AIU-0547.ghg	2025-10-29	13:00:00	302.541	1	18000	18000	0.030444176365016905	2	NaN	20.511391331401256	1	NaN	4.155841844623827	1	NaN	0.8291843078890688	1	NaN	0.09291005983753728	1	NaN	NaN	NaN	NaN	NaN	NaN	NaN	NaN	NaN	NaN	NaN	NaN	NaN	1.480138819135087e-10	3.254066019625895e-12	NaN	NaN	16.746848470610555	415.92552795612534	419.76387775575927	0.1	0	368.17729418029745	9.144068851649132	9.228454474760653	0.1	1	NaN	NaN	NaN	NaN	0	NaN	NaN	NaN	NaN	9	281.52081460867987	280.7059494039217	95207.81426180701	1.177558158486807	1010.2311174097241	0.024583738958867066	0.006020571877472416	0.006702646973500125	868.292392597946	1037.5697701781012	0.005691988056125569	83.68520532830304	169.2773775801552	278.08770585345593	0.9952683632036432	0.42467899053450736	0.13266220272821028	1.0901883414475595	-3.311119985532838e-15	8.838312603906448e-15	1.0901883414475595	5.461470815694758	308.89215581402345	23.10784418597653	6.989498192354461	NaN	0.1607907021528914	0.8753036216899709	-17.064327327666923	-0.16994516949391494	4.935556283965825	0.10723364820325028	1	12.930133184768067	6	10	18	28	48	123	0.0300748535438462	1.0122801203547764	20.497492461713783	1.0146920564548882	3.826414425747728	1.0860929795422578	0.7634560976892926	1.0860929795422578	0.08554521720294603	1.0860929795422578	NaN	1	NaN	NaN	800000009	800000019	800000009	800000019	800011009	800011009	899999999	899999999	89999	89999	89	89	6	2	0	55	78	0	1	NaN	0	0	0	0	0	0	0	0	0	NaN	NaN	NaN	NaN	0	13414	0	0	0	0	101	0	16806	0	0	16	18000	18000	18000	18000	87	NaN	0.9795454788137263	0.6274883351970431	0.1435734293691724	0.022844890588150698	0.06747895749104334	0.0088822995127824	NaN	NaN	0.01723048999720328	0.018941349952042084	0.0021223773058708217	NaN	NaN	415.92462914569626	9.144057915776196	95477.70875802952	11.413045472674899	4.955585481511234	87.94029999012417	87.67893708837303	88.20166818936666	-0.5227364576177465	0.00027622335759871125	-1	0	0.32553800354707424	5.604473580431556	1.000110164736708	-273.1499938964844	9.000603082736333	-273.1499938964844	052
DATA	2025-10-29T130000_AIU-0547.ghg	2025-10-29	13:30:00	302.562	1	18000	18000	0.07584038481133276	0	NaN	22.163470704208677	0	NaN	8.190246982316786	1	NaN	1.1732601727811018	0	NaN	0.18323744797118793	1	NaN	0.008546582157835563	2	NaN	NaN	NaN	NaN	NaN	NaN	NaN	NaN	NaN	NaN	2.7744417360441795e-10	6.139013678739888e-12	1.5559482579458128e-12	NaN	16.721557880915547	415.94924022241094	419.81308165167763	0.2	0	369.99829993599366	9.20371850744889	9.289213816572126	0.1	1	0.0937769876978823	2.147273012476814	2.167219490612266	0	1	NaN	NaN	NaN	NaN	9	281.72263154262964	281.4617385970843	95016.77341894558	1.17199139819963	1010.2914924791318	0.02462799788389328	0.011873786628532978	0.006734246572855306	874.7422134499691	1092.5482045923072	0.005745986346998969	80.06440446043165	217.80599114233814	278.1938643316208	1.2032746311612112	0.08142392153442118	0.15605701605758715	1.2160812001075458	-7.230829495691659e-14	1.6592005097866346e-14	1.2160812001075458	4.8252331456997375	328.1287758843365	3.8712241156634213	7.3729725201905305	NaN	0.2543829807342771	0.6753718951109683	-62.44722265490762	-0.046439215015627186	2.7060808730262815	0.07358318771734677	0	57.46378607592803	-8.720351233727625	19.72545823440902	49.11918005309673	74.90984881500849	105.06212808137133	157.4022126922319	0.0749825965759222	1.0114398310352193	22.359019798550563	1.0142379534023402	7.538502868596535	1.086455377822465	1.079897248180239	1.086455377822465	0.16865621148513502	1.086455377822465	0.0003960873054387419	1.1479285794924656	NaN	NaN	800000009	800000009	800000009	800000019	800001019	800011019	899999999	899999999	89999	89999	89	89	10	3	1	41	34	0	15	NaN	0	0	0	0	0	0	0	0	0	NaN	NaN	NaN	NaN	0	63	0	0	0	0	101	0	13315	0	0	21	18000	18000	18000	18000	87	NaN	0.6381272598135007	0.5754091193111326	0.13720741109730317	0.03212835088514979	0.07898995210115078	0.00801175187051193	8.139573202444968e-8	NaN	0.018883462947257516	0.026842827238425147	0.004192259546185237	3.960873054387419e-7	NaN	415.9488049389261	9.203708403891628	95426.79652235244	11.420000076293945	5.041228952937648	87.93718459680346	87.67871859211392	88.19565129597981	-0.5169360542015906	0.0002767896363899733	-1	0	2.136463441125538	58.27399168767189	1.0001086912618744	-273.1499938964844	9.0006140059895	-273.1499938964844	234
DATA	2025-10-29T133000_AIU-0547.ghg	2025-10-29	14:00:00	302.583	1	18000	18000	0.12938373699853473	0	NaN	23.58151595626984	0	NaN	-3.4961600287335592	1	NaN	0.4415504097382847	1	NaN	-0.0781898591895934	1	NaN	NaN	NaN	NaN	NaN	NaN	NaN	NaN	NaN	NaN	NaN	NaN	NaN	2.2349450695714418e-10	4.9620690124532295e-12	NaN	NaN	16.698485859464217	416.06437845413035	419.94362583281213	0.2	0	370.74306821341395	9.2375431844897	9.323670997971435	0.1	1	NaN	NaN	NaN	NaN	0	NaN	NaN	NaN	NaN	9	281.90494554901125	281.0806471122985	95110.33424304846	1.1747431280934097	1010.2888003520854	0.024642513728373137	-0.005066702875485652	0.006755014235619718	876.2442286475591	1064.424484463416	0.005750205363263545	82.32093882068862	188.18025581585698	278.21848691512656	1.395384420218193	0.3435516362981881	0.14703674737300693	1.4445570989299312	3.660976208314439e-15	1.3384118107359655e-14	1.4445570989299312	5.665315682989513	318.16854630415264	13.831453695847383	5.842067797011359	NaN	0.3318703006462768	1.0349129755963589	-130.41479217917492	-0.022236741335413344	-6.744976134519779	0.05987077501561486	0	58.90762000244663	-8.93945860242376	20.22107969898384	50.353347577487284	76.79203216099577	107.7019169862599	161.35709750427426	0.12806310736081408	1.0103123347928753	23.14252726047715	1.013699235067679	-3.214595105743176	1.0875895450992694	0.40598993593486804	1.0875895450992694	-0.07189280141752065	1.0875895450992694	NaN	1	NaN	NaN	800000009	800000009	800000009	800000019	800000009	800000009	899999999	899999999	89999	89999	89	89	2	6	0	66	40	0	2	NaN	0	0	0	0	0	0	0	0	0	NaN	NaN	NaN	NaN	0	8275	0	0	0	0	0	0	12720	0	0	0	18000	18000	18000	18000	87	NaN	1.0015174958371826	0.848828358207274	0.21948009714826108	0.022951073587264673	0.09675107243706134	0.00629775359951652	NaN	NaN	0.01949944866671362	0.010097641366790118	-0.0017880929089937978	NaN	NaN	416.06416925836606	9.237534758209993	95369.56302430555	11.413621041403875	5.085268764575324	87.92523934936523	87.6678029238383	88.1826800104777	-0.5148842522485388	0.0002768625131995779	-1	0	1.0205593734243161	27.05549776377118	1.0001071907215648	-273.1499938964844	9.000639332559373	-273.1499938964844	201
DATA	2025-10-29T140000_AIU-0547.ghg	2025-10-29	14:30:00	302.604	1	18000	18000	0.12174948401495281	1	NaN	29.1989603458105	0	NaN	-6.480182639300147	1	NaN	0.16211977163528588	2	NaN	-0.14491865346737762	1	NaN	NaN	NaN	NaN	NaN	NaN	NaN	NaN	NaN	NaN	NaN	NaN	NaN	1.801559614644173e-10	4.165703473186377e-12	NaN	NaN	16.69995777778158	415.99543860852623	420.03574718960897	0.1	0	386.1491540523394	9.618963643251389	9.712386738175091	0.1	1	NaN	NaN	NaN	NaN	0	NaN	NaN	NaN	NaN	9	281.8855970916748	281.0274065669455	95075.54414373162	1.1743677791246039	1010.4981405001445	0.02464983898148638	-0.009390728744686069	0.007031840165424598	911.979984195217	1060.5564327397872	0.0059877666012484315	85.9907079003099	148.5764485445702	278.793580064864	1.0924609039078785	0.2835920636474481	0.019990828585365356	1.1288467204889152	-2.1107343697285628e-13	1.078780939818335e-14	1.1288467204889152	6.700671773217899	317.4477830489626	14.552216951037398	1.0147081640424902	NaN	0.32198193136533104	1.1196100384245509	-96.16895343589421	-0.030155262133876988	-4.505885400317044	0.076418101036911	0	60.66648074697743	-9.20637250613449	20.824839675929	51.8567952877509	79.0848847809983	110.9176753871252	166.17488957667356	0.12030568081220218	1.01200112241586	28.518375435148	1.014537864027265	-5.966026945827771	1.0861805851936257	0.149256738561927	1.0861805851936257	-0.13342040489661672	1.0861805851936257	NaN	1	NaN	NaN	800000009	800000019	800000009	800000019	800000009	800010009	899999999	899999999	89999	89999	89	89	5	5	1	25	42	0	0	NaN	0	0	0	0	0	0	0	0	0	NaN	NaN	NaN	NaN	0	18000	0	0	0	0	101	0	15008	0	0	16	18000	18000	18000	18000	87	NaN	1.2917753664319915	0.7554991576773155	0.19194555273979508	0.12323688420551647	0.04090570325775402	0.012259919572380413	NaN	NaN	0.02403173555063298	0.0037147874136566543	-0.003320643648054047	NaN	NaN	415.9953097056214	9.618949257232694	95321.39449262153	11.40999984741211	5.659519116772534	87.88477103508845	87.6185308210585	88.15101347732545	-0.5324843252499905	0.0002767652767846206	-1	0	-1.0299068151283235	0.7305073388502871	1.0001105961932075	-273.1499938964844	9.000622243139478	-273.1499938964844	080
DATA	2025-10-29T143000_AIU-0547.ghg	2025-10-29	15:00:00	302.624	1	18000	18000	0.0639024798605858	1	NaN	25.420466624564746	0	NaN	11.274373064926362	1	NaN	1.4610703957722	0	NaN	0.2524162912231239	1	NaN	NaN	NaN	NaN	NaN	NaN	NaN	NaN	NaN	NaN	NaN	NaN	NaN	-3.084993919403878e-11	-7.290339138335762e-13	NaN	NaN	16.698808161580427	415.9754916227146	420.1051984204472	0.1	0	394.61982060390767	9.830173045370328	9.927764690228996	0.1	1	NaN	NaN	NaN	NaN	0	NaN	NaN	NaN	NaN	9	283.08381571197503	282.20310136706127	95075.54414373162	1.1693825369490762	1010.6346131966751	0.024754618709006165	0.01635657567125843	0.007155825076320524	931.9421566396086	1148.5621024094805	0.006119319256288965	81.1399013326801	216.61994576987195	279.10622091817277	1.204618246980391	0.4473462667220654	0.13134619077766804	1.291694865337794	5.396547341575117e-14	-1.8474335949925092e-15	1.291694865337794	6.451569618512837	311.62704940298613	20.372950597013855	5.836217384739929	NaN	0.2337655739290066	1.0662992288259485	-42.27563619798416	-0.0685974301230807	2.2547122113286906	0.09201363586993251	0	51.1591083454487	-7.76359206452503	17.561266388614946	43.730036354646785	66.69106464033679	93.53516641622505	140.13272363041395	0.06320606503570021	1.01101816454627	25.759960782911126	1.014024496783268	10.374192214651977	1.0867711752056237	1.3444140119890065	1.0867711752056237	0.23226259306644312	1.0867711752056237	NaN	1	NaN	NaN	800000009	800000019	800000009	800000019	800001019	810001019	899999999	899999999	89999	89999	89	89	25	0	5	50	34	0	0	NaN	0	0	0	0	0	0	0	0	0	NaN	NaN	NaN	NaN	0	17891	0	0	0	0	101	0	16609	0	0	16	18000	18000	18000	18000	87	NaN	1.0937594652411085	0.8839071270977154	0.15493186531307304	0.11096057058881464	0.06367942156624155	0.011877160922248794	NaN	NaN	0.021796884616721066	0.03360990466583883	0.0058064878384111234	NaN	NaN	415.97526460430663	9.830158743992655	95290.65687673612	11.390578106774225	5.968841422743281	87.85052526368034	87.57711266475255	88.12393726942273	-0.5468262081460814	0.0002765232653990905	-1	0	-1.1618334790251827	0.3927041341187596	1.000104326705138	-273.1499938964844	9.00056547027164	-273.1499938964844	178
DATA	2025-10-29T150000_AIU-0547.ghg	2025-10-29	15:30:00	302.645	1	18000	18000	0.10887597797827422	0	NaN	23.57251433097349	2	NaN	1.0997546078313554	0	NaN	1.370988229516921	0	NaN	0.024691138955092628	0	NaN	NaN	NaN	NaN	NaN	NaN	NaN	NaN	NaN	NaN	NaN	NaN	NaN	1.0418697280927983e-10	2.502439776906222e-12	NaN	NaN	16.675700489363532	415.7323664287793	419.9254766278044	0.1	0	400.52930886807576	9.985367481624992	10.086080703902788	0.1	1	NaN	NaN	NaN	NaN	0	NaN	NaN	NaN	NaN	9	286.04172763146295	285.1377974039607	95166.02488315372	1.1583809854821094	1010.7739294495149	0.024989495215838976	0.0015999858042900022	0.00720047858301023	947.5092918331957	1396.9185327927266	0.006215984786743927	67.82852897934787	449.40924095953096	279.34595109704793	1.4159398580425318	0.6617776642208654	0.26515181788303954	1.585288883762725	4.924790831175695e-14	6.2478318602408756e-15	1.585288883762725	6.730510670809609	306.9496967782923	25.050303221707672	9.628415707341453	NaN	0.3065775325267395	1.1307346671477378	-102.91451023706523	-0.028178728085279745	21.434340136530054	0.06566895904134237	0	56.464124746950624	-8.568648770337212	19.382306849165406	48.26468458450232	73.60668930997758	103.23442834637224	154.66398543870577	0.10781956744307218	1.0097979481856094	23.392958353906153	1.0134998513657458	1.0103175855311572	1.0885236717454325	1.2594932614727252	1.0885236717454325	0.022683143780879593	1.0885236717454325	NaN	1	NaN	NaN	800000009	800000019	800000009	800000019	800000009	800000009	899999999	899999999	89999	89999	89	89	11	5	0	21	52	0	0	NaN	0	0	0	0	0	0	0	0	0	NaN	NaN	NaN	NaN	0	18000	0	0	0	0	101	0	16411	0	0	21	18000	18000	18000	18000	87	NaN	1.1487282822266687	0.9045144531816238	0.20822659888718326	1.2478739014183946	0.10715991970396338	0.009809908099463516	NaN	NaN	0.01997927367144969	0.03179062039080308	0.0005725407473516403	NaN	NaN	415.73258571432945	9.98535507465377	95221.59346375868	11.399136928664312	6.184904161267811	87.8041276711358	87.52426563898722	88.08398902342054	-0.5597220489465516	0.000277412337875123	-1	0	-0.9524897135305842	0.24989411085888072	1.0000918209618992	-273.1499938964844	9.000559263441298	-273.1499938964844	148
DATA	2025-10-29T153000_AIU-0547.ghg	2025-10-29	16:00:00	302.666	1	18000	18000	0.08347934121234615	1	NaN	174.1422034168129	1	NaN	-0.5148571209746947	2	NaN	1.3406366218183283	1	NaN	-0.011535849725721598	2	NaN	NaN	NaN	NaN	NaN	NaN	NaN	NaN	NaN	NaN	NaN	NaN	NaN	1.3427574457175298e-10	3.271990794666986e-12	NaN	NaN	16.658112844325334	415.60448918475953	419.8565124077643	0.2	0	405.91986331552545	10.127324686761595	10.230936704618978	0.1	1	NaN	NaN	NaN	NaN	0	NaN	NaN	NaN	NaN	9	283.9264411205718	283.01647312428315	95189.2389396024	1.1672860512578784	1010.8129060436929	0.024798648017074834	-0.0007475230622267595	0.0073590461002802175	961.1705075970166	1213.145822019501	0.006304406783881329	79.22959385022438	251.97531442248453	279.553482974716	1.4661389351889706	0.5673444924124471	0.11467027229487453	1.5762589957541306	4.348256137732806e-14	8.060681652633579e-15	1.5762589957541306	8.599298705041171	310.84530533674695	21.15469466325306	4.171859894466362	NaN	0.26742429442488425	1.6326339604462254	-9.247606443719619	-0.31359466015873694	-338.2340387700921	0.5518932754601403	0	51.602111962709046	-7.830819572563181	17.713335194843875	44.108709183680915	67.2685645974337	94.34511831733401	141.34617917083563	0.08266691940612889	1.0098276530933248	172.34705112409196	1.0135102158951779	-0.4730151046484765	1.0884580976696574	1.2316841821367073	1.0884580976696574	-0.010598340671468533	1.0884580976696574	NaN	1	NaN	NaN	800000009	800000019	800000009	800000019	800000009	801101109	899999999	899999999	89999	89999	89	89	27	6	5	46	39	0	0	NaN	0	0	0	0	0	0	0	0	0	NaN	NaN	NaN	NaN	0	17999	0	0	0	0	101	0	17010	0	0	16	18000	18000	18000	18000	87	NaN	2.128393793805118	0.9384383010982926	0.1984358259890403	3.0273150522144463	0.1361860759964245	0.002978876229088834	NaN	NaN	0.14606823541457603	0.03085566667709072	-0.00026550545329061503	NaN	NaN	415.6040177271623	10.127319173009088	95161.32263932293	11.420000076293945	6.380622928195533	87.7558936835395	87.46918091879951	88.0426045305464	-0.5734251010782191	0.0002769230966158728	-1	0	-0.7636133954459223	0.25894497648332887	1.0000933616343473	-273.1499938964844	9.000572372489506	-273.1499938964844	066
DATA	2025-10-29T160000_AIU-0547.ghg	2025-10-29	16:30:00	302.687	1	18000	18000	0.17607816776287413	1	NaN	18.060892898603026	0	NaN	0.761686872245402	2	NaN	-0.5599866617567402	2	NaN	0.017050800304856405	2	NaN	NaN	NaN	NaN	NaN	NaN	NaN	NaN	NaN	NaN	NaN	NaN	NaN	6.55022219201106e-11	1.5837903883352516e-12	NaN	NaN	16.67302187332258	414.61361629531746	418.8122169906778	0.1	1	403.1400922502802	10.025019627003443	10.126538372945829	0.1	1	NaN	NaN	NaN	NaN	0	NaN	NaN	NaN	NaN	9	282.96433839501265	282.06659141006145	95189.2389396024	1.1712619256160126	1010.7398769714019	0.024714616227878856	0.001104891859754695	0.007309474487006912	951.4918970653781	1138.014423473083	0.00624068308475286	83.60982755926233	186.52252640770496	279.40672345049205	1.418702612066972	0.28468561920108104	0.08463370415768227	1.4494570939303593	4.181551510606951e-14	3.9286352778626444e-15	1.4494570939303593	8.324366906960432	320.65337154359054	11.346628456409503	3.3474007250935895	NaN	0.38772672985292833	2.3185930064335274	-271.7403282412849	-0.010671952958800503	23.711703006460805	0.039347763172678456	0	59.58355786436596	-9.04203478075498	20.45310729366283	50.931129095406256	77.67318543164545	108.9377469771725	163.20859602837044	0.174284346202435	1.0102924995820082	17.915189701697454	1.0136908268724558	0.7003232052316347	1.0876219244990903	-0.514872539016391	1.0876219244990903	0.015677139197712693	1.0876219244990903	NaN	1	NaN	NaN	800000009	800000019	800000009	800000019	800000019	800000019	899999999	899999999	89999	89999	89	89	8	3	0	36	34	0	0	NaN	0	0	0	0	0	0	0	0	0	NaN	NaN	NaN	NaN	0	17912	0	0	0	0	101	0	17170	0	0	16	18000	18000	18000	18000	87	NaN	2.8814035756324077	1.4646286380021103	0.29115379923253704	0.1125619456222015	4.492274832095641	0.004403127782496297	NaN	NaN	0.015133102895410597	-0.012853356696746279	0.00039136649718723716	NaN	NaN	414.6132523870755	10.025012542065063	95132.85254513889	11.407242006513805	6.2291504950788195	87.76394927427503	87.47446800867718	88.05343167029487	-0.5789650552471494	0.00027655466630757393	-1	0	-0.4408905436752951	0.4844601422816378	1.0000934165848625	-273.1499938964844	9.000496608310275	-273.1499938964844	161
DATA	2025-10-29T163000_AIU-0547.ghg	2025-10-29	17:00:00	302.708	1	18000	18000	0.22720991317165876	1	NaN	210.15394810693445	1	NaN	17.4768498606976	1	NaN	6.49253265754781	1	NaN	0.39179363373603726	1	NaN	NaN	NaN	NaN	NaN	NaN	NaN	NaN	NaN	NaN	NaN	NaN	NaN	5.573929173003976e-10	1.3639179263389862e-11	NaN	NaN	16.677289058901586	409.4074238731978	413.5503857346255	0.1	0	408.08651857903124	10.018034088079002	10.11941068931584	0.7	0	NaN	NaN	NaN	NaN	0	NaN	NaN	NaN	NaN	9	284.4749427134198	283.57303038103623	95150.93878240696	1.1645740616997449	1010.76259862178	0.024856556372270654	0.025388227466095214	0.007262670446243366	950.4484297780397	1259.1759558455478	0.006236331964704068	75.48178039500486	308.72752606750817	279.3908224582283	1.2382677582870305	0.4076780574161306	0.1376272640938852	1.3108965266313308	-4.955411942035256e-14	3.342227356807049e-14	1.3108965266313308	6.530275327970164	313.77677226052344	18.223227739476588	6.026425066710248	NaN	0.44170272788126597	1.3083200309402832	-34.5187362068955	-0.08401234571909655	12.024704096104536	0.4041952409555825	0	77.846195485327	-11.81346049744269	26.722079810830827	66.54175705443353	101.48037804060172	142.32767311781782	213.23278982822603	0.22475567290134463	1.0109195921003133	208.87416784501985	1.0139763040054148	16.08010873920173	1.0868614226526188	5.973652686744541	1.0868614226526188	0.36048168199752345	1.0868614226526188	NaN	1	NaN	NaN	800000009	800000019	800000009	800000019	800000019	800000019	899999999	899999999	89999	89999	89	89	5	7	2	9	16	0	1	NaN	0	0	11090	0	0	0	0	0	0	NaN	NaN	NaN	NaN	0	17646	0	0	0	0	101	0	16947	0	0	16	18000	18000	18000	18000	87	NaN	1.5146116798452347	0.9083622229779885	0.19366615905734313	2.852443514002971	3.8585989026234118	0.01261457792648475	NaN	NaN	0.17744691627428502	0.14998258829398167	0.009050739728897915	NaN	NaN	409.40682934115455	10.018019096572942	95116.83384288194	11.399999618530273	6.216475444846684	87.73016165182325	87.43596089956495	88.02436130608453	-0.588397946892513	0.0002725959062194709	-1	0	-0.7056440299365159	0.6738056503778105	1.000090080976486	-273.1499938964844	9.00054218032625	-273.1499938964844	240
DATA	2025-10-29T170000_AIU-0547.ghg	2025-10-29	17:30:00	302.729	1	18000	18000	0.16561285435647286	0	NaN	77.02240480053315	1	NaN	7.4007764114204475	1	NaN	3.8908238473778973	1	NaN	0.16644863380836106	1	NaN	NaN	NaN	NaN	NaN	NaN	NaN	NaN	NaN	NaN	NaN	NaN	NaN	-5.723667598978098e-11	-1.4151072351984671e-12	NaN	NaN	16.684776105395866	412.55924986386833	416.8107301203647	0.3	0	412.51080668324704	10.20002593327828	10.305138614391096	0.1	1	NaN	NaN	NaN	NaN	0	NaN	NaN	NaN	NaN	9	287.8848267449271	286.9555663156712	95150.93878240696	1.150767895962908	1010.928124368251	0.025154501681068735	0.010785871470781796	0.007307020937937513	967.6585506792546	1573.4141087387695	0.006349691335300369	61.50056398406892	605.7555580595149	279.65113441527	0.6464690975846548	0.7036438217026728	0.17210972633550314	0.970906112789218	2.2019001172619623e-14	-3.4304731228170698e-15	0.970906112789218	5.710418921489612	284.5750811872048	47.42491881279521	10.210617320390275	NaN	0.3793614114216197	1.154128284175791	-59.67412352077796	-0.048597278500290796	10.407341138110409	0.17452430018745177	0	69.47245053210713	-10.542712394676787	23.847644142389463	59.38400581380969	90.56435577168423	127.01779667435699	190.29580509116644	0.1634416199518332	1.0132844645401797	76.52180126206056	1.015268719612127	6.814797931467828	1.085986185628017	3.582756299176923	1.085986185628017	0.1532695682607649	1.085986185628017	NaN	1	NaN	NaN	800000009	800000019	800000009	800000019	800000019	800100019	899999999	899999999	89999	89999	89	89	6	5	6	43	58	0	0	NaN	0	0	11836	0	0	0	0	0	0	NaN	NaN	NaN	NaN	0	17961	0	0	0	0	101	0	17901	0	0	16	18000	18000	18000	18000	87	NaN	1.319821529876026	0.798562648425827	0.18987239004972897	0.6775196273400158	7.650063482842284	0.005779520080722863	NaN	NaN	0.06577747042752297	0.0910483860826687	0.00389503099301953	NaN	NaN	412.55837911716145	10.200017515106511	95137.56896213107	11.390289211273194	6.481158250914676	87.72079329999288	87.42865864202712	88.01293507597181	-0.5842697164482539	0.0002749062464216773	-1	0	-1.2557697374447747	0.35729409049289496	1.0000967929081785	-273.1499938964844	9.000547513220045	-273.1499938964844	008
DATA	2025-10-29T173000_AIU-0547.ghg	2025-10-29	18:00:00	302.749	0	18000	18000	0.05864208749427321	2	NaN	44.954196006493866	1	NaN	-0.28273370339069204	2	NaN	0.46071061101176003	2	NaN	-0.0063688168382831254	2	NaN	NaN	NaN	NaN	NaN	NaN	NaN	NaN	NaN	NaN	NaN	NaN	NaN	1.6347580108973727e-10	3.990775220777864e-12	NaN	NaN	16.68794627447844	413.1886898413577	417.39889748564485	0.1	0	407.38654916456454	10.086772316958404	10.18955200807567	-0.3	0	NaN	NaN	NaN	NaN	0	NaN	NaN	NaN	NaN	9	289.50430017598467	288.580161108599	95176.4705078903	1.144645185273456	1010.9000442502495	0.02528922052707971	-0.00041269933112074653	0.007187395913261525	957.2056961948628	1747.4537516837913	0.006279147464849078	54.777169082302144	790.2480554889286	279.4935218572734	1.2020914090515789	0.23010686541080733	0.23544063287554168	1.2463567775054694	4.9526864848639214e-14	9.796040711117792e-15	1.2463567775054694	6.82211172661917	321.1634119288027	10.836588071197339	10.888776072277203	NaN	0.22634414660891305	2.057776511695495	-21.72054975871814	-0.13351411599681104	-158.99836300865226	0.17164132781503133	0	41.18339450189129	-6.249739002214871	14.13692663975983	35.20294620099035	53.68671412895075	75.29637991945468	112.80769791620624	0.05798887540450429	1.011264437966979	44.453661266058134	1.0141477167416968	-0.26020673029492286	1.086573368299262	0.4240032237610226	1.086573368299262	-0.005861377633662964	1.086573368299262	NaN	1	NaN	NaN	800000009	800000019	800000009	800000019	800000019	800000019	899999999	899999999	89999	89999	89	89	4	5	0	31	25	4	0	NaN	0	0	7084	0	0	0	0	0	0	NaN	NaN	NaN	NaN	0	17939	0	0	0	0	101	0	17901	0	0	16	18000	18000	18000	18000	87	NaN	2.1714673813094705	1.6942696460260913	0.2498159960554282	0.2817487977133539	11.13414885862518	0.005431683106650739	NaN	NaN	0.038417441134220756	0.010831646714078588	-0.00014973558743841675	NaN	NaN	413.1883855065519	10.086764518264905	95119.15400086805	11.396091303401525	6.3162101155122174	87.72812110307481	87.4342062517802	88.02203918075561	-0.5878301530149248	0.00027528535350575126	-1	0	-0.5101887118496318	0.5742200982947944	1.0000934784677293	-273.1499938964844	9.000505524052514	-273.1499938964844	072
DATA	2025-10-29T180000_AIU-0547.ghg	2025-10-29	18:30:00	302.77	0	18000	18000	0.20440655212517728	0	NaN	-2.238796476804668	2	NaN	-4.675922361951784	1	NaN	-0.30683138833651097	2	NaN	-0.10524795820017432	1	NaN	NaN	NaN	NaN	NaN	NaN	NaN	NaN	NaN	NaN	NaN	NaN	NaN	1.1396978914932304e-10	2.7736328667699582e-12	NaN	NaN	16.69321976995828	416.02712448891754	420.28234453729556	0.1	1	406.25558186746315	10.124670007403559	10.228227434943028	0.1	1	NaN	NaN	NaN	NaN	0	NaN	NaN	NaN	NaN	9	288.70357361348465	287.77853709039255	95232.1998732398	1.1484894351043966	1010.903826122829	0.02520451605882717	-0.006820067691371296	0.007238645496449757	961.3530520205413	1659.5747179945192	0.006302753229760247	57.92767518067941	698.2216659739779	279.5562383919149	1.5298091911866267	0.3287491780657744	0.19852872952810247	1.5772779843661013	-1.8968803451162806e-14	6.8273101726263255e-15	1.5772779843661013	8.300093787553068	319.87184042223873	12.12815957776121	7.2308809293503575	NaN	0.42187511068120376	1.7347735060414773	2825.1877026948428	0.0010264804696812875	0.4787924827456221	-0.004570817336009077	0	62.67180536768679	-9.510688253919037	21.513202726006636	53.57091661242974	81.69902795569037	114.58404835926653	171.66778438957016	0.20296746629814483	1.0070902290563086	-2.4774350305278827	1.0121253409830793	-4.265178251153522	1.0963017455805455	-0.27987859143107424	1.0963017455805455	-0.09600272792089769	1.0963017455805455	NaN	1	NaN	NaN	800000009	800000019	800000009	800000019	800001019	800001119	899999999	899999999	89999	89999	89	89	15	4	1	35	54	0	0	NaN	0	0	0	0	0	0	0	0	0	NaN	NaN	NaN	NaN	0	17962	0	0	0	0	101	0	17603	0	0	16	18000	18000	18000	18000	87	NaN	1.8440889762213766	1.3216674213586106	0.3037906145029676	0.4630051534703741	2.1624166509275193	0.0025808035150628665	NaN	NaN	-0.0021338575771468592	-0.007126141654556767	-0.00244437788145961	NaN	NaN	416.0265458617398	10.124664885500104	95087.16058789063	11.40999984741211	6.365968058347714	87.71952370262146	87.4223304570516	88.01671452331543	-0.5943827053308489	0.0002769475447001038	-1	0	-1.265672493265673	0.305712838051288	1.0000910462538402	-273.1499938964844	9.000486152966817	-273.1499938964844	003
DATA	2025-10-29T183000_AIU-0547.ghg	2025-10-29	19:00:00	302.791	0	18000	18000	0.16232932007397835	0	NaN	-210.44862266875595	1	NaN	10.907704351634136	1	NaN	4.304955324551316	0	NaN	0.2445732564922497	1	NaN	NaN	NaN	NaN	NaN	NaN	NaN	NaN	NaN	NaN	NaN	NaN	NaN	2.1366498114736834e-10	5.249027380410816e-12	NaN	NaN	16.712061552039053	416.747627241661	421.0584584803843	0.1	0	410.5589423156828	10.238082508260675	10.343985080984007	0.7	0	NaN	NaN	NaN	NaN	0	NaN	NaN	NaN	NaN	9	284.69112422943135	283.76875315085704	95232.1998732398	1.1646685801353927	1010.8875739690111	0.024854219581129263	0.01584834702069778	0.007422894505203531	972.0866062436043	1275.7120692343376	0.0063733963737054025	76.19953041810095	303.62546299073335	279.7174497460196	1.110152525303905	0.3219756143505185	0.09255571779881766	1.1596005719956544	-8.890591874119755e-14	1.2785076244606034e-14	1.1596005719956544	6.212313052535864	315.8263469926639	16.173653007336082	4.578040970725479	NaN	0.37333379506055414	1.297832517502248	20.827185316903904	0.13924109071264093	-19.293575979369813	-0.47878833962798545	0	74.87508134190848	-11.362582463547204	25.70219247051138	64.00209337170917	97.60723068129731	136.8955288753943	205.094447886793	0.16072930413669867	1.0099547244721403	-206.69856122786584	1.0186741769955505	9.510626355674878	1.1468965285473167	3.7535690599779414	1.1468965285473167	0.21324788279029086	1.1468965285473167	NaN	1	NaN	NaN	800000009	800000019	800000009	800000019	800000009	800001009	899999999	899999999	89999	89999	89	89	36	14	3	2	73	29	0	NaN	0	0	0	0	0	0	0	0	0	NaN	NaN	NaN	NaN	0	17992	0	0	0	0	101	0	17109	0	0	16	18000	18000	18000	18000	87	NaN	0.9088875550615894	1.5342885208267258	0.1524889591161805	6.525082302446712	1.0460077672575283	0.0027765885183925467	NaN	NaN	-0.17556269383717196	0.09425413257358535	0.0053547687266131145	NaN	NaN	416.7471298657052	10.23806180105321	95168.05925043402	11.39086335108015	6.540209801740117	87.65903852801853	87.35804740333556	87.96005376836987	-0.601939163761006	0.0002772188292648126	-1	0	-1.591127471151873	0.23143383181857619	1.0000873300251034	-273.1499938964844	9.000550973229938	-273.1499938964844	014
