DATAH	filename	date	time	DOY	daytime	file_records	used_records	Tau	qc_Tau	rand_err_Tau	H	qc_H	rand_err_H	LE	qc_LE	rand_err_LE	co2_flux	qc_co2_flux	rand_err_co2_flux	h2o_flux	qc_h2o_flux	rand_err_h2o_flux	ch4_flux	qc_ch4_flux	rand_err_ch4_flux	none_flux	qc_none_flux	rand_err_none_flux	H_strg	LE_strg	co2_strg	h2o_strg	ch4_strg	none_strg	co2_v-adv	h2o_v-adv	ch4_v-adv	none_v-adv	co2_molar_density	co2_mole_fraction	co2_mixing_ratio	co2_time_lag	co2_def_timelag	h2o_molar_density	h2o_mole_fraction	h2o_mixing_ratio	h2o_time_lag	h2o_def_timelag	ch4_molar_density	ch4_mole_fraction	ch4_mixing_ratio	ch4_time_lag	ch4_def_timelag	none_molar_density	none_mole_fraction	none_mixing_ratio	none_time_lag	none_def_timelag	sonic_temperature	air_temperature	air_pressure	air_density	air_heat_capacity	air_molar_volume	ET	water_vapor_density	e	es	specific_humidity	RH	VPD	Tdew	u_unrot	v_unrot	w_unrot	u_rot	v_rot	w_rot	wind_speed	max_wind_speed	wind_dir	yaw	pitch	roll	u*	TKE	L	(z-d)/L	bowen_ratio	T*	model	x_peak	x_offset	x_10%	x_30%	x_50%	x_70%	x_90%	un_Tau	Tau_scf	un_H	H_scf	un_LE	LE_scf	un_co2_flux	co2_scf	un_h2o_flux	h2o_scf	un_ch4_flux	ch4_scf	un_none_flux	un_none_scf	spikes_hf	amplitude_resolution_hf	drop_out_hf	absolute_limits_hf	skewness_kurtosis_hf	skewness_kurtosis_sf	discontinuities_hf	discontinuities_sf	timelag_hf	timelag_sf	attack_angle_hf	non_steady_wind_hf	u_spikes	v_spikes	w_spikes	ts_spikes	co2_spikes	h2o_spikes	ch4_spikes	none_spikes	head_detect_LI-7200	t_out_LI-7200	t_in_LI-7200	aux_in_LI-7200	delta_p_LI-7200	chopper_LI-7200	detector_LI-7200	pll_LI-7200	sync_LI-7200	chopper_LI-7500	detector_LI-7500	pll_LI-7500	sync_LI-7500	not_ready_LI-7700	no_signal_LI-7700	re_unlocked_LI-7700	bad_temp_LI-7700	laser_temp_unregulated_LI-7700	block_temp_unregulated_LI-7700	motor_spinning_LI-7700	pump_on_LI-7700	top_heater_on_LI-7700	bottom_heater_on_LI-7700	calibrating_LI-7700	motor_failure_LI-7700	bad_aux_tc1_LI-7700	bad_aux_tc2_LI-7700	bad_aux_tc3_LI-7700	box_connected_LI-7700	mean_value_RSSI_LI-7200	mean_value_LI-7500	u_var	v_var	w_var	ts_var	co2_var	h2o_var	ch4_var	none_var	w/ts_cov	w/co2_cov	w/h2o_cov	w/ch4_cov	w/none_cov	co2_mean	h2o_mean	air_p_mean	vin_sf_mean	dew_point_mean	avg_signal_strength_7200_mean	co2_signal_strength_7200_mean	h2o_signal_strength_7200_mean	delta_signal_strength_7200_mean	flowrate_mean	hit_power_mean	hit_vin_mean	ch4_mean	rssi_77_mean	ch4_aux-1_mean	ch4_aux-2_mean	ch4_aux-3_mean	ch4_aux-4_mean	CHK
DATAU		[yyyy-mm-dd]	[HH:MM]	[ddd.ddd]	[1=daytime]	[#]	[#]	[kg+1m-1s-2]	[#]	[kg+1m-1s-2]	[W+1m-2]	[#]	[W+1m-2]	[W+1m-2]	[#]	[W+1m-2]	[µmol+1s-1m-2]	[#]	[µmol+1s-1m-2]	[mmol+1s-1m-2]	[#]	[mmol+1s-1m-2]	[µmol+1s-1m-2]	[#]	[µmol+1s-1m-2]	[µmol+1s-1m-2]	[#]	[µmol+1s-1m-2]	[W+1m-2]	[W+1m-2]	[µmol+1s-1m-2]	[mmol+1s-1m-2]	[µmol+1s-1m-2]	[µmol+1s-1m-2]	[µmol+1s-1m-2]	[mmol+1s-1m-2]	[µmol+1s-1m-2]	[µmol+1s-1m-2]	[mmol+1m-3]	[µmol+1mol_a-1]	[µmol+1mol_d-1]	[s]	[1=default]	[mmol+1m-3]	[mmol+1mol_a-1]	[mmol+1mol_d-1]	[s]	[1=default]	[mmol+1m-3]	[µmol+1mol_a-1]	[µmol+1mol_d-1]	[s]	[1=default]	[mmol+1m-3]	[µmol+1mol_a-1]	[µmol+1mol_d-1]	[s]	[1=default]	[K]	[K]	[Pa]	[kg+1m-3]	[J+1kg-1K-1]	[m+3mol-1]	[mm]	[kg+1m-3]	[Pa]	[Pa]	[kg+1kg-1]	[%]	[Pa]	[K]	[m+1s-1]	[m+1s-1]	[m+1s-1]	[m+1s-1]	[m+1s-1]	[m+1s-1]	[m+1s-1]	[m+1s-1]	[deg_from_north]	[deg]	[deg]	[deg]	[m+1s-1]	[m+2s-2]	[m]	[#]	[#]	[K]	[0=KJ/1=KM/2=HS]	[m]	[m]	[m]	[m]	[m]	[m]	[m]	[kg+1m-1s-2]	[#]	[W+1m-2]	[#]	[W+1m-2]	[#]	[µmol+1s-1m-2]	[#]	[mmol+1s-1m-2]	[#]	[µmol+1s-1m-2]	[#]	[µmol+1s-1m-2]	[#]	8u/v/w/ts/co2/h2o/ch4/none	8u/v/w/ts/co2/h2o/ch4/none	8u/v/w/ts/co2/h2o/ch4/none	8u/v/w/ts/co2/h2o/ch4/none	8u/v/w/ts/co2/h2o/ch4/none	8u/v/w/ts/co2/h2o/ch4/none	8u/v/w/ts/co2/h2o/ch4/none	8u/v/w/ts/co2/h2o/ch4/none	8co2/h2o/ch4/none	8co2/h2o/ch4/none	8aa	8U	[#]	[#]	[#]	[#]	[#]	[#]	[#]	[#]	[#_flagged_recs]	[#_flagged_recs]	[#_flagged_recs]	[#_flagged_recs]	[#_flagged_recs]	[#_flagged_recs]	[#_flagged_recs]	[#_flagged_recs]	[#_flagged_recs]	[#_flagged_recs]	[#_flagged_recs]	[#_flagged_recs]	[#_flagged_recs]	[#_flagged_recs]	[#_flagged_recs]	[#_flagged_recs]	[#_flagged_recs]	[#_flagged_recs]	[#_flagged_recs]	[#_flagged_recs]	[#_flagged_recs]	[#_flagged_recs]	[#_flagged_recs]	[#_flagged_recs]	[#_flagged_recs]	[#_flagged_recs]	[#_flagged_recs]	[#_flagged_recs]	[#_flagged_recs]	[#]	[#]	[m+2s-2]	[m+2s-2]	[m+2s-2]	[K+2]	--	--	--	--	[m+1s-1K+1]	--	--	--	--	--	--	--	--	--	--	--	--	--	--	--	--	--	--	--	--	--	--	207
DATA	2025-08-26T233000_AIU-0547.ghg	2025-08-27	00:00:00	239	0	18000	18000	0.0415084642379793	1	NaN	61.27019875455892	0	NaN	NaN	NaN	NaN	NaN	NaN	NaN	NaN	NaN	NaN	-0.006274781154482401	1	NaN	NaN	NaN	NaN	NaN	NaN	NaN	NaN	NaN	NaN	NaN	NaN	6.79493031856727e-13	NaN	NaN	NaN	NaN	NaN	0	NaN	NaN	NaN	NaN	0	0.09104766574134635	2.2691516280690607	2.2691516280690607	0	1	NaN	NaN	NaN	NaN	9	287.7300194509295	286.8805989286635	95701.00487478299	1.1621786628181703	1005.4036761716413	0.024922677694070736	NaN	NaN	NaN	NaN	NaN	NaN	NaN	NaN	1.513707745521316	-1.2668508557522737	0.26818327844604106	1.9920202058236551	-3.5230417105230276e-14	7.463047254688236e-15	1.9920202058236551	3.706985313019345	11.926604712295443	320.07339528770456	7.737155414055217	NaN	0.18898697945013324	0.1741318299069946	-9.297494395380864	-0.3119119922718925	NaN	0.2774623362792862	1	22.162199895495725	10	18	30	45	75	176	0.04114638905125546	1.0087996831574408	60.466190318113796	1.013296826411838	NaN	1	NaN	1	NaN	1	-0.005455822565087965	1.1501072624016377	NaN	NaN	800009909	800009909	800009909	800009909	800009919	800019919	899999999	899999999	89999	89999	89	89	21	8	4	71	0	0	2	NaN	0	0	0	0	0	0	0	0	0	NaN	NaN	NaN	NaN	0	0	0	0	0	0	0	0	17406	0	0	0	18000	18000	18000	18000	6	NaN	0.13943804847519908	0.14791724827860953	0.060908363060180604	0.20539157655145832	NaN	NaN	3.769328655793951e-7	NaN	0.05174867568694756	NaN	NaN	-0.000005455822565087965	NaN	NaN	NaN	96087.80497808159	11.630232287417977	NaN	0	0	0	0	0.00027944573560186357	-1	0	2.1278699224392565	83.2337174150679	1.0001715433862475	-273.1499938964844	9.00110418036249	-273.1499938964844	153
DATA	2025-08-27T000000_AIU-0547.ghg	2025-08-27	00:30:00	239.02	0	18000	18000	0.02094104123452943	0	NaN	32.317338736560394	1	NaN	NaN	NaN	NaN	NaN	NaN	NaN	NaN	NaN	NaN	-0.0022582320613209208	2	NaN	NaN	NaN	NaN	NaN	NaN	NaN	NaN	NaN	NaN	NaN	NaN	1.2102657007769325e-13	NaN	NaN	NaN	NaN	NaN	0	NaN	NaN	NaN	NaN	0	0.08988161846689877	2.2508854286862428	2.2508854286862428	-0.1	0	NaN	NaN	NaN	NaN	9	289.12030496300594	288.2547837159898	95698.25919292535	1.1566050736466105	1005.4343442598497	0.025042778123929636	NaN	NaN	NaN	NaN	NaN	NaN	NaN	NaN	1.731782031421569	-0.3412565018477814	0.3363742217121639	1.7968507510198202	-9.344142082449664e-14	1.346510801007265e-15	1.7968507510198202	3.7043601115679143	343.147600914309	348.852399085691	10.789546385899307	NaN	0.13455709097765825	0.40850891919737076	-6.362211341571716	-0.4558163576005298	NaN	0.20653335113016558	1	27.656926220580402	12	22	36	55	88	202	0.02075004513636554	1.0092046112145154	31.89201058772538	1.0133365109629906	NaN	1	NaN	1	NaN	1	-0.001965103886026559	1.149166757736695	NaN	NaN	800009909	800009909	800009909	800009909	800009909	800019909	899999999	899999999	89999	89999	89	89	3	6	5	18	0	0	0	NaN	0	0	0	0	0	0	0	0	0	NaN	NaN	NaN	NaN	0	0	0	0	0	0	0	0	15616	0	0	0	18000	18000	18000	18000	6	NaN	0.19715808761702494	0.5497028022401741	0.07015694853754245	0.47519315510194315	NaN	NaN	5.451603184243576e-7	NaN	0.027424776090947834	NaN	NaN	-0.000001965103886026559	NaN	NaN	NaN	96093.24974429644	11.616791238149009	NaN	0	0	0	0	0.0002805043646755318	-1	0	2.113855007118651	83.45452222061157	1.0001497851328718	-289.2999945746505	9.001009098503324	-273.1499938964844	048
DATA	2025-08-27T003000_AIU-0547.ghg	2025-08-27	01:00:00	239.041	0	18000	18000	0.012736028312991407	0	NaN	48.614165643164355	0	NaN	NaN	NaN	NaN	NaN	NaN	NaN	NaN	NaN	NaN	-0.017074191078842747	1	NaN	NaN	NaN	NaN	NaN	NaN	NaN	NaN	NaN	NaN	NaN	NaN	-7.349193743490273e-13	NaN	NaN	NaN	NaN	NaN	0	NaN	NaN	NaN	NaN	0	0.08897516776739989	2.226125546667467	2.226125546667467	-0.1	0	NaN	NaN	NaN	NaN	9	288.84198629845514	288.01117843797476	95705.8591592882	1.1576752825567198	1005.428825777508	0.02501962741432571	NaN	NaN	NaN	NaN	NaN	NaN	NaN	NaN	1.734231485821597	-0.11621351719919891	0.30266919592881986	1.7642769255870943	1.9838907015464522e-14	-8.25982566585616e-15	1.7642769255870943	3.0441519378941972	335.83374655999137	356.1662534400086	9.878198446999612	NaN	0.1048874742621359	0.20100540942119519	-2.0033378703063516	-1.4475840760483054	NaN	0.3981998716875944	1	25.006295790657664	11	19	32	47	74	160	0.012618872905572157	1.009284141959106	47.973591619627314	1.0133526384394151	NaN	1	NaN	1	NaN	1	-0.01485966056702122	1.1490296835404399	NaN	NaN	800009909	800009909	800009909	800009909	800009909	800019919	899999999	899999999	89999	89999	89	89	9	3	0	32	0	0	0	NaN	0	0	0	0	0	0	0	0	0	NaN	NaN	NaN	NaN	0	0	0	0	0	0	0	0	15017	0	0	0	18000	18000	18000	18000	6	NaN	0.14435259365250866	0.2080311215436875	0.04962710364619421	0.32144208304151706	NaN	NaN	1.9564917380271798e-7	NaN	0.041215838601988734	NaN	NaN	-0.00001485966056702122	NaN	NaN	NaN	96092.27855230034	11.59000015258789	NaN	0	0	0	0	0.0002805492136523955	-1	0	2.090198302043808	83.49391643651327	1.0001668077872858	-273.1499938964844	9.001113728337817	-273.1499938964844	008
DATA	2025-08-27T010000_AIU-0547.ghg	2025-08-27	01:30:00	239.062	0	18000	18000	0.011841688713350153	1	NaN	58.89147410522363	0	NaN	NaN	NaN	NaN	NaN	NaN	NaN	NaN	NaN	NaN	-0.017219586940426586	1	NaN	NaN	NaN	NaN	NaN	NaN	NaN	NaN	NaN	NaN	NaN	NaN	-1.2140778166479406e-13	NaN	NaN	NaN	NaN	NaN	0	NaN	NaN	NaN	NaN	0	0.09072149165098867	2.2616903873019303	2.2616903873019303	0	0	NaN	NaN	NaN	NaN	9	287.836631199307	287.0357502560085	95724.48570529514	1.1618354643742057	1005.4070825065428	0.024930039686767904	NaN	NaN	NaN	NaN	NaN	NaN	NaN	NaN	1.6444664080093285	-0.23934127198723304	0.2832338510846028	1.6857566330724534	4.440424350684945e-14	-1.338247194301627e-15	1.6857566330724534	2.9981324665005644	340.2808796330505	351.7191203669494	9.67247697779235	NaN	0.10095655111481432	0.2003903417106767	-1.4748511752659208	-1.9663000909072197	NaN	0.49938023602823406	1	21.951416508452205	10	17	28	41	64	138	0.011730336045472314	1.0094927091130368	58.112514455564096	1.0134043356574283	NaN	1	NaN	1	NaN	1	-0.014990163140845862	1.1487257862795297	NaN	NaN	800009909	800009909	800009909	800009909	800009919	800019919	899999999	899999999	89999	89999	89	89	1	0	1	50	0	0	0	NaN	0	0	0	0	0	0	0	0	0	NaN	NaN	NaN	NaN	0	0	0	0	0	0	0	0	16808	17998	0	0	18000	18000	18000	18000	6	NaN	0.09098851750739277	0.26438659164946837	0.045405574264492266	0.21208901563175794	NaN	NaN	1.4281917149426222e-7	NaN	0.049748855960445586	NaN	NaN	-0.000014990163140845861	NaN	NaN	NaN	96108.85552560764	11.543559243943962	NaN	0	0	0	0	0.00027977197952633196	-1	0	2.121676637531652	83.91788625356884	1.0001672423150805	-280.65974421183193	9.001100920571222	-273.1499938964844	100
DATA	2025-08-27T013000_AIU-0547.ghg	2025-08-27	02:00:00	239.083	0	18000	18000	0.02365629992157964	0	NaN	47.05670716188616	0	NaN	NaN	NaN	NaN	NaN	NaN	NaN	NaN	NaN	NaN	-0.011136469591545359	0	NaN	NaN	NaN	NaN	NaN	NaN	NaN	NaN	NaN	NaN	NaN	NaN	1.922454208205295e-13	NaN	NaN	NaN	NaN	NaN	0	NaN	NaN	NaN	NaN	0	0.0911998191668435	2.2698148365042843	2.2698148365042843	-0.1	0	NaN	NaN	NaN	NaN	9	287.3473621020847	286.54964621480303	95722.37016015625	1.163780686473065	1005.3964579547129	0.024888369924855023	NaN	NaN	NaN	NaN	NaN	NaN	NaN	NaN	1.8780219722390479	0.1947405361871143	0.289485540713228	1.9101550415945037	2.9622232121864324e-14	2.1079583553650512e-15	1.9101550415945037	3.772954134325753	326.07990140780913	5.920098592190808	8.716808874977279	NaN	0.14257317989557122	0.25228175550187965	-5.198495094411843	-0.5578537533136031	NaN	0.28208188768068404	1	26.241663220873882	12	21	34	52	83	187	0.02344632677466233	1.0089554815530517	46.43896095600297	1.013302326175395	NaN	1	NaN	1	NaN	1	-0.009686502365060752	1.149689451552156	NaN	NaN	800009909	800009909	800009909	800009909	800009909	800009909	899999999	899999999	89999	89999	89	89	1	4	0	62	0	0	0	NaN	0	0	0	0	0	0	0	0	0	NaN	NaN	NaN	NaN	0	0	0	0	0	0	0	0	16807	18000	0	0	18000	18000	18000	18000	6	NaN	0.22144173789020913	0.22959213001158185	0.05352964310196824	0.14587158629263952	NaN	NaN	4.861316754788775e-8	NaN	0.039689351024562	NaN	NaN	-0.000009686502365060753	NaN	NaN	NaN	96109.90806011285	11.520000457763672	NaN	0	0	0	0	0.0002792249861263877	-1	0	2.1281675122910078	83.64897975667314	1.0001769851644833	-273.1499938964844	9.001110469844606	-273.1499938964844	119
DATA	2025-08-27T020000_AIU-0547.ghg	2025-08-27	02:30:00	239.104	0	18000	18000	0.017883259993538826	0	NaN	38.53356769433127	0	NaN	NaN	NaN	NaN	NaN	NaN	NaN	NaN	NaN	NaN	-0.00980362203788543	0	NaN	NaN	NaN	NaN	NaN	NaN	NaN	NaN	NaN	NaN	NaN	NaN	-3.469302885207351e-13	NaN	NaN	NaN	NaN	NaN	0	NaN	NaN	NaN	NaN	0	0.09107983120779664	2.266100702346211	2.266100702346211	-0.1	0	NaN	NaN	NaN	NaN	9	287.18749205780034	286.4344289779663	95714.61354210069	1.1641544712092595	1005.3939603000034	0.024880378809400205	NaN	NaN	NaN	NaN	NaN	NaN	NaN	NaN	1.7337364873687149	0.12097938005826007	0.2821304755928014	1.7607032184019933	-1.4795794895556672e-14	-3.809079177246401e-15	1.7607032184019933	3.94138300602777	328.0083955914858	3.991604408514263	9.220675030967922	NaN	0.12394186875487642	0.2338191494897962	-4.170367778189154	-0.6953823150003404	NaN	0.2656282727437322	1	26.412061061948844	12	21	34	51	82	182	0.017718596638064996	1.0092932504101415	38.02574944655451	1.0133545888027928	NaN	1	NaN	1	NaN	1	-0.008532196353970886	1.1490150520648559	NaN	NaN	800009909	800009909	800009909	800009909	800009919	800019919	899999999	899999999	89999	89999	89	89	11	4	1	25	0	0	1	NaN	0	0	0	0	0	0	0	0	0	NaN	NaN	NaN	NaN	0	0	0	0	0	0	0	0	16014	603	0	0	18000	18000	18000	18000	6	NaN	0.15861311759789296	0.26636166592189625	0.04266351545980316	0.16037347199354138	NaN	NaN	5.7743120458835645e-8	NaN	0.0324885927214123	NaN	NaN	-0.000008532196353970886	NaN	NaN	NaN	96103.31027539063	11.49033802372466	NaN	0	0	0	0	0.0002793376762775652	-1	0	2.1242548139095305	82.93308725950445	1.0001621781057781	-281.54799424913114	9.00107038113806	-273.1499938964844	167
DATA	2025-08-27T023000_AIU-0547.ghg	2025-08-27	03:00:00	239.124	0	18000	18000	0.008468349068938326	0	NaN	44.57325632109158	0	NaN	NaN	NaN	NaN	NaN	NaN	NaN	NaN	NaN	NaN	-0.008050496839429204	0	NaN	NaN	NaN	NaN	NaN	NaN	NaN	NaN	NaN	NaN	NaN	NaN	7.213893527583017e-13	NaN	NaN	NaN	NaN	NaN	0	NaN	NaN	NaN	NaN	0	0.0913240091900031	2.268164103230835	2.268164103230835	0	0	NaN	NaN	NaN	NaN	9	286.6012258682251	285.8940139524672	95703.0058999566	1.1662135820317323	1005.3823506233003	0.02483644907126047	NaN	NaN	NaN	NaN	NaN	NaN	NaN	NaN	1.7303999368051397	0.12856174586513472	0.2892084580450038	1.7591059081249536	2.770815781137791e-14	7.899229996105663e-15	1.7591059081249536	3.5248449285139367	327.75096095268674	4.24903904731326	9.462759006224106	NaN	0.08521387764214708	0.1806732496566773	-1.1715840661072947	-2.4752811888570148	NaN	0.44612307047593874	1	25.519946869961622	11	20	32	47	74	157	0.008390341753967663	1.0092972750405278	43.98580514048166	1.0133554718103652	NaN	1	NaN	1	NaN	1	-0.007006472552150933	1.1490085459562336	NaN	NaN	800009909	800009909	800009909	800009909	800009909	800019919	899999999	899999999	89999	89999	89	89	5	1	1	44	0	0	0	NaN	0	0	0	0	0	0	0	0	0	NaN	NaN	NaN	NaN	0	0	0	0	0	0	0	0	17007	0	0	0	18000	18000	18000	18000	6	NaN	0.13331251099808242	0.18580117461727297	0.04223281369799924	0.15904111320077874	NaN	NaN	4.020829296355463e-8	NaN	0.03751484824270009	NaN	NaN	-0.000007006472552150933	NaN	NaN	NaN	96088.12439670139	11.536230995602086	NaN	0	0	0	0	0.0002784422035684757	-1	0	2.124693932202127	82.37630735524493	1.000132038798597	-273.1499938964844	9.00085534538163	-273.1499938964844	139
DATA	2025-08-27T030000_AIU-0547.ghg	2025-08-27	03:30:00	239.145	0	18000	18000	0.007952310242179314	0	NaN	59.932474085063085	0	NaN	NaN	NaN	NaN	NaN	NaN	NaN	NaN	NaN	NaN	-0.012806244335195852	0	NaN	NaN	NaN	NaN	NaN	NaN	NaN	NaN	NaN	NaN	NaN	NaN	9.328395228734284e-14	NaN	NaN	NaN	NaN	NaN	0	NaN	NaN	NaN	NaN	0	0.09153241490273285	2.2710281691058363	2.2710281691058363	-0.1	0	NaN	NaN	NaN	NaN	9	286.33395737033413	285.6507441474067	95718.91769769965	1.1674008312711868	1005.377181157436	0.024811190347366556	NaN	NaN	NaN	NaN	NaN	NaN	NaN	NaN	1.8373584589925256	0.32745456479219165	0.30643748398926235	1.891300222182673	-1.3798907188014404e-14	1.0191357060389071e-15	1.891300222182673	4.034492992355763	321.89482634640785	10.105173653592196	9.324440708741475	NaN	0.08253471543949735	0.23991545717660492	-0.7917971267763081	-3.6625543361175694	NaN	0.6186948854420529	1	24.228995121621676	11	19	30	45	69	146	0.007881424456537566	1.0089940322377826	59.14549519002124	1.0133058129366144	NaN	1	NaN	1	NaN	1	-0.011139764663108644	1.1495973858052906	NaN	NaN	800009909	800009909	800009909	800009909	800009909	800019909	899999999	899999999	89999	89999	89	89	6	4	0	46	0	0	0	NaN	0	0	0	0	0	0	0	0	0	NaN	NaN	NaN	NaN	0	0	0	0	0	0	0	0	15321	0	0	0	18000	18000	18000	18000	6	NaN	0.2496200696393484	0.17835998108117168	0.051850863632689766	0.19687404007623463	NaN	NaN	4.7675020236855255e-8	NaN	0.05039328272068884	NaN	NaN	-0.000011139764663108645	NaN	NaN	NaN	96105.54817903646	11.630000114440918	NaN	0	0	0	0	0.00027850412998426077	-1	0	2.1271536982258157	81.91368279774977	1.0001336778700352	-273.1499938964844	9.000832062032488	-273.1499938964844	077
DATA	2025-08-27T033000_AIU-0547.ghg	2025-08-27	04:00:00	239.166	0	18000	18000	0.009008907807291806	1	NaN	51.00463830979647	0	NaN	NaN	NaN	NaN	NaN	NaN	NaN	NaN	NaN	NaN	-0.010831180870028302	0	NaN	NaN	NaN	NaN	NaN	NaN	NaN	NaN	NaN	NaN	NaN	NaN	8.565664387553745e-15	NaN	NaN	NaN	NaN	NaN	0	NaN	NaN	NaN	NaN	0	0.09153914936880272	2.2678787386834514	2.2678787386834514	0	0	NaN	NaN	NaN	NaN	9	285.88839045565607	285.2377547353109	95720.3046701389	1.1691080252104125	1005.3684857293405	0.024774959722930992	NaN	NaN	NaN	NaN	NaN	NaN	NaN	NaN	1.6880615071455654	0.09806400080523081	0.273087453922042	1.7128178413509583	2.3750224342926977e-14	9.357378178208189e-17	1.7128178413509583	2.9685423128737662	328.67527185504173	3.324728144958293	9.174250239034375	NaN	0.087782662769284	0.12909886698731896	-1.1193952739744832	-2.590684512811429	NaN	0.4943346036503843	1	23.466767123005127	11	18	29	43	68	145	0.008924851859885487	1.009418189649077	50.33099155217014	1.0133843331285868	NaN	1	NaN	1	NaN	1	-0.009428035947509161	1.148826853263096	NaN	NaN	800009909	800009909	800009909	800009909	800009909	800019909	899999999	899999999	89999	89999	89	89	8	0	0	80	0	0	1	NaN	0	0	0	0	0	0	0	0	0	NaN	NaN	NaN	NaN	0	0	0	0	0	0	0	0	17010	0	0	0	18000	18000	18000	18000	6	NaN	0.0797095533899085	0.13580518810936584	0.04268299247536357	0.13675907428143877	NaN	NaN	3.9741465713139396e-8	NaN	0.04282087889938116	NaN	NaN	-0.00000942803594750916	NaN	NaN	NaN	96106.70053233507	11.590189836025232	NaN	0	0	0	0	0.0002775055259666664	-1	0	2.1232896668248706	81.52977676349215	1.0001329000459778	-273.1499938964844	9.000829614056482	-273.1499938964844	023
DATA	2025-08-27T040000_AIU-0547.ghg	2025-08-27	04:30:00	239.187	0	18000	18000	0.009667182605051073	1	NaN	73.82842161643626	0	NaN	NaN	NaN	NaN	NaN	NaN	NaN	NaN	NaN	NaN	-0.018005001216963794	1	NaN	NaN	NaN	NaN	NaN	NaN	NaN	NaN	NaN	NaN	NaN	NaN	-2.667358294575498e-13	NaN	NaN	NaN	NaN	NaN	0	NaN	NaN	NaN	NaN	0	0.09155135072407185	2.2682392959567594	2.2682392959567594	-0.1	0	NaN	NaN	NaN	NaN	9	285.9536164330376	285.28714316813154	95734.41907725694	1.1690779917940193	1005.3695202569496	0.0247755961874669	NaN	NaN	NaN	NaN	NaN	NaN	NaN	NaN	1.4569390862141192	0.15886438819678078	0.3023347993788607	1.4964343372467255	9.79458763011522e-14	-2.913510585567103e-15	1.4964343372467255	3.0462693845832733	325.7770632293035	6.2229367706965	11.656090667056136	NaN	0.09093440272789104	0.20829532576554347	-0.8597538498698694	-3.3730584636974155	NaN	0.69075838523351	1	17.21872904887591	8	13	22	32	50	106	0.00957042910227625	1.0101096305861366	72.83668921833723	1.0136158357654916	NaN	1	NaN	1	NaN	1	-0.0156815083004653	1.148167693564882	NaN	NaN	800009909	800009909	800009909	800009909	800009919	800019919	899999999	899999999	89999	89999	89	89	12	9	0	39	0	0	1	NaN	0	0	0	0	0	0	0	0	0	NaN	NaN	NaN	NaN	0	0	0	0	0	0	0	0	15124	0	0	0	18000	18000	18000	18000	6	NaN	0.08786948682355128	0.27897391901933677	0.04974724568819887	0.2061604359122681	NaN	NaN	5.3814007285641844e-8	NaN	0.06196992881731592	NaN	NaN	-0.000015681508300465298	NaN	NaN	NaN	96122.9096187066	11.569999694824219	NaN	0	0	0	0	0.0002776678743895091	-1	0	2.1240361428856844	81.2608481941222	1.0001206100020144	-273.1499938964844	9.000749933534198	-273.1499938964844	190
DATA	2025-08-27T043000_AIU-0547.ghg	2025-08-27	05:00:00	239.208	0	18000	18000	0.022319475643547033	0	NaN	62.96890803115018	0	NaN	NaN	NaN	NaN	NaN	NaN	NaN	NaN	NaN	NaN	-0.0026017774259162523	0	NaN	NaN	NaN	NaN	NaN	NaN	NaN	NaN	NaN	NaN	NaN	NaN	5.300934933252266e-13	NaN	NaN	NaN	NaN	NaN	0	NaN	NaN	NaN	NaN	0	0.09204455716135478	2.279396844491313	2.279396844491313	-0.1	0	NaN	NaN	NaN	NaN	9	285.8635660434299	285.16140525296925	95736.8064315205	1.1696226467678108	1005.3668893088728	0.024764059003461923	NaN	NaN	NaN	NaN	NaN	NaN	NaN	NaN	1.613686241798975	0.4272406717169822	0.3121924928622523	1.6982290867665943	1.3755450696351365e-14	5.759096568806006e-15	1.6982290867665943	3.105343614011211	317.17058581755873	14.829414182441258	10.593168127468717	NaN	0.13813989111585132	0.2409638934089162	-3.533872034034031	-0.8206296017712772	NaN	0.3876472486981985	1	20.846422097310473	9	16	27	40	64	143	0.022110355822278764	1.0094580034328329	62.1365979410336	1.013394844869145	NaN	1	NaN	1	NaN	1	-0.002264834419951152	1.1487715847997257	NaN	NaN	800009909	800009909	800009909	800009909	800009919	810019919	899999999	899999999	89999	89999	89	89	2	2	0	75	0	0	6	NaN	0	0	0	0	0	0	0	0	0	NaN	NaN	NaN	NaN	0	1	0	0	0	0	0	0	15325	0	0	0	18000	18000	18000	18000	6	NaN	0.26717797242193964	0.16459098515299997	0.05015882924289279	0.19232083542120804	NaN	NaN	7.992581611440454e-8	NaN	0.05284174179260117	NaN	NaN	-0.000002264834419951152	NaN	NaN	NaN	96125.35386827256	11.649177824962829	NaN	0	0	0	0	0.0002777014966349169	-1	0	2.134246852729055	79.49758462916479	1.0001284690697987	-273.1499938964844	9.000734396908019	-273.1499938964844	068
DATA	2025-08-27T050000_AIU-0547.ghg	2025-08-27	05:30:00	239.229	0	18000	18000	0.007896995380512903	0	NaN	51.58611814264675	0	NaN	NaN	NaN	NaN	NaN	NaN	NaN	NaN	NaN	NaN	-0.00869428543215744	0	NaN	NaN	NaN	NaN	NaN	NaN	NaN	NaN	NaN	NaN	NaN	NaN	-4.130854537107096e-13	NaN	NaN	NaN	NaN	NaN	0	NaN	NaN	NaN	NaN	0	0.09206944542431297	2.280170145006618	2.280170145006618	-0.1	0	NaN	NaN	NaN	NaN	9	285.8680003607009	285.2153790893555	95748.33525065104	1.1695421303602322	1005.3680175094119	0.024765763869850452	NaN	NaN	NaN	NaN	NaN	NaN	NaN	NaN	1.6888554416149628	0.10579536598054011	0.273425758760417	1.7141140591247888	4.568877434421414e-14	-4.486672552516812e-15	1.7141140591247888	3.357922169606366	328.4154909486226	3.584509051377365	9.178707435548585	NaN	0.08217183898520933	0.1426753620875572	-0.9080163120869466	-3.1937752234150527	NaN	0.5339110453741448	1	23.146601204676596	10	18	29	43	66	141	0.007823341031835775	1.0094146923133485	50.904834523200016	1.013383475770582	NaN	1	NaN	1	NaN	1	-0.007567939486986207	1.1488312567916394	NaN	NaN	800009909	800009909	800009909	800009909	800009919	800019919	899999999	899999999	89999	89999	89	89	3	2	0	55	0	0	1	NaN	0	0	0	0	0	0	0	0	0	NaN	NaN	NaN	NaN	0	0	0	0	0	0	0	0	15619	0	0	0	18000	18000	18000	18000	6	NaN	0.09433623246585453	0.15174645166455067	0.03926804004470924	0.18928477854913636	NaN	NaN	4.246234090288523e-8	NaN	0.04329304108649312	NaN	NaN	-0.000007567939486986207	NaN	NaN	NaN	96136.12063237847	11.653301916334364	NaN	0	0	0	0	0.00027762127830646937	-1	0	2.1353238604134983	81.37462810288538	1.0001476707475052	-273.1499938964844	9.000853801356422	-273.1499938964844	044
DATA	2025-08-27T053000_AIU-0547.ghg	2025-08-27	06:00:00	239.249	1	18000	18000	0.038142671790506476	1	NaN	60.791250432920144	0	NaN	NaN	NaN	NaN	NaN	NaN	NaN	NaN	NaN	NaN	-0.007689319914263472	1	NaN	NaN	NaN	NaN	NaN	NaN	NaN	NaN	NaN	NaN	NaN	NaN	9.525198654459393e-13	NaN	NaN	NaN	NaN	NaN	0	NaN	NaN	NaN	NaN	0	0.09200778334853474	2.2772812300721417	2.2772812300721417	-0.3	0	NaN	NaN	NaN	NaN	9	285.7491249720255	285.08999443308505	95763.47495963542	1.1702415126256096	1005.3653992894316	0.024750962877190197	NaN	NaN	NaN	NaN	NaN	NaN	NaN	NaN	1.7284727192123905	-0.22798710622394228	0.29376308815244717	1.768019460760207	-7.379579793881717e-14	1.0352600951570567e-14	1.768019460760207	3.6532993626850563	339.51398944636196	352.4860105536381	9.564265515066909	NaN	0.1805376584650973	0.32394419150077824	-8.172740606293726	-0.35483813076934634	NaN	0.28620277260062277	1	19.487903281259033	9	15	26	40	65	153	0.03779215650558692	1.0092748156583162	59.99034139713062	1.0133506330708735	NaN	1	NaN	1	NaN	1	-0.00669192166735456	1.1490451168570242	NaN	NaN	800009909	800009909	800009909	800009909	800009919	800009919	899999999	899999999	89999	89999	89	89	1	2	1	57	0	0	5	NaN	0	0	0	0	0	0	0	0	0	NaN	NaN	NaN	NaN	0	0	0	0	0	0	0	0	16513	0	0	0	18000	18000	18000	18000	6	NaN	0.3083364827393797	0.28685666222816564	0.052695238034011126	0.24603802446617556	NaN	NaN	1.1754692306388295e-7	NaN	0.05098963451076399	NaN	NaN	-0.00000669192166735456	NaN	NaN	NaN	96151.08642621528	11.65999984741211	NaN	0	0	0	0	0.00027770033935343633	-1	0	2.132617893922992	80.95673705212283	1.0001330380141735	-273.1499938964844	9.000776034328673	-273.1499938964844	099
DATA	2025-08-27T060000_AIU-0547.ghg	2025-08-27	06:30:00	239.27	1	18000	18000	0.0054984256058359104	1	NaN	37.364672232079236	0	NaN	NaN	NaN	NaN	NaN	NaN	NaN	NaN	NaN	NaN	-0.001646994535736713	2	NaN	NaN	NaN	NaN	NaN	NaN	NaN	NaN	NaN	NaN	NaN	NaN	3.9829589724129574e-13	NaN	NaN	NaN	NaN	NaN	0	NaN	NaN	NaN	NaN	0	0.09180109133974583	2.2717385296300425	2.2717385296300425	-0.1	0	NaN	NaN	NaN	NaN	9	285.78630960930724	285.15354026963973	95802.81897591146	1.1704614084936822	1005.3667250538267	0.024746312886658243	NaN	NaN	NaN	NaN	NaN	NaN	NaN	NaN	1.2716718585590248	0.15293509090581964	0.24082270923465568	1.3032781879416384	-9.485162552134054e-14	4.338683684785904e-15	1.3032781879416384	2.2671471707593014	325.14237136268105	6.857628637318947	10.648438855989287	NaN	0.06853945190711411	0.09682289543139508	-0.7277697903176972	-3.9847765578920877	NaN	0.46327508407826284	1	18.91359163823921	9	15	24	35	54	115	0.005438825137952522	1.01095833500281	36.84896611962392	1.0139951311193147	NaN	1	NaN	1	NaN	1	-0.0014347743930110673	1.1479118555219494	NaN	NaN	800009909	800009909	800009909	800009909	800009919	800019919	899999999	899999999	89999	89999	89	89	5	7	0	50	0	0	9	NaN	0	0	0	0	0	0	0	0	0	NaN	NaN	NaN	NaN	0	0	0	0	0	0	0	0	17307	0	0	0	18000	18000	18000	18000	6	NaN	0.05436264533879572	0.10740688935745084	0.03187625616654359	0.16284689832764365	NaN	NaN	4.5915581648631766e-8	NaN	0.03131437160836828	NaN	NaN	-0.0000014347743930110673	NaN	NaN	NaN	96191.2378140191	11.65999984741211	NaN	0	0	0	0	0.00027775845392413127	-1	0	2.1284075009491707	81.95411322275797	1.0001415539715026	-273.1499938964844	9.000817019436095	-273.1499938964844	239
DATA	2025-08-27T063000_AIU-0547.ghg	2025-08-27	07:00:00	239.291	1	18000	18000	0.03778579949550278	1	NaN	87.88347853294326	0	NaN	NaN	NaN	NaN	NaN	NaN	NaN	NaN	NaN	NaN	-0.016969545985631395	1	NaN	NaN	NaN	NaN	NaN	NaN	NaN	NaN	NaN	NaN	NaN	NaN	1.2403825853306836e-12	NaN	NaN	NaN	NaN	NaN	0	NaN	NaN	NaN	NaN	0	0.09236955035788316	2.2809703665862564	2.2809703665862564	0	1	NaN	NaN	NaN	NaN	9	285.30443611653646	284.6549428710938	95838.04281488716	1.1729426689611928	1005.3563872380578	0.024693964166207394	NaN	NaN	NaN	NaN	NaN	NaN	NaN	NaN	1.3081887171163664	0.5216575811170748	0.31594293656935846	1.4433656122741103	2.42498271038376e-14	1.3428479196064687e-14	1.4433656122741103	3.015050614188792	310.2597033645392	21.74029663546082	12.644034400612789	NaN	0.17948407255289844	0.23233660630701158	-5.557933543730282	-0.521776659829154	NaN	0.4152259587830298	1	13.466518989227701	6	11	18	27	44	103	0.037399937591298185	1.0103171804301185	86.69563596596879	1.0137012959618952	NaN	1	NaN	1	NaN	1	-0.01478104345329615	1.1480614368836872	NaN	NaN	800009909	800009909	800009909	800009909	800009919	800019919	899999999	899999999	89999	89999	89	89	7	1	2	33	0	0	7	NaN	0	0	0	0	0	0	0	0	0	NaN	NaN	NaN	NaN	0	0	0	0	0	0	0	0	13334	0	0	0	18000	18000	18000	18000	6	NaN	0.19498137811768948	0.20517849352177905	0.06451334097455465	0.2523825868777662	NaN	NaN	2.787415915407502e-7	NaN	0.07351913863476167	NaN	NaN	-0.00001478104345329615	NaN	NaN	NaN	96222.71262543403	11.65999984741211	NaN	0	0	0	0	0.0002769301077253961	-1	0	2.1366519727872473	79.614907544083	1.0001357943101061	-273.1499938964844	9.000781119346618	-273.1499938964844	105
DATA	2025-08-27T070000_AIU-0547.ghg	2025-08-27	07:30:00	239.312	1	18000	18000	0.016476728439246333	0	NaN	57.94751784749848	0	NaN	NaN	NaN	NaN	NaN	NaN	NaN	NaN	NaN	NaN	0.0055159434830194766	0	NaN	NaN	NaN	NaN	NaN	NaN	NaN	NaN	NaN	NaN	NaN	NaN	7.343501190183812e-13	NaN	NaN	NaN	NaN	NaN	0	NaN	NaN	NaN	NaN	0	0.09275133683221157	2.2866178062807108	2.2866178062807108	0.9	0	NaN	NaN	NaN	NaN	9	284.86556506277014	284.28275622751255	95870.9728440296	1.1748818522963007	1005.348766738758	0.024653205920009903	NaN	NaN	NaN	NaN	NaN	NaN	NaN	NaN	1.4735468883564193	0.2577405546736337	0.267812499159373	1.5197019972396502	-1.5992610908662813e-14	7.917407382999024e-15	1.5197019972396502	3.0214579262887304	322.0786648305444	9.92133516945557	10.150068883818996	NaN	0.11842363680567311	0.1828635460813946	-2.421733908228739	-1.1974891172585784	NaN	0.414271921440712	1	19.304170430186026	9	15	25	37	58	128	0.016313207809471833	1.0100238182265757	57.17100045204898	1.0135823649981566	NaN	1	NaN	1	NaN	1	0.004803903340203725	1.1482211635810213	NaN	NaN	800009909	800009909	800009909	800009919	800009919	800019919	899999999	899999999	89999	89999	89	89	3	2	0	70	0	0	1	NaN	0	0	0	0	0	0	0	0	0	NaN	NaN	NaN	NaN	0	6	0	0	0	0	0	0	15325	0	0	0	18000	18000	18000	18000	6	NaN	0.1917369914590474	0.12322469431130953	0.05076540639243224	0.14430615692921755	NaN	NaN	7.45543539142399e-8	NaN	0.04840217160208036	NaN	NaN	0.0000048039033402037255	NaN	NaN	NaN	96257.78172569444	11.65999984741211	NaN	0	0	0	0	0.00027641612274843894	-1	0	2.141855858484904	79.22500686143951	1.0001287718978193	-273.1499938964844	9.000740438832176	-273.1499938964844	087
DATA	2025-08-27T073000_AIU-0547.ghg	2025-08-27	08:00:00	239.333	1	18000	18000	0.014742769943349101	1	NaN	48.78830744688678	0	NaN	NaN	NaN	NaN	NaN	NaN	NaN	NaN	NaN	NaN	-0.014821294690335348	1	NaN	NaN	NaN	NaN	NaN	NaN	NaN	NaN	NaN	NaN	NaN	NaN	1.359584576790381e-12	NaN	NaN	NaN	NaN	NaN	0	NaN	NaN	NaN	NaN	0	0.09235477200053961	2.279565432983016	2.279565432983016	-0.1	0	NaN	NaN	NaN	NaN	9	285.20080408138693	284.6672850663927	95885.92392100695	1.173477796087148	1005.356641354569	0.024682703271355563	NaN	NaN	NaN	NaN	NaN	NaN	NaN	NaN	0.9626103050376904	-0.25173128732230654	0.18654438208106625	1.012317167130838	7.626255255163317e-14	1.4721324597958372e-14	1.012317167130838	2.6075678013169004	346.65517277393553	345.34482722606447	10.61884530716941	NaN	0.11208618974272042	0.19593434641094076	-2.4391493883584476	-1.188939067791869	NaN	0.3689509374679649	1	12.287116902152503	6	10	16	24	38	85	0.014554888742970368	1.0129084600848959	48.064952937533405	1.015049520807676	NaN	1	NaN	1	NaN	1	-0.012906055199290209	1.1483985200334856	NaN	NaN	800009909	800009909	800009909	800009909	800009909	800019909	899999999	899999999	89999	89999	89	89	4	4	0	59	0	0	0	NaN	0	0	0	0	0	0	0	0	0	NaN	NaN	NaN	NaN	0	0	0	0	0	0	0	0	16812	0	0	0	18000	18000	18000	18000	6	NaN	0.15662151981483327	0.19471895434554667	0.0405282186615016	0.17375976967634033	NaN	NaN	7.859043321871443e-8	NaN	0.04074116970163508	NaN	NaN	-0.000012906055199290209	NaN	NaN	NaN	96277.60405837673	11.656697549608019	NaN	0	0	0	0	0.000276768978759517	-1	0	2.13635957939095	81.24749028015134	1.0001288577831453	-273.1499938964844	9.00073406651285	-273.1499938964844	193
DATA	2025-08-27T080000_AIU-0547.ghg	2025-08-27	08:30:00	239.354	1	18000	18000	0.02266094673658005	1	NaN	35.258553987231906	0	NaN	NaN	NaN	NaN	NaN	NaN	NaN	NaN	NaN	NaN	-0.013976024323746323	0	NaN	NaN	NaN	NaN	NaN	NaN	NaN	NaN	NaN	NaN	NaN	NaN	2.363391222959542e-13	NaN	NaN	NaN	NaN	NaN	0	NaN	NaN	NaN	NaN	0	0.09124979484953835	2.2613185393588213	2.2613185393588213	-0.4	0	NaN	NaN	NaN	NaN	9	286.3734859390258	285.8527635413277	95900.87480447048	1.1687934045832424	1005.3814715778055	0.02478162874872767	NaN	NaN	NaN	NaN	NaN	NaN	NaN	NaN	0.25123846754966395	-0.5425159021813033	0.14605634556763053	0.6154483957058382	7.391632915225656e-15	2.590023601539635e-15	0.6154483957058382	1.9315038752320146	37.15120167591158	294.8487983240884	13.728239406555746	NaN	0.13924196673424982	0.13648028410712104	-6.471468705665779	-0.448120841171811	NaN	0.21548930418084727	1	5.565935553457121	3	4	8	12	20	48	0.022248355348945037	1.0185448039265779	34.61677099868929	1.0185396549137098	NaN	1	NaN	1	NaN	1	-0.012127164260852568	1.1524560913932715	NaN	NaN	800009909	800009909	800009909	800009909	800009909	800009919	899999999	899999999	89999	89999	89	89	4	1	0	16	0	0	1	NaN	0	0	0	0	0	0	0	0	0	NaN	NaN	NaN	NaN	0	0	0	0	0	0	0	0	17703	0	0	0	18000	18000	18000	18000	6	NaN	0.0666389932219975	0.17596199573327778	0.03035957925896683	0.307172468303845	NaN	NaN	2.7028750963582357e-7	NaN	0.02945899492433429	NaN	NaN	-0.000012127164260852568	NaN	NaN	NaN	96299.10898480903	11.649999618530273	NaN	0	0	0	0	0.00027760992749568285	-1	0	2.1222424286074126	82.34830141088699	1.0001284038523832	-273.1499938964844	9.000768117984135	-273.1499938964844	149
DATA	2025-08-27T083000_AIU-0547.ghg	2025-08-27	09:00:00	239.374	1	18000	18000	0.0134343008245818	1	NaN	19.833507672211642	1	NaN	NaN	NaN	NaN	NaN	NaN	NaN	NaN	NaN	NaN	0.0015802464947729405	2	NaN	NaN	NaN	NaN	NaN	NaN	NaN	NaN	NaN	NaN	NaN	NaN	2.505789786534115e-13	NaN	NaN	NaN	NaN	NaN	0	NaN	NaN	NaN	NaN	0	0.08955951837625582	2.2392925687818335	2.2392925687818335	0	1	NaN	NaN	NaN	NaN	9	287.7612000045777	288.4572886122506	95916.30669883646	1.158426568073205	1005.4389585345092	0.02500340119488091	NaN	NaN	NaN	NaN	NaN	NaN	NaN	NaN	-0.054392903489135204	-0.6285480874106164	0.12608876307816405	0.6433736568372237	-3.3592262931362536e-15	2.797904490739707e-15	0.6433736568372237	1.5202795434183138	66.94590493161041	265.0540950683896	11.302013910230343	NaN	0.10768947997380003	0.07827882336383317	-5.322944551392536	-0.5448112359617443	NaN	0.15812554312606844	1	8.600224197494015	4	7	12	18	29	68	0.013197669033631355	1.0179298170265856	19.480018753663245	1.0181462309158158	NaN	1	NaN	1	NaN	1	0.0013718175450778433	1.1519363492929156	NaN	NaN	800009909	800009909	800009909	800009919	800009919	800109919	899999999	899999999	89999	89999	89	89	3	3	6	12	0	0	0	NaN	0	0	0	0	0	0	0	0	0	NaN	NaN	NaN	NaN	0	16	0	0	0	0	0	0	15509	0	0	0	18000	18000	18000	18000	6	NaN	0.08944118437609211	0.0529786207992781	0.014137841552296148	0.19669768267866358	NaN	NaN	4.0954709324411193e-7	NaN	0.016724962478625503	NaN	NaN	0.0000013718175450778433	NaN	NaN	NaN	96330.55572005209	11.66326992225647	NaN	0	0	0	0	0.0002788640111781814	-1	0	2.1078778801405877	83.1260652693737	1.0001546467906899	-285.30286940680685	9.0009639872445	-273.1499938964844	220
DATA	2025-08-27T090000_AIU-0547.ghg	2025-08-27	09:30:00	239.395	1	18000	18000	0.09612598956198667	0	NaN	48.63861812116573	1	NaN	NaN	NaN	NaN	NaN	NaN	NaN	NaN	NaN	NaN	-0.07691625472893925	1	NaN	NaN	NaN	NaN	NaN	NaN	NaN	NaN	NaN	NaN	NaN	NaN	-1.8248884302537316e-12	NaN	NaN	NaN	NaN	NaN	0	NaN	NaN	NaN	NaN	0	0.09029077804418613	2.2747108944481935	2.2747108944481935	-0.7	0	NaN	NaN	NaN	NaN	9	289.1908958316378	290.6990451749151	95933.61571712117	1.1497006756437875	1005.4916680248035	0.025193169709258733	NaN	NaN	NaN	NaN	NaN	NaN	NaN	NaN	-0.19588464655922444	-0.4679307578049231	0.14006748428240218	0.5262593362693477	-3.634520134939879e-14	-2.0211238287930972e-14	0.5262593362693477	2.844044991860694	84.71510571328986	247.28489428671014	15.435699493916205	NaN	0.2891532103971404	0.3380532462049262	-42.02552807725995	-0.0690056766132391	NaN	0.1455090302464033	0	77.64683836786301	-11.78320728574285	26.653646963592536	66.37134958885788	101.22049590353386	141.96318472540213	212.68671979790616	0.09415639035457202	1.0209183805793487	47.6816063188737	1.0200708800767313	NaN	1	NaN	1	NaN	1	-0.06662060501520481	1.1545415222720457	NaN	NaN	800009909	800009909	800009909	800009919	800009919	800109919	899999999	899999999	89999	89999	89	89	0	1	1	7	0	0	0	NaN	0	0	0	0	0	0	0	0	0	NaN	NaN	NaN	NaN	0	4	0	0	0	0	0	0	6678	0	0	0	18000	18000	18000	18000	6	NaN	0.3279052071279046	0.26467298328781275	0.08352830199413507	0.3632119275709749	NaN	NaN	5.244711965999845e-7	NaN	0.04124654870488727	NaN	NaN	-0.00006662060501520481	NaN	NaN	NaN	96350.8941124132	11.670000076293945	NaN	0	0	0	0	0.00028199351770066025	-1	0	2.1469496063060225	83.31966429583233	1.0001407414608532	-312.71749555799636	9.001002366675271	-273.1499938964844	107
DATA	2025-08-27T093000_AIU-0547.ghg	2025-08-27	10:00:00	239.416	1	18000	18000	0.17269315559496984	0	NaN	37.77311971685768	0	NaN	NaN	NaN	NaN	NaN	NaN	NaN	NaN	NaN	NaN	0.0042285887457202374	2	NaN	NaN	NaN	NaN	NaN	NaN	NaN	NaN	NaN	NaN	NaN	NaN	-6.884483385038177e-13	NaN	NaN	NaN	NaN	NaN	0	NaN	NaN	NaN	NaN	0	0.08959912309044592	2.261017058882955	2.261017058882955	0	1	NaN	NaN	NaN	NaN	9	290.20907275644936	291.23960217500905	95953.40032093256	1.1478034321069337	1005.5048250033954	0.025234812360837158	NaN	NaN	NaN	NaN	NaN	NaN	NaN	NaN	0.6294069207671553	-0.23889320504747025	0.18871968351224175	0.6991696176696849	-9.449693079815955e-14	-7.683650405918179e-15	0.6991696176696849	3.768883965525232	352.78440173076115	339.2155982692388	15.659491149491242	NaN	0.3878857305557529	0.8004093483230847	-130.64973457308557	-0.022196753858521906	NaN	0.08437763994939128	0	79.87503320033211	-12.121344448000716	27.41851414529755	68.27597701846746	104.12517290845825	146.03703552544857	218.79009064918657	0.1698329178781769	1.016841480159015	37.12511499506794	1.0174546185749411	NaN	1	NaN	1	NaN	1	0.0036736925153274067	1.1510459103688424	NaN	NaN	800009909	800009909	800009909	800009919	800009919	800019919	899999999	899999999	89999	89999	89	89	1	0	0	33	0	0	0	NaN	0	0	0	0	0	0	0	0	0	NaN	NaN	NaN	NaN	0	8	0	0	0	0	0	0	7254	0	0	0	18000	18000	18000	18000	6	NaN	0.63900591365794	0.821767967742659	0.14004481524557047	0.09706354404137153	NaN	NaN	2.151783686879484e-7	NaN	0.03216741259691795	NaN	NaN	0.0000036736925153274067	NaN	NaN	NaN	96357.5393641493	11.670000076293945	NaN	0	0	0	0	0.00028301346477948956	-1	0	2.1357288440267266	83.27850569149894	1.0001407912837135	-273.1499938964844	9.00108531996939	-273.1499938964844	074
DATA	2025-08-27T100000_AIU-0547.ghg	2025-08-27	10:30:00	239.437	1	18000	18000	0.07756241995582408	0	NaN	41.75274757453732	0	NaN	NaN	NaN	NaN	NaN	NaN	NaN	NaN	NaN	NaN	0.004471506270650191	2	NaN	NaN	NaN	NaN	NaN	NaN	NaN	NaN	NaN	NaN	NaN	NaN	-7.407929906713805e-13	NaN	NaN	NaN	NaN	NaN	0	NaN	NaN	NaN	NaN	0	0.0893530909294883	2.2566822092352896	2.2566822092352896	0	1	NaN	NaN	NaN	NaN	9	290.79616250779895	291.5556279763116	95977.76325217015	1.1468504096301797	1005.5125974372257	0.0252557822651722	NaN	NaN	NaN	NaN	NaN	NaN	NaN	NaN	1.0646776770418434	0.6505837814545212	0.23580111148350905	1.2698031252362656	2.977644066671767e-14	-8.290625237082918e-15	1.2698031252362656	4.399409629981832	300.5724945058393	31.42750549416071	10.701885627954303	NaN	0.26005923956847177	0.58329638670062	-35.628198351215346	-0.08139620116101311	NaN	0.13922540232330494	0	64.32320123575805	-9.761293948024885	22.080073488421665	54.982504962622215	83.85178925560703	117.60332669179935	176.19121351625128	0.07670829457302661	1.011134720013679	41.172938476245186	1.0140822860779455	NaN	1	NaN	1	NaN	1	0.0038953553999333717	1.1479071385185222	NaN	NaN	800009909	800009909	800009909	800009909	800009909	800019909	899999999	899999999	89999	89999	89	89	3	1	2	56	0	0	0	NaN	0	0	0	0	0	0	0	0	0	NaN	NaN	NaN	NaN	0	0	0	0	0	0	0	0	6913	0	0	0	18000	18000	18000	18000	6	NaN	0.6416028183181093	0.41681854057043877	0.10817141451269205	0.09043681552307407	NaN	NaN	1.315841372668891e-7	NaN	0.035704057504886005	NaN	NaN	0.0000038953553999333715	NaN	NaN	NaN	96375.23738151042	11.670000076293945	NaN	0	0	0	0	0.0002832489211092858	-1	0	2.13290722890695	83.30821390686337	1.00012477246258	-273.1499938964844	9.00103478969468	-273.1499938964844	052
DATA	2025-08-27T103000_AIU-0547.ghg	2025-08-27	11:00:00	239.458	1	18000	18000	0.2989622102235279	1	NaN	84.9908042076507	1	NaN	NaN	NaN	NaN	NaN	NaN	NaN	NaN	NaN	NaN	-0.05345697764914717	1	NaN	NaN	NaN	NaN	NaN	NaN	NaN	NaN	NaN	NaN	NaN	NaN	1.4316823003285839e-12	NaN	NaN	NaN	NaN	NaN	0	NaN	NaN	NaN	NaN	0	0.0895741674281158	2.2685627541415068	2.2685627541415068	-0.1	0	NaN	NaN	NaN	NaN	9	291.34291495598677	292.38112190518285	95982.3394531033	1.1436669779660398	1005.5331800019702	0.025326082499868636	NaN	NaN	NaN	NaN	NaN	NaN	NaN	NaN	0.4800284657411508	0.08719538615275259	0.16398107350927213	0.5147039496228858	5.268987384379308e-14	1.5983205219044026e-14	0.5147039496228858	5.156186063280581	321.70468777021466	10.295312229785349	18.57785658899984	NaN	0.5112794731483801	0.7298495232468363	-133.0113995379634	-0.021802642556003612	NaN	0.1445498330276875	0	97.19112569127827	-14.749128289414186	33.36256834948803	83.07751243687879	126.69844834230344	177.6963752833411	266.2215506935507	0.29273225783450946	1.0212820836183365	83.29925454143621	1.0203069004101717	NaN	1	NaN	1	NaN	1	-0.04628831821362404	1.1548697319794432	NaN	NaN	800009909	800009909	800009909	800009919	800009919	800019919	899999999	899999999	89999	89999	89	89	4	1	0	33	0	0	0	NaN	0	0	0	0	0	0	0	0	0	NaN	NaN	NaN	NaN	0	1	0	0	0	0	0	0	6474	0	0	0	18000	18000	18000	18000	6	NaN	1.0245904950496094	0.28612537100325014	0.14898318044081307	0.1529424561207743	NaN	NaN	8.985888891398092e-8	NaN	0.07243444344478296	NaN	NaN	-0.00004628831821362404	NaN	NaN	NaN	96386.5806592882	11.670000076293945	NaN	0	0	0	0	0.0002841221910267552	-1	0	2.1462373173170617	82.85706124648694	1.0001316082808707	-273.1499938964844	9.00105981461207	-273.1499938964844	223
DATA	2025-08-27T110000_AIU-0547.ghg	2025-08-27	11:30:00	239.479	1	18000	18000	0.17455561057810662	0	NaN	81.9022492784752	0	NaN	NaN	NaN	NaN	NaN	NaN	NaN	NaN	NaN	NaN	-0.028106809075190177	0	NaN	NaN	NaN	NaN	NaN	NaN	NaN	NaN	NaN	NaN	NaN	NaN	2.0494675988824982e-13	NaN	NaN	NaN	NaN	NaN	0	NaN	NaN	NaN	NaN	0	0.08903162894520378	2.257435888702061	2.257435888702061	-0.1	0	NaN	NaN	NaN	NaN	9	291.9599815656874	292.6822216627333	95969.9475340712	1.142342916501381	1005.540788351001	0.025355437336673278	NaN	NaN	NaN	NaN	NaN	NaN	NaN	NaN	0.6221095850672371	0.21176548438610457	0.1786275556434301	0.6810086341926311	3.4814441529914436e-14	2.3019545111815064e-15	0.6810086341926311	4.066003553293814	313.2014768352057	18.798523164794315	15.20649190233323	NaN	0.39090269061550625	0.7463582891809123	-61.68209706050936	-0.04701526274560893	NaN	0.18240258310873034	0	78.58797942486515	-11.926029072088362	26.976710233180334	67.17582280914253	102.44736832367815	143.68389073914696	215.26465096018472	0.1716079082042255	1.0171769611594657	80.4803906641747	1.0176671435434945	NaN	1	NaN	1	NaN	1	-0.024412768804712534	1.1513159076722408	NaN	NaN	800009909	800009909	800009909	800009909	800009909	800019919	899999999	899999999	89999	89999	89	89	0	5	0	26	0	0	0	NaN	0	0	0	0	0	0	0	0	0	NaN	NaN	NaN	NaN	0	0	0	0	0	0	0	0	3007	0	0	0	18000	18000	18000	18000	6	NaN	0.8335906854643005	0.5109989464027268	0.1481269464947975	0.1622556467778467	NaN	NaN	4.18616776260702e-8	NaN	0.0700638327225053	NaN	NaN	-0.000024412768804712535	NaN	NaN	NaN	96362.2839765625	11.670000076293945	NaN	0	0	0	0	0.00028444063412542975	-1	0	2.1362040065924326	82.50892259064429	1.0001194806231393	-280.9423692236992	9.000994446012708	-273.1499938964844	217
DATA	2025-08-27T113000_AIU-0547.ghg	2025-08-27	12:00:00	239.499	1	18000	18000	0.5477665028749422	1	NaN	6.266909698172	2	NaN	NaN	NaN	NaN	NaN	NaN	NaN	NaN	NaN	NaN	-0.02097664903593096	1	NaN	NaN	NaN	NaN	NaN	NaN	NaN	NaN	NaN	NaN	NaN	NaN	2.0661460140935604e-12	NaN	NaN	NaN	NaN	NaN	0	NaN	NaN	NaN	NaN	0	0.08870278559583758	2.2474376439380963	2.2474376439380963	0	0	NaN	NaN	NaN	NaN	9	292.38735645718043	292.4284422166612	95957.56934375	1.1431868138253103	1005.5343721469678	0.02533672002340768	NaN	NaN	NaN	NaN	NaN	NaN	NaN	NaN	0.33339729751031877	0.22468435153872862	0.23362918492895765	0.46499399121287166	-3.8183708313866e-14	2.329291014047382e-14	0.46499399121287166	4.542923456991784	298.02303475753604	33.97696524246397	30.161219362155315	NaN	0.6922120132203394	0.8702455380416728	-4475.79483755816	-0.0006479296092092863	NaN	0.007875899716786917	0	90.68391349642896	-13.761633733860481	31.128852976081625	77.51524532450686	118.21564003796965	165.79911602227213	248.39728835598393	0.5354315992144077	1.0230373098611147	6.135308328912867	1.0214498379224002	NaN	1	NaN	1	NaN	1	-0.018138392440865896	1.1564778468829717	NaN	NaN	800009909	800009909	800009909	800009909	800009909	800109909	899999999	899999999	89999	89999	89	89	18	3	0	26	0	0	0	NaN	0	0	0	0	0	0	0	0	0	NaN	NaN	NaN	NaN	0	0	0	0	0	0	0	0	4414	0	0	0	18000	18000	18000	18000	6	NaN	1.0157155575461858	0.4000326017716751	0.3247429167654847	0.11257022148567139	NaN	NaN	5.055458002143294e-8	NaN	0.005337308007182578	NaN	NaN	-0.000018138392440865894	NaN	NaN	NaN	96332.69320659722	11.670000076293945	NaN	0	0	0	0	0.00028468123086430647	-1	0	2.1258663973278464	82.78808078723485	1.0001113767905367	-288.0483695220975	9.000950837161806	-273.1499938964844	201
DATA	2025-08-27T120000_AIU-0547.ghg	2025-08-27	12:30:00	239.52	1	18000	18000	0.1250170133738244	1	NaN	49.12194969851278	0	NaN	NaN	NaN	NaN	NaN	NaN	NaN	NaN	NaN	NaN	-0.02778242342003242	0	NaN	NaN	NaN	NaN	NaN	NaN	NaN	NaN	NaN	NaN	NaN	NaN	-2.222456725303975e-12	NaN	NaN	NaN	NaN	NaN	0	NaN	NaN	NaN	NaN	0	0.08885641610108092	2.2554976488230736	2.2554976488230736	-0.1	0	NaN	NaN	NaN	NaN	9	292.78530815378826	292.9206379538039	95941.47817370063	1.1410745329619905	1005.5468510178611	0.025383621665061015	NaN	NaN	NaN	NaN	NaN	NaN	NaN	NaN	0.982138173571673	0.5816295604647842	0.270832533741679	1.1731319614289726	-7.154547018648784e-14	-2.5011775433028512e-14	1.1731319614289726	4.167925515184952	301.3656659147747	30.63433408522532	13.347873919444389	NaN	0.3309996643697921	0.7196413830185242	-62.426165937002594	-0.046454879239685117	NaN	0.12933966139569736	0	72.15978554805564	-10.950525851151818	24.77011929132788	61.68109936655528	94.06756837751549	131.9311021650547	197.65683203771505	0.1235705828052658	1.0117052985890502	48.42569490376363	1.0143777966662701	NaN	1	NaN	1	NaN	1	-0.024201283931543215	1.1479731198815306	NaN	NaN	800009909	800009909	800009909	800009919	800019919	800119919	899999999	899999999	89999	89999	89	89	0	0	0	64	0	0	0	NaN	0	0	0	0	0	0	0	0	0	NaN	NaN	NaN	NaN	0	1	0	0	0	0	0	0	2104	0	0	0	18000	18000	18000	18000	6	NaN	0.7987668334541396	0.5090527687333755	0.13146316384953335	0.11386776032513221	NaN	NaN	3.865765080739775e-8	NaN	0.04220457570382261	NaN	NaN	-0.000024201283931543215	NaN	NaN	NaN	96332.71975477431	11.670000076293945	NaN	0	0	0	0	0.0002850534130476363	-1	0	2.134375071717632	82.57161758486784	1.0001158455047343	-273.1499938964844	9.001017700857586	-273.1499938964844	239
DATA	2025-08-27T123000_AIU-0547.ghg	2025-08-27	13:00:00	239.541	1	18000	18000	0.02995323732869733	1	NaN	36.203707246386784	1	NaN	NaN	NaN	NaN	NaN	NaN	NaN	NaN	NaN	NaN	-0.015001879287634235	1	NaN	NaN	NaN	NaN	NaN	NaN	NaN	NaN	NaN	NaN	NaN	NaN	-8.784697405629399e-13	NaN	NaN	NaN	NaN	NaN	0	NaN	NaN	NaN	NaN	0	0.08872347564477887	2.2535773900990796	2.2535773900990796	0	0	NaN	NaN	NaN	NaN	9	293.13309450700547	293.0340861138238	95916.7005251736	1.140338188435093	1005.5497477474688	0.02540001249637357	NaN	NaN	NaN	NaN	NaN	NaN	NaN	NaN	1.2435575670676358	0.4983452830180659	0.23815025224208503	1.3606979776425285	4.1119796253856706e-14	-9.901209732585983e-15	1.3606979776425285	4.444064219617857	310.1619687530447	21.83803124695534	10.079860143101541	NaN	0.16207090212756317	0.9437130135877159	-9.941292701939638	-0.2917125656539801	NaN	0.19480978407030056	1	16.349950003918874	7	13	22	34	56	135	0.029636782807224787	1.0106777622770646	35.70872479287407	1.0138616670403051	NaN	1	NaN	1	NaN	1	-0.013068420593012017	1.1479489186058247	NaN	NaN	800009909	800009909	800009909	800009909	800009909	800009909	899999999	899999999	89999	89999	89	89	0	5	0	22	0	0	2	NaN	0	0	0	0	0	0	0	0	0	NaN	NaN	NaN	NaN	0	0	0	0	0	0	0	0	803	0	0	0	18000	18000	18000	18000	6	NaN	0.9654430800195235	0.7450490297833278	0.17693391737258066	0.08895693227407302	NaN	NaN	2.2216258126008967e-8	NaN	0.031141326745016625	NaN	NaN	-0.000013068420593012017	NaN	NaN	NaN	96302.48371050348	11.676604356977673	NaN	0	0	0	0	0.0002857358374587623	-1	0	2.1323255278534363	82.55076755926342	1.0001074509024621	-273.1499938964844	9.000986459546619	-273.1499938964844	250
DATA	2025-08-27T130000_AIU-0547.ghg	2025-08-27	13:30:00	239.562	1	18000	18000	0.10128176242368087	1	NaN	54.58941955013238	1	NaN	NaN	NaN	NaN	NaN	NaN	NaN	NaN	NaN	NaN	-0.03487279540768568	1	NaN	NaN	NaN	NaN	NaN	NaN	NaN	NaN	NaN	NaN	NaN	NaN	-1.8295264486026962e-12	NaN	NaN	NaN	NaN	NaN	0	NaN	NaN	NaN	NaN	0	0.08859694056764272	2.2506964424059324	2.2506964424059324	-0.1	0	NaN	NaN	NaN	NaN	9	293.0360848676894	292.9934256795246	95889.20022222222	1.140169447884067	1005.548708664126	0.02540377159736743	NaN	NaN	NaN	NaN	NaN	NaN	NaN	NaN	1.0070550479731712	0.47415237208708194	0.22392914564980806	1.1353962321039082	5.697994168951533e-14	-2.0649995777290685e-14	1.1353962321039082	5.479407491939058	306.7875067575611	25.212493242438885	11.374763408018921	NaN	0.2980443719059561	1.016978180810498	-40.99450905449706	-0.07074118136516316	NaN	0.15975521320444755	0	60.72442979169133	-9.215166497238672	20.844731707750878	51.90632925958921	79.16042721345752	111.0236247227621	166.33362098795436	0.10008515440919884	1.0119558991695181	53.80849135408632	1.0145131033484505	NaN	1	NaN	1	NaN	1	-0.030376091900923236	1.1480343001801945	NaN	NaN	800009909	800009909	800009909	800009909	800009909	800009919	899999999	899999999	89999	89999	89	89	5	8	1	66	0	0	4	NaN	0	0	0	0	0	0	0	0	0	NaN	NaN	NaN	NaN	0	0	0	0	0	0	0	0	7410	0	0	0	18000	18000	18000	18000	6	NaN	1.2333240254995423	0.6365581363392551	0.1640741997821985	0.17451474766755848	NaN	NaN	9.29960694255801e-8	NaN	0.0469329987173836	NaN	NaN	-0.000030376091900923237	NaN	NaN	NaN	96276.7512421875	11.6899995803833	NaN	0	0	0	0	0.00028547716621607017	-1	0	2.128933196643988	82.66647126344046	1.0001122381405698	-273.3518689049614	9.000981520228915	-273.1499938964844	120
DATA	2025-08-27T133000_AIU-0547.ghg	2025-08-27	14:00:00	239.583	1	18000	18000	0.17450466330084255	1	NaN	31.65782463918653	1	NaN	NaN	NaN	NaN	NaN	NaN	NaN	NaN	NaN	NaN	-0.008015240841735898	1	NaN	NaN	NaN	NaN	NaN	NaN	NaN	NaN	NaN	NaN	NaN	NaN	1.44058408371125e-13	NaN	NaN	NaN	NaN	NaN	0	NaN	NaN	NaN	NaN	0	0.08818628744781018	2.2425189364633398	2.2425189364633398	0	0	NaN	NaN	NaN	NaN	9	293.3498723907471	293.22300331793895	95867.85237326389	1.1390231197006409	1005.5545884469748	0.02542933829469227	NaN	NaN	NaN	NaN	NaN	NaN	NaN	NaN	1.0578746794961358	0.304671693599487	0.24799189378292696	1.1284607471160615	-1.6604564432645653e-13	1.633569260485999e-15	1.1284607471160615	4.905974764149282	315.93341012075285	16.066589879247122	12.695007817845319	NaN	0.3914148053034099	0.9941129187312642	-160.0868152843709	-0.01811517078935309	NaN	0.07061640896652123	0	91.59307354632028	-13.899602278993411	31.440938200832193	78.29238166092381	119.40082198536199	167.46135055519932	250.8876185850988	0.17243478988548788	1.0120038039697745	31.2041372446988	1.01453933466995	NaN	1	NaN	1	NaN	1	-0.006981626392498441	1.1480478030660657	NaN	NaN	800009909	800009909	800009909	800009909	800009919	801019919	899999999	899999999	89999	89999	89	89	1	1	0	19	0	0	2	NaN	0	0	0	0	0	0	0	0	0	NaN	NaN	NaN	NaN	0	0	0	0	0	0	0	0	2204	0	0	0	18000	18000	18000	18000	6	NaN	1.3047062315112776	0.5822439711984599	0.10127563475279079	0.20185679214812702	NaN	NaN	1.3320947213698588e-7	NaN	0.02724419549080255	NaN	NaN	-0.000006981626392498441	NaN	NaN	NaN	96239.01652387154	11.6899995803833	NaN	0	0	0	0	0.00028594526172188734	-1	0	2.121330518517229	82.53802385011602	1.0001065944400098	-273.1499938964844	9.000969140317705	-273.1499938964844	031
DATA	2025-08-27T140000_AIU-0547.ghg	2025-08-27	14:30:00	239.604	1	18000	18000	0.0867611105430267	0	NaN	18.209948084315318	1	NaN	NaN	NaN	NaN	NaN	NaN	NaN	NaN	NaN	NaN	-0.02133258985123953	0	NaN	NaN	NaN	NaN	NaN	NaN	NaN	NaN	NaN	NaN	NaN	NaN	1.709188193596127e-12	NaN	NaN	NaN	NaN	NaN	0	NaN	NaN	NaN	NaN	0	0.0884288697164021	2.2522849390372652	2.2522849390372652	-0.1	0	NaN	NaN	NaN	NaN	9	293.4853326882256	293.6483344590929	95853.57238693576	1.1372038990313458	1005.5655645365591	0.0254700184030454	NaN	NaN	NaN	NaN	NaN	NaN	NaN	NaN	0.7637241315552867	0.20401089608512485	0.22511651690239443	0.8219321389406422	-4.3369838240604734e-14	1.932839579514721e-14	0.8219321389406422	3.9611029528894965	317.0439923469928	14.956007653007179	15.895696828960782	NaN	0.2762125333660154	0.5227002144725464	-97.79234750618375	-0.029654672108332638	NaN	0.057652294159799805	0	68.81054506363859	-10.442265686189044	23.620433414294524	58.818218974758096	89.7014951431261	125.80762237407478	188.48274346671352	0.08548316934436184	1.0149496235161424	17.918365828995043	1.0162728151720424	NaN	1	NaN	1	NaN	1	-0.018556186321422447	1.1496214513976843	NaN	NaN	800009909	800009909	800009909	800009909	800009909	800009909	899999999	899999999	89999	89999	89	89	0	1	0	18	0	0	0	NaN	0	0	0	0	0	0	0	0	0	NaN	NaN	NaN	NaN	0	0	0	0	0	0	0	0	7106	0	0	0	18000	18000	18000	18000	6	NaN	0.5298357643033398	0.4124699679852548	0.10309469665649837	0.21097271397820275	NaN	NaN	3.035419126110855e-8	NaN	0.015669302559810437	NaN	NaN	-0.000018556186321422446	NaN	NaN	NaN	96249.49314453124	11.6899995803833	NaN	0	0	0	0	0.000286453338485444	-1	0	2.131344633168644	82.4843466903192	1.0000975881252023	-285.3432444085035	9.000909064133962	-273.1499938964844	185
DATA	2025-08-27T143000_AIU-0547.ghg	2025-08-27	15:00:00	239.624	1	18000	18000	0.058403564827117276	0	NaN	33.40671505243517	0	NaN	NaN	NaN	NaN	NaN	NaN	NaN	NaN	NaN	NaN	-0.01893339838263428	0	NaN	NaN	NaN	NaN	NaN	NaN	NaN	NaN	NaN	NaN	NaN	NaN	4.933539523816179e-13	NaN	NaN	NaN	NaN	NaN	0	NaN	NaN	NaN	NaN	0	0.0884575985644856	2.2528150742433173	2.2528150742433173	0.1	0	NaN	NaN	NaN	NaN	9	293.4598074383206	293.53691223483617	95825.77563845486	1.1373056596659357	1005.5626787788971	0.025467739468430346	NaN	NaN	NaN	NaN	NaN	NaN	NaN	NaN	0.42958944016605666	-0.2836524007890883	0.17102523233241393	0.5424531331552618	1.877267318862613e-14	5.577293080389955e-15	0.5424531331552618	2.594520883252338	5.436271292777292	326.5637287072227	18.37778568806441	NaN	0.22661104732796172	0.3650089100118926	-29.430776120735317	-0.0985363073030486	NaN	0.12890398635981606	0	64.18160388138351	-9.739806003212461	22.031467698748717	54.86146967379918	83.66720280328406	117.34444156784278	175.8033564255182	0.057234105772699315	1.0204329051468433	32.75950379664875	1.0197564425824004	NaN	1	NaN	1	NaN	1	-0.016405239901775802	1.1541067668620204	NaN	NaN	800009909	800009909	800009909	800009909	800009909	800009919	899999999	899999999	89999	89999	89	89	1	0	0	21	0	0	0	NaN	0	0	0	0	0	0	0	0	0	NaN	NaN	NaN	NaN	0	0	0	0	0	0	0	0	6915	0	0	0	18000	18000	18000	18000	6	NaN	0.2802903431472937	0.3671383643687414	0.08258911250775011	0.05783474283204825	NaN	NaN	2.6787735951024234e-8	NaN	0.028645141265078937	NaN	NaN	-0.000016405239901775802	NaN	NaN	NaN	96210.11378645833	11.6899995803833	NaN	0	0	0	0	0.0002861306918881988	-1	0	2.131002697838677	82.32924855839764	1.0000884592367543	-273.1499938964844	9.000938236527972	-273.1499938964844	198
DATA	2025-08-27T150000_AIU-0547.ghg	2025-08-27	15:30:00	239.645	1	18000	18000	0.2325754338567843	1	NaN	2.095659978460051	2	NaN	NaN	NaN	NaN	NaN	NaN	NaN	NaN	NaN	NaN	0.03134754624916752	2	NaN	NaN	NaN	NaN	NaN	NaN	NaN	NaN	NaN	NaN	NaN	NaN	-1.096527618684451e-12	NaN	NaN	NaN	NaN	NaN	0	NaN	NaN	NaN	NaN	0	0.0875710747604008	2.24155649332213	2.24155649332213	0	1	NaN	NaN	NaN	NaN	9	294.2458386289808	294.9500893753061	95800.88991943047	1.1315626130961562	1005.599825930287	0.02559699649062376	NaN	NaN	NaN	NaN	NaN	NaN	NaN	NaN	0.6597608273816301	-0.12794498400465487	0.21628104560274142	0.7059969964286387	-2.3735456262992445e-14	-1.2521573152831685e-14	0.7059969964286387	6.615304510386755	342.97493279694345	349.0250672030565	17.83930488406799	NaN	0.4533594000773845	0.9782206592779201	-3756.0798233796327	-0.0007720815681149843	NaN	0.004062322659131543	0	89.63477828829767	-13.602423418437022	30.76871880909692	76.61846032812406	116.84798633475258	163.8809622572953	245.5235444826688	0.22875084886995273	1.0167194351659254	2.0598642909068774	1.0173776921669992	NaN	1	NaN	1	NaN	1	0.027236274923620903	1.1509483707693478	NaN	NaN	800009909	800009909	800009909	800009919	800009919	810109919	899999999	899999999	89999	89999	89	89	2	11	5	16	0	0	2	NaN	0	0	0	0	0	0	0	0	0	NaN	NaN	NaN	NaN	0	7	0	0	0	0	0	0	6612	0	0	0	18000	18000	18000	18000	6	NaN	1.0801323822115134	0.7328984408883327	0.14341049545599419	0.21416064119968348	NaN	NaN	2.243025605300652e-7	NaN	0.001810234466358177	NaN	NaN	0.0000272362749236209	NaN	NaN	NaN	96206.71056206597	11.686697597503663	NaN	0	0	0	0	0.00028794387292065154	-1	0	2.123390744074628	81.81952618110846	1.0000768984986677	-381.35499844020796	9.000636406236225	-331.3707463412783	116
DATA	2025-08-27T153000_AIU-0547.ghg	2025-08-27	16:00:00	239.666	1	18000	18000	0.22629417328939844	0	NaN	68.9398738976525	1	NaN	NaN	NaN	NaN	NaN	NaN	NaN	NaN	NaN	NaN	-0.05279571263478482	1	NaN	NaN	NaN	NaN	NaN	NaN	NaN	NaN	NaN	NaN	NaN	NaN	-1.8035834928514226e-13	NaN	NaN	NaN	NaN	NaN	0	NaN	NaN	NaN	NaN	0	0.0873821846843991	2.239512376446078	2.239512376446078	-0.1	0	NaN	NaN	NaN	NaN	9	294.62732146114774	295.23631099107536	95774.35192860242	1.1301524489483548	1005.6074942192098	0.025628935515112066	NaN	NaN	NaN	NaN	NaN	NaN	NaN	NaN	0.9795218316800727	-0.2380765609615591	0.2729100396102652	1.044329142242636	-3.898035020520898e-14	-2.064017395954885e-15	1.044329142242636	5.687428127300512	345.6610619123727	346.3389380876273	15.14873877885533	NaN	0.44747437552663316	1.0809416146170538	-109.76886848874909	-0.026419148160366064	NaN	0.1355616300560719	0	81.07376890682754	-12.303257216213352	27.830001322305467	69.30063827078425	105.6878459704816	148.22870671406687	222.07361346451682	0.22346982310577596	1.0126386200354471	67.92812321356786	1.0148944301155454	NaN	1	NaN	1	NaN	1	-0.04597818076152625	1.1482775473135587	NaN	NaN	800009909	800009909	800009909	800009909	800009909	800019919	899999999	899999999	89999	89999	89	89	5	5	0	20	0	0	1	NaN	0	0	0	0	0	0	0	0	0	NaN	NaN	NaN	NaN	0	0	0	0	0	0	0	0	3109	0	0	0	18000	18000	18000	18000	6	NaN	0.9759119958641878	1.0064059015745046	0.17956533179541515	0.12071693734102366	NaN	NaN	8.313522923345418e-8	NaN	0.0597701139692008	NaN	NaN	-0.00004597818076152625	NaN	NaN	NaN	96157.4661514757	11.680000305175781	NaN	0	0	0	0	0.0002886546784817863	-1	0	2.1215950232876666	82.10691922480265	1.0000780882438023	-273.1499938964844	9.000725432263481	-273.1499938964844	197
DATA	2025-08-27T160000_AIU-0547.ghg	2025-08-27	16:30:00	239.687	1	18000	18000	0.15488431748505524	0	NaN	27.76391770315172	1	NaN	NaN	NaN	NaN	NaN	NaN	NaN	NaN	NaN	NaN	-0.010975468999316732	0	NaN	NaN	NaN	NaN	NaN	NaN	NaN	NaN	NaN	NaN	NaN	NaN	-1.2758264867659425e-12	NaN	NaN	NaN	NaN	NaN	0	NaN	NaN	NaN	NaN	0	0.08758301422835271	2.2452699512250067	2.2452699512250067	-0.1	0	NaN	NaN	NaN	NaN	9	294.5813595818414	295.2656927880182	95757.8380748698	1.1298451411449206	1005.6082841563649	0.025635906357036053	NaN	NaN	NaN	NaN	NaN	NaN	NaN	NaN	0.8943384144263492	0.20638605662183696	0.24761450811222346	0.9506573244413898	-4.372169376268927e-14	-1.4567053874619068e-14	0.9506573244413898	5.188888694224754	319.00536686558746	12.994633134412519	15.09775201969664	NaN	0.370249313566694	0.8202525119139368	-154.38107756787798	-0.018784685569544192	NaN	0.06599920765603777	0	79.46253089283094	-12.058745631393325	27.276915451687973	67.92337625026023	103.58743448917058	145.28284974647318	217.66018292163892	0.15282419761723703	1.0134803251051772	27.34326279467126	1.0153842250516802	NaN	1	NaN	1	NaN	1	-0.009554743743197697	1.1486931826016256	NaN	NaN	800009909	800009909	800009909	800009909	800009909	800019909	899999999	899999999	89999	89999	89	89	1	1	2	11	0	0	3	NaN	0	0	0	0	0	0	0	0	0	NaN	NaN	NaN	NaN	0	0	0	0	0	0	0	0	6906	0	0	0	18000	18000	18000	18000	6	NaN	0.9189006661104637	0.5923427364836475	0.12926162123376236	0.11423730955059172	NaN	NaN	4.831569366870541e-8	NaN	0.0240659257133426	NaN	NaN	-0.000009554743743197697	NaN	NaN	NaN	96139.56896267361	11.653460330486297	NaN	0	0	0	0	0.00028869799292685156	-1	0	2.1267984477016655	82.30980844617774	1.0000921695894665	-273.1499938964844	9.000810834195878	-273.1499938964844	026
DATA	2025-08-27T163000_AIU-0547.ghg	2025-08-27	17:00:00	239.708	1	18000	18000	0.1811464478384226	1	NaN	95.85178599934174	0	NaN	NaN	NaN	NaN	NaN	NaN	NaN	NaN	NaN	NaN	-0.05633485808944679	1	NaN	NaN	NaN	NaN	NaN	NaN	NaN	NaN	NaN	NaN	NaN	NaN	-2.410296291483547e-12	NaN	NaN	NaN	NaN	NaN	0	NaN	NaN	NaN	NaN	0	0.08723260191414088	2.243728496966958	2.243728496966958	0	0	NaN	NaN	NaN	NaN	9	294.85115251753064	296.25403070916065	95759.70747699653	1.1260978297352293	1005.6351548796081	0.025721214863857422	NaN	NaN	NaN	NaN	NaN	NaN	NaN	NaN	0.2325109364750037	0.25725006032479986	0.2129501658385308	0.4069234599384453	-5.977032168927961e-15	-2.7630682091265522e-14	0.4069234599384453	3.5261286376745637	284.10829632210084	47.891703677899145	31.55504677409441	NaN	0.4010761619612709	0.4555693444357293	-56.84470670052666	-0.0510161837104374	NaN	0.2110361185847994	0	78.62540673536218	-11.931708810851772	26.98955781772793	67.20781511122958	102.49615860295387	143.75231979956396	215.36717016209678	0.17662740165962726	1.025585193103298	93.68599104003991	1.0231175967213306	NaN	1	NaN	1	NaN	1	-0.048612051004628065	1.1588661026477465	NaN	NaN	800009909	800009909	800009909	800009909	800009909	800009909	899999999	899999999	89999	89999	89	89	5	5	0	13	0	0	0	NaN	0	0	0	0	0	0	0	0	0	NaN	NaN	NaN	NaN	0	0	0	0	0	0	0	0	6111	0	0	0	18000	18000	18000	18000	6	NaN	0.3799655674338559	0.3754211703182047	0.15575195111939794	0.22904472726234665	NaN	NaN	7.995355707595302e-8	NaN	0.08272905944383735	NaN	NaN	-0.00004861205100462807	NaN	NaN	NaN	96148.04083897569	11.640000343322754	NaN	0	0	0	0	0.0002893357393170138	-1	0	2.127857365926107	81.95385813105547	1.0000609163244565	-273.1499938964844	9.000657875537872	-273.1499938964844	092
DATA	2025-08-27T170000_AIU-0547.ghg	2025-08-27	17:30:00	239.729	1	18000	18000	0.22372906549412433	1	NaN	176.21406750232586	1	NaN	NaN	NaN	NaN	NaN	NaN	NaN	NaN	NaN	NaN	-0.077375610370957	1	NaN	NaN	NaN	NaN	NaN	NaN	NaN	NaN	NaN	NaN	NaN	NaN	-3.296074191972829e-12	NaN	NaN	NaN	NaN	NaN	0	NaN	NaN	NaN	NaN	0	0.08756055747469266	2.2456064224977874	2.2456064224977874	0	0	NaN	NaN	NaN	NaN	9	294.1576626858181	295.3942311520047	95760.61046028647	1.1293861954434132	1005.6117459774117	0.02564632395296053	NaN	NaN	NaN	NaN	NaN	NaN	NaN	NaN	0.32154586937089874	0.1631076141178624	0.26072047377003255	0.4449393277015962	2.5983119534545838e-14	-3.7643366911242916e-14	0.4449393277015962	3.184005083533879	305.10310588159115	26.896894118408852	35.87144648473789	NaN	0.4450819342937029	0.3964798382655576	-42.255362056570796	-0.06863034320040914	NaN	0.348600332281624	0	79.62492867704215	-12.083390121682038	27.332661355822903	68.0621914336586	103.79913640256487	145.57976469012806	218.10501561222054	0.2185178755679573	1.023847888474215	172.42428107342658	1.0219794242742726	NaN	1	NaN	1	NaN	1	-0.06686268347343087	1.1572316029120135	NaN	NaN	800009909	800009909	800009909	800009909	800009919	800009919	899999999	899999999	89999	89999	89	89	6	12	2	0	0	0	0	NaN	0	0	0	0	0	0	0	0	0	NaN	NaN	NaN	NaN	0	0	0	0	0	0	0	0	4508	0	0	0	18000	18000	18000	18000	6	NaN	0.2904601139650597	0.31665735718598753	0.18584220538006804	0.5032672693841617	NaN	NaN	2.3728805648954303e-7	NaN	0.15181881993124458	NaN	NaN	-0.00006686268347343087	NaN	NaN	NaN	96143.02402907987	11.679509220942144	NaN	0	0	0	0	0.0002887530917521671	-1	0	2.1274909938110254	81.78274009796424	1.0000582297990719	-273.1499938964844	9.000636458396912	-273.1499938964844	072
DATA	2025-08-27T173000_AIU-0547.ghg	2025-08-27	18:00:00	239.749	1	18000	18000	0.07310357368133977	1	NaN	67.80203692885635	1	NaN	NaN	NaN	NaN	NaN	NaN	NaN	NaN	NaN	NaN	-0.02988933301965351	1	NaN	NaN	NaN	NaN	NaN	NaN	NaN	NaN	NaN	NaN	NaN	NaN	-2.3951831901541937e-12	NaN	NaN	NaN	NaN	NaN	0	NaN	NaN	NaN	NaN	0	0.0877430851923619	2.243921120659735	2.243921120659735	0	0	NaN	NaN	NaN	NaN	9	293.86080846235495	294.57862378104676	95767.15009554544	1.132590496908961	1005.5899464568326	0.0255737659069124	NaN	NaN	NaN	NaN	NaN	NaN	NaN	NaN	0.7704427972304619	0.38121004820973586	0.21832998991620964	0.8868884874421583	1.5952404341557641e-13	-2.7297686021675198e-14	0.8868884874421583	5.068000112908593	305.67409624992416	26.32590375007582	14.251297636416496	NaN	0.25405798388552875	0.7955225337999894	-20.42537621340817	-0.14198024896580874	NaN	0.23432361449270356	0	65.21068572686045	-9.895973143486753	22.384718195260067	55.74111335739783	85.00871492295344	119.22593139019546	178.62217103173725	0.0720832071234136	1.014155398998538	66.74819940508623	1.0157882539628451	NaN	1	NaN	1	NaN	1	-0.026011220247282144	1.149093842407358	NaN	NaN	800009909	800009909	800009909	800009919	800009919	801109919	899999999	899999999	89999	89999	89	89	3	2	0	25	0	0	5	NaN	0	0	0	0	0	0	0	0	0	NaN	NaN	NaN	NaN	0	3	0	0	0	0	0	0	3608	0	0	0	18000	18000	18000	18000	6	NaN	0.75478531918114	0.7364998875382767	0.09975986088056202	0.44003574424599257	NaN	NaN	7.569813193079252e-8	NaN	0.05860649091239014	NaN	NaN	-0.000026011220247282145	NaN	NaN	NaN	96141.23745746528	11.6733957095676	NaN	0	0	0	0	0.00028818724436375	-1	0	2.1239826883243196	81.95723311503835	1.0000594774451521	-307.1053703223217	9.00062364841832	-287.64461950513487	029
DATA	2025-08-27T180000_AIU-0547.ghg	2025-08-27	18:30:00	239.77	1	18000	18000	0.046350649955716285	1	NaN	34.094246922846395	1	NaN	NaN	NaN	NaN	NaN	NaN	NaN	NaN	NaN	NaN	-0.011165507156413151	1	NaN	NaN	NaN	NaN	NaN	NaN	NaN	NaN	NaN	NaN	NaN	NaN	-1.6798367391831357e-14	NaN	NaN	NaN	NaN	NaN	0	NaN	NaN	NaN	NaN	0	0.08817696416716186	2.233706905712789	2.233706905712789	0	0	NaN	NaN	NaN	NaN	9	292.28787636566153	291.78508068694345	95763.95147663022	1.1433956994680436	1005.5182778725248	0.0253320912872236	NaN	NaN	NaN	NaN	NaN	NaN	NaN	NaN	0.8519744319599939	0.6806025428182902	0.26229998192887	1.1215531795345945	-2.169726922272458e-14	-1.9050743638651221e-16	1.1215531795345945	2.5775532466962585	293.38027758198973	38.619722418010234	13.525145451450596	NaN	0.2013398019226531	0.2312150969151608	-20.21532660027156	-0.14345551063028797	NaN	0.14728717801986038	0	85.60146426974289	-12.99035245549626	29.384212624381977	73.17084416816027	111.59015415929905	156.506777871848	234.4756725209384	0.04579866768914719	1.0120523651542792	33.60476423009983	1.014565871951815	NaN	1	NaN	1	NaN	1	-0.009725524286563831	1.14806223576437	NaN	NaN	800009909	800009909	800009909	800009919	800009919	801009919	899999999	899999999	89999	89999	89	89	0	4	0	18	0	0	7	NaN	0	0	0	0	0	0	0	0	0	NaN	NaN	NaN	NaN	0	4	0	0	0	0	0	0	9041	0	0	0	18000	18000	18000	18000	6	NaN	0.25399412852334413	0.17670071126039644	0.031735354046581	0.14371762560553336	NaN	NaN	1.0995848509974204e-7	NaN	0.02922902501265452	NaN	NaN	-0.00000972552428656383	NaN	NaN	NaN	96130.05572677951	11.65999984741211	NaN	0	0	0	0	0.00028527874692291444	-1	0	2.107436752929952	81.94564376046921	1.000087323791451	-286.7967444695411	9.000854154878192	-273.1499938964844	167
DATA	2025-08-27T183000_AIU-0547.ghg	2025-08-27	19:00:00	239.791	0	18000	18000	0.013598577384886757	0	NaN	24.99654723157845	0	NaN	NaN	NaN	NaN	NaN	NaN	NaN	NaN	NaN	NaN	-0.008001673051176427	0	NaN	NaN	NaN	NaN	NaN	NaN	NaN	NaN	NaN	NaN	NaN	NaN	-4.16526211504292e-13	NaN	NaN	NaN	NaN	NaN	0	NaN	NaN	NaN	NaN	0	0.08860622046856831	2.23649740058003	2.23649740058003	0	0	NaN	NaN	NaN	NaN	9	291.3881986456977	290.75647044796415	95771.26472569445	1.1475283217788075	1005.49305748964	0.02524086219627654	NaN	NaN	NaN	NaN	NaN	NaN	NaN	NaN	1.015911350006203	0.7399349415780319	0.2540262777813685	1.282228114901161	-4.034248201961537e-15	-4.700868734741352e-15	1.282228114901161	2.683250119529487	295.93242772483205	36.06757227516795	11.426644051724823	NaN	0.10885917333398791	0.1489442283667613	-4.358136334169818	-0.6654220468649982	NaN	0.19900890149116776	1	21.090851073310386	9	17	27	41	66	149	0.013449714029995407	1.0110681427545118	24.65023372463478	1.0140490962808832	NaN	1	NaN	1	NaN	1	-0.006970661335597409	1.1479073026132975	NaN	NaN	800009909	800009909	800009909	800009909	800009919	800009919	899999999	899999999	89999	89999	89	89	0	3	2	51	0	0	4	NaN	0	0	0	0	0	0	0	0	0	NaN	NaN	NaN	NaN	0	0	0	0	0	0	0	0	17307	0	0	0	18000	18000	18000	18000	6	NaN	0.14843291903535294	0.12081939023337944	0.028636147464790183	0.13800513002307616	NaN	NaN	2.1602119564674956e-8	NaN	0.021363802385789832	NaN	NaN	-0.000006970661335597409	NaN	NaN	NaN	96145.93962890626	11.673270151138306	NaN	0	0	0	0	0.0002832170256103079	-1	0	2.1077388206389216	81.81006061123247	1.000122160565522	-284.2531193627278	9.001028605355156	-273.1499938964844	143
DATA	2025-08-27T190000_AIU-0547.ghg	2025-08-27	19:30:00	239.812	0	18000	18000	0.023114434653740457	1	NaN	40.091055128262376	0	NaN	NaN	NaN	NaN	NaN	NaN	NaN	NaN	NaN	NaN	-0.01797489038072959	1	NaN	NaN	NaN	NaN	NaN	NaN	NaN	NaN	NaN	NaN	NaN	NaN	4.051273434480963e-13	NaN	NaN	NaN	NaN	NaN	0	NaN	NaN	NaN	NaN	0	0.08869269616322378	2.228348534280366	2.228348534280366	0	0	NaN	NaN	NaN	NaN	9	290.1154935302735	289.44850596618653	95782.47834613716	1.1528487592950336	1005.4618961393003	0.02512437473069339	NaN	NaN	NaN	NaN	NaN	NaN	NaN	NaN	1.02638761303534	0.8864224848890415	0.2578440395568358	1.3804708988762653	-1.6649764389557405e-14	4.56776443803815e-15	1.3804708988762653	2.8597935356185182	291.18501783250724	40.81498216749278	10.764914694375356	NaN	0.14159746215487154	0.13940354996864365	-5.980362476865766	-0.4849204393911344	NaN	0.24426096208886594	1	17.948462529042335	8	14	24	36	58	135	0.022872285011029708	1.0105870332847802	39.544546539172565	1.0138200747490793	NaN	1	NaN	1	NaN	1	-0.015657984980922236	1.147969576074462	NaN	NaN	800009909	800009909	800009909	800009909	800009909	800019909	899999999	899999999	89999	89999	89	89	3	8	0	53	0	0	1	NaN	0	0	0	0	0	0	0	0	0	NaN	NaN	NaN	NaN	0	0	0	0	0	0	0	0	18000	0	0	0	18000	18000	18000	18000	6	NaN	0.13156417647952995	0.10151511069595515	0.0457278127618022	0.21436787114369923	NaN	NaN	1.3829660330531657e-7	NaN	0.03411525693437362	NaN	NaN	-0.000015657984980922237	NaN	NaN	NaN	96157.45159353298	11.680000305175781	NaN	0	0	0	0	0.0002818100020619264	-1	0	2.097181775212288	81.6327177262059	1.0001428418159486	-285.3028694068069	9.001071676598654	-273.1499938964844	221
DATA	2025-08-27T193000_AIU-0547.ghg	2025-08-27	20:00:00	239.833	0	18000	18000	0.03809891365857065	1	NaN	44.14549120671201	0	NaN	NaN	NaN	NaN	NaN	NaN	NaN	NaN	NaN	NaN	-0.01298096862882992	0	NaN	NaN	NaN	NaN	NaN	NaN	NaN	NaN	NaN	NaN	NaN	NaN	-1.1568485729087116e-13	NaN	NaN	NaN	NaN	NaN	0	NaN	NaN	NaN	NaN	0	0.08904471504209972	2.228466652890825	2.228466652890825	-0.1	0	NaN	NaN	NaN	NaN	9	289.2247776930068	288.353388407462	95793.73088903446	1.1573630357836655	1005.4365880199255	0.025026377498509837	NaN	NaN	NaN	NaN	NaN	NaN	NaN	NaN	1.3991663237908367	0.6786338683603003	0.3664252418512019	1.5976475790303868	-1.090403780471223e-14	-1.2991771295598638e-15	1.5976475790303868	2.949644643516051	306.12534834441436	25.87465165558561	13.258982295735185	NaN	0.18143517687822763	0.2319663258546156	-11.42647317551028	-0.2537965963299514	NaN	0.2090935173217789	1	17.955001770103255	8	14	24	38	63	152	0.037730739941147555	1.009757924652349	43.55806130226306	1.0134861352155364	NaN	1	NaN	1	NaN	1	-0.011303196849743066	1.148433385827921	NaN	NaN	800009909	800009909	800009909	800009919	800009919	800019919	899999999	899999999	89999	89999	89	89	2	1	0	42	0	0	20	NaN	0	0	0	0	0	0	0	0	0	NaN	NaN	NaN	NaN	0	62	0	0	0	0	0	0	17505	0	0	0	18000	18000	18000	18000	6	NaN	0.1720373937999851	0.2316052017282667	0.060290056180979455	0.1824494438147296	NaN	NaN	9.728704388605218e-8	NaN	0.037432104871666275	NaN	NaN	-0.000011303196849743066	NaN	NaN	NaN	96170.33673849827	11.670097790365368	NaN	0	0	0	0	0.0002805861813281406	-1	0	2.0950000112534126	77.86755433232332	1.0001739589605068	-273.1499938964844	9.001134889072842	-273.1499938964844	139
DATA	2025-08-27T200000_AIU-0547.ghg	2025-08-27	20:30:00	239.854	0	18000	18000	0.05091190856390398	1	NaN	69.78159842903042	0	NaN	NaN	NaN	NaN	NaN	NaN	NaN	NaN	NaN	NaN	-0.018140440980832687	0	NaN	NaN	NaN	NaN	NaN	NaN	NaN	NaN	NaN	NaN	NaN	NaN	-3.460588427766571e-13	NaN	NaN	NaN	NaN	NaN	0	NaN	NaN	NaN	NaN	0	0.08971219497008459	2.2375054233883307	2.2375054233883307	0	0	NaN	NaN	NaN	NaN	9	288.3348069534301	287.4010935338339	95804.48096506076	1.16132823425617	1005.4151601165025	0.024940928311189454	NaN	NaN	NaN	NaN	NaN	NaN	NaN	NaN	1.5497187002359087	0.9122460069322653	0.4249824463289497	1.8478178770410587	-8.214497309561373e-15	-3.857433684373164e-15	1.8478178770410587	3.4889181387155053	301.51669317086294	30.483306829137067	13.296572625651873	NaN	0.20937855421377313	0.2397251043483971	-11.110031690881634	-0.2610253580446692	NaN	0.28543570802446944	0	62.93573401245719	-9.550740444006173	21.603800889037586	53.796518848358254	82.0430856001271	115.06659409763073	172.39072583698595	0.05045342348766487	1.0090872936769335	68.86452296359813	1.0133170960309572	NaN	1	NaN	1	NaN	1	-0.015782625373815855	1.149393117505568	NaN	NaN	800009909	800009909	800009909	800009909	800009909	800019909	899999999	899999999	89999	89999	89	89	4	5	0	43	0	0	1	NaN	0	0	0	0	0	0	0	0	0	NaN	NaN	NaN	NaN	0	0	0	0	0	0	0	0	16973	0	0	0	18000	18000	18000	18000	6	NaN	0.18640328631635597	0.21899979809149867	0.07404712428893953	0.24743683319231569	NaN	NaN	8.030862012390924e-8	NaN	0.05897869097564527	NaN	NaN	-0.000015782625373815855	NaN	NaN	NaN	96183.62643901909	11.670000076293945	NaN	0	0	0	0	0.00027999951530364347	-1	0	2.101485579881403	74.45466094758768	1.000153322984775	-282.43624428643136	9.000984392351574	-273.1499938964844	112
DATA	2025-08-27T203000_AIU-0547.ghg	2025-08-27	21:00:00	239.874	0	18000	18000	0.055087935716879026	1	NaN	69.16389390528205	0	NaN	NaN	NaN	NaN	NaN	NaN	NaN	NaN	NaN	NaN	-0.02682405171181125	0	NaN	NaN	NaN	NaN	NaN	NaN	NaN	NaN	NaN	NaN	NaN	NaN	-4.682448592241717e-13	NaN	NaN	NaN	NaN	NaN	0	NaN	NaN	NaN	NaN	0	0.09032934735354181	2.2468528169508994	2.2468528169508994	-0.1	0	NaN	NaN	NaN	NaN	9	287.55615159691706	286.69896484120693	95827.55183767361	1.164452685678389	1005.399706594092	0.024874006984207445	NaN	NaN	NaN	NaN	NaN	NaN	NaN	NaN	1.5090448778451686	0.46949488491286945	0.40325447889137533	1.6310291429205281	-2.358943745209525e-14	-5.183751161087203e-15	1.6310291429205281	3.0802808352302717	314.71800811235926	17.281991887640785	14.314207215128754	NaN	0.21750403886851452	0.2529661344919331	-12.567536377567285	-0.23075326085201728	NaN	0.2716135983040506	0	69.22847749010425	-10.50568854429883	23.76389609202622	59.175461326984426	90.24631227090926	126.5717361423649	189.62752513137116	0.05456123847887361	1.009653322627736	68.24585251518532	1.0134519733619338	NaN	1	NaN	1	NaN	1	-0.02335495587758254	1.1485378885925686	NaN	NaN	800009909	800009909	800009909	800009909	800009909	800009909	899999999	899999999	89999	89999	89	89	2	1	3	20	0	0	1	NaN	0	0	0	0	0	0	0	0	0	NaN	NaN	NaN	NaN	0	0	0	0	0	0	0	0	15658	0	0	0	18000	18000	18000	18000	6	NaN	0.22662919508981363	0.21633654422199058	0.06296652967206197	0.26691378474933103	NaN	NaN	6.416298546599433e-8	NaN	0.05829290010336104	NaN	NaN	-0.000023354955877582542	NaN	NaN	NaN	96208.60208398437	11.670000076293945	NaN	0	0	0	0	0.0002788990624378332	-1	0	2.1091256632539963	74.4227515328725	1.0001659174561501	-273.1499938964844	9.001004674222735	-273.1499938964844	041
DATA	2025-08-27T210000_AIU-0547.ghg	2025-08-27	21:30:00	239.895	0	18000	18000	0.03020410750889047	0	NaN	50.061026423650794	0	NaN	NaN	NaN	NaN	NaN	NaN	NaN	NaN	NaN	NaN	-0.018312693808214844	0	NaN	NaN	NaN	NaN	NaN	NaN	NaN	NaN	NaN	NaN	NaN	NaN	-3.3163887579311316e-12	NaN	NaN	NaN	NaN	NaN	0	NaN	NaN	NaN	NaN	0	0.09044489011609742	2.2436016716635527	2.2436016716635527	-0.1	0	NaN	NaN	NaN	NaN	9	286.7091640455459	285.98733177015527	95850.65755056424	1.1676317059747547	1005.3843429572024	0.024806284454363395	NaN	NaN	NaN	NaN	NaN	NaN	NaN	NaN	1.090272622747562	0.07370352377543891	0.32654718517683745	1.1405085117948255	-4.428355310980306e-14	-3.666750828791022e-14	1.1405085117948255	2.9704566747952192	328.1326317825851	3.8673682174147874	16.637599084620344	NaN	0.16083481507077083	0.40699619715153423	-7.021601421961225	-0.41301119584056256	NaN	0.26514392984623303	1	11.884159438960532	5	9	16	24	40	95	0.029848287176004695	1.011920963195899	49.345806867257714	1.0144940290127802	NaN	1	NaN	1	NaN	1	-0.015951476956395566	1.148024967109555	NaN	NaN	800009909	800009909	800009909	800009909	800009909	800019909	899999999	899999999	89999	89999	89	89	4	5	1	31	0	0	2	NaN	0	0	0	0	0	0	0	0	0	NaN	NaN	NaN	NaN	0	0	0	0	0	0	0	0	15019	0	0	0	18000	18000	18000	18000	6	NaN	0.2895459505219199	0.4694455830602505	0.05500086072089801	0.267695604347799	NaN	NaN	8.495910277456144e-8	NaN	0.04203511672262302	NaN	NaN	-0.000015951476956395566	NaN	NaN	NaN	96234.08891080729	11.676635228157044	NaN	0	0	0	0	0.00027833041387687746	-1	0	2.104914318998656	75.87330323812651	1.0001144067496062	-273.1499938964844	9.000773530112372	-273.1499938964844	236
DATA	2025-08-27T213000_AIU-0547.ghg	2025-08-27	22:00:00	239.916	0	18000	18000	0.03044100032110587	0	NaN	67.5107589535682	0	NaN	NaN	NaN	NaN	NaN	NaN	NaN	NaN	NaN	NaN	-0.030092684941026574	0	NaN	NaN	NaN	NaN	NaN	NaN	NaN	NaN	NaN	NaN	NaN	NaN	8.87280898123924e-13	NaN	NaN	NaN	NaN	NaN	0	NaN	NaN	NaN	NaN	0	0.0902104792700747	2.234087443328206	2.234087443328206	-0.1	0	NaN	NaN	NaN	NaN	9	286.3005033535427	285.5842684249877	95874.0609203559	1.1695651563826066	1005.3757746739703	0.024765276289462238	NaN	NaN	NaN	NaN	NaN	NaN	NaN	NaN	1.5426820769968148	0.3506681458171411	0.38271133088356074	1.6276683021932694	-3.5108249805976746e-14	9.835674361817292e-15	1.6276683021932694	3.4125986623857028	319.1936650284796	12.8063349715204	13.599202036109084	NaN	0.16133078581005258	0.3004237254598372	-5.255892694069524	-0.5517616452238854	NaN	0.35587944408302835	1	18.155053178975546	8	14	24	36	58	133	0.030149646156136082	1.0096636014718365	66.61444536593974	1.0134552435692386	NaN	1	NaN	1	NaN	1	-0.026201115208532928	1.148526873818954	NaN	NaN	800009909	800009909	800009909	800009909	800009909	800019909	899999999	899999999	89999	89999	89	89	6	4	2	26	0	0	1	NaN	0	0	0	0	0	0	0	0	0	NaN	NaN	NaN	NaN	0	0	0	0	0	0	0	0	15720	0	0	0	18000	18000	18000	18000	6	NaN	0.23979709466806662	0.2949848911588318	0.06606546509277594	0.2204902020961409	NaN	NaN	5.57810086510311e-8	NaN	0.056652043325914406	NaN	NaN	-0.00002620111520853293	NaN	NaN	NaN	96258.37407942709	11.680000305175781	NaN	0	0	0	0	0.00027786720344900255	-1	0	2.095555524160465	74.19672050136998	1.0001441444555919	-273.1499938964844	9.000887962765164	-273.1499938964844	198
DATA	2025-08-27T220000_AIU-0547.ghg	2025-08-27	22:30:00	239.937	0	18000	18000	0.04963963167201411	0	NaN	83.36385057871978	0	NaN	NaN	NaN	NaN	NaN	NaN	NaN	NaN	NaN	NaN	-0.048218779748400845	1	NaN	NaN	NaN	NaN	NaN	NaN	NaN	NaN	NaN	NaN	NaN	NaN	4.522119152162356e-14	NaN	NaN	NaN	NaN	NaN	0	NaN	NaN	NaN	NaN	0	0.0898410064079281	2.2227610610344555	2.2227610610344555	0	0	NaN	NaN	NaN	NaN	9	286.0568106401232	285.3430402518378	95886.86784787326	1.1707102668018567	1005.3706928691522	0.02474105255390712	NaN	NaN	NaN	NaN	NaN	NaN	NaN	NaN	1.6417213126688042	0.5628136177399781	0.412511360027707	1.7838648096020209	1.1437733670676624e-14	5.033468939149481e-16	1.7838648096020209	3.9683470340423193	313.0772999418506	18.9227000581494	13.370432090284893	NaN	0.2059157479348265	0.35260525083079186	-8.851112787255635	-0.32764241849630416	NaN	0.3439636561858475	0	59.82230920231761	-9.078266217397701	20.53506290199939	51.13521014814563	77.98442191381369	109.37426056878186	163.86257293179213	0.049185361775376225	1.0092358758834077	82.26620878091182	1.0133425596496266	NaN	1	NaN	1	NaN	1	-0.04196178669500476	1.1491116929523149	NaN	NaN	800009909	800009909	800009909	800009909	800009909	800019909	899999999	899999999	89999	89999	89	89	10	1	0	42	0	0	2	NaN	0	0	0	0	0	0	0	0	0	NaN	NaN	NaN	NaN	0	0	0	0	0	0	0	0	13038	0	0	0	18000	18000	18000	18000	6	NaN	0.2740570225156133	0.3498501651695017	0.08130331397646867	0.2695188620280898	NaN	NaN	3.0384168340710136e-7	NaN	0.06989495590750243	NaN	NaN	-0.00004196178669500476	NaN	NaN	NaN	96272.01231640625	11.670115054612957	NaN	0	0	0	0	0.0002769045679694197	-1	0	2.08465138718817	72.05508736186556	1.0001471413688527	-273.1499938964844	9.000913085911009	-273.1499938964844	207
DATA	2025-08-27T223000_AIU-0547.ghg	2025-08-27	23:00:00	239.958	0	18000	18000	0.026110611799668934	0	NaN	71.10252784824118	0	NaN	NaN	NaN	NaN	NaN	NaN	NaN	NaN	NaN	NaN	-0.024569489717991617	0	NaN	NaN	NaN	NaN	NaN	NaN	NaN	NaN	NaN	NaN	NaN	NaN	-3.785214887817029e-13	NaN	NaN	NaN	NaN	NaN	0	NaN	NaN	NaN	NaN	0	0.09114358349428615	2.2525633741859403	2.2525633741859403	-0.1	0	NaN	NaN	NaN	NaN	9	285.7700325173272	285.0895894300673	95904.82563585069	1.1719705002964322	1005.3653908475045	0.024714448212661673	NaN	NaN	NaN	NaN	NaN	NaN	NaN	NaN	1.8279624244736232	0.47746541886419475	0.3744158208023776	1.9260340231589428	-6.106057018031821e-19	-4.1530239899491404e-15	1.9260340231589428	3.4626234742066555	317.36135331063645	14.638646689363592	11.209517906011705	NaN	0.14926231871183734	0.2733480614572731	-3.9530130160875387	-0.7336176198251556	NaN	0.4042911607946736	1	22.997565010247836	10	18	30	45	71	159	0.025879666666670034	1.0089238063215216	70.16926944578013	1.0133001014522771	NaN	1	NaN	1	NaN	1	-0.02136909319832504	1.149767539968305	NaN	NaN	800009909	800009909	800009909	800009909	800009919	800019919	899999999	899999999	89999	89999	89	89	0	5	0	38	0	0	5	NaN	0	0	0	0	0	0	0	0	0	NaN	NaN	NaN	NaN	0	0	0	0	0	0	0	0	14731	0	0	0	18000	18000	18000	18000	6	NaN	0.28515320462109156	0.19110717808719385	0.07043574020626077	0.22303486101888673	NaN	NaN	6.542721555456798e-8	NaN	0.05955337022904197	NaN	NaN	-0.00002136909319832504	NaN	NaN	NaN	96290.99615885416	11.663395480685764	NaN	0	0	0	0	0.0002771444875106681	-1	0	2.112405145837201	72.15421586757226	1.0001432975149818	-273.1499938964844	9.000877203649944	-273.1499938964844	053
DATA	2025-08-27T230000_AIU-0547.ghg	2025-08-27	23:30:00	239.979	0	18000	18000	0.022829504606839787	0	NaN	73.46574841524023	0	NaN	NaN	NaN	NaN	NaN	NaN	NaN	NaN	NaN	NaN	-0.018642751985500583	0	NaN	NaN	NaN	NaN	NaN	NaN	NaN	NaN	NaN	NaN	NaN	NaN	2.4968343502381027e-13	NaN	NaN	NaN	NaN	NaN	0	NaN	NaN	NaN	NaN	0	0.09185096407628429	2.268991477244192	2.268991477244192	-0.1	0	NaN	NaN	NaN	NaN	9	285.6199497943454	284.9677933417426	95908.40180403646	1.1725151239560374	1005.3628565409008	0.024702968554143244	NaN	NaN	NaN	NaN	NaN	NaN	NaN	NaN	1.7094634921128686	0.2769482740089767	0.32294550887924495	1.7616071012142442	9.021696247739164e-15	2.7183539937201155e-15	1.7616071012142442	3.5137508742386863	322.7975307878745	9.202469212125507	10.563455069973053	NaN	0.13953688291327893	0.24827389470537653	-3.12575795948971	-0.9277749709300698	NaN	0.44663690027761255	1	20.69287698382337	9	16	27	40	63	140	0.02261934875724842	1.0092909770235547	72.49760866348856	1.013354092219034	NaN	1	NaN	1	NaN	1	-0.01622493288291594	1.14901874294534	NaN	NaN	800009909	800009909	800009909	800009909	800009919	800019919	899999999	899999999	89999	89999	89	89	24	15	1	47	0	0	3	NaN	0	0	0	0	0	0	0	0	0	NaN	NaN	NaN	NaN	0	0	0	0	0	0	0	0	14730	0	0	0	18000	18000	18000	18000	6	NaN	0.2238121216583388	0.20111168984600378	0.07162397790641051	0.22134273271693614	NaN	NaN	5.096199822195964e-8	NaN	0.06150103042690062	NaN	NaN	-0.000016224932882915938	NaN	NaN	NaN	96296.28929253473	11.649999618530273	NaN	0	0	0	0	0.00027709688032822064	-1	0	2.12758201932576	72.74679588286084	1.0001485414836142	-273.1499938964844	9.000900451633665	-273.1499938964844	021
