DATAH	filename	date	time	DOY	daytime	file_records	used_records	Tau	qc_Tau	rand_err_Tau	H	qc_H	rand_err_H	LE	qc_LE	rand_err_LE	co2_flux	qc_co2_flux	rand_err_co2_flux	h2o_flux	qc_h2o_flux	rand_err_h2o_flux	ch4_flux	qc_ch4_flux	rand_err_ch4_flux	none_flux	qc_none_flux	rand_err_none_flux	H_strg	LE_strg	co2_strg	h2o_strg	ch4_strg	none_strg	co2_v-adv	h2o_v-adv	ch4_v-adv	none_v-adv	co2_molar_density	co2_mole_fraction	co2_mixing_ratio	co2_time_lag	co2_def_timelag	h2o_molar_density	h2o_mole_fraction	h2o_mixing_ratio	h2o_time_lag	h2o_def_timelag	ch4_molar_density	ch4_mole_fraction	ch4_mixing_ratio	ch4_time_lag	ch4_def_timelag	none_molar_density	none_mole_fraction	none_mixing_ratio	none_time_lag	none_def_timelag	sonic_temperature	air_temperature	air_pressure	air_density	air_heat_capacity	air_molar_volume	ET	water_vapor_density	e	es	specific_humidity	RH	VPD	Tdew	u_unrot	v_unrot	w_unrot	u_rot	v_rot	w_rot	wind_speed	max_wind_speed	wind_dir	yaw	pitch	roll	u*	TKE	L	(z-d)/L	bowen_ratio	T*	model	x_peak	x_offset	x_10%	x_30%	x_50%	x_70%	x_90%	un_Tau	Tau_scf	un_H	H_scf	un_LE	LE_scf	un_co2_flux	co2_scf	un_h2o_flux	h2o_scf	un_ch4_flux	ch4_scf	un_none_flux	un_none_scf	spikes_hf	amplitude_resolution_hf	drop_out_hf	absolute_limits_hf	skewness_kurtosis_hf	skewness_kurtosis_sf	discontinuities_hf	discontinuities_sf	timelag_hf	timelag_sf	attack_angle_hf	non_steady_wind_hf	u_spikes	v_spikes	w_spikes	ts_spikes	co2_spikes	h2o_spikes	ch4_spikes	none_spikes	head_detect_LI-7200	t_out_LI-7200	t_in_LI-7200	aux_in_LI-7200	delta_p_LI-7200	chopper_LI-7200	detector_LI-7200	pll_LI-7200	sync_LI-7200	chopper_LI-7500	detector_LI-7500	pll_LI-7500	sync_LI-7500	not_ready_LI-7700	no_signal_LI-7700	re_unlocked_LI-7700	bad_temp_LI-7700	laser_temp_unregulated_LI-7700	block_temp_unregulated_LI-7700	motor_spinning_LI-7700	pump_on_LI-7700	top_heater_on_LI-7700	bottom_heater_on_LI-7700	calibrating_LI-7700	motor_failure_LI-7700	bad_aux_tc1_LI-7700	bad_aux_tc2_LI-7700	bad_aux_tc3_LI-7700	box_connected_LI-7700	mean_value_RSSI_LI-7200	mean_value_LI-7500	u_var	v_var	w_var	ts_var	co2_var	h2o_var	ch4_var	none_var	w/ts_cov	w/co2_cov	w/h2o_cov	w/ch4_cov	w/none_cov	co2_mean	h2o_mean	air_p_mean	vin_sf_mean	dew_point_mean	avg_signal_strength_7200_mean	co2_signal_strength_7200_mean	h2o_signal_strength_7200_mean	delta_signal_strength_7200_mean	flowrate_mean	hit_power_mean	hit_vin_mean	ch4_mean	rssi_77_mean	ch4_aux-1_mean	ch4_aux-2_mean	ch4_aux-3_mean	ch4_aux-4_mean	CHK
DATAU		[yyyy-mm-dd]	[HH:MM]	[ddd.ddd]	[1=daytime]	[#]	[#]	[kg+1m-1s-2]	[#]	[kg+1m-1s-2]	[W+1m-2]	[#]	[W+1m-2]	[W+1m-2]	[#]	[W+1m-2]	[µmol+1s-1m-2]	[#]	[µmol+1s-1m-2]	[mmol+1s-1m-2]	[#]	[mmol+1s-1m-2]	[µmol+1s-1m-2]	[#]	[µmol+1s-1m-2]	[µmol+1s-1m-2]	[#]	[µmol+1s-1m-2]	[W+1m-2]	[W+1m-2]	[µmol+1s-1m-2]	[mmol+1s-1m-2]	[µmol+1s-1m-2]	[µmol+1s-1m-2]	[µmol+1s-1m-2]	[mmol+1s-1m-2]	[µmol+1s-1m-2]	[µmol+1s-1m-2]	[mmol+1m-3]	[µmol+1mol_a-1]	[µmol+1mol_d-1]	[s]	[1=default]	[mmol+1m-3]	[mmol+1mol_a-1]	[mmol+1mol_d-1]	[s]	[1=default]	[mmol+1m-3]	[µmol+1mol_a-1]	[µmol+1mol_d-1]	[s]	[1=default]	[mmol+1m-3]	[µmol+1mol_a-1]	[µmol+1mol_d-1]	[s]	[1=default]	[K]	[K]	[Pa]	[kg+1m-3]	[J+1kg-1K-1]	[m+3mol-1]	[mm]	[kg+1m-3]	[Pa]	[Pa]	[kg+1kg-1]	[%]	[Pa]	[K]	[m+1s-1]	[m+1s-1]	[m+1s-1]	[m+1s-1]	[m+1s-1]	[m+1s-1]	[m+1s-1]	[m+1s-1]	[deg_from_north]	[deg]	[deg]	[deg]	[m+1s-1]	[m+2s-2]	[m]	[#]	[#]	[K]	[0=KJ/1=KM/2=HS]	[m]	[m]	[m]	[m]	[m]	[m]	[m]	[kg+1m-1s-2]	[#]	[W+1m-2]	[#]	[W+1m-2]	[#]	[µmol+1s-1m-2]	[#]	[mmol+1s-1m-2]	[#]	[µmol+1s-1m-2]	[#]	[µmol+1s-1m-2]	[#]	8u/v/w/ts/co2/h2o/ch4/none	8u/v/w/ts/co2/h2o/ch4/none	8u/v/w/ts/co2/h2o/ch4/none	8u/v/w/ts/co2/h2o/ch4/none	8u/v/w/ts/co2/h2o/ch4/none	8u/v/w/ts/co2/h2o/ch4/none	8u/v/w/ts/co2/h2o/ch4/none	8u/v/w/ts/co2/h2o/ch4/none	8co2/h2o/ch4/none	8co2/h2o/ch4/none	8aa	8U	[#]	[#]	[#]	[#]	[#]	[#]	[#]	[#]	[#_flagged_recs]	[#_flagged_recs]	[#_flagged_recs]	[#_flagged_recs]	[#_flagged_recs]	[#_flagged_recs]	[#_flagged_recs]	[#_flagged_recs]	[#_flagged_recs]	[#_flagged_recs]	[#_flagged_recs]	[#_flagged_recs]	[#_flagged_recs]	[#_flagged_recs]	[#_flagged_recs]	[#_flagged_recs]	[#_flagged_recs]	[#_flagged_recs]	[#_flagged_recs]	[#_flagged_recs]	[#_flagged_recs]	[#_flagged_recs]	[#_flagged_recs]	[#_flagged_recs]	[#_flagged_recs]	[#_flagged_recs]	[#_flagged_recs]	[#_flagged_recs]	[#_flagged_recs]	[#]	[#]	[m+2s-2]	[m+2s-2]	[m+2s-2]	[K+2]	--	--	--	--	[m+1s-1K+1]	--	--	--	--	--	--	--	--	--	--	--	--	--	--	--	--	--	--	--	--	--	--	207
DATA	2025-12-04T233000_AIU-0547.ghg	2025-12-05	00:00:00	339	0	18000	18000	0.01640040769513285	1	NaN	7.115099566829007	1	NaN	1.1517563636471406	2	NaN	0.7093571717306459	1	NaN	0.025571705702841098	2	NaN	NaN	NaN	NaN	NaN	NaN	NaN	NaN	NaN	NaN	NaN	NaN	NaN	-6.0073916277143734e-12	-8.281141331611355e-14	NaN	NaN	17.527818715108936	423.3537115302727	425.8388633039224	0.1	0	241.61957969419893	5.835897067656766	5.870154686176515	0.1	1	NaN	NaN	NaN	NaN	0	NaN	NaN	NaN	NaN	9	273.94124041578505	273.4347501000452	95131.21441293907	1.2094022085775167	1008.3067576356794	0.02394111635041906	0.0016570465295441031	0.004392563213084231	554.2962483191933	622.0985330848723	0.0036320118997059773	89.10103767172382	67.80228476567902	271.81643636098664	-0.16588359776977646	-0.01919230776779185	0.012804763567105578	0.16748037095887375	1.3195500948088363e-13	-3.4273469650482046e-16	0.16748037095887375	1.541363726867117	145.40036787966812	186.59963212033185	4.384845515091373	NaN	0.11645065708672252	0.09332625523224768	-18.66417238165713	-0.155377904827437	6.177608208995174	0.050104369705486054	1	0.7007633387086386	1	1	1	2	4	20	0.015596051881914357	1.0515743227394136	6.90985258879696	1.040405836794317	1.034060544935578	1.113819078861475	0.6368692951962518	1.113819078861475	0.0229585811449558	1.113819078861475	NaN	1	NaN	NaN	800000009	800000019	800000009	800000019	800001019	800101019	899999999	899999999	89999	89999	89	89	2	4	5	19	9	0	0	NaN	0	0	0	0	0	0	0	0	0	NaN	NaN	NaN	NaN	0	17795	0	0	0	0	101	0	14262	0	0	21	18000	18000	18000	18000	93	NaN	0.059468095309517015	0.11288340228799254	0.014301012866985789	0.025402588822862247	1.8104181683581253	0.005382141118529299	NaN	NaN	0.005666375451137902	0.015336723610132167	0.000552875474067997	NaN	NaN	423.3536296695914	5.835890815657926	96059.54175629342	11.372299865086873	-1.238016976561838	96.52634893099466	96.22879997825622	96.82389463848537	-0.5950968510939033	0.0002685080050772133	-1	0	18.488724146180964	0.5780645878323533	1.0000489444600211	-273.1499938964844	9.000294567108154	-273.1499938964844	075
DATA	2025-12-05T000000_AIU-0547.ghg	2025-12-05	00:30:00	339.02	0	18000	18000	0.050786966891867714	1	NaN	5.649407626392238	1	NaN	-0.5934432911263272	1	NaN	-0.5520904056006106	2	NaN	-0.013176632982463042	1	NaN	NaN	NaN	NaN	NaN	NaN	NaN	NaN	NaN	NaN	NaN	NaN	NaN	3.360271843317955e-11	4.682149716022261e-13	NaN	NaN	17.553287295679603	423.1970414971024	425.70733580098397	0.1	1	244.58473289938146	5.896760738591317	5.931738782958245	0.1	1	NaN	NaN	NaN	NaN	0	NaN	NaN	NaN	NaN	9	274.0101377139621	273.4982444242993	95145.13707277902	1.2092706944056653	1008.3408564581822	0.02394363343248207	-0.0008538458172636051	0.004437907497610624	560.1482315976307	624.9663957521593	0.003669904115051573	89.62853609488576	64.81816415452863	271.9595209663645	-0.21554040381180306	0.38707510352393326	-0.004836267497326774	0.4430668018782937	6.940740766087306e-15	1.91432623799476e-15	0.4430668018782937	3.5983457520047972	212.8890203793388	119.1109796206612	-0.6254208572211671	NaN	0.20493416858327274	0.2528648407772432	-128.13100003981148	-0.02263308644355342	-9.519709314886567	0.022607765768276326	0	82.41583937298395	-12.506921587193583	28.29069068399881	70.44781991983147	107.43737036809136	150.68243955762233	225.74975239282887	0.04960018664527111	1.023926931063469	5.507283064525157	1.0220312110268102	-0.543668195426497	1.0915541797709587	-0.5057837859376398	1.0915541797709587	-0.01207144201053575	1.0915541797709587	NaN	1	NaN	NaN	800000009	800000019	800000009	800000019	801010019	801110019	899999999	899999999	89999	89999	89	89	7	5	0	20	20	0	0	NaN	0	0	0	0	0	0	0	0	0	NaN	NaN	NaN	NaN	0	17588	0	0	0	0	101	0	18000	17995	0	16	18000	18000	18000	18000	93	NaN	0.22296621260609317	0.24661506798603441	0.03614840096235879	0.07752142910943267	0.7398912712935946	0.0005347555207552229	NaN	NaN	0.004516546712033921	-0.012182020811780615	-0.00029074589160254393	NaN	NaN	423.19690757542486	5.896759280827821	96019.84132617188	11.367427048895093	-1.101296662896863	96.49188893042671	96.17756135643853	96.80621391338772	-0.6286567557089843	0.00026816408579988	-1	0	14.450554702115127	0.8656262128012763	1.0000273467931482	-273.1499938964844	9.000157928042942	-273.1499938964844	206
DATA	2025-12-05T003000_AIU-0547.ghg	2025-12-05	01:00:00	339.041	0	18000	18000	0.14065868114155772	1	NaN	10.692556073731085	1	NaN	-1.2283519831634027	1	NaN	-0.27769737237687825	1	NaN	-0.027267100303577377	1	NaN	NaN	NaN	NaN	NaN	NaN	NaN	NaN	NaN	NaN	NaN	NaN	NaN	-6.277624401742835e-11	-8.766995970062837e-13	NaN	NaN	17.552632208278123	422.88208782107273	425.3943588813812	0.1	1	245.13071503807586	5.9057460632876175	5.940831103187926	0.1	1	NaN	NaN	NaN	NaN	0	NaN	NaN	NaN	NaN	9	273.7454684397379	273.2332915223951	95148.61805610415	1.2104835097094642	1008.3422601650883	0.023919630900639987	-0.001766908099671814	0.004449129935404093	561.0206915667515	613.0724543964278	0.003675498178799608	91.50968821769663	52.05176282967636	271.9807395548727	0.2998540768420007	0.16512471982940816	-0.15528636040530422	0.3758889386847007	-5.99769346557273e-14	-3.576457551923295e-15	0.3758889386847007	3.137707487358069	303.15914439402536	28.84085560597461	-24.400832654763246	NaN	0.3408818135931766	0.41605514040134056	-311.5691464496204	-0.009307725212993513	-8.704798152557464	0.025698682458198053	0	96.29942301363046	-14.613808967870183	33.0564756757089	82.31529839968782	125.53602384277123	176.06605839461835	263.7790389116103	0.13692864828445034	1.0272407045847611	10.396117036224362	1.0242053939349196	-1.122789326287253	1.0940182226573307	-0.253832492572529	1.0940182226573307	-0.024923808158648926	1.0940182226573307	NaN	1	NaN	NaN	800000009	800000019	800000009	800000019	800000019	800000019	899999999	899999999	89999	89999	89	89	0	13	0	3	2	0	0	NaN	0	0	0	0	0	0	0	0	0	NaN	NaN	NaN	NaN	0	17584	0	0	0	0	101	0	17901	18000	0	16	18000	18000	18000	18000	93	NaN	0.5187669744986279	0.24557361477923031	0.06776969152482294	0.26287547449742316	0.05860983276641727	0.0005270412105962124	NaN	NaN	0.00851734646110468	-0.006107591460950543	-0.0005997043023979198	NaN	NaN	422.8820242888928	5.905744626711616	95982.95205186632	11.359999656677246	-1.0859038888679615	96.45274796210396	96.12870158576965	96.77679464764066	-0.6480919925951291	0.0002682149303857133	-1	0	12.707085704218683	0.9879756736524046	1.0000502270278004	-273.1499938964844	9.00027502377828	-273.1499938964844	117
DATA	2025-12-05T010000_AIU-0547.ghg	2025-12-05	01:30:00	339.062	0	18000	18000	0.20028834107485904	0	NaN	78.18012292973893	1	NaN	2.887368996736958	1	NaN	-0.49043104871269927	1	NaN	0.06402920974261785	1	NaN	NaN	NaN	NaN	NaN	NaN	NaN	NaN	NaN	NaN	NaN	NaN	NaN	-1.5824377777027373e-10	-2.2100847915889316e-12	NaN	NaN	17.557395724757598	422.8559284883719	425.36804384029904	-0.1	0	245.21237939305908	5.905745361704348	5.940830393243921	0.1	1	NaN	NaN	NaN	NaN	0	NaN	NaN	NaN	NaN	9	272.6735776002673	272.16340624785533	95148.61805610415	1.215241969295556	1008.32853873955	0.0238259700506831	0.004149092791321636	0.0044666191141406325	561.0206250445434	567.0599093930249	0.003675497742009202	98.93498301529624	6.0392843484814875	271.9807379381402	0.5038775163647056	0.039667093255431905	-0.1701224622609421	0.5332988673820147	3.366555497554266e-14	-9.012941341131531e-15	0.5332988673820147	5.354747392169394	327.49874868046913	4.501251319530849	-18.602473914520488	NaN	0.4059723492547178	0.8442305946091448	-71.97995841151476	-0.04028899243620682	27.07659568904806	0.15715748680668032	0	82.33658870083731	-12.49489499194428	28.26348649279895	70.38007763725099	107.33405911287493	150.53754405323278	225.53267252383543	0.1962256951968187	1.0207039443736734	76.94505545906355	1.0199318783523506	2.650622186604963	1.0893174483064412	-0.45021866626222784	1.0893174483064412	0.05877920145515329	1.0893174483064412	NaN	1	NaN	NaN	800000009	800000019	800000009	800000019	800000019	801000019	899999999	899999999	89999	89999	89	89	17	43	0	7	21	0	0	NaN	0	0	0	0	0	0	0	0	0	NaN	NaN	NaN	NaN	0	17284	0	0	0	0	101	0	17703	606	0	16	18000	18000	18000	18000	93	NaN	1.1935645677820936	0.3526972118620125	0.14219940957418356	0.8813862969501449	0.036133308418615014	0.0012395515723137012	NaN	NaN	0.06279367458268531	-0.01079052012937251	0.0014087780094858456	NaN	NaN	422.85565318560043	5.905743176675223	95969.1074173177	11.359999656677246	-1.0876555196974034	96.39741260295445	96.0699931456248	96.7248278948466	-0.6548388481090469	0.00026779965112736035	-1	0	12.804455196440301	1.3116237842728433	1.0000443596740565	-273.1499938964844	9.000245408217113	-273.1499938964844	124
DATA	2025-12-05T013000_AIU-0547.ghg	2025-12-05	02:00:00	339.083	0	18000	17318	0.41375296863387084	1	NaN	27.32557272554364	1	NaN	-0.06280595295142279	2	NaN	-0.10838251176632314	2	NaN	-0.0013899186855546232	2	NaN	NaN	NaN	NaN	NaN	NaN	NaN	NaN	NaN	NaN	NaN	NaN	NaN	-1.9990001448329815e-11	-2.7625925632646104e-13	NaN	NaN	17.640632689166658	424.2971218786448	426.7997612144904	0.1	1	243.79128137805193	5.863731808856159	5.898317963517584	0.6	0	NaN	NaN	NaN	NaN	0	NaN	NaN	NaN	NaN	9	270.50651518896274	270.0039934887267	95155.58040482523	1.225070123960978	1008.2737034955426	0.02363488465640206	-0.00009006673082393957	0.004470698737994712	557.0777217417241	483.41309077017274	0.0036493410871369157	100	0	271.88461120928685	-0.16354996507638617	0.5497885119596821	-0.04099682948900288	0.5361948012811767	1.814360177421517e-14	-1.1331793933108722e-15	0.5361948012811767	18.829788211189783	225.43341847477072	104.4349262151216	-4.385048077056557	NaN	0.5811524687322036	1.5244367750704524	-604.1231826041216	-0.004800345498246429	-435.07934266483596	0.038066223820575146	0	93.7380152293812	-14.225105454635882	32.17722727041345	80.12584555058905	122.1969701017217	171.3829880458975	256.762946162079	0.4053947986741363	1.0206173586515426	26.839795029334226	1.0198757777156875	-0.05765924859741356	1.089260690681982	-0.09950098511171396	1.089260690681982	-0.0012760202378040472	1.089260690681982	NaN	1	NaN	NaN	800000009	800000019	800000009	811110019	811110019	811111019	899999999	899999999	89999	89999	89	89	40	36	0	13	23	0	0	NaN	0	0	0	0	0	0	0	0	0	NaN	NaN	NaN	NaN	0	17909	0	0	0	0	101	0	18000	0	0	16	18000	18000	18000	18000	93	NaN	1.1173077897024954	1.7208593019667793	0.21070645847163008	25.346056294996398	0.4414147480582447	0.0013367297750770434	NaN	NaN	0.021729003280798815	-0.0023655431143734507	-0.000030336190982929072	NaN	NaN	424.297057841816	5.863729564669507	95979.19467404514	11.359999656677246	-1.1832578957842537	96.34242587894863	96.00342830022177	96.68142387474907	-0.6779960327131874	0.0002674422729453201	-1	0	18.6522149454885	0.2986748431341895	1.0000123690217733	-273.1499938964844	9.000097274833255	-273.1499938964844	208
DATA	2025-12-05T020000_AIU-0547.ghg	2025-12-05	02:30:00	339.104	0	18000	18000	0.1389032094001686	1	NaN	17.85979607756907	1	NaN	-0.6264290985000399	1	NaN	-0.20824809002342884	2	NaN	-0.013903175136589412	1	NaN	NaN	NaN	NaN	NaN	NaN	NaN	NaN	NaN	NaN	NaN	NaN	NaN	1.920525545971432e-10	2.620320501307445e-12	NaN	NaN	17.68967874608061	425.19910736972025	427.68021629842116	0	0	241.35387304338988	5.801317980464275	5.835169655103487	0.1	1	NaN	NaN	NaN	NaN	0	NaN	NaN	NaN	NaN	9	273.5561980811225	273.0534120525386	95155.58040482523	1.2114171865127656	1008.2828515253386	0.023901343685473676	-0.0009009257488509938	0.0043738022922397615	551.159103788121	605.1138573364148	0.0036104839364466713	91.08353694199116	53.95475354829375	271.7391790667468	-0.08685686451709576	0.20236404927015017	0.04713413425820352	0.22520424055296698	6.879394519732485e-14	1.0856757624255616e-14	0.22520424055296698	3.379669343201154	218.77046090025254	113.22953909974747	12.081043965603756	NaN	0.3386174031551067	0.3002018425213328	-182.84790338442176	-0.015860176388804433	-28.510482862838995	0.0431808422750283	0	82.09830189314647	-12.458734049560807	28.181690342668748	70.17639365799181	107.0234281928178	150.1018797710945	224.8799680407659	0.1334469320510925	1.0408872445788941	17.28496834027022	1.0332518213011868	-0.566951093611233	1.1049085283705122	-0.1884754119244126	1.1049085283705122	-0.012583100573124745	1.1049085283705122	NaN	1	NaN	NaN	800000009	800000019	800000009	800000019	800000019	801000019	899999999	899999999	89999	89999	89	89	109	141	6	72	6	0	0	NaN	0	0	0	0	0	0	0	0	0	NaN	NaN	NaN	NaN	0	17999	0	0	0	0	101	0	17802	0	0	21	18000	18000	18000	18000	93	NaN	0.2747943573018611	0.22596096406296384	0.0996483636778407	0.06938928363872937	0.06135491652181221	0.00023821181400409162	NaN	NaN	0.014151174186217369	-0.004531060354499743	-0.0003025051785876139	NaN	NaN	425.19904380459263	5.801316811486186	95987.85815277777	11.378477857377794	-1.3276287527216808	96.33342506874932	95.99215272225274	96.67469350984362	-0.6825416077093946	0.00026713354365913097	-1	0	21.53216842287028	0.175399398692436	1.0000313907149765	-273.1499938964844	9.000263134744433	-273.1499938964844	054
DATA	2025-12-05T030000_AIU-0547.ghg	2025-12-05	03:30:00	339.145	0	18000	16734	1.0449987629136086	1	NaN	-43.29004401756779	1	NaN	8.486687768522089	1	NaN	-0.9254695548881922	2	NaN	0.18827487952452193	1	NaN	NaN	NaN	NaN	NaN	NaN	NaN	NaN	NaN	NaN	NaN	NaN	NaN	-2.578972401121827e-10	-3.340256406171664e-12	NaN	NaN	17.72460880539088	425.9519932239327	428.3149566845385	0.2	0	229.5671643610459	5.516882900603866	5.547487740862741	0.6	0	NaN	NaN	NaN	NaN	0	NaN	NaN	NaN	NaN	9	273.0741459840194	272.59681885056733	95153.25956531352	1.2135466141106088	1008.121641235073	0.023859807431533854	0.01220021219318902	0.004166598236700005	524.1707469767699	585.3221890690127	0.003433406008679482	89.55251599302814	61.151442092242746	271.0579484341245	0.23120755094838213	-0.05348260391423493	-0.03745379211943791	0.12154778464142063	-2.3337066014528908e-14	-1.4550235942795203e-14	0.12154778464142063	18.644040743669816	345.0244974957832	31.34566898697599	-16.71602518706231	NaN	0.9279608557439696	3.538084254363259	1552.4195136084718	0.0018680517570016804	-5.1009351584884	-0.03813194605983326	0	108.88647635861497	-16.523942874134182	37.377203772578575	93.0745222832882	141.94451913149746	199.0792063440151	298.2569280844171	1.0065345343325574	1.0382145145238928	-41.82374052796649	1.0262826816722066	7.677182031127622	1.1054430823852128	-0.8371933115645429	1.1054430823852128	0.17031621304127348	1.1054430823852128	NaN	1	NaN	NaN	800000009	800000019	800000009	811110019	811110019	811110019	899999999	899999999	89999	89999	89	89	5	11	1	8	15	3	0	NaN	0	0	0	0	0	0	0	0	0	NaN	NaN	NaN	NaN	0	17572	0	0	0	0	101	0	18000	0	0	16	18000	18000	18000	18000	93	NaN	2.2460720119337694	4.460684060974136	0.36941243581861294	54.08935832659863	0.05493385753644729	0.003377334157633271	NaN	NaN	-0.03418640795749126	-0.02008591849314803	0.004086221815145161	NaN	NaN	425.95187772413215	5.516878737096343	95925.99484678819	11.380000114440918	-2.0196315430137948	96.47041688050163	96.1453083918166	96.79552247301737	-0.6502097138928039	0.0002673799802788481	-1	0	11.624921399858689	0.7999119728142678	1.0000024670815026	-273.1499938964844	9.00004669798745	-273.1499938964844	203
DATA	2025-12-05T033000_AIU-0547.ghg	2025-12-05	04:00:00	339.166	0	18000	17347	1.6838226975982853	1	NaN	-200.23713507895255	1	NaN	4.960757396255079	1	NaN	-0.4372876925478706	1	NaN	0.11014524158269247	1	NaN	NaN	NaN	NaN	NaN	NaN	NaN	NaN	NaN	NaN	NaN	NaN	NaN	9.602800226071774e-12	1.218677814684184e-13	NaN	NaN	17.775262910846124	426.9476905072376	429.27363795821907	0.1	1	225.58335120638247	5.418332842530288	5.447851113137817	0.6	0	NaN	NaN	NaN	NaN	0	NaN	NaN	NaN	NaN	9	273.9504133274694	273.4800965959247	95153.25956531352	1.2096720198206101	1008.07952886313	0.023936371142821565	0.007137411654558471	0.004079079444111921	514.823433401255	624.1520287786417	0.0033720540586834715	82.48365937521281	109.3285953773867	270.81474232182916	-0.4050557452771187	0.13053399099583474	-0.0034354664331095984	0.6628262132704587	-3.908462290684481e-14	5.40233934892312e-16	0.6628262132704587	17.21488436762807	169.8621480596787	145.44945021024864	-0.29696865431198805	NaN	1.1798162186895453	2.8399559211658207	689.7704498616896	0.0042042972420484204	-40.36422648487374	-0.13917711505240693	0	116.10362578746285	-17.619173143902543	39.85461762488066	99.24363306546455	151.35280232181782	212.27445729170103	318.0258184935892	1.6662877644419551	1.0105233522867538	-197.64843095966708	1.0135279973370355	4.542121670232021	1.0921674398919556	-0.4003852125376764	1.0921674398919556	0.10085014216646923	1.0921674398919556	NaN	1	NaN	NaN	800000009	800000019	800000009	811110019	811110019	811111019	899999999	899999999	89999	89999	89	89	28	21	6	12	26	0	0	NaN	0	0	0	0	0	0	0	0	0	NaN	NaN	NaN	NaN	0	17668	0	0	0	0	101	0	16211	0	0	21	18000	18000	18000	18000	93	NaN	4.019711780989944	1.1515708184730928	0.5086292428686042	30.690085917640477	0.032417687435791875	0.005363205785185792	NaN	NaN	-0.1620805643063494	-0.00963590377286149	0.0024271182725162546	NaN	NaN	426.94759959571593	5.418326828868505	95905.89676193576	11.374094979286191	-2.2667897459665824	96.48624169603984	96.16211124102276	96.81037489191691	-0.6482629337211454	0.00026695981308876075	-1	0	8.932363410751082	0.9709592915671329	1.0000093032701147	-273.1499938964844	9.000108111447759	-273.1499938964844	209
DATA	2025-12-05T080000_AIU-0547.ghg	2025-12-05	08:30:00	339.354	1	18000	17680	1.6244663681449276	1	NaN	27.694503259900138	2	NaN	5.396891377644545	1	NaN	-0.15496826925362275	2	NaN	0.11952441736089815	1	NaN	NaN	NaN	NaN	NaN	NaN	NaN	NaN	NaN	NaN	NaN	NaN	NaN	4.02817294998098e-10	4.079084257329753e-12	NaN	NaN	17.88044458652596	426.25794360107415	428.1058425042846	-0.1	0	181.06432105230098	4.3164533620958485	4.335165903535407	0.8	0	NaN	NaN	NaN	NaN	0	NaN	NaN	NaN	NaN	9	271.1649270348406	270.7939590016752	95222.90938011286	1.2230731075841743	1007.4457503786873	0.02367565975503061	0.0077451822449861995	0.003285335729710925	410.5722735122989	512.6636164263289	0.002686131932211437	80.08609551313835	102.09134291402995	267.79810894398696	-0.47261440828951046	1.3279022386875339	-0.17324150461638876	1.3038911487444353	1.0746887827911126e-14	2.2528371319225818e-14	1.3038911487444353	19.622693963533653	222.40881956240645	108.57391747692446	-7.635181565096908	NaN	1.1524687383224368	4.87371804185593	-4649.7973037742595	-0.0006236831006904447	5.131565807423627	0.019502502389920146	0	140.21658925930805	-21.278408379163515	48.13181769038351	119.85503156994747	182.786485542256	256.36064495349297	384.07496116616596	1.606862863845146	1.0109552001579383	27.62625772111787	1.0139935993521099	4.965725059136448	1.0868284718492003	-0.14258760537433263	1.0868284718492003	0.10997541972518586	1.0868284718492003	NaN	1	NaN	NaN	800000009	800000019	800000009	811110019	811110009	811111009	899999999	899999999	89999	89999	89	89	7	10	3	34	31	0	0	NaN	0	0	0	0	0	0	0	0	0	NaN	NaN	NaN	NaN	0	18000	0	0	0	0	101	0	5379	0	0	21	18000	18000	18000	18000	100	NaN	8.803761321714912	0.6408810388305528	0.30279372316639347	14.42735827440971	0.02249999450041523	0.0018523092124126267	NaN	NaN	0.022420638300618145	-0.00339047432599965	0.002615015772867441	NaN	NaN	426.257847267387	4.316451042055711	95961.37178081597	11.369999885559082	-5.291512579176154	96.69511705419752	96.38720565689934	97.00302945942349	-0.6158276716023684	0.0002648576060892083	-1	0	9.382836749138585	0.0882620674115088	1.0000108251212925	-273.1499938964844	9.0002077126503	-273.1499938964844	102
DATA	2025-12-05T083000_AIU-0547.ghg	2025-12-05	09:00:00	339.374	1	18000	17691	1.2748450530122473	1	NaN	-175.8004190648595	1	NaN	7.593329528968295	1	NaN	0.04893471491168657	2	NaN	0.16820267349460716	1	NaN	NaN	NaN	NaN	NaN	NaN	NaN	NaN	NaN	NaN	NaN	NaN	NaN	-5.476286559491939e-10	-5.583435307120457e-12	NaN	NaN	17.857721615188087	426.2356528773526	428.0960528325711	0.2	0	182.07124898924144	4.345753582423453	4.364721586895987	0.7	0	NaN	NaN	NaN	NaN	0	NaN	NaN	NaN	NaN	9	271.3811920676369	271.0074108384011	95222.90938011286	1.2220962927368506	1007.4642543960582	0.02369454205440975	0.010899533242450543	0.003305000819058107	413.3554007643989	520.8273306020922	0.002704370219188416	79.3651516495011	107.47192983769327	267.8870712929804	0.28820869980672625	1.1465812357182157	-0.04020022494619377	1.0419417053363533	-1.426183099292652e-14	-3.0666210827445806e-14	1.0419417053363533	20.271577429433695	256.10974846874495	68.34367794018789	-2.2111362232290817	NaN	1.0213532805854029	2.850010154566055	509.86051518381413	0.005687830129294276	-23.151954408693427	-0.13980053878306176	0	115.47976640120751	-17.52450007517338	39.64046688564006	98.71036744525637	150.53953860396146	211.13384336388012	316.3169709826428	1.2643394794598841	1.008309139849727	-173.46749638531432	1.0125902484675466	6.940905164950345	1.0939970145842812	0.0447302088207999	1.0939970145842812	0.15375057815722118	1.0939970145842812	NaN	1	NaN	NaN	800000009	800000019	800000009	811110019	811110009	811111009	899999999	899999999	89999	89999	89	89	15	54	0	28	45	0	0	NaN	0	0	0	0	0	0	0	0	0	NaN	NaN	NaN	NaN	0	18000	0	0	0	0	101	0	5570	0	0	16	18000	18000	18000	18000	100	NaN	2.1401814395498744	3.1734947623841894	0.3863441071980471	7.325206653629026	0.021934916369357422	0.002467282380642707	NaN	NaN	-0.14089093063962668	0.001064482652166165	0.003658932688299336	NaN	NaN	426.23548526893205	4.3457506188873	95942.871796875	11.375905020713807	-5.205290344185299	96.69275880029467	96.38714408429463	96.99837751558091	-0.611228356300129	0.000265754939981788	-1	0	8.983886365471124	0.08823904965921414	1	-273.1499938964844	9.000119334485795	-273.1499938964844	019
DATA	2025-12-05T090000_AIU-0547.ghg	2025-12-05	09:30:00	339.395	1	18000	17652	1.9939955487295407	1	NaN	726.8763739172902	1	NaN	-2.4282202720080073	2	NaN	0.27475085832789004	1	NaN	-0.05371937770032624	2	NaN	NaN	NaN	NaN	NaN	NaN	NaN	NaN	NaN	NaN	NaN	NaN	NaN	2.389052427854681e-10	2.42661219870598e-12	NaN	NaN	17.851237784512563	426.4164758041674	428.2714067754354	0.2	0	181.31888134743858	4.331204329596013	4.350045264479466	-0.7	0	NaN	NaN	NaN	NaN	0	NaN	NaN	NaN	NaN	9	270.01965378683576	269.6489915697299	95202.00908426777	1.2279900316183856	1007.4402911168012	0.02358084060596502	-0.00348101567498114	0.0033098185370391458	411.883000455598	470.77983494462603	0.002695313847684161	87.48951630522672	58.89683448902804	267.8400726964534	0.9106973595223027	0.2985672798919793	0.1770020490640344	0.9756889810295367	8.95236018807741e-14	1.3383119180269859e-14	0.9756889810295367	26.070344914133752	313.8485449273716	18.043111508442273	10.452037093711406	NaN	1.2742794269846351	3.894411766719126	-239.44224005391868	-0.012111480411087722	-299.3453198198541	0.4610857752313833	0	124.44005347546677	-18.884258207700995	42.71624348375836	106.36948606905247	162.2201777665977	227.51610587261578	340.8605854598104	1.9679410941906066	1.0132394483838196	716.8251817741348	1.0152422331937863	-2.2359567143170733	1.0859871555025413	0.25299641615074986	1.0859871555025413	-0.049465942049257076	1.0859871555025413	NaN	1	NaN	NaN	800000009	800000019	800000009	811100019	811110009	811110009	899999999	899999999	89999	89999	89	89	39	134	14	94	8	0	0	NaN	0	0	0	0	0	0	0	0	0	NaN	NaN	NaN	NaN	0	18000	0	0	0	0	101	0	3674	0	0	21	18000	18000	18000	18000	100	NaN	0.774973172290042	6.514947576176197	0.49890278497201324	29.157794978096085	0.036470675717358916	0.001443329839611618	NaN	NaN	0.5794274907092685	0.005991791112924335	-0.0011715169585112331	NaN	NaN	426.4164288000791	4.331202362136658	95924.443546658	11.380000114440918	-5.251107639365724	96.6948896783193	96.3920535490248	96.99772377289666	-0.6056655507733424	0.00026544051239195854	-1	0	9.537473177070963	0.08802273682670464	1	-273.1499938964844	9.000142997688718	-273.1499938964844	239
DATA	2025-12-05T093000_AIU-0547.ghg	2025-12-05	10:00:00	339.416	1	18000	18000	0.04645911361026546	1	NaN	36.36339420513275	0	NaN	3.388201055838198	0	NaN	0.05905910034142366	0	NaN	0.07500679435288828	0	NaN	NaN	NaN	NaN	NaN	NaN	NaN	NaN	NaN	NaN	NaN	NaN	NaN	1.503242893902335e-10	1.5210589607509559e-12	NaN	NaN	17.859800227448073	426.680792010641	428.53092159097866	0.2	0	180.7147020842448	4.317377083242451	4.336097651875359	0.1	1	NaN	NaN	NaN	NaN	0	NaN	NaN	NaN	NaN	9	270.7223920974731	270.35195030602335	95202.00908426777	1.2248034411278583	1007.4409546013596	0.023642210805720654	0.00486044027406716	0.0032906878723119727	410.5698804146552	496.11813739020363	0.00268670691297352	82.7564746119605	85.54825697554844	267.798032218686	1.1069448631707104	0.4123214380377094	0.17755310694632395	1.1945128731628576	4.6681664344942974e-14	8.416907662785926e-15	1.1945128731628576	6.82128407255265	311.5703432686843	20.429656731315657	8.548155401679827	NaN	0.19476111890495057	0.768010059566127	-17.08882580174587	-0.16970153676115787	10.732360212944005	0.15131296917583234	1	11.070027769734173	5	9	16	25	42	107	0.045927701519073307	1.011570622382909	36.07298873750589	1.0143063489002373	3.1187998135863486	1.086379780157182	0.05436321755995748	1.086379780157182	0.06904288511521817	1.086379780157182	NaN	1	NaN	NaN	800000009	800000019	800000009	800000019	800000009	800010009	899999999	899999999	89999	89999	89	89	5	35	0	94	18	0	0	NaN	0	0	0	0	0	0	0	0	0	NaN	NaN	NaN	NaN	0	18000	0	0	0	0	101	0	2561	0	0	16	18000	18000	18000	18000	100	NaN	0.6290379804868826	0.7672804289490426	0.13970170969632886	0.06989802892464085	0.0197166781123528	0.0014296306018241123	NaN	NaN	0.02923453069604723	0.0012908335212699882	0.001639396535233078	NaN	NaN	426.6808087632635	4.31737515767274	95909.78987282986	11.361520802603827	-5.2953989458613915	96.69648222902086	96.3937686261071	96.99919674682617	-0.6054229485624367	0.0002657044447308484	-1	0	10.457182367187896	0.08805691577473451	1	-273.1499938964844	9.000090329726538	-273.1499938964844	233
DATA	2025-12-05T100000_AIU-0547.ghg	2025-12-05	10:30:00	339.437	1	18000	18000	0.05759983390895874	0	NaN	15.856246123136314	1	NaN	-2.7088234705933543	2	NaN	-0.12092838389670482	1	NaN	-0.05996567827094801	2	NaN	NaN	NaN	NaN	NaN	NaN	NaN	NaN	NaN	NaN	NaN	NaN	NaN	2.9481823629442663e-10	3.0155500252406264e-12	NaN	NaN	17.8679416388183	426.7338816036335	428.6046767104195	0.1	1	182.7623437992705	4.36484996184476	4.383985400352215	0.1	1	NaN	NaN	NaN	NaN	0	NaN	NaN	NaN	NaN	9	270.7035780673557	270.32909358357995	95141.6562168046	1.2241085774994318	1007.4664479135884	0.0236555641087786	-0.0038857759519574306	0.0033249935321098597	414.8150107141495	495.27518148449076	0.0027162570324456396	83.7544513074171	80.46017077034128	267.933515086081	0.4750272086209534	0.7287038141374342	0.120217612796157	0.8781300428155164	-5.167715520319286e-14	1.6499843253009666e-14	0.8781300428155164	4.5419562482999645	275.09951268911124	56.90048731088877	7.868608109045227	NaN	0.21692052407347598	0.5395934343639325	-54.122517699955424	-0.053582134077299004	-5.853554613384637	0.05927194799230169	0	56.67051076702274	-8.599968645125518	19.45315249121411	48.44110025030912	73.87573433149262	103.6117678145091	155.22930872222855	0.05679024131686359	1.0142558399704271	15.491940591441953	1.0158489700419835	-2.4940662670558966	1.0861072564005954	-0.11134110667621033	1.0861072564005954	-0.05521156213399841	1.0861072564005954	NaN	1	NaN	NaN	800000009	800000019	800000009	800000019	800001009	810001009	899999999	899999999	89999	89999	89	89	30	71	1	57	37	0	0	NaN	0	0	0	0	0	0	0	0	0	NaN	NaN	NaN	NaN	0	18000	0	0	0	0	101	0	6975	0	0	16	18000	18000	18000	18000	100	NaN	0.36071116022240063	0.6151768480717171	0.10329886043374718	0.10837920879366979	0.033882577349351725	0.004467819385819949	NaN	NaN	0.012561898795849359	-0.0026453704294129546	-0.0013117799722946548	NaN	NaN	426.7337518456022	4.364844988806997	95920.21842447917	11.362572493341235	-5.150804849571678	96.69386416074964	96.38923986223008	96.99849456108942	-0.6092562166882886	0.0002657850169715757	-1	0	10.959862758519925	0.08856250838811194	1	-273.1499938964844	9.000080849276648	-273.1499938964844	134
DATA	2025-12-05T103000_AIU-0547.ghg	2025-12-05	11:00:00	339.458	1	18000	18000	0.05945914528311207	0	NaN	26.68720106897216	1	NaN	6.6351540992131595	1	NaN	-0.23526466273142135	1	NaN	0.146933448986631	1	NaN	NaN	NaN	NaN	NaN	NaN	NaN	NaN	NaN	NaN	NaN	NaN	NaN	8.349174472552804e-11	8.775158453865778e-13	NaN	NaN	17.833922985465048	426.6879967045603	428.61013349423615	0.1	1	187.43829173286576	4.484580833415318	4.504782896451442	0.1	1	NaN	NaN	NaN	NaN	0	NaN	NaN	NaN	NaN	9	271.0738163613213	270.6885451455075	95119.61375269944	1.2221447005988315	1007.5357648536212	0.023693406862305158	0.009521287494333688	0.003410744114276578	426.0787160215941	508.67234144933417	0.0027907858313384395	83.76290222652754	82.59362542774005	268.287115474968	0.1758362759358997	0.27940612379221286	0.09768699601902865	0.3442803031525401	2.1091184354560254e-16	4.681625281973868e-15	0.3442803031525401	2.86648228795625	274.1830888601472	57.81691113985281	16.483703729937417	NaN	0.22057079906905702	0.3288390894839876	-33.80305045484911	-0.08579107391131885	4.0220921277679	0.09825890292839326	0	69.00608804600417	-10.471940088172675	23.687556992378774	58.98536617501816	89.95640516987731	126.16513731107459	189.01836599009044	0.05777197295872545	1.0292039935280037	26.39784299312541	1.0254989000877859	6.05658547891843	1.0955271947054313	-0.2147501804322439	1.0955271947054313	0.13412122464576418	1.0955271947054313	NaN	1	NaN	NaN	800000009	800000019	800000009	800000019	800000009	800001009	899999999	899999999	89999	89999	89	89	12	6	0	46	45	0	0	NaN	0	0	0	0	0	0	0	0	0	NaN	NaN	NaN	NaN	0	18000	0	0	0	0	101	0	3166	0	0	16	18000	18000	18000	18000	99	NaN	0.3007486902035073	0.2916518298100073	0.06527765895446062	0.054958856437427234	0.030789113725129283	0.004346647504795073	NaN	NaN	0.021438053043007062	-0.0051110578669472505	0.003192087377857249	NaN	NaN	426.6878505180965	4.484575999008965	95876.52306618923	11.369999885559082	-4.799366346995028	96.67770872624715	96.37470222303602	96.98071337297228	-0.6060117757651542	0.0002660703903529793	-1	0	8.17371589852707	0.19928359048130842	1.000004807294519	-273.1499938964844	9.000096402631865	-273.1499938964844	185
DATA	2025-12-05T110000_AIU-0547.ghg	2025-12-05	11:30:00	339.479	1	18000	18000	0.020300213311189093	1	NaN	30.435085022428627	1	NaN	2.4551870611302897	1	NaN	0.16646555696922488	1	NaN	0.05439027643533548	1	NaN	-0.00311300993255414	1	NaN	NaN	NaN	NaN	NaN	NaN	NaN	NaN	NaN	NaN	-2.951559909862989e-11	-3.084875045847246e-13	-1.6425780720104522e-13	NaN	17.814147724426537	426.5972229889133	428.5077919684309	0.2	0	186.18771583962496	4.458656330941018	4.478624980564523	0.1	1	0.09913784343634151	2.1595978178897446	2.1692698466249185	-0.1	0	NaN	NaN	NaN	NaN	9	271.0736940731473	271.0951084014596	95418.0771260618	1.224147474910655	1007.5301387092964	0.023621150196435108	0.0035244899130097386	0.0034014003463854227	425.5505324786846	524.234846196945	0.0027785870706743695	81.17555243910921	98.6843137182604	268.2707208425182	1.0788314019492309	0.207802396113833	0.1907265300136967	1.115094452911249	-7.731030653620093e-15	-1.656862823594893e-15	1.115094452911249	3.4402381126530326	321.09732616519443	10.902673834805583	9.848332754801898	NaN	0.12877555496615825	0.46527202353462555	-5.911694827416914	-0.49055306213550615	12.39623876496697	0.19162373540768293	1	15.189656453204313	7	12	20	31	50	116	0.020057554045642485	1.0120981484080471	30.165828773358214	1.0145910743985702	2.2604531754940007	1.0861481616816642	0.15326229223781881	1.0861481616816642	0.05007629562353995	1.0861481616816642	-0.012938780363728657	1.1480765206578387	NaN	NaN	800000009	800000009	800000009	800000019	800000019	800011019	899999999	899999999	89999	89999	89	89	1	3	3	38	34	0	2	NaN	0	0	0	0	0	0	0	0	0	NaN	NaN	NaN	NaN	0	36	0	0	0	0	101	0	1612	0	0	16	18000	18000	18000	18000	100	NaN	0.30260585996398026	0.5414558121327112	0.0864823749725596	0.05529085438158197	0.021141074382450914	0.002916866433618919	4.4373887816531103e-8	NaN	0.02445814268356343	0.0036364496528139435	0.0011881587125935956	-0.000012938780363728657	NaN	426.59698956351053	4.458652898625366	95813.10292447917	11.375905020713807	-4.884174150307974	96.682584862815	96.38067534489102	96.98449850845337	-0.603826675247815	0.00026651893702768985	-1	0	2.1624096258277796	75.25596791626164	1.0000019148836534	-273.1499938964844	9.000078015976483	-273.1499938964844	154
DATA	2025-12-05T113000_AIU-0547.ghg	2025-12-05	12:00:00	339.499	1	18000	18000	0.025485712978496455	0	NaN	22.57455518750624	0	NaN	2.4822706873282447	0	NaN	-0.12515993534039566	2	NaN	0.055003422955692355	0	NaN	0.0087559566449737	2	NaN	NaN	NaN	NaN	NaN	NaN	NaN	NaN	NaN	NaN	-3.287687937317127e-11	-3.4798765247952884e-13	-1.8335861907069076e-13	NaN	17.796011079038895	426.6674887807242	428.6030998880634	-0.1	0	188.36313655571504	4.516092179092306	4.53657979160902	0.1	1	0.09925066121336486	2.1646913646550883	2.174511659755053	0	1	NaN	NaN	NaN	NaN	9	270.7830994076199	271.34794229295517	95341.75942903647	1.2220020752538856	1007.5645264589128	0.023662105731358733	0.0035642218075288643	0.003439253605977488	430.6876705260924	534.1111521403881	0.0028144417064618664	80.63633736164502	103.42348161429567	268.42941496599235	-0.08798949069968466	0.31265306011993427	0.05324729134976649	0.3291342590981361	2.6317210303998476e-14	-1.8474296979897613e-15	0.3291342590981361	2.0095105564026006	226.28188348544523	105.71811651455475	9.310220247306166	NaN	0.14441503909521083	0.20345367793511354	-11.234702099875049	-0.2581287847438566	9.09431646707476	0.12695855397457861	1	1.8012149074508728	1	1	3	4	7	18	0.024737041752313303	1.0302651882823919	22.155810199857868	1.0261994064358553	2.2641138193206096	1.0963541965717507	-0.11416012793289343	1.0963541965717507	0.050169391541242364	1.0963541965717507	0.000779922680716874	1.1633644361943876	NaN	NaN	800000009	800000009	800000009	800000009	800000009	800010009	899999999	899999999	89999	89999	89	89	6	1	1	53	14	0	0	NaN	0	0	0	0	0	0	0	0	0	NaN	NaN	NaN	NaN	0	0	0	0	0	0	0	0	3874	0	0	0	18000	18000	18000	18000	98	NaN	0.13365575020991258	0.22543803258585612	0.04781357307445841	0.040834950433178065	0.039622484995227775	0.006020261931810374	1.747179993075051e-7	NaN	0.01799462596298212	-0.0027135268419521802	0.001192500333142535	7.79922680716874e-7	NaN	426.66744147953017	4.516085722637304	95745.87423155383	11.380000114440918	-4.725337229490266	96.67348426098293	96.37183981725904	96.97512819692824	-0.6032875378065641	0.00026674454391468317	-1	0	2.160437113086383	60.54256327777289	1.0000218294064205	-273.1499938964844	9.000219327873653	-273.1499938964844	209
DATA	2025-12-05T120000_AIU-0547.ghg	2025-12-05	12:30:00	339.52	1	18000	18000	0.037524080234883656	0	NaN	24.841064222180155	0	NaN	1.8165348623235678	0	NaN	-0.10085069222219196	2	NaN	0.040250521921471556	0	NaN	0.004069030689609837	1	NaN	NaN	NaN	NaN	NaN	NaN	NaN	NaN	NaN	NaN	1.3086663562140908e-10	1.4260452700888977e-12	7.281146082481119e-13	NaN	17.77155472234352	426.710144786309	428.7035446188186	0.1	1	193.65548318396597	4.649832868263299	4.6715548173991355	0.1	1	0.09887721605415951	2.156422296167344	2.1664961411333516	0.2	0	NaN	NaN	NaN	NaN	9	270.7791858266195	271.31679886033805	95275.07382356771	1.221225664274341	1007.637025072809	0.02367594980720826	0.0026082338205113565	0.0035390339312275382	443.13200338415396	532.8857649620519	0.0028979360938426162	83.15703524482596	89.75376157789793	268.8069815123972	0.09441538732819818	0.6020581694739229	0.0517866967132168	0.611612758819678	-8.909572366434787e-14	7.363825937911628e-15	0.611612758819678	2.1944027776323476	250.91259471248483	81.08740528751517	4.857184655063575	NaN	0.17528997000139548	0.28782895575328016	-18.248903903390207	-0.15891365395711518	13.674972464005139	0.11516303225663721	1	4.283616503991026	2	4	6	10	17	46	0.03683766997431498	1.0186333788496198	24.51654133402691	1.0185964056108847	1.669573237646258	1.0880234669336784	-0.09269165168506373	1.0880234669336784	0.03699416707886602	1.0880234669336784	-0.0042882635600480674	1.1525323110914896	NaN	NaN	800000009	800000009	800000009	800000009	800000009	800010019	899999999	899999999	89999	89999	89	89	14	7	3	36	15	0	0	NaN	0	0	0	0	0	0	0	0	0	NaN	NaN	NaN	NaN	0	0	0	0	0	0	0	0	550	0	0	0	18000	18000	18000	18000	97	NaN	0.28629927015854056	0.2389499253559229	0.050408715992096884	0.043835535179270406	0.025182449194052766	0.0030276910769290602	4.099894735776297e-8	NaN	0.01992320311793852	-0.002204817676543232	0.0008799648298598706	-0.0000042882635600480675	NaN	426.71011814227853	4.649829271363051	95676.28782725695	11.370761014090643	-4.347282797654482	96.66823724831474	96.36624416478475	96.97023154958089	-0.6039840669433282	0.0002669944269695811	-1	0	2.1520494947764606	80.90219612736215	1.0000106536746025	-273.1499938964844	9.000102551380794	-273.1499938964844	183
DATA	2025-12-05T123000_AIU-0547.ghg	2025-12-05	13:00:00	339.541	1	18000	18000	0.032454668546018466	0	NaN	23.580313272149287	0	NaN	-0.4925519865401493	2	NaN	0.003944985854183759	2	NaN	-0.010912223042265886	2	NaN	-0.0026186245274942422	0	NaN	NaN	NaN	NaN	NaN	NaN	NaN	NaN	NaN	NaN	-4.328641835038729e-11	-4.819771413187049e-13	-2.4096945594174337e-13	NaN	17.75273989831617	426.4090465714961	428.4432505746372	0.1	1	197.6697345921296	4.747896017530528	4.770546074237847	0.1	1	0.0988270279177361	2.153858100318579	2.1641331796235193	0	0	NaN	NaN	NaN	NaN	9	270.73949641588	271.1546845380995	95222.8846328125	1.2212410731206158	1007.6885098770728	0.02367477162598927	-0.0007071120531388294	0.003613850602381374	452.2296280060943	526.5473230385142	0.002959162348795693	85.88584695416182	74.31769503241986	269.0770959633844	0.6802761095935874	-0.036688986891337906	0.11709791947519953	0.691255083010829	-4.7895143595256144e-14	-2.4382950799889184e-15	0.691255083010829	2.823398494924082	335.08711340053765	356.91288659946247	9.752877467259392	NaN	0.1630188735874335	0.2868933628803552	-15.457385152723583	-0.18761258591586696	-47.873755291873515	0.11753953650542764	1	5.96044148941185	3	5	8	13	23	60	0.031912617975203436	1.0169854623408274	23.18353059782146	1.0175458898331884	-0.45307698596918816	1.0871264747347942	0.0036288195953889757	1.0871264747347942	-0.010037675740467948	1.0871264747347942	-0.0100427963655131	1.1511610066295537	NaN	NaN	800000009	800000009	800000009	800000009	800000009	800010019	899999999	899999999	89999	89999	89	89	0	16	1	35	14	0	0	NaN	0	0	0	0	0	0	0	0	0	NaN	NaN	NaN	NaN	0	0	0	0	0	0	0	0	201	0	0	0	18000	18000	18000	18000	94	NaN	0.3132272708457751	0.20260244944466915	0.05795700547026621	0.03438845753894158	0.026956660434475418	0.0019179604031361905	5.8322622259883596e-8	NaN	0.018838740602636937	0.00008632143030454898	-0.00023877365740403771	-0.0000100427963655131	NaN	426.4089926653912	4.747893493051914	95621.02476302083	11.369999885559082	-4.07781068575385	96.64465036455792	96.33841750950282	96.95087899589538	-0.6124596930808479	0.0002672239829229915	-1	0	2.1494037053916193	77.07020230759557	1	-273.1499938964844	9.000053783946568	-273.1499938964844	115
DATA	2025-12-05T130000_AIU-0547.ghg	2025-12-05	13:30:00	339.562	1	18000	18000	0.031008744400876795	0	NaN	18.27663934485934	0	NaN	0.9293998170040704	1	NaN	0.007008458381902263	2	NaN	0.020595482505558267	1	NaN	-0.004312552056242576	0	NaN	NaN	NaN	NaN	NaN	NaN	NaN	NaN	NaN	NaN	-5.7424166042515644e-11	-6.527881675806678e-13	-3.198550427127241e-13	NaN	17.740425033639486	426.38479807115027	428.46158133714005	0.1	0	201.67013903584757	4.847069974182	4.870678493662526	0.1	1	0.09881492058022154	2.156332825086065	2.1668356290023905	0	0	NaN	NaN	NaN	NaN	9	270.9274480658637	271.41803930409753	95185.63071875	1.2195329745932202	1007.7458597764469	0.02370704025108445	0.0013345872663601756	0.0036843149337170856	461.49517062784923	536.8783801208536	0.0030210867688477243	85.95897836749631	75.38320949300441	269.34728279973797	0.3840277729145564	0.19641773865654064	0.026131483843121913	0.43213436900635677	-1.1575712226966313e-13	-3.23691038594778e-15	0.43213436900635677	2.519456424653726	304.9117303267537	27.088269673246337	3.4668330833625576	NaN	0.15945763436823115	0.35134509664869656	-18.659439985115608	-0.1554173116831637	19.664991331474834	0.09326237157438758	1	2.6630081583106935	1	2	4	6	11	31	0.030270108944345203	1.024401479951382	17.952217439253086	1.0223418227990633	0.8511773431272662	1.0918991494644477	0.006418594963957758	1.0918991494644477	0.018862073952214262	1.0918991494644477	-0.009975581993334004	1.1577497740763407	NaN	NaN	800000009	800000009	800000009	800000009	800001009	800011009	899999999	899999999	89999	89999	89	89	16	0	0	61	18	0	0	NaN	0	0	0	0	0	0	0	0	0	NaN	NaN	NaN	NaN	0	0	0	0	0	0	0	0	2609	0	0	0	18000	18000	18000	18000	93	NaN	0.38263360955844744	0.2720922296280683	0.047964354110877426	0.031224901970034434	0.04269412584564432	0.0026015631482780633	4.6744106054518785e-8	NaN	0.014607420443537002	0.00015290724006430825	0.00044934252529054623	-0.000009975581993334004	NaN	426.38472565238135	4.84706672630521	95587.0181968316	11.369999885559082	-3.807022049612492	96.6268486612108	96.31719857449002	96.93649815326266	-0.6193021834890049	0.0002675532839526163	-1	0	2.151775843236181	72.78443501175778	1.0000034853501452	-273.1499938964844	9.000062527630064	-273.1499938964844	127
DATA	2025-12-05T133000_AIU-0547.ghg	2025-12-05	14:00:00	339.583	1	18000	18000	0.014513505614265778	1	NaN	14.216806741414974	0	NaN	1.4906196861981347	1	NaN	0.1619480511811563	1	NaN	0.03303145567807606	1	NaN	-0.004624875196096781	0	NaN	NaN	NaN	NaN	NaN	NaN	NaN	NaN	NaN	NaN	3.2040011875137393e-10	3.6928665975626916e-12	1.7813725559910163e-12	NaN	17.776813162415266	427.72733832190494	429.84643754334417	0.1	1	204.8919326073584	4.92989829937941	4.954322605969154	0.1	1	0.09883619027332408	2.15672074478901	2.1674058351296805	0.1	0	NaN	NaN	NaN	NaN	9	270.96818443806967	271.39729134284124	95127.52630338541	1.2188434613496455	1007.790809663442	0.02371970730141945	0.0021404383279393286	0.0037452725595655636	469.0948261251216	536.057988086932	0.0030728085093210916	87.50822421268516	66.96316196181044	269.56532128582745	0.399944884910569	0.22791335632464121	0.07603104868386716	0.46656310325741357	-5.219003151114552e-15	1.802348462708613e-14	0.46656310325741357	1.9577326257581993	302.3228318935893	29.677168106410694	9.378737883696862	NaN	0.10912196972994356	0.26578085604832413	-7.684399345743082	-0.3773879869487144	9.537514412999146	0.10606486357033432	1	5.447305286150069	2	4	7	12	20	48	0.014187523573932	1.0229766695107196	14.016760504594084	1.0214101875089556	1.3664454696834896	1.0908738908867017	0.14845717047047396	1.0908738908867017	0.03027981140077237	1.0908738908867017	-0.009019378742491738	1.1564218311034107	NaN	NaN	800000009	800000009	800000009	800000009	800000009	800010019	899999999	899999999	89999	89999	89	89	2	11	0	46	3	0	0	NaN	0	0	0	0	0	0	0	0	0	NaN	NaN	NaN	NaN	0	0	0	0	0	0	0	0	0	0	0	0	18000	18000	18000	18000	93	NaN	0.38276448447817485	0.1238301718379955	0.024967055780477997	0.03062488598125326	0.04724949517035572	0.0008055245836159817	4.1792421063475325e-8	NaN	0.011411147720615964	0.0035388112898154488	0.0007217875573066195	-0.000009019378742491738	NaN	427.72729739393617	4.92989680705994	95528.51140104167	11.375905020713807	-3.588511284576536	96.61494637298584	96.30356749831306	96.92632642004224	-0.6227573488917615	0.00026739027367309764	-1	0	2.152102234390047	79.09693293677428	1.0000017094264175	-273.1499938964844	9.000055552138223	-273.1499938964844	133
DATA	2025-12-05T140000_AIU-0547.ghg	2025-12-05	14:30:00	339.604	1	18000	18000	0.03234709901854159	1	NaN	15.576288995540342	1	NaN	1.8865207399716593	2	NaN	0.6529572203900081	1	NaN	0.04180233447807489	2	NaN	0.0031061811793897465	1	NaN	NaN	NaN	NaN	NaN	NaN	NaN	NaN	NaN	NaN	8.008542659316001e-12	9.331764174778209e-14	4.45985795989844e-14	NaN	17.798679814227455	428.34384842242497	430.49251187918634	0.1	1	207.39489032445465	4.991174985557746	5.016211776297864	0.1	1	0.09911863771222729	2.1624223424678446	2.173269510887461	-0.4	0	NaN	NaN	NaN	NaN	9	270.8561247516208	271.3439845055474	95114.95562717014	1.2188935168884982	1007.8236215921805	0.023718182617063585	0.0027087912741792525	0.0037920685675166296	474.8627300209169	533.9552882392353	0.0031110745237178253	88.93305122734503	59.0925582183184	269.7287230921319	-0.3562974587750771	0.01275601178878809	0.003989497319277644	0.3565480487328681	5.024592499100101e-15	4.499514988136556e-16	0.3565480487328681	1.6545221956527925	154.0504036662437	177.9495963337564	0.6411089039484535	NaN	0.16290513924994893	0.08228103832787557	-23.333443442561784	-0.12428512778830592	8.256622185756802	0.07783571344527608	1	1.7580988609175883	1	1	3	4	7	20	0.03145367705288599	1.0284043726955487	15.31688097564015	1.024971678373237	1.7229929223546034	1.0949091638714235	0.596357434877297	1.0949091638714235	0.038178815062857384	1.0949091638714235	-0.002220185924746839	1.161562110594456	NaN	NaN	800000009	800000009	800000009	800000009	800000019	800000019	899999999	899999999	89999	89999	89	89	4	4	0	5	0	0	0	NaN	0	0	0	0	0	0	0	0	0	NaN	NaN	NaN	NaN	0	0	0	0	0	0	0	0	0	0	0	0	18000	18000	18000	18000	93	NaN	0.10527655070071279	0.036413142765817814	0.022872383189220562	0.031977047330101455	0.19111059174222944	0.0016219358354852855	7.97111562754195e-8	NaN	0.012468667310302621	0.014215485553481878	0.0009100756731351467	-0.000002220185924746839	NaN	428.3437815518425	4.99117270659934	95516.09716970487	11.380000114440918	-3.424881393273646	96.59534707238939	96.28139749060736	96.90929427549574	-0.6278956981913908	0.0002673074857900954	-1	0	2.157715744290087	57.771637742891706	1.0000251828647322	-273.1499938964844	9.000207126908832	-273.1499938964844	137
DATA	2025-12-05T143000_AIU-0547.ghg	2025-12-05	15:00:00	339.624	1	18000	18000	0.026060205664583325	0	NaN	28.579910996824903	0	NaN	1.1258720949814967	1	NaN	-0.07461433208848331	1	NaN	0.024946374239764174	1	NaN	-0.006586341029231565	0	NaN	NaN	NaN	NaN	NaN	NaN	NaN	NaN	NaN	NaN	1.0841455486039596e-10	1.2710414302552614e-12	6.03439296259769e-13	NaN	17.813296180313003	428.6674081493089	430.83262382578107	0.1	1	208.84130810425515	5.025653947106227	5.051038719785303	0.1	1	0.099149444693626	2.162651187567087	2.173574822452878	-0.1	0	NaN	NaN	NaN	NaN	9	271.0180331255595	271.2939237895854	95089.32091571108	1.2187739459020783	1007.8418384643752	0.02372019970976513	0.0016165250507367184	0.0038179394265914447	478.0142088539847	531.9872991374225	0.003132606698254932	89.85444006446187	53.973090283437784	269.8172602827269	1.0650083688482759	0.29495124174970627	0.1493989282272366	1.115149810779744	-2.4402625103056608e-14	6.086159111878135e-15	1.115149810779744	3.8143240006677854	316.52007033921893	15.479929660781064	7.699183873492683	NaN	0.1462269220596153	0.3947011215174234	-9.195560628306762	-0.3153695698631912	25.384687234205416	0.15911751533983526	1	14.009200591174595	6	11	19	29	48	116	0.025748704182729235	1.0120977537216427	28.271724949552286	1.0145908562368637	1.036573742357563	1.0861476120558826	-0.06869630910226995	1.0861476120558826	0.022967756834216264	1.0861476120558826	-0.015608971385882589	1.148076400111809	NaN	NaN	800000009	800000009	800000009	800000019	800000019	800010019	899999999	899999999	89999	89999	89	89	1	0	0	57	8	0	0	NaN	0	0	0	0	0	0	0	0	0	NaN	NaN	NaN	NaN	0	0	0	0	0	0	101	0	201	0	0	16	18000	18000	18000	18000	93	NaN	0.4681414755655357	0.25707918929022	0.06418157817909113	0.04741267965347678	0.06531603273031046	0.0011212237650726313	9.763846549383316e-8	NaN	0.02301636638193309	-0.0016377230081086951	0.0005475523256430495	-0.00001560897138588259	NaN	428.66736122910015	5.025652197190303	95481.36649978298	11.370760458522373	-3.3376223548385875	96.55972215716045	96.24076556777955	96.87867508379618	-0.6379108241647478	0.0002675752332531071	-1	0	2.1579474737710425	49.98247342493584	1.000016201093793	-273.1499938964844	9.000137564791574	-273.1499938964844	182
DATA	2025-12-05T150000_AIU-0547.ghg	2025-12-05	15:30:00	339.645	1	18000	18000	0.027168300715086347	1	NaN	32.66939065532465	0	NaN	1.221967990848756	1	NaN	0.09723422329495449	2	NaN	0.02707869248154543	1	NaN	0.004868935809730302	1	NaN	NaN	NaN	NaN	NaN	NaN	NaN	NaN	NaN	NaN	2.4317081291254056e-10	2.8819615194600443e-12	1.3521685929262086e-12	NaN	17.857136113777187	429.2266729567232	431.4213217885625	0.3	0	211.63551049268258	5.087019859706787	5.113029944578131	0.1	1	0.09929587487681857	2.1671162923604017	2.1781968228566235	0	0	NaN	NaN	NaN	NaN	9	271.15757573021784	271.4143218917416	95075.88858512521	1.2180328977417128	1007.876848258765	0.02373407922648623	0.0017546992728041438	0.0038622985356957283	483.78266819130243	536.7313086105038	0.0031709312144660474	90.13498196028932	52.948640419201354	269.9779853908727	1.1876819146788122	0.3100396401075288	0.16963809439152142	1.2391488982208712	3.7586795112899675e-14	1.361757066548475e-14	1.2391488982208712	3.948266744136034	317.3696603423701	14.630339657629952	7.868437195238758	NaN	0.14934879698209721	0.4256979441189661	-8.57003120907799	-0.3383884993240296	26.73506253844923	0.17818568788437744	1	15.601824972293027	7	12	21	32	53	126	0.02686458818115754	1.011305311359354	32.32785110096169	1.0141686234249512	1.124636139853313	1.086545192303831	0.0894893502669559	1.086545192303831	0.024921828077974145	1.086545192303831	-0.00611861460497879	1.1479147778730532	NaN	NaN	800000009	800000009	800000009	800000019	800000019	800010019	899999999	899999999	89999	89999	89	89	1	0	0	59	3	0	0	NaN	0	0	0	0	0	0	0	0	0	NaN	NaN	NaN	NaN	0	0	0	0	0	0	101	0	6221	0	0	21	18000	18000	18000	18000	93	NaN	0.5280964245520079	0.2585442469239798	0.0647552167619445	0.055345963640298125	0.08563561172147618	0.0019059454125575604	7.205602605881635e-8	NaN	0.026333606982330972	0.0021348100633839175	0.0005945217975107873	-0.00000611861460497879	NaN	429.22658353064355	5.087017293651664	95474.56905729166	11.369999885559082	-3.1760510720411754	96.50281192398072	96.17195866775512	96.83366896947226	-0.6617112505717406	0.0002676283649715413	-1	0	2.1623291643791727	59.303710742555005	1.000006750770484	-273.1499938964844	9.00012666964531	-273.1499938964844	164
DATA	2025-12-05T153000_AIU-0547.ghg	2025-12-05	16:00:00	339.666	1	18000	18000	0.0037118042603855764	1	NaN	23.539641828889845	0	NaN	-0.01256180433399438	1	NaN	0.12747736406811117	0	NaN	-0.00027840793886068656	1	NaN	-0.0020669591880881927	0	NaN	NaN	NaN	NaN	NaN	NaN	NaN	NaN	NaN	NaN	-1.1507540783188283e-10	-1.386715628957445e-12	-6.395742210058533e-13	NaN	17.810303733326354	428.64841475307753	430.87406266118467	0.2	0	214.62297643615216	5.165425587144758	5.192245746176803	0.1	1	0.09898736272793679	2.1619817325295196	2.1732072729835576	0	0	NaN	NaN	NaN	NaN	9	271.40971676042346	271.5645018530952	95041.84545876736	1.216887264836694	1007.9215514128103	0.023755717889402138	-0.00001804083443817249	0.003918255432588272	491.0632675816744	542.7013911146157	0.003219900105630657	90.48498412232084	51.638123532941336	270.17843297739586	1.192689781252691	0.40934524117254134	0.14829187304691113	1.269670398326629	2.9914495596003077e-15	-6.461170430044692e-15	1.269670398326629	2.558539220609709	313.05717314485037	18.942826855149658	6.707201413839798	NaN	0.055229022908672175	0.12015042650806038	-0.6013340444829283	-4.822610704660229	-1873.9061048091291	0.34750048341809	1	21.504897521569564	10	17	27	39	61	129	0.0036709268796522067	1.0111354385618387	23.250281265786146	1.0140826464568715	-0.011559882346736945	1.0866723343028013	0.11730984588827269	1.0866723343028013	-0.000256202288465649	1.0866723343028013	-0.009616623264274678	1.1479071430934795	NaN	NaN	800000009	800000009	800000009	800000009	800000009	800010019	899999999	899999999	89999	89999	89	89	1	3	1	66	14	0	0	NaN	0	0	0	0	0	0	0	0	0	NaN	NaN	NaN	NaN	0	0	0	0	0	0	0	0	3219	0	0	0	18000	18000	18000	18000	93	NaN	0.13204225831858807	0.07782059046129505	0.030438004236237645	0.05155469872383269	0.05927910746281497	0.0005547915163907742	3.574334686642784e-8	NaN	0.01895619351542575	0.0028012531506056374	-0.000006117879213994602	-0.000009616623264274678	NaN	428.6483546966102	5.165424321703038	95442.28450303819	11.369999885559082	-2.974901264826451	96.50190505048964	96.17278429370457	96.83102546819052	-0.6582406324677997	0.00026739105765753057	-1	0	2.157115299423535	82.06547080103562	1.0000095641977258	-273.1499938964844	9.000134461455875	-273.1499938964844	162
DATA	2025-12-05T160000_AIU-0547.ghg	2025-12-05	16:30:00	339.687	1	18000	18000	0.018217291151097603	0	NaN	16.372839977449466	0	NaN	1.6543450551551804	1	NaN	0.059342183319931276	2	NaN	0.03667936406891166	1	NaN	0.0004710441649654566	1	NaN	NaN	NaN	NaN	NaN	NaN	NaN	NaN	NaN	NaN	-1.1926113431764879e-10	-1.4518988571196958e-12	-6.624280212742084e-13	NaN	17.775955813881453	428.54218742783775	430.78966978013676	0.1	1	216.4065441608447	5.2171222059387725	5.244483316306953	0.1	1	0.09873536172047537	2.1605612815316397	2.1718923091264912	-0.2	0	NaN	NaN	NaN	NaN	9	271.7177874721951	271.96851298777267	95016.48985460069	1.2147316144472537	1007.9548503654606	0.02379740843342528	0.0023768227916654756	0.003950537052167668	495.84560881869595	559.0554450260673	0.003252189212153916	88.69345844499841	63.20983620737138	270.30866927056945	0.18366878124395739	0.033838044850011934	0.025478620088474346	0.18848977310318907	3.652770719128514e-15	-6.7091263933338746e-15	0.18848977310318907	1.7983433652674188	321.56122065204306	10.438779347956897	7.768590619210359	NaN	0.12246210842758667	0.184061971545735	-9.423621779834043	-0.3077373081977693	9.896871227939606	0.10919452695295721	1	0.7730882091479093	1	1	1	2	4	13	0.01739900222512878	1.047030796098583	15.892741844661192	1.0373581155841767	1.4903963144376495	1.1100034528597122	0.0534612601132433	1.1100034528597122	0.03304436934354958	1.1100034528597122	-0.004849565072672613	1.1801502393170615	NaN	NaN	800000009	800000009	800000009	800000009	800000009	800011009	899999999	899999999	89999	89999	89	89	3	7	1	35	4	0	0	NaN	0	0	0	0	0	0	0	0	0	NaN	NaN	NaN	NaN	0	0	0	0	0	0	0	0	5220	0	0	0	18000	18000	18000	18000	93	NaN	0.18266359714955155	0.15888719803330975	0.02657314790860873	0.028358444803065312	0.4641684982446998	0.00045420548289178565	3.219342131341517e-8	NaN	0.012980081380909345	0.0012789134799560638	0.0007904955719448839	-0.000004849565072672613	NaN	428.5421168765358	5.217121021318018	95422.9266842448	11.369999885559082	-2.8443907539182276	96.53598523055183	96.21473168818156	96.85723909399245	-0.6425100430746855	0.0002681846452954535	-1	0	2.155658819251591	84.02426206525172	1.000027563671271	-273.1499938964844	9.000223529656727	-273.1499938964844	233
DATA	2025-12-05T163000_AIU-0547.ghg	2025-12-05	17:00:00	339.708	0	18000	18000	0.01648909759225333	1	NaN	6.114336018360543	1	NaN	0.753738478930845	1	NaN	0.36063463751836716	1	NaN	0.016708499843607665	1	NaN	0.0018191235627603264	2	NaN	NaN	NaN	NaN	NaN	NaN	NaN	NaN	NaN	NaN	-8.7890862815196e-11	-1.0672881059113163e-12	-4.869904060644972e-13	NaN	17.879147233773192	431.2309525834733	433.5010159857718	0.1	1	217.11245714547815	5.236581504051099	5.2641476422289895	0.4	0	0.09906573780905854	2.1658944659817467	2.1772960542281616	-0.7	0	NaN	NaN	NaN	NaN	9	271.50544058651394	271.77656390804714	95018.40304861112	1.2156050634422917	1007.9630885967039	0.023780133951267577	0.0010827107898657767	0.003968152598012434	497.7050802665063	551.2317826104144	0.0032643435909814416	90.28961971488165	53.526702343908084	270.359007101333	-0.43750844826165364	0.06430438745487517	-0.02334933967379512	0.44282489565228256	3.928465328759843e-15	-4.915830809266602e-15	0.44282489565228256	1.6154096102320994	160.36138795924634	171.6386120407536	-3.022502396077191	NaN	0.11646681364830253	0.050284680854513916	-21.707036598753312	-0.13359723179195054	8.112012573689407	0.04284596996455595	1	5.070778621617988	2	4	7	12	21	56	0.0161036221970586	1.0239371857137296	6.031032713226012	1.022037929949297	0.6905139456820426	1.091561558813057	0.33038414975928093	1.091561558813057	0.015306969825665324	1.091561558813057	-0.00031659904139102145	1.15731495569405	NaN	NaN	800000009	800000009	800000009	800000009	800000019	800001019	899999999	899999999	89999	89999	89	89	10	15	0	6	9	1	0	NaN	0	0	0	0	0	0	0	0	0	NaN	NaN	NaN	NaN	0	0	0	0	0	0	0	0	0	0	0	0	18000	18000	18000	18000	93	NaN	0.06687994922124631	0.020219201238053985	0.013470211249727538	0.014084435877796734	0.2313526762665413	0.0007908795784523218	4.2175623706038796e-8	NaN	0.004922146720630651	0.007897948682555648	0.00036591846871775186	-3.1659904139102146e-7	NaN	431.23088101960786	5.236580028762334	95416.66674609375	11.369999885559082	-2.795514883783134	96.55596352407667	96.23945254580181	96.87246856223211	-0.6330181285887961	0.00026841440467655455	-1	0	2.160967146757576	80.14451107766902	1.000024415180087	-273.1499938964844	9.000188081290986	-273.1499938964844	201
DATA	2025-12-05T170000_AIU-0547.ghg	2025-12-05	17:30:00	339.729	0	18000	18000	0.031503582563453786	1	NaN	6.123861039664105	1	NaN	-5.284945218204168	1	NaN	3.072059918095839	1	NaN	-0.11717964338905233	1	NaN	0.005235011901503149	2	NaN	NaN	NaN	NaN	NaN	NaN	NaN	NaN	NaN	NaN	-2.1929694702215452e-10	-2.712032290692195e-12	-1.2126148775121136e-12	NaN	17.884596253389113	431.4681874841991	433.7828272273556	0.3	0	221.17773732747787	5.335941392496299	5.364566404426473	0.1	1	0.09889388698587812	2.1645281748670104	2.176139929995337	0	1	NaN	NaN	NaN	NaN	9	271.74280204603406	272.00737700059676	95017.20850086806	1.2145125643413772	1008.0203358429757	0.023800629044604074	-0.00759324089161059	0.004039963202656005	507.1422549002597	560.6514410904028	0.0033264070881365094	90.45589072489068	53.50918619014317	270.61193802125996	0.063933738277279	-0.005225310891135377	0.023446652408122215	0.0682976739952557	2.716562509243918e-14	-1.2261777896193656e-14	0.0682976739952557	1.451819756224683	336.6724047265802	355.3275952734197	20.078110361218734	NaN	0.16105676297612803	0.0968161122588235	-57.31380565779694	-0.05059862919093186	-1.1587369001612853	0.031058112267756992	1	0.03324450818432706	1	NaN	NaN	NaN	NaN	NaN	0.028630081794655367	1.1003664882764967	5.457897729990121	1.0736754407604232	-4.568599804852666	1.15679758436942	2.655659001717612	1.15679758436942	-0.10129658375188251	1.15679758436942	0.003070256187331413	1.2383292593456836	NaN	NaN	800000009	800000009	800000009	800000009	800000019	800011019	899999999	899999999	89999	89999	89	89	7	12	0	5	23	0	0	NaN	0	0	0	0	0	0	0	0	0	NaN	NaN	NaN	NaN	0	0	0	0	0	0	0	0	1607	0	0	0	18000	18000	18000	18000	93	NaN	0.10626515421676225	0.05829554273522618	0.029071527565658565	0.03753857803842057	0.7079919579953077	0.002177408543097406	4.698360702921917e-8	NaN	0.004458143955306198	0.06354552089743518	-0.002423859454651668	0.0000030702561873314127	NaN	431.468165306977	5.335938517600537	95418.17525368923	11.360760229640537	-2.5419987057182594	96.54517125617133	96.22683146074083	96.86351712120904	-0.6366845753027328	0.00026819614607827844	-1	0	2.159509741961956	82.3442862412132	1.0000115351974963	-273.1499938964844	9.000073189073138	-273.1499938964844	196
DATA	2025-12-05T173000_AIU-0547.ghg	2025-12-05	18:00:00	339.749	0	18000	18000	0.018016786752204014	1	NaN	18.322848860056006	0	NaN	0.3041328663810942	0	NaN	0.09293332351861329	1	NaN	0.006742397737121552	0	NaN	-0.0011480902172275014	0	NaN	NaN	NaN	NaN	NaN	NaN	NaN	NaN	NaN	NaN	8.030307196043941e-11	9.836162250641815e-13	4.4524317349711243e-13	NaN	17.8430199398313	430.4994382119768	432.7815391039023	0.3	0	218.55557313682803	5.273101289511345	5.301054285701045	0.1	1	0.09893124420814836	2.1638281555660677	2.175298726083652	-0.6	0	NaN	NaN	NaN	NaN	9	271.5996399069892	271.85984103732636	95006.40948307292	1.2150624910953034	1007.9841002179945	0.023790423516500053	0.00043690737336547655	0.003994098163034907	501.1128025150029	554.6140710209386	0.0032871545227558426	90.35342388492775	53.501268505935684	270.4508262486319	0.20356205822206475	-0.28711093665805537	0.01517092104540486	0.35227880768168435	1.681212226944128e-14	4.5005314252425064e-15	0.35227880768168435	1.6812288413268313	26.663305536240387	305.33669446375967	2.468211632482719	NaN	0.12176973527938781	0.10135511994944167	-8.278130073594669	-0.35032066109354004	60.2461979136991	0.12285740594727687	1	2.7507975709884374	1	2	4	6	11	27	0.017514531076355474	1.0286765128714512	17.918841087150035	1.0251513630933726	0.27771667830868413	1.0951191992979565	0.08486137726211875	1.0951191992979565	0.006156770643272324	1.0951191992979565	-0.00699118753611807	1.1618247647338142	NaN	NaN	800000009	800000009	800000009	800000009	800000009	800010019	899999999	899999999	89999	89999	89	89	1	6	1	50	23	0	0	NaN	0	0	0	0	0	0	0	0	0	NaN	NaN	NaN	NaN	0	0	0	0	0	0	0	0	0	0	0	0	18000	18000	18000	18000	93	NaN	0.044301640528573764	0.13144784313994767	0.02696075623036189	0.02386394886226067	0.036241685879408826	0.00024260197551392285	2.094974263614018e-8	NaN	0.014630447897661342	0.0020295932266855593	0.0001472488474614938	-0.00000699118753611807	NaN	430.4993848857353	5.273100319011481	95405.00566059028	11.362571937772962	-2.702984702666598	96.55297964774238	96.23732017283969	96.8686405406528	-0.6313233120441437	0.00026812493108284094	-1	0	2.158862858434518	82.03978679953681	1.0000106034444438	-273.1499938964844	9.000059678077697	-273.1499938964844	199
DATA	2025-12-05T180000_AIU-0547.ghg	2025-12-05	18:30:00	339.77	0	18000	18000	0.013604500983131214	0	NaN	21.82824214890297	0	NaN	-0.055960695796772326	2	NaN	0.5120716612442151	1	NaN	-0.0012406400838400444	2	NaN	-0.0020563449296543404	0	NaN	NaN	NaN	NaN	NaN	NaN	NaN	NaN	NaN	NaN	9.81222965275514e-12	1.2049017972980993e-13	5.44024420353523e-14	NaN	17.821100008953906	429.9865834142182	432.26898958969264	0.1	1	218.83584252014018	5.280059940549675	5.308086957856809	0.1	1	0.09880642774918191	2.161380203070329	2.1728529971372166	-0.1	0	NaN	NaN	NaN	NaN	9	271.592036142985	271.8882702780829	95014.10478016493	1.2150306449246682	1007.988265690066	0.023790984341978218	-0.00008039347743283487	0.003999274699662263	501.8147388314003	555.7729280381817	0.0032915010961803498	90.29132466073007	53.95818920678141	270.46967070668103	0.25205116760124646	-0.23551882514889702	0.013132597619394119	0.34521206990611997	-3.253501339584431e-14	5.505961836152176e-16	0.34521206990611997	1.835816384234416	15.057979998300084	316.9420200016999	2.1801787682888545	NaN	0.1058151111244976	0.12544866907650995	-4.559920161308765	-0.6359760472577345	-390.0638088592524	0.16843345706274068	1	3.06378576450032	1	2	4	7	11	27	0.013219277406052079	1.0291410464616448	21.319280470272663	1.0254576534113276	-0.05108332556281448	1.0954787140465319	0.4674409960488417	1.0954787140465319	-0.0011325095302466522	1.0954787140465319	-0.008933547460662262	1.162273809348684	NaN	NaN	800000009	800000009	800000009	800000009	800000019	800010019	899999999	899999999	89999	89999	89	89	0	2	0	23	6	0	0	NaN	0	0	0	0	0	0	0	0	0	NaN	NaN	NaN	NaN	0	0	0	0	0	0	0	0	0	0	0	0	18000	18000	18000	18000	93	NaN	0.13218789826641242	0.08525601117718797	0.03345342870941952	0.03738628175772017	0.15774749474732838	0.0007350818113387968	1.5258933374455822e-8	NaN	0.01740723671022631	0.011179927941818131	-0.00002708657359667469	-0.000008933547460662262	NaN	429.98652481069774	5.280058505144494	95412.56462391494	11.369999885559082	-2.6841252461671816	96.55362398656209	96.23876503033108	96.86848090256585	-0.6297155191964573	0.00026833593581007643	-1	0	2.1564121059245536	83.78896305211383	1.0000082146252196	-273.1499938964844	9.000051920360988	-273.1499938964844	097
DATA	2025-12-05T183000_AIU-0547.ghg	2025-12-05	19:00:00	339.791	0	18000	18000	0.03190430369772472	0	NaN	28.62038463937497	0	NaN	2.964271937502615	1	NaN	0.35700810351018814	1	NaN	0.06570075778863829	1	NaN	0.0011239017268747133	0	NaN	NaN	NaN	NaN	NaN	NaN	NaN	NaN	NaN	NaN	1.120453269545336e-10	1.3625141256374032e-12	6.200407005465411e-13	NaN	17.865682681231785	430.75172523918303	433.0199295724771	0.3	0	217.2535497817911	5.238106097179995	5.265688331334206	0.1	1	0.09886579571415981	2.1599698343683498	2.1713435623212174	0	0	NaN	NaN	NaN	NaN	9	271.4256210132175	271.6198324983385	95014.41771180555	1.2162547800046983	1007.961974546532	0.023767417006551824	0.0042574091047037615	0.003971431706795881	497.82910231257205	544.9157484111131	0.0032652958673515258	91.3589125959677	47.08664609854105	270.3623585697266	0.7020277774732383	-0.11770286821055909	0.0501737803824485	0.7135925824774825	4.6805212993106935e-14	6.271539070389915e-15	0.7135925824774825	2.1550544431127796	341.51775960247676	350.4822403975233	4.0318801869439325	NaN	0.1619617107011933	0.20170862167887094	-12.470708313236402	-0.23254493066139167	9.65511438990564	0.1441432805994332	1	6.200180573386035	3	5	9	14	23	59	0.031383751963228845	1.0165866635418794	28.33300784367925	1.0172937601349512	2.727185422916449	1.0869345049272907	0.3284541082206879	1.0869345049272907	0.06044592152590947	1.0869345049272907	-0.008414726367126375	1.1508435510578217	NaN	NaN	800000009	800000009	800000009	800000009	800000009	800010009	899999999	899999999	89999	89999	89	89	4	2	0	27	9	0	0	NaN	0	0	0	0	0	0	0	0	0	NaN	NaN	NaN	NaN	0	0	0	0	0	0	0	0	101	0	0	0	18000	18000	18000	18000	93	NaN	0.15632355399078932	0.19316527707873532	0.05392841228821722	0.03943705864492536	0.1104330667763242	0.000948449413716191	9.437799182310965e-9	NaN	0.023111278612274782	0.007847623468367142	0.0014442103796585366	-0.000008414726367126375	NaN	430.75166304437244	5.23810443393892	95409.79739908854	11.375905020713807	-2.7925916803677886	96.55184457355075	96.23448343531291	96.86920527564155	-0.6347225843833554	0.0002682883267374968	-1	0	2.1550495427383316	78.23076856369397	1.0000204908996821	-273.1499938964844	9.000171211507585	-273.1499938964844	040
DATA	2025-12-05T190000_AIU-0547.ghg	2025-12-05	19:30:00	339.812	0	18000	18000	0.025369483167811964	0	NaN	15.7275876429518	0	NaN	-0.18172403790766228	2	NaN	-0.23971385593477598	2	NaN	-0.0040280091447004425	2	NaN	-0.0011028018968279303	0	NaN	NaN	NaN	NaN	NaN	NaN	NaN	NaN	NaN	NaN	1.6400878655697257e-10	1.9966074678243007e-12	9.089877415732636e-13	NaN	17.842573593111652	430.13908114753053	432.4033266054046	0.1	1	217.21162889548168	5.236420070237579	5.263984504345554	0.1	1	0.09888909621694777	2.161101993550744	2.172478000957105	-0.1	0	NaN	NaN	NaN	NaN	9	271.48880992380776	271.6824283735487	95011.9917703993	1.2159442838709884	1007.9618269677082	0.02377350129609004	-0.0002610149925765887	0.003969137322568293	497.6561558174971	547.4305236378774	0.0032642427578445017	90.9076374679272	49.77436782038029	270.35768480404045	0.5525954856360227	-0.09237449689888694	0.0681927903947219	0.5643979757976018	4.23699847429404e-14	9.191991598134151e-15	0.5643979757976018	3.178126614361231	341.49008781528596	350.509912184714	6.9396572003392	NaN	0.1444438222560127	0.28417184814202306	-16.097432789136455	-0.1801529497273068	-86.54654510232328	0.08883935184169862	1	5.188896372131519	2	4	7	12	20	53	0.024876508637024983	1.0198168697215517	15.445318657932503	1.0193582994517005	-0.16691140064514612	1.0887455093256804	-0.22017436938338683	1.0887455093256804	-0.003699679227329451	1.0887455093256804	-0.006119842148143022	1.15356047165727	NaN	NaN	800000009	800000009	800000009	800000009	800000009	800010009	899999999	899999999	89999	89999	89	89	0	0	0	51	6	0	0	NaN	0	0	0	0	0	0	0	0	0	NaN	NaN	NaN	NaN	0	0	0	0	0	0	0	0	705	0	0	0	18000	18000	18000	18000	93	NaN	0.2783438942380851	0.25242888891609794	0.03757091312986301	0.028627338843213144	0.2903494505948478	0.0003334604578690335	1.1251451966783214e-8	NaN	0.012601989467934956	-0.005261876442217534	-0.00008841744397663436	-0.000006119842148143022	NaN	430.1390176973671	5.236418980215315	95411.88664019099	11.380000114440918	-2.7966795427534343	96.5505615442064	96.2326766365899	96.86844335005019	-0.6357669436699813	0.00026770952116445787	-1	0	2.156177560918861	84.22510170682256	1.0000372262795767	-273.1499938964844	9.000281022734113	-273.1499938964844	168
DATA	2025-12-05T193000_AIU-0547.ghg	2025-12-05	20:00:00	339.833	0	18000	18000	0.03501151331397577	0	NaN	30.194284001748706	0	NaN	0.41682541077022356	2	NaN	0.11615410688352626	2	NaN	0.009239093519109374	2	NaN	-0.004409186348463613	0	NaN	NaN	NaN	NaN	NaN	NaN	NaN	NaN	NaN	NaN	2.481271339300786e-10	2.9964364126662743e-12	1.3772402491497333e-12	NaN	17.826663246142882	429.52858818993604	431.76820407193	0.2	0	215.27860343615092	5.187079226474881	5.214125307541869	0.1	1	0.09894765534810382	2.162302687090332	2.1735772042536556	-0.1	0	NaN	NaN	NaN	NaN	9	271.49867251756456	271.67539069196914	94970.87639756946	1.2154723046430302	1007.934739320344	0.023783177368581567	0.0005986932600382874	0.003930138005280889	492.7536005737863	547.1472736072224	0.0032334245628370148	90.05867786293982	54.39367303343607	270.22459344389176	1.0929651952269452	-0.038463794530983884	0.1482051086020007	1.1036381362035426	-1.0368762033645343e-14	1.3918877049734215e-14	1.1036381362035426	2.908305465616855	334.0155298426091	357.9844701573909	7.717437337123033	NaN	0.16971995486974503	0.27422504564630923	-13.59746774560172	-0.21327500489479323	72.43868349090025	0.1452159587917821	1	11.782431875066816	5	9	16	26	43	107	0.034590181448719406	1.012180678088694	29.82929441349921	1.0146368122466816	0.3837737218884246	1.0861228557264484	0.10694380131227153	1.0861228557264484	0.008506490283670393	1.0861228557264484	-0.014040542969391714	1.1481028539559825	NaN	NaN	800000009	800000009	800000009	800000009	800000009	800011009	899999999	899999999	89999	89999	89	89	2	2	1	49	25	0	0	NaN	0	0	0	0	0	0	0	0	0	NaN	NaN	NaN	NaN	0	0	0	0	0	0	0	0	4125	0	0	0	18000	18000	18000	18000	93	NaN	0.22742120950722206	0.24802102296478937	0.07300785882060698	0.043300731505346246	0.1566622110815523	0.0005780385311743961	1.9034815014090465e-8	NaN	0.02434812368460203	0.0025567289078649628	0.00020336652845569743	-0.000014040542969391714	NaN	429.52849864991515	5.1870779056232195	95367.94372178821	11.361520802603827	-2.9293161906401384	96.53437092441983	96.21121600002712	96.85752197774251	-0.6463042491326731	0.00026786796328249487	-1	0	2.157422886040476	85.43565474722121	1.0000086156196064	-273.1499938964844	9.000058302058115	-273.1499938964844	046
DATA	2025-12-05T200000_AIU-0547.ghg	2025-12-05	20:30:00	339.854	0	18000	18000	0.07409119708504783	0	NaN	17.19413020490304	0	NaN	3.600934948369144	2	NaN	1.4422289419246113	1	NaN	0.07982805412695884	2	NaN	0.0019185956519347594	2	NaN	NaN	NaN	NaN	NaN	NaN	NaN	NaN	NaN	NaN	-1.996490572531029e-10	-2.3858126974406505e-12	-1.1091349936829826e-12	NaN	17.783333507091726	428.5882661744621	430.7946428237169	0.1	1	212.51141111201923	5.1216436555310265	5.148009927916952	0.1	1	0.09879394257316987	2.160450792202217	2.17157281432925	0	0	NaN	NaN	NaN	NaN	9	271.5411367017958	271.8337070948283	94975.98952907986	1.214859930940948	1007.9009425332138	0.023795755664061027	0.0051728579074269325	0.0038785076446795387	486.56365474905357	553.5506682000457	0.003192555409803919	87.89866631923495	66.98701345099215	270.0548646833736	0.37664449810114325	-0.1177021051269641	-0.0025713303749914725	0.394615604406443	-9.666574560440458e-15	-1.1226751001069955e-14	0.394615604406443	3.0835494822625806	349.3541215741897	342.6458784258103	-0.37334413323929055	NaN	0.24695635231611324	0.2911883656199983	-73.56603387050644	-0.039420366267191774	4.774907198112597	0.05686119071434728	0	68.1867746015599	-10.347606112046758	23.40631319984619	58.285029365598646	88.88834734691507	124.66717102800972	186.77413953286361	0.07219865581641577	1.0262129709650598	17.01021119975805	1.0235299695948166	3.293815288972903	1.0932413121113447	1.3192228705108822	1.0932413121113447	0.07301960989087511	1.0932413121113447	-0.003972285696819934	1.1594622326144286	NaN	NaN	800000009	800000009	800000009	800000009	800010009	800010009	899999999	899999999	89999	89999	89	89	3	3	0	59	6	0	0	NaN	0	0	0	0	0	0	0	0	0	NaN	NaN	NaN	NaN	0	0	0	0	0	0	0	0	4923	0	0	0	18000	18000	18000	18000	93	NaN	0.27822573413734597	0.21984138485574567	0.08430961224690489	0.02209133456007064	0.2952601328661973	0.0012418980776543746	1.8326561283154136e-8	NaN	0.013892027883575901	0.0315535545044709	0.0017465041670287843	-0.0000039722856968199345	NaN	428.5881870849854	5.121641724300003	95379.03468077257	11.362572493341235	-3.098253577550253	96.55354264895121	96.2353885544671	96.87170260662502	-0.6363167301515721	0.0002678226178573418	-1	0	2.155637595302528	84.50160185522157	1.0000008937708205	-273.1499938964844	9.000058952146107	-273.1499938964844	026
DATA	2025-12-05T203000_AIU-0547.ghg	2025-12-05	21:00:00	339.874	0	18000	18000	0.055234667120588644	0	NaN	14.27792896525925	0	NaN	0.010532929987976043	2	NaN	0.05882464265850866	0	NaN	0.00023353797271349344	2	NaN	-0.0022288173512011434	0	NaN	NaN	NaN	NaN	NaN	NaN	NaN	NaN	NaN	NaN	9.878358114979743e-11	1.1671877884899928e-12	5.479575502409321e-13	NaN	17.788950227471215	429.06541253743075	431.2517153390244	0.3	0	210.1872116184488	5.0696674907714385	5.095499981376248	0.1	1	0.09867621192252138	2.1594685053120735	2.1704720770406736	0.1	0	NaN	NaN	NaN	NaN	9	271.67783729892307	271.9991734788683	94977.87099587674	1.214168850577949	1007.8746226807114	0.023809768576529628	0.000015133260631834375	0.003836887765428547	481.6353838781551	560.3142178218774	0.003160094054136024	85.9580871872978	78.67883394372228	269.9183558292453	0.5204688611542049	-0.09184392468625956	0.014741009819989956	0.5287158398454074	3.6490021793187416e-14	5.553086600762275e-15	0.5287158398454074	2.494493030250604	342.0076038555916	349.9923961444085	1.5976580348794178	NaN	0.21328795343579363	0.2841499790159838	-57.07344221720216	-0.0508117241109023	1355.5514924677504	0.05470327060829331	0	65.7631473115661	-9.979811320376273	22.574360379658216	56.21334921070065	85.7289043955322	120.23600736562267	180.1354489028686	0.05410693145803816	1.0208427207413358	14.020803887402177	1.0200219874081697	0.00966847932218011	1.0894091652875368	0.05399683106483007	1.0894091652875368	0.00021437122080008737	1.0894091652875368	-0.0067173004250951915	1.1544737210397549	NaN	NaN	800000009	800000009	800000009	800000009	800000009	800010019	899999999	899999999	89999	89999	89	89	11	2	2	54	4	0	0	NaN	0	0	0	0	0	0	0	0	0	NaN	NaN	NaN	NaN	0	0	0	0	0	0	0	0	4320	0	0	0	18000	18000	18000	18000	93	NaN	0.2215446507458553	0.27791176033743104	0.0688435469486813	0.02014443519004302	0.11647212872422184	0.0004933845479636799	1.1455825845489869e-8	NaN	0.011457432772365578	0.0012922048577277438	0.000005130144258693849	-0.0000067173004250951915	NaN	429.0651662985386	5.069666334043392	95378.58553884548	11.369999885559082	-3.2353783015542597	96.58061225806343	96.26809442901612	96.89313257683648	-0.6250337101899914	0.0002684854560761273	-1	0	2.154709510286649	86.31947569468241	1.0000370584776004	-273.1499938964844	9.000320534706116	-273.1499938964844	236
DATA	2025-12-05T210000_AIU-0547.ghg	2025-12-05	21:30:00	339.895	0	18000	18000	0.03802375856063994	0	NaN	13.137040465610172	0	NaN	0.9383440639676947	0	NaN	0.47460264011199627	1	NaN	0.020807691113419447	0	NaN	-0.0036871930351809225	0	NaN	NaN	NaN	NaN	NaN	NaN	NaN	NaN	NaN	NaN	-9.326762712076277e-11	-1.0966629878018335e-12	-5.136564238992857e-13	NaN	17.874666984011213	431.12621727698354	433.3228542404173	0	0	210.17459439883956	5.069284811400833	5.0951133923329515	0.1	1	0.0984418474537764	2.1556132560451773	2.166596350014743	-0.6	0	NaN	NaN	NaN	NaN	9	271.7623806449043	272.12919359842937	94992.98991840277	1.2137820944573416	1007.8760687866381	0.023817358707424328	0.0013483383841495801	0.0038353754918306732	481.67569073957645	565.6801985951673	0.003159855059112068	85.14982351084393	84.00450785559087	269.91947731129375	0.06923598143824947	-0.26602135765216883	0.00008944820594874516	0.27488359691658093	1.804926833104746e-14	-5.217866559650601e-15	0.27488359691658093	2.271148380359509	47.41157630163684	284.58842369836316	0.018644272826075167	NaN	0.17699343526252712	0.22716457814782412	-35.45065657751606	-0.08180384455387697	14.000238260219286	0.06067258785440093	1	0.8516309540108433	1	1	1	2	4	14	0.036740868241544065	1.034917256463887	12.83162701226386	1.0292796368007895	0.8530020233413348	1.1000490482918932	0.43143770802669024	1.1000490482918932	0.0189152394120323	1.1000490482918932	-0.007683562891125094	1.1679339605283523	NaN	NaN	800000009	800000009	800000009	800000009	800000009	800000009	899999999	899999999	89999	89999	89	89	2	0	0	49	19	0	0	NaN	0	0	0	0	0	0	0	0	0	NaN	NaN	NaN	NaN	0	0	0	0	0	0	0	0	7224	0	0	0	18000	18000	18000	18000	93	NaN	0.14696474190192102	0.2598476124933209	0.04751680190040634	0.031134626067145593	2.0772905201381207	0.0005826039854244523	9.793506612478294e-9	NaN	0.010488994730280685	0.010328076658046914	0.00045280706581329774	-0.000007683562891125095	NaN	431.1262843500774	5.0692835727316305	95393.07304926215	11.369999885559082	-3.2344178986814205	96.59197585911221	96.28126676029629	96.90268881734212	-0.621424350880914	0.00026816923268294584	-1	0	2.1508615156213446	85.67370806185404	1.0000487624357144	-273.1499938964844	9.000399549849256	-273.1499938964844	145
DATA	2025-12-05T213000_AIU-0547.ghg	2025-12-05	22:00:00	339.916	0	18000	18000	0.056468005792995955	1	NaN	21.308878334112705	1	NaN	-0.36501288266005794	2	NaN	-7.3622785010208425	1	NaN	-0.008091782437783043	2	NaN	0.007082545302644163	2	NaN	NaN	NaN	NaN	NaN	NaN	NaN	NaN	NaN	NaN	2.0802274455798588e-10	2.4569740922435098e-12	1.1406531242625269e-12	NaN	18.000841255807206	434.0595099893659	436.296275908354	0.1	1	212.60944661643998	5.126713296672749	5.153131926640565	0.1	1	0.0987041867052515	2.1583673190683443	2.169489670609653	0	1	NaN	NaN	NaN	NaN	9	271.44425675710045	271.82334060838485	95000.49546484376	1.215217400868219	1007.9035925745593	0.02378871018261619	-0.0005243475019683411	0.0038834966032095424	487.1709466957258	553.1293520779814	0.0031957216876872863	88.07541036568303	65.95840538225559	270.0716011577741	0.025067165516908022	-0.0994751366742166	0.04736128776858095	0.11299007559294151	-1.3000282553243814e-13	1.1556279042840632e-14	0.11299007559294151	2.193853864016949	47.85626463298911	284.1437353670109	24.781771492898027	NaN	0.2155630081522153	0.2226570265699635	-39.485657310477364	-0.07344438962221597	-58.37842812237942	0.08070740459834617	0	91.62677583460638	-13.904716731265086	31.45250710579632	78.32118987005119	119.44475632197	167.52296908697983	250.97993437407263	0.05278986712344626	1.0696750886102548	20.258293655309938	1.0526390127775007	-0.32320410822670187	1.1293571875145554	-6.518999110656438	1.1293571875145554	-0.007164945269079234	1.1293571875145554	-0.00017919646479962613	1.2039843736440097	NaN	NaN	800000009	800000009	800000009	800000009	800010009	800011019	899999999	899999999	89999	89999	89	89	8	3	0	32	4	0	0	NaN	0	0	0	0	0	0	0	0	0	NaN	NaN	NaN	NaN	0	0	0	0	0	0	0	0	1564	0	0	0	18000	18000	18000	18000	93	NaN	0.08276017829740707	0.3318651024205859	0.03068877242193401	0.040487237982225886	2.951645947199511	0.001132681028465584	7.929082177222406e-8	NaN	0.016539786122708875	-0.15587793637445232	-0.00017132336787011818	-1.7919646479962613e-7	NaN	434.05945809652195	5.126711463244714	95399.87740863716	11.369999885559082	-3.082386642720966	96.57939670266046	96.26587930573359	96.89291440179613	-0.6270294718046991	0.0002682826733103462	-1	0	2.1535491583943367	86.10701542388065	1.0000260290205478	-273.1499938964844	9.00020721687211	-273.1499938964844	239
DATA	2025-12-05T220000_AIU-0547.ghg	2025-12-05	22:30:00	339.937	0	18000	18000	0.03854929406269448	1	NaN	27.575097350886136	1	NaN	5.801652631365329	1	NaN	0.685066780397155	2	NaN	0.1286215492712348	1	NaN	-0.004758236684812808	1	NaN	NaN	NaN	NaN	NaN	NaN	NaN	NaN	NaN	NaN	1.9384895871156084e-11	2.296438437288471e-13	1.0538967987154083e-13	NaN	18.07359092240851	435.7137009594661	437.97439229649285	0.1	1	214.1094240067827	5.161697525677031	5.1884788842961305	0.1	1	0.0982605206704276	2.149342163169373	2.1604939795981046	-0.2	0	NaN	NaN	NaN	NaN	9	271.548978547838	271.8865952385796	94980.33088585068	1.2146607007925676	1007.9235026064364	0.023799297514874154	0.008334676392776014	0.003908257836108516	490.39124590662084	555.7045891481966	0.0032175716507156053	88.24675114853912	65.31334324157581	270.1600419011523	0.4250712865183848	-0.16533278350796082	0.14673246581032817	0.47911475081415894	4.555865531366794e-15	1.072553647716003e-15	0.47911475081415894	1.7291531701548488	353.253699859755	338.74630014024495	17.833831607534226	NaN	0.17814790704220304	0.17246403681861444	-17.22024681201641	-0.16840641319823357	4.752972834293384	0.12643105946491845	1	2.607370262770792	1	2	4	6	11	29	0.03770085734312181	1.0225044409958877	27.34677170621912	1.0211021984328634	5.3199736164397144	1.0905416172435773	0.6281894882001026	1.0905416172435773	0.11794281597096223	1.0905416172435773	-0.01371742276704373	1.155985780816345	NaN	NaN	800000009	800000009	800000009	800000009	800000009	800001009	899999999	899999999	89999	89999	89	89	5	6	0	22	11	0	0	NaN	0	0	0	0	0	0	0	0	0	NaN	NaN	NaN	NaN	0	0	0	0	0	0	0	0	4469	0	0	0	18000	18000	18000	18000	93	NaN	0.10819355260071022	0.20532601552656002	0.031408505509958676	0.06663215924926238	9.034648096992484	0.0029257412852694885	3.909666965511574e-8	NaN	0.02233693150437479	0.015028059631015252	0.0028215239267055108	-0.00001371742276704373	NaN	435.71354277270757	5.161693924552525	95381.4892736545	11.3608496761322	-2.993617711795707	96.56114328299628	96.24232408650717	96.87996788787842	-0.637646401685145	0.0002678368968837377	-1	0	2.144514575699965	86.03984799808924	1.0000393153346248	-273.1499938964844	9.000331809785632	-273.1499938964844	205
DATA	2025-12-05T223000_AIU-0547.ghg	2025-12-05	23:00:00	339.958	0	18000	18000	0.024351602593230368	1	NaN	17.059392349592716	1	NaN	1.9725823898961026	1	NaN	-0.7871129337083804	2	NaN	0.04373356364688798	1	NaN	-0.001916089806067078	1	NaN	NaN	NaN	NaN	NaN	NaN	NaN	NaN	NaN	NaN	1.4644473866926873e-10	1.7134555477909953e-12	7.951942740274606e-13	NaN	18.109129903838475	436.92201486308636	439.16709989255986	0.1	1	211.88326314321384	5.112143031713284	5.138411325364322	0.1	1	0.09833249414083386	2.1513249986647036	2.162379391402382	-0.4	0	NaN	NaN	NaN	NaN	9	271.49270070054797	271.9296433597141	94948.83953819444	1.214088541354769	1007.8969455738744	0.023810960364430957	0.002833934924318341	0.0038688409707098186	485.5222496931335	557.4632502217154	0.0031866217651578214	87.09493397098923	71.94100052858187	270.0261212152294	0.12206961649204227	-0.18031352263509104	0.03679276760798611	0.22083402243277428	2.1446497659573083e-14	8.086790444759457e-15	0.22083402243277428	1.4126438284170157	27.90257460542915	304.09742539457085	9.590673103307626	NaN	0.1416245665585768	0.11313945120877558	-13.981712211134871	-0.20741379569309645	8.6482533946231	0.0984370238262627	1	0.8242117113133559	1	1	1	2	4	12	0.02338072369850106	1.041524758054925	16.63011843620276	1.0336769716877443	1.7844429117737546	1.1054331729421008	-0.7120402688961163	1.1054331729421008	0.039562376738244136	1.1054331729421008	-0.007305107967368046	1.1745471653929107	NaN	NaN	800000009	800000009	800000009	800000009	800000009	800000009	899999999	899999999	89999	89999	89	89	7	0	2	14	2	0	0	NaN	0	0	0	0	0	0	0	0	0	NaN	NaN	NaN	NaN	0	0	0	0	0	0	0	0	1408	0	0	0	18000	18000	18000	18000	93	NaN	0.06917332366809512	0.13721343420728366	0.019892144542172405	0.03235333426084035	3.6741609827738406	0.0009909223508955984	1.636396974264616e-8	NaN	0.01359029402853026	-0.017041504598190368	0.0009468599664248631	-0.0000073051079673680455	NaN	436.9219583854378	5.1121413439762255	95351.14051128473	11.367718166669212	-3.1271855498419847	96.5856476840973	96.27377825122409	96.89752212439643	-0.6237414736482828	0.00026820981318047006	-1	0	2.146545936498377	86.31126202858817	1.0000206443147486	-273.1499938964844	9.000171113994387	-273.1499938964844	213
DATA	2025-12-05T230000_AIU-0547.ghg	2025-12-05	23:30:00	339.979	0	18000	18000	0.09520446529600295	1	NaN	7.791190375651148	0	NaN	1.3856589921061486	2	NaN	-7.858792605203027	2	NaN	0.03072342877762342	2	NaN	0.012983996505608154	2	NaN	NaN	NaN	NaN	NaN	NaN	NaN	NaN	NaN	NaN	-1.4375356047458572e-9	-1.6891607439880778e-11	-7.791430809954443e-12	NaN	18.13198938111179	437.82904698693284	440.0931781230686	0.1	1	213.05799015946764	5.144663104736014	5.171267534023022	-0.4	0	0.09827522897058064	2.1509492376648898	2.162072371624958	0	1	NaN	NaN	NaN	NaN	9	271.601217247857	272.0113538292779	94907.31149956599	1.2131780398633623	1007.9157356336265	0.02382853712747893	0.0019908781847899977	0.003890580031824922	488.3971160658687	560.814981893857	0.003206932456725898	87.0870308094418	72.41786582798824	270.10533705451104	0.030838268700675235	-0.015457699636450953	0.04247085112027213	0.0547148287888139	-1.9569352068685392e-14	-7.928173652270871e-14	0.0547148287888139	1.6946083073740819	358.62234421525125	333.37765578474875	50.91595053639705	NaN	0.28013436531536157	0.16137980300885502	-236.84846706688595	-0.012244115555880042	5.6227328801935865	0.0227451424735107	0	77.96576405438086	-11.831605489095105	26.763123831353656	66.64396246888859	101.63624774641985	142.54628259648746	213.5603066631358	0.08524738562993825	1.1168021704417859	7.258101515385937	1.0850812504743432	1.1822395196487416	1.172062825744351	-6.705095010766238	1.172062825744351	0.02621312450389479	1.172062825744351	0.008850635959735315	1.2577661937420581	NaN	NaN	800000009	800000009	800000009	800000009	800000009	801010009	899999999	899999999	89999	89999	89	89	1	11	0	22	0	0	0	NaN	0	0	0	0	0	0	0	0	0	NaN	NaN	NaN	NaN	0	0	0	0	0	0	0	0	1008	0	0	0	18000	18000	18000	18000	93	NaN	0.08552022318816167	0.15963969262934935	0.07759969020019905	0.030968290077212784	4.472745163455203	0.0011402049684123713	2.1656343297115572e-8	NaN	0.005935731837152302	-0.16059905506750186	0.0006278513606343661	0.000008850635959735315	NaN	437.829016905426	5.144661235634446	95308.96923524307	11.390000343322754	-3.0480195035404667	96.58191980997721	96.27033178287083	96.89350445259942	-0.6231732455558248	0.0002687890920707206	-1	0	2.1461486386855446	86.15282318560284	1.00001444803675	-273.1499938964844	9.000099311775632	-273.1499938964844	089
