DATAH	filename	date	time	DOY	daytime	file_records	used_records	Tau	qc_Tau	rand_err_Tau	H	qc_H	rand_err_H	LE	qc_LE	rand_err_LE	co2_flux	qc_co2_flux	rand_err_co2_flux	h2o_flux	qc_h2o_flux	rand_err_h2o_flux	ch4_flux	qc_ch4_flux	rand_err_ch4_flux	none_flux	qc_none_flux	rand_err_none_flux	H_strg	LE_strg	co2_strg	h2o_strg	ch4_strg	none_strg	co2_v-adv	h2o_v-adv	ch4_v-adv	none_v-adv	co2_molar_density	co2_mole_fraction	co2_mixing_ratio	co2_time_lag	co2_def_timelag	h2o_molar_density	h2o_mole_fraction	h2o_mixing_ratio	h2o_time_lag	h2o_def_timelag	ch4_molar_density	ch4_mole_fraction	ch4_mixing_ratio	ch4_time_lag	ch4_def_timelag	none_molar_density	none_mole_fraction	none_mixing_ratio	none_time_lag	none_def_timelag	sonic_temperature	air_temperature	air_pressure	air_density	air_heat_capacity	air_molar_volume	ET	water_vapor_density	e	es	specific_humidity	RH	VPD	Tdew	u_unrot	v_unrot	w_unrot	u_rot	v_rot	w_rot	wind_speed	max_wind_speed	wind_dir	yaw	pitch	roll	u*	TKE	L	(z-d)/L	bowen_ratio	T*	model	x_peak	x_offset	x_10%	x_30%	x_50%	x_70%	x_90%	un_Tau	Tau_scf	un_H	H_scf	un_LE	LE_scf	un_co2_flux	co2_scf	un_h2o_flux	h2o_scf	un_ch4_flux	ch4_scf	un_none_flux	un_none_scf	spikes_hf	amplitude_resolution_hf	drop_out_hf	absolute_limits_hf	skewness_kurtosis_hf	skewness_kurtosis_sf	discontinuities_hf	discontinuities_sf	timelag_hf	timelag_sf	attack_angle_hf	non_steady_wind_hf	u_spikes	v_spikes	w_spikes	ts_spikes	co2_spikes	h2o_spikes	ch4_spikes	none_spikes	head_detect_LI-7200	t_out_LI-7200	t_in_LI-7200	aux_in_LI-7200	delta_p_LI-7200	chopper_LI-7200	detector_LI-7200	pll_LI-7200	sync_LI-7200	chopper_LI-7500	detector_LI-7500	pll_LI-7500	sync_LI-7500	not_ready_LI-7700	no_signal_LI-7700	re_unlocked_LI-7700	bad_temp_LI-7700	laser_temp_unregulated_LI-7700	block_temp_unregulated_LI-7700	motor_spinning_LI-7700	pump_on_LI-7700	top_heater_on_LI-7700	bottom_heater_on_LI-7700	calibrating_LI-7700	motor_failure_LI-7700	bad_aux_tc1_LI-7700	bad_aux_tc2_LI-7700	bad_aux_tc3_LI-7700	box_connected_LI-7700	mean_value_RSSI_LI-7200	mean_value_LI-7500	u_var	v_var	w_var	ts_var	co2_var	h2o_var	ch4_var	none_var	w/ts_cov	w/co2_cov	w/h2o_cov	w/ch4_cov	w/none_cov	co2_mean	h2o_mean	air_p_mean	vin_sf_mean	dew_point_mean	avg_signal_strength_7200_mean	co2_signal_strength_7200_mean	h2o_signal_strength_7200_mean	delta_signal_strength_7200_mean	flowrate_mean	hit_power_mean	hit_vin_mean	ch4_mean	rssi_77_mean	ch4_aux-1_mean	ch4_aux-2_mean	ch4_aux-3_mean	ch4_aux-4_mean	CHK
DATAU		[yyyy-mm-dd]	[HH:MM]	[ddd.ddd]	[1=daytime]	[#]	[#]	[kg+1m-1s-2]	[#]	[kg+1m-1s-2]	[W+1m-2]	[#]	[W+1m-2]	[W+1m-2]	[#]	[W+1m-2]	[µmol+1s-1m-2]	[#]	[µmol+1s-1m-2]	[mmol+1s-1m-2]	[#]	[mmol+1s-1m-2]	[µmol+1s-1m-2]	[#]	[µmol+1s-1m-2]	[µmol+1s-1m-2]	[#]	[µmol+1s-1m-2]	[W+1m-2]	[W+1m-2]	[µmol+1s-1m-2]	[mmol+1s-1m-2]	[µmol+1s-1m-2]	[µmol+1s-1m-2]	[µmol+1s-1m-2]	[mmol+1s-1m-2]	[µmol+1s-1m-2]	[µmol+1s-1m-2]	[mmol+1m-3]	[µmol+1mol_a-1]	[µmol+1mol_d-1]	[s]	[1=default]	[mmol+1m-3]	[mmol+1mol_a-1]	[mmol+1mol_d-1]	[s]	[1=default]	[mmol+1m-3]	[µmol+1mol_a-1]	[µmol+1mol_d-1]	[s]	[1=default]	[mmol+1m-3]	[µmol+1mol_a-1]	[µmol+1mol_d-1]	[s]	[1=default]	[K]	[K]	[Pa]	[kg+1m-3]	[J+1kg-1K-1]	[m+3mol-1]	[mm]	[kg+1m-3]	[Pa]	[Pa]	[kg+1kg-1]	[%]	[Pa]	[K]	[m+1s-1]	[m+1s-1]	[m+1s-1]	[m+1s-1]	[m+1s-1]	[m+1s-1]	[m+1s-1]	[m+1s-1]	[deg_from_north]	[deg]	[deg]	[deg]	[m+1s-1]	[m+2s-2]	[m]	[#]	[#]	[K]	[0=KJ/1=KM/2=HS]	[m]	[m]	[m]	[m]	[m]	[m]	[m]	[kg+1m-1s-2]	[#]	[W+1m-2]	[#]	[W+1m-2]	[#]	[µmol+1s-1m-2]	[#]	[mmol+1s-1m-2]	[#]	[µmol+1s-1m-2]	[#]	[µmol+1s-1m-2]	[#]	8u/v/w/ts/co2/h2o/ch4/none	8u/v/w/ts/co2/h2o/ch4/none	8u/v/w/ts/co2/h2o/ch4/none	8u/v/w/ts/co2/h2o/ch4/none	8u/v/w/ts/co2/h2o/ch4/none	8u/v/w/ts/co2/h2o/ch4/none	8u/v/w/ts/co2/h2o/ch4/none	8u/v/w/ts/co2/h2o/ch4/none	8co2/h2o/ch4/none	8co2/h2o/ch4/none	8aa	8U	[#]	[#]	[#]	[#]	[#]	[#]	[#]	[#]	[#_flagged_recs]	[#_flagged_recs]	[#_flagged_recs]	[#_flagged_recs]	[#_flagged_recs]	[#_flagged_recs]	[#_flagged_recs]	[#_flagged_recs]	[#_flagged_recs]	[#_flagged_recs]	[#_flagged_recs]	[#_flagged_recs]	[#_flagged_recs]	[#_flagged_recs]	[#_flagged_recs]	[#_flagged_recs]	[#_flagged_recs]	[#_flagged_recs]	[#_flagged_recs]	[#_flagged_recs]	[#_flagged_recs]	[#_flagged_recs]	[#_flagged_recs]	[#_flagged_recs]	[#_flagged_recs]	[#_flagged_recs]	[#_flagged_recs]	[#_flagged_recs]	[#_flagged_recs]	[#]	[#]	[m+2s-2]	[m+2s-2]	[m+2s-2]	[K+2]	--	--	--	--	[m+1s-1K+1]	--	--	--	--	--	--	--	--	--	--	--	--	--	--	--	--	--	--	--	--	--	--	207
DATA	2025-08-29T233000_AIU-0547.ghg	2025-08-30	00:00:00	242	0	18000	18000	0.021461184270968596	0	NaN	49.89459012408637	0	NaN	NaN	NaN	NaN	NaN	NaN	NaN	NaN	NaN	NaN	-0.015702844920083926	0	NaN	NaN	NaN	NaN	NaN	NaN	NaN	NaN	NaN	NaN	NaN	NaN	-2.778189395152965e-13	NaN	NaN	NaN	NaN	NaN	0	NaN	NaN	NaN	NaN	0	0.09104291204850233	2.2827230207444886	2.2827230207444886	0	0	NaN	NaN	NaN	NaN	9	288.7449220877753	287.66211569149266	95386.21417198291	1.1552088851975775	1005.420979825035	0.025073044890396162	NaN	NaN	NaN	NaN	NaN	NaN	NaN	NaN	1.636100043046824	0.5751709678098459	0.3633303239041633	1.7719068591033305	2.514495645873552e-14	-3.0515164032460958e-15	1.7719068591033305	3.2356205412483323	312.63087545516066	19.3691245448393	11.832453187655197	NaN	0.13630022773641895	0.18422110971583197	-4.273086359506493	-0.6786663680569579	NaN	0.31517257065380333	1	23.79642431395728	11	19	31	46	74	166	0.02126416790766362	1.0092651809447937	49.23734103682978	1.013348590184124	NaN	1	NaN	1	NaN	1	-0.0136658030151576	1.149061266481517	NaN	NaN	800009909	800009909	800009909	800009919	800009919	800019919	899999999	899999999	89999	89999	89	89	3	8	2	67	0	0	3	NaN	0	0	0	0	0	0	0	0	0	NaN	NaN	NaN	NaN	0	189	0	0	0	0	0	0	15622	0	0	0	18000	18000	18000	18000	6	NaN	0.1581016469294476	0.16409443687550782	0.04624613562670853	0.1318859513732823	NaN	NaN	1.3287909689948357e-7	NaN	0.0423922168269663	NaN	NaN	-0.000013665803015157599	NaN	NaN	NaN	95776.88952625867	11.680000305175781	NaN	0	0	0	0	0.00028136543189046073	-1	0	2.139723813363248	59.527236090027415	1.000134050157335	-315.7052456834553	9.000909273730384	-273.1499938964844	188
DATA	2025-08-30T000000_AIU-0547.ghg	2025-08-30	00:30:00	242.02	0	18000	18000	0.03671905959687616	0	NaN	37.46249834069653	0	NaN	NaN	NaN	NaN	NaN	NaN	NaN	NaN	NaN	NaN	-0.014994255796259971	0	NaN	NaN	NaN	NaN	NaN	NaN	NaN	NaN	NaN	NaN	NaN	NaN	8.732834510604249e-13	NaN	NaN	NaN	NaN	NaN	0	NaN	NaN	NaN	NaN	0	0.09096654694423904	2.2796436761514345	2.2796436761514345	0	0	NaN	NaN	NaN	NaN	9	288.5866400349935	287.5169514702691	95386.78592578125	1.1557990656832837	1005.4177382671029	0.025060241954097888	NaN	NaN	NaN	NaN	NaN	NaN	NaN	NaN	1.1181299047356585	0.48950749946191663	0.37926463522870685	1.2781524711194592	-6.426131180250867e-15	9.600050572390452e-15	1.2781524711194592	3.006008564095358	308.3566168329239	23.643383167076077	17.261232136297686	NaN	0.17823976688833412	0.2654941085016215	-12.72690854202171	-0.22786366307456202	NaN	0.1808686300294675	1	13.538585546341599	6	11	19	29	49	120	0.036316317725138006	1.0110898322562967	36.94308455246745	1.0140598381137178	NaN	1	NaN	1	NaN	1	-0.013062252017924542	1.1479074033852859	NaN	NaN	800009909	800009909	800009909	800009909	800009919	800019919	899999999	899999999	89999	89999	89	89	18	0	1	41	0	0	3	NaN	0	0	0	0	0	0	0	0	0	NaN	NaN	NaN	NaN	0	0	0	0	0	0	0	0	14929	0	0	0	18000	18000	18000	18000	6	NaN	0.19375514521092838	0.2811373262813384	0.05609574551097619	0.13059232514939464	NaN	NaN	1.7789563001479584e-7	NaN	0.03179100605525552	NaN	NaN	-0.000013062252017924543	NaN	NaN	NaN	95779.97372157118	11.660227576613405	NaN	0	0	0	0	0.00028086227621275205	-1	0	2.1327116532193298	68.52473183536524	1.0001461979250112	-273.1499938964844	9.000985329522027	-273.1499938964844	169
DATA	2025-08-30T003000_AIU-0547.ghg	2025-08-30	01:00:00	242.041	0	18000	18000	0.014295471629796299	0	NaN	36.20008139329377	0	NaN	NaN	NaN	NaN	NaN	NaN	NaN	NaN	NaN	NaN	-0.018490819731274928	1	NaN	NaN	NaN	NaN	NaN	NaN	NaN	NaN	NaN	NaN	NaN	NaN	-1.1095398791343376e-12	NaN	NaN	NaN	NaN	NaN	0	NaN	NaN	NaN	NaN	0	0.09098751541040839	2.2782724134510017	2.2782724134510017	0	0	NaN	NaN	NaN	NaN	9	288.31661393737795	287.27436261155873	95385.6501766493	1.156761306835422	1005.4123491517066	0.025039395824521898	NaN	NaN	NaN	NaN	NaN	NaN	NaN	NaN	1.2622992440226095	0.2876237889905635	0.2824623320957534	1.325108219922548	4.922141692516913e-14	-1.2194418917031044e-14	1.325108219922548	2.8964148121043336	319.16390279079684	12.836097209203142	12.307701093251707	NaN	0.11116737925076023	0.1574850472465184	-3.1953790134602076	-0.9075605703686624	NaN	0.279991089958362	1	19.377582593585288	9	15	25	37	59	132	0.014142052100082837	1.0108484630538566	35.70231562885485	1.0139421142766614	NaN	1	NaN	1	NaN	1	-0.01610808724398318	1.1479215037267547	NaN	NaN	800009909	800009909	800009909	800009909	800009919	800019919	899999999	899999999	89999	89999	89	89	12	2	0	48	0	0	4	NaN	0	0	0	0	0	0	0	0	0	NaN	NaN	NaN	NaN	0	0	0	0	0	0	0	0	16613	0	0	0	18000	18000	18000	18000	6	NaN	0.12377765519763657	0.14682547008682875	0.044366969208571465	0.09105244257603942	NaN	NaN	1.3417837131503804e-7	NaN	0.03069788230114095	NaN	NaN	-0.000016108087243983182	NaN	NaN	NaN	95777.5150453559	11.66660444302029	NaN	0	0	0	0	0.00028093899768363276	-1	0	2.130794384226535	68.91133067788026	1.0001639518721237	-273.1499938964844	9.001065940115186	-273.1499938964844	083
DATA	2025-08-30T010000_AIU-0547.ghg	2025-08-30	01:30:00	242.062	0	18000	18000	0.02550043939762097	0	NaN	62.49245385822391	0	NaN	NaN	NaN	NaN	NaN	NaN	NaN	NaN	NaN	NaN	-0.004268021216079006	1	NaN	NaN	NaN	NaN	NaN	NaN	NaN	NaN	NaN	NaN	NaN	NaN	2.9098394859658e-13	NaN	NaN	NaN	NaN	NaN	0	NaN	NaN	NaN	NaN	0	0.0908723461676015	2.274466956695611	2.274466956695611	0.1	0	NaN	NaN	NaN	NaN	9	288.1443121371799	287.1367237935617	95378.5838983706	1.1572300644000164	1005.409307060253	0.025029253151455676	NaN	NaN	NaN	NaN	NaN	NaN	NaN	NaN	1.2838734924476438	0.1632673794664294	0.34483506868063096	1.3393650011850615	-1.6386960985347462e-14	3.202117705422729e-15	1.3393650011850615	3.1865699977567465	324.7527209995338	7.247279000466255	14.919496169818562	NaN	0.14844445444046558	0.21238998938714307	-4.406967955038893	-0.658048805797229	NaN	0.36182701651384575	1	14.828860947236576	7	12	19	29	47	108	0.025228502676768544	1.0107789480944043	61.63517267628015	1.0139089604964096	NaN	1	NaN	1	NaN	1	-0.0037180106755376925	1.1479314043286795	NaN	NaN	800009909	800009909	800009909	800009919	800009919	800019919	899999999	899999999	89999	89999	89	89	24	12	1	40	0	0	8	NaN	0	0	0	0	0	0	0	0	0	NaN	NaN	NaN	NaN	0	14	0	0	0	0	0	0	14728	17998	0	0	18000	18000	18000	18000	6	NaN	0.18481972826524837	0.18047766476108254	0.05948258574795523	0.17829642154622405	NaN	NaN	2.1258332273479872e-7	NaN	0.05297439529671596	NaN	NaN	-0.0000037180106755376924	NaN	NaN	NaN	95771.92229578993	11.680000305175781	NaN	0	0	0	0	0.00028041972696600065	-1	0	2.1269083289914668	71.46060129684864	1.000164519396093	-273.3518689049614	9.001074508375591	-273.1499938964844	002
DATA	2025-08-30T013000_AIU-0547.ghg	2025-08-30	02:00:00	242.083	0	18000	18000	0.01164911376144644	0	NaN	44.346313897120645	0	NaN	NaN	NaN	NaN	NaN	NaN	NaN	NaN	NaN	NaN	-0.008556381087130865	0	NaN	NaN	NaN	NaN	NaN	NaN	NaN	NaN	NaN	NaN	NaN	NaN	-1.1430482706457494e-13	NaN	NaN	NaN	NaN	NaN	0	NaN	NaN	NaN	NaN	0	0.09106818055290601	2.2777389090219384	2.2777389090219384	0	0	NaN	NaN	NaN	NaN	9	287.87579675038654	286.92035577514315	95374.90099840616	1.1580580187618763	1005.4045476662357	0.02501135847002771	NaN	NaN	NaN	NaN	NaN	NaN	NaN	NaN	1.3631080045336006	0.2131115496163317	0.2979268182371845	1.4114674468893504	-4.463675625623167e-15	-1.2551565911451323e-15	1.4114674468893504	3.294459682317693	323.11417408214186	8.885825917858128	12.185412526926942	NaN	0.10029546221631921	0.21145278535259607	-1.9153486200996483	-1.5140846786675963	NaN	0.37975638026430947	1	19.820568384729594	9	15	25	37	59	128	0.011528632140208616	1.0104506432135707	43.74443273135386	1.0137590346516343	NaN	1	NaN	1	NaN	1	-0.00745322788380832	1.1480101266887435	NaN	NaN	800009909	800009909	800009909	800009919	800009919	800019919	899999999	899999999	89999	89999	89	89	9	7	1	53	0	0	1	NaN	0	0	0	0	0	0	0	0	0	NaN	NaN	NaN	NaN	0	1	0	0	0	0	0	0	16118	18000	0	0	18000	18000	18000	18000	6	NaN	0.23794043617634897	0.1411333227832226	0.04383181174562055	0.12917027012147303	NaN	NaN	5.606018226176785e-8	NaN	0.03757090234100219	NaN	NaN	-0.00000745322788380832	NaN	NaN	NaN	95768.81780555556	11.660096516291297	NaN	0	0	0	0	0.0002807984087752023	-1	0	2.1292501085400586	71.69663943891406	1.0001707454986042	-273.1499938964844	9.001178830862045	-273.1499938964844	113
DATA	2025-08-30T020000_AIU-0547.ghg	2025-08-30	02:30:00	242.104	0	18000	18000	0.01615726443407445	1	NaN	43.34910060688659	0	NaN	NaN	NaN	NaN	NaN	NaN	NaN	NaN	NaN	NaN	-0.0051952107481765784	1	NaN	NaN	NaN	NaN	NaN	NaN	NaN	NaN	NaN	NaN	NaN	NaN	-3.349759946815241e-13	NaN	NaN	NaN	NaN	NaN	0	NaN	NaN	NaN	NaN	0	0.0909981609367662	2.2751857758146636	2.2751857758146636	0	0	NaN	NaN	NaN	NaN	9	287.7309904753367	286.80686526404486	95370.77557269965	1.1584661550658444	1005.4020623717746	0.02500254678109011	NaN	NaN	NaN	NaN	NaN	NaN	NaN	NaN	1.2450900149552426	0.12492564717480283	0.25720625996651186	1.2775017114780074	-1.065002094075624e-14	-3.6811292803411256e-15	1.2775017114780074	2.547625524901166	326.270424380962	5.729575619038023	11.615057794955401	NaN	0.11809791798919114	0.10364278432093536	-3.1988483619579027	-0.9065762649108543	NaN	0.3151481252954405	1	17.09850633488982	8	13	22	33	53	118	0.015979993432405387	1.011093308793831	42.74799657145243	1.014061572088634	NaN	1	NaN	1	NaN	1	-0.004525810184586195	1.1479073439425715	NaN	NaN	800009909	800009909	800009909	800009909	800009919	800019919	899999999	899999999	89999	89999	89	89	20	7	1	63	0	0	6	NaN	0	0	0	0	0	0	0	0	0	NaN	NaN	NaN	NaN	0	0	0	0	0	0	0	0	17010	603	0	0	18000	18000	18000	18000	6	NaN	0.07171863631632999	0.09670687593866731	0.038860056386873426	0.11576599136948347	NaN	NaN	1.419386732781344e-7	NaN	0.03670224617518117	NaN	NaN	-0.0000045258101845861955	NaN	NaN	NaN	95764.5966467014	11.649999618530273	NaN	0	0	0	0	0.00028033240586066517	-1	0	2.1265172129405867	71.29328539037698	1.0001723226937982	-273.1903688981798	9.00115494995647	-273.1499938964844	052
DATA	2025-08-30T023000_AIU-0547.ghg	2025-08-30	03:00:00	242.124	0	18000	18000	0.019433411265753778	0	NaN	51.66234462091421	0	NaN	NaN	NaN	NaN	NaN	NaN	NaN	NaN	NaN	NaN	-0.007828918750189321	0	NaN	NaN	NaN	NaN	NaN	NaN	NaN	NaN	NaN	NaN	NaN	NaN	-9.628991466985456e-14	NaN	NaN	NaN	NaN	NaN	0	NaN	NaN	NaN	NaN	0	0.09101712688969239	2.2761512871145686	2.2761512871145686	0	0	NaN	NaN	NaN	NaN	9	287.8450270165337	286.88939904446073	95377.62821506076	1.15821609662464	1005.403868994625	0.025007944822001856	NaN	NaN	NaN	NaN	NaN	NaN	NaN	NaN	1.3600707227885669	0.28410875074628295	0.3276404121876465	1.4275357764118686	2.4170086365819474e-14	-1.057931819651399e-15	1.4275357764118686	3.04989133138747	320.2010021433024	11.7989978566976	13.268500428097981	NaN	0.12953279082796626	0.18436750816877784	-3.54189055037917	-0.8187717713890245	NaN	0.34250289045775234	1	18.11529354716508	8	14	23	35	56	126	0.019233713921406142	1.010382672070701	50.96266346326014	1.013729289446547	NaN	1	NaN	1	NaN	1	-0.006819406610326102	1.1480351880374156	NaN	NaN	800009909	800009909	800009909	800009909	800009919	800019919	899999999	899999999	89999	89999	89	89	11	13	2	44	0	0	13	NaN	0	0	0	0	0	0	0	0	0	NaN	NaN	NaN	NaN	0	0	0	0	0	0	0	0	16017	0	0	0	18000	18000	18000	18000	6	NaN	0.1587337130251039	0.1555550845389397	0.05444621877351209	0.1629510030296121	NaN	NaN	8.019461356925622e-8	NaN	0.04376449978263868	NaN	NaN	-0.000006819406610326102	NaN	NaN	NaN	95771.00623589409	11.689559724953426	NaN	0	0	0	0	0.0002802020442516853	-1	0	2.1277535645961763	69.77930277866784	1.0001412945952681	-291.68211967467914	9.00095216870308	-273.1499938964844	048
DATA	2025-08-30T030000_AIU-0547.ghg	2025-08-30	03:30:00	242.145	0	18000	18000	0.017791126295713264	0	NaN	49.64083552141846	0	NaN	NaN	NaN	NaN	NaN	NaN	NaN	NaN	NaN	NaN	-0.00817187032679488	0	NaN	NaN	NaN	NaN	NaN	NaN	NaN	NaN	NaN	NaN	NaN	NaN	1.7126422946404672e-12	NaN	NaN	NaN	NaN	NaN	0	NaN	NaN	NaN	NaN	0	0.09127578550515077	2.2815573207671274	2.2815573207671274	0	0	NaN	NaN	NaN	NaN	9	287.6955058729384	286.75573872290715	95377.58748546007	1.1587554603401966	1005.4009452689487	0.024996304421158636	NaN	NaN	NaN	NaN	NaN	NaN	NaN	NaN	1.5131294201086438	0.3359615542478382	0.3575874816683264	1.5906915524315035	1.6524335907998873e-14	1.8763380508446256e-14	1.5906915524315035	3.2619458432901958	319.4816363850065	12.518363614993488	12.991118490873692	NaN	0.12390984807728544	0.2725197988155884	-3.226614464769571	-0.8987748712045471	NaN	0.34387624461354105	1	21.36519135629593	10	17	28	41	65	145	0.017618807965586628	1.009780362579762	48.9799109344133	1.0134937890738547	NaN	1	NaN	1	NaN	1	-0.007115798168971804	1.148412326030837	NaN	NaN	800009909	800009909	800009909	800009909	800009919	800019919	899999999	899999999	89999	89999	89	89	4	0	0	33	0	0	7	NaN	0	0	0	0	0	0	0	0	0	NaN	NaN	NaN	NaN	0	0	0	0	0	0	0	0	14530	0	0	0	18000	18000	18000	18000	6	NaN	0.2861600882010112	0.20514176389684857	0.05373774553331703	0.1674650569045299	NaN	NaN	5.513059144993231e-8	NaN	0.04204234272258209	NaN	NaN	-0.000007115798168971804	NaN	NaN	NaN	95773.50075021702	11.683395299699573	NaN	0	0	0	0	0.00028009454763054637	-1	0	2.1325092803918655	69.13231434546572	1.0001791584723525	-273.1499938964844	9.001116578128602	-273.1499938964844	099
DATA	2025-08-30T033000_AIU-0547.ghg	2025-08-30	04:00:00	242.166	0	18000	18000	0.015087110083224832	0	NaN	34.44974166034851	0	NaN	NaN	NaN	NaN	NaN	NaN	NaN	NaN	NaN	NaN	-0.00610753969890966	1	NaN	NaN	NaN	NaN	NaN	NaN	NaN	NaN	NaN	NaN	NaN	NaN	9.284982315626065e-13	NaN	NaN	NaN	NaN	NaN	0	NaN	NaN	NaN	NaN	0	0.09085509799198349	2.2735723290163077	2.2735723290163077	0	0	NaN	NaN	NaN	NaN	9	288.0626344748603	287.1135590031942	95390.30754622396	1.1574656863151507	1005.4087961796502	0.025024158019365236	NaN	NaN	NaN	NaN	NaN	NaN	NaN	NaN	1.2991908841249036	0.2696979786254706	0.30494008462802474	1.3614780234292443	-5.3699442720250366e-14	1.021955016376221e-14	1.3614780234292443	3.113214057961826	320.2725800475548	11.727419952445153	12.94274326145261	NaN	0.1141692024175525	0.24362471567984406	-3.6372601177755026	-0.7973034388790426	NaN	0.2592902562312226	1	20.238842450480544	9	16	26	39	63	140	0.014927769055330177	1.0106741353851372	33.97879615216332	1.01385998215111	NaN	1	NaN	1	NaN	1	-0.0053203896686224	1.1479496952882167	NaN	NaN	800009909	800009909	800009909	800009909	800009919	800019919	899999999	899999999	89999	89999	89	89	6	9	0	33	0	0	12	NaN	0	0	0	0	0	0	0	0	0	NaN	NaN	NaN	NaN	0	0	0	0	0	0	0	0	15919	0	0	0	18000	18000	18000	18000	6	NaN	0.19848726172796569	0.2345859656551823	0.054176203976540084	0.14151283610004498	NaN	NaN	9.974048261904395e-8	NaN	0.029198274189452478	NaN	NaN	-0.0000053203896686224	NaN	NaN	NaN	95788.00664496528	11.670000076293945	NaN	0	0	0	0	0.0002807387059923106	-1	0	2.12613595659203	69.9449245569441	1.0001519408937958	-298.94961997986303	9.001011084450615	-273.1499938964844	228
DATA	2025-08-30T040000_AIU-0547.ghg	2025-08-30	04:30:00	242.187	0	18000	18000	0.0523884010718371	0	NaN	37.788370674508414	0	NaN	NaN	NaN	NaN	NaN	NaN	NaN	NaN	NaN	NaN	-0.007541830977363992	1	NaN	NaN	NaN	NaN	NaN	NaN	NaN	NaN	NaN	NaN	NaN	NaN	-3.050851601668909e-12	NaN	NaN	NaN	NaN	NaN	0	NaN	NaN	NaN	NaN	0	0.09075217476847625	2.2724068726200146	2.2724068726200146	-0.1	0	NaN	NaN	NaN	NaN	9	288.32684818437366	287.343324245029	95407.40400499132	1.156747437014079	1005.4138775761637	0.02503969605596008	NaN	NaN	NaN	NaN	NaN	NaN	NaN	NaN	1.0542770714703609	0.39288651951514125	0.26754453733467837	1.1564774274071825	-4.088109481338432e-14	-3.3617393847058035e-14	1.1564774274071825	3.476051707746997	311.5616056402322	20.43839435976785	13.376233118797137	NaN	0.21281307101969993	0.32509998659996764	-21.478696645514344	-0.13501750352275876	NaN	0.15267799446839111	0	68.44067737370783	-10.38613683728337	23.49346980524262	58.502061636403695	89.21933525380622	125.13138627363196	187.46961856189884	0.0517767266210364	1.0118136948918703	37.25061984578031	1.0144360236407992	NaN	1	NaN	1	NaN	1	-0.00656955411337055	1.1479973902665077	NaN	NaN	800009909	800009909	800009909	800009909	800009919	800019919	899999999	899999999	89999	89999	89	89	2	2	1	18	0	0	3	NaN	0	0	0	0	0	0	0	0	0	NaN	NaN	NaN	NaN	0	0	0	0	0	0	0	0	16316	0	0	0	18000	18000	18000	18000	6	NaN	0.3957595792564346	0.19241094720222265	0.062029446741277965	0.10086249340752648	NaN	NaN	7.039188667907143e-8	NaN	0.03202949434241709	NaN	NaN	-0.00000656955411337055	NaN	NaN	NaN	95802.37779253472	11.670000076293945	NaN	0	0	0	0	0.00028099733821646726	-1	0	2.1259262219919095	69.92470720375908	1.00010707984368	-350.5354138127092	9.000761049456067	-273.1499938964844	118
DATA	2025-08-30T043000_AIU-0547.ghg	2025-08-30	05:00:00	242.208	0	18000	18000	0.2071570042500646	1	NaN	197.97322273351497	1	NaN	NaN	NaN	NaN	NaN	NaN	NaN	NaN	NaN	NaN	-0.0932730998674383	1	NaN	NaN	NaN	NaN	NaN	NaN	NaN	NaN	NaN	NaN	NaN	NaN	5.468626598437837e-12	NaN	NaN	NaN	NaN	NaN	0	NaN	NaN	NaN	NaN	0	0.08988521003799482	2.2552263819181944	2.2552263819181944	-0.2	0	NaN	NaN	NaN	NaN	9	289.02570510694716	288.05032417721225	95450.1208875868	1.1544249199659977	1005.4297101814925	0.02509007189241591	NaN	NaN	NaN	NaN	NaN	NaN	NaN	NaN	0.23125728161483786	0.1423611529259208	0.2210617357138333	0.3501641317426925	-4.9053632850126764e-14	6.084011592258868e-14	0.3501641317426925	3.832639807188001	300.38369674621447	31.61630325378551	39.14675756544989	NaN	0.4236107419433846	0.42580735355476906	-32.345307038858124	-0.089657519606046	NaN	0.40264478726006847	0	77.11547999680262	-11.702571602940719	26.471248829539785	65.91715244517594	100.52781660130114	140.99169215504324	211.2312468983841	0.20135512754640933	1.02881414928119	193.09905626966915	1.0252417932951412	NaN	1	NaN	1	NaN	1	-0.08027238998891932	1.1619574287038617	NaN	NaN	800009909	800009909	800009909	800009909	800009909	800109909	899999999	899999999	89999	89999	89	89	2	6	0	10	0	0	1	NaN	0	0	0	0	0	0	0	0	0	NaN	NaN	NaN	NaN	0	0	0	0	0	0	0	0	17009	0	0	0	18000	18000	18000	18000	6	NaN	0.2829904928858069	0.38624847244513494	0.1823757417785963	0.5201598229514978	NaN	NaN	3.2010496658462466e-7	NaN	0.16636529859232202	NaN	NaN	-0.00008027238998891933	NaN	NaN	NaN	95845.77500737847	11.670000076293945	NaN	0	0	0	0	0.00028103593746911634	-1	0	2.112398933642442	70.48807434844974	1.000163624011808	-281.2249942355674	9.001133247481452	-273.1499938964844	251
DATA	2025-08-30T050000_AIU-0547.ghg	2025-08-30	05:30:00	242.229	0	18000	18000	0.0826774955267417	1	NaN	-10.900023791868184	2	NaN	NaN	NaN	NaN	NaN	NaN	NaN	NaN	NaN	NaN	-0.0030372693574359684	2	NaN	NaN	NaN	NaN	NaN	NaN	NaN	NaN	NaN	NaN	NaN	NaN	-8.64854479495044e-13	NaN	NaN	NaN	NaN	NaN	0	NaN	NaN	NaN	NaN	0	0.09031454367085617	2.2718106154722735	2.2718106154722735	0.2	0	NaN	NaN	NaN	NaN	9	289.65176689402267	288.8313692330254	95464.07012239583	1.1514714282944263	1005.4475464489767	0.025154427217743556	NaN	NaN	NaN	NaN	NaN	NaN	NaN	NaN	-0.19729758167724484	0.3372832277116951	0.19961345432844824	0.4387845058570658	-1.0122924421272653e-13	-9.576026676798967e-15	0.4387845058570658	4.069712104396141	211.674024695204	120.325975304796	27.060022629648625	NaN	0.2679582131845442	0.3794234199294692	148.711183052834	0.019500887159035578	NaN	-0.03513563346520812	0	71.1095245983729	-10.791144700104786	24.409598693697504	60.78335210322601	92.69844715648965	130.01089018548495	194.7800045838839	0.0815847232912611	1.0133943242239034	-10.73215285231812	1.0156418699826666	NaN	1	NaN	1	NaN	1	-0.0025709744680288134	1.181368930421416	NaN	NaN	800009909	800009909	800009909	800009909	800009919	800009919	899999999	899999999	89999	89999	89	89	12	16	3	10	0	0	3	NaN	0	0	0	0	0	0	0	0	0	NaN	NaN	NaN	NaN	0	0	0	0	0	0	0	0	15214	0	0	0	18000	18000	18000	18000	6	NaN	0.1829547607940012	0.4865200195323238	0.08937205953261339	0.16801683297193667	NaN	NaN	3.363548427292735e-8	NaN	-0.009269883253833286	NaN	NaN	-0.0000025709744680288133	NaN	NaN	NaN	95856.20421310765	11.670000076293945	NaN	3.0467169024623844e-13	6.093437089283962e-13	0	6.093437089283962e-13	0.0002816901934565976	-1	0	2.1300818240178954	71.34271730684353	1.000155316930678	-273.1499938964844	9.001101635879941	-273.1499938964844	192
DATA	2025-08-30T053000_AIU-0547.ghg	2025-08-30	06:00:00	242.249	1	18000	18000	0.09313896225317853	0	NaN	22.366933788373146	0	NaN	NaN	NaN	NaN	NaN	NaN	NaN	NaN	NaN	NaN	-0.012259963423573446	1	NaN	NaN	NaN	NaN	NaN	NaN	NaN	NaN	NaN	NaN	NaN	NaN	2.792820468285991e-14	NaN	NaN	NaN	NaN	NaN	0	NaN	NaN	NaN	NaN	0	0.09055594261601138	2.2728026719947167	2.2728026719947167	0.2	0	NaN	NaN	NaN	NaN	9	289.0298753704495	288.23942106882737	95481.36549761285	1.1540452109816453	1005.4339952016693	0.0250983271372061	NaN	NaN	NaN	NaN	NaN	NaN	NaN	NaN	0.2651562360662055	0.5606393473623569	0.22612196947752403	0.6601177564769364	-1.0619913236874788e-14	3.084083040390313e-16	0.6601177564769364	3.4387876581900705	267.3119632273541	64.68803677264587	20.032183829040495	NaN	0.28408891349977855	0.3485294594604387	-86.37271689419708	-0.033575417148824636	NaN	0.06785405053909484	0	75.42781031204795	-11.446461217207883	25.891926439676375	64.47455778205918	98.32776871779413	137.9060937166727	206.6084581680525	0.091529457017625	1.0175845600749451	21.973038543926624	1.0179262983432664	NaN	1	NaN	1	NaN	1	-0.010645567748712071	1.1516495609223556	NaN	NaN	800009909	800009909	800009909	800009909	800009919	800109919	899999999	899999999	89999	89999	89	89	12	19	5	26	0	0	4	NaN	0	0	0	0	0	0	0	0	0	NaN	NaN	NaN	NaN	0	0	0	0	0	0	0	0	15169	0	0	0	18000	18000	18000	18000	6	NaN	0.3257789450573526	0.2845903978482954	0.08668957601522932	0.23248352712039771	NaN	NaN	1.4446617578645282e-7	NaN	0.018937111189272018	NaN	NaN	-0.000010645567748712071	NaN	NaN	NaN	95868.38150585938	11.663395480685764	NaN	0	0	0	0	0.0002813277314320052	-1	0	2.1299396769867998	71.34767090331184	1.0001652253601285	-273.1499938964844	9.001213614304861	-273.1499938964844	137
DATA	2025-08-30T060000_AIU-0547.ghg	2025-08-30	06:30:00	242.27	1	18000	18000	0.09292812297236057	1	NaN	37.05873381727131	1	NaN	NaN	NaN	NaN	NaN	NaN	NaN	NaN	NaN	NaN	-0.0920452106607148	1	NaN	NaN	NaN	NaN	NaN	NaN	NaN	NaN	NaN	NaN	NaN	NaN	-3.4815263600692913e-12	NaN	NaN	NaN	NaN	NaN	0	NaN	NaN	NaN	NaN	0	0.09156730034204165	2.287475356543474	2.287475356543474	-0.4	0	NaN	NaN	NaN	NaN	9	287.71408909352624	286.9514755401612	95499.80143858507	1.1594488254532673	1005.4052304863444	0.024981356313867612	NaN	NaN	NaN	NaN	NaN	NaN	NaN	NaN	0.024912072751216503	-0.4744501549232905	0.171026917015871	0.5049492719269331	2.328307296190552e-14	-3.802150273148115e-14	0.5049492719269331	2.3091137631233316	58.994316405417976	273.005683594582	19.797763020036893	NaN	0.2831051632374216	0.22332443858864043	-51.59651997344256	-0.05620534100929035	NaN	0.11229232177412556	0	91.65270658185702	-13.908651822201834	31.461408292209686	78.3433550827894	119.47855966993666	167.5703787631417	251.05096270813718	0.09096323749280208	1.021600874525975	36.31378496756425	1.0205142165811814	NaN	1	NaN	1	NaN	1	-0.07968184011629142	1.1551591997170207	NaN	NaN	800009909	800009909	800009909	800009909	800009919	800009919	899999999	899999999	89999	89999	89	89	0	14	0	18	0	0	2	NaN	0	0	0	0	0	0	0	0	0	NaN	NaN	NaN	NaN	0	0	0	0	0	0	0	0	15944	0	0	0	18000	18000	18000	18000	6	NaN	0.22568090533078553	0.1680723896603324	0.05289558218616295	0.09013618557600557	NaN	NaN	3.72222171656545e-7	NaN	0.0311514877202536	NaN	NaN	-0.00007968184011629142	NaN	NaN	NaN	95883.465421875	11.649999618530273	NaN	0	0	0	0	0.00028044547928341985	-1	0	2.1410502338939255	71.33455286492241	1.0001642860571542	-281.426869244042	9.001173474417792	-273.1499938964844	107
DATA	2025-08-30T063000_AIU-0547.ghg	2025-08-30	07:00:00	242.291	1	18000	18000	0.02380495774121696	1	NaN	42.9085103049386	0	NaN	NaN	NaN	NaN	NaN	NaN	NaN	NaN	NaN	NaN	-0.015347382944942879	1	NaN	NaN	NaN	NaN	NaN	NaN	NaN	NaN	NaN	NaN	NaN	NaN	-9.05976398454216e-13	NaN	NaN	NaN	NaN	NaN	0	NaN	NaN	NaN	NaN	0	0.09208780353035836	2.2947596565452173	2.2947596565452173	-0.1	0	NaN	NaN	NaN	NaN	9	287.0133324169583	286.3290878889296	95530.13648784722	1.1623381893799714	1005.3916836449371	0.024919257149929843	NaN	NaN	NaN	NaN	NaN	NaN	NaN	NaN	0.5965374428910877	-0.22902250161458915	0.20197008037464556	0.6701493418510022	3.5081999501063445e-14	-9.838180125075359e-15	0.6701493418510022	2.20671081169537	353.0027818476592	338.9972181523408	17.540550283204002	NaN	0.14310916702460322	0.23041428545285894	-5.757304135264791	-0.5037079737088829	NaN	0.2565713666472351	1	5.967900067963036	3	5	8	12	21	50	0.023398158418143244	1.0173859547321586	42.15810392630371	1.0177998132920463	NaN	1	NaN	1	NaN	1	-0.013328326041248173	1.151486157935076	NaN	NaN	800009909	800009909	800009909	800009909	800009919	800019919	899999999	899999999	89999	89999	89	89	5	3	1	32	0	0	10	NaN	0	0	0	0	0	0	0	0	0	NaN	NaN	NaN	NaN	0	0	0	0	0	0	0	0	17703	0	0	0	18000	18000	18000	18000	6	NaN	0.11635227499589523	0.30272851241258536	0.041747783497237276	0.09890947470494908	NaN	NaN	5.5571759843089806e-8	NaN	0.036075576045241566	NaN	NaN	-0.000013328326041248174	NaN	NaN	NaN	95913.83153580729	11.669905074119566	NaN	0	0	0	0	0.0002798128306328888	-1	0	2.1470226595335538	71.10674490653139	1.000149856030941	-292.9741197289359	9.000986263884439	-273.1499938964844	113
DATA	2025-08-30T070000_AIU-0547.ghg	2025-08-30	07:30:00	242.312	1	18000	18000	0.02185391726590003	1	NaN	45.90307448821286	0	NaN	NaN	NaN	NaN	NaN	NaN	NaN	NaN	NaN	NaN	-0.017690989593702668	0	NaN	NaN	NaN	NaN	NaN	NaN	NaN	NaN	NaN	NaN	NaN	NaN	1.069497068263958e-12	NaN	NaN	NaN	NaN	NaN	0	NaN	NaN	NaN	NaN	0	0.09264458632800311	2.3046375432949464	2.3046375432949464	0	0	NaN	NaN	NaN	NaN	9	286.6226784583198	285.9442311104669	95567.18051605903	1.1643539286415834	1005.383422115415	0.024876116723491028	NaN	NaN	NaN	NaN	NaN	NaN	NaN	NaN	0.9242769871454957	0.20517523928545028	0.2340493928388578	0.975276343438562	5.807963814104307e-15	1.1544085959620586e-14	0.975276343438562	2.5466663509181138	319.48416806296126	12.515831937038758	13.885515837318712	NaN	0.1370004964343842	0.2533477912409829	-4.722821661891128	-0.6140397007577821	NaN	0.28622192684308123	1	10.82131793794891	5	9	14	22	35	82	0.021568281712711287	1.0132433152067188	45.21381222250004	1.0152445067520721	NaN	1	NaN	1	NaN	1	-0.015402680951503989	1.1485656068189374	NaN	NaN	800009909	800009909	800009909	800009909	800009919	800019919	899999999	899999999	89999	89999	89	89	1	0	0	38	0	0	5	NaN	0	0	0	0	0	0	0	0	0	NaN	NaN	NaN	NaN	0	0	0	0	0	0	0	0	16316	0	0	0	18000	18000	18000	18000	6	NaN	0.19444472091673543	0.26459410354435614	0.04765675802087426	0.12878608510262546	NaN	NaN	8.531868253559621e-8	NaN	0.03862374610955076	NaN	NaN	-0.000015402680951503988	NaN	NaN	NaN	95954.22632769097	11.680000305175781	NaN	0	0	0	0	0.0002790081290198335	-1	0	2.1561413252949713	70.5213287982941	1.0001422054618596	-273.1499938964844	9.00093067015542	-273.1499938964844	170
DATA	2025-08-30T073000_AIU-0547.ghg	2025-08-30	08:00:00	242.333	1	18000	18000	0.04387127318496397	1	NaN	37.97900500568184	0	NaN	NaN	NaN	NaN	NaN	NaN	NaN	NaN	NaN	NaN	-0.014388907913805152	0	NaN	NaN	NaN	NaN	NaN	NaN	NaN	NaN	NaN	NaN	NaN	NaN	-3.392156621854153e-13	NaN	NaN	NaN	NaN	NaN	0	NaN	NaN	NaN	NaN	0	0.09261985884524962	2.305091183278436	2.305091183278436	-0.1	0	NaN	NaN	NaN	NaN	9	286.7314919857449	286.1537495880127	95592.86244487847	1.1638140717987353	1005.3879088241075	0.024887655973756233	NaN	NaN	NaN	NaN	NaN	NaN	NaN	NaN	0.4879559972845695	-0.23696187417401113	0.1667943906993134	0.5675141882515282	1.7972122300314438e-14	-3.662450649511148e-15	0.5675141882515282	1.8380494344078855	357.90220173078205	334.09779826921795	17.09179644211446	NaN	0.1941548828108847	0.14003967524185998	-16.250380116815922	-0.17845736402184678	NaN	0.16717756821236565	1	3.046922376509792	1	3	4	7	12	34	0.04302230740144757	1.0197331532126943	37.25973651131168	1.0193041755448753	NaN	1	NaN	1	NaN	1	-0.012474272305965884	1.1534867574538663	NaN	NaN	800009909	800009909	800009909	800009909	800009919	800019919	899999999	899999999	89999	89999	89	89	1	2	0	56	0	0	0	NaN	0	0	0	0	0	0	0	0	0	NaN	NaN	NaN	NaN	0	0	0	0	0	0	0	0	17307	0	0	0	18000	18000	18000	18000	6	NaN	0.14079855052470594	0.09877460468671022	0.040506195272303834	0.11255081180725698	NaN	NaN	5.5167520693875163e-8	NaN	0.03184362621445137	NaN	NaN	-0.000012474272305965885	NaN	NaN	NaN	95987.25320811632	11.670112270291767	NaN	0	0	0	0	0.0002791145982078484	-1	0	2.157598354929023	70.56410009998748	1.0001479264779223	-273.1499938964844	9.000971119748222	-273.1499938964844	208
DATA	2025-08-30T080000_AIU-0547.ghg	2025-08-30	08:30:00	242.354	1	18000	18000	0.027369311239833258	1	NaN	31.104237366943643	0	NaN	NaN	NaN	NaN	NaN	NaN	NaN	NaN	NaN	NaN	-0.0185874797611277	0	NaN	NaN	NaN	NaN	NaN	NaN	NaN	NaN	NaN	NaN	NaN	NaN	4.0639282375886427e-13	NaN	NaN	NaN	NaN	NaN	0	NaN	NaN	NaN	NaN	0	0.09238592422950034	2.3027905844193124	2.3027905844193124	0.5	0	NaN	NaN	NaN	NaN	9	287.11091155582005	286.6291121114095	95605.23676085069	1.1620343379991116	1005.398185198378	0.024925773093949236	NaN	NaN	NaN	NaN	NaN	NaN	NaN	NaN	0.22896497275040847	-0.21344038385205538	0.1595729053147893	0.35134778826132534	1.7665957598013274e-14	4.398860834571771e-15	0.35134778826132534	1.5356547251062773	14.990240011481205	317.0097599885188	27.011777628946618	NaN	0.15346963257731167	0.14505871332807024	-9.800642205411009	-0.2958989767424514	NaN	0.17347625800556693	1	1.7883688242835472	1	1	3	4	7	17	0.026604764618039154	1.0287372067661786	30.339942113971176	1.0251910583778114	NaN	1	NaN	1	NaN	1	-0.01599772129807297	1.1618829591291033	NaN	NaN	800009909	800009909	800009909	800009909	800009919	800009919	899999999	899999999	89999	89999	89	89	5	9	0	22	0	0	2	NaN	0	0	0	0	0	0	0	0	0	NaN	NaN	NaN	NaN	0	0	0	0	0	0	0	0	17604	0	0	0	18000	18000	18000	18000	6	NaN	0.060590011058559615	0.18785668811462317	0.04167072748295771	0.10158659209400182	NaN	NaN	2.10433763291843e-7	NaN	0.025969147272049107	NaN	NaN	-0.00001599772129807297	NaN	NaN	NaN	96001.80105859374	11.670000076293945	NaN	0	0	0	0	0.0002796239646591453	-1	0	2.156811366664039	70.92905135960046	1.0001508539699846	-286.0296194373248	9.00101226178805	-273.1499938964844	155
DATA	2025-08-30T083000_AIU-0547.ghg	2025-08-30	09:00:00	242.374	1	18000	18000	0.025687593431447622	1	NaN	47.57739506771614	1	NaN	NaN	NaN	NaN	NaN	NaN	NaN	NaN	NaN	NaN	-0.016891645549800514	1	NaN	NaN	NaN	NaN	NaN	NaN	NaN	NaN	NaN	NaN	NaN	NaN	8.105964753917075e-13	NaN	NaN	NaN	NaN	NaN	0	NaN	NaN	NaN	NaN	0	0.0914070946297948	2.2926002703244137	2.2926002703244137	0.4	0	NaN	NaN	NaN	NaN	9	288.2096563864813	288.43295291646336	95610.6921610243	1.1548329443280356	1005.4384027326707	0.02508120709458721	NaN	NaN	NaN	NaN	NaN	NaN	NaN	NaN	0.03206442827686339	-0.3947157105816857	0.13022327915554882	0.4168773466797752	5.994487752956929e-14	8.86798206063414e-15	0.4168773466797752	1.4462648636330497	57.35581899356674	274.64418100643326	18.202593675187956	NaN	0.14914274328157628	0.09544102222262787	-5.880950430824504	-0.4931175724250106	NaN	0.27474126860228504	1	2.433341763109787	1	2	3	5	9	23	0.02505856729299155	1.0251022387314217	46.516776818073524	1.022800768286046	NaN	1	NaN	1	NaN	1	-0.014581757603019321	1.1584094325023553	NaN	NaN	800009909	800009909	800009909	800009909	800009919	800009919	899999999	899999999	89999	89999	89	89	0	0	2	15	0	0	0	NaN	0	0	0	0	0	0	0	0	0	NaN	NaN	NaN	NaN	0	0	0	0	0	0	0	0	16771	0	0	0	18000	18000	18000	18000	6	NaN	0.07465926528703266	0.08824546263170906	0.02797731652651403	0.24779653852018313	NaN	NaN	8.878874803196031e-7	NaN	0.040062217161481006	NaN	NaN	-0.00001458175760301932	NaN	NaN	NaN	96019.09844509549	11.670000076293945	NaN	0	0	0	0	0.0002806171877794744	-1	0	2.151649929934078	71.29369633356727	1.0001630399574837	-286.35261945088564	9.00113034023179	-273.1499938964844	033
DATA	2025-08-30T090000_AIU-0547.ghg	2025-08-30	09:30:00	242.395	1	18000	18000	0.025638934367036393	1	NaN	29.390240584587193	0	NaN	NaN	NaN	NaN	NaN	NaN	NaN	NaN	NaN	NaN	-0.010612330085599331	0	NaN	NaN	NaN	NaN	NaN	NaN	NaN	NaN	NaN	NaN	NaN	NaN	2.0252648735162755e-13	NaN	NaN	NaN	NaN	NaN	0	NaN	NaN	NaN	NaN	0	0.09148413258961552	2.309797246922466	2.309797246922466	-0.3	0	NaN	NaN	NaN	NaN	9	289.4390577799481	290.35620166021056	95612.14070638925	1.147200992595314	1005.4834133591974	0.025248064134617526	NaN	NaN	NaN	NaN	NaN	NaN	NaN	NaN	-0.5840522551905388	-0.306054567370279	0.13491218638387853	0.6730436338278803	-2.5203653227203172e-14	2.213788135917863e-15	0.6730436338278803	2.631749190936305	124.3446006043248	207.65539939567518	11.563326299780151	NaN	0.1494962257007927	0.11030290495737233	-9.588562002636797	-0.3024436822958977	NaN	0.17043488347493704	1	6.180194860246583	3	5	9	13	23	56	0.025202188805452434	1.0173296678695412	28.877263443499537	1.0177640496334195	NaN	1	NaN	1	NaN	1	-0.009216572557007243	1.1514399761905971	NaN	NaN	800009909	800009909	800009909	800009919	800009919	810009919	899999999	899999999	89999	89999	89	89	6	2	0	0	0	0	1	NaN	0	0	0	0	0	0	0	0	0	NaN	NaN	NaN	NaN	0	2	0	0	0	0	0	0	5010	0	0	0	18000	18000	18000	18000	6	NaN	0.07579445481945986	0.11975521682710635	0.02505613826817844	0.36968767767694805	NaN	NaN	1.238283881384863e-7	NaN	0.025034654954097377	NaN	NaN	-0.000009216572557007244	NaN	NaN	NaN	96027.65596115452	11.670000076293945	NaN	0	0	0	0	0.00028265720842237996	-1	0	2.172520957847437	71.88819076580474	1.0001115344779359	-312.6367455545954	9.000937435097164	-273.1499938964844	188
DATA	2025-08-30T093000_AIU-0547.ghg	2025-08-30	10:00:00	242.416	1	18000	18000	0.10443107409696992	1	NaN	54.98868911839308	1	NaN	NaN	NaN	NaN	NaN	NaN	NaN	NaN	NaN	NaN	-0.02324946537379659	1	NaN	NaN	NaN	NaN	NaN	NaN	NaN	NaN	NaN	NaN	NaN	NaN	1.187745412684527e-12	NaN	NaN	NaN	NaN	NaN	0	NaN	NaN	NaN	NaN	0	0.09158971922372336	2.3174268878779096	2.3174268878779096	-0.2	0	NaN	NaN	NaN	NaN	9	290.3777902501424	290.9911613561853	95615.98516566945	1.1447437601201764	1005.4987564624397	0.02530225998637689	NaN	NaN	NaN	NaN	NaN	NaN	NaN	NaN	-0.6890004915734022	-0.216269414094653	0.16448328479617247	0.7406408629279034	2.2115968659129093e-14	1.2968108459676116e-14	0.7406408629279034	3.189522509302993	134.57352041009187	197.42647958990813	12.831370632406138	NaN	0.30203740476363294	0.2440907907801451	-42.26626343561709	-0.06861264195775152	NaN	0.15816952628011738	0	87.51569444986615	-13.280844270477267	30.041305900818287	74.80709933513288	114.0855465304298	160.00660115351621	239.71904554817908	0.10277288756708569	1.016134474462458	54.069002272726635	1.0170095028021324	NaN	1	NaN	1	NaN	1	-0.020208290488179462	1.150491447428273	NaN	NaN	800009909	800009909	800009909	800009919	800009919	800009919	899999999	899999999	89999	89999	89	89	9	4	0	8	0	0	2	NaN	0	0	0	0	0	0	0	0	0	NaN	NaN	NaN	NaN	0	2	0	0	0	0	0	0	4815	0	0	0	18000	18000	18000	18000	6	NaN	0.2397884213807692	0.1808169768442534	0.06757618333526756	0.2578663499940859	NaN	NaN	1.9975914140615213e-7	NaN	0.046974107025265964	NaN	NaN	-0.000020208290488179464	NaN	NaN	NaN	96020.13974435764	11.670000076293945	NaN	0	0	0	0	0.0002841185303825316	-1	0	2.181341119302643	71.99423679076301	1.0000979061623414	-287.88686951531145	9.000930601252449	-273.1499938964844	082
DATA	2025-08-30T100000_AIU-0547.ghg	2025-08-30	10:30:00	242.437	1	18000	18000	0.05177340663854223	1	NaN	77.74964866969538	1	NaN	NaN	NaN	NaN	NaN	NaN	NaN	NaN	NaN	NaN	-0.03349009661346582	1	NaN	NaN	NaN	NaN	NaN	NaN	NaN	NaN	NaN	NaN	NaN	NaN	-2.0637681614124186e-13	NaN	NaN	NaN	NaN	NaN	0	NaN	NaN	NaN	NaN	0	0.09059493696392526	2.2947211175061932	2.2947211175061932	-0.3	0	NaN	NaN	NaN	NaN	9	290.8937871390449	291.34319126044386	95628.84446809896	1.1435143359940285	1005.5073661629377	0.025329463151124516	NaN	NaN	NaN	NaN	NaN	NaN	NaN	NaN	-0.6843182165859848	-0.16818258579735967	0.10882849799028153	0.7130360760099973	-5.159780941142465e-14	-2.278017106225492e-15	0.7130360760099973	2.7722225839748327	138.19226897350916	193.80773102649087	8.77919106253381	NaN	0.21278086213764033	0.17572644173237817	-10.452729429635276	-0.27743949745585145	NaN	0.31778910280327627	0	76.57308592365204	-11.620261209770392	26.28506249607429	65.45352214932991	99.82075114682203	140.00002280160686	209.74554550112066	0.05092818705180376	1.01659630227714	76.42746497446835	1.017299850200039	NaN	1	NaN	1	NaN	1	-0.02910028609511624	1.1508511120475307	NaN	NaN	800009909	800009909	800009909	800009909	800009909	800009909	899999999	899999999	89999	89999	89	89	2	5	1	2	0	0	1	NaN	0	0	0	0	0	0	0	0	0	NaN	NaN	NaN	NaN	0	0	0	0	0	0	0	0	5916	0	0	0	18000	18000	18000	18000	6	NaN	0.1316660319322277	0.17295279109354125	0.046834060438987406	0.41074358132846106	NaN	NaN	1.3727873981817493e-7	NaN	0.06646952642245238	NaN	NaN	-0.00002910028609511624	NaN	NaN	NaN	96032.52596484375	11.660102574057179	NaN	0	0	0	0	0.00028467962069488647	-1	0	2.1610945288472703	71.86894332384182	1.000091078042984	-273.1499938964844	9.000894909037484	-273.1499938964844	243
DATA	2025-08-30T103000_AIU-0547.ghg	2025-08-30	11:00:00	242.458	1	18000	18000	0.059048911772531035	0	NaN	40.75913291451068	0	NaN	NaN	NaN	NaN	NaN	NaN	NaN	NaN	NaN	NaN	-0.01760187357198544	1	NaN	NaN	NaN	NaN	NaN	NaN	NaN	NaN	NaN	NaN	NaN	NaN	-6.408196189924554e-14	NaN	NaN	NaN	NaN	NaN	0	NaN	NaN	NaN	NaN	0	0.0903326079667949	2.2897046970840575	2.2897046970840575	-0.4	0	NaN	NaN	NaN	NaN	9	291.1093818613688	291.57694106377494	95637.51198263888	1.1427011713462536	1005.5131237549812	0.025347488007051933	NaN	NaN	NaN	NaN	NaN	NaN	NaN	NaN	-0.44736311610508495	-0.2462974013211594	0.11272693066038025	0.5229756480419429	5.340724340997787e-14	-7.094001085721032e-16	0.5229756480419429	3.206869865868285	123.16485691655356	208.83514308344644	12.44774382455895	NaN	0.2273210287893713	0.25428507314793947	-24.31391780878049	-0.11927325011161806	NaN	0.1560504077495715	0	74.84433152316296	-11.357916059919011	25.691637052798754	63.97580888913842	97.56714518692573	136.83930839957577	205.01021936930488	0.05783324801846622	1.021020153557287	39.95457393591334	1.0201368429028388	NaN	1	NaN	1	NaN	1	-0.015244552038106861	1.1546337031082299	NaN	NaN	800009909	800009909	800009909	800009909	800009919	800019919	899999999	899999999	89999	89999	89	89	1	8	0	7	0	0	2	NaN	0	0	0	0	0	0	0	0	0	NaN	NaN	NaN	NaN	0	0	0	0	0	0	0	0	2611	0	0	0	18000	18000	18000	18000	6	NaN	0.21975606163704042	0.23222026598077763	0.056593818678060945	0.28899512252880216	NaN	NaN	2.460049078246279e-7	NaN	0.03477331446209917	NaN	NaN	-0.00001524455203810686	NaN	NaN	NaN	96021.39814322916	11.65999984741211	NaN	0	0	0	0	0.00028538145164364113	-1	0	2.1571390747891543	71.66856972673204	1.000080985877249	-273.1499938964844	9.000842383623123	-273.1499938964844	176
DATA	2025-08-30T110000_AIU-0547.ghg	2025-08-30	11:30:00	242.479	1	18000	18000	0.15911427436364387	1	NaN	20.14016583636634	1	NaN	NaN	NaN	NaN	NaN	NaN	NaN	NaN	NaN	NaN	-0.019655102401213383	1	NaN	NaN	NaN	NaN	NaN	NaN	NaN	NaN	NaN	NaN	NaN	NaN	1.0938603063586405e-12	NaN	NaN	NaN	NaN	NaN	0	NaN	NaN	NaN	NaN	0	0.09003291835573557	2.2814139168072156	2.2814139168072156	-0.1	0	NaN	NaN	NaN	NaN	9	291.51196470048694	291.4907642981034	95638.34682265334	1.1430489790587426	1005.5109973175336	0.025339775256345197	NaN	NaN	NaN	NaN	NaN	NaN	NaN	NaN	-0.6561120984138903	-0.10239296484054498	0.13321296768416893	0.6772836183556893	-1.6852250814903808e-14	1.2149559587045818e-14	0.6772836183556893	3.5908298091114004	143.12995847069385	188.87004152930612	11.343297617180829	NaN	0.37309733870159106	0.3638028479838144	-217.5535838372129	-0.013330049309460974	NaN	0.04696661126327049	0	94.33257492236783	-14.315332181872577	32.38132037309162	80.63406623367345	122.9720387102237	172.4700327897653	258.3915372738803	0.15641643167939528	1.0172478214423042	19.789647834283038	1.017712189980262	NaN	1	NaN	1	NaN	1	-0.017071006352569293	1.1513733868569012	NaN	NaN	800009909	800009909	800009909	800009919	800009919	800009919	899999999	899999999	89999	89999	89	89	1	16	1	20	0	0	0	NaN	0	0	0	0	0	0	0	0	0	NaN	NaN	NaN	NaN	0	1	0	0	0	0	0	0	5010	0	0	0	18000	18000	18000	18000	6	NaN	0.4424620362214422	0.19966117503093114	0.08548248471525546	0.1521494572558952	NaN	NaN	7.12895109570599e-8	NaN	0.017218146586706645	NaN	NaN	-0.00001707100635256929	NaN	NaN	NaN	96021.9594904514	11.65999984741211	NaN	0	0	0	0	0.0002851899872411094	-1	0	2.149124868909518	71.71905730281405	1.0000857526659965	-273.1499938964844	9.000808630837335	-273.3518689049614	202
DATA	2025-08-30T113000_AIU-0547.ghg	2025-08-30	12:00:00	242.499	1	18000	18000	0.11507698647742697	1	NaN	74.33272021160134	1	NaN	NaN	NaN	NaN	NaN	NaN	NaN	NaN	NaN	NaN	-0.02082642684411861	1	NaN	NaN	NaN	NaN	NaN	NaN	NaN	NaN	NaN	NaN	NaN	NaN	3.018204487189681e-13	NaN	NaN	NaN	NaN	NaN	0	NaN	NaN	NaN	NaN	0	0.08976724158120972	2.277905423304479	2.277905423304479	-0.2	0	NaN	NaN	NaN	NaN	9	291.97638583374027	291.82942500474724	95613.95683702258	1.141431333885728	1005.5193792897527	0.02537568697868171	NaN	NaN	NaN	NaN	NaN	NaN	NaN	NaN	-0.7609690216944152	0.11770825199060933	0.15291561383054125	0.7850555837126751	-2.808045855168319e-16	3.3622560234951664e-15	0.7850555837126751	4.098636332455879	160.79294261121657	171.20705738878343	11.232057165558592	NaN	0.31751872724749036	0.24296076485335918	-36.32581531659415	-0.07983303264428696	NaN	0.20397194893910903	0	84.91486396062362	-12.886158209666466	29.148524956615546	72.58394855074341	110.69510131184998	155.25145352684078	232.59496790207206	0.11332524583665061	1.0154576381268243	73.11988581524453	1.0165869295723646	NaN	1	NaN	1	NaN	1	-0.018110187321301024	1.1499840655774318	NaN	NaN	800009909	800009909	800009909	800009909	800009919	810009919	899999999	899999999	89999	89999	89	89	5	22	2	0	0	0	0	NaN	0	0	0	0	0	0	0	0	0	NaN	NaN	NaN	NaN	0	0	0	0	0	0	0	0	8417	0	0	0	18000	18000	18000	18000	6	NaN	0.2829282818482925	0.12246162472067544	0.0805316231377504	0.22162056694721258	NaN	NaN	1.299022107584614e-7	NaN	0.06370819035473912	NaN	NaN	-0.000018110187321301023	NaN	NaN	NaN	96011.33591753473	11.666634443706936	NaN	0	0	0	0	0.0002850445819591793	-1	0	2.146144354456	71.48620462401358	1.0000944136215582	-273.1499938964844	9.0009330042998	-273.1499938964844	120
DATA	2025-08-30T120000_AIU-0547.ghg	2025-08-30	12:30:00	242.52	1	18000	18000	0.19004049657976166	1	NaN	44.43287584605713	1	NaN	NaN	NaN	NaN	NaN	NaN	NaN	NaN	NaN	NaN	-0.022698531322516168	1	NaN	NaN	NaN	NaN	NaN	NaN	NaN	NaN	NaN	NaN	NaN	NaN	-7.900982061105163e-13	NaN	NaN	NaN	NaN	NaN	0	NaN	NaN	NaN	NaN	0	0.08923616629838943	2.268589822979274	2.268589822979274	0	0	NaN	NaN	NaN	NaN	9	292.2949284803602	292.31192556762693	95596.386984375	1.1393378451319032	1005.5314391289257	0.02542231381157192	NaN	NaN	NaN	NaN	NaN	NaN	NaN	NaN	-0.5360132935726684	0.12253301426195234	0.14117277900553846	0.5676745053310244	-4.0967776386547597e-14	-8.85401333208973e-15	0.5676745053310244	4.0674222398467785	164.8765954222466	167.12340457775346	14.399778078821138	NaN	0.40841042243823894	0.3706796290471609	-129.30687337344565	-0.022427268747150307	NaN	0.09496409400539123	0	93.59336001376589	-14.203153467582863	32.12757181592879	80.00219644796918	122.00839741843683	171.11851217633796	256.3667131156654	0.18636375058158586	1.0197288688744552	43.59149863151166	1.0193014060300567	NaN	1	NaN	1	NaN	1	-0.019678253990188094	1.1534829936555364	NaN	NaN	800009909	800009909	800009909	800009909	800009909	800009909	899999999	899999999	89999	89999	89	89	1	5	1	6	0	0	0	NaN	0	0	0	0	0	0	0	0	0	NaN	NaN	NaN	NaN	0	0	0	0	0	0	0	0	5451	0	0	0	18000	18000	18000	18000	6	NaN	0.541798318488171	0.09509659258751703	0.10446434701863389	0.24589065620071535	NaN	NaN	4.566430536663928e-8	NaN	0.03804990900607353	NaN	NaN	-0.000019678253990188094	NaN	NaN	NaN	95983.57481380209	11.670000076293945	NaN	0	0	0	0	0.00028603249251803685	-1	0	2.138201933662097	70.07140484619141	1.0000776763111352	-273.3518689049614	9.00083232556449	-273.1499938964844	153
DATA	2025-08-30T123000_AIU-0547.ghg	2025-08-30	13:00:00	242.541	1	18000	18000	0.17844751002969397	1	NaN	61.399646749202674	1	NaN	NaN	NaN	NaN	NaN	NaN	NaN	NaN	NaN	NaN	-0.012503693652145908	1	NaN	NaN	NaN	NaN	NaN	NaN	NaN	NaN	NaN	NaN	NaN	NaN	5.817171560132907e-13	NaN	NaN	NaN	NaN	NaN	0	NaN	NaN	NaN	NaN	0	0.08918195277707472	2.2684053567532723	2.2684053567532723	-0.2	0	NaN	NaN	NaN	NaN	9	292.8111874016655	292.4614904556274	95594.9658938802	1.1387382592454312	1005.5352055238662	0.025435699557101343	NaN	NaN	NaN	NaN	NaN	NaN	NaN	NaN	-0.8031839559740881	0.12549125301644234	0.17687153937673894	0.831947151662477	1.5933661396467297e-15	6.5228124962389024e-15	0.831947151662477	3.714691717941335	160.88022461582906	171.11977538417096	12.274732596101504	NaN	0.3958615219633938	0.4031747209495304	-85.2111838204313	-0.03403309131476542	NaN	0.13545698023454164	0	84.56182398011431	-12.832583030587218	29.027337755664128	72.28217528530516	110.23487804130771	154.60598384614303	231.6279367004112	0.17584168330595581	1.0148191638907604	60.421265574029746	1.0161926627302136	NaN	1	NaN	1	NaN	1	-0.01087720876575381	1.1495314580623828	NaN	NaN	800009909	800009909	800009909	800009909	800009909	800009909	899999999	899999999	89999	89999	89	89	4	7	5	7	0	0	0	NaN	0	0	0	0	0	0	0	0	0	NaN	NaN	NaN	NaN	0	0	0	0	0	0	0	0	6280	0	0	0	18000	18000	18000	18000	6	NaN	0.4142877606087663	0.26557704308879787	0.12648463820149658	0.23150786353647462	NaN	NaN	1.200391262118671e-7	NaN	0.05276775588218061	NaN	NaN	-0.00001087720876575381	NaN	NaN	NaN	95992.33661154514	11.679893123174445	NaN	0	0	0	0	0.0002862861317019754	-1	0	2.138374581628375	70.81403114128113	1.0000848989536364	-273.3518689049614	9.000832796414693	-273.1499938964844	169
DATA	2025-08-30T130000_AIU-0547.ghg	2025-08-30	13:30:00	242.562	1	18000	18000	0.15431732217972577	1	NaN	26.73498292971502	0	NaN	NaN	NaN	NaN	NaN	NaN	NaN	NaN	NaN	NaN	-0.012450408698535774	0	NaN	NaN	NaN	NaN	NaN	NaN	NaN	NaN	NaN	NaN	NaN	NaN	9.109987961586593e-14	NaN	NaN	NaN	NaN	NaN	0	NaN	NaN	NaN	NaN	0	0.09010308707120201	2.2971475557451773	2.2971475557451773	-0.1	0	NaN	NaN	NaN	NaN	9	293.38187386067705	293.08529728812715	95577.31605735362	1.136104753463934	1005.5510578551037	0.025494659843673346	NaN	NaN	NaN	NaN	NaN	NaN	NaN	NaN	-0.6350371962049918	0.003998210834969114	0.15617572269055657	0.6539717750880185	2.5554045752040352e-14	1.0110628012542593e-15	0.6539717750880185	3.6119436032856216	152.36073096343625	179.63926903656323	13.81638148647362	NaN	0.3685514725754445	0.5125711308365142	-157.90530912049886	-0.018365436958088507	NaN	0.06349788444681596	0	78.01310862455011	-11.83879021027481	26.779375690224665	66.68443189538283	101.69796617529094	142.63284357053305	213.68999077573076	0.15163200339855062	1.0177094460337441	26.26211678086693	1.0180056372756896	NaN	1	NaN	1	NaN	1	-0.010809961666932818	1.1517532700065911	NaN	NaN	800009909	800009909	800009909	800009919	800009919	800109919	899999999	899999999	89999	89999	89	89	16	3	1	8	0	0	2	NaN	0	0	0	0	0	0	0	0	0	NaN	NaN	NaN	NaN	0	8	0	0	0	0	0	0	3354	0	0	0	18000	18000	18000	18000	6	NaN	0.4174975153016502	0.4735337466459643	0.13411099972541374	0.28600884712200664	NaN	NaN	5.7781579860579964e-8	NaN	0.022988319476232724	NaN	NaN	-0.000010809961666932817	NaN	NaN	NaN	95971.14374782986	11.67669800737169	NaN	0	0	0	0	0.00028705725071550756	-1	0	2.166646921810508	70.649102536425	1.0000641106698247	-273.1499938964844	9.000785153653887	-273.1499938964844	199
DATA	2025-08-30T133000_AIU-0547.ghg	2025-08-30	14:00:00	242.583	1	18000	18000	0.19845040120010946	1	NaN	55.500664505470404	1	NaN	NaN	NaN	NaN	NaN	NaN	NaN	NaN	NaN	NaN	-0.014484253296447896	1	NaN	NaN	NaN	NaN	NaN	NaN	NaN	NaN	NaN	NaN	NaN	NaN	-6.224202493675956e-13	NaN	NaN	NaN	NaN	NaN	0	NaN	NaN	NaN	NaN	0	0.08983405568935116	2.2937847108211478	2.2937847108211478	-0.2	0	NaN	NaN	NaN	NaN	9	293.76149004448786	293.4786344197591	95559.71880490452	1.1343731858148964	1005.5611723641325	0.025533576250337888	NaN	NaN	NaN	NaN	NaN	NaN	NaN	NaN	-0.974434722555323	0.07032813529848157	0.1288705225517486	0.9854322334482213	-1.1391926031016442e-14	-6.928555597221875e-15	0.9854322334482213	4.181332280453853	156.12806572734576	175.87193427265433	7.5144153758454255	NaN	0.4182616193462374	0.5445082134000646	-111.16685598264854	-0.026086912095927638	NaN	0.11632839084572914	0	92.59876492786961	-14.052219826125702	31.786159507991528	79.15203152776164	120.71184227293708	169.3000751494865	253.6423630868309	0.1958748730452831	1.013148844028764	54.67026064146841	1.0151893159874954	NaN	1	NaN	1	NaN	1	-0.01261127026674852	1.1485166038061823	NaN	NaN	800009909	800009909	800009909	800009909	800009909	800009909	899999999	899999999	89999	89999	89	89	5	6	0	6	0	0	0	NaN	0	0	0	0	0	0	0	0	0	NaN	NaN	NaN	NaN	0	0	0	0	0	0	0	0	3577	0	0	0	18000	18000	18000	18000	6	NaN	0.7444694648375045	0.23201650005756028	0.11253046190506437	0.2934884797889048	NaN	NaN	5.595629498974765e-8	NaN	0.04792771196941557	NaN	NaN	-0.00001261127026674852	NaN	NaN	NaN	95952.19198958334	11.670000076293945	NaN	0	0	0	0	0.0002872941410718746	-1	0	2.1641116791168846	70.92434275711905	1.0000707505991062	-273.1499938964844	9.000818881670634	-273.1499938964844	119
DATA	2025-08-30T140000_AIU-0547.ghg	2025-08-30	14:30:00	242.604	1	18000	18000	0.38971890270512305	1	NaN	-21.238210662062016	2	NaN	NaN	NaN	NaN	NaN	NaN	NaN	NaN	NaN	NaN	0.05264999524762818	2	NaN	NaN	NaN	NaN	NaN	NaN	NaN	NaN	NaN	NaN	NaN	NaN	-3.391932780003027e-12	NaN	NaN	NaN	NaN	NaN	0	NaN	NaN	NaN	NaN	0	0.0893035984807303	2.2854353116667148	2.2854353116667148	0	1	NaN	NaN	NaN	NaN	9	294.2188729273477	294.0783128516866	95537.31775370437	1.1317946185881276	1005.5767698766588	0.025591749386894642	NaN	NaN	NaN	NaN	NaN	NaN	NaN	NaN	-0.6281524315174373	0.0967729116114541	0.1619171144166845	0.6558640297988583	-7.891136591729622e-15	-3.7982039220232873e-14	0.6558640297988583	4.262655576582717	160.75810861365815	171.24189138634176	14.292729006138774	NaN	0.5868024564737825	0.7683045057661891	802.0867562231173	0.003615568986147558	NaN	-0.03180117336256933	0	95.49128894041237	-14.49117150445813	32.77906939955433	81.62451754864901	124.48253945928431	174.58853156763251	261.56543448414646	0.38563367609791127	1.0105935421629892	-20.95458701659337	1.0135351579701406	NaN	1	NaN	1	NaN	1	0.045077411667474254	1.1679906476444375	NaN	NaN	800009909	800009909	800009909	800009919	800009919	801009919	899999999	899999999	89999	89999	89	89	4	17	2	4	0	0	1	NaN	0	0	0	0	0	0	0	0	0	NaN	NaN	NaN	NaN	0	6	0	0	0	0	0	0	6620	0	0	0	18000	18000	18000	18000	6	NaN	0.9962273277175777	0.3352836412398858	0.20509804257491465	0.4333238099753729	NaN	NaN	2.3436699203289762e-7	NaN	-0.018411800026037248	NaN	NaN	0.000045077411667474254	NaN	NaN	NaN	95929.78376605903	11.670000076293945	NaN	0	0	0	0	0.0002881881676536675	-1	0	2.157278962486319	70.61663519642084	1.0000870102081034	-273.1499938964844	9.000907929976782	-273.1499938964844	125
DATA	2025-08-30T143000_AIU-0547.ghg	2025-08-30	15:00:00	242.624	1	18000	18000	0.17076616896642996	1	NaN	23.058624147358156	0	NaN	NaN	NaN	NaN	NaN	NaN	NaN	NaN	NaN	NaN	-0.0011756343621899651	2	NaN	NaN	NaN	NaN	NaN	NaN	NaN	NaN	NaN	NaN	NaN	NaN	-9.340748396469382e-13	NaN	NaN	NaN	NaN	NaN	0	NaN	NaN	NaN	NaN	0	0.08876178696544634	2.2779895371583296	2.2779895371583296	0	1	NaN	NaN	NaN	NaN	9	294.67835570187043	294.8489837799072	95517.72440386284	1.1286048459958677	1005.5971288070937	0.025664079273720768	NaN	NaN	NaN	NaN	NaN	NaN	NaN	NaN	-0.6315681860889085	0.05561875321006341	0.15708148555342713	0.6531817606852699	-5.653534274376466e-14	-1.0523389305023341e-14	0.6531817606852699	3.9662611028182964	157.0327422423925	174.9672577576075	13.915263894465971	NaN	0.38898240965396863	0.5509248840014106	-215.1618097489205	-0.013478228331431618	NaN	0.05223210067649707	0	79.2075019005246	-12.02004399790269	27.189372251355593	67.70538130340269	103.25497844055818	144.8165754112119	216.9616190011091	0.16779195219979562	1.017725622281889	22.65055253877681	1.0180159670667082	NaN	1	NaN	1	NaN	1	-0.0010207227216767751	1.1517666230244306	NaN	NaN	800009909	800009909	800009909	800009909	800009909	801009919	899999999	899999999	89999	89999	89	89	15	6	0	18	0	0	0	NaN	0	0	0	0	0	0	0	0	0	NaN	NaN	NaN	NaN	0	0	0	0	0	0	0	0	6218	0	0	0	18000	18000	18000	18000	6	NaN	0.4585007881583987	0.49952503669344	0.1438239431509825	0.2817921296620869	NaN	NaN	8.76886654696404e-8	NaN	0.019957809150061363	NaN	NaN	-0.000001020722721676775	NaN	NaN	NaN	95909.95631315104	11.670000076293945	NaN	0	0	0	0	0.00028929317264313187	-1	0	2.151808402862814	70.23870378261142	1.0000772626300654	-273.1499938964844	9.000780904399024	-273.1499938964844	159
DATA	2025-08-30T150000_AIU-0547.ghg	2025-08-30	15:30:00	242.645	1	18000	18000	0.6307560836595998	1	NaN	-79.44047585988503	2	NaN	NaN	NaN	NaN	NaN	NaN	NaN	NaN	NaN	NaN	0.0819589660600561	2	NaN	NaN	NaN	NaN	NaN	NaN	NaN	NaN	NaN	NaN	NaN	NaN	2.7140147480571846e-12	NaN	NaN	NaN	NaN	NaN	0	NaN	NaN	NaN	NaN	0	0.08876812362153497	2.28197418982646	2.28197418982646	0	1	NaN	NaN	NaN	NaN	9	295.3011745096843	295.24759036763515	95486.65808832465	1.1267145706394224	1005.6077974074481	0.025707135587947218	NaN	NaN	NaN	NaN	NaN	NaN	NaN	NaN	-0.5376915057853741	0.01944298220719124	0.19506764688489156	0.5723124774211338	-3.1268795011585304e-14	3.05742043126703e-14	0.5723124774211338	4.982408548352617	154.07091920128002	177.92908079871987	19.92813016878977	NaN	0.7482104485015235	1.0158749365952164	444.3671020064622	0.006526135681299438	NaN	-0.0937077532909558	0	93.83025928708769	-14.239103846272693	32.20889167041065	80.20469438371896	122.31721954730723	171.55163960311822	257.0156169271331	0.6235981099523545	1.0114785044935306	-78.33606639276363	1.0140983523679128	NaN	1	NaN	1	NaN	1	0.07001384495956636	1.170610842860982	NaN	NaN	800009909	800009909	800009909	800009909	800009919	800009919	899999999	899999999	89999	89999	89	89	9	7	0	5	0	0	3	NaN	0	0	0	0	0	0	0	0	0	NaN	NaN	NaN	NaN	0	0	0	0	0	0	0	0	4818	0	0	0	18000	18000	18000	18000	6	NaN	1.2476686188289687	0.43568193004622496	0.34839932431523923	0.3568852478691402	NaN	NaN	1.0634915575579383e-7	NaN	-0.06913838283454705	NaN	NaN	0.00007001384495956637	NaN	NaN	NaN	95871.80533550348	11.640383673244052	NaN	0	0	0	0	0.0002900141736705943	-1	0	2.155932736496131	70.20604278140594	1.0000710976156924	-484.67462777878893	9.000493522511588	-393.4674989488358	025
DATA	2025-08-30T153000_AIU-0547.ghg	2025-08-30	16:00:00	242.666	1	18000	18000	0.3214038199041955	1	NaN	30.340943179896694	1	NaN	NaN	NaN	NaN	NaN	NaN	NaN	NaN	NaN	NaN	-0.05836034385085358	1	NaN	NaN	NaN	NaN	NaN	NaN	NaN	NaN	NaN	NaN	NaN	NaN	-3.017882491148887e-12	NaN	NaN	NaN	NaN	NaN	0	NaN	NaN	NaN	NaN	0	0.08762390802084812	2.2589252957008736	2.2589252957008736	-0.2	0	NaN	NaN	NaN	NaN	9	295.7518883582222	295.9874893103705	95456.1963641493	1.1235395089407592	1005.6278510177505	0.025779782558470386	NaN	NaN	NaN	NaN	NaN	NaN	NaN	NaN	-0.6393269049943597	0.15291417145679556	0.17745842719792093	0.6808914220824993	-6.998557981212504e-15	-3.4441313556008603e-14	0.6808914220824993	4.92198209166174	165.45129809540225	166.54870190459775	15.107246560033397	NaN	0.5348491902222475	0.6703859460361674	-424.90036405788203	-0.006825129478130895	NaN	0.050207904170774635	0	89.88793248357355	-13.640840544245272	30.85561845227709	76.83485272667785	117.17799839608706	164.34380886564907	246.2169730436775	0.31597561790408796	1.017179179951015	29.814169917121152	1.0176685537192514	NaN	1	NaN	1	NaN	1	-0.05069004302746912	1.1513177019642278	NaN	NaN	800009909	800009909	800009909	800009909	800009919	800009919	899999999	899999999	89999	89999	89	89	4	11	0	0	0	0	1	NaN	0	0	0	0	0	0	0	0	0	NaN	NaN	NaN	NaN	0	0	0	0	0	0	0	0	9154	0	0	0	18000	18000	18000	18000	6	NaN	0.7553209341124582	0.38725432842925245	0.1981966295306244	0.2619643342787696	NaN	NaN	8.217602492976002e-7	NaN	0.026387429178541026	NaN	NaN	-0.000050690043027469124	NaN	NaN	NaN	95844.96400195312	11.653209219614663	NaN	0	0	0	0	0.0002906898877538172	-1	0	2.1354139670994563	70.43202818192378	1.0000640366557572	-390.39899881998394	9.000534205092324	-340.0513717057946	104
DATA	2025-08-30T160000_AIU-0547.ghg	2025-08-30	16:30:00	242.687	1	18000	18000	0.11833634114261157	1	NaN	1.5216788500783627	2	NaN	NaN	NaN	NaN	NaN	NaN	NaN	NaN	NaN	NaN	-0.0070441941703691365	0	NaN	NaN	NaN	NaN	NaN	NaN	NaN	NaN	NaN	NaN	NaN	NaN	-3.223208704753717e-12	NaN	NaN	NaN	NaN	NaN	0	NaN	NaN	NaN	NaN	0	0.08641568206582236	2.2336423721921514	2.2336423721921514	0.1	0	NaN	NaN	NaN	NaN	9	296.1496756557889	296.70821827528215	95437.38220052083	1.1205894291814127	1005.6476979968356	0.025847650782768784	NaN	NaN	NaN	NaN	NaN	NaN	NaN	NaN	-0.4175862876101645	0.42328327567521606	0.21573944200734643	0.6325271108055455	-4.190121374184304e-15	-3.7298886356050705e-14	0.6325271108055455	4.280260702868852	197.38817956088673	134.61182043911327	19.942407241029617	NaN	0.3249644160709486	0.4678910290720073	-1900.0018323307963	-0.0015263143175196163	NaN	0.004155227545872671	0	72.55164833977854	-11.009992541612094	24.90463310706455	62.01605778710406	94.57840110345879	132.64755232655148	198.7302049339499	0.1162254140166656	1.0181623541099478	1.4943400044396646	1.0182949299071662	NaN	1	NaN	1	NaN	1	-0.006114052237235787	1.1521318263309237	NaN	NaN	800009909	800009909	800009909	800009909	800009919	800009919	899999999	899999999	89999	89999	89	89	6	5	0	3	0	0	1	NaN	0	0	0	0	0	0	0	0	0	NaN	NaN	NaN	NaN	0	0	0	0	0	0	0	0	8223	0	0	0	18000	18000	18000	18000	6	NaN	0.30198987406357913	0.5087834192790059	0.12500876480142947	0.25745293263021085	NaN	NaN	8.990741819023821e-8	NaN	0.0013260412611595098	NaN	NaN	-0.000006114052237235787	NaN	NaN	NaN	95822.12437109376	11.680000305175781	NaN	0	0	0	0	0.0002911283798716289	-1	0	2.1129773200551676	70.18468937322831	1.0000364136414395	-273.1499938964844	9.000488866964975	-273.1499938964844	209
DATA	2025-08-30T163000_AIU-0547.ghg	2025-08-30	17:00:00	242.708	1	18000	18000	0.17457309599582196	1	NaN	22.439884199574756	1	NaN	NaN	NaN	NaN	NaN	NaN	NaN	NaN	NaN	NaN	-0.007907969622518428	1	NaN	NaN	NaN	NaN	NaN	NaN	NaN	NaN	NaN	NaN	NaN	NaN	9.193288377307381e-14	NaN	NaN	NaN	NaN	NaN	0	NaN	NaN	NaN	NaN	0	0.08683488430616043	2.2465760075828616	2.2465760075828616	-0.1	0	NaN	NaN	NaN	NaN	9	296.3701120859782	296.9835491214328	95436.72477365451	1.1195428284408193	1005.6553614075799	0.025871814369694275	NaN	NaN	NaN	NaN	NaN	NaN	NaN	NaN	-0.5496493468779092	0.4544099517476655	0.1840853749213669	0.7365393635309706	-1.6093400234536473e-14	1.0587091179731292e-15	0.7365393635309706	4.51437252347811	191.5814579343727	140.4185420656273	14.473538041947238	NaN	0.39488287582409365	0.45446930378116274	-231.18255812721907	-0.012544198937378912	NaN	0.05047338421892989	0	84.92283341222722	-12.887367604693654	29.151260611459982	72.59076071810958	110.70549029690531	155.26602422609838	232.616797464689	0.17178990369769806	1.0162011401032132	22.063671562937696	1.0170512253848547	NaN	1	NaN	1	NaN	1	-0.006873252618195444	1.1505425541298737	NaN	NaN	800009909	800009909	800009909	800009909	800009919	800009919	899999999	899999999	89999	89999	89	89	14	11	1	0	0	0	1	NaN	0	0	0	0	0	0	0	0	0	NaN	NaN	NaN	NaN	0	0	0	0	0	0	0	0	8485	0	0	0	18000	18000	18000	18000	6	NaN	0.33299879515033903	0.4514131150419717	0.12452669737001472	0.2622650686768317	NaN	NaN	8.91030443907404e-8	NaN	0.019596923552600305	NaN	NaN	-0.000006873252618195444	NaN	NaN	NaN	95824.9509813368	11.666730001449583	NaN	0	0	0	0	0.0002907908608516058	-1	0	2.125904524942239	69.96467141490513	1.0000504366672702	-273.1903688981798	9.000519277413686	-273.1499938964844	049
DATA	2025-08-30T170000_AIU-0547.ghg	2025-08-30	17:30:00	242.729	1	18000	18000	0.15631834828623392	1	NaN	-2.625133336047456	2	NaN	NaN	NaN	NaN	NaN	NaN	NaN	NaN	NaN	NaN	0.00642151112475211	1	NaN	NaN	NaN	NaN	NaN	NaN	NaN	NaN	NaN	NaN	NaN	NaN	1.0641374646288954e-12	NaN	NaN	NaN	NaN	NaN	0	NaN	NaN	NaN	NaN	0	0.0867795211399595	2.245627892869292	2.245627892869292	0	1	NaN	NaN	NaN	NaN	9	296.4649932963054	297.08384363301593	95448.36854318576	1.1193014183782324	1005.6581641500119	0.025877394382569877	NaN	NaN	NaN	NaN	NaN	NaN	NaN	NaN	-0.5561296830469744	0.4914974318264614	0.20377956249608492	0.7696597039919836	-1.906008696414723e-14	1.2262541330605365e-14	0.7696597039919836	3.6006765033815897	193.4696716828519	138.53032831714808	15.353036696942477	NaN	0.37370718835494343	0.4215730371015288	1675.1465301570133	0.0017311918377242972	NaN	-0.006240544402116392	0	81.77290254065862	-12.40935344242204	28.06999127486765	69.89824718565717	106.5992372725196	149.50694597394613	223.9886488015057	0.15482102727992603	1.0096713026170576	-2.5914162732712214	1.013011056202743	NaN	1	NaN	1	NaN	1	0.005506196721192273	1.1662335092454963	NaN	NaN	800009909	800009909	800009909	800009909	800009919	800009919	899999999	899999999	89999	89999	89	89	4	13	2	0	0	0	0	NaN	0	0	0	0	0	0	0	0	0	NaN	NaN	NaN	NaN	0	0	0	0	0	0	0	0	9627	0	0	0	18000	18000	18000	18000	6	NaN	0.2826592670175437	0.43790488482493195	0.122581922360582	0.23195724743227675	NaN	NaN	4.9921904278549026e-8	NaN	-0.0023021824767254537	NaN	NaN	0.000005506196721192273	NaN	NaN	NaN	95835.72856054688	11.65999984741211	NaN	0	0	0	0	0.0002909447627349032	-1	0	2.125499737183253	69.90232587665982	1.0000274117903576	-273.1499938964844	9.000403723239899	-273.1499938964844	060
DATA	2025-08-30T173000_AIU-0547.ghg	2025-08-30	18:00:00	242.749	1	18000	18000	0.10383040539353346	1	NaN	17.42791567006657	0	NaN	NaN	NaN	NaN	NaN	NaN	NaN	NaN	NaN	NaN	0.01785840752623724	1	NaN	NaN	NaN	NaN	NaN	NaN	NaN	NaN	NaN	NaN	NaN	NaN	6.889904749931401e-13	NaN	NaN	NaN	NaN	NaN	0	NaN	NaN	NaN	NaN	0	0.08699566670300234	2.246629685459858	2.246629685459858	0	1	NaN	NaN	NaN	NaN	9	296.1796730465359	296.47106287129714	95446.1594937066	1.1215889617400499	1005.6411332700998	0.02582461599069881	NaN	NaN	NaN	NaN	NaN	NaN	NaN	NaN	-0.2499941109093029	0.5220056944439408	0.22909951579703974	0.6224737654389265	-1.1176109696477126e-14	7.919825217792855e-15	0.6224737654389265	3.3781203261434416	216.40974107752413	115.59025892247585	21.595212507736573	NaN	0.3042603857862547	0.4373675768738646	-136.17145170682912	-0.02129668123274155	NaN	0.0507835764506638	0	74.07082432303966	-11.240533358090422	25.42611706165361	63.31462656841523	96.55880042972515	135.42509054028196	202.89146331184796	0.10195593951429001	1.018385058174867	17.112408389208987	1.018437339366944	NaN	1	NaN	1	NaN	1	0.015497779613893172	1.1523203949956713	NaN	NaN	800009909	800009909	800009909	800009909	800009919	810119919	899999999	899999999	89999	89999	89	89	21	18	4	10	0	0	0	NaN	0	0	0	0	0	0	0	0	0	NaN	NaN	NaN	NaN	0	0	0	0	0	0	0	0	6346	0	0	0	18000	18000	18000	18000	6	NaN	0.2437859220603213	0.5268949546027665	0.1040542770846415	0.4499478582130527	NaN	NaN	6.046114845141945e-7	NaN	0.01517170469426157	NaN	NaN	0.00001549777961389317	NaN	NaN	NaN	95830.59127560764	11.669898463526184	NaN	0	0	0	0	0.00029100233387887583	-1	0	2.124842552695009	70.0523555238512	1.0000345052282016	-273.1499938964844	9.000418286032147	-273.1499938964844	099
DATA	2025-08-30T180000_AIU-0547.ghg	2025-08-30	18:30:00	242.77	1	18000	18000	0.06045664134333632	1	NaN	106.48836499337435	1	NaN	NaN	NaN	NaN	NaN	NaN	NaN	NaN	NaN	NaN	-0.04830714355846669	1	NaN	NaN	NaN	NaN	NaN	NaN	NaN	NaN	NaN	NaN	NaN	NaN	1.8285486984190268e-12	NaN	NaN	NaN	NaN	NaN	0	NaN	NaN	NaN	NaN	0	0.08875725464038846	2.271756219888183	2.271756219888183	-0.5	0	NaN	NaN	NaN	NaN	9	294.73533605533186	293.83085408698173	95444.20227018229	1.1316437614462609	1005.5703076155615	0.025595160971263683	NaN	NaN	NaN	NaN	NaN	NaN	NaN	NaN	0.49327982222834427	0.5776730394138526	0.3097205904211708	0.8203401536034429	-6.506865898612843e-14	2.0601681584537842e-14	0.8203401536034429	2.4994996987078824	282.4942895861333	49.50571041386672	22.182094255142395	NaN	0.23113575955568885	0.1853224780376793	-9.769168517842857	-0.29685228529974755	NaN	0.404867431936165	0	82.33643733538315	-12.494872021652641	28.26343453393672	70.3799482523374	107.33386179271801	150.53726730890705	225.5322579104061	0.05956491737836857	1.0149706237197198	104.78191377077756	1.0162857420826445	NaN	1	NaN	1	NaN	1	-0.042019506376304555	1.1496361505500177	NaN	NaN	800009909	800009909	800009909	800009909	800009919	801109919	899999999	899999999	89999	89999	89	89	1	9	1	7	0	0	1	NaN	0	0	0	0	0	0	0	0	0	NaN	NaN	NaN	NaN	0	0	0	0	0	0	0	0	8009	0	0	0	18000	18000	18000	18000	6	NaN	0.16141410036292647	0.16313719907797922	0.046093656634452924	0.5590672973445568	NaN	NaN	3.4542286302924666e-7	NaN	0.09207975427083848	NaN	NaN	-0.000042019506376304554	NaN	NaN	NaN	95817.48457291667	11.673302374098036	NaN	0	0	0	0	0.0002877012592345838	-1	0	2.1417773280408654	70.03167605845137	1.0000570494631926	-313.8076206037761	9.000567139122222	-287.07936948140383	170
DATA	2025-08-30T183000_AIU-0547.ghg	2025-08-30	19:00:00	242.791	0	18000	18000	0.012861670730042756	0	NaN	7.931047125790201	0	NaN	NaN	NaN	NaN	NaN	NaN	NaN	NaN	NaN	NaN	-0.0009476674635350555	2	NaN	NaN	NaN	NaN	NaN	NaN	NaN	NaN	NaN	NaN	NaN	NaN	1.391431898306339e-13	NaN	NaN	NaN	NaN	NaN	0	NaN	NaN	NaN	NaN	0	0.08912603974013673	2.2713882155931415	2.2713882155931415	0.1	0	NaN	NaN	NaN	NaN	9	293.65249997541633	292.58896585506864	95451.15880186632	1.1365298325066588	1005.5384261517992	0.025485124462118917	NaN	NaN	NaN	NaN	NaN	NaN	NaN	NaN	0.7196098201365821	0.648893995514627	0.25426663148697365	1.0017750398865606	-8.40666765401359e-15	1.561195698095992e-15	1.0017750398865606	1.8065694746652106	289.95806101389815	42.04193898610185	14.703444712662279	NaN	0.10637958054994041	0.06797957043671757	-12.788259987459538	-0.22677049128214524	NaN	0.0652368143455895	1	20.12044186057762	9	16	27	43	71	172	0.012696598330516513	1.0130013091088728	7.813045253981813	1.0151031855022534	NaN	1	NaN	1	NaN	1	-0.0008251754250249562	1.1484436336750996	NaN	NaN	800009909	800009909	800009909	800009909	800009919	800009919	899999999	899999999	89999	89999	89	89	1	0	0	13	0	0	6	NaN	0	0	0	0	0	0	0	0	0	NaN	NaN	NaN	NaN	0	0	0	0	0	0	0	0	18000	0	0	0	18000	18000	18000	18000	6	NaN	0.06650266140643904	0.048610037714643874	0.020846441752352233	0.08527512723323835	NaN	NaN	6.1287261831746e-8	NaN	0.006836610352143104	NaN	NaN	-8.251754250249562e-7	NaN	NaN	NaN	95828.233359375	11.680000305175781	NaN	0	0	0	0	0.0002860837927696087	-1	0	2.1385337409940033	69.61068603367278	1.0000711410674783	-273.1499938964844	9.000780942837396	-273.1499938964844	253
DATA	2025-08-30T190000_AIU-0547.ghg	2025-08-30	19:30:00	242.812	0	18000	18000	0.015718330272063985	0	NaN	12.010839510766527	1	NaN	NaN	NaN	NaN	NaN	NaN	NaN	NaN	NaN	NaN	-0.00959595775888728	0	NaN	NaN	NaN	NaN	NaN	NaN	NaN	NaN	NaN	NaN	NaN	NaN	2.2864876667382476e-13	NaN	NaN	NaN	NaN	NaN	0	NaN	NaN	NaN	NaN	0	0.08946568807715397	2.2725704950497327	2.2725704950497327	0.3	0	NaN	NaN	NaN	NaN	9	292.9003016908433	291.6670179718434	95463.30901183489	1.1402674872051433	1005.5153511491046	0.02540158740063453	NaN	NaN	NaN	NaN	NaN	NaN	NaN	NaN	0.8818006211949492	0.6116885954869332	0.2765645545871922	1.1082523296806626	-2.3795516670171648e-14	2.5557146162743557e-15	1.1082523296806626	2.169337753403409	297.25167841579554	34.74832158420446	14.450895025549723	NaN	0.11740857966960237	0.09461324891139958	-11.353318157696085	-0.25543193273714204	NaN	0.0892232591278167	1	19.783457553962375	9	16	27	41	69	165	0.015529687543315424	1.0121472327258612	11.837791732028888	1.0146182482894535	NaN	1	NaN	1	NaN	1	-0.008358179036950816	1.1480919128992508	NaN	NaN	800009909	800009909	800009909	800009919	800009919	800019919	899999999	899999999	89999	89999	89	89	8	4	0	33	0	0	9	NaN	0	0	0	0	0	0	0	0	0	NaN	NaN	NaN	NaN	0	5	0	0	0	0	0	0	18000	0	0	0	18000	18000	18000	18000	6	NaN	0.08255908916714555	0.0794539013241056	0.027213507331548	0.08705841455579512	NaN	NaN	1.3908557866135839e-7	NaN	0.01032464786174567	NaN	NaN	-0.000008358179036950816	NaN	NaN	NaN	95842.16819444444	11.673365153312682	NaN	0	0	0	0	0.0002849422055134912	-1	0	2.1376394987834826	69.17948286522761	1.0000850663102336	-273.1499938964844	9.000904734161166	-273.1499938964844	139
DATA	2025-08-30T193000_AIU-0547.ghg	2025-08-30	20:00:00	242.833	0	18000	18000	0.048706822650727004	1	NaN	32.28716313250759	0	NaN	NaN	NaN	NaN	NaN	NaN	NaN	NaN	NaN	NaN	0.0009332617214875028	2	NaN	NaN	NaN	NaN	NaN	NaN	NaN	NaN	NaN	NaN	NaN	NaN	7.040771351592025e-13	NaN	NaN	NaN	NaN	NaN	0	NaN	NaN	NaN	NaN	0	0.09008908853889443	2.280285844387174	2.280285844387174	0	1	NaN	NaN	NaN	NaN	9	291.98404965633824	290.701658575942	95486.16069363609	1.144327936764984	1005.4917312162064	0.025311454265659485	NaN	NaN	NaN	NaN	NaN	NaN	NaN	NaN	0.9861563249536824	0.654803685171294	0.33669722788404205	1.2307059708252277	1.7733368594636866e-14	7.815343085142094e-15	1.2307059708252277	2.6751885853455764	298.4160054343724	33.58399456562761	15.87744261736968	NaN	0.20630970094000678	0.18902164579864383	-22.918687698229817	-0.12653429542669622	NaN	0.1360132551074753	0	75.96127908663439	-11.52741716188708	26.075049006967053	64.93055886693362	99.02319914416728	138.88144477775586	208.06971178978858	0.04816001297539623	1.011354018438702	31.835306892751003	1.0141935568982836	NaN	1	NaN	1	NaN	1	0.0008130031476280174	1.147918952356269	NaN	NaN	800009909	800009909	800009909	800009919	800009919	800019919	899999999	899999999	89999	89999	89	89	6	1	0	40	0	0	1	NaN	0	0	0	0	0	0	0	0	0	NaN	NaN	NaN	NaN	0	2	0	0	0	0	0	0	17901	0	0	0	18000	18000	18000	18000	6	NaN	0.15573328336307554	0.1773893941945159	0.044920614039696244	0.09836277189055936	NaN	NaN	1.1593089789523604e-7	NaN	0.02766814460044374	NaN	NaN	8.130031476280174e-7	NaN	NaN	NaN	95865.43189105902	11.670000076293945	NaN	0	0	0	0	0.0002841199537862041	-1	0	2.142975973837905	69.12606896506418	1.0000944338043531	-310.5776204681376	9.000911548985375	-273.1499938964844	044
DATA	2025-08-30T200000_AIU-0547.ghg	2025-08-30	20:30:00	242.854	0	18000	18000	0.02663090493078219	1	NaN	34.9825245342406	0	NaN	NaN	NaN	NaN	NaN	NaN	NaN	NaN	NaN	NaN	-0.006276830733266332	0	NaN	NaN	NaN	NaN	NaN	NaN	NaN	NaN	NaN	NaN	NaN	NaN	-5.077946847915568e-13	NaN	NaN	NaN	NaN	NaN	0	NaN	NaN	NaN	NaN	0	0.0898949494609195	2.2698820538753663	2.2698820538753663	0	0	NaN	NaN	NaN	NaN	9	291.3688641374376	290.0776286773681	95511.63026779513	1.147095563637858	1005.4767575988943	0.025250384671078367	NaN	NaN	NaN	NaN	NaN	NaN	NaN	NaN	1.063172757529661	0.47073426853098005	0.3871018912196286	1.2254692726088163	-9.598678122911284e-15	-5.648756552361298e-15	1.2254692726088163	2.479505424988071	308.1179778563629	23.88202214363703	18.413979152205094	NaN	0.15236778776048565	0.17543012045933634	-8.522465610725972	-0.3402771137439613	NaN	0.19906107689665556	1	14.902127404912266	7	12	20	31	51	121	0.026331138015189902	1.0113845028429596	34.49241265848748	1.0142092662698248	NaN	1	NaN	1	NaN	1	-0.005467993384719284	1.1479221519922471	NaN	NaN	800009909	800009909	800009909	800009909	800009919	800019919	899999999	899999999	89999	89999	89	89	11	0	0	22	0	0	9	NaN	0	0	0	0	0	0	0	0	0	NaN	NaN	NaN	NaN	0	0	0	0	0	0	0	0	17010	0	0	0	18000	18000	18000	18000	6	NaN	0.1175322746811131	0.188654900748934	0.04467306548862553	0.11584756950530328	NaN	NaN	1.5039477811782552e-7	NaN	0.029905559853062976	NaN	NaN	-0.000005467993384719284	NaN	NaN	NaN	95893.88274088541	11.650207299543975	NaN	0	0	0	0	0.0002833606282430184	-1	0	2.1321682253021894	67.97145213732543	1.0001091901196373	-309.24524541218796	9.000941409481896	-273.1499938964844	079
DATA	2025-08-30T203000_AIU-0547.ghg	2025-08-30	21:00:00	242.874	0	18000	18000	0.017137932895996282	0	NaN	35.935249783148244	0	NaN	NaN	NaN	NaN	NaN	NaN	NaN	NaN	NaN	NaN	-0.013987557427960812	0	NaN	NaN	NaN	NaN	NaN	NaN	NaN	NaN	NaN	NaN	NaN	NaN	-4.825848244085338e-13	NaN	NaN	NaN	NaN	NaN	0	NaN	NaN	NaN	NaN	0	0.08996982557326556	2.266662569717445	2.266662569717445	0	0	NaN	NaN	NaN	NaN	9	290.69929810078946	289.48762651740174	95532.25543880208	1.1496816622631791	1005.462813403801	0.025193586352700248	NaN	NaN	NaN	NaN	NaN	NaN	NaN	NaN	1.1599233168889287	0.5292307878703432	0.3657358268072469	1.3263747671389443	5.9423767011320855e-15	-5.3638519507359514e-15	1.3263747671389443	2.8859105185156237	307.4745121701575	24.525487829842533	16.006174283985416	NaN	0.12209290209663036	0.1838510305060363	-4.269218989167583	-0.6792811536157448	NaN	0.25461655264331895	1	18.85446527075286	8	15	25	37	59	134	0.016954112623091856	1.0108422231815342	35.44123011700412	1.013939123007672	NaN	1	NaN	1	NaN	1	-0.012185108554088005	1.1479222664182258	NaN	NaN	800009909	800009909	800009909	800009909	800009919	800019919	899999999	899999999	89999	89999	89	89	8	1	1	42	0	0	0	NaN	0	0	0	0	0	0	0	0	0	NaN	NaN	NaN	NaN	0	0	0	0	0	0	0	0	17406	0	0	0	18000	18000	18000	18000	6	NaN	0.12199684724251769	0.20027616585459576	0.045429047914959136	0.1005635922899077	NaN	NaN	5.663691426071949e-8	NaN	0.030659507191958955	NaN	NaN	-0.000012185108554088005	NaN	NaN	NaN	95915.84454817709	11.659906511942545	NaN	0	0	0	0	0.0002823621483273908	-1	0	2.1282025269468625	67.18971506489645	1.0001349623319176	-273.1499938964844	9.001115320391126	-273.1499938964844	028
DATA	2025-08-30T210000_AIU-0547.ghg	2025-08-30	21:30:00	242.895	0	18000	18000	0.05267060682478181	0	NaN	30.613497038812064	0	NaN	NaN	NaN	NaN	NaN	NaN	NaN	NaN	NaN	NaN	-0.010398387338173205	0	NaN	NaN	NaN	NaN	NaN	NaN	NaN	NaN	NaN	NaN	NaN	NaN	6.818687946904047e-13	NaN	NaN	NaN	NaN	NaN	0	NaN	NaN	NaN	NaN	0	0.09003139622550871	2.2653548418730356	2.2653548418730356	0	0	NaN	NaN	NaN	NaN	9	290.3842495015462	289.21930933125816	95564.16098697917	1.1511325785770345	1005.4565404179135	0.025161831725888414	NaN	NaN	NaN	NaN	NaN	NaN	NaN	NaN	0.9504965116876835	0.4080070727533893	0.3154490433162633	1.081397932805672	2.5418161687665958e-14	7.573677886572751e-15	1.081397932805672	2.9350403614477543	308.76824320848345	23.231756791516563	16.960051697750945	NaN	0.21390527193318623	0.24731142831887415	-26.95567472096127	-0.10758402562800264	NaN	0.12365247275557552	0	72.79191065012415	-11.046453274144966	24.98710738332896	62.22143039631999	94.8916072907461	133.08682845759694	199.38832062484744	0.05202824913645841	1.0123463252941423	30.16913039898631	1.0147291829081253	NaN	1	NaN	1	NaN	1	-0.009056559232554811	1.148160915328091	NaN	NaN	800009909	800009909	800009909	800009909	800009919	800009919	899999999	899999999	89999	89999	89	89	9	3	1	32	0	0	1	NaN	0	0	0	0	0	0	0	0	0	NaN	NaN	NaN	NaN	0	0	0	0	0	0	0	0	17010	0	0	0	18000	18000	18000	18000	6	NaN	0.21275222915626804	0.2281523303350247	0.053718297146455596	0.08442921849385263	NaN	NaN	1.1007926424435456e-7	NaN	0.02606598514708046	NaN	NaN	-0.00000905655923255481	NaN	NaN	NaN	95950.8857078993	11.680000305175781	NaN	0	0	0	0	0.0002822561157550404	-1	0	2.127000604391097	66.92795302131442	1.0001568169030879	-273.1499938964844	9.001172437959248	-273.1499938964844	119
DATA	2025-08-30T213000_AIU-0547.ghg	2025-08-30	22:00:00	242.916	0	18000	18000	0.10204576522118282	1	NaN	59.925542892226886	1	NaN	NaN	NaN	NaN	NaN	NaN	NaN	NaN	NaN	NaN	-0.041689705979683425	1	NaN	NaN	NaN	NaN	NaN	NaN	NaN	NaN	NaN	NaN	NaN	NaN	2.783377546598184e-13	NaN	NaN	NaN	NaN	NaN	0	NaN	NaN	NaN	NaN	0	0.08987633623162082	2.267245736902251	2.267245736902251	0	1	NaN	NaN	NaN	NaN	9	291.13726044464096	290.03036073110036	95587.31204684982	1.1481915995212033	1005.4756328354989	0.025226281265619453	NaN	NaN	NaN	NaN	NaN	NaN	NaN	NaN	0.6408998398475492	-0.1402614159702585	0.24662034660778953	0.7008904799521115	3.395599767567573e-14	3.0968969845690256e-15	0.7008904799521115	4.199010114828536	344.34459655689176	347.6554034431082	20.601561906658947	NaN	0.29811944963272585	0.47865663743055353	-37.28558812698092	-0.07777804094503411	NaN	0.17411482517003513	0	84.31578288299613	-12.795245344866904	28.942879808901967	72.07186305607193	109.91413862182273	154.1561422498278	230.9539920172597	0.10035867839208641	1.0168105724001786	58.89863816481772	1.017435118355972	NaN	1	NaN	1	NaN	1	-0.03621976600145594	1.151020853586067	NaN	NaN	800009909	800009909	800009909	800009909	800009909	800119909	899999999	899999999	89999	89999	89	89	2	0	6	12	0	0	6	NaN	0	0	0	0	0	0	0	0	0	NaN	NaN	NaN	NaN	0	1	0	0	0	0	0	0	15711	0	0	0	18000	18000	18000	18000	6	NaN	0.364282448922839	0.5207712368990043	0.07225958903926373	1.2043593779506456	NaN	NaN	2.8933927930710323e-7	NaN	0.05101751936424544	NaN	NaN	-0.00003621976600145594	NaN	NaN	NaN	95981.77993836805	11.673365153312682	NaN	0	0	0	0	0.00028230456812242566	-1	0	2.131149050159587	68.00393503103254	1.000160766230689	-273.1499938964844	9.001202639632755	-273.1499938964844	090
DATA	2025-08-30T220000_AIU-0547.ghg	2025-08-30	22:30:00	242.937	0	18000	18000	0.2118387453856078	1	NaN	171.1062246363503	0	NaN	NaN	NaN	NaN	NaN	NaN	NaN	NaN	NaN	NaN	-0.03602011195734218	0	NaN	NaN	NaN	NaN	NaN	NaN	NaN	NaN	NaN	NaN	NaN	NaN	-1.9284358707269686e-12	NaN	NaN	NaN	NaN	NaN	0	NaN	NaN	NaN	NaN	0	0.08980377077238293	2.278034747867137	2.278034747867137	0	0	NaN	NaN	NaN	NaN	9	292.8000387335884	291.72870187430334	95614.42288645329	1.141830993486267	1005.516879232462	0.025366805071482524	NaN	NaN	NaN	NaN	NaN	NaN	NaN	NaN	0.057132979337798914	-0.19176743612679711	0.20549230206254485	0.28682052418475834	-3.6309244956314633e-14	-2.1473885273868863e-14	0.28682052418475834	4.168796943611277	45.409707457374964	286.59029254262504	45.762083131964026	NaN	0.4307266905613453	0.6331125943828493	-39.393751136698974	-0.07361573641303679	NaN	0.3459973975202883	0	62.16946240333922	-9.434455771027734	21.340764642141185	53.14152140199944	81.04417316657435	113.66560520636804	170.29178918427326	0.20492085969024798	1.033758816480746	166.36299864607994	1.0285113037687008	NaN	1	NaN	1	NaN	1	-0.030871152054740798	1.1667887189137365	NaN	NaN	800009909	800009909	800009909	800009919	800009919	800109919	899999999	899999999	89999	89999	89	89	11	13	5	20	0	0	0	NaN	0	0	0	0	0	0	0	0	0	NaN	NaN	NaN	NaN	0	3	0	0	0	0	0	0	13914	0	0	0	18000	18000	18000	18000	6	NaN	0.30215916263479065	0.6409579253786066	0.32310810075230123	0.48059688780428655	NaN	NaN	5.88528617539597e-8	NaN	0.1448990530591845	NaN	NaN	-0.0000308711520547408	NaN	NaN	NaN	96012.98243901909	11.670000076293945	NaN	0	0	0	0	0.00028365262453573667	-1	0	2.1460533157322144	69.01175822480522	1.000126056631406	-286.99861947801634	9.001045058356391	-273.1499938964844	239
DATA	2025-08-30T223000_AIU-0547.ghg	2025-08-30	23:00:00	242.958	0	18000	18000	0.05068054134661278	2	NaN	64.00281929616092	2	NaN	NaN	NaN	NaN	NaN	NaN	NaN	NaN	NaN	NaN	-0.022144346636708875	2	NaN	NaN	NaN	NaN	NaN	NaN	NaN	NaN	NaN	NaN	NaN	NaN	2.646222618265413e-13	NaN	NaN	NaN	NaN	NaN	0	NaN	NaN	NaN	NaN	0	0.08956366496061338	2.2730920329076354	2.2730920329076354	0.9	0	NaN	NaN	NaN	NaN	9	292.9212724575467	291.92413473595514	95630.15477907986	1.1412543231794574	1005.521735590153	0.02537962279577609	NaN	NaN	NaN	NaN	NaN	NaN	NaN	NaN	0.0037433594579019615	-0.006776587151059436	0.20178307982059268	0.20193153833745356	4.171863817508094e-14	2.9545716105176347e-15	0.20193153833745356	3.5700646583933007	33.08391621591352	298.9160837840865	87.80282462397598	NaN	0.21073147391320546	0.5020675535684129	-12.33474046146722	-0.23510831128221762	NaN	0.2646645665623376	0	31.36094234190513	-4.759143991674006	10.765196667333734	26.80686182931683	40.88215570105683	57.337804660559456	85.90247969750837	0.04851870902358424	1.0445566744568102	61.79654931971105	1.035702154905697	NaN	1	NaN	1	NaN	1	-0.018804280378377523	1.1776226577738116	NaN	NaN	800009909	800009909	800009909	800009909	800009919	800019919	899999999	899999999	89999	89999	89	89	10	4	1	39	0	0	2	NaN	0	0	0	0	0	0	0	0	0	NaN	NaN	NaN	NaN	0	0	0	0	0	0	0	0	16571	0	0	0	18000	18000	18000	18000	6	NaN	0.1292346367251359	0.4469701023359169	0.427930368075773	0.14368270957003246	NaN	NaN	6.751561849389468e-8	NaN	0.05385057271543414	NaN	NaN	-0.000018804280378377523	NaN	NaN	NaN	96023.13475130209	11.66010146017987	NaN	0	0	0	0	0.0002843212750061259	-1	0	2.1421813563969403	69.33291610230341	1.0000880723810859	-385.9981236351837	9.000752756118775	-273.1499938964844	021
DATA	2025-08-30T230000_AIU-0547.ghg	2025-08-30	23:30:00	242.979	0	18000	18000	0.1517067517776932	1	NaN	30.547661483371506	1	NaN	NaN	NaN	NaN	NaN	NaN	NaN	NaN	NaN	NaN	-0.00933780149254319	0	NaN	NaN	NaN	NaN	NaN	NaN	NaN	NaN	NaN	NaN	NaN	NaN	-3.3215438519672766e-13	NaN	NaN	NaN	NaN	NaN	0	NaN	NaN	NaN	NaN	0	0.08948979319656152	2.2698670535534307	2.2698670535534307	-0.6	0	NaN	NaN	NaN	NaN	9	292.71428675131676	291.7759777128432	95638.47366319444	1.1419331537822168	1005.5180519189064	0.02536453569143622	NaN	NaN	NaN	NaN	NaN	NaN	NaN	NaN	-0.1343706083960214	-0.1134341235137002	0.12691680483319615	0.21686547933479905	3.075790856578288e-14	-3.711645466284194e-15	0.21686547933479905	3.3019852429367886	111.82932716905145	220.17067283094858	35.81944224714532	NaN	0.3644870593321225	0.4253931430628932	-133.73179101344704	-0.021685195255542477	NaN	0.07299032570339896	0	57.804541155029476	-8.772062131622777	19.842428426245966	49.41045236958272	75.3540574758285	105.68513704422716	158.33559364568688	0.14557468370777601	1.0421231763225163	29.541016882735125	1.034076166187248	NaN	1	NaN	1	NaN	1	-0.007946036476782657	1.1751521050560363	NaN	NaN	800009909	800009909	800009909	800009909	800009919	810119919	899999999	899999999	89999	89999	89	89	21	21	3	22	0	0	5	NaN	0	0	0	0	0	0	0	0	0	NaN	NaN	NaN	NaN	0	0	0	0	0	0	0	0	16007	0	0	0	18000	18000	18000	18000	6	NaN	0.24678373605873494	0.32644925340175696	0.27755329666529455	0.19524659508358752	NaN	NaN	2.151370893367691e-8	NaN	0.0257273400598891	NaN	NaN	-0.000007946036476782657	NaN	NaN	NaN	96029.59559787327	11.6633021452162	NaN	0	0	0	0	0.00028358168255201435	-1	0	2.1389440951281125	69.40706915929583	1.000105556746324	-273.1499938964844	9.001038440068562	-273.1499938964844	004
