DATAH	filename	date	time	DOY	daytime	file_records	used_records	Tau	qc_Tau	rand_err_Tau	H	qc_H	rand_err_H	LE	qc_LE	rand_err_LE	co2_flux	qc_co2_flux	rand_err_co2_flux	h2o_flux	qc_h2o_flux	rand_err_h2o_flux	ch4_flux	qc_ch4_flux	rand_err_ch4_flux	none_flux	qc_none_flux	rand_err_none_flux	H_strg	LE_strg	co2_strg	h2o_strg	ch4_strg	none_strg	co2_v-adv	h2o_v-adv	ch4_v-adv	none_v-adv	co2_molar_density	co2_mole_fraction	co2_mixing_ratio	co2_time_lag	co2_def_timelag	h2o_molar_density	h2o_mole_fraction	h2o_mixing_ratio	h2o_time_lag	h2o_def_timelag	ch4_molar_density	ch4_mole_fraction	ch4_mixing_ratio	ch4_time_lag	ch4_def_timelag	none_molar_density	none_mole_fraction	none_mixing_ratio	none_time_lag	none_def_timelag	sonic_temperature	air_temperature	air_pressure	air_density	air_heat_capacity	air_molar_volume	ET	water_vapor_density	e	es	specific_humidity	RH	VPD	Tdew	u_unrot	v_unrot	w_unrot	u_rot	v_rot	w_rot	wind_speed	max_wind_speed	wind_dir	yaw	pitch	roll	u*	TKE	L	(z-d)/L	bowen_ratio	T*	model	x_peak	x_offset	x_10%	x_30%	x_50%	x_70%	x_90%	un_Tau	Tau_scf	un_H	H_scf	un_LE	LE_scf	un_co2_flux	co2_scf	un_h2o_flux	h2o_scf	un_ch4_flux	ch4_scf	un_none_flux	un_none_scf	spikes_hf	amplitude_resolution_hf	drop_out_hf	absolute_limits_hf	skewness_kurtosis_hf	skewness_kurtosis_sf	discontinuities_hf	discontinuities_sf	timelag_hf	timelag_sf	attack_angle_hf	non_steady_wind_hf	u_spikes	v_spikes	w_spikes	ts_spikes	co2_spikes	h2o_spikes	ch4_spikes	none_spikes	head_detect_LI-7200	t_out_LI-7200	t_in_LI-7200	aux_in_LI-7200	delta_p_LI-7200	chopper_LI-7200	detector_LI-7200	pll_LI-7200	sync_LI-7200	chopper_LI-7500	detector_LI-7500	pll_LI-7500	sync_LI-7500	not_ready_LI-7700	no_signal_LI-7700	re_unlocked_LI-7700	bad_temp_LI-7700	laser_temp_unregulated_LI-7700	block_temp_unregulated_LI-7700	motor_spinning_LI-7700	pump_on_LI-7700	top_heater_on_LI-7700	bottom_heater_on_LI-7700	calibrating_LI-7700	motor_failure_LI-7700	bad_aux_tc1_LI-7700	bad_aux_tc2_LI-7700	bad_aux_tc3_LI-7700	box_connected_LI-7700	mean_value_RSSI_LI-7200	mean_value_LI-7500	u_var	v_var	w_var	ts_var	co2_var	h2o_var	ch4_var	none_var	w/ts_cov	w/co2_cov	w/h2o_cov	w/ch4_cov	w/none_cov	co2_mean	h2o_mean	air_p_mean	vin_sf_mean	dew_point_mean	avg_signal_strength_7200_mean	co2_signal_strength_7200_mean	h2o_signal_strength_7200_mean	delta_signal_strength_7200_mean	flowrate_mean	hit_power_mean	hit_vin_mean	ch4_mean	rssi_77_mean	ch4_aux-1_mean	ch4_aux-2_mean	ch4_aux-3_mean	ch4_aux-4_mean	CHK
DATAU		[yyyy-mm-dd]	[HH:MM]	[ddd.ddd]	[1=daytime]	[#]	[#]	[kg+1m-1s-2]	[#]	[kg+1m-1s-2]	[W+1m-2]	[#]	[W+1m-2]	[W+1m-2]	[#]	[W+1m-2]	[µmol+1s-1m-2]	[#]	[µmol+1s-1m-2]	[mmol+1s-1m-2]	[#]	[mmol+1s-1m-2]	[µmol+1s-1m-2]	[#]	[µmol+1s-1m-2]	[µmol+1s-1m-2]	[#]	[µmol+1s-1m-2]	[W+1m-2]	[W+1m-2]	[µmol+1s-1m-2]	[mmol+1s-1m-2]	[µmol+1s-1m-2]	[µmol+1s-1m-2]	[µmol+1s-1m-2]	[mmol+1s-1m-2]	[µmol+1s-1m-2]	[µmol+1s-1m-2]	[mmol+1m-3]	[µmol+1mol_a-1]	[µmol+1mol_d-1]	[s]	[1=default]	[mmol+1m-3]	[mmol+1mol_a-1]	[mmol+1mol_d-1]	[s]	[1=default]	[mmol+1m-3]	[µmol+1mol_a-1]	[µmol+1mol_d-1]	[s]	[1=default]	[mmol+1m-3]	[µmol+1mol_a-1]	[µmol+1mol_d-1]	[s]	[1=default]	[K]	[K]	[Pa]	[kg+1m-3]	[J+1kg-1K-1]	[m+3mol-1]	[mm]	[kg+1m-3]	[Pa]	[Pa]	[kg+1kg-1]	[%]	[Pa]	[K]	[m+1s-1]	[m+1s-1]	[m+1s-1]	[m+1s-1]	[m+1s-1]	[m+1s-1]	[m+1s-1]	[m+1s-1]	[deg_from_north]	[deg]	[deg]	[deg]	[m+1s-1]	[m+2s-2]	[m]	[#]	[#]	[K]	[0=KJ/1=KM/2=HS]	[m]	[m]	[m]	[m]	[m]	[m]	[m]	[kg+1m-1s-2]	[#]	[W+1m-2]	[#]	[W+1m-2]	[#]	[µmol+1s-1m-2]	[#]	[mmol+1s-1m-2]	[#]	[µmol+1s-1m-2]	[#]	[µmol+1s-1m-2]	[#]	8u/v/w/ts/co2/h2o/ch4/none	8u/v/w/ts/co2/h2o/ch4/none	8u/v/w/ts/co2/h2o/ch4/none	8u/v/w/ts/co2/h2o/ch4/none	8u/v/w/ts/co2/h2o/ch4/none	8u/v/w/ts/co2/h2o/ch4/none	8u/v/w/ts/co2/h2o/ch4/none	8u/v/w/ts/co2/h2o/ch4/none	8co2/h2o/ch4/none	8co2/h2o/ch4/none	8aa	8U	[#]	[#]	[#]	[#]	[#]	[#]	[#]	[#]	[#_flagged_recs]	[#_flagged_recs]	[#_flagged_recs]	[#_flagged_recs]	[#_flagged_recs]	[#_flagged_recs]	[#_flagged_recs]	[#_flagged_recs]	[#_flagged_recs]	[#_flagged_recs]	[#_flagged_recs]	[#_flagged_recs]	[#_flagged_recs]	[#_flagged_recs]	[#_flagged_recs]	[#_flagged_recs]	[#_flagged_recs]	[#_flagged_recs]	[#_flagged_recs]	[#_flagged_recs]	[#_flagged_recs]	[#_flagged_recs]	[#_flagged_recs]	[#_flagged_recs]	[#_flagged_recs]	[#_flagged_recs]	[#_flagged_recs]	[#_flagged_recs]	[#_flagged_recs]	[#]	[#]	[m+2s-2]	[m+2s-2]	[m+2s-2]	[K+2]	--	--	--	--	[m+1s-1K+1]	--	--	--	--	--	--	--	--	--	--	--	--	--	--	--	--	--	--	--	--	--	--	207
DATA	2025-06-22T233000_AIU-0547.ghg	2025-06-23	00:00:00	174	0	18000	18000	0.006834404579853913	1	NaN	23.816412619034832	0	NaN	11.151447174651695	1	NaN	1.4064072267048058	0	NaN	0.2529384744635426	1	NaN	-0.008491455122831356	0	NaN	NaN	NaN	NaN	NaN	NaN	NaN	NaN	NaN	NaN	1.2790384295900867e-10	6.7469286962881484e-12	6.294595250847869e-13	NaN	16.857246168789146	436.09112697123845	446.3590867233275	0	0	889.2198645903645	23.00381028974903	23.545445245360987	0.1	1	0.08296040151853776	2.03798059373655	2.0859657542174816	0	0	NaN	NaN	NaN	NaN	9	297.86045547485344	295.7417932068287	95895.32896092578	1.1198197636370142	1018.3406075103059	0.025640427905758097	0.01639041314523756	0.01616699495216537	2206.5496799596804	2732.6549199208766	0.014437140223045616	80.74746883970153	526.1052399611963	292.22932324241765	0.8666440231891175	-0.03617643946233208	0.2842196741408855	0.9127767639846895	-1.5868096476718746e-15	7.587469606739212e-15	0.9127767639846895	1.9035752732892073	334.3903178023264	357.6096821976736	18.14236554166635	NaN	0.07812252616451693	0.09862127615676708	-1.6988672524219524	-1.707019777952444	2.13572393304896	0.2673368814027735	1	15.034673292343536	7	12	19	29	45	98	0.006740907620267583	1.0138700846908533	24.278197393372466	1.015616409234489	10.268017244533835	1.0860370516604023	1.294990096843014	1.0860370516604023	0.23290040986800056	1.0860370516604023	-0.015366960510336465	1.1489186147086174	NaN	NaN	800000009	800000009	800000009	800000019	800000019	800010019	899999999	899999999	89999	89999	89	89	6	6	0	45	17	0	0	NaN	0	0	0	0	0	0	0	0	0	NaN	NaN	NaN	NaN	0	682	0	0	0	0	0	0	17281	0	0	0	18000	18000	18000	18000	93	NaN	0.043135583430399436	0.12534301931729894	0.02876394956583579	0.054878898784488206	13.045705739710009	0.05504569779645868	1.5136913964771832e-7	NaN	0.021289979729827442	0.03398612019044609	0.006112310311464544	-0.000015366960510336464	NaN	436.09056822374134	23.003744445182768	96272.0134811198	11.446569730758666	19.069359759754605	92.03009193823073	92.28632100423177	91.77386699040731	0.5124527284651994	0.00028722139248081173	-1	0	2.007127332086913	60.01848911038077	1.0000743746029006	-305.6518702613007	9.000659025616116	-273.1499938964844	230
DATA	2025-06-23T000000_AIU-0547.ghg	2025-06-23	00:30:00	174.02	0	18000	18000	0.06752799123145374	1	NaN	33.91312788609841	1	NaN	-8.9680152448085	2	NaN	11.751383168616961	1	NaN	-0.2033709995862475	2	NaN	NaN	NaN	NaN	NaN	NaN	NaN	NaN	NaN	NaN	NaN	NaN	NaN	4.395071377921437e-10	2.2986963979308243e-11	NaN	NaN	17.042218115580383	440.5549489790249	450.94553049323696	0.1	1	891.3367275860504	23.041766270190145	23.58521119395431	0.1	1	NaN	NaN	NaN	NaN	0	NaN	NaN	NaN	NaN	9	297.6889785308838	295.52551582507414	95063.95027213526	1.1110392174054071	1018.2586798012824	0.026034960260127388	-0.013178440773188837	0.015948272290583	2174.9879210917725	2694.37057975483	0.014354373851741037	80.72341412255481	519.3826586630576	291.9985171159862	1.0664276518753504	0.1989310168162478	0.3335323107925936	1.1349384514054708	-3.290913871710231e-14	2.5789315382035643e-14	1.1349384514054708	2.578988421888847	321.43351047078284	10.566489529217224	17.0902097804515	NaN	0.2465342263888877	0.2513381699110168	-37.263265415500165	-0.07782463419842173	-3.781564477795731	0.12159147223389126	0	88.99081729893861	-13.504699853884386	30.547667839997757	76.06801215992115	116.00851814705064	162.7035961879233	243.75963556656177	0.06672996471293297	1.0119590430169387	33.14901498624871	1.0145148221461457	-8.256360226994598	1.086194763582033	10.818854557780657	1.086194763582033	-0.1872325354576138	1.086194763582033	NaN	1	NaN	NaN	800000009	800000019	800000009	800000019	800000019	800000019	899999999	899999999	89999	89999	89	89	4	1	0	34	7	0	5	NaN	0	0	0	0	0	0	0	0	0	NaN	NaN	NaN	NaN	0	2393	0	0	0	0	0	0	15449	0	0	0	18000	18000	18000	18000	93	NaN	0.2570956634314619	0.2024010866877631	0.0431795897028087	0.07318864625737122	22.785241409462493	0.04820962388120181	NaN	NaN	0.02930104559956915	0.2882636935653427	-0.004988729808535984	NaN	NaN	440.5544733708421	23.041706908483693	96258.38273828125	11.470000267028809	19.093579283290456	92.0470302227868	92.30208054606119	91.79197949409485	0.5101012207178606	0.0002872165460576071	-1	0	1.9702364653089661	47.15884229017253	1.0000695605807834	-461.2571267954432	9.000478598369492	-321.76149593777416	067
DATA	2025-06-23T003000_AIU-0547.ghg	2025-06-23	01:00:00	174.041	0	18000	18000	0.04798704861662342	0	NaN	28.7880872890705	0	NaN	5.622784941542465	0	NaN	4.3500698875491794	0	NaN	0.12755531010529436	0	NaN	NaN	NaN	NaN	NaN	NaN	NaN	NaN	NaN	NaN	NaN	NaN	NaN	-1.0996672059944117e-10	-5.586596239146195e-12	NaN	NaN	17.64968755931255	456.29149739534023	467.1197050314892	0.1	0	896.6501647359478	23.180798239755337	23.730899431525454	0.1	1	NaN	NaN	NaN	NaN	0	NaN	NaN	NaN	NaN	9	298.0717355126275	295.89249911565173	95063.95027213526	1.1096039902825487	1018.3441680555812	0.026068435005676124	0.008265584094823074	0.01602389983696976	2188.0140935856766	2755.044236963421	0.014441097884741244	79.41847409307958	567.0301433777445	292.0941290335917	1.322873166686567	0.8524111152267292	0.3767659993544231	1.6181936666452739	4.361271358475521e-14	-6.230519391909527e-15	1.6181936666452739	3.3563337426294813	299.20374780982036	32.79625219017961	13.463814792804262	NaN	0.20795914110688674	0.32942254421319866	-26.348286769166403	-0.11006408216999032	5.119898340122758	0.1225101877239671	0	69.04609437007606	-10.478011202195972	23.701289868829864	59.019562979119335	90.0085574538203	126.23828163084067	189.1279495097402	0.04752638249737021	1.009692850476863	28.945617022286662	1.0134646655775683	5.164392707540573	1.0887601427623017	3.9954345467795904	1.0887601427623017	0.11715648387134453	1.0887601427623017	NaN	1	NaN	NaN	800000009	800000019	800000009	800000019	800000009	800001019	899999999	899999999	89999	89999	89	89	1	2	0	19	20	0	0	NaN	0	0	0	0	0	0	0	0	0	NaN	NaN	NaN	NaN	0	2566	0	0	0	0	0	0	16015	0	0	0	18000	18000	18000	18000	93	NaN	0.3666121007554749	0.23429074586287804	0.0579422418080444	0.42591753567263313	132.69664100686956	0.05542593794145795	NaN	NaN	0.025616525348335587	0.10660845081797315	0.0031260357547020796	NaN	NaN	456.2899830536983	23.180731898897573	96249.27923394098	11.464477362844681	19.18846309163835	92.01878910403781	92.269901131524	91.76767639838326	0.5022258595402045	0.000287090359664742	-1	0	2.0552564309556174	40.99988391069275	1.0000726600521141	-308.6396203867568	9.0006853401396	-273.1499938964844	104
DATA	2025-06-23T010000_AIU-0547.ghg	2025-06-23	01:30:00	174.062	0	18000	18000	0.12847414315784006	1	NaN	-116.0069771809947	1	NaN	139.14250134841208	0	NaN	104.60949728453353	1	NaN	3.1654121886409343	0	NaN	NaN	NaN	NaN	NaN	NaN	NaN	NaN	NaN	NaN	NaN	NaN	NaN	1.0609469048925454e-10	5.731935057297972e-12	NaN	NaN	16.081439665878644	418.28457548147037	427.95572964595516	0.2	0	868.8254555208672	22.598492074135144	23.120991620005995	0.1	1	NaN	NaN	NaN	NaN	0	NaN	NaN	NaN	NaN	9	300.94126026238337	298.79598893615605	95056.99462781275	1.0989787378890734	1018.0787023933498	0.02632132067311738	0.20511870982393254	0.015471291855395202	2133.292788762505	3279.117592567973	0.01407788096529745	65.05691633619827	1145.824803805468	291.689062553102	0.8809788116379786	-0.5356782683935198	0.29240754458405854	1.0717168683536626	-1.8118362296627293e-13	6.597337843723324e-15	1.0717168683536626	3.7250886443841247	3.3016502485858723	328.6983497514141	15.833350993156182	NaN	0.34191111548014735	0.8194367061414688	29.056589914430937	0.09980524240938944	-0.8337278405719748	-0.3032496079426193	0	71.88104079059325	-10.908225258802743	24.674435236258486	61.44283254033952	93.70419643380308	131.42146784733276	196.8933069622359	0.12728860293423794	1.0093137971214485	-106.98358081280671	1.0166129982265213	123.26405050263018	1.1288165590943573	92.6718309026766	1.1288165590943573	2.804186528925945	1.1288165590943573	NaN	1	NaN	NaN	800000009	800000019	800000009	800000019	800000009	800100019	899999999	899999999	89999	89999	89	89	1	12	9	6	10	1	0	NaN	0	0	0	0	0	0	0	0	0	NaN	NaN	NaN	NaN	0	2576	0	0	0	0	101	0	15517	17997	0	11	18000	18000	18000	18000	93	NaN	0.3051325739649224	1.19210354930857	0.14163728900944497	1.079824168849625	874.911222751006	0.565953151538181	NaN	NaN	-0.09561950418749547	2.495243863874046	0.07550438101097913	NaN	NaN	418.2669062304443	22.59795005406676	96268.11305013021	11.460000038146973	18.777441180547022	91.91905211257932	92.18079829618667	91.65730620998806	0.5234898576190083	0.00028916826824812865	-1	0	1.931162905618473	44.67654771399867	1.0000558606162668	-326.72762114629523	9.000554112602163	-302.94674514771043	010
DATA	2025-06-23T013000_AIU-0547.ghg	2025-06-23	02:00:00	174.083	0	18000	18000	0.1492719859896011	0	NaN	-24.267734357180306	0	NaN	73.49106383341758	0	NaN	15.46758834598981	0	NaN	1.673395115231912	0	NaN	NaN	NaN	NaN	NaN	NaN	NaN	NaN	NaN	NaN	NaN	NaN	NaN	9.379982765987306e-11	5.217794978232408e-12	NaN	NaN	15.135741012594508	396.020276991623	404.9408758631732	0.1	1	841.9545687622514	22.02938602465119	22.525611413929937	0.1	1	NaN	NaN	NaN	NaN	0	NaN	NaN	NaN	NaN	9	301.82584935251873	299.7281453396484	95056.99462781275	1.0957924616659755	1017.7819602148345	0.026398689768618255	0.10843600346702789	0.01503747142169665	2079.948557052185	3464.958300644143	0.01372291920938624	60.028097788810854	1385.0097435919579	291.2853218494278	0.8344641371983087	-1.5921435772167523	0.23299858747303426	1.8126058337396846	-1.9904275543613247e-14	6.19724053033293e-15	1.8126058337396846	7.146599693687043	34.340354128941385	297.6596458710586	7.385431335052713	NaN	0.369083815199127	1.015732447247044	174.70287189804742	0.01659961263654769	-0.3302134040702969	-0.05895507195596495	0	67.20041511793933	-10.197922255008095	23.067727907666473	57.44190411434873	87.60252814075214	122.86379130872892	184.07234809457057	0.1482243574928727	1.0070678565550792	-19.82020689486814	1.0128825355024833	66.54247695015539	1.1044233278010849	14.005126437147878	1.1044233278010849	1.5151754523002101	1.1044233278010849	NaN	1	NaN	NaN	800000009	800000019	800000009	800000019	800001109	800111119	899999999	899999999	89999	89999	89	89	9	13	8	20	64	5	1	NaN	0	0	0	0	0	0	0	0	0	NaN	NaN	NaN	NaN	0	4198	0	0	0	0	101	0	16316	18000	0	21	18000	18000	18000	18000	93	NaN	0.9333868949600476	0.9027757836858522	0.19530221584818788	0.05532037981462556	18.73031125895785	0.10509114411553329	NaN	NaN	-0.017771542571337277	0.37798776392520544	0.04089343882324502	NaN	NaN	396.0144431555403	22.02926924016861	96240.58160134548	11.442286299387613	18.371405657450357	91.84160127724542	92.10910818778144	91.57408847067092	0.5350205702748566	0.00029117055513617937	-1	0	1.8163932550687811	34.12138104469533	1.0000297166208427	-273.1499938964844	9.000425803846783	-273.1499938964844	231
DATA	2025-06-23T020000_AIU-0547.ghg	2025-06-23	02:30:00	174.104	0	18000	18000	0.08463638341967933	0	NaN	-18.60794411151397	0	NaN	67.45763981343683	0	NaN	17.282832147920875	0	NaN	1.5354517096991882	0	NaN	NaN	NaN	NaN	NaN	NaN	NaN	NaN	NaN	NaN	NaN	NaN	NaN	-1.4883706116291927e-10	-8.21927458706936e-12	NaN	NaN	15.234252824412046	398.58115757895786	407.55176699795345	0.1	1	841.2858068704936	22.010969269188976	22.506355979004265	0.1	1	NaN	NaN	NaN	NaN	0	NaN	NaN	NaN	NaN	9	301.4450450269911	299.3517290724966	95260.07679157711	1.0995218967120324	1017.7632180536906	0.026309175771901158	0.0994972707885074	0.015076020490552051	2082.6619304996216	3388.905114020667	0.013711432701463062	61.45530371691961	1306.2431835210455	291.30607627170576	0.9442761330534605	-1.580430978680689	0.243479810802011	1.8570680957078605	-4.531066059117372e-14	-9.769895700064537e-15	1.8570680957078605	6.44287824322052	31.14252102200959	300.8574789779904	7.53372761692296	NaN	0.27744481141351796	0.9105027567254451	96.9264808269503	0.02991958415551654	-0.27584635577195915	-0.05993370854655209	0	55.01410549412779	-8.348602754511267	18.88456216222722	47.025229936217364	71.71644276645385	100.58333069229086	150.69215805964868	0.08402941411230426	1.0072232957207563	-14.56080558131889	1.01343740198324	60.80345745450835	1.10943756551849	15.57801239571677	1.10943756551849	1.3839910937048563	1.10943756551849	NaN	1	NaN	NaN	800000009	800000019	800000009	800000019	800001109	800111119	899999999	899999999	89999	89999	89	89	4	17	10	27	60	8	0	NaN	0	0	0	0	0	0	0	0	0	NaN	NaN	NaN	NaN	0	5319	0	0	0	0	101	0	17109	604	0	16	18000	18000	18000	18000	93	NaN	0.7414890721729619	0.8975232532506108	0.18199318802731745	0.03587582631887467	20.088449630731265	0.12424961164733536	NaN	NaN	-0.013011721796054794	0.41900533989016964	0.037225522993049896	NaN	NaN	398.5723060274314	22.01082713943475	96226.15787717015	11.4399995803833	18.355281689908754	91.85211390071446	92.1216139609019	91.58261665195889	0.5390000212258766	0.00029044935666509744	-1	0	1.6700910088510807	30.845517482934447	1.0000377291440963	-273.1499938964844	9.000483001099692	-273.1499938964844	232
DATA	2025-06-23T023000_AIU-0547.ghg	2025-06-23	03:00:00	174.124	0	18000	18000	0.09206580538298972	1	NaN	-14.22908529745881	1	NaN	69.03209455775618	1	NaN	12.442015753507738	1	NaN	1.5713715785227131	1	NaN	NaN	NaN	NaN	NaN	NaN	NaN	NaN	NaN	NaN	NaN	NaN	NaN	1.5416541558737022e-10	8.535516034987128e-12	NaN	NaN	15.10431767309332	395.20210043752223	404.0428584561709	0.1	0	836.2650287357272	21.88074317766386	22.37022022115064	0.1	1	NaN	NaN	NaN	NaN	0	NaN	NaN	NaN	NaN	9	301.4870792976662	299.40578755349213	95145.13707277902	1.0980500596293787	1017.6913427534266	0.026344631521876525	0.1018248782882718	0.01496665453414328	2067.9282578900243	3399.77297055933	0.013630211485253164	60.82548087173624	1331.8447126693059	291.1930927365091	1.2833831599856678	-1.768466270509297	0.2827507937845204	2.20329146883693	-4.8566507760547147e-14	1.0206711678343402e-14	2.20329146883693	6.533552344523176	26.03145541134353	305.96854458865647	7.3731629688186535	NaN	0.28955969360217726	1.3338570025638052	143.967453482672	0.020143441658840244	-0.2061227518680307	-0.043974474108450644	0	47.22896113104872	-7.167177062134838	16.21217402929334	40.37060562719325	61.56772081362784	86.34960385213729	129.36744152847618	0.0914307547587961	1.0069457003375828	-10.119333542443666	1.0133115700913744	62.21289845305318	1.1096106478602483	11.212956344192154	1.1096106478602483	1.416146809291093	1.1096106478602483	NaN	1	NaN	NaN	800000009	800000019	800000009	800000019	800001109	800011119	899999999	899999999	89999	89999	89	89	2	3	3	72	95	8	0	NaN	0	0	0	0	0	0	0	0	0	NaN	NaN	NaN	NaN	0	3872	0	0	0	0	101	0	16686	0	0	21	18000	18000	18000	18000	93	NaN	0.9692542390524995	1.4081629365224984	0.2902968295526123	0.03474843013581611	10.803078373249395	0.07093933787959089	NaN	NaN	-0.009055526189280844	0.3019642329615685	0.03813674751797726	NaN	NaN	395.19486008781206	21.880649279154596	96217.32616471354	11.4399995803833	18.260132358445066	91.85327272012499	92.12192357911005	91.5846240556505	0.5372641972386175	0.0002907061067671747	-1	0	1.8294078383195522	31.962910525696223	1.000048828015725	-273.1499938964844	9.00055878273646	-273.1499938964844	119
DATA	2025-06-23T030000_AIU-0547.ghg	2025-06-23	03:30:00	174.145	0	18000	18000	0.06487389510266658	1	NaN	-2.0379875711313393	1	NaN	55.070574679835424	1	NaN	13.998590445662096	1	NaN	1.253247004404785	1	NaN	NaN	NaN	NaN	NaN	NaN	NaN	NaN	NaN	NaN	NaN	NaN	NaN	-8.701591277405202e-11	-4.812615879491961e-12	NaN	NaN	15.262060803021269	399.17252251819696	408.18406648620163	0.1	0	844.1034959331572	22.077157605830397	22.57556184267122	0.1	1	NaN	NaN	NaN	NaN	0	NaN	NaN	NaN	NaN	9	301.2415308052731	299.14337378074674	95145.13707277902	1.0989331094663797	1017.7950178355372	0.026323174932201376	0.08121040588543006	0.015113313188781122	2086.3599066739735	3347.4162774792053	0.013752714390523597	62.32747091273395	1261.0563708052318	291.33432370352546	2.087869466233484	-1.3344782270200424	0.3145677509267718	2.4977958115794654	-2.8026363374785607e-14	-5.701452372462466e-15	2.4977958115794654	6.1126897243784	4.585000572062597	327.4149994279374	7.234935221197661	NaN	0.24296815618432116	1.4329993207075744	593.8627411324352	0.004883283289451697	-0.037006833195034124	-0.00749929770008267	0	41.20965175047499	-6.25372364098856	14.145939903515265	35.225390502157296	53.72094310438066	75.3443865441856	112.87962058800552	0.06434813665821021	1.008170530985986	1.2167465470489673	1.0135342524505209	50.19978326059498	1.0970281364354784	12.760466191092467	1.0970281364354784	1.1424018790228128	1.0970281364354784	NaN	1	NaN	NaN	800000009	800000019	800000009	800000019	800011109	800011119	899999999	899999999	89999	89999	89	89	0	0	1	62	81	7	1	NaN	0	0	0	0	0	0	0	0	0	NaN	NaN	NaN	NaN	0	4854	0	0	0	0	101	0	16738	0	0	21	18000	18000	18000	18000	93	NaN	0.974484837847508	1.6041127124529486	0.28740109111469214	0.05033957724448873	40.357413009791884	0.10388712398417653	NaN	NaN	0.0010878488162116614	0.3434267071920675	0.03074584499716044	NaN	NaN	399.1625095216034	22.077036743051735	96200.6325609809	11.44552192899916	18.399361272705928	91.85712676768833	92.12548277748955	91.58877116775513	0.5367140528907383	0.0002905454793589241	-1	0	1.8303722884096365	29.64773373380985	1.000043888118532	-273.1499938964844	9.000585362487369	-273.1499938964844	041
DATA	2025-06-23T033000_AIU-0547.ghg	2025-06-23	04:00:00	174.166	0	18000	18000	0.12301269315414205	0	NaN	-14.18749887634024	2	NaN	76.31081693291165	0	NaN	40.509808217900776	1	NaN	1.7362889319681964	0	NaN	NaN	NaN	NaN	NaN	NaN	NaN	NaN	NaN	NaN	NaN	NaN	NaN	-2.1443463491618887e-10	-1.1790256499324581e-11	NaN	NaN	15.433056019996533	403.4050635283311	412.5557205816517	0.1	0	848.5555009120745	22.180414903517413	22.683545350882746	0.1	1	NaN	NaN	NaN	NaN	0	NaN	NaN	NaN	NaN	9	301.0576713138156	298.9510441848848	95278.66593715022	1.1011411365564145	1017.8487023927714	0.026270240611409715	0.11251152279153913	0.015214595455057931	2098.990338552885	3309.5010082352255	0.013817116580203653	63.42316661423715	1210.5106696823404	291.4304727688028	2.452833466074778	-1.0033429516938486	0.44268462865979963	2.6868306183051995	1.6364321898925745e-14	-1.389450246525037e-14	2.6868306183051995	7.292906802268291	354.2472443115691	337.7527556884309	9.483344902827584	NaN	0.3342361881547976	1.4794303595202902	222.29783509560679	0.013045561144366322	-0.18591727158173554	-0.037872690238451405	0	52.62851964257112	-7.986580897888424	18.065667736835525	44.98606703073281	68.60659067214165	96.22171891206139	144.15766882313804	0.12217450019899163	1.0068606211098488	-9.672826170871264	1.0136858738177963	68.53274036206517	1.1134943171651115	36.38079475882398	1.1134943171651115	1.5593154856763722	1.1134943171651115	NaN	1	NaN	NaN	800000009	800000019	800000009	800000019	800011109	800011119	899999999	899999999	89999	89999	89	89	1	9	1	34	44	6	0	NaN	0	0	0	0	0	0	0	0	0	NaN	NaN	NaN	NaN	0	5653	0	0	0	0	101	0	15119	0	0	16	18000	18000	18000	18000	93	NaN	1.0895874137620365	1.5741923968668499	0.29508090841169377	0.1949421114303658	216.0010429974174	0.1269214776992047	NaN	NaN	-0.008630325355107065	0.9772613122788147	0.04188634986923051	NaN	NaN	403.38882651997596	22.180279749023565	96199.24393185764	11.449999809265137	18.47321529425514	91.86573181059096	92.1332010084788	91.59826120291815	0.5349496042778096	0.00029099603722635147	-1	0	1.8754925479950848	27.80042989326547	1.0000567586322626	-273.1499938964844	9.000585249847836	-273.1499938964844	113
DATA	2025-06-23T040000_AIU-0547.ghg	2025-06-23	04:30:00	174.187	0	18000	18000	0.0936797298080146	0	NaN	-68.03921388849147	1	NaN	125.87008079077296	1	NaN	164.47568434909903	1	NaN	2.8595008186336215	1	NaN	NaN	NaN	NaN	NaN	NaN	NaN	NaN	NaN	NaN	NaN	NaN	NaN	-6.143927636513106e-11	-3.1047040586618103e-12	NaN	NaN	17.23884274632093	449.07845370308337	459.5061325665091	0.2	0	871.128506186486	22.693231111374573	23.220171837324816	0.1	1	NaN	NaN	NaN	NaN	0	NaN	NaN	NaN	NaN	9	299.51047080145923	297.366501007765	95278.66593715022	1.1067978946298749	1018.1008944442182	0.026135232160848322	0.18529565304745865	0.01564677249150857	2147.1666003422215	3011.195804969895	0.01413697348669155	71.30611024359102	864.0292046276736	291.792616007894	1.4100612263360672	-1.2045525430500987	0.34196325174094977	1.8857779181351333	5.690755501090254e-14	-3.5640023677484544e-15	1.8857779181351333	5.1279130975527805	12.50579065233336	319.49420934766664	10.447705940221395	NaN	0.29093009753979876	0.5709153239722928	30.571182064224626	0.09486057797528452	-0.5405511258993262	-0.20754462539902008	0	61.660724030102536	-9.357252760163862	21.166131221359237	52.70665949224094	80.38098131605481	112.73546920630919	168.89827596321447	0.09289355041913135	1.0084632289899143	-60.31030000650203	1.016621937082344	110.75748039821264	1.1364476723217711	144.72789936123849	1.1364476723217711	2.5161746451481037	1.1364476723217711	NaN	1	NaN	NaN	800000009	800000019	800000009	800000019	800000009	800100009	899999999	899999999	89999	89999	89	89	11	8	4	15	15	4	0	NaN	0	0	0	0	0	0	0	0	0	NaN	NaN	NaN	NaN	0	4707	0	0	0	0	101	0	9027	0	0	16	18000	18000	18000	18000	93	NaN	0.3792087618950279	0.6121543487294083	0.15046753732014936	0.5963519681419859	1331.8906462542952	0.39334027514093955	NaN	NaN	-0.053522001452582	3.8697035316008086	0.06727693798796187	NaN	NaN	449.05693299807734	22.692845817062363	96191.16603797743	11.449999809265137	18.833742289225185	91.90656987211439	92.17018896993001	91.64295089382595	0.5272381252530536	0.0002895181312584707	-1	0	1.7110502102039102	34.21090516443078	1.0000600108338726	-273.1499938964844	9.00070251247618	-273.1499938964844	094
DATA	2025-06-23T043000_AIU-0547.ghg	2025-06-23	05:00:00	174.208	0	18000	18000	0.026616650306590033	1	NaN	10.484933577420819	0	NaN	51.075153908263616	1	NaN	29.612550778777734	1	NaN	1.158997799475217	1	NaN	0.04458117488243083	1	NaN	NaN	NaN	NaN	NaN	NaN	NaN	NaN	NaN	NaN	9.992508276509965e-11	5.309749506220714e-12	5.108943613906759e-13	NaN	16.478531752356904	427.30601509808116	437.2337974549596	0.1	0	875.6247522056497	22.705889651408132	23.23342524115811	0.1	1	0.08425100808839905	2.073768604501825	2.1219493523419795	0	0	NaN	NaN	NaN	NaN	9	298.3362676459418	296.1915752825016	95835.80683734662	1.1175522300371736	1018.1789992157221	0.02569537251434798	0.07510305740599406	0.015923495107938005	2176.6209536607835	2808.148882314905	0.01424854667187084	77.51088154081346	631.5279286541218	292.01053103312125	1.8781323279357642	-0.12373054071866688	0.39146208892695245	1.9224809114815755	-4.273737219015798e-14	6.063955470474941e-15	1.9224809114815755	3.3258844915167827	335.7691744394316	356.2308255605684	11.74892572932242	NaN	0.15432730941821005	0.16929612998926039	-29.734286429404	-0.09753050596607601	0.20528442452181092	0.05970778141854731	1	32.31065023616417	14	26	46	73	125	327	0.026381045616128276	1.0089308321546482	13.40963765858531	1.0133005523186431	46.80364536364833	1.09126444129356	27.135998991844446	1.09126444129356	1.062068693543581	1.09126444129356	0.0342053999669041	1.1497498982633316	NaN	NaN	800000009	800000009	800000009	800000019	800000019	800001019	899999999	899999999	89999	89999	89	89	7	14	0	11	5	0	11	NaN	0	0	0	0	0	0	0	0	0	NaN	NaN	NaN	NaN	0	397	0	0	0	0	0	0	16414	0	0	0	18000	18000	18000	18000	93	NaN	0.10249982190737583	0.18733621277970422	0.04875622529144068	0.10399090175167043	423.4652807563694	0.25598358176403907	0.0000010276089045002664	NaN	0.01178487765733981	0.7134740102863018	0.027924470744924903	0.0000342053999669041	NaN	427.29756938214	22.705637570308056	96204.64584765625	11.45218985939026	18.846877755376962	92.00491161219279	92.26507493993971	91.7447504242791	0.5203308549771706	0.0002880104122353563	-1	0	2.0379217844118025	55.52702964646979	1.000073777228594	-403.4804993692863	9.000616735696793	-322.36712096319593	092
DATA	2025-06-23T050000_AIU-0547.ghg	2025-06-23	05:30:00	174.229	1	18000	18000	0.024154931619896222	1	NaN	0.4337188887638597	2	NaN	25.88692376149994	1	NaN	16.263792707395726	1	NaN	0.5872376821680526	1	NaN	0.04596093309433873	1	NaN	NaN	NaN	NaN	NaN	NaN	NaN	NaN	NaN	NaN	-1.3672072849700098e-10	-7.330943715813715e-12	-7.228172378239078e-13	NaN	16.240198311113648	420.26402801315777	429.952795120038	0.2	0	870.796850347668	22.534490336724613	23.054000487943007	0.1	1	0.08585892873741639	2.1099716475238273	2.1586149349153874	0.9	0	NaN	NaN	NaN	NaN	9	297.96072824350995	295.8601792200801	95862.13519677745	1.119184532812715	1018.0745500684872	0.02565957377213141	0.038053001804489804	0.015825341700195263	2160.783811201296	2752.351527421504	0.014140064695518343	78.50682551532911	591.5677162202082	291.89368521996806	1.5189310815416988	-0.14947662411644413	0.40093757614173514	1.5780512766045105	2.5636531072226326e-14	-8.418661267420542e-15	1.5780512766045105	2.791607979158306	337.6203290128909	354.37967098710914	14.718563674142068	NaN	0.14691023600508082	0.14755546760036223	-620.1713442739244	-0.004676127052266856	0.016754361884006613	0.002591045260810952	1	25.579525976566487	11	22	42	72	138	454	0.023919995978649758	1.0098217257835729	1.946019220969124	1.0135081354286752	23.782881485691973	1.0884687701561218	14.941901093830161	1.0884687701561218	0.5395080669919667	1.0884687701561218	0.04003160368118883	1.1483752769004716	NaN	NaN	800000009	800000009	800000009	800000019	800000019	800000019	899999999	899999999	89999	89999	89	89	11	3	2	2	1	0	0	NaN	0	0	0	0	0	0	0	0	0	NaN	NaN	NaN	NaN	0	188	0	0	0	0	0	0	14624	0	0	0	18000	18000	18000	18000	93	NaN	0.06633541971688399	0.19035809476799048	0.03841742071584996	0.11359979964207093	90.61265329607002	0.0681562800293894	6.81718431131499e-7	NaN	0.0017079133959406832	0.392244207695408	0.014162783768521075	0.000040031603681188836	NaN	420.2619248292805	22.534413042952806	96237.65655664062	11.460000038146973	18.733559852388144	92.04125092188518	92.2992572171953	91.7832451939053	0.5160110779470861	0.00028753263934534816	-1	0	2.0904113584823065	58.604149675363715	1.000067850664258	-468.20162708705175	9.00047003112899	-319.74274585298366	235
DATA	2025-06-23T053000_AIU-0547.ghg	2025-06-23	06:00:00	174.249	1	18000	18000	0.024053517956332173	1	NaN	30.541659840629897	0	NaN	7.113392436755053	0	NaN	9.57836339276936	1	NaN	0.16127340904729526	0	NaN	-0.008293852296726766	1	NaN	NaN	NaN	NaN	NaN	NaN	NaN	NaN	NaN	NaN	-1.3818316427184407e-10	-7.395332346925284e-12	-7.328414560452467e-13	NaN	16.571700925832737	428.00606771500685	438.03988397104206	0.2	0	886.8897781157102	22.906170472592287	23.44316357383133	0.1	1	0.08788646214340708	2.1542862147998254	2.2047894989182275	0.4	0	NaN	NaN	NaN	NaN	9	297.4049129774306	295.27183454093745	95903.53290764583	1.1217398152887166	1018.2757267887807	0.025597493209529507	0.010450516906264732	0.016125375856522288	2197.3719374037655	2655.674411745973	0.014375326289342679	82.74252023082542	458.30247434220746	292.16250791291344	1.5226686571207748	0.4015982335274414	0.41587606161995894	1.6287276872388938	-5.213254243865812e-14	-8.338502178520356e-15	1.6287276872388938	3.239851338571002	317.22491176754136	14.77508823245863	14.79361384294004	NaN	0.1464344411388493	0.19831755931215744	-8.724871788928333	-0.3323831077586762	4.293543497308047	0.18259625890699785	1	23.507715000198207	10	19	31	48	78	184	0.023823375666353494	1.0096603559966406	30.77404785966353	1.0134542086936673	6.533027149965195	1.0888355847094482	8.796886809430747	1.0888355847094482	0.14811548346882003	1.0888355847094482	-0.01746338441938405	1.1485303344664832	NaN	NaN	800000009	800000009	800000009	800000019	800000019	800000019	899999999	899999999	89999	89999	89	89	1	4	0	29	9	0	1	NaN	0	0	0	0	0	0	0	0	0	NaN	NaN	NaN	NaN	0	67	0	0	0	0	0	0	16812	0	0	0	18000	18000	18000	18000	93	NaN	0.1922428608143178	0.1674976830529682	0.03689457475702887	0.07250943628554067	34.692465072395706	0.04156386698375381	4.821629568266918e-7	NaN	0.026941830430590234	0.23045859013737788	0.003880291543725028	-0.00001746338441938405	NaN	428.0056369127411	22.90611765719671	96278.13001171875	11.460000038146973	19.002396723111467	92.04936279381646	92.29995329623753	91.79876914045546	0.5011851022442164	0.00028704824190612673	-1	0	2.1350187916490775	44.97445085163926	1.000076252758503	-291.3591196611166	9.000701657957501	-273.1499938964844	007
DATA	2025-06-23T060000_AIU-0547.ghg	2025-06-23	06:30:00	174.27	1	18000	18000	0.09382225799531353	1	NaN	11.8032043789808	1	NaN	-1.9843552661223964	2	NaN	6.264482948603931	1	NaN	-0.04498305802305402	2	NaN	-0.006083845763151044	1	NaN	NaN	NaN	NaN	NaN	NaN	NaN	NaN	NaN	NaN	9.03701813963928e-11	4.828094251020443e-12	4.725169447131574e-13	NaN	16.556523131306943	427.0289278319225	436.99876560813334	0.1	1	884.544579992851	22.814338530994963	23.34698453996769	0.1	1	0.08656879519542653	2.1205415679972255	2.1700498192016155	0	0	NaN	NaN	NaN	NaN	9	297.23091064368356	295.1375847027174	95942.32146782661	1.1227432876310128	1018.2207544055852	0.025575510803553397	-0.0029149021598939007	0.01607453280328556	2189.4477401018776	2634.034911682944	0.014317193414001884	83.1214396738193	444.5871715810663	292.10462147078465	0.8174149455358958	0.07011100886078042	0.3322056843628227	0.8851233605954059	-2.1701205305579978e-14	5.458282556046484e-15	0.8851233605954059	2.51087473810106	327.09764617639195	4.902353823608083	22.04417490140509	NaN	0.28907644601678656	0.28722107454862733	-173.73100676736266	-0.016692472195727802	-5.948130650034907	0.03571616397559044	0	100.63591489067761	-15.271888340504823	34.54505300842281	86.02206643314149	131.18907897679753	183.99454859900828	275.6573619978618	0.09251087645142039	1.0141754309784512	11.589032622015285	1.015800387434026	-1.8270647720659061	1.0860891723497237	5.76792689595726	1.0860891723497237	-0.04141746291948978	1.0860891723497237	-0.009000608391991146	1.1491064413276013	NaN	NaN	800000009	800000009	800000009	800000019	800000019	800000019	899999999	899999999	89999	89999	89	89	6	1	3	18	3	0	2	NaN	0	0	0	0	0	0	0	0	0	NaN	NaN	NaN	NaN	0	30	0	0	0	0	101	0	16614	0	0	11	18000	18000	18000	18000	93	NaN	0.24309968935891296	0.2876878637393064	0.04365459599903529	0.05998206596605506	7.831202538562363	0.02603512684408781	2.3629596072382782e-7	NaN	0.010137357748076175	0.15096271497388505	-0.0010840103840495554	-0.000009000608391991146	NaN	427.0283844869026	22.814300248871792	96322.96904296875	11.460000038146973	18.9456211297777	92.06166659037272	92.30999663882785	91.81334023157756	0.4966584713343118	0.0002865346177956477	-1	0	2.100563274509156	58.87122802871134	1.0000893331203196	-273.1499938964844	9.00085833258099	-273.1499938964844	035
DATA	2025-06-23T063000_AIU-0547.ghg	2025-06-23	07:00:00	174.291	1	18000	18000	0.005153465736139526	1	NaN	14.465392457564185	0	NaN	4.090439521547942	1	NaN	-1.856878797492866	0	NaN	0.09272802839163244	1	NaN	-0.021469370493493685	1	NaN	NaN	NaN	NaN	NaN	NaN	NaN	NaN	NaN	NaN	-9.682150056701627e-11	-5.169754405728463e-12	-5.017234765201628e-13	NaN	16.470438846643113	424.68388669752704	434.5373986171395	0.2	0	879.4340440197792	22.67586622226306	23.201991477087585	0.1	1	0.08534887178525766	2.0907494721126816	2.1392590235453652	0.1	0	NaN	NaN	NaN	NaN	9	297.1753359400431	295.1649401506221	95969.89655573145	1.1230212052424624	1018.1421452036958	0.02557053201560126	0.006008776239777781	0.01598007879058173	2176.784278418906	2638.4317451465054	0.014229543232116976	82.5029596624276	461.6474667275993	292.01173214824934	0.5912864516987937	-0.19007984071960102	0.27539274352517207	0.6794050169058613	9.092625300493808e-15	-5.878501566869284e-15	0.6794050169058613	1.62245216968169	349.8209511618751	342.1790488381249	23.91268540824138	NaN	0.0677416417924653	0.04896745966537467	-1.8245450619839543	-1.5894373125795145	3.5363907426970242	0.1867575340807074	1	12.712526150182264	6	10	16	24	38	85	0.00506628819709479	1.0172073785882785	14.55679176381375	1.017686477503306	3.7622314329729933	1.0872376126833834	-1.7078868278939972	1.0872376126833834	0.08528773040032414	1.0872376126833834	-0.024055939339725274	1.151340536613839	NaN	NaN	800000009	800000009	800000009	800000019	800000019	800010019	899999999	899999999	89999	89999	89	89	8	8	0	44	0	0	0	NaN	0	0	0	0	0	0	0	0	0	NaN	NaN	NaN	NaN	0	17	0	0	0	0	0	0	17406	0	0	0	18000	18000	18000	18000	93	NaN	0.026816632738500375	0.04890649330072833	0.022211793291520635	0.030145697341673584	22.348835902558275	0.02965756914925748	3.3332142675370946e-7	NaN	0.012731198733152408	-0.04468512042453349	0.002231466653076249	-0.000024055939339725275	NaN	424.68365034774644	22.675823655047147	96350.91739713542	11.460000038146973	18.85297060203554	92.06624821726481	92.31698229895697	91.8155109714932	0.5014655522853133	0.00028639841291199745	-1	0	2.071133301012386	70.86219373099455	1.0000728259831666	-398.0702491421098	9.00058939994706	-339.32462167526506	194
DATA	2025-06-23T070000_AIU-0547.ghg	2025-06-23	07:30:00	174.312	1	18000	18000	0.012677358129359044	1	NaN	22.07305748063816	1	NaN	15.970229516547713	1	NaN	3.1592321799123844	1	NaN	0.36212022952378636	1	NaN	0.012315457357531175	2	NaN	NaN	NaN	NaN	NaN	NaN	NaN	NaN	NaN	NaN	-5.0975278388603276e-11	-2.750188605830873e-12	-2.635136919807718e-13	NaN	16.296194515742283	420.28417229808036	430.0351890327869	0.1	1	879.2028193340484	22.67492750218427	23.201008692258785	0.1	1	0.08424221539985037	2.0658089122840697	2.1137377628145178	0	1	NaN	NaN	NaN	NaN	9	297.40937853156197	295.404123069428	96011.95157725704	1.122604040228627	1018.146351743451	0.025580043305577286	0.023465390873141354	0.015973475717345736	2177.648015740507	2677.1495732833514	0.01422894907281165	81.34203772073005	499.50155754284424	292.01808289039	0.671956007881297	-0.3105074195467221	0.24880294800102667	0.7809242223515304	-1.3283709803945809e-14	-3.128047983187772e-15	0.7809242223515304	1.6305728190413302	356.8014161264475	335.1985838735524	18.578317918800238	NaN	0.10626765058665077	0.051115483133820604	-4.617386266354564	-0.6280609489250194	1.3821377743987298	0.18172915399164202	1	11.260689004957248	5	9	15	23	37	85	0.012483644189275807	1.0155174192043737	22.80511885116216	1.016624055482601	14.699031525406559	1.086481751463962	2.907763683702491	1.086481751463962	0.3332961911563203	1.086481751463962	0.003650261933039808	1.1500281935624541	NaN	NaN	800000009	800000009	800000009	800000019	800000019	810010019	899999999	899999999	89999	89999	89	89	5	0	0	30	6	0	0	NaN	0	0	0	0	0	0	0	0	0	NaN	NaN	NaN	NaN	0	106	0	0	0	0	0	0	17703	0	0	0	18000	18000	18000	18000	93	NaN	0.02625968228726617	0.057039071601396235	0.018932212378978807	0.09320026699521988	12.703111162068753	0.062396360256742785	1.516495422130874e-7	NaN	0.019952417770148168	0.0761069023504239	0.008723590853092735	0.000003650261933039808	NaN	420.28256174211805	22.674855342288296	96394.26411328126	11.455619937896728	18.858966507593802	92.05724240472583	92.31028465334575	91.80420592477586	0.5060774776372646	0.00028708589564646695	-1	0	2.0460803028118826	70.34112435275628	1.0000620811912748	-524.161379436924	9.000466056126136	-431.5411255476301	166
DATA	2025-06-23T073000_AIU-0547.ghg	2025-06-23	08:00:00	174.333	1	18000	18000	0.010271253332372879	1	NaN	12.907166614710047	1	NaN	12.151187006603418	1	NaN	-9.12750909145368	2	NaN	0.275833505535049	1	NaN	-0.026411817090239997	1	NaN	NaN	NaN	NaN	NaN	NaN	NaN	NaN	NaN	NaN	-1.0417578144929393e-10	-5.511818403540751e-12	-5.14085043597059e-13	NaN	16.978587768925344	438.8587082974835	449.29102093196263	0.1	1	898.3171638260736	23.21949949687261	23.77146092178595	0.1	1	0.08378567371393245	2.0658446264300525	2.1149527712377156	0	0	NaN	NaN	NaN	NaN	9	298.3755516018338	296.560702381558	96041.6824891493	1.118339853688216	1018.4806332909367	0.02567224579680635	0.017874011158671172	0.01629835548531418	2230.637982804566	2871.459706149796	0.014573705328986719	77.68306753625049	640.8217233452301	292.4035377490961	0.31175225193507466	-0.4409884558337319	0.21955702853118939	0.5829799083524712	1.4604279907146523e-14	-6.135715341411325e-15	0.5829799083524712	1.2860016507056173	26.74199239507294	305.25800760492706	22.123958077296354	NaN	0.09583514835639675	0.03931398213394795	-5.793584766702557	-0.5005536497311918	1.062214465771599	0.11824411079428696	1	9.025524262702367	4	7	12	19	30	72	0.010076478621433262	1.0193296406668615	13.473857153194917	1.019043973565967	11.163841659183007	1.0884413607396746	-8.385852854076473	1.0884413607396746	0.25342063935130155	1.0884413607396746	-0.02839696034479032	1.1531335552281958	NaN	NaN	800000009	800000009	800000009	800000009	800000009	800000009	899999999	899999999	89999	89999	89	89	5	3	0	8	11	0	0	NaN	0	0	0	0	0	0	0	0	0	NaN	NaN	NaN	NaN	0	0	0	0	0	0	0	0	17802	0	0	0	18000	18000	18000	18000	93	NaN	0.02697122727869664	0.036643009559792834	0.015013727429406418	0.07429002827009872	392.8360788286854	0.04028597921507525	7.724472365802818e-7	NaN	0.011829472028209146	-0.220402688554488	0.006660573613698991	-0.00002839696034479032	NaN	438.8526483749084	23.219447720931008	96432.1504967448	11.4399995803833	19.24602593390146	91.99786225509644	92.25418459828694	91.7415379884508	0.5126451177688099	0.0002871892276291166	-1	0	2.046043389161428	66.9261822923901	1.0000782879855898	-287.1601194847991	9.000733092519972	-273.1499938964844	159
DATA	2025-06-23T080000_AIU-0547.ghg	2025-06-23	08:30:00	174.354	1	18000	18000	0.0105668242493256	1	NaN	15.30310289085279	1	NaN	5.867889730472577	1	NaN	-4.247763497138624	2	NaN	0.133499787795807	1	NaN	-0.003697233790165651	1	NaN	NaN	NaN	NaN	NaN	NaN	NaN	NaN	NaN	NaN	4.223199141233709e-11	2.347741017498311e-12	2.1238694401728634e-13	NaN	16.389305513693497	426.81798133047755	437.19142540593117	0.1	1	911.1065691202298	23.72746461306257	24.304140240571645	0.1	1	0.08242269417591724	2.053958421046724	2.1038781145601466	0	0	NaN	NaN	NaN	NaN	9	298.9154832848442	298.8627426390767	96063.00785438601	1.1097569723725267	1018.8192151802012	0.025865782238129617	0.008650786249168294	0.016530291476087564	2279.943026067516	3295.1535015279724	0.01489541574201403	69.19079869906818	1015.2104754604566	292.7550454896335	-0.10019565237444274	-0.3982983281083635	0.18363717818619765	0.44989258733707416	-1.8210964335969775e-14	2.5768017672897525e-15	0.44989258733707416	0.9445261846815236	76.12029901545804	255.87970098454193	24.090559468396616	NaN	0.09757943540141412	0.0414509340692554	-5.159745250125347	-0.5620432520248068	2.6079397524091403	0.13870630022548402	1	5.674058718293345	3	5	8	12	20	47	0.010322776984469881	1.0236416291103525	15.435583056620915	1.021844509477625	5.376735289479112	1.0913480791874814	-3.892216954558734	1.0913480791874814	0.12232558094132424	1.0913480791874814	-0.008125430126904485	1.1570389014294424	NaN	NaN	800000009	800000009	800000009	800000019	800000019	800010019	899999999	899999999	89999	89999	89	89	0	1	2	11	0	0	0	NaN	0	0	0	0	0	0	0	0	0	NaN	NaN	NaN	NaN	0	1	0	0	0	0	0	0	11192	0	0	0	18000	18000	18000	18000	93	NaN	0.02805024770821052	0.047627905336843565	0.00722371509345672	0.13096668888294385	326.3948265883171	0.1116369642033646	2.611192304876731e-7	NaN	0.013652055005019823	-0.10312273351976384	0.0032409674058091168	-0.000008125430126904484	NaN	426.81703778532835	23.727345896479868	96473.5507016059	11.4399995803833	19.600113972663895	91.85297328779433	92.11891742833456	91.58702920744153	0.5318888643864128	0.000289395733689566	-1	0	2.0339572624829083	70.56843547318526	1.0000444278220335	-273.1499938964844	9.000520679103003	-273.1499938964844	060
DATA	2025-06-23T083000_AIU-0547.ghg	2025-06-23	09:00:00	174.374	1	18000	18000	0.02854790214641389	1	NaN	72.99787072550735	1	NaN	-54.92138754306211	1	NaN	-7.224096400438424	1	NaN	-1.2506531015069127	1	NaN	-0.0069647657079659015	1	NaN	NaN	NaN	NaN	NaN	NaN	NaN	NaN	NaN	NaN	8.336563246250287e-11	4.9107822558213166e-12	4.430858423950132e-13	NaN	15.381536096073246	403.2556438761879	413.06782256047507	0.1	1	906.07330978802	23.754400968501084	24.332402616787252	0.1	1	0.08175240416395085	2.0459140057447467	2.095696009051852	0.6	0	NaN	NaN	NaN	NaN	9	300.10032589043516	299.8024942798743	96095.67250285606	1.1066431604263705	1018.8556962090181	0.02593829537296587	-0.08104232097764794	0.016502792748391185	2283.3074447765166	3483.1899352158453	0.014912478871719538	65.55219460448474	1199.8824904393286	292.77878765701934	-0.008948692868073286	-0.382342888708966	0.18949771192203496	0.42682027420690916	-3.031102787232476e-15	5.419850913575875e-15	0.42682027420690916	1.9686901977457145	63.34075657795097	268.65924342204903	26.357805263377923	NaN	0.16061396284311075	0.10672980725876008	-4.824908310398502	-0.6010476911550846	-1.3291337672099426	0.40309425886477784	1	2.131466794011175	1	2	3	5	8	19	0.027861384146876052	1.0246404843319608	68.69612706635061	1.0224981274799547	-50.29093531310134	1.0920732971286473	-6.6150288807834645	1.0920732971286473	-1.1452098543158358	1.0920732971286473	-0.024036607237828057	1.15797443611748	NaN	NaN	800000009	800000009	800000009	800000019	800100019	801101019	899999999	899999999	89999	89999	89	89	0	4	0	2	2	0	1	NaN	0	0	0	0	0	0	0	0	0	NaN	NaN	NaN	NaN	0	1	0	0	0	0	0	0	5319	0	0	0	18000	18000	18000	18000	93	NaN	0.09210691168374514	0.0951653377652659	0.026187365068509116	0.6183833756324695	120.30034656829248	0.39509000451362913	2.744973010216952e-7	NaN	0.06092730538594368	-0.17575873642032896	-0.03042777901021367	-0.000024036607237828056	NaN	403.2498181441259	23.754018105787175	96491.99201736112	11.4399995803833	19.618018243789642	91.75750850084094	92.02916163550483	91.485855131997	0.5433048417485422	0.00029133979589581323	-1	0	2.025994992587302	69.54936667346955	1.000029253128502	-273.1499938964844	9.000366314225726	-273.1499938964844	074
DATA	2025-06-23T113000_AIU-0547.ghg	2025-06-23	12:00:00	174.499	1	18000	18000	0.027650875739815232	2	NaN	2.7791245240494376	1	NaN	114.80044347828401	1	NaN	-0.06218008286969488	2	NaN	2.6213026747797366	1	NaN	0.00479646102648573	1	NaN	NaN	NaN	NaN	NaN	NaN	NaN	NaN	NaN	NaN	-4.19096461744257e-11	-2.406130521962402e-12	-2.2848581973209707e-13	NaN	14.879027545600987	393.9373016359962	403.05309676170276	0.1	1	854.2396699220153	22.616859165570578	23.14021822216178	0.3	0	0.0811184802521106	2.054886855030466	2.102437385277723	0	0	NaN	NaN	NaN	NaN	9	304.624835357666	302.588374342634	96084.14112328089	1.0967987548561862	1018.2772449596229	0.026182465856221387	0.1698604133257269	0.015565982645967688	2173.70440466478	4096.638209495986	0.014192195767042717	53.0606876542367	1922.933804831206	291.98906897191995	2.353487035198843	0.657784759575714	0.31112423109372106	2.463408269441502	-6.317041245857064e-14	-2.816692559105878e-15	2.463408269441502	8.006288876788531	316.3846578770058	15.615342122994207	7.255736076491917	NaN	0.15877823534215896	1.072121761360664	-122.41055808489348	-0.023690766918886264	0.024208308259498535	0.01567198647200825	1	43.080448909353365	19	36	67	111	205	616	0.027426012841816873	1.0081988912969335	9.625800676621381	1.013506104951869	104.68265210074732	1.0966520352178244	-0.05669992018693902	1.0966520352178244	2.390277490579841	1.0966520352178244	-0.0034499671474944402	1.1530444334861414	NaN	NaN	800000009	800000019	800000009	800000019	800001019	800001019	899999999	899999999	89999	89999	89	89	4	9	5	5	10	5	0	NaN	0	0	0	0	0	0	0	0	0	NaN	NaN	NaN	NaN	0	1248	0	0	0	0	101	0	3716	0	0	11	18000	18000	18000	18000	93	NaN	1.0795921417028445	0.8940265090491655	0.17062487196931803	0.039278800021300124	1.3997509041968537	0.7463172920981516	7.978333289951876e-8	NaN	0.008618741928397221	-0.0015189058181152158	0.06403194881723799	-0.00000344996714749444	NaN	393.936949930785	22.61607669966604	96504.44455555556	0	18.827269102626392	96.44537357732983	96.45819260194568	96.43255166223312	0.025641893039197703	0.00029410308302936364	-1	0	2.0365305041702566	39.524367192252974	1.0000306788401472	-273.3518689049614	9.000375166442659	-273.1499938964844	094
DATA	2025-06-23T120000_AIU-0547.ghg	2025-06-23	12:30:00	174.52	1	18000	18000	0.06166580733315018	1	NaN	0.6975731419644635	0	NaN	115.31378678186569	0	NaN	0.21601980124609832	0	NaN	2.6344195318678874	0	NaN	0.021020075524571018	0	NaN	NaN	NaN	NaN	NaN	NaN	NaN	NaN	NaN	NaN	-7.182466912941069e-12	-4.0365639149546003e-13	-3.9403476004867966e-14	NaN	14.735678391146456	391.03282735326104	399.8193126326436	0.1	1	828.1487179412792	21.976140225761405	22.46994284048883	0.3	0	0.080840880569157	2.0523745172194263	2.0984912553086223	0.8	0	NaN	NaN	NaN	NaN	9	305.0952094684177	303.13154692709065	96074.55790299173	1.0949917487213137	1017.9289151823426	0.026232082001319854	0.1707103856650391	0.015096401941465191	2111.914303343084	4226.611238660355	0.013786772328735946	49.967081997644655	2114.6969353172713	291.5283325135625	1.9868746691142773	0.553931840359941	0.26175479235547316	2.079189026003528	-6.8583663150234285e-15	-4.874201731531048e-16	2.079189026003528	6.182361140307065	316.42176574847986	15.578234251520184	7.232312992631525	NaN	0.23731040885268018	1.0015291346971786	-1627.9504425168566	-0.0017813810078373881	0.006049347276089664	0.002637209708093658	0	49.280659904438416	-7.478530266501253	16.916455825320703	42.12436688009237	64.24231737998502	90.1007635656557	134.98736233012275	0.06113677048487801	1.0086533332408034	7.623039756521537	1.0133066369555974	105.52899035624394	1.0927214066257085	0.19768973128581888	1.0927214066257085	2.4108794024662674	1.0927214066257085	0.011698318625053947	1.1505860850577012	NaN	NaN	800000009	800000019	800000009	800000019	800000019	800000119	899999999	899999999	89999	89999	89	89	3	2	1	10	11	14	4	NaN	0	0	0	0	0	0	0	0	0	NaN	NaN	NaN	NaN	0	1562	0	0	0	0	101	0	3120	0	0	16	18000	18000	18000	18000	93	NaN	1.1230580536398063	0.7046810698997641	0.17531914585478672	0.025687940345044385	0.9360787917819602	0.3353180751145106	1.2192263119763773e-7	NaN	0.006839114695189265	0.005302370128139959	0.06466382873323302	0.000011698318625053947	NaN	391.03315183227414	21.975765996001293	96473.12754644097	4.4399909482536275	18.368147049956843	96.56013810560438	96.57909975920782	96.54117748218113	0.03793331122149986	0.00029556922131127473	-1	0	2.042717606184483	43.40088576654212	1.0000112642314698	-273.1499938964844	9.000204550186792	-273.1499938964844	005
DATA	2025-06-23T123000_AIU-0547.ghg	2025-06-23	13:00:00	174.541	1	18000	18000	0.05022287013147728	1	NaN	8.33177191557632	0	NaN	67.7723878439447	0	NaN	-0.05028376383303694	2	NaN	1.5486022240125332	0	NaN	NaN	NaN	NaN	NaN	NaN	NaN	NaN	NaN	NaN	NaN	NaN	NaN	3.5145068049607546e-10	1.9994923510807637e-11	NaN	NaN	14.632602403736582	389.0657604364344	397.87264807626036	0.1	1	832.4859847014582	22.134941123517283	22.635987371252643	0.4	0	NaN	NaN	NaN	NaN	0	NaN	NaN	NaN	NaN	9	305.46140643141007	303.3283213977415	95061.63166747757	1.0827969696490771	1017.93326890467	0.026715364427513735	0.10034942411601215	0.014930421292295696	2089.9460211713326	4270.8690988369435	0.013788754227059285	48.93491167267274	2180.923077665611	291.36167475601553	1.2858671405879343	0.27476990846564386	0.21552706759591286	1.3324431405159263	9.090545412808545e-14	2.4018330492348304e-14	1.3324431405159263	4.775837704030244	319.938180367946	12.061819632053975	9.30867836692827	NaN	0.21536605269180717	0.992141955002959	-101.1140030919686	-0.028680498361461318	0.12293755879992568	0.035098922482759407	0	54.271438348756824	-8.23590014997304	18.629628563895807	46.39040923044634	70.7483011353733	99.22549828901528	148.65787769008244	0.04968564405479583	1.0108125010131492	12.375603206380779	1.0139249158863664	62.3501890604836	1.0869636301856473	-0.046260760191625505	1.0869636301856473	1.4247047288491523	1.0869636301856473	NaN	1	NaN	NaN	800000009	800000019	800000009	800000019	800000019	800001119	899999999	899999999	89999	89999	89	89	3	12	0	9	15	23	4	NaN	0	0	0	0	0	0	0	0	0	NaN	NaN	NaN	NaN	0	2251	0	0	0	0	101	0	805	0	0	16	18000	18000	18000	18000	94	NaN	1.3132013279247459	0.5576303029530474	0.11345227912812478	0.03386045517722829	0.3191596353656033	0.3333127980567345	NaN	NaN	0.011227938782666159	-0.0012636547297863762	0.038917105160004684	NaN	NaN	389.06531082528056	22.13441063695867	96461.13071028645	11.4399995803833	18.48096674341625	96.62914424133301	96.64885580486721	96.6094298769633	0.03942568522391636	0.000295379720127029	-1	0	2.075330560832941	47.27705551101713	1.0000217163016398	-273.1499938964844	9.000250736342537	-273.1499938964844	169
DATA	2025-06-23T133000_AIU-0547.ghg	2025-06-23	14:00:00	174.583	1	18000	18000	0.11526704469874353	1	NaN	20.406069258925875	1	NaN	65.59376601474108	1	NaN	-0.9147211330812324	2	NaN	1.5000522110612236	1	NaN	-0.0011611080249013864	1	NaN	NaN	NaN	NaN	NaN	NaN	NaN	NaN	NaN	NaN	2.3164239031909269e-10	1.3475912477828891e-11	1.2890300235550623e-12	NaN	14.503073600237597	387.3910900039495	396.32288869886077	0.1	1	843.7235957852386	22.5366713596448	23.05628323774883	0.2	0	0.08070585560260549	2.0591691965166086	2.106645984745943	0	1	NaN	NaN	NaN	NaN	9	305.8890120654636	304.16966265614826	96024.73238997397	1.090455545977639	1018.2741832497843	0.026335575350036153	0.09720338327676728	0.015420617148525124	2164.6583272416156	4485.017579452111	0.014141445018466934	48.264210538636284	2320.3592522104955	291.9223404563419	0.8477289620330651	0.3106115592209109	0.1622899841631498	0.9173123637840583	-2.4684510628095146e-14	1.5971951649979752e-14	0.9173123637840583	5.3406666243108685	311.8769473484429	20.123052651557078	10.190351311108014	NaN	0.3251236758708849	0.8654727544964583	-143.07395928819253	-0.020269237074501848	0.3110976926426203	0.05652467333888431	0	81.61931500057072	-12.38604594066918	28.017269642441164	69.76696286642485	106.39902040214751	149.22613896643193	223.5679487345131	0.1136955708697962	1.0138217682265476	24.22139513396344	1.0155874723866565	60.39780371852902	1.0860289940413514	-0.8422621662036434	1.0860289940413514	1.3812266700902718	1.0860289940413514	-0.010977110665682683	1.1488894453428127	NaN	NaN	800000009	800000009	800000009	800000009	800011019	800011019	899999999	899999999	89999	89999	89	89	16	27	1	52	2	11	8	NaN	0	0	0	0	0	0	0	0	0	NaN	NaN	NaN	NaN	0	0	0	0	0	0	0	0	403	0	0	0	18000	18000	18000	18000	100	NaN	1.3013124536221592	0.3364146033556023	0.09321845201515509	0.08350761118297999	1.6637948194154475	0.5821809437908247	4.829225054673876e-8	NaN	0.02181355533522638	-0.022693021085282063	0.03721431070469574	-0.000010977110665682683	NaN	387.3870485210942	22.535980067076633	96424.34435373262	0	18.76021090385644	96.92775780402289	96.93945328903199	96.91606276957194	0.023390961222169576	0.0002966324963134766	-1	0	2.0404472846425237	84.47902630564033	1.0000090820607213	-273.1499938964844	9.000167717284626	-273.1499938964844	031
DATA	2025-06-23T140000_AIU-0547.ghg	2025-06-23	14:30:00	174.604	1	18000	18000	0.16393220225865224	1	NaN	49.23659028608249	1	NaN	57.682553758132784	1	NaN	-0.2729887413774694	1	NaN	1.319443443107923	1	NaN	0.051965481413685094	2	NaN	NaN	NaN	NaN	NaN	NaN	NaN	NaN	NaN	NaN	6.860775625211373e-10	4.061791883136429e-11	3.7958057963349895e-12	NaN	14.467546340762082	387.48484878182165	396.58257374911835	0	0	856.5235988751215	22.940304414515236	23.478917939367754	0.4	0	0.08004342257923334	2.0448929599271493	2.0929048339280696	0	1	NaN	NaN	NaN	NaN	9	306.2131918614706	304.4112652777509	95998.69895141947	1.0891269982745964	1018.5092161282286	0.026363641248929637	0.0854999351133934	0.01568009095288437	2202.8301047433197	4547.0887234292795	0.014396935323176171	48.44484545447819	2344.25861868596	292.20227359806313	0.8471993277407532	0.2677429635807339	0.18875382636499685	0.9083286863457982	7.850347966474482e-14	4.742183272557591e-14	0.9083286863457982	3.759824302609212	314.4617436120999	17.538256387900095	11.993659240771537	NaN	0.38796529202390057	0.7224257953255132	-100.74282108138651	-0.028786170258793865	0.8535785446070081	0.11440673931476145	0	94.8627258131385	-14.395784624882253	32.56330401823491	81.08723124136483	123.66314393994696	173.43931770104848	259.8437026978188	0.16168192637313403	1.0139179185701002	52.344708247147004	1.0156451694709299	53.1125552288874	1.0860436578423138	-0.2513607435633177	1.0860436578423138	1.21490828990182	1.0860436578423138	0.028941326515864223	1.1489472258671152	NaN	NaN	800000009	800000009	800000009	800000019	800011019	800011119	899999999	899999999	89999	89999	89	89	3	0	1	27	28	21	8	NaN	0	0	0	0	0	0	0	0	0	NaN	NaN	NaN	NaN	0	71	0	0	0	0	0	0	202	0	0	0	18000	18000	18000	18000	100	NaN	0.9512534527503055	0.4024529366793407	0.0911452012213802	0.17528113488598923	0.2558792124186871	0.3713670727802181	2.214864852411311e-7	NaN	0.04718775289752092	-0.006782416911545031	0.03278162856536386	0.000028941326515864222	NaN	387.4844720688583	22.93965874568282	96384.76070355903	4.906158921665865	19.040753131389614	96.95749035305447	96.98113782585992	96.93384493128458	0.04729442326859152	0.0002977964530808903	-1	0	2.0257220451516154	84.49343048814167	1.0000010665257772	-273.1499938964844	9.000092930078507	-273.1499938964844	071
DATA	2025-06-23T143000_AIU-0547.ghg	2025-06-23	15:00:00	174.624	1	18000	18000	0.07339864836151609	1	NaN	-4.310596757628438	2	NaN	81.08346386405506	0	NaN	1.038994666465669	1	NaN	1.8548914519388728	0	NaN	0.008387022716214023	1	NaN	NaN	NaN	NaN	NaN	NaN	NaN	NaN	NaN	NaN	-1.0745960358991052e-10	-6.364952717497943e-12	-5.93547252145429e-13	NaN	14.449490640987808	387.02267225125354	396.10284940078094	0	0	855.859519757726	22.92378649450202	23.461615560425297	0.3	0	0.07981097248031034	2.039853894552886	2.0877121624263224	0	1	NaN	NaN	NaN	NaN	9	306.305329884847	304.5053224665324	95978.06708246528	1.0885634406556586	1018.5024128163668	0.026377456099543305	0.12019696608563896	0.015660594340477164	2200.7708931401903	4571.454365432893	0.014386478321414639	48.14159165147411	2370.6834722927024	292.1872812917457	1.0806392016801682	-0.02331349017545342	0.2254979193575713	1.1041620871352256	-2.0752009376247803e-14	-7.436912916853122e-15	1.1041620871352256	4.294349976875266	333.2358957681338	358.76410423186655	11.784157164949354	NaN	0.25966723828432864	0.43872818140896264	344.96157168431745	0.008406733497416516	-0.05316246435716666	-0.014972848568999329	0	75.01285648431032	-11.383490372946584	25.7494862185007	64.11986149122595	97.78683449428225	137.14742577683276	205.47183534677313	0.07251563517292592	1.0121768662231874	0.6528281320922161	1.0146346945163807	74.65423968042143	1.086120014230347	0.9566112886722999	1.086120014230347	1.7078144474239314	1.086120014230347	0.003900864686212901	1.1481015885403518	NaN	NaN	800000009	800000009	800000009	800000009	800010019	800010119	899999999	899999999	89999	89999	89	89	0	2	4	24	17	32	6	NaN	0	0	0	0	0	0	0	0	0	NaN	NaN	NaN	NaN	0	0	0	0	0	0	0	0	202	0	0	0	18000	18000	18000	18000	100	NaN	0.5491549917034193	0.2548699189874242	0.07343145212708183	0.025976474519878386	0.3768019433559435	0.4456289265792095	7.0241833654186e-8	NaN	0.0005888206799039872	0.025825141092292322	0.04610498494680307	0.000003900864686212901	NaN	387.0225975621149	22.923064275483927	96357.36791297744	11.420000076293945	19.023814762009515	97.0075795243581	97.03382718806796	96.9813314713372	0.05249794154176153	0.00029792659718724384	-1	0	2.0211046654631146	87.00967054133966	1.0000053051279651	-273.1499938964844	9.000132433758841	-273.1499938964844	138
DATA	2025-06-23T150000_AIU-0547.ghg	2025-06-23	15:30:00	174.645	1	18000	18000	0.024141007239210713	0	NaN	14.65028938198289	0	NaN	108.47466174782012	0	NaN	0.8238343994794313	0	NaN	2.4830568274104934	0	NaN	0.0051997466428555204	0	NaN	NaN	NaN	NaN	NaN	NaN	NaN	NaN	NaN	NaN	-9.443290420677557e-11	-5.62374507787232e-12	-5.226664465518208e-13	NaN	14.384415062507834	386.60588748056	395.71665731350464	0.3	0	856.632379204607	23.02346809153056	23.566040062963943	0.5	0	0.07961473990024784	2.0408571815995167	2.0889521037038787	0	0	NaN	NaN	NaN	NaN	9	306.5690419277615	305.14652513970276	95966.7674405382	1.0861068618449277	1018.5767236944481	0.026436111975777735	0.16090208241619997	0.015693794250004053	2210.080479729714	4740.601101733348	0.014449585764834974	46.620258323815165	2530.5206220036334	292.2549631089606	0.5997410104002501	0.12135594238791186	0.1435254283851531	0.6285030571937664	2.4781171259240456e-14	-6.564945727470671e-15	0.6285030571937664	2.7614330452001266	320.5608113325818	11.439188667418218	13.200581332807449	NaN	0.14908756252111893	0.2638091217187185	-19.209379738137926	-0.15096791460904888	0.13505724881670164	0.08882566832368474	1	6.026311110028184	3	5	9	14	24	63	0.02370831043534985	1.018250849424331	21.09236109837231	1.0183513962901773	99.71916957533513	1.0878014950362223	0.7573389108570757	1.0878014950362223	2.282637814657362	1.0878014950362223	-0.0060739204869846245	1.1522063948572066	NaN	NaN	800000009	800000009	800000009	800000009	800011009	800011109	899999999	899999999	89999	89999	89	89	1	0	0	52	16	13	1	NaN	0	0	0	0	0	0	0	0	0	NaN	NaN	NaN	NaN	0	0	0	0	0	0	0	0	402	0	0	0	18000	18000	18000	18000	100	NaN	0.2944879305521372	0.19905673490333498	0.03407357798196485	0.08626388231409743	0.9156426558996726	1.2189106882885754	2.1509583533655858e-7	NaN	0.019065969447010857	0.02049304375090063	0.0617665300602275	-0.0000060739204869846245	NaN	386.60469993897766	23.02228870587943	96359.50146223957	11.412370457225375	19.084787554634868	97.11393667729695	97.13972062598334	97.08815206400556	0.05156683781960367	0.0002988304581732438	-1	0	2.021881042053301	89.45321907583873	1.0000083034783602	-273.1499938964844	9.000112598882781	-273.1499938964844	135
DATA	2025-06-23T153000_AIU-0547.ghg	2025-06-23	16:00:00	174.666	1	18000	18000	0.037163077598857605	1	NaN	63.07279099591571	0	NaN	42.328097214420545	1	NaN	-1.7018616172734597	1	NaN	0.9693554670036773	1	NaN	0.014578561563854153	2	NaN	NaN	NaN	NaN	NaN	NaN	NaN	NaN	NaN	NaN	1.915200410982524e-10	1.1326681895193452e-11	1.0420296526774907e-12	NaN	14.348065276618048	386.8354024351484	395.89256229482214	0.1	1	848.5585647736498	22.87782272840192	23.41347199004661	0.6	0	0.07806550892038576	2.0052442232995755	2.052193952755003	0.1	0	NaN	NaN	NaN	NaN	9	306.8526617109511	305.6079826210869	95952.00543554687	1.0843603007779072	1018.507438334136	0.026480163243888067	0.06281423426183828	0.015568573684096587	2195.761802700697	4865.669572776445	0.01435738072753851	45.12763906094332	2669.9077700757484	292.1507606746494	0.10964156458317138	0.2662623504807432	0.1039134517625712	0.3061289228821354	4.317643040182055e-14	1.334814397662088e-14	0.3061289228821354	2.431847250148224	264.38089421778204	67.61910578221799	19.842968486150404	NaN	0.18512668797243714	0.25546142103037683	-8.541757338107644	-0.3395085911727002	1.4900927550891128	0.3084858181676738	1	0.8940184197395356	1	1	1	2	4	11	0.036008744668909166	1.0320570167208611	64.39944644036642	1.0273839972929528	38.55843517943603	1.0977649123322033	-1.5502969699203193	1.0977649123322033	0.8830264623272392	1.0977649123322033	-0.007199773664187969	1.165115329827515	NaN	NaN	800000009	800000009	800000009	800000009	800001019	801011019	899999999	899999999	89999	89999	89	89	3	5	1	21	31	6	1	NaN	0	0	0	0	0	0	0	0	0	NaN	NaN	NaN	NaN	0	0	0	0	0	0	0	0	0	0	0	0	18000	18000	18000	18000	100	NaN	0.1974788469526366	0.26244597268558856	0.050998022422528544	0.2784863377102107	1.5010968934593283	0.8162267801541974	1.0991713984892554e-7	NaN	0.05831017164901218	-0.04201355329035312	0.02393030500065045	-0.000007199773664187969	NaN	386.83511876114164	22.877008004679904	96335.42566818578	11.409037603166368	18.98336787700656	97.30739237806533	97.3356639895969	97.27912026320564	0.05655390189613956	0.0002998854107378672	-1	0	1.9867386611170244	89.81907970937091	1.0000034204224746	-273.1499938964844	9.000059623903699	-273.1499938964844	096
DATA	2025-06-23T160000_AIU-0547.ghg	2025-06-23	16:30:00	174.687	1	18000	18000	0.06291334894886609	1	NaN	97.71428219849618	1	NaN	-114.05905365602813	2	NaN	-6.0649745344890915	1	NaN	-2.611546106222549	2	NaN	0.004921269573087275	1	NaN	NaN	NaN	NaN	NaN	NaN	NaN	NaN	NaN	NaN	1.6874710991642213e-11	1.0072643538355224e-12	9.118492984278547e-14	NaN	14.383669106129256	387.93863262908525	397.13482666693824	0.1	1	858.5721660741339	23.156352503844808	23.705280331401195	0.1	1	0.07772422644594265	1.9948898829909802	2.0421793068975576	0	0	NaN	NaN	NaN	NaN	9	306.79255102793377	305.40458935970736	95940.20438802084	1.0848337451334105	1018.6591524422216	0.02646579473259539	-0.16922818768322118	0.015766671036518475	2222.2211195398736	4810.195499056884	0.014533721049191298	46.19814558421952	2587.97437951701	292.34285251426894	0.22835481644892555	0.18224382345965556	0.12300023350686984	0.31699809278190505	3.7697346350474133e-16	1.1731854276633394e-15	0.31699809278190505	1.420669101008415	293.40757606082457	38.592423939175404	22.831086020789666	NaN	0.2408184788925361	0.18866277661783107	-12.135955357250609	-0.2389593496870767	-0.8566990437530417	0.36717758375070825	0	85.5840334140305	-12.987707255893234	29.3782291756776	73.15594453486626	111.56743127841531	156.47490870831945	234.42792670665068	0.06101096580234247	1.0311810036360805	88.98610157999235	1.0268048124418296	-103.96668711027603	1.0970730801015836	-5.528323175997997	1.0970730801015836	-2.380466856392769	1.0970730801015836	-0.016226110188721974	1.1642577362503423	NaN	NaN	800000009	800000009	800000009	800000009	800001009	800001019	899999999	899999999	89999	89999	89	89	4	0	0	5	29	7	2	NaN	0	0	0	0	0	0	0	0	0	NaN	NaN	NaN	NaN	0	0	0	0	0	0	0	0	101	0	0	0	18000	18000	18000	18000	100	NaN	0.19377705545156415	0.13812455791123543	0.04542393987286256	0.3271138189109327	5.6605629800334585	2.0242930241404316	9.267976975449015e-8	NaN	0.0805248831791143	-0.14978077312749996	-0.06449481240584903	-0.000016226110188721974	NaN	387.9355704485957	23.154342041299707	96320.16134114584	11.399999618530273	19.160388081656603	97.35286351479424	97.38136335627237	97.32436447143554	0.05699851579964168	0.000299799407932571	-1	0	1.9762435138722256	91.24188396979304	1.0000098813904656	-273.1499938964844	9.000077490488689	-273.1499938964844	153
DATA	2025-06-23T163000_AIU-0547.ghg	2025-06-23	17:00:00	174.708	1	18000	18000	0.04494893126187652	1	NaN	31.604336108274953	0	NaN	91.03210001332661	0	NaN	1.280899219697432	1	NaN	2.084605952029317	0	NaN	-0.000710470471795539	0	NaN	NaN	NaN	NaN	NaN	NaN	NaN	NaN	NaN	NaN	-1.4387037901388087e-10	-8.953821135436898e-12	-7.738374686584175e-13	NaN	14.342967660400438	386.82805738203047	396.37042707681337	0.1	1	892.6393873626394	24.074373472200612	24.66824604027841	0.1	1	0.0771467056905644	1.9820806516289255	2.0309751048149836	0	0	NaN	NaN	NaN	NaN	9	307.05054160563157	305.5493448842366	95948.99864279514	1.0840394321341442	1019.1832754479051	0.02647591209184858	0.13508246569149973	0.016385468266289956	2310.5316370592977	4849.619869147502	0.015115195795075413	47.643561751273054	2539.088232088204	292.96978468738257	-0.18759626487059547	0.41338786465438837	0.1475920581305161	0.47735238646113803	-2.7497320055687496e-14	-1.0030726026880283e-14	0.47735238646113803	2.2548860973596647	217.59135505240377	114.40864494759623	18.010356501080423	NaN	0.20362783557476777	0.19696457432703643	-22.68961134097559	-0.12781179705633988	0.34717793068212477	0.14047924302786663	0	72.20764438469747	-10.95778861425279	24.786547681237284	61.722008380295435	94.12995720467289	132.01860338222903	197.7879248058516	0.04395685505417693	1.0225693172652333	36.730381139531744	1.021144472168814	83.4707717962369	1.0905865377110433	1.1745048883381808	1.0905865377110433	1.9114539561478103	1.0905865377110433	-0.01472460195162178	1.1560458031299654	NaN	NaN	800000009	800000009	800000009	800000009	800001019	800001019	899999999	899999999	89999	89999	89	89	11	5	2	0	57	0	2	NaN	0	0	0	0	0	0	0	0	0	NaN	NaN	NaN	NaN	0	0	0	0	0	0	0	0	0	0	0	0	18000	18000	18000	18000	100	NaN	0.1176959001355024	0.22656219121161172	0.04967105730695876	0.4563642927823826	13.522822244222745	1.8530395213852997	9.654366729422308e-8	NaN	0.033245132369874655	0.03186338496896797	0.05185622798162226	-0.00001472460195162178	NaN	386.82204465867693	24.072635871899593	96317.33253797743	11.408592037412854	19.788590565575582	97.40305744383072	97.43128827582464	97.37482590378654	0.05646202896825129	0.0002998914371095857	-1	0	1.962820477555195	90.70087995006027	1.0000613188760148	-273.1499938964844	9.000450328561994	-273.1499938964844	191
DATA	2025-06-23T170000_AIU-0547.ghg	2025-06-23	17:30:00	174.729	1	18000	18000	0.04865169303703543	0	NaN	44.70381352587219	0	NaN	83.85727280804049	2	NaN	-0.015143815147446855	2	NaN	1.9196085285593878	2	NaN	0.008706083517205606	0	NaN	NaN	NaN	NaN	NaN	NaN	NaN	NaN	NaN	NaN	-3.298003900987437e-10	-2.140126185005001e-11	-1.7691929540989737e-12	NaN	14.373947137540119	387.11279770631705	397.08778314798695	0.1	1	932.7478552016568	25.120353395391238	25.76764576312827	0.1	1	0.07710811376151844	1.978615875419904	2.029600148399026	0.4	0	NaN	NaN	NaN	NaN	9	306.7428790308635	305.1785152130127	95944.85133051216	1.0848765597883692	1019.7670026655436	0.026444922685226944	0.12439063265064833	0.017117417257331877	2410.815074096417	4749.180395127717	0.01577821651955595	50.76276059274822	2338.3653210313	293.65674496403375	-0.08948250280136799	0.4084153533332551	0.17061056533178193	0.45157301087284507	-1.2224319019315402e-15	-2.2944316334475125e-14	0.45157301087284507	2.671236617165165	229.64195053891484	102.35804946108517	22.19833684868621	NaN	0.21176725933994547	0.21797550845749125	-18.04496520728232	-0.1607096476323302	0.5330940540864555	0.19081146937734872	0	69.76644742963121	-10.587327558123356	23.948563763583486	59.635309939950204	90.94761042038613	127.55531676853226	191.1011081412265	0.047531274810672444	1.0235722317742553	49.20274735907085	1.0217993647444512	76.84176245430653	1.0912981447803944	-0.013876881601859861	1.0912981447803944	1.7590138293011368	1.0912981447803944	-0.009534956582860393	1.1569745495450425	NaN	NaN	800000009	800000009	800000009	800000009	800001019	810001019	899999999	899999999	89999	89999	89	89	31	1	0	5	49	0	3	NaN	0	0	0	0	0	0	0	0	0	NaN	NaN	NaN	NaN	0	0	0	0	0	0	0	0	0	0	0	0	18000	18000	18000	18000	100	NaN	0.19745404975503755	0.17995218858419582	0.058544778575749155	0.31686298204122937	17.376159592122463	1.9525026212258667	5.1708196567176436e-8	NaN	0.04447419260088154	-0.00037643169477313284	0.04771594771007199	-0.000009534956582860392	NaN	387.1041725744068	25.118519303401143	96320.22533333334	11.420000076293945	20.47770315265655	97.37188722038269	97.39965332561069	97.34412158881294	0.055532625737289565	0.00029948795167729255	-1	0	1.9585459046430056	89.99836231640629	1.0000092635121611	-273.1499938964844	9.000082799540627	-273.1499938964844	071
DATA	2025-06-23T173000_AIU-0547.ghg	2025-06-23	18:00:00	174.749	1	18000	18000	0.026310967298177286	0	NaN	41.062803012964466	0	NaN	48.42977677432811	0	NaN	0.6408686758030064	2	NaN	1.1085634407725828	0	NaN	0.0027568637982503543	0	NaN	NaN	NaN	NaN	NaN	NaN	NaN	NaN	NaN	NaN	-3.0236234194703674e-11	-1.9029552870476234e-12	-1.6216582408328884e-13	NaN	14.4077741620738	387.72990846436824	397.4280542110532	0.1	1	906.7713207853456	24.402267640459108	25.012632595445645	0.1	1	0.07727313378885912	1.9818063338654248	2.0313765275697278	0.1	0	NaN	NaN	NaN	NaN	9	306.7665572959052	305.12233607822	95925.50897612848	1.085154953028896	1019.3574131823694	0.02644538589610833	0.07183491096206336	0.01662781069419121	2341.427838388211	4734.122868129115	0.015322982812527823	49.458535479741855	2392.695029740904	293.1841689530216	-0.20321641289213413	0.5203788048472183	0.17242965740775437	0.5846563073778949	-4.648325016085476e-14	-2.098605506622654e-15	0.5846563073778949	2.4342979061684744	220.66854373485745	111.33145626514255	17.153029428300137	NaN	0.15571215990139733	0.21697533780926273	-7.80773776082544	-0.37142640913869646	0.847883383900527	0.2384008613199077	1	4.370059721175849	2	4	6	9	16	40	0.02581310635031953	1.019287138134446	43.563962807024346	1.0190165526466333	44.495711551223174	1.0884144805410307	0.5888093986809533	1.0884144805410307	1.0185122125732253	1.0884144805410307	-0.011833028987765434	1.1530966816982098	NaN	NaN	800000009	800000009	800000009	800000009	800001019	800101119	899999999	899999999	89999	89999	89	89	11	15	5	1	41	7	0	NaN	0	0	0	0	0	0	0	0	0	NaN	NaN	NaN	NaN	0	0	0	0	0	0	0	0	0	0	0	0	18000	18000	18000	18000	100	NaN	0.17231940648898025	0.20633737152157913	0.05529389760796607	0.4231121513508086	29.80663617375048	1.013011553523982	1.5196200362797713e-7	NaN	0.03938303087646487	0.015960877854884616	0.02760884771032338	-0.000011833028987765435	NaN	387.71569456207214	24.401267183417133	96300.03996614584	11.420000076293945	20.014308972464672	97.3584608370463	97.38496309132046	97.33196031400891	0.05300180733462588	0.00029937321774842625	-1	0	1.9622681422465382	90.91603602302614	1.000001919746399	-273.1499938964844	9.000045137776269	-273.1499938964844	027
DATA	2025-06-23T180000_AIU-0547.ghg	2025-06-23	18:30:00	174.77	1	18000	18000	0.01946615974560128	1	NaN	46.17573759346064	1	NaN	-16.523525210706396	2	NaN	-18.43895786870651	1	NaN	-0.3775987859870511	2	NaN	-0.006213281586242551	1	NaN	NaN	NaN	NaN	NaN	NaN	NaN	NaN	NaN	NaN	-1.0208984524895129e-10	-6.727400416178317e-12	-5.258063513259319e-13	NaN	15.162942596494455	406.8055288563507	418.01124306388533	0.1	1	999.1903316671212	26.807207685134255	27.545629084828935	0.1	1	0.07809563725545172	1.9895386526798589	2.044341746456509	0	0	NaN	NaN	NaN	NaN	9	305.2521166127524	303.42456403944226	95915.82751736112	1.0901151806585823	1020.6839880422931	0.026300892050035333	-0.02446840133196091	0.01836690139041314	2571.9252152558174	4298.203084599452	0.016848587852264344	59.83721952252738	1726.2778693436348	294.7096685166949	0.5808598338762032	0.2257126406024728	0.2209701392357195	0.6611899463636094	1.3365289805958817e-15	-6.732851793065128e-15	0.6611899463636094	1.6678373534753155	310.7646869569467	21.235313043053292	19.52393992401801	NaN	0.13362999363722186	0.10932420970746884	-4.389741475683525	-0.6606311592753744	-2.7945451714832092	0.31056049073233005	1	6.1097466665624065	3	5	8	13	21	49	0.019130175174726653	1.0175630681792451	44.75344575215672	1.017912594870236	-15.195124632124019	1.0874228155900747	-16.956567035703465	1.0874228155900747	-0.347241919677906	1.0874228155900747	-0.017608673485951555	1.1516318070966098	NaN	NaN	800000009	800000009	800000009	800000009	800000019	800010019	899999999	899999999	89999	89999	89	89	0	0	0	11	4	1	3	NaN	0	0	0	0	0	0	0	0	0	NaN	NaN	NaN	NaN	0	0	0	0	0	0	0	0	0	0	0	0	18000	18000	18000	18000	100	NaN	0.08029187614414394	0.11608078943003824	0.02227575384075548	0.28470727782742344	148.16538724742432	2.0891457272751777	2.2184765540689214e-7	NaN	0.040221919239643356	-0.45826082756255626	-0.009384409541209136	-0.000017608673485951556	NaN	406.7944872067879	26.80529778342393	96289.64855859375	11.420961764971414	21.530521138826906	97.32140834935507	97.34822639698453	97.29459247928196	0.05363877864109543	0.0002985080141224898	-1	0	1.9678997952077117	90.99532646942137	1.0000037298169402	-273.1499938964844	9.00005695854293	-273.1499938964844	104
DATA	2025-06-23T183000_AIU-0547.ghg	2025-06-23	19:00:00	174.791	1	18000	18000	0.004005965819179347	1	NaN	10.011253591865	0	NaN	57.328802920615985	0	NaN	4.402860864671435	0	NaN	1.3090753499719874	0	NaN	0.003895235328101398	0	NaN	NaN	NaN	NaN	NaN	NaN	NaN	NaN	NaN	NaN	-3.906763150804238e-11	-2.610486013213913e-12	-1.9717824973538104e-13	NaN	15.512130077518416	414.5080880481926	426.31588320682545	0.3	0	1036.5153207247956	27.697291195937893	28.486284101795537	0.1	1	0.07829127439483999	1.9881343047093143	2.0447688633457894	0	1	NaN	NaN	NaN	NaN	9	304.60187147352434	302.6312695871989	95895.85224218751	1.0923735563815529	1021.1752924526954	0.026237593352771447	0.08482808267818477	0.019022521966546017	2656.7678027638817	4106.774436723901	0.017413934871837636	64.69232346939576	1450.0066339600194	295.24113183342007	0.6787310457560702	0.28128964761928676	0.2297066485096017	0.7697823346248197	5.037473740441169e-15	-2.5185213966625207e-15	0.7697823346248197	1.3586434750127194	309.4891896896128	22.510810310387203	17.361809466929984	NaN	0.06055751291548394	0.02793587092377053	-1.8843140745835896	-1.5390215671136802	0.17462868718413196	0.1482002564580006	1	17.376981078036454	8	14	22	33	52	113	0.003944114544769407	1.015681916361168	13.409746879489944	1.0167264578256265	52.7625624419642	1.0865431902340679	4.052172894961453	1.0865431902340679	1.2048074680675884	1.0865431902340679	-0.0026992687665010713	1.1501492717857476	NaN	NaN	800000009	800000009	800000009	800000009	800000019	800000019	899999999	899999999	89999	89999	89	89	2	2	0	26	2	0	7	NaN	0	0	0	0	0	0	0	0	0	NaN	NaN	NaN	NaN	0	0	0	0	0	0	0	0	0	0	0	0	18000	18000	18000	18000	100	NaN	0.02827961167608875	0.015483191017680229	0.012108939153772083	0.04808915318759437	91.53393247051314	0.5800826928592593	2.3137692399370645e-7	NaN	0.012021235450353438	0.10934874093987765	0.032511983847472496	-0.0000026992687665010714	NaN	414.5059075286115	27.696718505716532	96268.31604101563	11.430000305175781	22.07701614840826	97.25957772339714	97.28596369976466	97.23319308429294	0.05277272053300923	0.00029719521329065574	-1	0	1.965737880276309	90.94206402905783	1.0000088198731343	-273.1499938964844	9.000109745687908	-273.1499938964844	230
DATA	2025-06-23T190000_AIU-0547.ghg	2025-06-23	19:30:00	174.812	0	18000	18000	0.00529970175768275	1	NaN	8.120909410729638	0	NaN	61.55526875283381	0	NaN	11.57441792939392	0	NaN	1.4057433321489123	0	NaN	0.004849085975878901	0	NaN	NaN	NaN	NaN	NaN	NaN	NaN	NaN	NaN	NaN	-4.068974124099219e-11	-2.8343043144659504e-12	-2.1305452739828233e-13	NaN	14.976526403972773	399.0850647881662	410.49639769483724	0.1	1	1043.212173581721	27.798862476630507	28.593735805994452	0.1	1	0.07841821200503928	1.9924957360970545	2.0494686327695844	0.4	0	NaN	NaN	NaN	NaN	9	304.3274528393216	302.74702634684246	95889.6966015625	1.0918434085269078	1021.2362062242114	0.026249314225138907	0.09109216792324952	0.019083756097981904	2666.3395143038124	4134.23689777651	0.017478473514557648	64.4941153647444	1467.8973834726976	295.3001539779947	0.5565036112718889	0.34437674813934815	0.19740046843666065	0.6835631345798966	2.3126690891546505e-17	-2.7169011120094285e-15	0.6835631345798966	1.134321367604039	300.2498612165141	31.750138783485877	16.78502736383969	NaN	0.06966995608987804	0.026506080298988696	-3.5371929485618345	-0.8198591488143425	0.13192874591024797	0.10453761051607605	1	15.531100486066192	7	12	20	30	49	109	0.005210453056349858	1.0171287794684432	11.77824962720788	1.0176365264557117	56.6183113510161	1.0871971855750007	10.646107332656864	1.0871971855750007	1.292997582039764	1.0871971855750007	-0.0015689098869645277	1.1512770320225838	NaN	NaN	800000009	800000009	800000009	800000009	800000019	800000019	899999999	899999999	89999	89999	89	89	6	3	0	25	0	0	5	NaN	0	0	0	0	0	0	0	0	0	NaN	NaN	NaN	NaN	0	0	0	0	0	0	0	0	0	0	0	0	18000	18000	18000	18000	100	NaN	0.020004316260149806	0.017825302730737316	0.015182541607090276	0.037448795515494925	63.613294895660594	0.3155804340859368	5.7532090259463534e-8	NaN	0.010563168177195093	0.28744582707771926	0.034911047556211064	-0.0000015689098869645276	NaN	399.0828718542228	27.798552029741742	96262.15941840278	11.43429610490799	22.138411386383886	97.21715532006158	97.24251125399272	97.1918063062032	0.050707171702861036	0.00029594870760855794	-1	0	1.9700414712528393	90.03462353874113	1.0000054275890191	-273.1499938964844	9.000081986930635	-273.1499938964844	192
DATA	2025-06-23T193000_AIU-0547.ghg	2025-06-23	20:00:00	174.833	0	18000	18000	0.008020470787290606	1	NaN	11.667910782033367	0	NaN	40.60434330840998	0	NaN	1.086306098276587	2	NaN	0.9262225577877551	0	NaN	0.0021977956959172013	1	NaN	NaN	NaN	NaN	NaN	NaN	NaN	NaN	NaN	NaN	2.769920048370018e-11	1.9218117427364152e-12	1.4650637174944346e-13	NaN	15.109779302364588	400.5241005619706	411.9723838462349	0.3	0	1048.3389695860587	27.788958030102386	28.583256958073935	0.1	1	0.07991851406783132	2.019809264622731	2.0775419918397406	0.2	0	NaN	NaN	NaN	NaN	9	303.7161312111749	301.57078708902986	95896.75927213542	1.0961868890384512	1021.2044291702217	0.02614540410842356	0.06001922174464653	0.019152774621716728	2665.585842076973	3862.4763583627187	0.0174721799843064	69.01235359811754	1196.8905162857454	295.2955133328389	0.6937323557986935	0.5738016229114717	0.2112327117268304	0.9247335521334247	-2.1042962735132963e-14	1.833196893839834e-15	0.9247335521334247	1.6122240365373355	292.4050847832548	39.59491521674525	13.204391277245783	NaN	0.08553771192168082	0.04313940885110229	-4.556355079718317	-0.636473661350222	0.2873562242691586	0.12185354758279696	1	19.105139689133978	9	15	25	38	60	137	0.007911735686618564	1.0137435203827587	14.045506947059367	1.0155407851662057	37.38826510651715	1.0860183855209757	1.0002649243875124	1.0860183855209757	0.8528608448405184	1.0860183855209757	-0.003808601817093003	1.148843241372241	NaN	NaN	800000009	800000009	800000009	800000009	800000019	800010019	899999999	899999999	89999	89999	89	89	3	0	0	42	9	0	1	NaN	0	0	0	0	0	0	0	0	0	NaN	NaN	NaN	NaN	0	0	0	0	0	0	0	0	3836	0	0	0	18000	18000	18000	18000	100	NaN	0.03276977491488857	0.03454256552823451	0.018966477259081505	0.05036022602639095	35.10147889643909	0.16258202664299004	2.4280237592511077e-7	NaN	0.012547006580047997	0.026900055697929394	0.02293592794213097	-0.000003808601817093003	NaN	400.5228911002041	27.78878066044224	96252.50924175348	11.4399995803833	22.132059042718673	97.18944223149617	97.21532107925414	97.1635638126797	0.05175831608567356	0.0002948971903404325	-1	0	1.9969699625902706	90.89990830799064	1.000008906400866	-273.1499938964844	9.000140787389544	-273.1499938964844	227
DATA	2025-06-23T200000_AIU-0547.ghg	2025-06-23	20:30:00	174.854	0	18000	18000	0.012423398368254275	1	NaN	16.98003248510052	0	NaN	43.72256754010844	0	NaN	1.92560223430984	0	NaN	0.9963055226802157	0	NaN	0.0013965512613508555	2	NaN	NaN	NaN	NaN	NaN	NaN	NaN	NaN	NaN	NaN	-4.984497040366798e-11	-3.427760932841643e-12	-2.605759451334236e-13	NaN	15.426432455999642	406.1239038074434	417.7922170560511	0.1	1	1060.851718389319	27.928507933507586	28.730919650915137	0.1	1	0.0806451921769668	2.028353635351934	2.086630100672872	0.8	0	NaN	NaN	NaN	NaN	9	303.0336595467462	300.49247175610446	95900.74599563246	1.100107614140934	1021.2621659699439	0.026050833955911363	0.06456059786967797	0.01931883341763769	2679.0831883584406	3627.1360433700697	0.017560857837279512	73.86221956729344	948.0528550116292	295.3784482880881	0.7778692109750351	0.631383262714026	0.25394373218371985	1.0335437837526507	9.605609740399782e-15	-3.2311404821457796e-15	1.0335437837526507	1.911550743614313	292.93434679540997	39.06565320458999	14.223321096500165	NaN	0.10626802774630253	0.06482888828561491	-6.003733451084543	-0.48303277013008133	0.3883585397752331	0.14222091963007472	1	17.90791636785235	8	14	24	36	58	134	0.012267266146487796	1.012727548249304	19.513996524822673	1.014945385609992	40.259906796179386	1.0860076691548044	1.7731018748776037	1.0860076691548044	0.917401921715341	1.0860076691548044	-0.006288695910551632	1.1483157740593812	NaN	NaN	800000009	800000009	800000009	800000019	800001019	800011119	899999999	899999999	89999	89999	89	89	5	2	0	59	35	1	1	NaN	0	0	0	0	0	0	0	0	0	NaN	NaN	NaN	NaN	0	5	0	0	0	0	0	0	17901	0	0	0	18000	18000	18000	18000	100	NaN	0.04662405615653468	0.05443657762230577	0.028597142792389358	0.09076568366978216	106.00966204178957	0.15486385509941805	4.779954237614541e-7	NaN	0.01736895978260511	0.04751825240282235	0.024585917306027927	-0.000006288695910551632	NaN	406.11172705514235	27.928339095014717	96261.07224023438	11.447629755020142	22.215877177132505	97.17050233226352	97.19130085945129	97.1497037993537	0.04158929847812089	0.0002932064591700004	-1	0	2.0052546257155903	88.20369482526515	1.0000154764850935	-273.1499938964844	9.000223599645826	-273.1499938964844	107
DATA	2025-06-23T203000_AIU-0547.ghg	2025-06-23	21:00:00	174.874	0	18000	18000	0.025376817349228233	1	NaN	25.945514381942086	0	NaN	63.86845220433773	0	NaN	2.175862400383939	1	NaN	1.4542069698860576	0	NaN	0.014008929071597715	1	NaN	NaN	NaN	NaN	NaN	NaN	NaN	NaN	NaN	NaN	-1.1567062162649512e-11	-7.894791924610416e-13	-6.036239413912238e-14	NaN	15.663070764774771	410.7730406011807	422.62175974921973	0.1	1	1069.041411289701	28.03622595076505	28.844928894793224	0.1	1	0.08173730180038521	2.0482695806478812	2.107351771059037	0.9	0	NaN	NaN	NaN	NaN	9	302.28826856994635	299.6710024168227	95904.52971137152	1.1031213802954027	1021.3080051148697	0.025978592685784768	0.09423261164861653	0.019447273622542158	2689.522307112176	3456.329628163987	0.017629314389078752	77.81440419329618	766.807321051811	295.44234143758445	1.0073821972153192	0.5166806640545011	0.33356515610772575	1.1802726436054134	-3.154664250950951e-14	-7.384926197654092e-16	1.1802726436054134	2.217628093424458	304.8469675441297	27.153032455870232	16.416459872311684	NaN	0.151672528171248	0.12418928314927224	-11.424163202115361	-0.2538479141704681	0.40623364879632945	0.15183619831352424	1	15.018566975392478	7	12	21	32	53	129	0.02508434382741082	1.0116596042467658	29.64300946757951	1.0143535484312391	58.79298004043126	1.0863278602380102	2.0029518527741854	1.0863278602380102	1.3386446422974427	1.0863278602380102	0.001166813779502444	1.1479638030268546	NaN	NaN	800000009	800000009	800000009	800000009	800000019	800010019	899999999	899999999	89999	89999	89	89	7	0	0	46	6	0	4	NaN	0	0	0	0	0	0	0	0	0	NaN	NaN	NaN	NaN	0	0	0	0	0	0	0	0	17307	0	0	0	18000	18000	18000	18000	100	NaN	0.08866351538718778	0.12594388260148656	0.033771168309870155	0.1003200586838848	17.494508584154033	0.19047566604046454	5.600742914823708e-7	NaN	0.02631129686940044	0.05353519786328939	0.035779494996231134	0.000001166813779502444	NaN	410.7724828689887	28.036030032487844	96271.09646657987	11.450962053510878	22.280457716094116	97.20023584365845	97.21768143399557	97.18279210027059	0.034889208737346696	0.0002914592738897125	-1	0	2.02464180780329	79.04628853437609	1.000033805684911	-273.1499938964844	9.000372602197858	-273.1499938964844	238
DATA	2025-06-23T210000_AIU-0547.ghg	2025-06-23	21:30:00	174.895	0	18000	18000	0.0257085458301647	1	NaN	27.512586311265963	0	NaN	42.92817848521883	1	NaN	1.0042863959682036	2	NaN	0.9767678019151735	1	NaN	0.01271365219203274	2	NaN	NaN	NaN	NaN	NaN	NaN	NaN	NaN	NaN	NaN	-5.695097311697637e-11	-3.808841799709177e-12	-2.9027749743015474e-13	NaN	16.077956534333225	420.45587813161546	432.62109645773836	0.1	1	1075.2826431269757	28.119799116896083	28.93340052749802	0.1	1	0.0819488892137272	2.0472076105280146	2.1064402882863638	0	1	NaN	NaN	NaN	NaN	9	301.6616740968492	298.9818015340112	95921.73142697304	1.1058272453567142	1021.3433095012072	0.02591419755434882	0.06329455356410324	0.019553713276507675	2698.0233407944324	3318.4756325949425	0.017682430378354534	81.30309333278618	620.45229180051	295.4942123053084	1.0014324630308555	0.1706205133868335	0.39657153911990173	1.09052616806767	-2.728225089858813e-14	-3.542177328030586e-15	1.09052616806767	2.1817232498895702	322.33099252639323	9.669007473606763	21.324620764969172	NaN	0.15247376103951357	0.16778850499570075	-10.946532759103558	-0.2649240690015063	0.6408980600175986	0.15976339129965822	1	13.158807895222187	6	11	18	28	46	113	0.025396734947453908	1.0122775972327125	29.930662381092514	1.0146906443079582	39.52533735501189	1.0860926524078218	0.9246783814822269	1.0860926524078218	0.8993411379312072	1.0860926524078218	0.0008174185456144668	1.1481363764407368	NaN	NaN	800000009	800000009	800000009	800000019	800000019	800000019	899999999	899999999	89999	89999	89	89	16	3	0	17	24	0	16	NaN	0	0	0	0	0	0	0	0	0	NaN	NaN	NaN	NaN	0	55	0	0	0	0	0	0	15522	0	0	0	18000	18000	18000	18000	100	NaN	0.08687601170663357	0.21298096820317416	0.03572003008159375	0.11557548469027676	15.79680842428549	0.1710798313509012	3.6891942787769695e-7	NaN	0.02650069683921502	0.02465580038044937	0.023980203295348945	8.174185456144667e-7	NaN	420.45435513951514	28.11962095820458	96293.70024565973	11.460000038146973	22.333273027208115	97.25012639194064	97.26508708996244	97.23516473897298	0.02992310491907932	0.0002905542586716669	-1	0	2.024115377612411	83.57101536155967	1.000030408013198	-273.1499938964844	9.000380415466097	-273.1499938964844	182
DATA	2025-06-23T213000_AIU-0547.ghg	2025-06-23	22:00:00	174.916	0	18000	18000	0.011712178741801015	1	NaN	28.45302333383484	0	NaN	18.32601964331572	0	NaN	3.5231655171059475	0	NaN	0.4167335546534249	0	NaN	-0.006711882232001517	0	NaN	NaN	NaN	NaN	NaN	NaN	NaN	NaN	NaN	NaN	5.304118828356899e-11	3.4251446374022723e-12	2.6152929739583626e-13	NaN	16.470091851571496	429.71015965582086	441.9743347795349	0.2	0	1063.5592566542919	27.748613796390885	28.5405751950039	0.1	1	0.08120880563531273	2.022736874432627	2.080466948297078	0	1	NaN	NaN	NaN	NaN	9	301.03397416347923	298.3689718848335	95948.88025520834	1.1085694103020347	1021.1178413969843	0.025853763229465625	0.02700433434154193	0.019340705828407967	2663.162596002906	3199.9483962455542	0.017446544752789547	83.22517322865426	536.7858002426483	295.28058470346855	0.9332066306274556	-0.11462581705670026	0.336887524698149	0.9987526709252025	-2.6645827498668392e-14	3.220454916801697e-15	0.9987526709252025	2.32513267423668	339.00256760689194	352.9974323931081	19.712963267047925	NaN	0.10278681299020412	0.10555847342781155	-3.2430968304551206	-0.8942070346980753	1.552602468382318	0.24454132696227357	1	14.90839206917684	7	12	19	29	46	104	0.011561552083694302	1.013028238511259	29.37467388531238	1.0151188712792751	16.875003568817096	1.0859861195632527	3.2442086078621766	1.0859861195632527	0.38373745957362804	1.0859861195632527	-0.015403085478775325	1.1484565858035063	NaN	NaN	800000009	800000009	800000009	800000009	800000019	801011019	899999999	899999999	89999	89999	89	89	21	4	0	30	8	2	8	NaN	0	0	0	0	0	0	0	0	0	NaN	NaN	NaN	NaN	0	0	0	0	0	0	0	0	15792	0	0	0	18000	18000	18000	18000	100	NaN	0.05116796313988229	0.12682803190563574	0.03312095181010509	0.08985039643320407	20.977062419297038	0.09888053409992889	3.5659811054997095e-7	NaN	0.02594981695792542	0.08626950244785953	0.010204288228504967	-0.000015403085478775325	NaN	429.7097646266245	27.748502290383342	96323.85619856771	11.460000038146973	22.12088948832619	97.30275250752767	97.31808015653822	97.28743041483561	0.030656818137297297	0.00028990772029889437	-1	0	1.9997661769555684	89.3847891612529	1.0000318742046754	-273.1499938964844	9.000407703850005	-273.1499938964844	157
DATA	2025-06-23T220000_AIU-0547.ghg	2025-06-23	22:30:00	174.937	0	18000	18000	0.00871780008519456	1	NaN	30.181741387704232	0	NaN	24.44169630909706	1	NaN	-0.5927863934674164	1	NaN	0.5555386955567457	1	NaN	0.017872163946483763	1	NaN	NaN	NaN	NaN	NaN	NaN	NaN	NaN	NaN	NaN	1.4941364799516592e-10	9.372668298623198e-12	7.317288098643002e-13	NaN	16.705057312304575	435.039590876914	447.24485301155414	0.2	0	1047.9026728722022	27.289888418961425	28.05552044134153	0.1	1	0.08181027549935083	2.0327655147976698	2.08979580925053	0.4	0	NaN	NaN	NaN	NaN	9	300.5036680764092	297.8772342766656	95967.28234331598	1.1108070947217175	1020.8441736489549	0.025806204628328593	0.035998907472077124	0.019056029540882726	2619.638928992888	3107.528307574938	0.017155120480803823	84.29976076508244	487.8893785820501	295.01040807862466	1.061842798728075	-0.040112329007327606	0.33736339743868027	1.1148691358542642	-1.0671156092512535e-14	8.94421642511284e-15	1.1148691358542642	2.2349567106159522	334.16338506868306	357.836614931317	17.614047789007667	NaN	0.08858988345772753	0.09939535296201046	-1.9575073955119282	-1.4814758844073692	1.2348464282518214	0.300442981971264	1	17.41086221107882	8	14	22	33	52	114	0.008613577901239376	1.0120997551946662	31.464941029654298	1.0145919625972568	22.50318152006775	1.08614403200279	-0.5457714409886788	1.08614403200279	0.5114779248313529	1.08614403200279	0.005904053718705027	1.1480770119311279	NaN	NaN	800000009	800000009	800000009	800000009	800000019	800010019	899999999	899999999	89999	89999	89	89	6	5	1	33	3	0	5	NaN	0	0	0	0	0	0	0	0	0	NaN	NaN	NaN	NaN	0	0	0	0	0	0	0	0	15549	0	0	0	18000	18000	18000	18000	100	NaN	0.0436612162346459	0.12093893696747728	0.034190552721897756	0.08922860029842536	5.0826038590247045	0.0796489187585695	0.0000023753478930914	NaN	0.02774781707463647	-0.014479540525218087	0.013569719454235147	0.000005904053718705027	NaN	435.03918333930005	27.289794934485407	96343.92321809896	11.460000038146973	21.851357948621104	97.32727131038241	97.34122388691372	97.31331656138103	0.027905269579393075	0.0002895937915244657	-1	0	2.0101441458176708	88.5928072400623	1.0000450326369867	-273.1499938964844	9.000487039830949	-273.1499938964844	016
DATA	2025-06-23T223000_AIU-0547.ghg	2025-06-23	23:00:00	174.958	0	18000	18000	0.015846186333650633	1	NaN	31.19613992811936	0	NaN	23.200264997879206	1	NaN	-1.2407905779184523	1	NaN	0.5271230402799516	1	NaN	-0.004309950598634495	1	NaN	NaN	NaN	NaN	NaN	NaN	NaN	NaN	NaN	NaN	-1.1670316449987485e-10	-7.1413757776112145e-12	-5.67146962953382e-13	NaN	16.89018599799002	439.2426223497323	451.37486537694065	0.1	1	1033.5552226222912	26.87841959714959	27.620823685795287	0.1	1	0.0820819018364155	2.0355823647486826	2.09180682634332	-0.2	0	NaN	NaN	NaN	NaN	9	300.05311634741895	297.48833599429656	95963.70658550347	1.11239263182482	1020.5997069615242	0.025773473258380867	0.034157573010140864	0.018792543968900476	2580.0446557792256	3036.094066676463	0.016893804787318955	84.97907505888105	456.0494108972375	294.76118835460636	0.9711683510235651	-0.07318636316307396	0.32595452381743345	1.0270202341628503	-9.734355281548277e-15	-6.90952512386559e-15	1.0270202341628503	2.1559120718514886	336.3096120377784	355.69038796222156	18.50448403568459	NaN	0.11935299663198852	0.10915884445783632	-4.630705242689017	-0.6262545007757805	1.3446458448199226	0.23022579926750747	1	14.089271666656014	6	11	19	28	45	104	0.01564618917696974	1.0127824836079113	32.3808311601376	1.0149768189055508	21.36298634978479	1.0860028938843993	-1.1425297159940437	1.0860028938843993	0.48537903835094354	1.0860028938843993	-0.014403111568068042	1.148340300354663	NaN	NaN	800000009	800000009	800000009	800000009	800000019	801010019	899999999	899999999	89999	89999	89	89	3	3	0	61	13	0	2	NaN	0	0	0	0	0	0	0	0	0	NaN	NaN	NaN	NaN	0	0	0	0	0	0	0	0	16614	0	0	0	18000	18000	18000	18000	100	NaN	0.04266836299570681	0.1424757150254832	0.03317361089448262	0.0836360114597327	5.905861958353778	0.11023576939641869	2.3311487446408258e-7	NaN	0.028521637069432757	-0.030260532547057743	0.012855532755136572	-0.000014403111568068041	NaN	439.24144977116237	26.87829868639432	96342.20020898437	11.460000038146973	21.60211365858717	97.33756758859423	97.34671398247613	97.32841676796806	0.018299069624963357	0.00028922726223309936	-1	0	2.0131457833217246	88.86055291014429	1.000035954669118	-273.1499938964844	9.000456253634558	-273.1499938964844	199
DATA	2025-06-23T230000_AIU-0547.ghg	2025-06-23	23:30:00	174.979	0	18000	18000	0.0019458273903858374	0	NaN	19.477266968565033	0	NaN	3.571067036814522	1	NaN	0.020000796071895182	2	NaN	0.08110992733670155	1	NaN	-0.007806328036536687	0	NaN	NaN	NaN	NaN	NaN	NaN	NaN	NaN	NaN	NaN	2.5394289620290734e-11	1.5235704800208357e-12	1.2334695963623742e-13	NaN	16.88068249111342	438.45381625983487	450.29926656488493	0.1	1	1012.783185142335	26.305728622241173	27.016415106375295	0.1	1	0.08199405823109882	2.0297875162507095	2.0846250983674772	0	0	NaN	NaN	NaN	NaN	9	299.62339637841126	297.1488387832642	95966.67068359375	1.1139416055447422	1020.2633606221036	0.02574326511533768	0.00525592329141826	0.018413718530689027	2525.1503589936283	2974.9097029707523	0.016530236808673923	84.88157998449522	449.759343977124	294.4100671465378	0.9141978254123665	-0.08418276409742596	0.2738264044971382	0.9580319940167042	-5.875659107062659e-16	1.5043402204655633e-15	0.9580319940167042	2.0721860390069295	337.26117315849865	354.7388268415013	16.60797624800378	NaN	0.04179467415492385	0.08139174393278593	-0.3184522051885341	-9.106547082263429	5.454186876855503	0.41004579028315297	1	16.02262850830471	7	12	20	29	45	95	0.0019200827202065136	1.0134081047177774	19.55767793181877	1.0153414903785962	3.2883053305853545	1.0859901006147845	0.018417107173051235	1.0859901006147845	0.07468753839540969	1.0859901006147845	-0.012948201790812042	1.1486534291139816	NaN	NaN	800000009	800000009	800000009	800000009	800000009	800010009	899999999	899999999	89999	89999	89	89	4	6	0	58	15	0	3	NaN	0	0	0	0	0	0	0	0	0	NaN	NaN	NaN	NaN	0	0	0	0	0	0	0	0	16911	0	0	0	18000	18000	18000	18000	100	NaN	0.047143815948732695	0.08322635023744411	0.03241332167939507	0.05484854974220703	5.010162502530894	0.07583340181782179	1.6781060731356469e-7	NaN	0.01720848249128008	0.00048692892875570095	0.001974659902913079	-0.000012948201790812042	NaN	438.4537747010794	26.305640298900727	96345.62283398438	11.460962282392714	21.251118461396953	97.35785493596394	97.36677972200182	97.34892994054158	0.017851078390458356	0.00028871441867926875	-1	0	2.007883493774467	89.80220253570002	1.0000589168601566	-273.1499938964844	9.00057991358969	-273.1499938964844	003
