DATAH	filename	date	time	DOY	daytime	file_records	used_records	Tau	qc_Tau	rand_err_Tau	H	qc_H	rand_err_H	LE	qc_LE	rand_err_LE	co2_flux	qc_co2_flux	rand_err_co2_flux	h2o_flux	qc_h2o_flux	rand_err_h2o_flux	ch4_flux	qc_ch4_flux	rand_err_ch4_flux	none_flux	qc_none_flux	rand_err_none_flux	H_strg	LE_strg	co2_strg	h2o_strg	ch4_strg	none_strg	co2_v-adv	h2o_v-adv	ch4_v-adv	none_v-adv	co2_molar_density	co2_mole_fraction	co2_mixing_ratio	co2_time_lag	co2_def_timelag	h2o_molar_density	h2o_mole_fraction	h2o_mixing_ratio	h2o_time_lag	h2o_def_timelag	ch4_molar_density	ch4_mole_fraction	ch4_mixing_ratio	ch4_time_lag	ch4_def_timelag	none_molar_density	none_mole_fraction	none_mixing_ratio	none_time_lag	none_def_timelag	sonic_temperature	air_temperature	air_pressure	air_density	air_heat_capacity	air_molar_volume	ET	water_vapor_density	e	es	specific_humidity	RH	VPD	Tdew	u_unrot	v_unrot	w_unrot	u_rot	v_rot	w_rot	wind_speed	max_wind_speed	wind_dir	yaw	pitch	roll	u*	TKE	L	(z-d)/L	bowen_ratio	T*	model	x_peak	x_offset	x_10%	x_30%	x_50%	x_70%	x_90%	un_Tau	Tau_scf	un_H	H_scf	un_LE	LE_scf	un_co2_flux	co2_scf	un_h2o_flux	h2o_scf	un_ch4_flux	ch4_scf	un_none_flux	un_none_scf	spikes_hf	amplitude_resolution_hf	drop_out_hf	absolute_limits_hf	skewness_kurtosis_hf	skewness_kurtosis_sf	discontinuities_hf	discontinuities_sf	timelag_hf	timelag_sf	attack_angle_hf	non_steady_wind_hf	u_spikes	v_spikes	w_spikes	ts_spikes	co2_spikes	h2o_spikes	ch4_spikes	none_spikes	head_detect_LI-7200	t_out_LI-7200	t_in_LI-7200	aux_in_LI-7200	delta_p_LI-7200	chopper_LI-7200	detector_LI-7200	pll_LI-7200	sync_LI-7200	chopper_LI-7500	detector_LI-7500	pll_LI-7500	sync_LI-7500	not_ready_LI-7700	no_signal_LI-7700	re_unlocked_LI-7700	bad_temp_LI-7700	laser_temp_unregulated_LI-7700	block_temp_unregulated_LI-7700	motor_spinning_LI-7700	pump_on_LI-7700	top_heater_on_LI-7700	bottom_heater_on_LI-7700	calibrating_LI-7700	motor_failure_LI-7700	bad_aux_tc1_LI-7700	bad_aux_tc2_LI-7700	bad_aux_tc3_LI-7700	box_connected_LI-7700	mean_value_RSSI_LI-7200	mean_value_LI-7500	u_var	v_var	w_var	ts_var	co2_var	h2o_var	ch4_var	none_var	w/ts_cov	w/co2_cov	w/h2o_cov	w/ch4_cov	w/none_cov	co2_mean	h2o_mean	air_p_mean	vin_sf_mean	dew_point_mean	avg_signal_strength_7200_mean	co2_signal_strength_7200_mean	h2o_signal_strength_7200_mean	delta_signal_strength_7200_mean	flowrate_mean	hit_power_mean	hit_vin_mean	ch4_mean	rssi_77_mean	ch4_aux-1_mean	ch4_aux-2_mean	ch4_aux-3_mean	ch4_aux-4_mean	CHK
DATAU		[yyyy-mm-dd]	[HH:MM]	[ddd.ddd]	[1=daytime]	[#]	[#]	[kg+1m-1s-2]	[#]	[kg+1m-1s-2]	[W+1m-2]	[#]	[W+1m-2]	[W+1m-2]	[#]	[W+1m-2]	[µmol+1s-1m-2]	[#]	[µmol+1s-1m-2]	[mmol+1s-1m-2]	[#]	[mmol+1s-1m-2]	[µmol+1s-1m-2]	[#]	[µmol+1s-1m-2]	[µmol+1s-1m-2]	[#]	[µmol+1s-1m-2]	[W+1m-2]	[W+1m-2]	[µmol+1s-1m-2]	[mmol+1s-1m-2]	[µmol+1s-1m-2]	[µmol+1s-1m-2]	[µmol+1s-1m-2]	[mmol+1s-1m-2]	[µmol+1s-1m-2]	[µmol+1s-1m-2]	[mmol+1m-3]	[µmol+1mol_a-1]	[µmol+1mol_d-1]	[s]	[1=default]	[mmol+1m-3]	[mmol+1mol_a-1]	[mmol+1mol_d-1]	[s]	[1=default]	[mmol+1m-3]	[µmol+1mol_a-1]	[µmol+1mol_d-1]	[s]	[1=default]	[mmol+1m-3]	[µmol+1mol_a-1]	[µmol+1mol_d-1]	[s]	[1=default]	[K]	[K]	[Pa]	[kg+1m-3]	[J+1kg-1K-1]	[m+3mol-1]	[mm]	[kg+1m-3]	[Pa]	[Pa]	[kg+1kg-1]	[%]	[Pa]	[K]	[m+1s-1]	[m+1s-1]	[m+1s-1]	[m+1s-1]	[m+1s-1]	[m+1s-1]	[m+1s-1]	[m+1s-1]	[deg_from_north]	[deg]	[deg]	[deg]	[m+1s-1]	[m+2s-2]	[m]	[#]	[#]	[K]	[0=KJ/1=KM/2=HS]	[m]	[m]	[m]	[m]	[m]	[m]	[m]	[kg+1m-1s-2]	[#]	[W+1m-2]	[#]	[W+1m-2]	[#]	[µmol+1s-1m-2]	[#]	[mmol+1s-1m-2]	[#]	[µmol+1s-1m-2]	[#]	[µmol+1s-1m-2]	[#]	8u/v/w/ts/co2/h2o/ch4/none	8u/v/w/ts/co2/h2o/ch4/none	8u/v/w/ts/co2/h2o/ch4/none	8u/v/w/ts/co2/h2o/ch4/none	8u/v/w/ts/co2/h2o/ch4/none	8u/v/w/ts/co2/h2o/ch4/none	8u/v/w/ts/co2/h2o/ch4/none	8u/v/w/ts/co2/h2o/ch4/none	8co2/h2o/ch4/none	8co2/h2o/ch4/none	8aa	8U	[#]	[#]	[#]	[#]	[#]	[#]	[#]	[#]	[#_flagged_recs]	[#_flagged_recs]	[#_flagged_recs]	[#_flagged_recs]	[#_flagged_recs]	[#_flagged_recs]	[#_flagged_recs]	[#_flagged_recs]	[#_flagged_recs]	[#_flagged_recs]	[#_flagged_recs]	[#_flagged_recs]	[#_flagged_recs]	[#_flagged_recs]	[#_flagged_recs]	[#_flagged_recs]	[#_flagged_recs]	[#_flagged_recs]	[#_flagged_recs]	[#_flagged_recs]	[#_flagged_recs]	[#_flagged_recs]	[#_flagged_recs]	[#_flagged_recs]	[#_flagged_recs]	[#_flagged_recs]	[#_flagged_recs]	[#_flagged_recs]	[#_flagged_recs]	[#]	[#]	[m+2s-2]	[m+2s-2]	[m+2s-2]	[K+2]	--	--	--	--	[m+1s-1K+1]	--	--	--	--	--	--	--	--	--	--	--	--	--	--	--	--	--	--	--	--	--	--	207
DATA	2025-08-22T233000_AIU-0547.ghg	2025-08-23	00:00:00	235	0	18000	18000	0.04293067146737421	1	NaN	32.85630827285529	1	NaN	NaN	NaN	NaN	NaN	NaN	NaN	NaN	NaN	NaN	0.04587457534046637	1	NaN	NaN	NaN	NaN	NaN	NaN	NaN	NaN	NaN	NaN	NaN	NaN	1.6158496788319795e-12	NaN	NaN	NaN	NaN	NaN	0	NaN	NaN	NaN	NaN	0	0.08759900000774196	2.237094909695583	2.237094909695583	0	1	NaN	NaN	NaN	NaN	9	295.1794271146986	293.4604526206123	95537.60327864584	1.1341809217513035	1005.5607027987013	0.025537904650713702	NaN	NaN	NaN	NaN	NaN	NaN	NaN	NaN	0.023180919517912898	-0.1887209434798639	0.22758834675942277	0.2965626495671882	7.613650610092143e-15	1.844598315835993e-14	0.2965626495671882	1.0497054209592258	54.99733770091365	277.0026622990863	50.12284083334822	NaN	0.19455512331282554	0.07017587869552429	-18.895863295248727	-0.1534727445201824	NaN	0.14807626870916119	1	0.7990878049738352	1	1	1	2	4	14	0.04156424255624112	1.0328751067527373	31.963692867057013	1.0279259161171028	NaN	1	NaN	1	NaN	1	0.039346298543607265	1.165918448202284	NaN	NaN	800009909	800009909	800009909	800009909	800009909	800019909	899999999	899999999	89999	89999	89	89	3	0	0	29	0	0	1	NaN	0	0	0	0	0	0	0	0	0	NaN	NaN	NaN	NaN	0	0	0	0	0	0	0	0	17901	0	0	0	18000	18000	18000	18000	6	NaN	0.03874844168388195	0.03630667965267099	0.06529663605449564	0.041636474854062216	NaN	NaN	1.1307372109548427e-7	NaN	0.02802633562079777	NaN	NaN	0.00003934629854360727	NaN	NaN	NaN	95929.13607421875	11.66326992225647	NaN	0	0	0	0	0.0002868643755597683	-1	0	2.1101233683708642	67.58805406508927	1.0000692519471048	-498.4828783586307	9.00048563656542	-387.7746237097815	046
DATA	2025-08-23T000000_AIU-0547.ghg	2025-08-23	00:30:00	235.02	0	18000	18000	0.029609792703275812	1	NaN	5.873297504089664	1	NaN	NaN	NaN	NaN	NaN	NaN	NaN	NaN	NaN	NaN	0.009470300213825437	1	NaN	NaN	NaN	NaN	NaN	NaN	NaN	NaN	NaN	NaN	NaN	NaN	-2.5878854060615274e-12	NaN	NaN	NaN	NaN	NaN	0	NaN	NaN	NaN	NaN	0	0.08749524921197688	2.235457371582839	2.235457371582839	-0.1	0	NaN	NaN	NaN	NaN	9	295.33478312937416	293.58734522154094	95535.64319846779	1.133667453560401	1005.5639840436232	0.02554947144806619	NaN	NaN	NaN	NaN	NaN	NaN	NaN	NaN	-0.1612793546132218	0.11449383928237745	0.2308370826257643	0.303982940595774	9.750718159130657e-14	-2.9577439110914404e-14	0.303982940595774	1.5054067497312418	187.371326310184	144.628673689816	49.4091409591469	NaN	0.16161246117556632	0.06887890303976116	-60.589180048259315	-0.04786333133556434	NaN	0.031879519523381035	1	1.3011015741791605	1	1	2	3	6	17	0.028685088456486114	1.0322364091082525	5.716088244307414	1.0275029448572304	NaN	1	NaN	1	NaN	1	0.008126982727050322	1.165291047353151	NaN	NaN	800009909	800009909	800009909	800009919	800009919	800019919	899999999	899999999	89999	89999	89	89	2	1	0	14	0	0	6	NaN	0	0	0	0	0	0	0	0	0	NaN	NaN	NaN	NaN	0	0	0	0	0	0	101	0	17802	0	0	11	18000	18000	18000	18000	6	NaN	0.029007078626467946	0.07265156831872345	0.03609915913433092	0.045278613006201014	NaN	NaN	1.2194764338507955e-7	NaN	0.005014221747056895	NaN	NaN	0.000008126982727050323	NaN	NaN	NaN	95925.24793511284	11.670000076293945	NaN	0	0	0	0	0.00028638133417310504	-1	0	2.1088963522778617	61.78023189629468	1.0000797183778551	-300.1608700307267	9.000595433473586	-273.1499938964844	034
DATA	2025-08-23T003000_AIU-0547.ghg	2025-08-23	01:00:00	235.041	0	18000	18000	0.022835784904640017	1	NaN	20.73303656515885	1	NaN	NaN	NaN	NaN	NaN	NaN	NaN	NaN	NaN	NaN	-0.02758987101702192	1	NaN	NaN	NaN	NaN	NaN	NaN	NaN	NaN	NaN	NaN	NaN	NaN	6.499247133156671e-13	NaN	NaN	NaN	NaN	NaN	0	NaN	NaN	NaN	NaN	0	0.08779864654387978	2.2424778404433487	2.2424778404433487	-0.7	0	NaN	NaN	NaN	NaN	9	295.2205358937582	293.4671627721409	95527.67206567797	1.134037092258312	1005.5608760730361	0.025541143613445214	NaN	NaN	NaN	NaN	NaN	NaN	NaN	NaN	-0.1421465725415168	-0.004444870585018236	0.24297104469149322	0.2815321180936466	-2.4059324372278155e-14	7.402445697051257e-15	0.2815321180936466	1.114499998227687	150.2089658316106	181.79103416838942	59.658666019146416	NaN	0.14190390340908599	0.08513703072988274	-11.618376321262264	-0.2496045849963425	NaN	0.1281247244102659	1	1.360437014352254	1	1	2	3	5	13	0.022079332927894435	1.0342606354646657	20.1517700897356	1.0288444376268129	NaN	1	NaN	1	NaN	1	-0.023635937912610608	1.1672847982182992	NaN	NaN	800009909	800009909	800009909	800009919	800009919	800009919	899999999	899999999	89999	89999	89	89	6	1	1	12	0	0	1	NaN	0	0	0	0	0	0	0	0	0	NaN	NaN	NaN	NaN	0	300	0	0	0	0	0	0	17202	0	0	0	18000	18000	18000	18000	6	NaN	0.014190659319422854	0.1221945608297577	0.03388884131058491	0.08012970921167918	NaN	NaN	6.506059689429491e-7	NaN	0.017671669158233785	NaN	NaN	-0.000023635937912610607	NaN	NaN	NaN	95911.86142838541	11.67989869240802	NaN	0	0	0	0	0.00028639045214448643	-1	0	2.1154624069117367	58.95530129928037	1.0000810500598616	-370.7363729943387	9.000535502486759	-284.6972443813727	177
DATA	2025-08-23T010000_AIU-0547.ghg	2025-08-23	01:30:00	235.062	0	18000	18000	0.008555013767052136	1	NaN	23.215046162259437	1	NaN	NaN	NaN	NaN	NaN	NaN	NaN	NaN	NaN	NaN	-0.0050225018775036726	2	NaN	NaN	NaN	NaN	NaN	NaN	NaN	NaN	NaN	NaN	NaN	NaN	5.575769135795342e-14	NaN	NaN	NaN	NaN	NaN	0	NaN	NaN	NaN	NaN	0	0.08776010888677971	2.2364305470012433	2.2364305470012433	0.8	0	NaN	NaN	NaN	NaN	9	294.41306086561417	292.75485735872087	95511.544402665	1.136604409670747	1005.5426318181698	0.02548345228110972	NaN	NaN	NaN	NaN	NaN	NaN	NaN	NaN	0.08457332937411702	-0.48818250471715374	0.2031699833519661	0.535493088740237	-4.765686051258866e-14	6.353420940929669e-16	0.535493088740237	1.3518539105726468	52.1715602587322	279.8284397412678	22.296973873833878	NaN	0.08675723214297222	0.05358741744634638	-2.3708965495703334	-1.2231659793530651	NaN	0.23412836852720675	1	7.154308331112374	3	6	9	14	23	52	0.00838202337627297	1.0206382615525567	22.762320902645207	1.019889239834134	NaN	1	NaN	1	NaN	1	-0.004351158589417824	1.1542906962110229	NaN	NaN	800009909	800009909	800009909	800009919	800009919	800009919	899999999	899999999	89999	89999	89	89	6	13	0	33	0	0	13	NaN	0	0	0	0	0	0	0	0	0	NaN	NaN	NaN	NaN	0	113	0	0	0	0	0	0	18000	17998	0	0	18000	18000	18000	18000	6	NaN	0.029769364484833603	0.05461420686090359	0.02279126354695557	0.08039443600508286	NaN	NaN	6.889703645758477e-7	NaN	0.019916210923917238	NaN	NaN	-0.000004351158589417825	NaN	NaN	NaN	95892.13751367187	11.656884535471605	NaN	0	0	0	0	0.00028589665521414846	-1	0	2.1079596701937695	68.52630390738034	1.0000767179561987	-356.3628723907267	9.000661317984264	-302.623745134139	231
DATA	2025-08-23T013000_AIU-0547.ghg	2025-08-23	02:00:00	235.083	0	18000	18000	0.004009981122667934	1	NaN	14.142185869785306	0	NaN	NaN	NaN	NaN	NaN	NaN	NaN	NaN	NaN	NaN	-0.0034076918358090656	0	NaN	NaN	NaN	NaN	NaN	NaN	NaN	NaN	NaN	NaN	NaN	NaN	-1.7137421231737182e-13	NaN	NaN	NaN	NaN	NaN	0	NaN	NaN	NaN	NaN	0	0.08789307473023429	2.2355237287458105	2.2355237287458105	-0.3	0	NaN	NaN	NaN	NaN	9	293.74811978912356	292.13330478791926	95491.88478943295	1.138788236484005	1005.5269584643474	0.025434583277547048	NaN	NaN	NaN	NaN	NaN	NaN	NaN	NaN	0.009188337575715588	-0.5488134801159624	0.20163109281713767	0.5847527332941946	-1.2487525955671318e-14	-1.9498033587215137e-15	0.5847527332941946	1.3117447387393288	61.04083299194275	270.95916700805725	20.1704591546204	NaN	0.059340291846076115	0.04167869991516656	-1.2451652227175944	-2.32900818870503	NaN	0.20812783757464837	1	10.743509406665464	5	8	14	20	32	70	0.003934112934375436	1.0192847001491945	13.878290456012687	1.0190149798787564	NaN	1	NaN	1	NaN	1	-0.002955257900552679	1.1530945692326122	NaN	NaN	800009909	800009909	800009909	800009919	800009919	800019919	899999999	899999999	89999	89999	89	89	2	11	0	29	0	0	22	NaN	0	0	0	0	0	0	0	0	0	NaN	NaN	NaN	NaN	0	116	0	0	0	0	0	0	17901	18000	0	0	18000	18000	18000	18000	6	NaN	0.022307563405273505	0.043884143294064905	0.017165693130994707	0.058451063722077756	NaN	NaN	3.1621842140420603e-7	NaN	0.012119906838309503	NaN	NaN	-0.000002955257900552679	NaN	NaN	NaN	95875.08967361112	11.609999656677246	NaN	0	0	0	0	0.0002855060550435963	-1	0	2.1041721368616373	68.77271100052671	1.0000786086436775	-273.1903688981798	9.000820601993137	-273.1499938964844	172
DATA	2025-08-23T020000_AIU-0547.ghg	2025-08-23	02:30:00	235.104	0	18000	18000	0.010442244841369795	1	NaN	21.059638103472604	0	NaN	NaN	NaN	NaN	NaN	NaN	NaN	NaN	NaN	NaN	0.00811283703256461	2	NaN	NaN	NaN	NaN	NaN	NaN	NaN	NaN	NaN	NaN	NaN	NaN	-2.779258581231515e-13	NaN	NaN	NaN	NaN	NaN	0	NaN	NaN	NaN	NaN	0	0.08833045513601716	2.2443170503135303	2.2443170503135303	0	1	NaN	NaN	NaN	NaN	9	293.42161831410726	291.82994071076325	95491.81025864113	1.13997114386018	1005.519392105655	0.025408190718111668	NaN	NaN	NaN	NaN	NaN	NaN	NaN	NaN	0.3645469329770144	-0.44610394699460915	0.20036221387881872	0.609957551488237	1.0124238201975534e-13	-3.1464329906959343e-15	0.609957551488237	1.7655275257356406	22.745015529861348	309.25498447013865	19.176877522340302	NaN	0.095708389182856	0.17344024245231945	-3.5082464657834493	-0.8266237929074296	NaN	0.1919625843441891	1	8.460531351290099	4	7	11	17	27	63	0.01025084197922994	1.018671916173098	20.674651776851494	1.0186211758619395	NaN	1	NaN	1	NaN	1	0.007038940074955697	1.1525651513116018	NaN	NaN	800009909	800009909	800009909	800009919	800009919	800019919	899999999	899999999	89999	89999	89	89	1	6	0	41	0	0	11	NaN	0	0	0	0	0	0	0	0	0	NaN	NaN	NaN	NaN	0	77	0	0	0	0	0	0	18000	603	0	0	18000	18000	18000	18000	6	NaN	0.03887427130595828	0.2834486416790939	0.02455757191958675	0.04583931580078689	NaN	NaN	3.2244831925088456e-7	NaN	0.01803656763311841	NaN	NaN	0.000007038940074955696	NaN	NaN	NaN	95875.93816449653	11.64980993509293	NaN	0	0	0	0	0.0002848238823644352	-1	0	2.112233675525144	71.51959763544664	1.0000736773278978	-327.1313711632593	9.000680955648422	-298.98999498155007	038
DATA	2025-08-23T023000_AIU-0547.ghg	2025-08-23	03:00:00	235.124	0	18000	18000	0.010870752433801964	1	NaN	17.25119010047199	0	NaN	NaN	NaN	NaN	NaN	NaN	NaN	NaN	NaN	NaN	-0.010771300140488067	1	NaN	NaN	NaN	NaN	NaN	NaN	NaN	NaN	NaN	NaN	NaN	NaN	5.111092605526065e-13	NaN	NaN	NaN	NaN	NaN	0	NaN	NaN	NaN	NaN	0	0.08852356849089195	2.2477805896900023	2.2477805896900023	0.7	0	NaN	NaN	NaN	NaN	9	293.14498940955275	291.6024710553853	95478.63817629626	1.140703028884655	1005.5137545629166	0.02539188860107094	NaN	NaN	NaN	NaN	NaN	NaN	NaN	NaN	0.1027257293386458	-0.5658813541696879	0.1964453045051441	0.6077540951134673	-4.537000893891202e-15	5.773708282051392e-15	0.6077540951134673	1.3930402874662056	51.71101140854063	280.2889885914594	18.85846898541572	NaN	0.09762105691834749	0.07717828546247736	-4.544197763288408	-0.6381764507320683	NaN	0.15406888696486976	1	8.786663099044842	4	7	12	18	29	68	0.01067095464984098	1.018723515422677	16.935273612399715	1.0186543480372805	NaN	1	NaN	1	NaN	1	-0.009345144645145052	1.1526092478497831	NaN	NaN	800009909	800009909	800009909	800009919	800009919	800009919	899999999	899999999	89999	89999	89	89	0	0	0	48	0	0	1	NaN	0	0	0	0	0	0	0	0	0	NaN	NaN	NaN	NaN	0	1	0	0	0	0	0	0	17901	0	0	0	18000	18000	18000	18000	6	NaN	0.027652400407510665	0.10611962675654808	0.020584543760895968	0.045507301258276345	NaN	NaN	2.0163248144465562e-7	NaN	0.014764937304516912	NaN	NaN	-0.000009345144645145052	NaN	NaN	NaN	95865.80586458334	11.670000076293945	NaN	0	0	0	0	0.0002847225005292179	-1	0	2.1144025628235616	70.75171665068542	1.0001122511459721	-273.1499938964844	9.001023533105851	-273.1499938964844	162
DATA	2025-08-23T030000_AIU-0547.ghg	2025-08-23	03:30:00	235.145	0	18000	18000	0.045484648316110175	1	NaN	8.46382337395231	1	NaN	NaN	NaN	NaN	NaN	NaN	NaN	NaN	NaN	NaN	0.004848944295905484	1	NaN	NaN	NaN	NaN	NaN	NaN	NaN	NaN	NaN	NaN	NaN	NaN	4.765693435940226e-13	NaN	NaN	NaN	NaN	NaN	0	NaN	NaN	NaN	NaN	0	0.08857594723521478	2.249326246066816	2.249326246066816	0	1	NaN	NaN	NaN	NaN	9	293.1811971172757	291.6324943685138	95479.31337824275	1.1405936604409401	1005.5144968899173	0.02539432336064887	NaN	NaN	NaN	NaN	NaN	NaN	NaN	NaN	0.4419471869529272	-0.058684124921483206	0.23863479093439505	0.5056754947767413	1.335879570140772e-14	5.3803471311290135e-15	0.5056754947767413	1.80574364416619	339.5637941048924	352.4362058951076	28.15853904515436	NaN	0.19969488633599647	0.16056364175406715	-79.28344665595009	-0.03657762272349899	NaN	0.03695560854335267	1	2.4061425339889126	1	2	4	6	12	36	0.04452396539246013	1.0215767601825674	8.293812527412392	1.0204985157282016	NaN	1	NaN	1	NaN	1	0.004197721325194227	1.1551372566832137	NaN	NaN	800009909	800009909	800009909	800009919	800009919	800019919	899999999	899999999	89999	89999	89	89	4	3	0	37	0	0	5	NaN	0	0	0	0	0	0	0	0	0	NaN	NaN	NaN	NaN	0	191	0	0	0	0	0	0	17304	0	0	0	18000	18000	18000	18000	6	NaN	0.09764673832775767	0.1904182815853837	0.03306226359499293	0.06692718951269451	NaN	NaN	4.3761113594643147e-7	NaN	0.007231608800799012	NaN	NaN	0.000004197721325194227	NaN	NaN	NaN	95869.2162404514	11.66010480176545	NaN	0	0	0	0	0.0002840444454341196	-1	0	2.117015287942467	70.39218426675197	1.0001084825628335	-273.1499938964844	9.000983927196927	-273.1499938964844	202
DATA	2025-08-23T033000_AIU-0547.ghg	2025-08-23	04:00:00	235.166	0	18000	18000	0.028219153074154492	1	NaN	31.581380302944513	0	NaN	NaN	NaN	NaN	NaN	NaN	NaN	NaN	NaN	NaN	0.01830382242937232	1	NaN	NaN	NaN	NaN	NaN	NaN	NaN	NaN	NaN	NaN	NaN	NaN	1.697019833227097e-13	NaN	NaN	NaN	NaN	NaN	0	NaN	NaN	NaN	NaN	0	0.08873484992306596	2.2548771422030374	2.2548771422030374	0	1	NaN	NaN	NaN	NaN	9	293.3022714123196	291.7998800799882	95469.89923862455	1.1398269829822514	1005.5186453275555	0.025411404247125444	NaN	NaN	NaN	NaN	NaN	NaN	NaN	NaN	0.14270023996008993	-0.26525741845484774	0.22291546495306366	0.37472144460283985	-2.461110642746749e-14	1.9124614902695286e-15	0.37472144460283985	1.3015087515298844	33.721130717232654	298.2788692827674	36.504300981332214	NaN	0.157344845677206	0.08726104843012504	-10.39312027144493	-0.2790307361272189	NaN	0.17512555504969227	1	1.9490327527114557	1	2	3	4	8	20	0.02746903370952694	1.0273078176888104	30.833677283301096	1.0242495571570491	NaN	1	NaN	1	NaN	1	0.015772254799047508	1.1605076549028166	NaN	NaN	800009909	800009909	800009909	800009919	800009919	800019919	899999999	899999999	89999	89999	89	89	2	1	0	39	0	0	22	NaN	0	0	0	0	0	0	0	0	0	NaN	NaN	NaN	NaN	0	193	0	0	0	0	0	0	17604	0	0	0	18000	18000	18000	18000	6	NaN	0.03476808818213944	0.10632966689738492	0.03342434178072572	0.06121893878938609	NaN	NaN	0.0000012526079844893333	NaN	0.026902724283242058	NaN	NaN	0.000015772254799047506	NaN	NaN	NaN	95862.0139233941	11.65999984741211	NaN	0	0	0	0	0.00028526319162726094	-1	0	2.1223693431942325	70.09195693476978	1.0000881226658822	-296.04261985778544	9.000857555601332	-273.1499938964844	081
DATA	2025-08-23T040000_AIU-0547.ghg	2025-08-23	04:30:00	235.187	0	18000	18000	0.04446216190257735	1	NaN	32.0119704037945	1	NaN	NaN	NaN	NaN	NaN	NaN	NaN	NaN	NaN	NaN	-0.022286128293956244	2	NaN	NaN	NaN	NaN	NaN	NaN	NaN	NaN	NaN	NaN	NaN	NaN	-1.636482799580898e-13	NaN	NaN	NaN	NaN	NaN	0	NaN	NaN	NaN	NaN	0	0.08886758665659097	2.257421345122207	2.257421345122207	-0.4	0	NaN	NaN	NaN	NaN	9	293.2355946790907	291.66262091206875	95460.02711882872	1.1402454763303214	1005.5152423079691	0.02540207774343541	NaN	NaN	NaN	NaN	NaN	NaN	NaN	NaN	0.5071753054558777	-0.009920829513666914	0.2763742415930278	0.5776745924295044	4.6389635508987585e-14	-1.841484461488441e-15	0.5776745924295044	1.9180564463881402	333.1206168210636	358.8793831789366	28.582617743699004	NaN	0.19746771870605043	0.09919502417300669	-20.265712722987725	-0.14309884086684418	NaN	0.14139344678603952	1	3.105570230995316	1	3	5	7	13	36	0.04361320359641364	1.0194656259150274	31.411023115294146	1.0191317323951714	NaN	1	NaN	1	NaN	1	-0.019324593442006835	1.1532521168342809	NaN	NaN	800009909	800009919	800009909	800009919	800009919	800019919	899999999	899999999	89999	89999	89	89	2	8	0	49	0	0	13	NaN	0	0	0	0	0	0	0	0	0	NaN	NaN	NaN	NaN	0	216	0	0	0	0	0	0	17703	0	0	0	18000	18000	18000	18000	6	NaN	0.07841295954458169	0.08154072317168676	0.03843636562974491	0.06757472946672581	NaN	NaN	3.091121512540052e-7	NaN	0.027396498891468373	NaN	NaN	-0.000019324593442006836	NaN	NaN	NaN	95846.02759505209	11.65999984741211	NaN	0	0	0	0	0.00028484909163994915	-1	0	2.1366720982331926	68.17898011433692	1.0001066226743989	-292.20699469672223	9.000947919686636	-273.1499938964844	174
DATA	2025-08-23T043000_AIU-0547.ghg	2025-08-23	05:00:00	235.208	0	18000	18000	0.0417640153214304	1	NaN	28.382139047552446	1	NaN	NaN	NaN	NaN	NaN	NaN	NaN	NaN	NaN	NaN	0.02829331321228801	1	NaN	NaN	NaN	NaN	NaN	NaN	NaN	NaN	NaN	NaN	NaN	NaN	-1.9627656737274473e-12	NaN	NaN	NaN	NaN	NaN	0	NaN	NaN	NaN	NaN	0	0.08926470970825684	2.2673587317531227	2.2673587317531227	0	1	NaN	NaN	NaN	NaN	9	293.20776063198514	291.6296182953398	95455.55538063102	1.140321093774435	1005.5144257557425	0.025400393270347415	NaN	NaN	NaN	NaN	NaN	NaN	NaN	NaN	0.45761040578520734	-0.09518596636552798	0.2729003460536822	0.5412413976702474	-1.0139291086942845e-14	-2.1988148285502067e-14	0.5412413976702474	1.4984202120879033	343.7503438493025	348.2496561506975	30.279049584023245	NaN	0.19137603135696862	0.08832838325132669	-20.805999919654532	-0.13938287086411524	NaN	0.1293427574836737	1	2.915106971533771	1	2	4	7	12	34	0.04092632585542127	1.0204682303749524	27.831647175639894	1.0197793493298657	NaN	1	NaN	1	NaN	1	0.024514664931214545	1.1541382797470794	NaN	NaN	800009909	800009919	800009909	800009919	800009919	800009919	899999999	899999999	89999	89999	89	89	3	6	0	26	0	0	15	NaN	0	0	0	0	0	0	0	0	0	NaN	NaN	NaN	NaN	0	552	0	0	0	0	0	0	17604	0	0	0	18000	18000	18000	18000	6	NaN	0.06813684204133169	0.07366324577377237	0.03485667868754931	0.07549330833465999	NaN	NaN	7.973210181799976e-7	NaN	0.024272999476071457	NaN	NaN	0.000024514664931214543	NaN	NaN	NaN	95847.30312326389	11.679904670238493	NaN	0	0	0	0	0.0002846358784914223	-1	0	2.1382850699932843	61.15854975399471	1.0001324192815357	-273.1499938964844	9.001128531376521	-273.1499938964844	054
DATA	2025-08-23T050000_AIU-0547.ghg	2025-08-23	05:30:00	235.229	0	18000	18000	0.10079789822368695	1	NaN	38.59991269692628	1	NaN	NaN	NaN	NaN	NaN	NaN	NaN	NaN	NaN	NaN	-0.015402462729483424	1	NaN	NaN	NaN	NaN	NaN	NaN	NaN	NaN	NaN	NaN	NaN	NaN	1.855637738936559e-12	NaN	NaN	NaN	NaN	NaN	0	NaN	NaN	NaN	NaN	0	0.08955365964225936	2.2782388170331784	2.2782388170331784	0.9	0	NaN	NaN	NaN	NaN	9	293.6922253680759	292.10102471997317	95461.26644431472	1.1385489045578239	1005.5261507494021	0.025439929826810818	NaN	NaN	NaN	NaN	NaN	NaN	NaN	NaN	0.4798621391845868	0.16923651906626452	0.2719030843706998	0.5769228365203861	7.782972339997344e-15	2.072095932594255e-14	0.5769228365203861	1.896430221701163	312.5734068081298	19.426593191870268	28.11864246189039	NaN	0.2975431068000989	0.20364207358469247	-57.498704129429804	-0.05043591927692994	NaN	0.11331603488932855	0	92.75414786078227	-14.07579978566639	31.83949744067593	79.28485052177695	120.91439961918537	169.58416470769555	254.0679810129234	0.09887138158120545	1.0194850786109346	37.87482605954136	1.0191442895670344	NaN	1	NaN	1	NaN	1	-0.01335547970253808	1.1532691503814974	NaN	NaN	800009909	800009909	800009909	800009919	800009919	800009919	899999999	899999999	89999	89999	89	89	2	0	0	18	0	0	2	NaN	0	0	0	0	0	0	0	0	0	NaN	NaN	NaN	NaN	0	226	0	0	0	0	0	0	17107	0	0	0	18000	18000	18000	18000	6	NaN	0.2188767702440223	0.13169818029676836	0.056709196628594236	0.09488935898192462	NaN	NaN	7.027202627155821e-7	NaN	0.03308305351498662	NaN	NaN	-0.00001335547970253808	NaN	NaN	NaN	95856.66131141494	11.6899995803833	NaN	0	0	0	0	0.0002853939118795097	-1	0	2.145844311663178	59.13550067586367	1.0001127345098388	-273.1499938964844	9.001010490655899	-273.1499938964844	197
DATA	2025-08-23T053000_AIU-0547.ghg	2025-08-23	06:00:00	235.249	1	18000	18000	0.033012152981238045	1	NaN	32.411466268305574	0	NaN	NaN	NaN	NaN	NaN	NaN	NaN	NaN	NaN	NaN	0.045966328859546775	0	NaN	NaN	NaN	NaN	NaN	NaN	NaN	NaN	NaN	NaN	NaN	NaN	2.378693704256205e-14	NaN	NaN	NaN	NaN	NaN	0	NaN	NaN	NaN	NaN	0	0.08921020201499133	2.272222145096233	2.272222145096233	0	1	NaN	NaN	NaN	NaN	9	294.1029149509006	292.4466563128839	95459.7769038039	1.137185552383141	1005.5348313712144	0.0254704293205658	NaN	NaN	NaN	NaN	NaN	NaN	NaN	NaN	0.14567965390185447	-0.16579395738063044	0.2531873119375215	0.3358779730661805	1.5785861780814046e-14	2.6663920163037825e-16	0.3358779730661805	1.3612833275939624	20.69490900782631	311.3050909921737	48.92127453455245	NaN	0.17038103722724587	0.11568677088491261	-12.857564291143383	-0.2255481624927665	NaN	0.16636002171079584	1	1.355751378765459	1	1	2	3	5	13	0.03205741915967889	1.0297819926427514	31.593807806790217	1.025880339163791	NaN	1	NaN	1	NaN	1	0.03952750341815581	1.1628948171422706	NaN	NaN	800009909	800009919	800009909	800009919	800009919	800009919	899999999	899999999	89999	89999	89	89	4	0	2	13	0	0	0	NaN	0	0	0	0	0	0	0	0	0	NaN	NaN	NaN	NaN	0	766	0	0	0	0	0	0	17006	0	0	0	18000	18000	18000	18000	6	NaN	0.04199287107621416	0.1301303861205827	0.059250284573028354	0.08302072349842288	NaN	NaN	9.910789715665596e-7	NaN	0.027629531408445353	NaN	NaN	0.000039527503418155804	NaN	NaN	NaN	95852.15627039931	11.660306346793782	NaN	0	0	0	0	0.00028567150420793857	-1	0	2.1441390401865603	52.620412923256076	1.0001041754119926	-273.1903688981798	9.000983213716083	-273.1499938964844	198
DATA	2025-08-23T060000_AIU-0547.ghg	2025-08-23	06:30:00	235.27	1	18000	18000	0.05486044661578124	1	NaN	21.136150735188885	1	NaN	NaN	NaN	NaN	NaN	NaN	NaN	NaN	NaN	NaN	-0.024689887901712913	1	NaN	NaN	NaN	NaN	NaN	NaN	NaN	NaN	NaN	NaN	NaN	NaN	1.204973230229274e-12	NaN	NaN	NaN	NaN	NaN	0	NaN	NaN	NaN	NaN	0	0.0888695863550126	2.2646467284414196	2.2646467284414196	-0.2	0	NaN	NaN	NaN	NaN	9	294.3016821551853	292.6081465289227	95466.0883072634	1.1366330850163169	1005.5389115819972	0.025482809376367536	NaN	NaN	NaN	NaN	NaN	NaN	NaN	NaN	0.07073727401490407	-0.07987306796491962	0.23465661450135167	0.2577735355896922	-1.0272501071309744e-14	1.3558893201276935e-14	0.2577735355896922	1.4869352353262806	20.471221491127324	311.5287785088727	65.54972322377832	NaN	0.21969467107304294	0.14337194367942546	-42.27158613039422	-0.06860400248655053	NaN	0.08417578984351919	0	59.05065764999173	-8.961165117281505	20.270179894694422	50.47561400724978	76.97849618093174	107.96343542549023	161.7488997811403	0.05291616950999996	1.0367425897185143	20.51073136913756	1.0304922996062633	NaN	1	NaN	1	NaN	1	-0.021107011866617165	1.1697481414108846	NaN	NaN	800009909	800009909	800009909	800009919	800009919	800009919	899999999	899999999	89999	89999	89	89	1	0	0	17	0	0	1	NaN	0	0	0	0	0	0	0	0	0	NaN	NaN	NaN	NaN	0	394	0	0	0	0	101	0	17703	0	0	16	18000	18000	18000	18000	6	NaN	0.042848121556237184	0.14829436484785888	0.09560140095475483	0.06742237083148138	NaN	NaN	3.918570684715715e-7	NaN	0.017945764824299455	NaN	NaN	-0.000021107011866617165	NaN	NaN	NaN	95855.51106380209	11.6633021452162	NaN	0	0	0	0	0.0002855706931667454	-1	0	2.1368786243019278	55.406423182746146	1.000107497582833	-273.1499938964844	9.000995414998796	-273.1499938964844	141
DATA	2025-08-23T063000_AIU-0547.ghg	2025-08-23	07:00:00	235.291	1	18000	18000	0.06943629827845664	1	NaN	30.02954643733974	0	NaN	NaN	NaN	NaN	NaN	NaN	NaN	NaN	NaN	NaN	-0.05322794046171447	1	NaN	NaN	NaN	NaN	NaN	NaN	NaN	NaN	NaN	NaN	NaN	NaN	-2.6400603485720267e-12	NaN	NaN	NaN	NaN	NaN	0	NaN	NaN	NaN	NaN	0	0.08913856210918354	2.272552354622915	2.272552354622915	0	1	NaN	NaN	NaN	NaN	9	294.5394123848809	292.8084320683141	95487.236860176	1.1361072357418243	1005.5439935345491	0.02549460414045409	NaN	NaN	NaN	NaN	NaN	NaN	NaN	NaN	-0.3678377909194819	0.16775374340939175	0.20920119106716478	0.4552044564810802	2.2760466253482592e-14	-2.96174886166358e-14	0.4552044564810802	2.4934459120663615	176.51552746242288	155.48447253757712	27.359771885413508	NaN	0.24722000856470938	0.1593367839051467	-42.40224316941254	-0.06839260810833601	NaN	0.10632729210433683	0	69.56177654660344	-10.556267961998572	23.878306872580353	59.46036034749238	90.68080125323195	127.18111311792738	190.54048288378738	0.06784699862572802	1.0234247598997837	29.391664064418233	1.0217028328686477	NaN	1	NaN	1	NaN	1	-0.046011601644058514	1.156837374918632	NaN	NaN	800009909	800009919	800009909	800009919	800009919	810009919	899999999	899999999	89999	89999	89	89	26	22	0	10	0	0	16	NaN	0	0	0	0	0	0	0	0	0	NaN	NaN	NaN	NaN	0	229	0	0	0	0	0	0	17703	0	0	0	18000	18000	18000	18000	6	NaN	0.11678508361825345	0.12151225462696129	0.08037622956507864	0.039253892493039476	NaN	NaN	3.7990558432718864e-7	NaN	0.02572786647844787	NaN	NaN	-0.00004601160164405851	NaN	NaN	NaN	95879.74864019097	11.670000076293945	NaN	0	0	0	0	0.0002861608209754599	-1	0	2.15334560522658	59.60124616924597	1.0000892462862863	-273.1499938964844	9.000856961727143	-273.1499938964844	069
DATA	2025-08-23T070000_AIU-0547.ghg	2025-08-23	07:30:00	235.312	1	18000	18000	0.12780931357567976	1	NaN	28.12103941691909	0	NaN	NaN	NaN	NaN	NaN	NaN	NaN	NaN	NaN	NaN	-0.02450140851550849	0	NaN	NaN	NaN	NaN	NaN	NaN	NaN	NaN	NaN	NaN	NaN	NaN	6.251970760194269e-13	NaN	NaN	NaN	NaN	NaN	0	NaN	NaN	NaN	NaN	0	0.09010051555929698	2.294809498361717	2.294809498361717	-0.4	0	NaN	NaN	NaN	NaN	9	294.2725529445815	292.56791975375324	95503.0763169295	1.1372298121167088	1005.5378937624781	0.02546943803946889	NaN	NaN	NaN	NaN	NaN	NaN	NaN	NaN	-0.7054625262549982	0.34899176082086636	0.21813493851643442	0.8167346426303468	2.5001397225818573e-14	6.938884557302805e-15	0.8167346426303468	3.0878725301452383	178.3215664756966	153.6784335243034	15.490689017246805	NaN	0.33524100440879956	0.26533684572293353	-112.92122541112104	-0.02568161999165122	NaN	0.07335463462887225	0	77.39226870952278	-11.744575357953691	26.566261437746686	66.15374727376594	100.88863864313757	141.4977501991279	211.9894140642722	0.12591821459806843	1.0150184703908622	27.669604398155997	1.0163151959914967	NaN	1	NaN	1	NaN	1	-0.021311688803210476	1.1496699647668231	NaN	NaN	800009909	800009909	800009909	800009919	800009919	810009919	899999999	899999999	89999	89999	89	89	19	26	3	24	0	0	14	NaN	0	0	0	0	0	0	0	0	0	NaN	NaN	NaN	NaN	0	38	0	0	0	0	0	0	16409	0	0	0	18000	18000	18000	18000	6	NaN	0.21841782463614565	0.19905301198866784	0.11320285482105354	0.03542588939108805	NaN	NaN	1.40339852968112e-7	NaN	0.02419670736796638	NaN	NaN	-0.000021311688803210476	NaN	NaN	NaN	95889.70997092014	11.676634672588772	NaN	0	0	0	0	0.00028587721113257835	-1	0	2.163404895212916	58.62052517901497	1.0000825350913736	-273.1499938964844	9.000874591668447	-273.1499938964844	029
DATA	2025-08-23T073000_AIU-0547.ghg	2025-08-23	08:00:00	235.333	1	18000	18000	0.10366934441055639	1	NaN	25.126080873687552	0	NaN	NaN	NaN	NaN	NaN	NaN	NaN	NaN	NaN	NaN	-0.0459363444047856	0	NaN	NaN	NaN	NaN	NaN	NaN	NaN	NaN	NaN	NaN	NaN	NaN	2.374837704910143e-13	NaN	NaN	NaN	NaN	NaN	0	NaN	NaN	NaN	NaN	0	0.09069321695759686	2.3068488654743353	2.3068488654743353	0.1	0	NaN	NaN	NaN	NaN	9	293.883908150567	292.2262938637537	95517.94599855713	1.138736557653713	1005.5292887086316	0.025435737565168634	NaN	NaN	NaN	NaN	NaN	NaN	NaN	NaN	-0.7177145099866067	0.3336124450606109	0.1867545742055249	0.813196564387316	2.2804499356606547e-14	2.6185394945473e-15	0.813196564387316	2.8378520471426496	176.93023532079238	155.06976467920762	13.276755019557676	NaN	0.30172656209948523	0.24976537037331387	-92.15013835174337	-0.031470381400085394	NaN	0.07272658926428349	0	72.41408033783267	-10.989116066576061	24.857410463690716	61.89846672813355	94.39906731897877	132.39603414393056	198.35338486377012	0.10213066311906875	1.0150658112313808	24.722013310621595	1.0163444440381542	NaN	1	NaN	1	NaN	1	-0.03995496498297981	1.149703032510572	NaN	NaN	800009909	800009909	800009909	800009919	800009919	800009919	899999999	899999999	89999	89999	89	89	21	37	0	10	0	0	1	NaN	0	0	0	0	0	0	0	0	0	NaN	NaN	NaN	NaN	0	2	0	0	0	0	0	0	15318	0	0	0	18000	18000	18000	18000	6	NaN	0.19883328698251554	0.192415371693427	0.10828208207068521	0.03165741619483373	NaN	NaN	3.002999581391007e-7	NaN	0.021590656475424012	NaN	NaN	-0.00003995496498297981	NaN	NaN	NaN	95904.81548415798	11.680000305175781	NaN	0	0	0	0	0.00028556514751916344	-1	0	2.1723734866446907	52.85785545391513	1.0000826986531417	-273.1499938964844	9.000878112157185	-273.1499938964844	114
DATA	2025-08-23T080000_AIU-0547.ghg	2025-08-23	08:30:00	235.354	1	18000	18000	0.1189436254816444	1	NaN	28.2036776601008	1	NaN	NaN	NaN	NaN	NaN	NaN	NaN	NaN	NaN	NaN	-0.06404138319026681	1	NaN	NaN	NaN	NaN	NaN	NaN	NaN	NaN	NaN	NaN	NaN	NaN	2.723791336441113e-13	NaN	NaN	NaN	NaN	NaN	0	NaN	NaN	NaN	NaN	0	0.09122365633807802	2.3187182618876356	2.3187182618876356	-0.1	0	NaN	NaN	NaN	NaN	9	293.71319594234893	292.0915461442736	95540.71795182291	1.1395334854841752	1005.5259136932362	0.025417949191757733	NaN	NaN	NaN	NaN	NaN	NaN	NaN	NaN	-0.810605201797493	0.2615905040783953	0.1496596584027787	0.8648169739074385	-3.5037775859682167e-15	2.98583881175147e-15	0.8648169739074385	3.541199147027229	169.88541565419405	162.11458434580595	9.965407342036062	NaN	0.32307774294787134	0.23545587486889885	-100.80172157627551	-0.028769349914382198	NaN	0.07618655626516083	0	83.33600594495663	-12.646560414515791	28.60655409160936	71.23436446577988	108.6369004286415	152.3647975232644	228.27023119112016	0.1172537625026338	1.0144120149574958	27.76105811995557	1.015943900201234	NaN	1	NaN	1	NaN	1	-0.05572409267683531	1.1492584286955834	NaN	NaN	800009909	800009909	800009909	800009909	800009909	800009919	899999999	899999999	89999	89999	89	89	6	32	0	3	0	0	0	NaN	0	0	0	0	0	0	0	0	0	NaN	NaN	NaN	NaN	0	0	0	0	0	0	0	0	15015	0	0	0	18000	18000	18000	18000	6	NaN	0.28813413963693424	0.0953961227186428	0.0873814873822207	0.027311295146316594	NaN	NaN	6.92199401381625e-7	NaN	0.024227893524675612	NaN	NaN	-0.00005572409267683531	NaN	NaN	NaN	95928.86518706597	11.670118395689112	NaN	0	0	0	0	0.000285937315674447	-1	0	2.1837174011733778	51.16105466482288	1.000082110815578	-273.1499938964844	9.000891377555	-273.1499938964844	192
DATA	2025-08-23T083000_AIU-0547.ghg	2025-08-23	09:00:00	235.374	1	18000	18000	0.10365965928483055	1	NaN	32.61854174541027	0	NaN	NaN	NaN	NaN	NaN	NaN	NaN	NaN	NaN	NaN	NaN	NaN	NaN	NaN	NaN	NaN	NaN	NaN	NaN	NaN	NaN	NaN	NaN	NaN	NaN	NaN	NaN	NaN	NaN	NaN	0	NaN	NaN	NaN	NaN	0	NaN	NaN	NaN	NaN	0	NaN	NaN	NaN	NaN	9	293.59856365882024	293.59856365882024	95119.61375269944	1.1286875384493729	1005.5642745955091	0.025662199014029934	NaN	NaN	NaN	2396.7544005632367	NaN	NaN	NaN	NaN	-0.636590639941262	0.24275147883102002	0.19581902115872174	0.7088871647752405	9.480265809006476e-15	4.706962773680807e-15	0.7088871647752405	2.8880624700676623	172.873378739909	159.12662126009104	16.03558989582225	NaN	0.3030526063616465	0.19417112024642008	-71.71151781293577	-0.04043980783623687	NaN	0.09483375616484753	0	75.11538715375734	-11.399049797601025	25.784681679434147	64.20750316535577	97.9204935771876	137.33488454106177	205.75268273504744	0.10196012632498117	1.0166686039053385	32.06240180841637	1.0173455482317584	NaN	1	NaN	1	NaN	1	NaN	1	NaN	NaN	800009909	800009919	800009909	800009919	800009909	810009919	899999999	899999999	89999	89999	89	89	40	30	4	15	0	0	0	NaN	0	0	0	0	0	0	0	0	0	NaN	NaN	NaN	NaN	0	4641	0	0	0	0	101	0	13285	0	0	21	18000	18000	18000	18000	6	NaN	0.1872456880678452	0.10141820487144677	0.09967834755354821	0.035339551319314974	NaN	NaN	NaN	NaN	0.028249611969870067	NaN	NaN	NaN	NaN	NaN	NaN	95920.3765483941	11.676604356977673	NaN	0	0	0	0	0.000285711188089206	-1	0	2.2841559370027644	18.242973289582334	1.0000855026675595	-273.1499938964844	9.00091680124071	-273.1499938964844	202
DATA	2025-08-23T090000_AIU-0547.ghg	2025-08-23	09:30:00	235.395	1	18000	18000	0.098181528226544	1	NaN	32.825624358953284	0	NaN	NaN	NaN	NaN	NaN	NaN	NaN	NaN	NaN	NaN	-0.17003670976900156	0	NaN	NaN	NaN	NaN	NaN	NaN	NaN	NaN	NaN	NaN	NaN	NaN	-2.867083473311612e-13	NaN	NaN	NaN	NaN	NaN	0	NaN	NaN	NaN	NaN	0	0.09202404982183024	2.3384970393567825	2.3384970393567825	0.1	0	NaN	NaN	NaN	NaN	9	293.55689640045165	291.99270375941796	95531.48686455285	1.1398090903925209	1005.5234448593343	0.0254118031523759	NaN	NaN	NaN	NaN	NaN	NaN	NaN	NaN	-0.6758348708282654	0.2062611879027306	0.18072458482739534	0.7293543897334834	-2.1060365122620108e-14	-3.1155806323049616e-15	0.7293543897334834	2.6111646163944195	168.97190886085454	163.02809113914546	14.346600743577806	NaN	0.2934937354118661	0.2054552867700313	-64.92396800165862	-0.044667633375796024	NaN	0.09758652250713977	0	76.51974358673148	-11.612166304346644	26.266751797965018	65.40792592202614	99.7512140232347	139.9024959970503	209.5994325761843	0.09660500321150978	1.0163192895049393	32.27293613700246	1.017125439706031	NaN	1	NaN	1	NaN	1	-0.14777649683607974	1.1506343255491693	NaN	NaN	800009909	800009909	800009909	800009919	800009919	801009919	899999999	899999999	89999	89999	89	89	18	32	0	15	0	0	0	NaN	0	0	0	0	0	0	0	0	0	NaN	NaN	NaN	NaN	0	131	0	0	0	0	101	0	12259	0	0	11	18000	18000	18000	18000	6	NaN	0.18793539745098714	0.1337163924833783	0.08925878360569717	0.03359578074283154	NaN	NaN	0.0000021479650393277513	NaN	0.028158801164930462	NaN	NaN	-0.00014777649683607975	NaN	NaN	NaN	95921.9081892361	11.6899995803833	NaN	0	0	0	0	0.0002856324672854194	-1	0	2.2029627277321233	34.827379185307976	1.000091609918409	-273.1499938964844	9.000952241738638	-273.1499938964844	044
DATA	2025-08-23T093000_AIU-0547.ghg	2025-08-23	10:00:00	235.416	1	18000	18000	0.1349599825523701	1	NaN	30.972141794761427	1	NaN	NaN	NaN	NaN	NaN	NaN	NaN	NaN	NaN	NaN	-0.030246653491451118	1	NaN	NaN	NaN	NaN	NaN	NaN	NaN	NaN	NaN	NaN	NaN	NaN	3.2225679458477685e-13	NaN	NaN	NaN	NaN	NaN	0	NaN	NaN	NaN	NaN	0	0.09079628252085017	2.308803327597501	2.308803327597501	-0.2	0	NaN	NaN	NaN	NaN	9	293.75912211269804	292.20677359383984	95539.16186576526	1.1390655747556682	1005.5287991173562	0.025428390496795	NaN	NaN	NaN	NaN	NaN	NaN	NaN	NaN	-0.9227361999283679	0.131357417176762	0.15268960965889042	0.9444633304704763	-4.7583659226506594e-15	3.549228951204856e-15	0.9444633304704763	3.2356280447995105	160.10198456991446	171.89801543008562	9.303733059295366	NaN	0.3442136934707812	0.27722072196993125	-111.00996312579342	-0.026123781310636057	NaN	0.07855970702815389	0	82.33200103621543	-12.494198796138587	28.261911695990875	70.37615617053304	107.32807862870035	150.5291563391434	225.52010619968792	0.13315679644229667	1.0135418255639308	30.501781765175377	1.0154207394573609	NaN	1	NaN	1	NaN	1	-0.02633057523719099	1.1487274098261555	NaN	NaN	800009909	800009909	800009909	800009919	800009919	800009919	899999999	899999999	89999	89999	89	89	9	24	0	1	0	0	5	NaN	0	0	0	0	0	0	0	0	0	NaN	NaN	NaN	NaN	0	65	0	0	0	0	0	0	15816	0	0	0	18000	18000	18000	18000	6	NaN	0.31971047867611047	0.13249077064981904	0.10224019461393298	0.030392014970288858	NaN	NaN	7.298835114001371e-8	NaN	0.026630662407579123	NaN	NaN	-0.00002633057523719099	NaN	NaN	NaN	95929.64141037327	11.676729909420015	NaN	0	0	0	0	0.000285793727279977	-1	0	2.1762627587525936	51.66914185962625	1.0000765871488386	-273.1499938964844	9.000855347183016	-273.1499938964844	192
DATA	2025-08-23T100000_AIU-0547.ghg	2025-08-23	10:30:00	235.437	1	18000	18000	0.11164020550400518	1	NaN	32.05462567110504	0	NaN	NaN	NaN	NaN	NaN	NaN	NaN	NaN	NaN	NaN	-0.011286334615065056	1	NaN	NaN	NaN	NaN	NaN	NaN	NaN	NaN	NaN	NaN	NaN	NaN	5.471176566797088e-13	NaN	NaN	NaN	NaN	NaN	0	NaN	NaN	NaN	NaN	0	0.09130063390646694	2.325759546503573	2.325759546503573	0.1	0	NaN	NaN	NaN	NaN	9	294.10865176391604	292.7268361357507	95539.18662360054	1.1370421897670684	1005.5419202782412	0.025473640729441166	NaN	NaN	NaN	NaN	NaN	NaN	NaN	NaN	-0.6230627897390639	0.294072931350572	0.1920559750496487	0.7152423550537232	-3.2440290265441835e-15	5.992484753613039e-15	0.7152423550537232	2.784368596120664	177.26635499516138	154.73364500483862	15.576142173497537	NaN	0.31334446233747243	0.21407616942176827	-80.91515616518312	-0.03584000992446749	NaN	0.08947298480373234	0	77.26843681277886	-11.725783389876288	26.523753954788948	66.04789763092404	100.7272112590925	141.2713459977222	211.65021931431937	0.10982175803609959	1.016558171171398	31.51026192922872	1.0172757606109069	NaN	1	NaN	1	NaN	1	-0.009807200435687594	1.1508212449696669	NaN	NaN	800009909	800009909	800009909	800009919	800009919	800009919	899999999	899999999	89999	89999	89	89	6	25	1	1	0	0	0	NaN	0	0	0	0	0	0	0	0	0	NaN	NaN	NaN	NaN	0	2	0	0	0	0	0	0	13517	0	0	0	18000	18000	18000	18000	6	NaN	0.18174880338445554	0.14710889904015012	0.09929463641893087	0.06603244176275026	NaN	NaN	1.304469948510604e-7	NaN	0.027559748696084053	NaN	NaN	-0.000009807200435687593	NaN	NaN	NaN	95937.97957986112	11.670000076293945	NaN	0	0	0	0	0.0002863085465635069	-1	0	2.191937915133106	58.36260507127978	1.0000729004674487	-273.1499938964844	9.000795507748922	-273.1499938964844	107
DATA	2025-08-23T103000_AIU-0547.ghg	2025-08-23	11:00:00	235.458	1	18000	18000	0.17201258990126722	1	NaN	64.33858804253198	0	NaN	NaN	NaN	NaN	NaN	NaN	NaN	NaN	NaN	NaN	-0.028718185412491045	0	NaN	NaN	NaN	NaN	NaN	NaN	NaN	NaN	NaN	NaN	NaN	NaN	-5.038754516485386e-13	NaN	NaN	NaN	NaN	NaN	0	NaN	NaN	NaN	NaN	0	0.09127417271380898	2.3296096132173165	2.3296096132173165	-0.1	0	NaN	NaN	NaN	NaN	9	294.59961388566757	293.2680189802382	95529.9347797309	1.1348340402854054	1005.5557450313125	0.0255232071017705	NaN	NaN	NaN	NaN	NaN	NaN	NaN	NaN	-0.8583073805570482	0.34538100567892766	0.15981179847362945	0.938892650697565	-2.379769880093374e-14	-5.5204603522230184e-15	0.938892650697565	3.7884454204322093	173.91974603280468	158.08025396719532	9.800207499458569	NaN	0.3893264773403301	0.45379807536118555	-77.32158549291825	-0.037505697555381946	NaN	0.1448168443070134	0	80.65771912068648	-12.2401200560361	27.687184894075063	68.94500517119154	105.14548305450244	147.46803501272748	220.93398864337811	0.16970492825208555	1.0135980827012507	63.359429244417264	1.0154540343843295	NaN	1	NaN	1	NaN	1	-0.024999308265085295	1.1487592019735855	NaN	NaN	800009909	800009909	800009909	800009909	800009919	801109919	899999999	899999999	89999	89999	89	89	5	28	3	8	0	0	4	NaN	0	0	0	0	0	0	0	0	0	NaN	NaN	NaN	NaN	0	0	0	0	0	0	0	0	7222	0	0	0	18000	18000	18000	18000	6	NaN	0.41737303717202984	0.3525338437750288	0.13768926977531246	0.09324576433311518	NaN	NaN	2.9937177755709495e-7	NaN	0.05552297784485776	NaN	NaN	-0.000024999308265085295	NaN	NaN	NaN	95924.69415190972	11.670000076293945	NaN	0	0	0	0	0.0002874721156096914	-1	0	2.196750878532728	57.8044211818907	1.0000774567508035	-301.4528700849806	9.000648060056898	-273.1499938964844	250
DATA	2025-08-23T110000_AIU-0547.ghg	2025-08-23	11:30:00	235.479	1	18000	18000	0.1306669164147716	1	NaN	52.64201902437064	0	NaN	NaN	NaN	NaN	NaN	NaN	NaN	NaN	NaN	NaN	-0.020984864977087868	0	NaN	NaN	NaN	NaN	NaN	NaN	NaN	NaN	NaN	NaN	NaN	NaN	1.3445810138505294e-14	NaN	NaN	NaN	NaN	NaN	0	NaN	NaN	NaN	NaN	0	0.09044810873317895	2.3149221544793424	2.3149221544793424	0.1	0	NaN	NaN	NaN	NaN	9	295.1662034216986	294.0848958333332	95531.33325043402	1.131698389214953	1005.5769422850434	0.02559392547729594	NaN	NaN	NaN	NaN	NaN	NaN	NaN	NaN	-0.6546418465992326	0.40699885627654114	0.21492719885607262	0.8002485346049591	-1.5134752174082602e-15	1.486577257040311e-16	0.8002485346049591	3.225044286797093	183.8697229615918	148.13027703840822	15.579521984178806	NaN	0.33979538203180726	0.29469276077857914	-62.82956156522553	-0.046156616849688026	NaN	0.1361347697788502	0	74.19849497051447	-11.259907871401238	25.469942263515474	63.42375751764515	96.72523201304993	135.6585132023305	203.24117299477476	0.12870509206120792	1.015242787384284	51.78988427540454	1.0164536909261022	NaN	1	NaN	1	NaN	1	-0.018250420340136395	1.1498291319317107	NaN	NaN	800009909	800009909	800009909	800009909	800009919	811009919	899999999	899999999	89999	89999	89	89	32	30	5	2	0	0	1	NaN	0	0	0	0	0	0	0	0	0	NaN	NaN	NaN	NaN	0	0	0	0	0	0	0	0	10124	0	0	0	18000	18000	18000	18000	6	NaN	0.24955994620541883	0.21060422891168798	0.12922134644005148	0.1477716322823559	NaN	NaN	1.6881545758232934e-7	NaN	0.04550917225030724	NaN	NaN	-0.000018250420340136395	NaN	NaN	NaN	95937.76484722222	11.673302374098036	NaN	0	0	0	0	0.0002876431385585519	-1	0	2.184997198462487	58.90317882876926	1.0000676092406113	-400.7753742557028	9.00053340432379	-311.5869955105298	072
DATA	2025-08-23T113000_AIU-0547.ghg	2025-08-23	12:00:00	235.499	1	18000	18000	0.24175715510486248	1	NaN	61.567418264677315	0	NaN	NaN	NaN	NaN	NaN	NaN	NaN	NaN	NaN	NaN	-0.02715475512557581	0	NaN	NaN	NaN	NaN	NaN	NaN	NaN	NaN	NaN	NaN	NaN	NaN	-4.802042967778788e-13	NaN	NaN	NaN	NaN	NaN	0	NaN	NaN	NaN	NaN	0	0.08984142727239264	2.30266911868528	2.30266911868528	0	0	NaN	NaN	NaN	NaN	9	295.7205418633355	294.4537735697428	95515.14749913194	1.1300891490909597	1005.5866443692556	0.025630371072620606	NaN	NaN	NaN	NaN	NaN	NaN	NaN	NaN	-0.9951766818104114	0.40417300109375803	0.18850078838317297	1.0905342681701504	2.950115340596662e-14	-5.345020792266963e-15	1.0905342681701504	4.636047738294793	174.10364025301973	157.8963597469803	9.953669098569428	NaN	0.46252298068907555	0.5128197644014514	-135.47052159336508	-0.021406871147250626	NaN	0.11713466104421197	0	82.30460578447273	-12.490041460995075	28.252507792576683	70.3527391213819	107.29236615121786	150.47906908169034	225.44506636092993	0.2388249727280654	1.0122775367387387	60.676050049638796	1.0146906104518882	NaN	1	NaN	1	NaN	1	-0.02365115867646467	1.1481363554757922	NaN	NaN	800009909	800009909	800009909	800009909	800009919	800009919	899999999	899999999	89999	89999	89	89	8	29	5	3	0	0	1	NaN	0	0	0	0	0	0	0	0	0	NaN	NaN	NaN	NaN	0	0	0	0	0	0	0	0	2610	0	0	0	18000	18000	18000	18000	6	NaN	0.566598319008586	0.2742874260220621	0.18475378377225465	0.10317718613114844	NaN	NaN	4.17594304348481e-8	NaN	0.05339309540279056	NaN	NaN	-0.000023651158676464672	NaN	NaN	NaN	95902.29670399305	11.680000305175781	NaN	0	0	0	0	0.0002879924221714545	-1	0	2.174053329348565	59.41990458096397	1.0000389324161743	-273.1499938964844	9.000511241541968	-273.1499938964844	239
DATA	2025-08-23T120000_AIU-0547.ghg	2025-08-23	12:30:00	235.52	1	18000	18000	0.16403342873037063	0	NaN	58.898223637755045	0	NaN	NaN	NaN	NaN	NaN	NaN	NaN	NaN	NaN	NaN	-0.01927167428913357	0	NaN	NaN	NaN	NaN	NaN	NaN	NaN	NaN	NaN	NaN	NaN	NaN	-7.242179315939884e-13	NaN	NaN	NaN	NaN	NaN	0	NaN	NaN	NaN	NaN	0	0.08967220824154296	2.3000395130877793	2.3000395130877793	-0.2	0	NaN	NaN	NaN	NaN	9	295.94071101718475	294.64216431511767	95505.30237217882	1.129250175023465	1005.5916305603089	0.025649413103470634	NaN	NaN	NaN	NaN	NaN	NaN	NaN	NaN	-1.1375896107006611	0.07924415596162784	0.12424323393675334	1.1470946516339506	-1.2223092233153034e-14	-8.076280776349566e-15	1.1470946516339506	4.555471440670096	155.98477004933298	176.0152299506671	6.217974584092392	NaN	0.38112821262984375	0.547577169373932	-79.22770684261364	-0.03660335652224377	NaN	0.13608782776012754	0	77.49276709033963	-11.759826374967881	26.600759279758158	66.23965177814135	101.01964843255861	141.6814932915757	212.26469469913425	0.1621081643885113	1.0118764181256485	58.058131426078155	1.0144698458431534	NaN	1	NaN	1	NaN	1	-0.016786982145636835	1.1480130330717329	NaN	NaN	800009909	800009909	800009909	800009909	800009909	800009909	899999999	899999999	89999	89999	89	89	14	24	1	1	0	0	1	NaN	0	0	0	0	0	0	0	0	0	NaN	NaN	NaN	NaN	0	0	0	0	0	0	0	0	7380	0	0	0	18000	18000	18000	18000	6	NaN	0.6039961422960598	0.34531830511428036	0.14583989133752384	0.1301009200589313	NaN	NaN	4.347578549680255e-8	NaN	0.051127109166845125	NaN	NaN	-0.000016786982145636834	NaN	NaN	NaN	95897.3265	11.68663482427597	NaN	0	0	0	0	0.0002882649147747241	-1	0	2.17184603202343	59.40382967302532	1.0000539723071786	-273.1499938964844	9.000630646122826	-273.1499938964844	252
DATA	2025-08-23T123000_AIU-0547.ghg	2025-08-23	13:00:00	235.541	1	18000	18000	0.19021153127186557	1	NaN	50.15100690373631	0	NaN	NaN	NaN	NaN	NaN	NaN	NaN	NaN	NaN	NaN	-0.010641019044940475	1	NaN	NaN	NaN	NaN	NaN	NaN	NaN	NaN	NaN	NaN	NaN	NaN	3.935218106464331e-13	NaN	NaN	NaN	NaN	NaN	0	NaN	NaN	NaN	NaN	0	0.08929241670249745	2.2942552816278923	2.2942552816278923	-0.3	0	NaN	NaN	NaN	NaN	9	296.5313139504327	295.0985797254774	95488.25933506945	1.1273024112902414	1005.60379812083	0.025693730401225925	NaN	NaN	NaN	NaN	NaN	NaN	NaN	NaN	-1.1841119994991762	0.011722214682961444	0.15828448465810357	1.1947018940967955	7.048996816291272e-15	4.40711345015513e-15	1.1947018940967955	4.713687745184658	152.56718578060153	179.43281421939838	7.613427755724144	NaN	0.4107695128229388	0.4628687996879627	-116.4744999631567	-0.024898153680997386	NaN	0.10769960564733246	0	81.39812331291456	-12.352479248704364	27.941341693821578	69.577891538652	106.11067469760995	148.82173001592597	222.96207043369586	0.18803605642082294	1.0115694558397563	49.44367885521177	1.014305732601246	NaN	1	NaN	1	NaN	1	-0.009269601409828989	1.147947853902036	NaN	NaN	800009909	800009909	800009909	800009909	800009909	800009909	899999999	899999999	89999	89999	89	89	9	13	2	3	0	0	0	NaN	0	0	0	0	0	0	0	0	0	NaN	NaN	NaN	NaN	0	0	0	0	0	0	0	0	9526	0	0	0	18000	18000	18000	18000	6	NaN	0.5306600150659594	0.24526528019587296	0.14981230411409313	0.09718939216399965	NaN	NaN	1.192933481142623e-7	NaN	0.0436157591553013	NaN	NaN	-0.000009269601409828988	NaN	NaN	NaN	95877.11532682291	11.6899995803833	NaN	0	0	0	0	0.00028930576411463946	-1	0	2.1672012065053	59.16759412394621	1.0000566363086303	-273.1499938964844	9.000636218335893	-273.1499938964844	004
DATA	2025-08-23T130000_AIU-0547.ghg	2025-08-23	13:30:00	235.562	1	18000	18000	0.28289452364421075	1	NaN	48.81805298817483	1	NaN	NaN	NaN	NaN	NaN	NaN	NaN	NaN	NaN	NaN	0.020487700147799763	2	NaN	NaN	NaN	NaN	NaN	NaN	NaN	NaN	NaN	NaN	NaN	NaN	-3.208532763752278e-13	NaN	NaN	NaN	NaN	NaN	0	NaN	NaN	NaN	NaN	0	0.08844740398973225	2.2800198909455354	2.2800198909455354	0	1	NaN	NaN	NaN	NaN	9	297.19731691572395	295.9855579155817	95461.22339409721	1.123606009959923	1005.6277982471262	0.025778256772920324	NaN	NaN	NaN	NaN	NaN	NaN	NaN	NaN	-0.983398909795736	0.10238573374072621	0.18561372574645488	1.0059864360152284	2.578870024729209e-14	-3.627616661450858e-15	1.0059864360152284	5.000263654881434	157.9438859003613	174.0561140996387	10.632517489330095	NaN	0.5017706370888084	0.7059757023425163	-218.058858987272	-0.013299161581732718	NaN	0.08610411109717862	0	86.10983139832946	-13.067499128552209	29.558718608889002	73.60538874357556	112.2528620549226	157.436235118284	235.8681688453851	0.2792740017655434	1.012964049126588	48.09273640037627	1.0150816244216223	NaN	1	NaN	1	NaN	1	0.017839824887526716	1.1484249580344477	NaN	NaN	800009909	800009909	800009909	800009909	800009909	800009909	899999999	899999999	89999	89999	89	89	15	11	2	3	0	0	1	NaN	0	0	0	0	0	0	0	0	0	NaN	NaN	NaN	NaN	0	0	0	0	0	0	0	0	9121	0	0	0	18000	18000	18000	18000	6	NaN	0.7147826207801792	0.5029614181761446	0.19420736572870895	0.2318898365388135	NaN	NaN	3.308894228474856e-7	NaN	0.042562601510803745	NaN	NaN	0.000017839824887526716	NaN	NaN	NaN	95868.51719965276	11.68011471572545	NaN	0	0	0	0	0.000290007148154675	-1	0	2.1554611389636977	59.513014182726565	1.000055699605081	-273.1499938964844	9.000651218202378	-273.1499938964844	091
DATA	2025-08-23T133000_AIU-0547.ghg	2025-08-23	14:00:00	235.583	1	18000	18000	0.22763936682372313	1	NaN	60.91735087063759	0	NaN	NaN	NaN	NaN	NaN	NaN	NaN	NaN	NaN	NaN	-0.028362302220770345	0	NaN	NaN	NaN	NaN	NaN	NaN	NaN	NaN	NaN	NaN	NaN	NaN	5.392083947078651e-13	NaN	NaN	NaN	NaN	NaN	0	NaN	NaN	NaN	NaN	0	0.08701816996337405	2.2484526329734806	2.2484526329734806	-0.2	0	NaN	NaN	NaN	NaN	9	297.8177115283542	296.54779119533964	95418.13338650172	1.1209695136102602	1005.6432535367697	0.025838886682170565	NaN	NaN	NaN	NaN	NaN	NaN	NaN	NaN	-1.0346339951048296	0.24646892123732778	0.17228832930151652	1.0774496282314094	3.614776434729474e-14	6.196503499611839e-15	1.0774496282314094	4.446636503342477	165.3991791260728	166.6008208739272	9.201314600143705	NaN	0.45063693431738466	0.6704785777735822	-126.54485010483705	-0.022916776127969433	NaN	0.11991581932979117	0	79.0978235040502	-12.003399878095736	27.15172320703376	67.61162985971531	103.11200157357425	144.61604832232624	216.66119288113856	0.2248564508443523	1.012376411568006	60.0321113370886	1.0147461002758715	NaN	1	NaN	1	NaN	1	-0.02470213482987466	1.1481721080426253	NaN	NaN	800009909	800009909	800009909	800009909	800009909	801009909	899999999	899999999	89999	89999	89	89	11	17	2	4	0	0	1	NaN	0	0	0	0	0	0	0	0	0	NaN	NaN	NaN	NaN	0	0	0	0	0	0	0	0	6357	0	0	0	18000	18000	18000	18000	6	NaN	0.5681926696197991	0.5790646326318616	0.1936998532955037	0.15264722639923897	NaN	NaN	3.892765085836681e-8	NaN	0.053253219878591725	NaN	NaN	-0.00002470213482987466	NaN	NaN	NaN	95812.20101041667	11.670093411763512	NaN	0	0	0	0	0.00029100405930269815	-1	0	2.1261898304025335	59.76069161362124	1.000042425877518	-273.1499938964844	9.000540612008837	-273.1499938964844	117
DATA	2025-08-23T140000_AIU-0547.ghg	2025-08-23	14:30:00	235.604	1	18000	18000	0.22808458907944737	1	NaN	81.93356155216199	0	NaN	NaN	NaN	NaN	NaN	NaN	NaN	NaN	NaN	NaN	-0.039873640608902194	0	NaN	NaN	NaN	NaN	NaN	NaN	NaN	NaN	NaN	NaN	NaN	NaN	-3.4555267470018545e-13	NaN	NaN	NaN	NaN	NaN	0	NaN	NaN	NaN	NaN	0	0.08679346580215018	2.249621098255398	2.249621098255398	-0.1	0	NaN	NaN	NaN	NaN	9	298.50656405300566	297.38524551900235	95390.93203276911	1.1174941367723947	1005.6666228531999	0.025919244927763523	NaN	NaN	NaN	NaN	NaN	NaN	NaN	NaN	-0.9121182815934501	0.2537733373049479	0.18227128235732284	0.9641490998367611	2.5390448990559715e-14	-3.981321306927519e-15	0.9641490998367611	4.958840082959321	167.5478516857357	164.4521483142643	10.89728161342041	NaN	0.4517782768582976	0.6022714119744427	-94.78530572893007	-0.030595459683313245	NaN	0.16137535073979936	0	78.35568106020372	-11.890776899038162	26.896969721756392	66.97725766091564	102.1445439439241	143.2591752407824	214.6283497503378	0.2250800406400368	1.0133487999685216	80.69834092358872	1.0153066421742534	NaN	1	NaN	1	NaN	1	-0.03471434955209369	1.1486212797698045	NaN	NaN	800009909	800009909	800009909	800009909	800009909	800009909	899999999	899999999	89999	89999	89	89	15	18	4	4	0	0	0	NaN	0	0	0	0	0	0	0	0	0	NaN	NaN	NaN	NaN	0	0	0	0	0	0	0	0	5584	0	0	0	18000	18000	18000	18000	6	NaN	0.5222690028322223	0.4829489359587997	0.19932488515786337	0.27391836407353476	NaN	NaN	9.422132475636844e-8	NaN	0.07180675754125264	NaN	NaN	-0.00003471434955209369	NaN	NaN	NaN	95802.24207899306	11.649999618530273	NaN	0	0	0	0	0.00029213658624859006	-1	0	2.1288902786903905	59.17668599096928	1.000042133225335	-273.1499938964844	9.000512090179654	-273.1499938964844	140
DATA	2025-08-23T143000_AIU-0547.ghg	2025-08-23	15:00:00	235.624	1	18000	18000	0.27045133918247627	0	NaN	79.36636491853301	0	NaN	NaN	NaN	NaN	NaN	NaN	NaN	NaN	NaN	NaN	-0.018978954259777442	0	NaN	NaN	NaN	NaN	NaN	NaN	NaN	NaN	NaN	NaN	NaN	NaN	-3.605784863395608e-13	NaN	NaN	NaN	NaN	NaN	0	NaN	NaN	NaN	NaN	0	0.08572994227133961	2.225163478993762	2.225163478993762	-0.2	0	NaN	NaN	NaN	NaN	9	299.01797616916235	297.70910199991863	95361.42689930557	1.1159332213275448	1005.6757719285133	0.02595549956106359	NaN	NaN	NaN	NaN	NaN	NaN	NaN	NaN	-1.295383634573099	0.22096134047864344	0.16193389559218832	1.3240337085013152	3.7655784226361446e-15	-4.20598074355762e-15	1.3240337085013152	5.548332837391303	161.68011686101417	170.31988313898583	7.025060160902163	NaN	0.4922950452205411	0.7583859109911136	-126.58281334960608	-0.02290990319507719	NaN	0.1436530431412438	0	84.11533382913989	-12.76482642760682	28.87407213523522	71.90052221969147	109.65283303538534	153.78965744943181	230.40493100399217	0.2675474416662521	1.0108537667119486	78.27484883779175	1.013944659069265	NaN	1	NaN	1	NaN	1	-0.016533329671541516	1.147920874791817	NaN	NaN	800009909	800009909	800009909	800009909	800009909	800009909	899999999	899999999	89999	89999	89	89	10	15	2	0	0	0	0	NaN	0	0	0	0	0	0	0	0	0	NaN	NaN	NaN	NaN	0	0	0	0	0	0	0	0	2511	0	0	0	18000	18000	18000	18000	6	NaN	0.8513844184663938	0.4671662243913781	0.19822117912445522	0.20629629620840048	NaN	NaN	1.0407578880171794e-7	NaN	0.06974708208848697	NaN	NaN	-0.000016533329671541516	NaN	NaN	NaN	95750.08869401042	11.603554821014404	NaN	0	0	0	0	0.00029280473629154984	-1	0	2.1059859194490644	59.64051614443466	1.0000331192861	-273.1499938964844	9.000446383900112	-273.1499938964844	094
DATA	2025-08-23T150000_AIU-0547.ghg	2025-08-23	15:30:00	235.645	1	18000	18000	0.2315723637919914	1	NaN	48.719499736427196	0	NaN	NaN	NaN	NaN	NaN	NaN	NaN	NaN	NaN	NaN	-0.014438440426761984	1	NaN	NaN	NaN	NaN	NaN	NaN	NaN	NaN	NaN	NaN	NaN	NaN	-3.096135122797417e-13	NaN	NaN	NaN	NaN	NaN	0	NaN	NaN	NaN	NaN	0	0.08643223322347188	2.2420162404898223	2.2420162404898223	-0.1	0	NaN	NaN	NaN	NaN	9	298.72089938015404	297.409344317966	95323.85775108507	1.1166178832113396	1005.66730150654	0.025939584769180436	NaN	NaN	NaN	NaN	NaN	NaN	NaN	NaN	-0.8156802924360496	0.3133083712636416	0.2168617074031405	0.9002918832857745	-2.4705718775987327e-14	-3.582153332533144e-15	0.9002918832857745	6.096164264792555	173.01212355968696	158.98787644031304	13.938445045350655	NaN	0.4553979537649892	0.6172477297734755	-163.18468520496913	-0.017771275511286107	NaN	0.09526926983611023	0	75.8963328753512	-11.51756132376077	26.052755074289927	64.87504382235285	98.93853519839277	138.7627023899985	207.89181405523206	0.2283738198701294	1.0140057381519516	47.966525449636414	1.0156979118193872	NaN	1	NaN	1	NaN	1	-0.01256608596602034	1.149000608925057	NaN	NaN	800009909	800009909	800009909	800009909	800009909	801009909	899999999	899999999	89999	89999	89	89	26	22	1	2	0	0	0	NaN	0	0	0	0	0	0	0	0	0	NaN	NaN	NaN	NaN	0	0	0	0	0	0	0	0	3415	0	0	0	18000	18000	18000	18000	6	NaN	0.4871894817602159	0.5279662871142937	0.21933969067244138	0.13175078169875287	NaN	NaN	3.3404639800241015e-8	NaN	0.042714895871287434	NaN	NaN	-0.00001256608596602034	NaN	NaN	NaN	95704.6398888889	11.579999923706055	NaN	0	0	0	0	0.00029211853930286854	-1	0	2.120408941739135	59.51853351783749	1.000028166042434	-273.1499938964844	9.000405113803016	-273.1499938964844	041
DATA	2025-08-23T153000_AIU-0547.ghg	2025-08-23	16:00:00	235.666	1	18000	18000	0.21766122196545878	1	NaN	31.759972823850998	1	NaN	NaN	NaN	NaN	NaN	NaN	NaN	NaN	NaN	NaN	0.0005421215554298357	2	NaN	NaN	NaN	NaN	NaN	NaN	NaN	NaN	NaN	NaN	NaN	NaN	8.957774143270527e-13	NaN	NaN	NaN	NaN	NaN	0	NaN	NaN	NaN	NaN	0	0.0856587821332555	2.227493454017491	2.227493454017491	0	1	NaN	NaN	NaN	NaN	9	299.0161953803169	298.0590102339626	95294.4777155981	1.1138406352584609	1005.6857270582801	0.02600426247658156	NaN	NaN	NaN	NaN	NaN	NaN	NaN	NaN	-0.6167010502716621	0.1294653911204926	0.20031384846262765	0.6612163872667166	6.706363752951641e-15	1.0457508173925846e-14	0.6612163872667166	4.661446996475242	163.8560569716635	168.1439430283365	17.634722847325822	NaN	0.44205774360844285	0.5187178203407944	-228.91710707331427	-0.012668341117342661	NaN	0.0641380534420786	0	77.42520477842751	-11.749573533478152	26.57756732439202	66.18190053009047	100.9315741353962	141.55796783750617	212.07963105965328	0.21390451556916035	1.0175625389969096	31.20109085086777	1.0179122574801798	NaN	1	NaN	1	NaN	1	0.00047074226127248603	1.1516313703477585	NaN	NaN	800009909	800009909	800009909	800009919	800009919	810009919	899999999	899999999	89999	89999	89	89	34	20	1	1	0	0	4	NaN	0	0	0	0	0	0	0	0	0	NaN	NaN	NaN	NaN	0	5	0	0	0	0	0	0	5850	0	0	0	18000	18000	18000	18000	6	NaN	0.4214483235339734	0.41936212668996115	0.19662519045765434	0.25031042425244665	NaN	NaN	8.231896969460883e-7	NaN	0.02785379876869697	NaN	NaN	4.7074226127248604e-7	NaN	NaN	NaN	95695.0935421007	11.649264958074891	NaN	0	0	0	0	0.0002928000295263093	-1	0	2.1078832329392463	59.389930048266976	1.0000309378438526	-273.1499938964844	9.000391472789977	-273.1499938964844	092
DATA	2025-08-23T160000_AIU-0547.ghg	2025-08-23	16:30:00	235.687	1	18000	18000	0.15943767380866652	1	NaN	51.20896193901064	0	NaN	NaN	NaN	NaN	NaN	NaN	NaN	NaN	NaN	NaN	-0.01271515218064393	0	NaN	NaN	NaN	NaN	NaN	NaN	NaN	NaN	NaN	NaN	NaN	NaN	1.1043775178031512e-12	NaN	NaN	NaN	NaN	NaN	0	NaN	NaN	NaN	NaN	0	0.0843819559139539	2.1928688235791864	2.1928688235791864	-0.1	0	NaN	NaN	NaN	NaN	9	299.066355541653	297.78194472249345	95267.62020898439	1.114562773411599	1005.6778383545719	0.025987414013196163	NaN	NaN	NaN	NaN	NaN	NaN	NaN	NaN	-0.7188282552566164	0.11961189321713717	0.17376016044660206	0.7491419484401142	9.602634553430566e-15	1.3087839761966515e-14	0.7491419484401142	4.6592938506631505	161.4473681107105	170.5526318892895	13.411643023442696	NaN	0.37821888324714753	0.35648624606614765	-88.90254673847174	-0.03261998791250659	NaN	0.12079232788721961	0	78.45446230281323	-11.905767333704626	26.930878125787796	67.06169438137805	102.27331527026621	143.43977885693403	214.89892687762068	0.1569269942169724	1.0159990293844714	50.35669823697269	1.016924535004803	NaN	1	NaN	1	NaN	1	-0.011052925386327147	1.1503879503586458	NaN	NaN	800009909	800009909	800009909	800009909	800009919	801109919	899999999	899999999	89999	89999	89	89	15	21	4	0	0	0	2	NaN	0	0	0	0	0	0	0	0	0	NaN	NaN	NaN	NaN	0	0	0	0	0	0	0	0	4479	0	0	0	18000	18000	18000	18000	6	NaN	0.3353788338706408	0.2383327099877338	0.13926094827392066	0.14226456051184613	NaN	NaN	3.384401480836135e-8	NaN	0.044925594560575426	NaN	NaN	-0.000011052925386327147	NaN	NaN	NaN	95653.7178311632	11.653301916334364	NaN	0	0	0	0	0.00029271534725234627	-1	0	2.0737619274655983	59.0447967991299	1.0000416529509757	-273.1499938964844	9.000446912235684	-273.1499938964844	244
DATA	2025-08-23T163000_AIU-0547.ghg	2025-08-23	17:00:00	235.708	1	18000	18000	0.16474808371861993	1	NaN	19.524350805369117	0	NaN	NaN	NaN	NaN	NaN	NaN	NaN	NaN	NaN	NaN	0.007884433409421602	1	NaN	NaN	NaN	NaN	NaN	NaN	NaN	NaN	NaN	NaN	NaN	NaN	5.16651117557798e-14	NaN	NaN	NaN	NaN	NaN	0	NaN	NaN	NaN	NaN	0	0.08436241478183203	2.1884583457374505	2.1884583457374505	0	1	NaN	NaN	NaN	NaN	9	298.6390293392605	297.18935923936635	95247.58948003472	1.1165503612793726	1005.6611192520415	0.02594115343185682	NaN	NaN	NaN	NaN	NaN	NaN	NaN	NaN	-0.464300049633212	0.3680234105108322	0.22802447218136485	0.6348314159578409	5.714411435468969e-15	6.124185976585654e-16	0.6348314159578409	3.7954635905316074	190.40179815135534	141.59820184864466	21.05039913145792	NaN	0.3841236329552538	0.40467548727668184	-244.22752388564538	-0.011874173532373307	NaN	0.04526636264316547	0	73.35148979349019	-11.131371568020915	25.179192795291353	62.69975023171399	95.62107521989012	134.10991760028423	200.92109459184394	0.1618171951339773	1.0181123432662147	19.17417473829067	1.0182629016298235	NaN	1	NaN	1	NaN	1	0.006843593195811251	1.1520897259421288	NaN	NaN	800009909	800009909	800009909	800009909	800009919	800109919	899999999	899999999	89999	89999	89	89	9	5	5	0	0	0	1	NaN	0	0	0	0	0	0	0	0	0	NaN	NaN	NaN	NaN	0	0	0	0	0	0	0	0	10453	0	0	0	18000	18000	18000	18000	6	NaN	0.22881707204999496	0.4105895386949512	0.16994436380841763	0.10603811076688906	NaN	NaN	3.5868056082218666e-7	NaN	0.017076021959880703	NaN	NaN	0.000006843593195811251	NaN	NaN	NaN	95630.20086067708	11.65999984741211	NaN	0	0	0	0	0.0002918120055886298	-1	0	2.0677138869762413	58.620766817092935	1.0000357907646231	-273.1499938964844	9.00043457667033	-273.1499938964844	224
DATA	2025-08-23T170000_AIU-0547.ghg	2025-08-23	17:30:00	235.729	1	18000	18000	0.20593343984746784	1	NaN	46.554841761413975	0	NaN	NaN	NaN	NaN	NaN	NaN	NaN	NaN	NaN	NaN	-0.013177651102406181	1	NaN	NaN	NaN	NaN	NaN	NaN	NaN	NaN	NaN	NaN	NaN	NaN	1.4535025035121307e-13	NaN	NaN	NaN	NaN	NaN	0	NaN	NaN	NaN	NaN	0	0.0842810115405493	2.1860232958398704	2.1860232958398704	-0.1	0	NaN	NaN	NaN	NaN	9	298.6880712687174	297.1234266984727	95240.54432552084	1.1167155210817652	1005.6592719495256	0.02593731679155429	NaN	NaN	NaN	NaN	NaN	NaN	NaN	NaN	-0.9715918673591385	0.19819399276703656	0.20512336959753524	1.0125942979507956	-6.938303000380844e-15	1.7245907197172416e-15	1.0125942979507956	4.596115018568596	163.52952188014953	168.47047811985047	11.687409823653695	NaN	0.4294297822202662	0.4749004055824614	-143.10210373969596	-0.020265250644219225	NaN	0.09653377273977135	0	76.84124019894244	-11.660954655591526	26.377111181321553	65.6827363906713	100.17031732741725	140.49029434025735	210.48006160519049	0.2033095165609676	1.0129060524607238	45.864664508304855	1.0150481260575699	NaN	1	NaN	1	NaN	1	-0.011474818084273329	1.1483973868367159	NaN	NaN	800009909	800009909	800009909	800009909	800009919	801009919	899999999	899999999	89999	89999	89	89	25	41	2	2	0	0	9	NaN	0	0	0	0	0	0	0	0	0	NaN	NaN	NaN	NaN	0	0	0	0	0	0	0	0	11122	0	0	0	18000	18000	18000	18000	6	NaN	0.4587085432157839	0.30199490816813457	0.18909735978100428	0.07151594381365677	NaN	NaN	1.3088913176028102e-7	NaN	0.04083991284782642	NaN	NaN	-0.000011474818084273329	NaN	NaN	NaN	95623.81482378472	11.646730176448823	NaN	0	0	0	0	0.0002916009340228306	-1	0	2.065117786341243	60.827160056220094	1.0000331490271621	-273.1499938964844	9.000422423919042	-273.1499938964844	203
DATA	2025-08-23T173000_AIU-0547.ghg	2025-08-23	18:00:00	235.749	1	18000	18000	0.22351454048120095	1	NaN	41.63590636569011	0	NaN	NaN	NaN	NaN	NaN	NaN	NaN	NaN	NaN	NaN	-0.010827732102048621	0	NaN	NaN	NaN	NaN	NaN	NaN	NaN	NaN	NaN	NaN	NaN	NaN	6.913499614645069e-13	NaN	NaN	NaN	NaN	NaN	0	NaN	NaN	NaN	NaN	0	0.08500856489626354	2.2033841951643764	2.2033841951643764	-0.2	0	NaN	NaN	NaN	NaN	9	298.333965031094	296.87162771097826	95225.04102777778	1.1174807572476468	1005.6522408105274	0.025919555257204723	NaN	NaN	NaN	NaN	NaN	NaN	NaN	NaN	-0.7486377272418349	0.2414799139487136	0.22041817936484462	0.8169180921518797	-1.242358082390278e-14	8.132709478252754e-15	0.8169180921518797	4.349193738373457	169.87757865747884	162.12242134252116	15.653362319044696	NaN	0.4472319932570631	0.5096138983162757	-180.72217408724876	-0.01604673037299752	NaN	0.08284137150580159	0	75.14568795130594	-11.40364806053025	25.795082962700175	64.23340383136089	97.95999372707924	137.3902840629243	205.83568131391215	0.22020789296445914	1.0150160263205257	40.96757420065485	1.0163136865698184	NaN	1	NaN	1	NaN	1	-0.009418136024657318	1.1496682648987957	NaN	NaN	800009909	800009909	800009909	800009909	800009909	800009909	899999999	899999999	89999	89999	89	89	16	26	3	3	0	0	5	NaN	0	0	0	0	0	0	0	0	0	NaN	NaN	NaN	NaN	0	0	0	0	0	0	0	0	11325	0	0	0	18000	18000	18000	18000	6	NaN	0.4321774129423537	0.3701838072755173	0.2168665764146804	0.055662074039131974	NaN	NaN	9.382956688263406e-8	NaN	0.036454602739567965	NaN	NaN	-0.000009418136024657318	NaN	NaN	NaN	95611.74833810763	11.640000343322754	NaN	0	0	0	0	0.00029109417648093467	-1	0	2.080563449197345	61.613717234081676	1.000054235001405	-273.1499938964844	9.000524844672945	-273.1499938964844	218
DATA	2025-08-23T180000_AIU-0547.ghg	2025-08-23	18:30:00	235.77	1	18000	18000	0.16494051714755464	1	NaN	22.52872384815861	0	NaN	NaN	NaN	NaN	NaN	NaN	NaN	NaN	NaN	NaN	-0.006605939473186464	1	NaN	NaN	NaN	NaN	NaN	NaN	NaN	NaN	NaN	NaN	NaN	NaN	-8.198415318942033e-13	NaN	NaN	NaN	NaN	NaN	0	NaN	NaN	NaN	NaN	0	0.08534773725664452	2.206840144982025	2.206840144982025	0	0	NaN	NaN	NaN	NaN	9	297.9025322214763	296.1535632748074	95224.37227213541	1.1201823737560572	1005.6323968754949	0.025857043384125776	NaN	NaN	NaN	NaN	NaN	NaN	NaN	NaN	-0.6263638761759187	0.2865486496191219	0.22324612422023626	0.7240722795108444	-1.1884310069393758e-14	-9.605896515204645e-15	0.7240722795108444	4.5718467909727085	176.5831246827671	155.4168753172329	17.95802824901297	NaN	0.383724305379605	0.3947410551319461	-210.95579556876078	-0.013746955812146666	NaN	0.052118186111434844	0	73.95006115998228	-11.222207082189202	25.38466297566638	63.21140003297326	96.40137344997314	135.20429696277768	202.56067429888898	0.16227793566689214	1.0164075385216138	22.148194707859886	1.0171810454674972	NaN	1	NaN	1	NaN	1	-0.005740786783912635	1.150702808140905	NaN	NaN	800009909	800009909	800009909	800009909	800009909	801109909	899999999	899999999	89999	89999	89	89	24	19	2	0	0	0	1	NaN	0	0	0	0	0	0	0	0	0	NaN	NaN	NaN	NaN	0	0	0	0	0	0	0	0	17503	0	0	0	18000	18000	18000	18000	6	NaN	0.2638012615186406	0.35950062811325334	0.16618022063199825	0.04070921796283439	NaN	NaN	6.334991017844991e-8	NaN	0.01966121454225855	NaN	NaN	-0.000005740786783912635	NaN	NaN	NaN	95608.86442078993	11.630104511872911	NaN	0	0	0	0	0.00029019078396312495	-1	0	2.082013040959835	61.3083562334908	1.000043709402283	-273.3518689049614	9.000535050816007	-273.1499938964844	161
DATA	2025-08-23T183000_AIU-0547.ghg	2025-08-23	19:00:00	235.791	0	18000	18000	0.15822874859422645	1	NaN	33.299327574475065	0	NaN	NaN	NaN	NaN	NaN	NaN	NaN	NaN	NaN	NaN	-0.02546368100563619	1	NaN	NaN	NaN	NaN	NaN	NaN	NaN	NaN	NaN	NaN	NaN	NaN	-4.707407521536817e-13	NaN	NaN	NaN	NaN	NaN	0	NaN	NaN	NaN	NaN	0	0.08602138353545213	2.2209615420316506	2.2209615420316506	0.4	0	NaN	NaN	NaN	NaN	9	297.4888758604262	295.68965095861324	95216.35008102882	1.1218453281671312	1005.6197395141684	0.025818714495754673	NaN	NaN	NaN	NaN	NaN	NaN	NaN	NaN	-0.9283287597392358	0.13654933999028587	0.19131048072943063	0.9576219026565778	-9.292418835091003e-15	-5.472368994852013e-15	0.9576219026565778	5.322371555221214	160.36772294966715	171.63227705033285	11.523897527640068	NaN	0.3755572971438029	0.32792720648479806	-133.79247479468077	-0.021675359577961077	NaN	0.0785945597534197	0	80.31536295259444	-12.18816618670958	27.56966510019881	68.65236426791758	104.69918721247812	146.84209874855566	219.99622205912766	0.1561346561518413	1.0134120924463346	32.79611082704115	1.015343793356711	NaN	1	NaN	1	NaN	1	-0.02216823783660399	1.1486560724096344	NaN	NaN	800009909	800009909	800009909	800009919	800009919	800009919	899999999	899999999	89999	89999	89	89	16	20	3	2	0	0	39	NaN	0	0	0	0	0	0	0	0	0	NaN	NaN	NaN	NaN	0	28	0	0	0	0	0	0	17901	0	0	0	18000	18000	18000	18000	6	NaN	0.32952383751519215	0.1968385864665667	0.12949198898783731	0.03061093547747826	NaN	NaN	1.397140088797976e-7	NaN	0.029070705532772745	NaN	NaN	-0.00002216823783660399	NaN	NaN	NaN	95601.55548198785	11.63990669292874	NaN	0	0	0	0	0.000290106847959881	-1	0	2.0939390000106015	61.336763804084136	1.0000522069815132	-273.1499938964844	9.000605014218225	-273.1499938964844	238
DATA	2025-08-23T190000_AIU-0547.ghg	2025-08-23	19:30:00	235.812	0	18000	18000	0.22181458648207328	1	NaN	21.981492968247423	0	NaN	NaN	NaN	NaN	NaN	NaN	NaN	NaN	NaN	NaN	-0.008209752082458869	1	NaN	NaN	NaN	NaN	NaN	NaN	NaN	NaN	NaN	NaN	NaN	NaN	7.936793107682467e-13	NaN	NaN	NaN	NaN	NaN	0	NaN	NaN	NaN	NaN	0	0.08669460321902027	2.2385549137242204	2.2385549137242204	0.1	0	NaN	NaN	NaN	NaN	9	297.41312342664935	295.67061166149927	95201.21491909986	1.1217392328732905	1005.6192227802721	0.025821156457327146	NaN	NaN	NaN	NaN	NaN	NaN	NaN	NaN	-1.0411875360504101	0.2594443880590508	0.18771171474263149	1.089320230039672	9.420882393554695e-15	9.154887170579014e-15	1.089320230039672	4.628739288041365	165.99208228996557	166.00791771003443	9.92273905240494	NaN	0.44468153499505364	0.5075462941177383	-336.41792025807536	-0.008620230449600697	NaN	0.04382103328751579	0	80.41022392052898	-12.202561704569604	27.602227800794207	68.73344999655076	104.82284806484579	147.015534852294	220.25606094672366	0.21912231578477676	1.012286611190897	21.663138200356798	1.0146956902063886	NaN	1	NaN	1	NaN	1	-0.007150483013166133	1.148139512721352	NaN	NaN	800009909	800009909	800009909	800009919	800009919	800009919	899999999	899999999	89999	89999	89	89	15	36	5	3	0	0	32	NaN	0	0	0	0	0	0	0	0	0	NaN	NaN	NaN	NaN	0	11	0	0	0	0	0	0	18000	0	0	0	18000	18000	18000	18000	6	NaN	0.5347719799609518	0.2993087314858176	0.1810118767887072	0.025044970360573553	NaN	NaN	1.451204190726885e-7	NaN	0.019204185585333804	NaN	NaN	-0.000007150483013166133	NaN	NaN	NaN	95588.76994401042	11.65999984741211	NaN	0	0	0	0	0.00029025230828685585	-1	0	2.1101157386985454	56.61022714359681	1.000057434125079	-273.1499938964844	9.000671700795492	-273.1499938964844	148
DATA	2025-08-23T193000_AIU-0547.ghg	2025-08-23	20:00:00	235.833	0	18000	18000	0.1560999123160955	1	NaN	14.281615441601522	0	NaN	NaN	NaN	NaN	NaN	NaN	NaN	NaN	NaN	NaN	-0.02071573108502145	1	NaN	NaN	NaN	NaN	NaN	NaN	NaN	NaN	NaN	NaN	NaN	NaN	-3.271081413895746e-14	NaN	NaN	NaN	NaN	NaN	0	NaN	NaN	NaN	NaN	0	0.08789022924798609	2.2641928432139276	2.2641928432139276	0.2	0	NaN	NaN	NaN	NaN	9	296.901447309706	295.0698727172668	95227.43213077809	1.124332547043954	1005.6030291719345	0.02576159901489629	NaN	NaN	NaN	NaN	NaN	NaN	NaN	NaN	-0.6976032710979235	0.19059876785154933	0.23438001429224317	0.7602053704445307	-1.2045871658860624e-14	-3.7217805003855984e-16	0.7602053704445307	3.625746238506678	167.28136173231812	164.71863826768185	17.9574996000146	NaN	0.372609512670095	0.3407771103309025	-304.68557091677496	-0.009518008979795557	NaN	0.03390018286553678	0	78.3772740058955	-11.894053711853006	26.904381881265657	66.99571498612407	102.17269252945421	143.29865403222377	214.6874961738947	0.1536678291862149	1.0158268854500012	14.045414434859346	1.016816948181746	NaN	1	NaN	1	NaN	1	-0.01800964084520217	1.1502578681651052	NaN	NaN	800009909	800009909	800009909	800009919	800009919	800009919	899999999	899999999	89999	89999	89	89	11	14	3	10	0	0	6	NaN	0	0	0	0	0	0	0	0	0	NaN	NaN	NaN	NaN	0	1	0	0	0	0	0	0	18000	0	0	0	18000	18000	18000	18000	6	NaN	0.25483062819488406	0.29122975345615243	0.13549383901076847	0.03749404939054315	NaN	NaN	2.3394900447381177e-7	NaN	0.012422620059138714	NaN	NaN	-0.000018009640845202167	NaN	NaN	NaN	95614.45336219617	11.65336469554901	NaN	0	0	0	0	0.00028911340743070465	-1	0	2.1331832597642038	55.68831911476458	1.0000687752730317	-273.1499938964844	9.000722664091322	-273.1499938964844	176
DATA	2025-08-23T200000_AIU-0547.ghg	2025-08-23	20:30:00	235.854	0	18000	18000	0.060121187834650584	1	NaN	17.685855091951808	0	NaN	NaN	NaN	NaN	NaN	NaN	NaN	NaN	NaN	NaN	0.021971583465524917	1	NaN	NaN	NaN	NaN	NaN	NaN	NaN	NaN	NaN	NaN	NaN	NaN	-1.1500418547071348e-12	NaN	NaN	NaN	NaN	NaN	0	NaN	NaN	NaN	NaN	0	0.08859934278428006	2.279323940223463	2.279323940223463	0	1	NaN	NaN	NaN	NaN	9	296.5440194710626	294.72521784753707	95247.10096016423	1.1258798515033381	1005.5938354632696	0.02572619467136586	NaN	NaN	NaN	NaN	NaN	NaN	NaN	NaN	-0.20163712503979983	0.44215775421812464	0.23624681913967222	0.5403457868468514	2.391195914586073e-14	-1.2980252658388609e-14	0.5403457868468514	2.5831297317338837	217.4855993372341	114.51440066276588	25.926267025333672	NaN	0.2310828699581627	0.2662096668183496	-58.69548201193162	-0.04940755064266255	NaN	0.0675995274644848	0	61.82961544006163	-9.382882683212383	21.224106177079985	52.851025329261155	80.60114832644763	113.04425656886689	169.3608957007505	0.05891378332318292	1.0204944317502784	17.342536329095775	1.0197963409931017	NaN	1	NaN	1	NaN	1	0.01903683315614268	1.1541616867317697	NaN	NaN	800009909	800009919	800009909	800009919	800009919	800009919	899999999	899999999	89999	89999	89	89	17	3	1	9	0	0	19	NaN	0	0	0	0	0	0	0	0	0	NaN	NaN	NaN	NaN	0	289	0	0	0	0	0	0	18000	0	0	0	18000	18000	18000	18000	6	NaN	0.15964525823755676	0.27849155151331184	0.09428252388583061	0.02754940228618153	NaN	NaN	4.174588835279753e-7	NaN	0.015317855326973034	NaN	NaN	0.00001903683315614268	NaN	NaN	NaN	95636.94421983507	11.649999618530273	NaN	0	0	0	0	0.00028863897068852877	-1	0	2.1532038725524005	56.526803645709364	1.0000631583796606	-273.1499938964844	9.000734256214566	-273.1499938964844	233
DATA	2025-08-23T203000_AIU-0547.ghg	2025-08-23	21:00:00	235.874	0	18000	18000	0.05338541357122146	1	NaN	16.25500360505212	0	NaN	NaN	NaN	NaN	NaN	NaN	NaN	NaN	NaN	NaN	-0.022973935227886724	1	NaN	NaN	NaN	NaN	NaN	NaN	NaN	NaN	NaN	NaN	NaN	NaN	1.0051733061294507e-12	NaN	NaN	NaN	NaN	NaN	0	NaN	NaN	NaN	NaN	0	0.08948357639924362	2.3004856260126134	2.3004856260126134	0.5	0	NaN	NaN	NaN	NaN	9	296.35757008361816	294.5388893485698	95252.5200114181	1.126656192392343	1005.588894539549	0.025708467615874805	NaN	NaN	NaN	NaN	NaN	NaN	NaN	NaN	-0.24432296699449427	0.4357836121901771	0.242064038342172	0.5551540934848861	-1.1583262877074898e-14	1.1233047968989616e-14	0.5551540934848861	2.652107871703842	212.72274171607813	119.27725828392187	25.850875319254424	NaN	0.2176785328958958	0.21586798791712333	-53.38296855696478	-0.05432444239037438	NaN	0.06591125665359374	0	61.2627517177644	-9.296858926379542	21.029520204899157	52.36647874536055	79.86218421294683	112.0078488925961	167.80816814349134	0.05233500425279148	1.0200708748079246	15.94374552244669	1.0195222686016419	NaN	1	NaN	1	NaN	1	-0.019911800719515375	1.1537849113450689	NaN	NaN	800009909	800009909	800009909	800009919	800009919	810009919	899999999	899999999	89999	89999	89	89	26	1	2	15	0	0	3	NaN	0	0	0	0	0	0	0	0	0	NaN	NaN	NaN	NaN	0	5	0	0	0	0	0	0	18000	0	0	0	18000	18000	18000	18000	6	NaN	0.11772140412317293	0.2284040760750702	0.08561049563600352	0.025648194102455373	NaN	NaN	8.111081238345292e-8	NaN	0.014072733957403261	NaN	NaN	-0.000019911800719515374	NaN	NaN	NaN	95640.4069672309	11.6302100131386	NaN	0	0	0	0	0.0002884950525153221	-1	0	2.1667646310263207	55.22007359547074	1.0000697418799003	-273.1499938964844	9.000754405472014	-273.1499938964844	230
DATA	2025-08-23T210000_AIU-0547.ghg	2025-08-23	21:30:00	235.895	0	18000	18000	0.10211109392232608	1	NaN	8.589606267606474	0	NaN	NaN	NaN	NaN	NaN	NaN	NaN	NaN	NaN	NaN	0.015535507095223286	2	NaN	NaN	NaN	NaN	NaN	NaN	NaN	NaN	NaN	NaN	NaN	NaN	3.065485358658993e-13	NaN	NaN	NaN	NaN	NaN	0	NaN	NaN	NaN	NaN	0	0.08920193468802864	2.290610374552277	2.290610374552277	0.6	0	NaN	NaN	NaN	NaN	9	296.04106511010065	294.19367546579	95250.31107771538	1.1279520795237419	1005.5797949556028	0.025678931545188657	NaN	NaN	NaN	NaN	NaN	NaN	NaN	NaN	-0.41496486738350097	0.18843530825318863	0.24014523573628735	0.5151440971281032	-3.771179705551002e-14	3.43656824191101e-15	0.5151440971281032	4.290061477558077	176.42277163857855	155.57722836142145	27.786033116218974	NaN	0.30087848926448657	0.2659489214941275	-266.76695216847315	-0.01087091176934294	NaN	0.02516951977371454	0	68.55128481829558	-10.402921943725817	23.53143776171781	58.59660721644502	89.3635232288369	125.33361195877352	187.7725894885855	0.09998466078216271	1.0212675936841575	8.418725294116188	1.0202977253111838	NaN	1	NaN	1	NaN	1	0.013452321767866144	1.1548569357249017	NaN	NaN	800009909	800009919	800009909	800009919	810009919	811109919	899999999	899999999	89999	89999	89	89	13	1	5	5	0	0	13	NaN	0	0	0	0	0	0	0	0	0	NaN	NaN	NaN	NaN	0	148	0	0	0	0	0	0	17901	0	0	0	18000	18000	18000	18000	6	NaN	0.1289055867304607	0.2795026687238335	0.12348958753396086	0.04137546563228323	NaN	NaN	2.8936299969099917e-7	NaN	0.007422311054078015	NaN	NaN	0.000013452321767866144	NaN	NaN	NaN	95635.84049782986	11.633302412245008	NaN	0	0	0	0	0.00028795371052304597	-1	0	2.1757094414454925	55.07281562132925	1.0000674292312728	-482.8577527024889	9.00050054635825	-366.8603728315451	123
DATA	2025-08-23T213000_AIU-0547.ghg	2025-08-23	22:00:00	235.916	0	18000	18000	0.12395966549547069	1	NaN	13.963553831249301	0	NaN	NaN	NaN	NaN	NaN	NaN	NaN	NaN	NaN	NaN	-0.01617550500960055	1	NaN	NaN	NaN	NaN	NaN	NaN	NaN	NaN	NaN	NaN	NaN	NaN	-5.783239829771913e-13	NaN	NaN	NaN	NaN	NaN	0	NaN	NaN	NaN	NaN	0	0.08873851275496755	2.278017691464687	2.278017691464687	0.4	0	NaN	NaN	NaN	NaN	9	296.0166309449938	294.19002699806464	95278.084956879	1.1282949698326286	1005.5796991630409	0.02567112768449192	NaN	NaN	NaN	NaN	NaN	NaN	NaN	NaN	-0.517999602360987	0.277322127854144	0.22655394535076892	0.6297283865268294	4.953147739526644e-15	-6.51717011050331e-15	0.6297283865268294	3.1941522148360844	180.16331910505582	151.83668089494418	21.085736526795717	NaN	0.3314582795695917	0.3226730569261845	-219.43852703217507	-0.013215546236212152	NaN	0.03713025592584997	0	71.8250323611235	-10.899725763548807	24.655209354851713	61.3949573772241	93.63118378931077	131.3190665752897	196.73989119676048	0.12174107297512886	1.0182238620551265	13.71215343226167	1.0183341296631163	NaN	1	NaN	1	NaN	1	-0.014039000179128238	1.152183546065385	NaN	NaN	800009909	800009909	800009909	800009919	800009919	800109919	899999999	899999999	89999	89999	89	89	18	17	5	11	0	0	9	NaN	0	0	0	0	0	0	0	0	0	NaN	NaN	NaN	NaN	0	194	0	0	0	0	0	0	18000	0	0	0	18000	18000	18000	18000	6	NaN	0.19789343972279339	0.31408357255014807	0.13336910157942752	0.03086499449215093	NaN	NaN	3.3173852933305054e-7	NaN	0.012085552659648452	NaN	NaN	-0.000014039000179128238	NaN	NaN	NaN	95668.83471050348	11.640000343322754	NaN	0	0	0	0	0.0002877126504447208	-1	0	2.189143323563872	54.665767577265605	1.0000716924170654	-447.69112622579144	9.000445842822392	-333.99512145148526	028
DATA	2025-08-23T220000_AIU-0547.ghg	2025-08-23	22:30:00	235.937	0	18000	18000	0.09389886407764284	1	NaN	12.998270624590592	0	NaN	NaN	NaN	NaN	NaN	NaN	NaN	NaN	NaN	NaN	-0.0018364925683406503	0	NaN	NaN	NaN	NaN	NaN	NaN	NaN	NaN	NaN	NaN	NaN	NaN	5.319125432279265e-13	NaN	NaN	NaN	NaN	NaN	0	NaN	NaN	NaN	NaN	0	0.08808014282488169	2.260644306667396	2.260644306667396	0	1	NaN	NaN	NaN	NaN	9	295.99445742797855	294.19872006149956	95300.8061101992	1.1285306894494351	1005.5799274173219	0.025665765678445154	NaN	NaN	NaN	NaN	NaN	NaN	NaN	NaN	-0.49710396688592795	0.3796489347122974	0.19625882776964937	0.6555632654438659	-8.73107904939442e-15	6.0389609527025756e-15	0.6555632654438659	3.1539305230476846	189.3697466503965	142.6302533496035	17.42002913806256	NaN	0.28845195205704366	0.2669541543380058	-155.39288737802786	-0.018662372833996597	NaN	0.03970837575084794	0	68.28309008646013	-10.362222358467887	23.439375189047805	58.36735839345742	89.01390430904924	124.84326645265573	187.03796256777102	0.0922678483057109	1.0176769676748925	12.76862702704409	1.0179849875057134	NaN	1	NaN	1	NaN	1	-0.0015945569367913886	1.1517259283548014	NaN	NaN	800009909	800009909	800009909	800009919	800009919	801019919	899999999	899999999	89999	89999	89	89	39	26	0	19	0	0	4	NaN	0	0	0	0	0	0	0	0	0	NaN	NaN	NaN	NaN	0	123	0	0	0	0	0	0	18000	0	0	0	18000	18000	18000	18000	6	NaN	0.15922088996773265	0.26006987258659153	0.11461754612168741	0.01848060938084267	NaN	NaN	5.865993178728542e-8	NaN	0.011251598637433129	NaN	NaN	-0.0000015945569367913886	NaN	NaN	NaN	95693.23286436632	11.659905166149137	NaN	0	0	0	0	0.00028813912845281346	-1	0	2.131711867271529	53.96973929779892	1.0000587181933225	-525.2111294809974	9.000442704704072	-381.6779984537756	124
DATA	2025-08-23T223000_AIU-0547.ghg	2025-08-23	23:00:00	235.958	0	18000	18000	0.0631312067893915	1	NaN	12.348770607565568	0	NaN	NaN	NaN	NaN	NaN	NaN	NaN	NaN	NaN	NaN	-0.004497061358549281	0	NaN	NaN	NaN	NaN	NaN	NaN	NaN	NaN	NaN	NaN	NaN	NaN	-6.705053980640967e-13	NaN	NaN	NaN	NaN	NaN	0	NaN	NaN	NaN	NaN	0	0.08830594362348027	2.264939160169073	2.264939160169073	0	0	NaN	NaN	NaN	NaN	9	295.8002622121175	294.029090782932	95308.95682924871	1.1292783284209824	1005.5754815665057	0.025648773652500022	NaN	NaN	NaN	NaN	NaN	NaN	NaN	NaN	-0.4209576990781706	0.458463236062829	0.21359194207649435	0.6580390877101312	-9.112371522726585e-15	-7.592981520281398e-15	0.6580390877101312	3.5472161542742247	199.44207007494649	132.55792992505351	18.940648250054238	NaN	0.23644032556878142	0.2510746409074826	-90.08692982570493	-0.0321911292305194	NaN	0.045992445780927774	0	63.139584824814214	-9.581675591242819	21.673776276316904	53.97076745674101	82.30882572233736	115.43929839750137	172.9491047938077	0.06203768528635724	1.0176267295916461	12.130983218156453	1.017952987444839	NaN	1	NaN	1	NaN	1	-0.00390476944133528	1.1516842226186497	NaN	NaN	800009909	800009919	800009909	800009919	800009919	810009919	899999999	899999999	89999	89999	89	89	26	11	2	26	0	0	10	NaN	0	0	0	0	0	0	0	0	0	NaN	NaN	NaN	NaN	0	379	0	0	0	0	101	0	18000	0	0	21	18000	18000	18000	18000	6	NaN	0.13154056323284424	0.27694403926753997	0.093664679314581	0.01762553932556621	NaN	NaN	6.783221953874851e-8	NaN	0.010682682784244352	NaN	NaN	-0.00000390476944133528	NaN	NaN	NaN	95699.67124479167	11.670000076293945	NaN	0	0	0	0	0.00028764721663254836	-1	0	2.136329094746544	51.35526088300115	1.000064751300547	-516.2882541063134	9.00048122549057	-398.83737417433156	237
DATA	2025-08-23T230000_AIU-0547.ghg	2025-08-23	23:30:00	235.979	0	18000	18000	0.058218094396572426	1	NaN	13.921095700006648	0	NaN	NaN	NaN	NaN	NaN	NaN	NaN	NaN	NaN	NaN	0.013407030928092837	1	NaN	NaN	NaN	NaN	NaN	NaN	NaN	NaN	NaN	NaN	NaN	NaN	-2.1303590007334887e-12	NaN	NaN	NaN	NaN	NaN	0	NaN	NaN	NaN	NaN	0	0.08870992644330458	2.274300853429382	2.274300853429382	0	1	NaN	NaN	NaN	NaN	9	295.6289587470161	293.8754542246197	95301.03963710979	1.1297748525183107	1005.5714696361958	0.02563750128778329	NaN	NaN	NaN	NaN	NaN	NaN	NaN	NaN	-0.31579405738250266	0.5023149890945957	0.2468047261463449	0.6426187110529769	4.351336581863036e-16	-2.4014888594175793e-14	0.6426187110529769	2.503780618011931	209.8433548579112	122.15664514208878	22.58545269764367	NaN	0.2270037549979553	0.22040788333886063	-70.7162261037422	-0.041008975729921425	NaN	0.05398032951515601	0	61.8533237082093	-9.386480504370876	21.232244458336623	52.871290800289366	80.63205444844003	113.08760284440514	169.42583632023238	0.0571917445630562	1.0179457689454574	13.67284583890044	1.0181564148408604	NaN	1	NaN	1	NaN	1	0.01163855562310652	1.151949723166274	NaN	NaN	800009909	800009909	800009909	800009919	800009919	800009919	899999999	899999999	89999	89999	89	89	9	5	5	23	0	0	4	NaN	0	0	0	0	0	0	0	0	0	NaN	NaN	NaN	NaN	0	88	0	0	0	0	101	0	18000	0	0	11	18000	18000	18000	18000	6	NaN	0.11744722926400121	0.2324723774394743	0.09089615997424579	0.025374935621773106	NaN	NaN	1.8739920645650417e-7	NaN	0.01203522103024087	NaN	NaN	0.000011638555623106519	NaN	NaN	NaN	95691.85599110243	11.640313525662844	NaN	0	0	0	0	0.00028761358385155395	-1	0	2.1423158927416366	45.640646111502	1.000083432495594	-385.9577486334916	9.000506152232488	-273.1499938964844	136
