DATAH	filename	date	time	DOY	daytime	file_records	used_records	Tau	qc_Tau	rand_err_Tau	H	qc_H	rand_err_H	LE	qc_LE	rand_err_LE	co2_flux	qc_co2_flux	rand_err_co2_flux	h2o_flux	qc_h2o_flux	rand_err_h2o_flux	ch4_flux	qc_ch4_flux	rand_err_ch4_flux	none_flux	qc_none_flux	rand_err_none_flux	H_strg	LE_strg	co2_strg	h2o_strg	ch4_strg	none_strg	co2_v-adv	h2o_v-adv	ch4_v-adv	none_v-adv	co2_molar_density	co2_mole_fraction	co2_mixing_ratio	co2_time_lag	co2_def_timelag	h2o_molar_density	h2o_mole_fraction	h2o_mixing_ratio	h2o_time_lag	h2o_def_timelag	ch4_molar_density	ch4_mole_fraction	ch4_mixing_ratio	ch4_time_lag	ch4_def_timelag	none_molar_density	none_mole_fraction	none_mixing_ratio	none_time_lag	none_def_timelag	sonic_temperature	air_temperature	air_pressure	air_density	air_heat_capacity	air_molar_volume	ET	water_vapor_density	e	es	specific_humidity	RH	VPD	Tdew	u_unrot	v_unrot	w_unrot	u_rot	v_rot	w_rot	wind_speed	max_wind_speed	wind_dir	yaw	pitch	roll	u*	TKE	L	(z-d)/L	bowen_ratio	T*	model	x_peak	x_offset	x_10%	x_30%	x_50%	x_70%	x_90%	un_Tau	Tau_scf	un_H	H_scf	un_LE	LE_scf	un_co2_flux	co2_scf	un_h2o_flux	h2o_scf	un_ch4_flux	ch4_scf	un_none_flux	un_none_scf	spikes_hf	amplitude_resolution_hf	drop_out_hf	absolute_limits_hf	skewness_kurtosis_hf	skewness_kurtosis_sf	discontinuities_hf	discontinuities_sf	timelag_hf	timelag_sf	attack_angle_hf	non_steady_wind_hf	u_spikes	v_spikes	w_spikes	ts_spikes	co2_spikes	h2o_spikes	ch4_spikes	none_spikes	head_detect_LI-7200	t_out_LI-7200	t_in_LI-7200	aux_in_LI-7200	delta_p_LI-7200	chopper_LI-7200	detector_LI-7200	pll_LI-7200	sync_LI-7200	chopper_LI-7500	detector_LI-7500	pll_LI-7500	sync_LI-7500	not_ready_LI-7700	no_signal_LI-7700	re_unlocked_LI-7700	bad_temp_LI-7700	laser_temp_unregulated_LI-7700	block_temp_unregulated_LI-7700	motor_spinning_LI-7700	pump_on_LI-7700	top_heater_on_LI-7700	bottom_heater_on_LI-7700	calibrating_LI-7700	motor_failure_LI-7700	bad_aux_tc1_LI-7700	bad_aux_tc2_LI-7700	bad_aux_tc3_LI-7700	box_connected_LI-7700	mean_value_RSSI_LI-7200	mean_value_LI-7500	u_var	v_var	w_var	ts_var	co2_var	h2o_var	ch4_var	none_var	w/ts_cov	w/co2_cov	w/h2o_cov	w/ch4_cov	w/none_cov	co2_mean	h2o_mean	air_p_mean	vin_sf_mean	dew_point_mean	avg_signal_strength_7200_mean	co2_signal_strength_7200_mean	h2o_signal_strength_7200_mean	delta_signal_strength_7200_mean	flowrate_mean	hit_power_mean	hit_vin_mean	ch4_mean	rssi_77_mean	ch4_aux-1_mean	ch4_aux-2_mean	ch4_aux-3_mean	ch4_aux-4_mean	CHK
DATAU		[yyyy-mm-dd]	[HH:MM]	[ddd.ddd]	[1=daytime]	[#]	[#]	[kg+1m-1s-2]	[#]	[kg+1m-1s-2]	[W+1m-2]	[#]	[W+1m-2]	[W+1m-2]	[#]	[W+1m-2]	[µmol+1s-1m-2]	[#]	[µmol+1s-1m-2]	[mmol+1s-1m-2]	[#]	[mmol+1s-1m-2]	[µmol+1s-1m-2]	[#]	[µmol+1s-1m-2]	[µmol+1s-1m-2]	[#]	[µmol+1s-1m-2]	[W+1m-2]	[W+1m-2]	[µmol+1s-1m-2]	[mmol+1s-1m-2]	[µmol+1s-1m-2]	[µmol+1s-1m-2]	[µmol+1s-1m-2]	[mmol+1s-1m-2]	[µmol+1s-1m-2]	[µmol+1s-1m-2]	[mmol+1m-3]	[µmol+1mol_a-1]	[µmol+1mol_d-1]	[s]	[1=default]	[mmol+1m-3]	[mmol+1mol_a-1]	[mmol+1mol_d-1]	[s]	[1=default]	[mmol+1m-3]	[µmol+1mol_a-1]	[µmol+1mol_d-1]	[s]	[1=default]	[mmol+1m-3]	[µmol+1mol_a-1]	[µmol+1mol_d-1]	[s]	[1=default]	[K]	[K]	[Pa]	[kg+1m-3]	[J+1kg-1K-1]	[m+3mol-1]	[mm]	[kg+1m-3]	[Pa]	[Pa]	[kg+1kg-1]	[%]	[Pa]	[K]	[m+1s-1]	[m+1s-1]	[m+1s-1]	[m+1s-1]	[m+1s-1]	[m+1s-1]	[m+1s-1]	[m+1s-1]	[deg_from_north]	[deg]	[deg]	[deg]	[m+1s-1]	[m+2s-2]	[m]	[#]	[#]	[K]	[0=KJ/1=KM/2=HS]	[m]	[m]	[m]	[m]	[m]	[m]	[m]	[kg+1m-1s-2]	[#]	[W+1m-2]	[#]	[W+1m-2]	[#]	[µmol+1s-1m-2]	[#]	[mmol+1s-1m-2]	[#]	[µmol+1s-1m-2]	[#]	[µmol+1s-1m-2]	[#]	8u/v/w/ts/co2/h2o/ch4/none	8u/v/w/ts/co2/h2o/ch4/none	8u/v/w/ts/co2/h2o/ch4/none	8u/v/w/ts/co2/h2o/ch4/none	8u/v/w/ts/co2/h2o/ch4/none	8u/v/w/ts/co2/h2o/ch4/none	8u/v/w/ts/co2/h2o/ch4/none	8u/v/w/ts/co2/h2o/ch4/none	8co2/h2o/ch4/none	8co2/h2o/ch4/none	8aa	8U	[#]	[#]	[#]	[#]	[#]	[#]	[#]	[#]	[#_flagged_recs]	[#_flagged_recs]	[#_flagged_recs]	[#_flagged_recs]	[#_flagged_recs]	[#_flagged_recs]	[#_flagged_recs]	[#_flagged_recs]	[#_flagged_recs]	[#_flagged_recs]	[#_flagged_recs]	[#_flagged_recs]	[#_flagged_recs]	[#_flagged_recs]	[#_flagged_recs]	[#_flagged_recs]	[#_flagged_recs]	[#_flagged_recs]	[#_flagged_recs]	[#_flagged_recs]	[#_flagged_recs]	[#_flagged_recs]	[#_flagged_recs]	[#_flagged_recs]	[#_flagged_recs]	[#_flagged_recs]	[#_flagged_recs]	[#_flagged_recs]	[#_flagged_recs]	[#]	[#]	[m+2s-2]	[m+2s-2]	[m+2s-2]	[K+2]	--	--	--	--	[m+1s-1K+1]	--	--	--	--	--	--	--	--	--	--	--	--	--	--	--	--	--	--	--	--	--	--	207
DATA	2025-09-10T233000_AIU-0547.ghg	2025-09-11	00:00:00	254	0	18000	18000	0.03588413675980479	0	NaN	23.286933346441632	0	NaN	NaN	NaN	NaN	NaN	NaN	NaN	NaN	NaN	NaN	-0.011742744389575111	0	NaN	NaN	NaN	NaN	NaN	NaN	NaN	NaN	NaN	NaN	NaN	NaN	-4.2759034024641845e-13	NaN	NaN	NaN	NaN	NaN	0	NaN	NaN	NaN	NaN	0	0.08884485315262441	2.2225427311007016	2.2225427311007016	0	0	NaN	NaN	NaN	NaN	9	289.169040719774	287.9989890975952	95715.6907437066	1.157843209937912	1005.4285505746412	0.025015998701496518	NaN	NaN	NaN	NaN	NaN	NaN	NaN	NaN	0.8506674325317437	0.17665322956459084	0.2626741227232991	0.9076558483446507	3.11339880272513e-14	-4.812775586582054e-15	0.9076558483446507	2.920814408056483	320.268455981377	11.731544018622994	16.821940725395745	NaN	0.17604608644673025	0.25549951227826284	-19.776285056198876	-0.1466402811124021	NaN	0.11362789427006494	1	8.493879689469304	4	7	12	19	33	87	0.03539130598234123	1.0139251933146933	22.928118688692344	1.0156495464203197	NaN	1	NaN	1	NaN	1	-0.010220399428693084	1.1489516110894986	NaN	NaN	800009909	800009909	800009909	800009909	800009919	800019919	899999999	899999999	89999	89999	89	89	5	1	0	31	0	0	5	NaN	0	0	350	0	0	0	0	0	0	NaN	NaN	NaN	NaN	0	0	0	0	0	0	0	0	16117	0	0	0	18000	18000	18000	18000	6	NaN	0.2500647749014055	0.21792321918267227	0.04301103047244794	0.06743492381799847	NaN	NaN	1.7414274388737746e-7	NaN	0.019695520140713345	NaN	NaN	-0.000010220399428693083	NaN	NaN	NaN	96101.71793142361	11.421639002694025	NaN	0	0	0	0	0.0002793369085540891	-1	0	2.0870223526954663	77.21414438577911	1.0001749049938387	-273.1499938964844	9.001152777751287	-273.1499938964844	114
DATA	2025-09-11T000000_AIU-0547.ghg	2025-09-11	00:30:00	254.02	0	18000	18000	0.02790176292238076	1	NaN	27.34798098787482	0	NaN	NaN	NaN	NaN	NaN	NaN	NaN	NaN	NaN	NaN	-0.01246813841119502	0	NaN	NaN	NaN	NaN	NaN	NaN	NaN	NaN	NaN	NaN	NaN	NaN	-6.325724576314004e-13	NaN	NaN	NaN	NaN	NaN	0	NaN	NaN	NaN	NaN	0	0.08892588743067781	2.226406523357596	2.226406523357596	-0.6	0	NaN	NaN	NaN	NaN	9	289.4301907314724	288.22803491889107	95712.79156532118	1.1568880654871785	1005.4337365849182	0.025036652291979558	NaN	NaN	NaN	NaN	NaN	NaN	NaN	NaN	0.7524278713486235	0.5724575159168023	0.25552016736817784	0.9793599261985508	-1.669698270711924e-14	-7.113479279298983e-15	0.9793599261985508	2.274393041709123	294.7356213754169	37.26437862458311	15.123784519626927	NaN	0.15529953368357555	0.13270615402137417	-11.5599490976637	-0.25086615654614763	NaN	0.15139457849512986	1	10.966503648919742	5	9	15	24	39	97	0.027538116926866155	1.0132051874309471	26.937929080769102	1.0152221021102343	NaN	1	NaN	1	NaN	1	-0.01085558417053272	1.1485460584460805	NaN	NaN	800009909	800009909	800009909	800009909	800009919	800019919	899999999	899999999	89999	89999	89	89	0	2	1	36	0	0	3	NaN	0	0	9885	0	0	0	0	0	0	NaN	NaN	NaN	NaN	0	0	0	0	0	0	0	0	16973	0	0	0	18000	18000	18000	18000	6	NaN	0.12114573702375654	0.10712772975725875	0.03713884126173306	0.05466951903821382	NaN	NaN	6.377654920575269e-8	NaN	0.023158979097917854	NaN	NaN	-0.00001085558417053272	NaN	NaN	NaN	96099.24140321181	11.430000305175781	NaN	0	0	0	0	0.0002763044597296458	-1	0	2.0910900951080853	76.78564481163028	1.000183729009496	-273.1499938964844	9.001185858117209	-273.1499938964844	244
DATA	2025-09-11T003000_AIU-0547.ghg	2025-09-11	01:00:00	254.041	0	18000	18000	0.041033614403991496	0	NaN	38.371349214168504	0	NaN	NaN	NaN	NaN	NaN	NaN	NaN	NaN	NaN	NaN	-0.013708458252818419	1	NaN	NaN	NaN	NaN	NaN	NaN	NaN	NaN	NaN	NaN	NaN	NaN	9.334514993354574e-13	NaN	NaN	NaN	NaN	NaN	0	NaN	NaN	NaN	NaN	0	0.08856425327931845	2.2211672112529453	2.2211672112529453	0	0	NaN	NaN	NaN	NaN	9	289.9866718122695	288.71511958313	95709.87729882813	1.1549011405925202	1005.4448687506424	0.025079726063378133	NaN	NaN	NaN	NaN	NaN	NaN	NaN	NaN	0.8007730664660211	0.26882492082867826	0.27660518478699003	0.8888277506283114	1.1134363400756425e-14	1.0539822386256568e-14	0.8888277506283114	2.7621022238821435	313.4427505421612	18.557249457838797	18.131697844512992	NaN	0.18849397863029696	0.29369485396651174	-14.731652872797083	-0.1968550321569843	NaN	0.17530993004268636	1	7.102674114478117	3	6	10	16	27	69	0.040461749146158354	1.014133478406171	37.77544226505434	1.0157749827237743	NaN	1	NaN	1	NaN	1	-0.011929941105034604	1.1490801280681306	NaN	NaN	800009909	800009909	800009909	800009909	800119909	800119909	899999999	899999999	89999	89999	89	89	6	0	8	22	0	0	0	NaN	0	0	9527	0	0	0	0	0	0	NaN	NaN	NaN	NaN	0	0	0	0	0	0	0	0	15556	0	0	0	18000	18000	18000	18000	6	NaN	0.23024997757117363	0.303417026901288	0.05372270346056182	0.26432141263260833	NaN	NaN	2.4903027825298386e-7	NaN	0.032531679524667984	NaN	NaN	-0.000011929941105034604	NaN	NaN	NaN	96097.96639822048	11.402546343485517	NaN	0	0	0	0	0.000277988250936485	-1	0	2.08725375499328	76.90693315919229	1.0001859136985407	-273.1499938964844	9.001201821300718	-273.1499938964844	106
DATA	2025-09-11T010000_AIU-0547.ghg	2025-09-11	01:30:00	254.062	0	18000	18000	0.018529644281947415	0	NaN	12.498622939118063	0	NaN	NaN	NaN	NaN	NaN	NaN	NaN	NaN	NaN	NaN	-0.020723553437639573	1	NaN	NaN	NaN	NaN	NaN	NaN	NaN	NaN	NaN	NaN	NaN	NaN	1.0980716669257357e-12	NaN	NaN	NaN	NaN	NaN	0	NaN	NaN	NaN	NaN	0	0.0880522357322689	2.2161929866120853	2.2161929866120853	0	0	NaN	NaN	NaN	NaN	9	290.55872454494903	289.2567286343045	95549.03424669051	1.1508014760073748	1005.457412675193	0.025169071156246715	NaN	NaN	NaN	NaN	NaN	NaN	NaN	NaN	0.6195559718653759	0.12689585151466973	0.2205816465724679	0.6697823692889366	3.980438142141359e-14	1.2470684677042451e-14	0.6697823692889366	1.8342270524380493	320.42491367481136	11.575086325188671	19.228315301011822	NaN	0.12689173511319995	0.11488820052968675	-13.781224761135737	-0.21043122438422557	NaN	0.08512649260922973	1	8.485917996205716	4	7	12	19	32	80	0.01821286566097918	1.0173931234581568	12.279985544067648	1.0178043690903233	NaN	1	NaN	1	NaN	1	-0.01799713105043606	1.1514920561262152	NaN	NaN	800009909	800009909	800009909	800009909	800009909	800019909	899999999	899999999	89999	89999	89	89	3	1	0	35	0	0	1	NaN	0	0	18000	0	0	0	0	0	0	NaN	NaN	NaN	NaN	0	0	0	0	0	0	0	0	17109	17998	0	0	18000	18000	18000	18000	6	NaN	0.10020391912265712	0.10543471874967582	0.02413776318704055	0.06915699215518348	NaN	NaN	2.115654199550868e-7	NaN	0.010612892496168447	NaN	NaN	-0.00001799713105043606	NaN	NaN	NaN	96096.01110286458	11.397514243125917	NaN	0	0	0	0	0.0002778628404064673	-1	0	2.0805066215991967	82.72053558853395	1.0001492147263553	-287.2408694881847	9.001069546487596	-273.1499938964844	135
DATA	2025-09-11T013000_AIU-0547.ghg	2025-09-11	02:00:00	254.083	0	18000	18000	0.05099817058735814	1	NaN	10.868916777463072	1	NaN	NaN	NaN	NaN	NaN	NaN	NaN	NaN	NaN	NaN	-0.028122507013639424	1	NaN	NaN	NaN	NaN	NaN	NaN	NaN	NaN	NaN	NaN	NaN	NaN	-2.1396362641529337e-12	NaN	NaN	NaN	NaN	NaN	0	NaN	NaN	NaN	NaN	0	0.08787718263582753	2.211202431194351	2.211202431194351	0.2	0	NaN	NaN	NaN	NaN	9	290.95653070322675	289.6706186565823	95711.05177061632	1.1511057425333897	1005.4671161258848	0.02516241833056723	NaN	NaN	NaN	NaN	NaN	NaN	NaN	NaN	0.5112240321473835	0.25539903953422005	0.22887323273353902	0.6155986006334786	2.2332098428131978e-14	-2.4348029829538527e-14	0.6155986006334786	1.6374282366285655	305.4540475967244	26.545952403275532	21.826036502811533	NaN	0.21048429079440442	0.13500661394367044	-72.41896593129748	-0.04004475847875508	NaN	0.04461526562387099	0	94.59139857328158	-14.354609669446775	32.47016615692895	80.855304797635	123.30944147957966	172.94324497120525	259.1004953522268	0.05006980845331495	1.0185413558134297	10.67110182212767	1.01853744427077	NaN	1	NaN	1	NaN	1	-0.024402299679188902	1.1524531451280897	NaN	NaN	800009909	800009909	800009909	800009909	800009919	800009919	899999999	899999999	89999	89999	89	89	0	1	0	19	0	0	0	NaN	0	0	18000	0	0	0	0	0	0	NaN	NaN	NaN	NaN	0	0	0	0	0	0	0	0	16906	18000	0	0	18000	18000	18000	18000	6	NaN	0.14772858485480878	0.09526389810587041	0.02702074492666169	0.037578419650149686	NaN	NaN	2.5447558773674e-7	NaN	0.009219899176282012	NaN	NaN	-0.000024402299679188902	NaN	NaN	NaN	96104.53044053819	11.390000343322754	NaN	0	0	0	0	0.0002781003162381239	-1	0	2.0801438456442622	83.7874233683516	1.000095905219515	-273.1499938964844	9.000909470134312	-273.1499938964844	153
DATA	2025-09-11T020000_AIU-0547.ghg	2025-09-11	02:30:00	254.104	0	18000	18000	0.0516079561210951	1	NaN	32.424210301883505	1	NaN	NaN	NaN	NaN	NaN	NaN	NaN	NaN	NaN	NaN	0.0025540798497104694	2	NaN	NaN	NaN	NaN	NaN	NaN	NaN	NaN	NaN	NaN	NaN	NaN	-3.754970168225995e-12	NaN	NaN	NaN	NaN	NaN	0	NaN	NaN	NaN	NaN	0	0.0878570476875951	2.2133812903836474	2.2133812903836474	0	1	NaN	NaN	NaN	NaN	9	291.33402973514137	290.017150970459	95709.2852157118	1.1497091019521788	1005.4753187404085	0.025192985066537398	NaN	NaN	NaN	NaN	NaN	NaN	NaN	NaN	0.41281423630388986	0.31744960136668604	0.2104037718508654	0.5616578943735118	-5.645741898325634e-14	-4.273954414650989e-14	0.5616578943735118	1.429157477323677	294.4401122401631	37.559887759836904	22.000332422159836	NaN	0.21186750146913952	0.10933286364229744	-24.757168045277844	-0.11713779195973681	NaN	0.13238710292716696	0	88.60765689237745	-13.446553783946422	30.41614127147833	75.74049240732032	115.5090298590797	162.00305676198556	242.71009985151002	0.050601414023896556	1.0198915804353452	31.80695338067533	1.0194063516181715	NaN	1	NaN	1	NaN	1	0.0022139579640624556	1.1536261713948328	NaN	NaN	800009909	800009909	800009909	800009909	800009919	800009919	899999999	899999999	89999	89999	89	89	0	0	0	16	0	0	2	NaN	0	0	1638	0	0	0	0	0	0	NaN	NaN	NaN	NaN	0	0	0	0	0	0	0	0	16414	603	0	0	18000	18000	18000	18000	6	NaN	0.1388225057865488	0.04760748352981541	0.032235737968230635	0.05240688296600713	NaN	NaN	6.343249975604102e-8	NaN	0.0275145673551998	NaN	NaN	0.000002213957964062456	NaN	NaN	NaN	96100.53672569444	11.401637832535636	NaN	0	0	0	0	0.00028045141469273314	-1	0	2.0829693066212864	82.67907674966025	1.0001034353408549	-273.1499938964844	9.000955603546567	-273.1499938964844	148
DATA	2025-09-11T023000_AIU-0547.ghg	2025-09-11	03:00:00	254.124	0	18000	18000	0.02499416048051454	1	NaN	17.20296838887691	1	NaN	NaN	NaN	NaN	NaN	NaN	NaN	NaN	NaN	NaN	-0.01717668402819253	1	NaN	NaN	NaN	NaN	NaN	NaN	NaN	NaN	NaN	NaN	NaN	NaN	-6.788826694121186e-13	NaN	NaN	NaN	NaN	NaN	0	NaN	NaN	NaN	NaN	0	0.08824068683118008	2.225151041651771	2.225151041651771	0.8	0	NaN	NaN	NaN	NaN	9	291.60495504675976	290.25232025570347	95696.29067382813	1.1486216098440611	1005.4809259948729	0.025216837284017014	NaN	NaN	NaN	NaN	NaN	NaN	NaN	NaN	0.39065527931633537	0.2640131231969322	0.2429486612704997	0.5304135447846776	2.6210898903043667e-14	-7.69353337775963e-15	0.5304135447846776	1.4100390139931178	297.94833818685015	34.05166181314983	27.260466402263013	NaN	0.14751316650273769	0.08618485219222759	-15.748044051894503	-0.18414985317818738	NaN	0.10097684253453251	1	4.46276307791957	2	4	6	10	18	47	0.024485089488138784	1.0207910611322193	16.865846414569038	1.0199884409012916	NaN	1	NaN	1	NaN	1	-0.014878965253583334	1.1544273231000275	NaN	NaN	800009909	800009909	800009909	800009909	800009909	800009909	899999999	899999999	89999	89999	89	89	5	0	0	32	0	0	1	NaN	0	0	15	0	0	0	0	0	0	NaN	NaN	NaN	NaN	0	0	0	0	0	0	0	0	16507	0	0	0	18000	18000	18000	18000	6	NaN	0.057940475952788194	0.09093663610806224	0.02349259232360474	0.03192767511356613	NaN	NaN	2.2742334131828526e-7	NaN	0.014603512342311642	NaN	NaN	-0.000014878965253583335	NaN	NaN	NaN	96082.71277734375	11.40999984741211	NaN	0	0	0	0	0.00028064154149291847	-1	0	2.094332858701546	82.03422233588603	1.000112922641966	-273.1499938964844	9.001035345633825	-273.1499938964844	176
DATA	2025-09-11T030000_AIU-0547.ghg	2025-09-11	03:30:00	254.145	0	18000	18000	0.04216853013994782	1	NaN	-4.485761086168833	2	NaN	NaN	NaN	NaN	NaN	NaN	NaN	NaN	NaN	NaN	-0.030212102790016623	1	NaN	NaN	NaN	NaN	NaN	NaN	NaN	NaN	NaN	NaN	NaN	NaN	1.9835216296190344e-12	NaN	NaN	NaN	NaN	NaN	0	NaN	NaN	NaN	NaN	0	0.08780065716627151	2.2125557307490564	2.2125557307490564	0	1	NaN	NaN	NaN	NaN	9	291.3400328996446	289.97625682067866	95670.05142795139	1.1493998777833967	1005.4743470374507	0.025199762759851033	NaN	NaN	NaN	NaN	NaN	NaN	NaN	NaN	0.2768920747865386	0.11468878014019085	0.2243861407888071	0.37439534926029927	-5.248133736845379e-14	2.2591193433356227e-14	0.37439534926029927	1.3599543399767269	309.5006486531847	22.499351346815306	36.821884685041724	NaN	0.19153963622754855	0.10772041792194861	132.18726419020922	0.02193857341526549	NaN	-0.02026447419112082	1	1.2689737210687513	1	1	2	4	7	23	0.041552402128261855	1.0148277351038366	-4.413105956574609	1.0164634908631602	NaN	1	NaN	1	NaN	1	-0.025513645424261582	1.1841546861542238	NaN	NaN	800009909	800009909	800009909	800009909	800009919	800009919	899999999	899999999	89999	89999	89	89	2	0	2	25	0	0	3	NaN	0	0	1987	0	0	0	0	0	0	NaN	NaN	NaN	NaN	0	0	0	0	0	0	0	0	17505	0	0	0	18000	18000	18000	18000	6	NaN	0.056320212676113424	0.12220328498921926	0.03691733817856455	0.04385758165014845	NaN	NaN	2.2463515890097464e-7	NaN	-0.0038185828116795223	NaN	NaN	-0.000025513645424261584	NaN	NaN	NaN	96051.32610503472	11.437452936384414	NaN	0	0	0	0	0.00027864398224240527	-1	0	2.0813345670170267	80.40369807189661	1.0001087052408193	-306.74199530706954	9.000952524370618	-273.1499938964844	241
DATA	2025-09-11T033000_AIU-0547.ghg	2025-09-11	04:00:00	254.166	0	18000	18000	0.06218625715817292	1	NaN	34.61349740135785	1	NaN	NaN	NaN	NaN	NaN	NaN	NaN	NaN	NaN	NaN	-0.01323548933675394	2	NaN	NaN	NaN	NaN	NaN	NaN	NaN	NaN	NaN	NaN	NaN	NaN	1.3458154866378226e-12	NaN	NaN	NaN	NaN	NaN	0	NaN	NaN	NaN	NaN	0	0.08782170208374032	2.209203914080553	2.209203914080553	0.9	0	NaN	NaN	NaN	NaN	9	290.712523220486	289.4335376849705	95658.79791753473	1.1514196711335536	1005.4615454167928	0.025155557927743398	NaN	NaN	NaN	NaN	NaN	NaN	NaN	NaN	0.9043602351399668	0.4860780891482685	0.2783814209650388	1.0637836054344074	-4.247238050593388e-14	1.532440677766131e-14	1.0637836054344074	2.579497820024733	303.74273410995596	28.257265890044014	15.170358242580928	NaN	0.23239693009772283	0.2468324309273004	-30.595210765591258	-0.09478607688695741	NaN	0.12865183537496444	0	83.855360484928	-12.725374469639087	28.784831698892667	71.67830091519065	109.31393152469978	153.314343261967	229.69282373758477	0.06141957908351599	1.0124826331618852	34.10849109810838	1.014805882259549	NaN	1	NaN	1	NaN	1	-0.011527031194201929	1.1482131967692915	NaN	NaN	800009909	800009909	800009909	800009909	800009919	800009919	899999999	899999999	89999	89999	89	89	0	3	0	28	0	0	4	NaN	0	0	121	0	0	0	0	0	0	NaN	NaN	NaN	NaN	0	0	0	0	0	0	0	0	15913	0	0	0	18000	18000	18000	18000	6	NaN	0.2505287143515568	0.1986196737274351	0.044516473775608856	0.16291916447973023	NaN	NaN	2.64610898789928e-7	NaN	0.02946207951220025	NaN	NaN	-0.000011527031194201929	NaN	NaN	NaN	96036.88538758681	11.435028592533536	NaN	0	0	0	0	0.0002798118244584962	-1	0	2.076648409982521	78.87975907936806	1.0001099211242463	-346.39024697198	9.000902052111096	-273.1499938964844	044
DATA	2025-09-11T040000_AIU-0547.ghg	2025-09-11	04:30:00	254.187	0	18000	18000	0.01923074826665859	1	NaN	21.687099993831076	0	NaN	NaN	NaN	NaN	NaN	NaN	NaN	NaN	NaN	NaN	-0.007800959286165613	1	NaN	NaN	NaN	NaN	NaN	NaN	NaN	NaN	NaN	NaN	NaN	NaN	-5.029810704413573e-13	NaN	NaN	NaN	NaN	NaN	0	NaN	NaN	NaN	NaN	0	0.08915099742979248	2.2362401720493983	2.2362401720493983	0.8	0	NaN	NaN	NaN	NaN	9	289.82890055508074	288.605644614177	95658.28768438524	1.1547164701288457	1005.4423544463136	0.025083736991394462	NaN	NaN	NaN	NaN	NaN	NaN	NaN	NaN	1.1041712564363304	0.04152670496121701	0.26085710944612334	1.1353259718308588	-3.061697776763001e-14	-5.6419006510550955e-15	1.1353259718308588	1.9528400075459513	329.846181848857	2.1538181511430174	13.283181621518716	NaN	0.12905071387358089	0.09582123492789948	-8.361372673897101	-0.3468330037546762	NaN	0.14474665432888917	1	16.86751366686372	7	13	23	35	57	135	0.019003534754763178	1.0119563815273083	21.376849924759973	1.0145133670378512	NaN	1	NaN	1	NaN	1	-0.00679505689734953	1.1480344320896627	NaN	NaN	800009909	800009909	800009909	800009919	800009919	800019919	899999999	899999999	89999	89999	89	89	0	4	0	68	0	0	10	NaN	0	0	0	0	0	0	0	0	0	NaN	NaN	NaN	NaN	0	1	0	0	0	0	0	0	17468	0	0	0	18000	18000	18000	18000	6	NaN	0.07202424699040154	0.09482960690113292	0.024788615964264522	0.0789481431263454	NaN	NaN	3.1973443081439046e-7	NaN	0.01841243267843376	NaN	NaN	-0.000006795056897349529	NaN	NaN	NaN	96035.6082547743	11.420000076293945	NaN	0	0	0	0	0.0002816567960156438	-1	0	2.1000818695293537	80.2655348235388	1.0001600034932296	-273.1499938964844	9.00115478936831	-273.1499938964844	126
DATA	2025-09-11T043000_AIU-0547.ghg	2025-09-11	05:00:00	254.208	0	18000	18000	0.010087366923897622	1	NaN	27.498963191452532	0	NaN	NaN	NaN	NaN	NaN	NaN	NaN	NaN	NaN	NaN	-0.003016546662441655	0	NaN	NaN	NaN	NaN	NaN	NaN	NaN	NaN	NaN	NaN	NaN	NaN	6.57709260447624e-13	NaN	NaN	NaN	NaN	NaN	0	NaN	NaN	NaN	NaN	0	0.08951125185900666	2.243068758035805	2.243068758035805	0.2	0	NaN	NaN	NaN	NaN	9	289.5244989759657	288.3209874701387	95658.00549349646	1.1558531032575672	1005.4358500955524	0.02505907035652866	NaN	NaN	NaN	NaN	NaN	NaN	NaN	NaN	0.7151890497315028	-0.15027538567853635	0.24777198874168435	0.7716663960557475	4.002772173816178e-14	7.347783064006438e-15	0.7716663960557475	1.7579667912671126	343.8663535070388	348.1336464929612	18.728670119358505	NaN	0.09341951054099512	0.10728044001390831	-2.501442633029379	-1.1593310043204736	NaN	0.2532921452966549	1	10.983640743186811	5	9	14	21	34	77	0.009931897388708283	1.015653558338822	27.047036078404005	1.0167089329765553	NaN	1	NaN	1	NaN	1	-0.002622791290126293	1.150128366598473	NaN	NaN	800009909	800009909	800009909	800009919	800009919	800019919	899999999	899999999	89999	89999	89	89	1	4	2	39	0	0	8	NaN	0	0	0	0	0	0	0	0	0	NaN	NaN	NaN	NaN	0	5	0	0	0	0	0	0	16019	0	0	0	18000	18000	18000	18000	6	NaN	0.06549417166888537	0.11867142993273748	0.030395278426193783	0.05451191258732301	NaN	NaN	6.721634753170283e-8	NaN	0.023273552016718397	NaN	NaN	-0.000002622791290126293	NaN	NaN	NaN	96040.25805403646	11.425819098366631	NaN	0	0	0	0	0.0002809684249287885	-1	0	2.1059037010090216	80.29878348612667	1.0001687406996886	-273.1499938964844	9.001167074335946	-273.1499938964844	110
DATA	2025-09-11T050000_AIU-0547.ghg	2025-09-11	05:30:00	254.229	0	18000	18000	0.038309292002751336	1	NaN	12.890247142040078	1	NaN	NaN	NaN	NaN	NaN	NaN	NaN	NaN	NaN	NaN	0.014927448505359457	2	NaN	NaN	NaN	NaN	NaN	NaN	NaN	NaN	NaN	NaN	NaN	NaN	-2.0871563780259088e-12	NaN	NaN	NaN	NaN	NaN	0	NaN	NaN	NaN	NaN	0	0.0887477642030715	2.2251637293372464	2.2251637293372464	0	1	NaN	NaN	NaN	NaN	9	289.72057927788626	288.48922134695414	95661.03166622373	1.1552156064344576	1005.4396883788984	0.025072899011243318	NaN	NaN	NaN	NaN	NaN	NaN	NaN	NaN	0.8925483900477551	0.2054478247084356	0.2707910626480711	0.9550807488711475	2.5696346122344383e-14	-2.351784742712058e-14	0.9550807488711475	2.3238572282633947	319.03737761566134	12.962622384338681	16.47081308569609	NaN	0.18210444188507646	0.16879432908349734	-39.52810054479925	-0.07336552882710058	NaN	0.06094269183145656	1	9.05694319088649	4	7	13	22	39	108	0.037801359788375496	1.0134368768007134	12.695267265198522	1.0153584696382134	NaN	1	NaN	1	NaN	1	0.012995425751494141	1.1486694465276124	NaN	NaN	800009909	800009909	800009909	800009919	800009919	800009919	899999999	899999999	89999	89999	89	89	0	2	1	43	0	0	1	NaN	0	0	275	0	0	0	0	0	0	NaN	NaN	NaN	NaN	0	9	0	0	0	0	0	0	16651	0	0	0	18000	18000	18000	18000	6	NaN	0.162324634894543	0.13508943343437316	0.04017458983807855	0.04937060093769359	NaN	NaN	8.865066154402514e-8	NaN	0.0109300657992206	NaN	NaN	0.00001299542575149414	NaN	NaN	NaN	96043.7028328993	11.430000305175781	NaN	0	0	0	0	0.0002802638733313261	-1	0	2.0895140476889082	76.86108559923512	1.0001635938667588	-273.1499938964844	9.00108962755733	-273.1499938964844	093
DATA	2025-09-11T053000_AIU-0547.ghg	2025-09-11	06:00:00	254.249	0	18000	18000	0.0165654489327925	1	NaN	19.858298183849037	0	NaN	NaN	NaN	NaN	NaN	NaN	NaN	NaN	NaN	NaN	-0.0016087926810498642	1	NaN	NaN	NaN	NaN	NaN	NaN	NaN	NaN	NaN	NaN	NaN	NaN	-1.0438950256734254e-12	NaN	NaN	NaN	NaN	NaN	0	NaN	NaN	NaN	NaN	0	0.08893635835970244	2.2285732934458626	2.2285732934458626	0	0	NaN	NaN	NaN	NaN	9	289.53357893541124	288.3796924165041	95681.31056326957	1.1558993503540187	1005.4371875470988	0.02505806775258792	NaN	NaN	NaN	NaN	NaN	NaN	NaN	NaN	0.8860331738742957	-0.11931760069153897	0.2485573623112785	0.9279397811278863	-3.930211741667821e-14	-1.1737550816409635e-14	0.9279397811278863	1.9156145831930629	339.6695927989455	352.3304072010545	15.536926330561933	NaN	0.11971307741457621	0.13312588735558425	-7.2904271898939115	-0.3977819028245723	NaN	0.142733353161963	1	13.652764628745349	6	11	18	28	46	109	0.016341404797247265	1.0137102126974404	19.554790888682348	1.0155208663132445	NaN	1	NaN	1	NaN	1	-0.0014003824033312106	1.1488238335635252	NaN	NaN	800009909	800009909	800009909	800009919	800009919	800009919	899999999	899999999	89999	89999	89	89	3	2	0	30	0	0	44	NaN	0	0	0	0	0	0	0	0	0	NaN	NaN	NaN	NaN	0	11	0	0	0	0	0	0	17307	0	0	0	18000	18000	18000	18000	6	NaN	0.08242919270232157	0.15411905954752106	0.029703522461325873	0.07490504027515327	NaN	NaN	9.494141268841849e-8	NaN	0.01682589646705448	NaN	NaN	-0.0000014003824033312106	NaN	NaN	NaN	96063.61474262153	11.43915130853653	NaN	0	0	0	0	0.00028062712618783626	-1	0	2.093025881521955	79.25449752892564	1.0001560525049766	-273.1499938964844	9.00103171020084	-273.1499938964844	043
DATA	2025-09-11T060000_AIU-0547.ghg	2025-09-11	06:30:00	254.27	1	18000	18000	0.026372563694891125	1	NaN	21.257228928270035	0	NaN	NaN	NaN	NaN	NaN	NaN	NaN	NaN	NaN	NaN	-0.003000829617708225	1	NaN	NaN	NaN	NaN	NaN	NaN	NaN	NaN	NaN	NaN	NaN	NaN	2.929809351952599e-13	NaN	NaN	NaN	NaN	NaN	0	NaN	NaN	NaN	NaN	0	0.08982938896194746	2.2470859388861553	2.2470859388861553	0.1	0	NaN	NaN	NaN	NaN	9	289.1188683344523	287.96771555702503	95708.95727042588	1.1578874911055101	1005.4278449053762	0.025015042013010254	NaN	NaN	NaN	NaN	NaN	NaN	NaN	NaN	0.7234548535902132	0.3429758485116184	0.21724013382679327	0.8295858205096124	3.038165994059165e-14	3.261526529133681e-15	0.8295858205096124	1.7326300212757406	306.63528155576535	25.36471844423466	15.180799478605135	NaN	0.15091867855564112	0.13934039049471603	-13.648285560986928	-0.2124809000398946	NaN	0.12098913866841506	1	9.049591886489434	4	7	13	20	34	85	0.02598667231671261	1.014849588030182	20.91811735799283	1.0162113809992384	NaN	1	NaN	1	NaN	1	-0.0026104333185783847	1.1495522970655485	NaN	NaN	800009909	800009909	800009909	800009919	800009919	800019919	899999999	899999999	89999	89999	89	89	7	0	0	48	0	0	6	NaN	0	0	0	0	0	0	0	0	0	NaN	NaN	NaN	NaN	0	2	0	0	0	0	0	0	16972	0	0	0	18000	18000	18000	18000	6	NaN	0.08891697411581927	0.16081032183207186	0.02895348504154093	0.037716797268555695	NaN	NaN	3.664733299050709e-8	NaN	0.0179682310873825	NaN	NaN	-0.0000026104333185783846	NaN	NaN	NaN	96093.23935525173	11.437514204978944	NaN	0	0	0	0	0.0002808012328686245	-1	0	2.1098797719544833	79.3302202962028	1.0001886063979732	-273.1499938964844	9.001195308923721	-273.1499938964844	244
DATA	2025-09-11T063000_AIU-0547.ghg	2025-09-11	07:00:00	254.291	1	18000	18000	0.027599212942144454	1	NaN	27.2368225444912	0	NaN	NaN	NaN	NaN	NaN	NaN	NaN	NaN	NaN	NaN	-0.0036334444172024544	2	NaN	NaN	NaN	NaN	NaN	NaN	NaN	NaN	NaN	NaN	NaN	NaN	-1.1075618624534552e-12	NaN	NaN	NaN	NaN	NaN	0	NaN	NaN	NaN	NaN	0	0.09007325243571729	2.25239244077562	2.25239244077562	0.1	0	NaN	NaN	NaN	NaN	9	289.0875286916097	287.9028792713347	95721.12895075516	1.158295535826965	1005.4263837646556	0.0250062297060172	NaN	NaN	NaN	NaN	NaN	NaN	NaN	NaN	0.8057234935727757	0.06138707129420326	0.2923505848444345	0.8593180930691818	-6.668911364838675e-14	-1.2296234814479365e-14	0.8593180930691818	2.2362959955392863	327.6431229398131	4.356877060186806	19.889809054657295	NaN	0.15436138172077402	0.24699223490092395	-11.398667902120664	-0.25441569356191784	NaN	0.15151238124499078	1	8.996315967460395	4	7	12	19	33	81	0.0272053301597763	1.0144781474826767	26.808316870729588	1.0159840573292191	NaN	1	NaN	1	NaN	1	-0.0031614364531481693	1.149301740221366	NaN	NaN	800009909	800009909	800009909	800009919	800009919	800019919	899999999	899999999	89999	89999	89	89	5	4	0	33	0	0	4	NaN	0	0	0	0	0	0	0	0	0	NaN	NaN	NaN	NaN	0	7	0	0	0	0	0	0	16453	0	0	0	18000	18000	18000	18000	6	NaN	0.07811737231794566	0.3775040163535428	0.038363081130359404	0.061499425707622436	NaN	NaN	4.9307361450278366e-8	NaN	0.023019712118576025	NaN	NaN	-0.0000031614364531481693	NaN	NaN	NaN	96104.05503776042	11.430000305175781	NaN	0	0	0	0	0.0002805361354225574	-1	0	2.1149114324914087	77.02815051812433	1.0001880327628718	-273.1499938964844	9.001170140928693	-273.1499938964844	134
DATA	2025-09-11T070000_AIU-0547.ghg	2025-09-11	07:30:00	254.312	1	18000	18000	0.039985885435326426	1	NaN	11.135061091141889	1	NaN	NaN	NaN	NaN	NaN	NaN	NaN	NaN	NaN	NaN	NaN	NaN	NaN	NaN	NaN	NaN	NaN	NaN	NaN	NaN	NaN	NaN	NaN	NaN	NaN	NaN	NaN	NaN	NaN	NaN	0	NaN	NaN	NaN	NaN	0	NaN	NaN	NaN	NaN	0	NaN	NaN	NaN	NaN	9	288.5322335383097	288.5322335383097	95104.5350092316	1.1483240683055953	1005.440672410059	0.02522337120311513	NaN	NaN	NaN	1742.4194376491066	NaN	NaN	NaN	NaN	0.33680663257689925	-0.3333006104432868	0.18446069318778333	0.5084818108849443	-7.470992239053428e-14	-1.1465889020127689e-15	0.5084818108849443	2.265521824969246	16.70022941807872	315.2997705819213	21.27025742162589	NaN	0.18660407560828074	0.3121648079511741	-49.0306454476274	-0.059146682111245415	NaN	0.05168333884645993	1	2.7871060264306937	1	2	4	7	13	38	0.03914489042121906	1.0214841580869898	10.912038351521868	1.02043822908567	NaN	1	NaN	1	NaN	1	NaN	1	NaN	NaN	800009909	800009909	800009909	800009919	800009909	800019919	899999999	899999999	89999	89999	89	89	0	6	0	32	0	0	0	NaN	0	0	0	0	0	0	0	0	0	NaN	NaN	NaN	NaN	0	2145	0	0	0	0	0	0	13090	0	0	0	18000	18000	18000	18000	6	NaN	0.05130761200594101	0.5416852405459848	0.0313367633504223	0.05873616976645317	NaN	NaN	NaN	NaN	0.009451156762751508	NaN	NaN	NaN	NaN	NaN	NaN	96134.29835590278	11.41836226103041	NaN	0	0	0	0	0.00028003895993202203	-1	0	2.141165828612123	60.39539791511112	1.0001868858983118	-273.1499938966394	9.001187418672773	-273.1499938964844	195
DATA	2025-09-11T073000_AIU-0547.ghg	2025-09-11	08:00:00	254.333	1	18000	18000	0.014532303603534042	1	NaN	25.96848202443923	0	NaN	NaN	NaN	NaN	NaN	NaN	NaN	NaN	NaN	NaN	-0.030587897915351457	1	NaN	NaN	NaN	NaN	NaN	NaN	NaN	NaN	NaN	NaN	NaN	NaN	1.165106889855685e-13	NaN	NaN	NaN	NaN	NaN	0	NaN	NaN	NaN	NaN	0	0.09145978454126506	2.278275468407285	2.278275468407285	0	0	NaN	NaN	NaN	NaN	9	288.2667926601834	286.98830359006087	95785.1441957866	1.162763897304714	1005.4060392997192	0.02491013377993873	NaN	NaN	NaN	NaN	NaN	NaN	NaN	NaN	0.9413578581913176	-0.04124862994853574	0.23855023081286844	0.9719888267218582	1.9417878056511213e-16	1.2739007594425383e-15	0.9719888267218582	2.0160228537739564	334.508994362787	357.49100563721294	14.206943568902119	NaN	0.11179476355586139	0.1173123616340088	-4.543713190577055	-0.6382445102420071	NaN	0.19869734935564945	1	14.215626209678886	6	11	19	28	46	105	0.014341925494277282	1.0132742363870684	25.578091338877528	1.0152626980797557	NaN	1	NaN	1	NaN	1	-0.02663101659154693	1.1485816852016268	NaN	NaN	800009909	800009909	800009909	800009919	800009919	800019919	899999999	899999999	89999	89999	89	89	8	0	1	58	0	0	0	NaN	0	0	0	0	0	0	0	0	0	NaN	NaN	NaN	NaN	0	573	0	0	0	0	101	0	15854	0	0	21	18000	18000	18000	18000	6	NaN	0.06902567772425697	0.13759861236062695	0.02800043318313366	0.05006200216265946	NaN	NaN	0.0000021291530339197754	NaN	0.021879384746829548	NaN	NaN	-0.00002663101659154693	NaN	NaN	NaN	96164.25643055556	11.40999984741211	NaN	0	0	0	0	0.00027966761634322916	-1	0	2.1427630754046936	63.4894649946719	1.000150463246637	-309.5278704240617	9.000991052733527	-273.1499938964844	211
DATA	2025-09-11T080000_AIU-0547.ghg	2025-09-11	08:30:00	254.354	1	18000	18000	0.02139105711571179	1	NaN	51.987388379551156	1	NaN	NaN	NaN	NaN	NaN	NaN	NaN	NaN	NaN	NaN	-0.030812382031325695	1	NaN	NaN	NaN	NaN	NaN	NaN	NaN	NaN	NaN	NaN	NaN	NaN	-9.890858670385445e-13	NaN	NaN	NaN	NaN	NaN	0	NaN	NaN	NaN	NaN	0	0.09040496964597522	2.2564170156713272	2.2564170156713272	-0.2	0	NaN	NaN	NaN	NaN	9	288.66962184736474	287.57762422010626	95793.94312868924	1.1604876884937156	1005.4190915828104	0.024958993122916023	NaN	NaN	NaN	NaN	NaN	NaN	NaN	NaN	0.6036125009839167	-0.31946779671381514	0.20001571941999696	0.7116277204384055	2.3176046927094507e-14	-1.0940613894477183e-14	0.7116277204384055	1.8410119335451163	359.8904671973919	332.1095328026081	16.32395152778256	NaN	0.1357675105966411	0.08631768547736171	-4.065526292213696	-0.7133147817919874	NaN	0.3281817910866529	1	6.556987969832547	3	5	9	13	22	51	0.02104133420129905	1.0166207575559134	51.1025324926469	1.017315304031783	NaN	1	NaN	1	NaN	1	-0.026773113559080075	1.150870329793066	NaN	NaN	800009909	800009909	800009909	800009909	800009919	800019919	899999999	899999999	89999	89999	89	89	1	6	0	41	0	0	1	NaN	0	0	0	0	0	0	0	0	0	NaN	NaN	NaN	NaN	0	0	0	0	0	0	0	0	16812	0	0	0	18000	18000	18000	18000	6	NaN	0.07679411375069607	0.06808304132047273	0.027758215883554625	0.15287408426487606	NaN	NaN	1.425576047254263e-7	NaN	0.043798048277065696	NaN	NaN	-0.000026773113559080074	NaN	NaN	NaN	96182.08579123263	11.391698079003229	NaN	0	0	0	0	0.00027974904807180997	-1	0	2.119438199506865	77.44969898762187	1.0001506197121408	-314.1306206173336	9.001016339593463	-273.1499938964844	184
DATA	2025-09-11T083000_AIU-0547.ghg	2025-09-11	09:00:00	254.374	1	18000	18000	0.06606160947507411	1	NaN	64.70292885663623	1	NaN	NaN	NaN	NaN	NaN	NaN	NaN	NaN	NaN	NaN	0.061476133978674116	1	NaN	NaN	NaN	NaN	NaN	NaN	NaN	NaN	NaN	NaN	NaN	NaN	-1.6351994197694947e-12	NaN	NaN	NaN	NaN	NaN	0	NaN	NaN	NaN	NaN	0	0.09003567648575533	2.2587347076700643	2.2587347076700643	0	1	NaN	NaN	NaN	NaN	9	289.4811616982355	289.076899884542	95801.6117235243	1.154561324845184	1005.4532284157531	0.025087107642573464	NaN	NaN	NaN	NaN	NaN	NaN	NaN	NaN	-0.13625107184984414	-0.15706094786788058	0.14042373866561225	0.2509010209350017	9.590936692198078e-14	-1.816168305269747e-14	0.2509010209350017	2.236737981049891	102.94178398761005	229.05821601238998	34.03352039289463	NaN	0.23920269721424964	0.19126533229467338	-17.866564638670805	-0.16231435973556846	NaN	0.23301237641917621	0	75.45883014889397	-11.451168597124564	25.902574545865132	64.50107307204102	98.3682062080307	137.96280787169675	206.6934263069507	0.06367148020601786	1.037538459312123	62.75616573174101	1.0310210654554153	NaN	1	NaN	1	NaN	1	0.0525193895691406	1.1705416700958065	NaN	NaN	800009909	800009909	800009909	800009909	800009909	810109909	899999999	899999999	89999	89999	89	89	10	2	0	5	0	0	1	NaN	0	0	86	0	0	0	0	0	0	NaN	NaN	NaN	NaN	0	0	0	0	0	0	0	0	16510	0	0	0	18000	18000	18000	18000	6	NaN	0.12679763742032948	0.19433646801844198	0.06139655915057531	0.18889415258767425	NaN	NaN	6.649235789089055e-7	NaN	0.054060184404815366	NaN	NaN	0.0000525193895691406	NaN	NaN	NaN	96199.34666384548	11.392485718727112	NaN	0	0	0	0	0.0002797618136488988	-1	0	2.125407112936176	79.30800290743503	1.0001784454617235	-273.1499938964844	9.001141804933548	-273.1499938964844	137
DATA	2025-09-11T090000_AIU-0547.ghg	2025-09-11	09:30:00	254.395	1	18000	18000	0.1402099185106463	1	NaN	122.16744827850827	1	NaN	NaN	NaN	NaN	NaN	NaN	NaN	NaN	NaN	NaN	0.006944790877962031	2	NaN	NaN	NaN	NaN	NaN	NaN	NaN	NaN	NaN	NaN	NaN	NaN	-1.0363514976319649e-12	NaN	NaN	NaN	NaN	NaN	0	NaN	NaN	NaN	NaN	0	0.08986838171134365	2.2721391412245913	2.2721391412245913	0	1	NaN	NaN	NaN	NaN	9	290.1759686389499	291.3765402408176	95815.68318012153	1.1456173886546375	1005.5081856093595	0.025282964908867278	NaN	NaN	NaN	NaN	NaN	NaN	NaN	NaN	-0.1226022272644088	-0.22780959416675883	0.17201719554842246	0.3106741587080645	2.2585043427354513e-14	-1.1531881156608736e-14	0.3106741587080645	3.17216290724834	90.28818276662287	241.71181723337713	33.62053712491573	NaN	0.34984008510865633	0.17767342253696855	-29.606649677030326	-0.09795096816543554	NaN	0.3031522008308783	0	82.25861897755992	-12.48306278562782	28.23672200989446	70.31343029049783	107.23241770388147	150.39499053191392	225.3191013722471	0.13590394941847894	1.0316839143423882	118.93973792334961	1.027137358897148	NaN	1	NaN	1	NaN	1	0.005962475593719998	1.1647495690006113	NaN	NaN	800009909	800009909	800009909	800009909	800109909	801109909	899999999	899999999	89999	89999	89	89	2	5	0	2	0	0	0	NaN	0	0	0	0	0	0	0	0	0	NaN	NaN	NaN	NaN	0	0	0	0	0	0	0	0	6579	0	0	0	18000	18000	18000	18000	6	NaN	0.16409701239151994	0.08540426831672558	0.10584556436569156	0.2851932007420869	NaN	NaN	9.721049528706657e-7	NaN	0.10325278388610408	NaN	NaN	0.0000059624755937199974	NaN	NaN	NaN	96231.08799262153	11.399999618530273	NaN	0	0	0	0	0.0002825485576274027	-1	0	2.1437294726901617	82.92855151656983	1.0001234998173183	-299.71674501207383	9.001009386486478	-273.1499938964844	175
DATA	2025-09-11T093000_AIU-0547.ghg	2025-09-11	10:00:00	254.416	1	18000	18000	0.28514203654605463	1	NaN	-118.79615375674814	2	NaN	NaN	NaN	NaN	NaN	NaN	NaN	NaN	NaN	NaN	0.03249525308910251	1	NaN	NaN	NaN	NaN	NaN	NaN	NaN	NaN	NaN	NaN	NaN	NaN	-7.802560942640236e-12	NaN	NaN	NaN	NaN	NaN	0	NaN	NaN	NaN	NaN	0	0.08859596673316425	2.2461565698496866	2.2461565698496866	0	1	NaN	NaN	NaN	NaN	9	291.85515165540914	292.207570713467	95824.24575260417	1.1424613705954043	1005.5288191056152	0.02535280840283308	NaN	NaN	NaN	NaN	NaN	NaN	NaN	NaN	0.5672492476040685	0.16353145883941642	0.25056176463820445	0.6413231984236513	-4.077232986880267e-14	-8.806903102192228e-14	0.6413231984236513	3.6748194672249497	315.91833459431166	16.081665405688387	22.997751011932976	NaN	0.49958554191690013	0.5783339492224138	88.6747317640572	0.03270379218869502	NaN	-0.20699338741078155	0	95.83437691996323	-14.543236428996869	32.896840400623006	81.91778399335115	124.92978929145588	175.21580581655033	262.5052056133592	0.28213769534900984	1.010648492727384	-117.0585056114454	1.0148442707022978	NaN	1	NaN	1	NaN	1	0.027326067845874814	1.1891668158178874	NaN	NaN	800009909	800009909	800009909	800009909	800009909	800009919	899999999	899999999	89999	89999	89	89	16	6	5	7	0	0	5	NaN	0	0	0	0	0	0	0	0	0	NaN	NaN	NaN	NaN	0	0	0	0	0	0	0	0	3208	0	0	0	18000	18000	18000	18000	6	NaN	0.7586595390290253	0.25067419257616785	0.1473341668396345	0.38952355228442354	NaN	NaN	5.165624548606296e-7	NaN	-0.10189829770755586	NaN	NaN	0.000027326067845874815	NaN	NaN	NaN	96218.72772699653	11.41745501804352	NaN	0	0	0	0	0.000284017533206174	-1	0	2.1214289459255	83.16988208674641	1.000106054822604	-273.1499938964844	9.000983514971203	-273.1499938964844	027
DATA	2025-09-11T100000_AIU-0547.ghg	2025-09-11	10:30:00	254.437	1	18000	18000	0.05224548743439101	1	NaN	14.048481794837036	0	NaN	NaN	NaN	NaN	NaN	NaN	NaN	NaN	NaN	NaN	0.0001677318753891418	2	NaN	NaN	NaN	NaN	NaN	NaN	NaN	NaN	NaN	NaN	NaN	NaN	-1.417115267462892e-12	NaN	NaN	NaN	NaN	NaN	0	NaN	NaN	NaN	NaN	0	0.08858930244681595	2.242481267552476	2.242481267552476	0	1	NaN	NaN	NaN	NaN	9	292.58287569653544	291.78570229636284	95835.51603640131	1.1442477233026442	1005.5182933038832	0.025313228636140758	NaN	NaN	NaN	NaN	NaN	NaN	NaN	NaN	2.0819100387879454	0.8997332234758159	0.32444281899361	2.2910985194505415	-4.509775242887995e-14	-1.5996460388811038e-14	2.2910985194505415	5.3306216511802695	308.6275830144922	23.372416985507755	8.141029763229877	NaN	0.2136802406826174	0.8151859503442364	-58.67705398337076	-0.04942306750475012	NaN	0.057141941962908095	0	49.22986580201343	-7.47082206549336	16.89901985365301	42.080948845308654	64.17610213742648	90.00789574647474	134.84822941425736	0.05181188172745114	1.008368846922426	13.862878733288573	1.0133884934809954	NaN	1	NaN	1	NaN	1	0.00014561586944230966	1.1518790914172585	NaN	NaN	800009909	800009909	800009909	800009919	800009919	800019919	899999999	899999999	89999	89999	89	89	0	2	3	59	0	0	0	NaN	0	0	0	0	0	0	0	0	0	NaN	NaN	NaN	NaN	0	7	0	0	0	0	0	0	1612	0	0	0	18000	18000	18000	18000	6	NaN	0.9764657274117694	0.511396561686032	0.14250961159067127	0.024411186821952643	NaN	NaN	3.036943654469867e-8	NaN	0.012048788781649354	NaN	NaN	1.4561586944230967e-7	NaN	NaN	NaN	96213.72502105034	11.430000305175781	NaN	0	0	0	0	0.0002848033914956937	-1	0	2.117478284041087	73.99381653683568	1.000119939237833	-273.1499938964844	9.001072156773674	-273.1499938964844	041
DATA	2025-09-11T103000_AIU-0547.ghg	2025-09-11	11:00:00	254.458	1	18000	18000	0.0809029777227185	1	NaN	33.34947754855842	1	NaN	NaN	NaN	NaN	NaN	NaN	NaN	NaN	NaN	NaN	0.013866705135152898	0	NaN	NaN	NaN	NaN	NaN	NaN	NaN	NaN	NaN	NaN	NaN	NaN	-1.172153384359652e-12	NaN	NaN	NaN	NaN	NaN	0	NaN	NaN	NaN	NaN	0	0.08897276441996198	2.25446686845706	2.25446686845706	-0.1	0	NaN	NaN	NaN	NaN	9	292.97586031087235	292.0917507230971	95839.0585983073	1.1430910541618788	1005.5259188091235	0.025338842545295205	NaN	NaN	NaN	NaN	NaN	NaN	NaN	NaN	2.1457631392257324	0.6444117748866202	0.3450970047184393	2.2668608091231626	4.325697982937376e-15	-1.3174294313560376e-14	2.2668608091231626	5.9273077537002035	315.2840298125875	16.71597018741248	8.756507428313613	NaN	0.26603687656418284	0.8040374281109193	-47.704115004429184	-0.06079140132315092	NaN	0.1090619098898909	0	58.35866194763363	-8.856152099712158	20.03264016302378	49.884106488841844	76.07640989347782	106.69824658087003	159.85341634430654	0.08022930979868854	1.0083967807490843	32.90930175079953	1.0133754219731568	NaN	1	NaN	1	NaN	1	0.012039974284149497	1.151722155537182	NaN	NaN	800009909	800009909	800009909	800009909	800009919	800009919	899999999	899999999	89999	89999	89	89	6	1	2	27	0	0	15	NaN	0	0	0	0	0	0	0	0	0	NaN	NaN	NaN	NaN	0	0	0	0	0	0	0	0	6624	0	0	0	18000	18000	18000	18000	6	NaN	0.9794901830261046	0.48420454471566227	0.14438012848007167	0.1219750340711977	NaN	NaN	2.8275052834076286e-7	NaN	0.028631531049703608	NaN	NaN	0.000012039974284149498	NaN	NaN	NaN	96225.49190494792	11.43915075302124	NaN	0	0	0	0	0.00028463924887667724	-1	0	2.12932300100724	74.7361117338613	1.0001091690361499	-273.1499938964844	9.001006768385569	-273.1499938964844	119
DATA	2025-09-11T110000_AIU-0547.ghg	2025-09-11	11:30:00	254.479	1	18000	18000	0.0774871813154424	1	NaN	19.170579436883852	0	NaN	NaN	NaN	NaN	NaN	NaN	NaN	NaN	NaN	NaN	-0.008842680905394279	1	NaN	NaN	NaN	NaN	NaN	NaN	NaN	NaN	NaN	NaN	NaN	NaN	-1.3620980784776999e-12	NaN	NaN	NaN	NaN	NaN	0	NaN	NaN	NaN	NaN	0	0.08882932298464907	2.257448539044159	2.257448539044159	0	0	NaN	NaN	NaN	NaN	9	293.8662471983168	292.9399834950766	95835.66619509549	1.1397407915761792	1005.5473444362507	0.025413325951322147	NaN	NaN	NaN	NaN	NaN	NaN	NaN	NaN	1.9697377699700658	0.6433612874559894	0.3527462275298841	2.1019539789635373	2.3594302104671763e-14	-1.5333878866926513e-14	2.1019539789635373	5.23738160061423	313.91178111936097	18.088218880639058	9.660991360214192	NaN	0.26074253623918875	0.8062948294086086	-78.13004088715013	-0.0371176050475734	NaN	0.06415267037341675	0	58.01936025445804	-8.804661758738453	19.916168871543682	49.59407650478561	75.63409586799966	106.07789487102033	158.92401644006964	0.07682508653837715	1.0086182106249175	18.918739506193774	1.0133116654313903	NaN	1	NaN	1	NaN	1	-0.007684500440997872	1.1507164289063416	NaN	NaN	800009909	800009909	800009909	800009909	800009909	800009909	899999999	899999999	89999	89999	89	89	2	0	1	9	0	0	0	NaN	0	0	0	0	0	0	0	0	0	NaN	NaN	NaN	NaN	0	0	0	0	0	0	0	0	5022	0	0	0	18000	18000	18000	18000	6	NaN	0.998483712817326	0.4733786025207686	0.1407273434791228	0.10817778544365601	NaN	NaN	9.406542730240069e-8	NaN	0.016507586510967613	NaN	NaN	-0.000007684500440997872	NaN	NaN	NaN	96223.23637087674	11.4399995803833	NaN	0	0	0	0	0.000285362517095766	-1	0	2.1341217442088642	73.84364087380257	1.000098145653804	-273.1499938964844	9.000957819170422	-273.1499938964844	002
DATA	2025-09-11T113000_AIU-0547.ghg	2025-09-11	12:00:00	254.499	1	18000	18000	0.06233241471603801	0	NaN	18.604774660030813	0	NaN	NaN	NaN	NaN	NaN	NaN	NaN	NaN	NaN	NaN	-0.004585672359337742	0	NaN	NaN	NaN	NaN	NaN	NaN	NaN	NaN	NaN	NaN	NaN	NaN	-4.799548867040696e-13	NaN	NaN	NaN	NaN	NaN	0	NaN	NaN	NaN	NaN	0	0.08843812830072371	2.25370722033807	2.25370722033807	-0.4	0	NaN	NaN	NaN	NaN	9	294.82773073662645	293.73152382575137	95830.25086631945	1.136605217624128	1005.5677238955686	0.02548343416625233	NaN	NaN	NaN	NaN	NaN	NaN	NaN	NaN	2.030749939949888	0.4082022192003859	0.35551484316424337	2.1016577204856004	-1.5930824298455358e-14	-5.427013166448277e-15	2.1016577204856004	4.955748040320924	320.6344035015411	11.365596498458908	9.738939667262123	NaN	0.23418126792634428	0.6672201946559869	-58.323148258755566	-0.049722967407964766	NaN	0.06951064055360731	0	57.44650951122443	-8.717729448380439	19.71952774881511	49.104412305436426	74.88732706803762	105.03054101101543	157.35488950492095	0.06179978337994056	1.0086186602438858	18.36036889320756	1.013311593478586	NaN	1	NaN	1	NaN	1	-0.00398506447529653	1.1507147218732314	NaN	NaN	800009909	800009909	800009909	800009909	800009909	800009919	899999999	899999999	89999	89999	89	89	3	4	0	0	0	0	5	NaN	0	0	0	0	0	0	0	0	0	NaN	NaN	NaN	NaN	0	0	0	0	0	0	0	0	5814	0	0	0	18000	18000	18000	18000	6	NaN	0.6883461094836459	0.5297266337253477	0.11636764610298003	0.1612852998538668	NaN	NaN	5.9066280977915516e-8	NaN	0.01606424918453292	NaN	NaN	-0.00000398506447529653	NaN	NaN	NaN	96215.42894487847	11.4399995803833	NaN	0	0	0	0	0.00028593281698219167	-1	0	2.132422130127748	74.73214843485098	1.0000882524914212	-281.70949425591397	9.000916183630626	-273.1499938964844	021
DATA	2025-09-11T120000_AIU-0547.ghg	2025-09-11	12:30:00	254.52	1	18000	18000	0.0227513462046771	2	NaN	8.219372237020897	1	NaN	NaN	NaN	NaN	NaN	NaN	NaN	NaN	NaN	NaN	0.007151051896448533	1	NaN	NaN	NaN	NaN	NaN	NaN	NaN	NaN	NaN	NaN	NaN	NaN	-5.196276334332775e-13	NaN	NaN	NaN	NaN	NaN	0	NaN	NaN	NaN	NaN	0	0.08764229632831667	2.241085458291295	2.241085458291295	-0.9	0	NaN	NaN	NaN	NaN	9	295.6702304670546	294.69513804880773	95816.06285199654	1.1327209402578997	1005.5930364319022	0.02557082084996915	NaN	NaN	NaN	NaN	NaN	NaN	NaN	NaN	1.5168310026643446	0.5048062465225619	0.2762595185175657	1.6223208556705295	6.655969959004192e-15	-5.928959591459143e-15	1.6223208556705295	4.48667000766251	313.5923912962411	18.40760870375893	9.80448356834585	NaN	0.14172357042407657	0.7419521406506728	-29.259138787056052	-0.09911433214442152	NaN	0.050915659993321705	1	28.80325163493618	13	23	41	65	112	293	0.022533223252420093	1.0096800599636175	8.110204630239311	1.013460524334312	NaN	1	NaN	1	NaN	1	0.006226375562705552	1.1485095661883236	NaN	NaN	800009909	800009909	800009909	800009909	800009919	800009919	899999999	899999999	89999	89999	89	89	3	1	0	6	0	0	1	NaN	0	0	0	0	0	0	0	0	0	NaN	NaN	NaN	NaN	0	0	0	0	0	0	0	0	3712	0	0	0	18000	18000	18000	18000	6	NaN	0.848833310072846	0.5055245510475137	0.12954642018098597	0.0660352757845353	NaN	NaN	2.3830380968390878e-7	NaN	0.007120108727956264	NaN	NaN	0.0000062263755627055525	NaN	NaN	NaN	96205.28740147568	11.434181113243104	NaN	0	0	0	0	0.000287257212734807	-1	0	2.122563137630622	78.37736132409798	1.0000860927568542	-273.1499938964844	9.000869254430135	-273.1499938964844	205
DATA	2025-09-11T123000_AIU-0547.ghg	2025-09-11	13:00:00	254.541	1	18000	18000	0.15132873993061952	1	NaN	38.1349442957718	1	NaN	NaN	NaN	NaN	NaN	NaN	NaN	NaN	NaN	NaN	-0.0028713858396851627	2	NaN	NaN	NaN	NaN	NaN	NaN	NaN	NaN	NaN	NaN	NaN	NaN	-1.11133055683141e-12	NaN	NaN	NaN	NaN	NaN	0	NaN	NaN	NaN	NaN	0	0.0864762241567175	2.215949239555735	2.215949239555735	0	0	NaN	NaN	NaN	NaN	9	296.2032661209106	295.23899337429464	95790.10445551216	1.1303280616007267	1005.6075663144818	0.025624953692934792	NaN	NaN	NaN	NaN	NaN	NaN	NaN	NaN	1.244435099145654	0.3648337547993456	0.28347491294581184	1.3274337689302096	1.135656307625375e-14	-1.2851284473491682e-14	1.3274337689302096	6.253337094235759	315.6603305240994	16.339669475900624	12.330536139333642	NaN	0.3658966667343921	1.0120766988390546	-108.5046703467559	-0.026726960145883754	NaN	0.0916920370606324	0	86.59603208402612	-13.141281958380926	29.725615570856984	74.02098577700315	112.88667375349682	158.32516503749292	237.19994784859966	0.14970636967666712	1.0108370155355204	37.610776857990885	1.0139366288486953	NaN	1	NaN	1	NaN	1	-0.002501375122907503	1.1479229218317217	NaN	NaN	800009909	800009909	800009909	800009909	800019909	810019919	899999999	899999999	89999	89999	89	89	3	0	0	4	0	0	8	NaN	0	0	0	0	0	0	0	0	0	NaN	NaN	NaN	NaN	0	0	0	0	0	0	0	0	3944	0	0	0	18000	18000	18000	18000	6	NaN	1.2818959398344574	0.6404313878364849	0.10182607000716674	0.13202691894482532	NaN	NaN	4.6625843871960795e-7	NaN	0.03308866626572795	NaN	NaN	-0.0000025013751229075027	NaN	NaN	NaN	96180.02665342882	11.430000305175781	NaN	0	0	0	0	0.00028800826439853846	-1	0	2.09956544758567	80.64785722743115	1.0000760539273421	-406.2663744863028	9.000648852149645	-357.0492474195629	168
DATA	2025-09-11T130000_AIU-0547.ghg	2025-09-11	13:30:00	254.562	1	18000	18000	0.094749316511992	0	NaN	18.876942687102478	1	NaN	NaN	NaN	NaN	NaN	NaN	NaN	NaN	NaN	NaN	0.007396925859857021	2	NaN	NaN	NaN	NaN	NaN	NaN	NaN	NaN	NaN	NaN	NaN	NaN	1.0707201611296063e-12	NaN	NaN	NaN	NaN	NaN	0	NaN	NaN	NaN	NaN	0	0.08674387802763112	2.2273449328618065	2.2273449328618065	0	1	NaN	NaN	NaN	NaN	9	296.49290410105385	295.77380247693117	95768.14616644965	1.1280255967214676	1005.6220260003118	0.025677257963407116	NaN	NaN	NaN	NaN	NaN	NaN	NaN	NaN	0.8404336044298464	0.20815269460449695	0.23165365955473616	0.896280985914122	-1.0620667962374991e-14	1.2343466599320617e-14	0.896280985914122	4.874915899041232	318.0893106974596	13.910689302540392	14.978761562246332	NaN	0.2898201424671395	0.6883013635361321	-108.91441991575454	-0.026626410003773183	NaN	0.057418171742787884	0	65.94358356533685	-10.007193218013505	22.636298306668895	56.36758340657074	85.9641212758271	120.56590238470716	180.62969175620034	0.09343652636641732	1.0140500743834	18.584705357391933	1.0157246146274959	NaN	1	NaN	1	NaN	1	0.006437550105656189	1.1490280834253859	NaN	NaN	800009909	800009909	800009909	800009909	800019919	800019919	899999999	899999999	89999	89999	89	89	1	15	3	25	0	0	0	NaN	0	0	0	0	0	0	0	0	0	NaN	NaN	NaN	NaN	0	0	0	0	0	0	0	0	2976	0	0	0	18000	18000	18000	18000	6	NaN	0.672178020897758	0.57818010102468	0.12624460514982616	0.08492933829168985	NaN	NaN	1.9426067388677052e-7	NaN	0.016383321300922026	NaN	NaN	0.0000064375501056561885	NaN	NaN	NaN	96151.48360112848	11.420848429044089	NaN	0	0	0	0	0.00028918878534588854	-1	0	2.1112801913817716	82.18373082857114	1.0000665082865292	-273.1499938964844	9.000640319771238	-273.1499938964844	002
DATA	2025-09-11T133000_AIU-0547.ghg	2025-09-11	14:00:00	254.583	1	18000	18000	0.10773920555263033	1	NaN	12.500643876385357	1	NaN	NaN	NaN	NaN	NaN	NaN	NaN	NaN	NaN	NaN	-0.018075134218143538	1	NaN	NaN	NaN	NaN	NaN	NaN	NaN	NaN	NaN	NaN	NaN	NaN	-1.1837310061768442e-12	NaN	NaN	NaN	NaN	NaN	0	NaN	NaN	NaN	NaN	0	0.086636970958362	2.2255921795797207	2.2255921795797207	0	1	NaN	NaN	NaN	NaN	9	296.6752408311632	295.86224534776477	95754.06993619792	1.1275226427684533	1005.6244336247378	0.025688711816221593	NaN	NaN	NaN	NaN	NaN	NaN	NaN	NaN	1.4168365451746663	0.4804845917245598	0.31078582667528715	1.5280311085477103	2.4058537144656244e-15	-1.366311625490403e-14	1.5280311085477103	4.427423292099772	313.26692131575857	18.73307868424143	11.735251289346621	NaN	0.3091179669155124	0.6928609312486487	-199.5387119708192	-0.014533520695593643	NaN	0.035665395609828926	0	80.99472386865256	-12.291261826712589	27.80286771859377	69.2330717610299	105.5848027799156	148.0841871741611	221.8570968588298	0.10667312503753804	1.0099938997260758	12.333270317978403	1.0135708983985352	NaN	1	NaN	1	NaN	1	-0.01574157392309468	1.148241866185011	NaN	NaN	800009909	800009909	800009909	800009909	800009919	800019919	899999999	899999999	89999	89999	89	89	3	2	2	17	0	0	9	NaN	0	0	0	0	0	0	0	0	0	NaN	NaN	NaN	NaN	0	0	0	0	0	0	0	0	3948	0	0	0	18000	18000	18000	18000	6	NaN	0.7604743692254857	0.5393473809486121	0.08590011232319943	0.02848483074928764	NaN	NaN	7.838531262633349e-8	NaN	0.010877201187965454	NaN	NaN	-0.000015741573923094678	NaN	NaN	NaN	96125.56909288195	11.42497106414371	NaN	0	0	0	0	0.00028952526854765086	-1	0	2.1095612533280144	82.16736850802099	1.0000636590222518	-273.1499938964844	9.0006458510028	-273.1499938964844	171
DATA	2025-09-11T140000_AIU-0547.ghg	2025-09-11	14:30:00	254.604	1	18000	18000	0.06205859242247562	1	NaN	-9.571910425115481	1	NaN	NaN	NaN	NaN	NaN	NaN	NaN	NaN	NaN	NaN	0.00943295437691551	1	NaN	NaN	NaN	NaN	NaN	NaN	NaN	NaN	NaN	NaN	NaN	NaN	8.16151537388046e-13	NaN	NaN	NaN	NaN	NaN	0	NaN	NaN	NaN	NaN	0	0.08626644705818771	2.220872872057061	2.220872872057061	-0.3	0	NaN	NaN	NaN	NaN	9	297.0295163133409	296.43353087785516	95731.65337434897	1.1250862349457684	1005.6400974072332	0.025744341488401126	NaN	NaN	NaN	NaN	NaN	NaN	NaN	NaN	1.2403946565335262	0.5791653636523786	0.26670309228333167	1.3946834629567346	1.1487946932037594e-14	9.460822431200189e-15	1.3946834629567346	5.885064679046965	306.9711774625522	25.028822537447827	11.024481112299917	NaN	0.23485945829056978	0.7655032065054981	114.27375654781736	0.025377655269313803	NaN	-0.03602153189821978	0	62.76192348350366	-9.524364025672163	21.54413735894851	53.64794822240764	81.81650602130921	114.74881301667865	171.9146318704251	0.06158560371699381	1.0076801829800248	-9.446153801534145	1.013312997673287	NaN	1	NaN	1	NaN	1	0.007959208367112721	1.1851623857332692	NaN	NaN	800009909	800009909	800009909	800009909	800009909	800009909	899999999	899999999	89999	89999	89	89	2	3	2	6	0	0	2	NaN	0	0	0	0	0	0	0	0	0	NaN	NaN	NaN	NaN	0	0	0	0	0	0	0	0	5508	0	0	0	18000	18000	18000	18000	6	NaN	1.0083471684777583	0.4288463459448974	0.09381289858834048	0.08991194561166474	NaN	NaN	1.2319907378840283e-7	NaN	-0.008348849257670385	NaN	NaN	0.000007959208367112721	NaN	NaN	NaN	96111.68492230904	11.4399995803833	NaN	0	0	0	0	0.0002899574845343725	-1	0	2.106061546848881	80.53219407590237	1.000059141063028	-273.1499938964844	9.000663666513232	-273.1499938964844	174
DATA	2025-09-11T143000_AIU-0547.ghg	2025-09-11	15:00:00	254.624	1	18000	18000	0.17908040492182054	1	NaN	73.66974436457596	1	NaN	NaN	NaN	NaN	NaN	NaN	NaN	NaN	NaN	NaN	-0.03038021094042895	1	NaN	NaN	NaN	NaN	NaN	NaN	NaN	NaN	NaN	NaN	NaN	NaN	3.729408936276725e-12	NaN	NaN	NaN	NaN	NaN	0	NaN	NaN	NaN	NaN	0	0.08618776125253223	2.224794664200046	2.224794664200046	-0.5	0	NaN	NaN	NaN	NaN	9	297.30619017961294	297.1329296739366	95700.99890972223	1.1220785607168189	1005.6595380451452	0.025813347879884516	NaN	NaN	NaN	NaN	NaN	NaN	NaN	NaN	0.5361032246215409	0.2710596263433072	0.18859209980999364	0.6296403486068691	-3.400151747622466e-14	4.3270748445936146e-14	0.6296403486068691	3.0671339872801773	305.17834239237675	26.821657607623273	17.42898748385528	NaN	0.39949596905508716	0.6927313718244721	-73.05973518072805	-0.039693546559212985	NaN	0.16341898914958017	0	94.20163874779215	-14.295462112225724	32.33637422144833	80.5221439609929	122.8013501825148	172.23063970268993	258.03288280630943	0.17587494375070561	1.0182257978467844	72.3433032683633	1.0183353681168266	NaN	1	NaN	1	NaN	1	-0.02636747232543413	1.1521851835272099	NaN	NaN	800009909	800009909	800009909	800009909	800019909	800019919	899999999	899999999	89999	89999	89	89	0	0	0	10	0	0	2	NaN	0	0	0	0	0	0	0	0	0	NaN	NaN	NaN	NaN	0	0	0	0	0	0	0	0	7518	0	0	0	18000	18000	18000	18000	6	NaN	0.8274764770700797	0.45963822498466944	0.098348041594195	0.23505260638036538	NaN	NaN	5.005118922848376e-8	NaN	0.06410975153798702	NaN	NaN	-0.00002636747232543413	NaN	NaN	NaN	96099.46075520833	11.4399995803833	NaN	0	0	0	0	0.00029081691076539225	-1	0	2.110929174131817	82.39526222758819	1.000058060053322	-273.1499938964844	9.000648782624138	-273.1499938964844	228
DATA	2025-09-11T150000_AIU-0547.ghg	2025-09-11	15:30:00	254.645	1	18000	18000	0.034615309464171226	1	NaN	6.902810744415382	1	NaN	NaN	NaN	NaN	NaN	NaN	NaN	NaN	NaN	NaN	-0.004906353499803818	1	NaN	NaN	NaN	NaN	NaN	NaN	NaN	NaN	NaN	NaN	NaN	NaN	5.415113178750988e-13	NaN	NaN	NaN	NaN	NaN	0	NaN	NaN	NaN	NaN	0	0.08606016458348205	2.224200000589495	2.224200000589495	0.3	0	NaN	NaN	NaN	NaN	9	297.74490843115916	297.40259693569607	95671.61659223089	1.1207169350842885	1005.6671114567276	0.025844710050861287	NaN	NaN	NaN	NaN	NaN	NaN	NaN	NaN	1.2541607047397165	0.7019095361984826	0.2687782743757647	1.462134682953656	-2.852467617784376e-14	6.292241253498994e-15	1.462134682953656	4.66629984823924	302.76579851474526	29.234201485254758	10.5926895177481	NaN	0.1757462803554504	0.5974039364586575	-66.36980840831957	-0.043694566393180666	NaN	0.034848945584430704	1	18.611321336160493	8	16	28	46	83	240	0.03426437842477655	1.0102418621182667	6.80972474508834	1.0136695685672439	NaN	1	NaN	1	NaN	1	-0.004273467857383477	1.1480965023117873	NaN	NaN	800009909	800009909	800009909	800009909	800009919	800009919	899999999	899999999	89999	89999	89	89	1	4	2	2	0	0	11	NaN	0	0	0	0	0	0	0	0	0	NaN	NaN	NaN	NaN	0	0	0	0	0	0	0	0	3175	0	0	0	18000	18000	18000	18000	6	NaN	0.6937085247711161	0.39952135023297863	0.10157799791322021	0.028674320791367173	NaN	NaN	3.240609948423821e-8	NaN	0.006041981283338592	NaN	NaN	-0.000004273467857383477	NaN	NaN	NaN	96052.47470269098	11.4399995803833	NaN	0	0	0	0	0.00029157131009722244	-1	0	2.110449723581473	81.730666463852	1.0000570596141947	-273.1499938964844	9.000549806753794	-273.1499938964844	105
DATA	2025-09-11T153000_AIU-0547.ghg	2025-09-11	16:00:00	254.666	1	18000	18000	0.07754511762858865	0	NaN	-2.005854766115717	2	NaN	NaN	NaN	NaN	NaN	NaN	NaN	NaN	NaN	NaN	0.007915364013108946	1	NaN	NaN	NaN	NaN	NaN	NaN	NaN	NaN	NaN	NaN	NaN	NaN	9.798249901228851e-13	NaN	NaN	NaN	NaN	NaN	0	NaN	NaN	NaN	NaN	0	0.08578181912308488	2.2192006215298345	2.2192006215298345	0	1	NaN	NaN	NaN	NaN	9	297.8122012914022	297.62165400695795	95647.41398936632	1.1196087534712966	1005.6732953421874	0.025870290980255305	NaN	NaN	NaN	NaN	NaN	NaN	NaN	NaN	1.1303279292462316	0.37498117358981753	0.25818395620027296	1.2185692690282144	1.0259432705989811e-14	1.1422292044389658e-14	1.2185692690282144	4.712791232967754	313.6469700674148	18.353029932585123	12.232235091182204	NaN	0.26317466992675737	0.7249966143201146	766.8229400082918	0.0037818378255202456	NaN	-0.006769119709873707	0	70.21045027943921	-10.654706703555677	24.10097557401091	60.014836897937116	91.52641297802832	128.36709558542722	192.31730073440323	0.07694752704073266	1.007766209140674	-1.9814365531046718	1.0123234897290982	NaN	1	NaN	1	NaN	1	0.006775294286021603	1.1682686653832097	NaN	NaN	800009909	800009909	800009909	800009909	800009919	800019919	899999999	899999999	89999	89999	89	89	2	8	0	20	0	0	14	NaN	0	0	0	0	0	0	0	0	0	NaN	NaN	NaN	NaN	0	0	0	0	0	0	0	0	2406	0	0	0	18000	18000	18000	18000	6	NaN	0.700364550409839	0.6606326068050391	0.08899607142535108	0.0475821485244895	NaN	NaN	6.539426747656699e-8	NaN	-0.0017597742850138218	NaN	NaN	0.0000067752942860216036	NaN	NaN	NaN	96021.5037764757	11.403395170847574	NaN	0	0	0	0	0.00029188289870702035	-1	0	2.1058039389534122	82.15141013420975	1.0000449099987745	-273.1499938964844	9.00048000910547	-273.1499938964844	208
DATA	2025-09-11T160000_AIU-0547.ghg	2025-09-11	16:30:00	254.687	1	18000	18000	0.11592533972756147	1	NaN	46.93282506417218	1	NaN	NaN	NaN	NaN	NaN	NaN	NaN	NaN	NaN	NaN	-0.04345299965310207	1	NaN	NaN	NaN	NaN	NaN	NaN	NaN	NaN	NaN	NaN	NaN	NaN	-3.016577478031247e-13	NaN	NaN	NaN	NaN	NaN	0	NaN	NaN	NaN	NaN	0	0.08544193468278019	2.2182138774248403	2.2182138774248403	0.1	0	NaN	NaN	NaN	NaN	9	297.8370387997097	298.61835621303976	95630.00452712673	1.1156687136712233	1005.7017920212502	0.025961653205307102	NaN	NaN	NaN	NaN	NaN	NaN	NaN	NaN	0.5144349237974375	0.38384593464369954	0.2134746670344753	0.6764262161023571	-1.7434262921537064e-14	-3.5305584889093136e-15	0.6764262161023571	3.9301068392113296	295.2715176192359	36.728482380764106	18.396552828292975	NaN	0.32234546263041075	0.3496586343643815	-60.21520480724171	-0.04816059347939368	NaN	0.12976293411358855	0	92.91068343812377	-14.099554663446087	31.89323103889323	79.41865477891366	121.1184595538602	169.87036166753757	254.49675621068104	0.11395794317952401	1.0172642335685027	46.11553663927595	1.017722626352355	NaN	1	NaN	1	NaN	1	-0.03773970787169276	1.1513867516100902	NaN	NaN	800009909	800009909	800009909	800009909	800009919	801009919	899999999	899999999	89999	89999	89	89	2	4	4	7	0	0	3	NaN	0	0	0	0	0	0	0	0	0	NaN	NaN	NaN	NaN	0	0	0	0	0	0	0	0	6649	0	0	0	18000	18000	18000	18000	6	NaN	0.46517247270423034	0.16786730739227518	0.06627748863225748	0.23800818041558316	NaN	NaN	1.240282596820277e-7	NaN	0.04110009146504166	NaN	NaN	-0.00003773970787169276	NaN	NaN	NaN	96010.78792100694	11.407456455866498	NaN	0	0	0	0	0.00029231557705012765	-1	0	2.107057930505938	82.4224745023515	1.0000340333233277	-273.1499938964844	9.000419643561045	-273.1499938964844	018
DATA	2025-09-11T163000_AIU-0547.ghg	2025-09-11	17:00:00	254.708	1	18000	18000	0.061112145916101875	1	NaN	11.659784271421477	1	NaN	NaN	NaN	NaN	NaN	NaN	NaN	NaN	NaN	NaN	-0.005155933669933671	1	NaN	NaN	NaN	NaN	NaN	NaN	NaN	NaN	NaN	NaN	NaN	NaN	-5.034020875760871e-13	NaN	NaN	NaN	NaN	NaN	0	NaN	NaN	NaN	NaN	0	0.08510620586967303	2.2042459153881317	2.2042459153881317	0	1	NaN	NaN	NaN	NaN	9	297.5596570197211	297.86171289910214	95614.96881966146	1.1183269316108877	1005.6801048629198	0.025899943404404525	NaN	NaN	NaN	NaN	NaN	NaN	NaN	NaN	0.7855725289881484	0.6163247892155221	0.24497878439863466	1.0281026451224975	-5.348369522484983e-14	-5.914986838292021e-15	1.0281026451224975	3.9789509695405623	293.88386814208593	38.116131857914084	13.785189439906066	NaN	0.2337649393425076	0.3636747773750255	-92.42887503650094	-0.031375476536469424	NaN	0.0443488637826284	0	82.87014153968484	-12.57586369369942	28.446637916630145	70.83615057899145	108.02959912550264	151.51304881059616	226.99415641060642	0.06034138434111537	1.0127733492262843	11.487793948879778	1.014971570982823	NaN	1	NaN	1	NaN	1	-0.00448991668743137	1.148336156073159	NaN	NaN	800009909	800009909	800009909	800009909	800009919	800109919	899999999	899999999	89999	89999	89	89	4	0	2	0	0	0	2	NaN	0	0	0	0	0	0	0	0	0	NaN	NaN	NaN	NaN	0	0	0	0	0	0	0	0	3071	0	0	0	18000	18000	18000	18000	6	NaN	0.28219336308733445	0.3987633893399853	0.04639280232273135	0.32459605159952204	NaN	NaN	8.574497393613474e-8	NaN	0.010214285550891267	NaN	NaN	-0.000004489916687431369	NaN	NaN	NaN	95992.58808789063	11.430000305175781	NaN	0	0	0	0	0.0002928427908854144	-1	0	2.0915579726547007	82.31881845506032	1.0000245948384205	-273.1499938964844	9.000348118755552	-273.1499938964844	059
DATA	2025-09-11T170000_AIU-0547.ghg	2025-09-11	17:30:00	254.729	1	18000	18000	0.03424958382576915	0	NaN	-19.71489976554332	0	NaN	NaN	NaN	NaN	NaN	NaN	NaN	NaN	NaN	NaN	0.013324745185785577	0	NaN	NaN	NaN	NaN	NaN	NaN	NaN	NaN	NaN	NaN	NaN	NaN	-1.85969716245516e-12	NaN	NaN	NaN	NaN	NaN	0	NaN	NaN	NaN	NaN	0	0.08539075257290372	2.2062816350841885	2.2062816350841885	0.6	0	NaN	NaN	NaN	NaN	9	296.8231741926405	297.1256469404433	95609.28087782118	1.1210306582746394	1005.6593341143695	0.02583747734510877	NaN	NaN	NaN	NaN	NaN	NaN	NaN	NaN	0.6711025486968973	0.66113530235584	0.250809237404561	0.9748762959760899	-4.0913036253103846e-14	-2.1778671652617343e-14	0.9748762959760899	2.9570409925415158	287.42865505838313	44.571344941616886	14.908306123734876	NaN	0.17479093452539285	0.2521706577968871	22.850451200308598	0.12691215480072598	NaN	-0.10004774171683685	1	8.03132388933222	4	7	15	28	61	258	0.033907064943094735	1.0101016966006717	-19.36169569604798	1.0182424140447282	NaN	1	NaN	1	NaN	1	0.010634797160764197	1.2529383479870795	NaN	NaN	800009909	800009909	800009909	800009909	800009919	800109919	899999999	899999999	89999	89999	89	89	4	8	4	0	0	0	6	NaN	0	0	0	0	0	0	0	0	0	NaN	NaN	NaN	NaN	0	0	0	0	0	0	0	0	4650	0	0	0	18000	18000	18000	18000	6	NaN	0.22750597835741979	0.24202906048181194	0.03480627675454237	0.33063947711287855	NaN	NaN	1.8984371137913372e-7	NaN	-0.017174140490157263	NaN	NaN	0.000010634797160764197	NaN	NaN	NaN	95986.56203146701	11.430000305175781	NaN	0	0	0	0	0.0002916418582317419	-1	0	2.0915101204911872	84.37726974585551	1.0000403604954482	-273.1499938964844	9.000481502956815	-273.1499938964844	135
DATA	2025-09-11T173000_AIU-0547.ghg	2025-09-11	18:00:00	254.749	1	18000	18000	0.03459352357951215	1	NaN	-18.41823362373199	1	NaN	NaN	NaN	NaN	NaN	NaN	NaN	NaN	NaN	NaN	0.009343517019580621	1	NaN	NaN	NaN	NaN	NaN	NaN	NaN	NaN	NaN	NaN	NaN	NaN	5.288330523179988e-13	NaN	NaN	NaN	NaN	NaN	0	NaN	NaN	NaN	NaN	0	0.08638813879101412	2.2179593497261494	2.2179593497261494	0.1	0	NaN	NaN	NaN	NaN	9	296.12173082987465	295.24842951287167	95608.86255338542	1.1281533410903006	1005.6078199665905	0.025674350446323727	NaN	NaN	NaN	NaN	NaN	NaN	NaN	NaN	0.8690529369262256	0.7726745918432734	0.28468524509217846	1.1972154028550819	-2.5251739177034193e-15	6.121593308050373e-15	1.1972154028550819	3.543817328357536	290.35971820633677	41.640281793663256	13.756111160756696	NaN	0.1751109616590719	0.150984433666033	24.592408169229167	0.11792257106518653	NaN	-0.09271240959218369	1	11.316485038861906	5	10	21	40	87	373	0.034267300908561164	1.00951994065192	-18.09768311001891	1.0177122403881425	NaN	1	NaN	1	NaN	1	0.0074855712891370545	1.2482035984534392	NaN	NaN	800009909	800009909	800009909	800009909	800109919	800109919	899999999	899999999	89999	89999	89	89	0	8	2	0	0	0	6	NaN	0	0	0	0	0	0	0	0	0	NaN	NaN	NaN	NaN	0	0	0	0	0	0	0	0	4812	0	0	0	18000	18000	18000	18000	6	NaN	0.1378042334319171	0.13308277745667918	0.031081856443469728	0.6935687678659034	NaN	NaN	5.675747294529621e-7	NaN	-0.01595240634545698	NaN	NaN	0.0000074855712891370545	NaN	NaN	NaN	95977.25542122396	11.430000305175781	NaN	0	0	0	0	0.00028914635319314476	-1	0	2.0978271608021513	82.78622802331714	1.000053748867578	-319.46012084113556	9.000540427525838	-292.12624469333497	241
DATA	2025-09-11T180000_AIU-0547.ghg	2025-09-11	18:30:00	254.77	0	18000	18000	0.010551042916536312	0	NaN	3.9971316729042394	1	NaN	NaN	NaN	NaN	NaN	NaN	NaN	NaN	NaN	NaN	-0.0021689499057931517	0	NaN	NaN	NaN	NaN	NaN	NaN	NaN	NaN	NaN	NaN	NaN	NaN	-2.7745780608287226e-13	NaN	NaN	NaN	NaN	NaN	0	NaN	NaN	NaN	NaN	0	0.08725834324604106	2.228774538646978	2.228774538646978	0	0	NaN	NaN	NaN	NaN	9	294.8083812111748	293.7549280887181	95617.19659309895	1.133987908877896	1005.5683321451735	0.02554225138520606	NaN	NaN	NaN	NaN	NaN	NaN	NaN	NaN	0.8886505027910109	0.7527442846215372	0.25928034974522773	1.1931261349518338	1.2827289883055037e-14	-3.1797281011917515e-15	1.1931261349518338	2.172173136578039	291.73324931042856	40.26675068957143	12.551189084176903	NaN	0.09645916159749687	0.056488591715686265	-18.940917152229556	-0.1531076862166961	NaN	0.03634000312754249	1	30.840211410672428	14	25	43	67	112	279	0.01043026882765656	1.0115791923367796	3.940736274777898	1.0143108785247295	NaN	1	NaN	1	NaN	1	-0.0018894124446719406	1.1479494124797867	NaN	NaN	800009909	800009909	800009909	800009909	800009919	800009919	899999999	899999999	89999	89999	89	89	0	6	0	1	0	0	4	NaN	0	0	0	0	0	0	0	0	0	NaN	NaN	NaN	NaN	0	0	0	0	0	0	0	0	16109	0	0	0	18000	18000	18000	18000	6	NaN	0.05459477805195821	0.04634922645925908	0.01203317892015523	0.12998037848290933	NaN	NaN	9.385063754959543e-8	NaN	0.0034558697026216517	NaN	NaN	-0.0000018894124446719405	NaN	NaN	NaN	95988.3992000868	11.430000305175781	NaN	0	0	0	0	0.0002869688003492129	-1	0	2.1046088719235527	83.92481673758792	1.0000867860019207	-285.5047444152804	9.000835645543205	-273.1499938964844	043
DATA	2025-09-11T183000_AIU-0547.ghg	2025-09-11	19:00:00	254.791	0	18000	18000	0.018960011631056387	1	NaN	7.5598956543708535	1	NaN	NaN	NaN	NaN	NaN	NaN	NaN	NaN	NaN	NaN	0.0029503340510796307	2	NaN	NaN	NaN	NaN	NaN	NaN	NaN	NaN	NaN	NaN	NaN	NaN	8.081473788025984e-14	NaN	NaN	NaN	NaN	NaN	0	NaN	NaN	NaN	NaN	0	0.08731303474376052	2.2210201851395346	2.2210201851395346	0	1	NaN	NaN	NaN	NaN	9	293.7302364968194	292.58236760203044	95627.92843315972	1.138660293566057	1005.5382592118128	0.02543744117539393	NaN	NaN	NaN	NaN	NaN	NaN	NaN	NaN	0.8911118508492437	0.7933155767841099	0.2671086881469997	1.2226107256097034	-1.0788561252866114e-14	9.255747222328102e-16	1.2226107256097034	2.2481660437236615	290.32280891547373	41.67719108452629	12.619421033909568	NaN	0.12903936327756466	0.08300758253287849	-23.976824095891647	-0.12095013035929582	NaN	0.051168279423676355	1	21.861971507209027	10	18	31	49	84	215	0.01874628047099741	1.0114012569261217	7.453916618258562	1.0142178993326398	NaN	1	NaN	1	NaN	1	0.0025701468095240595	1.14792432873746	NaN	NaN	800009909	800009909	800009909	800009909	800009919	800019919	899999999	899999999	89999	89999	89	89	1	14	0	26	0	0	8	NaN	0	0	0	0	0	0	0	0	0	NaN	NaN	NaN	NaN	0	0	0	0	0	0	0	0	18000	0	0	0	18000	18000	18000	18000	6	NaN	0.07114111458020113	0.0627281184489909	0.032145932036564975	0.1470226981816371	NaN	NaN	2.2206252325821507e-7	NaN	0.006510161377731879	NaN	NaN	0.0000025701468095240593	NaN	NaN	NaN	96000.43456228299	11.427514692730375	NaN	0	0	0	0	0.000285405167892653	-1	0	2.0946640510161734	81.18459281792796	1.000113191780117	-273.1499938964844	9.00100306113561	-273.1499938964844	102
DATA	2025-09-11T190000_AIU-0547.ghg	2025-09-11	19:30:00	254.812	0	18000	18000	0.025438836442198826	1	NaN	27.779826356314032	0	NaN	NaN	NaN	NaN	NaN	NaN	NaN	NaN	NaN	NaN	0.0003399142392650738	2	NaN	NaN	NaN	NaN	NaN	NaN	NaN	NaN	NaN	NaN	NaN	NaN	2.570460789691471e-13	NaN	NaN	NaN	NaN	NaN	0	NaN	NaN	NaN	NaN	0	0.08753014246177399	2.217778713452913	2.217778713452913	0.6	0	NaN	NaN	NaN	NaN	9	292.6943346337213	291.44170920817066	95631.54010915798	1.143160009507353	1005.5097888405297	0.025337314107782442	NaN	NaN	NaN	NaN	NaN	NaN	NaN	NaN	1.2714293047587053	0.8212089196704366	0.3459012866871007	1.5525991971134399	-7.610319636820586e-15	2.9366578385429205e-15	1.5525991971134399	2.8126993222798142	299.14181380431637	32.85818619568361	12.8728695364801	NaN	0.1491746782613387	0.15114173497749434	-10.080824203162415	-0.28767489061958373	NaN	0.16200972716894355	1	22.1451450554225	10	18	30	46	75	179	0.02518926891975326	1.0099076921700516	27.4087436902022	1.013538842579074	NaN	1	NaN	1	NaN	1	0.0002960139411562179	1.1483048330000378	NaN	NaN	800009909	800009909	800009909	800009909	800009919	800019919	899999999	899999999	89999	89999	89	89	3	2	1	69	0	0	4	NaN	0	0	0	0	0	0	0	0	0	NaN	NaN	NaN	NaN	0	0	0	0	0	0	0	0	17604	0	0	0	18000	18000	18000	18000	6	NaN	0.11315354465820197	0.14212556060936551	0.047004364687421196	0.12166920711657253	NaN	NaN	1.200515962071994e-7	NaN	0.023844916356768938	NaN	NaN	2.960139411562179e-7	NaN	NaN	NaN	96004.83374479167	11.420000076293945	NaN	0	0	0	0	0.0002844956982880831	-1	0	2.0889024542255528	78.76387155013612	1.0001338125301733	-273.3518689049614	9.001077882528305	-273.1499938964844	183
DATA	2025-09-11T193000_AIU-0547.ghg	2025-09-11	20:00:00	254.833	0	18000	18000	0.021508192514659737	1	NaN	35.02478402926286	0	NaN	NaN	NaN	NaN	NaN	NaN	NaN	NaN	NaN	NaN	-0.010784875589464945	1	NaN	NaN	NaN	NaN	NaN	NaN	NaN	NaN	NaN	NaN	NaN	NaN	4.0102995059612336e-13	NaN	NaN	NaN	NaN	NaN	0	NaN	NaN	NaN	NaN	0	0.08768270971097912	2.214579052550268	2.214579052550268	0.9	0	NaN	NaN	NaN	NaN	9	291.8209253412882	290.52949720425084	95636.35768272569	1.1468071018842276	1005.487577073067	0.02525673601842361	NaN	NaN	NaN	NaN	NaN	NaN	NaN	NaN	1.604900207463236	0.6591098980930036	0.40611330760236664	1.781869398213971	-5.5433694997101505e-15	4.573649148366918e-15	1.781869398213971	2.6966345184744234	309.6727349022822	22.327265097717866	13.174302001193533	NaN	0.1369483394584159	0.11225848822962728	-6.186444362165346	-0.46876684412384456	NaN	0.22179492896513195	1	26.547276091859743	12	21	35	53	85	194	0.02131126087724292	1.0092407313931908	34.56358348671155	1.0133435395299397	NaN	1	NaN	1	NaN	1	-0.00938547171776519	1.149103200540353	NaN	NaN	800009909	800009909	800009909	800009909	800009919	800019919	899999999	899999999	89999	89999	89	89	7	8	0	31	0	0	10	NaN	0	0	0	0	0	0	0	0	0	NaN	NaN	NaN	NaN	0	0	0	0	0	0	0	0	16514	0	0	0	18000	18000	18000	18000	6	NaN	0.08235676019784936	0.09689023722742132	0.045269979033983894	0.13946164399683472	NaN	NaN	6.599593168954731e-7	NaN	0.029974481542717424	NaN	NaN	-0.00000938547171776519	NaN	NaN	NaN	96010.74216189235	11.425819098366631	NaN	0	0	0	0	0.0002834925652779122	-1	0	2.0837951316701053	76.01427199734584	1.0001312520371544	-315.34187066819806	9.001041226492987	-273.1499938964844	222
DATA	2025-09-11T200000_AIU-0547.ghg	2025-09-11	20:30:00	254.854	0	18000	18000	0.03441977782203975	1	NaN	40.2341888814762	0	NaN	NaN	NaN	NaN	NaN	NaN	NaN	NaN	NaN	NaN	0.0015008093639632349	2	NaN	NaN	NaN	NaN	NaN	NaN	NaN	NaN	NaN	NaN	NaN	NaN	2.2635154279994704e-13	NaN	NaN	NaN	NaN	NaN	0	NaN	NaN	NaN	NaN	0	0.08692382708647187	2.1901848145222456	2.1901848145222456	0	1	NaN	NaN	NaN	NaN	9	291.13258118693034	289.86147448137064	95644.18987543402	1.1495441999113671	1005.4716249581927	0.02519659899860885	NaN	NaN	NaN	NaN	NaN	NaN	NaN	NaN	1.4659603168136526	0.44247785533528566	0.42580147612345765	1.5893813890955824	-2.0269432892758733e-14	2.604021824473656e-15	1.5893813890955824	2.903395053172301	315.2043578095019	16.79564219049809	15.539574807648494	NaN	0.1730378833565963	0.1880746056002676	-10.864083646358804	-0.2669346163375649	NaN	0.20116784462393253	1	18.888808968395317	8	15	26	39	65	157	0.03408625694152623	1.00978461440004	39.69844840630081	1.0134952497309784	NaN	1	NaN	1	NaN	1	0.0013068603015146112	1.1484084123022504	NaN	NaN	800009909	800009909	800009909	800009909	800009919	800019919	899999999	899999999	89999	89999	89	89	3	0	1	21	0	0	1	NaN	0	0	0	0	0	0	0	0	0	NaN	NaN	NaN	NaN	0	0	0	0	0	0	0	0	15025	0	0	0	18000	18000	18000	18000	6	NaN	0.15133526324012833	0.17326356865686982	0.05155037930353705	0.13302907538353195	NaN	NaN	5.036073234948856e-7	NaN	0.03434614818606578	NaN	NaN	0.0000013068603015146113	NaN	NaN	NaN	96022.28480577256	11.430000305175781	NaN	0	0	0	0	0.00028251799992803076	-1	0	2.0594375281201476	76.2506548724704	1.000142614495423	-273.1499938964844	9.001071521308686	-273.1499938964844	207
DATA	2025-09-11T203000_AIU-0547.ghg	2025-09-11	21:00:00	254.874	0	18000	18000	0.012679273420845783	0	NaN	41.5753692868222	0	NaN	NaN	NaN	NaN	NaN	NaN	NaN	NaN	NaN	NaN	-0.009437913643818782	0	NaN	NaN	NaN	NaN	NaN	NaN	NaN	NaN	NaN	NaN	NaN	NaN	1.0860163696878777e-13	NaN	NaN	NaN	NaN	NaN	0	NaN	NaN	NaN	NaN	0	0.08694561572554009	2.1856581481362327	2.1856581481362327	0	0	NaN	NaN	NaN	NaN	9	290.4163540030585	289.21408416748045	95652.18820421006	1.1522137401601062	1005.456418683723	0.025138221518100082	NaN	NaN	NaN	NaN	NaN	NaN	NaN	NaN	1.5813113722619077	0.4652088867335979	0.3760376342784719	1.6906712473850458	2.7886717060383234e-14	1.2490754831342952e-15	1.6906712473850458	2.6955383086393367	315.60654776935667	16.393452230643327	12.851160206200676	NaN	0.1049012488919083	0.1392669482160013	-2.342556053054174	-1.2379639736769767	NaN	0.3421047907425719	1	25.21975203623595	11	20	32	48	75	164	0.01256021564519111	1.009478959519318	41.02560404247128	1.0134005399111683	NaN	1	NaN	1	NaN	1	-0.008215856930766194	1.1487436701187324	NaN	NaN	800009909	800009909	800009909	800009909	800009919	800019919	899999999	899999999	89999	89999	89	89	2	4	0	54	0	0	6	NaN	0	0	0	0	0	0	0	0	0	NaN	NaN	NaN	NaN	0	0	0	0	0	0	0	0	15822	0	0	0	18000	18000	18000	18000	6	NaN	0.11340965314158977	0.11760372575032332	0.04752051754008949	0.12295236647246169	NaN	NaN	1.223822498875194e-7	NaN	0.035412670891162644	NaN	NaN	-0.000008215856930766194	NaN	NaN	NaN	96030.33128645833	11.411696552912392	NaN	0	0	0	0	0.00028174786441053994	-1	0	2.053906811939347	76.68268124907814	1.0001789168516795	-273.1499938964844	9.001202275196711	-273.1499938964844	243
DATA	2025-09-11T210000_AIU-0547.ghg	2025-09-11	21:30:00	254.895	0	18000	18000	0.017754400327509967	0	NaN	27.201389940456348	0	NaN	NaN	NaN	NaN	NaN	NaN	NaN	NaN	NaN	NaN	-0.00161102652468323	2	NaN	NaN	NaN	NaN	NaN	NaN	NaN	NaN	NaN	NaN	NaN	NaN	-4.937188437749146e-13	NaN	NaN	NaN	NaN	NaN	0	NaN	NaN	NaN	NaN	0	0.08815011182334273	2.2122309173326844	2.2122309173326844	0	0	NaN	NaN	NaN	NaN	9	289.9575136650933	288.80625800408257	95677.32612586806	1.1541440282513549	1005.4469673557667	0.02509617823022286	NaN	NaN	NaN	NaN	NaN	NaN	NaN	NaN	1.2853809983961926	0.2664072565459448	0.3188198055205481	1.350860172545858	-1.771300863494817e-14	-5.600887322347951e-15	1.350860172545858	2.4634400879420113	320.2906976037501	11.70930239624986	13.651310156717354	NaN	0.12402893075185281	0.13927953765093476	-5.918878608857536	-0.48995767469536916	NaN	0.18899439270702184	1	20.782531329727817	9	16	27	41	67	154	0.017566024232900084	1.0107238890321617	26.8289188843211	1.013883192898724	NaN	1	NaN	1	NaN	1	-0.0014034067587818126	1.147939836118244	NaN	NaN	800009909	800009909	800009909	800009909	800009919	800019919	899999999	899999999	89999	89999	89	89	5	0	0	54	0	0	6	NaN	0	0	0	0	0	0	0	0	0	NaN	NaN	NaN	NaN	0	0	0	0	0	0	0	0	16316	0	0	0	18000	18000	18000	18000	6	NaN	0.12787260568546274	0.11609821642146954	0.03458825319493724	0.07077952078986721	NaN	NaN	2.848053802173212e-7	NaN	0.02311979585984632	NaN	NaN	-0.0000014034067587818126	NaN	NaN	NaN	96057.60645529514	11.414971072302924	NaN	0	0	0	0	0.0002814193910421131	-1	0	2.0784246027231212	77.5910679877599	1.0001607243534592	-273.1499938964844	9.001080721881655	-273.1499938964844	040
DATA	2025-09-11T213000_AIU-0547.ghg	2025-09-11	22:00:00	254.916	0	18000	18000	0.011211118813591832	0	NaN	30.880711527803893	0	NaN	NaN	NaN	NaN	NaN	NaN	NaN	NaN	NaN	NaN	-0.009035369719464644	0	NaN	NaN	NaN	NaN	NaN	NaN	NaN	NaN	NaN	NaN	NaN	NaN	-6.016668842007413e-13	NaN	NaN	NaN	NaN	NaN	0	NaN	NaN	NaN	NaN	0	0.08806112255505831	2.208652039953072	2.208652039953072	0	0	NaN	NaN	NaN	NaN	9	289.82542399540654	288.6922080618826	95697.80993495451	1.154847172517763	1005.4443419536921	0.02508089808385261	NaN	NaN	NaN	NaN	NaN	NaN	NaN	NaN	1.078288975782496	0.24090555056005586	0.25379778539161996	1.1336471741482712	-3.5327760302519106e-14	-6.8323780885777614e-15	1.1336471741482712	2.801634701325193	319.4061029657712	12.593897034228858	12.936863844532786	NaN	0.09852857912507143	0.2011256997768204	-2.6141237185244	-1.1093583595335605	NaN	0.26992463865102884	1	17.280313664186878	8	14	22	33	53	116	0.011078531780285115	1.011967924625415	30.438750611717545	1.0145196799212979	NaN	1	NaN	1	NaN	1	-0.007870273250653006	1.1480376133973453	NaN	NaN	800009909	800009909	800009909	800009919	800009919	800019919	899999999	899999999	89999	89999	89	89	5	0	0	45	0	0	6	NaN	0	0	0	0	0	0	0	0	0	NaN	NaN	NaN	NaN	0	27	0	0	0	0	0	0	16515	0	0	0	18000	18000	18000	18000	6	NaN	0.19393510768755612	0.16967495161050597	0.038641340255578686	0.06406343691288523	NaN	NaN	2.996085698985204e-8	NaN	0.026214662606838107	NaN	NaN	-0.000007870273250653007	NaN	NaN	NaN	96080.74640277778	11.430000305175781	NaN	0	0	0	0	0.0002811742513020161	-1	0	2.0747571486625405	74.40556148004872	1.0001476806816127	-273.1499938964844	9.001023099316491	-273.1499938964844	209
DATA	2025-09-11T220000_AIU-0547.ghg	2025-09-11	22:30:00	254.937	0	18000	18000	0.017441319941587867	0	NaN	30.292610736523606	0	NaN	NaN	NaN	NaN	NaN	NaN	NaN	NaN	NaN	NaN	-0.008597151625635825	0	NaN	NaN	NaN	NaN	NaN	NaN	NaN	NaN	NaN	NaN	NaN	NaN	6.222454689119166e-13	NaN	NaN	NaN	NaN	NaN	0	NaN	NaN	NaN	NaN	0	0.08795570691964691	2.206511204547501	2.206511204547501	0	0	NaN	NaN	NaN	NaN	9	289.91318569352893	288.76476191711424	95700.03608463542	1.1545838679653697	1005.4460112309083	0.02508661781961787	NaN	NaN	NaN	NaN	NaN	NaN	NaN	NaN	1.0401268320423147	0.2602147724474861	0.2768505131510107	1.107348978943062	-4.117895620240163e-14	7.0745320651038265e-15	1.107348978943062	2.7202372973478917	317.95426593820304	14.045734061796933	14.478221228373716	NaN	0.12290708874462015	0.18681254825940521	-5.172837097571229	-0.560620786098526	NaN	0.21231248406996403	1	15.48896718762247	7	12	20	31	50	115	0.017231887737422784	1.0121537586221767	29.856059392585504	1.0146218674808276	NaN	1	NaN	1	NaN	1	-0.007488194767333796	1.148094019020405	NaN	NaN	800009909	800009909	800009909	800009909	800009919	800019919	899999999	899999999	89999	89999	89	89	4	11	0	27	0	0	4	NaN	0	0	0	0	0	0	0	0	0	NaN	NaN	NaN	NaN	0	0	0	0	0	0	0	0	15920	0	0	0	18000	18000	18000	18000	6	NaN	0.15997635289370823	0.1743122482426396	0.03933649538246257	0.07439237639053593	NaN	NaN	3.0808673361215056e-8	NaN	0.0257186545623815	NaN	NaN	-0.000007488194767333796	NaN	NaN	NaN	96083.15500911458	11.430000305175781	NaN	0	0	0	0	0.000281693634690277	-1	0	2.073402517141898	73.50590071932487	1.0001609080847766	-273.1499938964844	9.001068700446023	-273.1499938964844	136
DATA	2025-09-11T223000_AIU-0547.ghg	2025-09-11	23:00:00	254.958	0	18000	18000	0.018215202779402122	0	NaN	29.072218934367744	0	NaN	NaN	NaN	NaN	NaN	NaN	NaN	NaN	NaN	NaN	-0.005216172503397287	0	NaN	NaN	NaN	NaN	NaN	NaN	NaN	NaN	NaN	NaN	NaN	NaN	3.3092697795962467e-13	NaN	NaN	NaN	NaN	NaN	0	NaN	NaN	NaN	NaN	0	0.08787529824591464	2.203836979379079	2.203836979379079	0.1	0	NaN	NaN	NaN	NaN	9	289.9143733113607	288.73119217681887	95717.43900282118	1.1549280911697357	1005.4452384886763	0.025079140820799848	NaN	NaN	NaN	NaN	NaN	NaN	NaN	NaN	1.1022422427543301	0.3902341418755355	0.315854802199043	1.2111915221258853	-1.9695479197659564e-14	3.765870324940941e-15	1.2111915221258853	2.6219061553842895	312.5041713316242	19.49582866837576	15.116363185068943	NaN	0.1255855097707489	0.1869926421170072	-5.750838589281142	-0.5042742819117275	NaN	0.19935415014093064	1	17.502933045016285	8	14	23	35	57	131	0.018008661484350427	1.0114689975838116	28.663670818491646	1.0142531680070974	NaN	1	NaN	1	NaN	1	-0.004543972464509069	1.1479322430182999	NaN	NaN	800009909	800009909	800009909	800009909	800009919	800019919	899999999	899999999	89999	89999	89	89	6	0	0	34	0	0	5	NaN	0	0	0	0	0	0	0	0	0	NaN	NaN	NaN	NaN	0	0	0	0	0	0	0	0	15522	0	0	0	18000	18000	18000	18000	6	NaN	0.15393642482892267	0.1808988812762242	0.03914997812886751	0.07191843813282325	NaN	NaN	4.500870834468727e-8	NaN	0.024684165019229192	NaN	NaN	-0.000004543972464509069	NaN	NaN	NaN	96100.73072265626	11.430000305175781	NaN	0	0	0	0	0.0002811842973557456	-1	0	2.071167275077767	70.74052222124735	1.0001506866034535	-273.1903688981798	9.000977888345718	-273.1903688981798	181
DATA	2025-09-11T230000_AIU-0547.ghg	2025-09-11	23:30:00	254.979	0	18000	18000	0.027077518511491313	0	NaN	41.25209596596258	0	NaN	NaN	NaN	NaN	NaN	NaN	NaN	NaN	NaN	NaN	-0.01010939703817617	0	NaN	NaN	NaN	NaN	NaN	NaN	NaN	NaN	NaN	NaN	NaN	NaN	-1.6070521464164221e-13	NaN	NaN	NaN	NaN	NaN	0	NaN	NaN	NaN	NaN	0	0.08805505077168345	2.207664346562214	2.207664346562214	0	0	NaN	NaN	NaN	NaN	9	289.88857092454697	288.6699677912394	95726.64801714409	1.1552841810325705	1005.4438308890929	0.025071410750604553	NaN	NaN	NaN	NaN	NaN	NaN	NaN	NaN	1.3092767947444568	0.7698575302663269	0.35190027929318163	1.5590766975138446	1.3376878347128012e-14	-1.8250539092678764e-15	1.5590766975138446	2.858953108837775	301.54438158813895	30.455618411861074	13.044672880577496	NaN	0.15309465109612413	0.1720787740139424	-7.342670116810609	-0.3949516938478036	NaN	0.23197402689084864	1	20.05548265394307	9	16	27	41	66	154	0.026812462723229888	1.0098855443081618	40.70137507735723	1.0135307686179804	NaN	1	NaN	1	NaN	1	-0.008803621630208421	1.148322527116245	NaN	NaN	800009909	800009909	800009909	800009909	800009909	800009909	899999999	899999999	89999	89999	89	89	0	0	0	25	0	0	0	NaN	0	0	0	0	0	0	0	0	0	NaN	NaN	NaN	NaN	0	0	0	0	0	0	0	0	14430	0	0	0	18000	18000	18000	18000	6	NaN	0.15394276110640295	0.14491563907936508	0.04529914784211672	0.09987484961127895	NaN	NaN	6.81002308086303e-8	NaN	0.0350398663857469	NaN	NaN	-0.00000880362163020842	NaN	NaN	NaN	96108.82712174479	11.393393673419954	NaN	0	0	0	0	0.00028121097523964837	-1	0	2.074813896553384	60.883857512368394	1.000169463649392	-273.1499938964844	9.001089492983288	-273.1499938964844	067
