DATAH	filename	date	time	DOY	daytime	file_records	used_records	Tau	qc_Tau	rand_err_Tau	H	qc_H	rand_err_H	LE	qc_LE	rand_err_LE	co2_flux	qc_co2_flux	rand_err_co2_flux	h2o_flux	qc_h2o_flux	rand_err_h2o_flux	ch4_flux	qc_ch4_flux	rand_err_ch4_flux	none_flux	qc_none_flux	rand_err_none_flux	H_strg	LE_strg	co2_strg	h2o_strg	ch4_strg	none_strg	co2_v-adv	h2o_v-adv	ch4_v-adv	none_v-adv	co2_molar_density	co2_mole_fraction	co2_mixing_ratio	co2_time_lag	co2_def_timelag	h2o_molar_density	h2o_mole_fraction	h2o_mixing_ratio	h2o_time_lag	h2o_def_timelag	ch4_molar_density	ch4_mole_fraction	ch4_mixing_ratio	ch4_time_lag	ch4_def_timelag	none_molar_density	none_mole_fraction	none_mixing_ratio	none_time_lag	none_def_timelag	sonic_temperature	air_temperature	air_pressure	air_density	air_heat_capacity	air_molar_volume	ET	water_vapor_density	e	es	specific_humidity	RH	VPD	Tdew	u_unrot	v_unrot	w_unrot	u_rot	v_rot	w_rot	wind_speed	max_wind_speed	wind_dir	yaw	pitch	roll	u*	TKE	L	(z-d)/L	bowen_ratio	T*	model	x_peak	x_offset	x_10%	x_30%	x_50%	x_70%	x_90%	un_Tau	Tau_scf	un_H	H_scf	un_LE	LE_scf	un_co2_flux	co2_scf	un_h2o_flux	h2o_scf	un_ch4_flux	ch4_scf	un_none_flux	un_none_scf	spikes_hf	amplitude_resolution_hf	drop_out_hf	absolute_limits_hf	skewness_kurtosis_hf	skewness_kurtosis_sf	discontinuities_hf	discontinuities_sf	timelag_hf	timelag_sf	attack_angle_hf	non_steady_wind_hf	u_spikes	v_spikes	w_spikes	ts_spikes	co2_spikes	h2o_spikes	ch4_spikes	none_spikes	head_detect_LI-7200	t_out_LI-7200	t_in_LI-7200	aux_in_LI-7200	delta_p_LI-7200	chopper_LI-7200	detector_LI-7200	pll_LI-7200	sync_LI-7200	chopper_LI-7500	detector_LI-7500	pll_LI-7500	sync_LI-7500	not_ready_LI-7700	no_signal_LI-7700	re_unlocked_LI-7700	bad_temp_LI-7700	laser_temp_unregulated_LI-7700	block_temp_unregulated_LI-7700	motor_spinning_LI-7700	pump_on_LI-7700	top_heater_on_LI-7700	bottom_heater_on_LI-7700	calibrating_LI-7700	motor_failure_LI-7700	bad_aux_tc1_LI-7700	bad_aux_tc2_LI-7700	bad_aux_tc3_LI-7700	box_connected_LI-7700	mean_value_RSSI_LI-7200	mean_value_LI-7500	u_var	v_var	w_var	ts_var	co2_var	h2o_var	ch4_var	none_var	w/ts_cov	w/co2_cov	w/h2o_cov	w/ch4_cov	w/none_cov	co2_mean	h2o_mean	air_p_mean	vin_sf_mean	dew_point_mean	avg_signal_strength_7200_mean	co2_signal_strength_7200_mean	h2o_signal_strength_7200_mean	delta_signal_strength_7200_mean	flowrate_mean	hit_power_mean	hit_vin_mean	ch4_mean	rssi_77_mean	ch4_aux-1_mean	ch4_aux-2_mean	ch4_aux-3_mean	ch4_aux-4_mean	CHK
DATAU		[yyyy-mm-dd]	[HH:MM]	[ddd.ddd]	[1=daytime]	[#]	[#]	[kg+1m-1s-2]	[#]	[kg+1m-1s-2]	[W+1m-2]	[#]	[W+1m-2]	[W+1m-2]	[#]	[W+1m-2]	[µmol+1s-1m-2]	[#]	[µmol+1s-1m-2]	[mmol+1s-1m-2]	[#]	[mmol+1s-1m-2]	[µmol+1s-1m-2]	[#]	[µmol+1s-1m-2]	[µmol+1s-1m-2]	[#]	[µmol+1s-1m-2]	[W+1m-2]	[W+1m-2]	[µmol+1s-1m-2]	[mmol+1s-1m-2]	[µmol+1s-1m-2]	[µmol+1s-1m-2]	[µmol+1s-1m-2]	[mmol+1s-1m-2]	[µmol+1s-1m-2]	[µmol+1s-1m-2]	[mmol+1m-3]	[µmol+1mol_a-1]	[µmol+1mol_d-1]	[s]	[1=default]	[mmol+1m-3]	[mmol+1mol_a-1]	[mmol+1mol_d-1]	[s]	[1=default]	[mmol+1m-3]	[µmol+1mol_a-1]	[µmol+1mol_d-1]	[s]	[1=default]	[mmol+1m-3]	[µmol+1mol_a-1]	[µmol+1mol_d-1]	[s]	[1=default]	[K]	[K]	[Pa]	[kg+1m-3]	[J+1kg-1K-1]	[m+3mol-1]	[mm]	[kg+1m-3]	[Pa]	[Pa]	[kg+1kg-1]	[%]	[Pa]	[K]	[m+1s-1]	[m+1s-1]	[m+1s-1]	[m+1s-1]	[m+1s-1]	[m+1s-1]	[m+1s-1]	[m+1s-1]	[deg_from_north]	[deg]	[deg]	[deg]	[m+1s-1]	[m+2s-2]	[m]	[#]	[#]	[K]	[0=KJ/1=KM/2=HS]	[m]	[m]	[m]	[m]	[m]	[m]	[m]	[kg+1m-1s-2]	[#]	[W+1m-2]	[#]	[W+1m-2]	[#]	[µmol+1s-1m-2]	[#]	[mmol+1s-1m-2]	[#]	[µmol+1s-1m-2]	[#]	[µmol+1s-1m-2]	[#]	8u/v/w/ts/co2/h2o/ch4/none	8u/v/w/ts/co2/h2o/ch4/none	8u/v/w/ts/co2/h2o/ch4/none	8u/v/w/ts/co2/h2o/ch4/none	8u/v/w/ts/co2/h2o/ch4/none	8u/v/w/ts/co2/h2o/ch4/none	8u/v/w/ts/co2/h2o/ch4/none	8u/v/w/ts/co2/h2o/ch4/none	8co2/h2o/ch4/none	8co2/h2o/ch4/none	8aa	8U	[#]	[#]	[#]	[#]	[#]	[#]	[#]	[#]	[#_flagged_recs]	[#_flagged_recs]	[#_flagged_recs]	[#_flagged_recs]	[#_flagged_recs]	[#_flagged_recs]	[#_flagged_recs]	[#_flagged_recs]	[#_flagged_recs]	[#_flagged_recs]	[#_flagged_recs]	[#_flagged_recs]	[#_flagged_recs]	[#_flagged_recs]	[#_flagged_recs]	[#_flagged_recs]	[#_flagged_recs]	[#_flagged_recs]	[#_flagged_recs]	[#_flagged_recs]	[#_flagged_recs]	[#_flagged_recs]	[#_flagged_recs]	[#_flagged_recs]	[#_flagged_recs]	[#_flagged_recs]	[#_flagged_recs]	[#_flagged_recs]	[#_flagged_recs]	[#]	[#]	[m+2s-2]	[m+2s-2]	[m+2s-2]	[K+2]	--	--	--	--	[m+1s-1K+1]	--	--	--	--	--	--	--	--	--	--	--	--	--	--	--	--	--	--	--	--	--	--	207
DATA	2025-07-27T233000_AIU-0547.ghg	2025-07-28	00:00:00	209	0	18000	18000	0.0077407484569555285	0	NaN	33.906953660889386	0	NaN	2.846801571260534	0	NaN	13.895302208554057	0	NaN	0.06461395214352836	0	NaN	NaN	NaN	NaN	NaN	NaN	NaN	NaN	NaN	NaN	NaN	NaN	NaN	2.376202356192123e-11	1.417347398597236e-12	NaN	NaN	15.264810597937952	396.6085460244851	406.2183492234422	0.1	0	910.5091380238315	23.656743269544425	24.229944854400188	0.1	1	NaN	NaN	NaN	NaN	0	NaN	NaN	NaN	NaN	9	298.648077545166	296.4200734642028	95099.89587677189	1.1078522737600325	1018.6228389486874	0.02610896777350702	0.004186984098900637	0.01632751339383946	2233.4416200897185	2844.2905172898986	0.01473798788932765	78.52368126648996	610.8488972001801	292.42370729432747	1.5130620245209527	-0.016842182735685822	0.346824395571804	1.5523941221643778	5.6596113464481966e-15	1.5566536780437436e-15	1.5523941221643778	3.103407802089024	332.63774393967105	359.36225606032906	12.909550442401729	NaN	0.08358927351605895	0.25575844254727986	-1.4532937202041298	-1.995467233968826	11.910543398314811	0.3594537006956744	1	24.71697493377302	11	19	31	46	72	155	0.007664802551468266	1.009908396853969	33.87462020564847	1.0135391007745804	2.6158539734277855	1.0882876491496647	12.768041812668896	1.0882876491496647	0.0593721266560496	1.0882876491496647	NaN	1	NaN	NaN	800000009	800000019	800000009	800000019	800000019	800010019	899999999	899999999	89999	89999	89	89	8	1	0	55	3	2	2	NaN	0	0	0	0	0	0	0	0	0	NaN	NaN	NaN	NaN	0	2057	0	0	0	0	100	0	15600	0	0	15	18000	18000	18000	18000	78	NaN	0.11333627285764415	0.34724436869921355	0.05093624353770201	0.078700475620793	93.62879159500324	0.001826371043838211	NaN	NaN	0.03001782157768994	0.3413777218383235	0.001587425984024244	NaN	NaN	396.60837742667616	23.65672656868396	96000.74865277778	11.44314131895701	19.474433822525874	76.8491318384806	75.51035010952424	78.18791320843167	-2.677562782333949	0.00028868814707513793	-1	0	2.0603519621399435	37.3338454139533	1.000073294752174	-273.1499938964844	9.000805869049497	-273.1499938964844	219
DATA	2025-07-28T000000_AIU-0547.ghg	2025-07-28	00:30:00	209.02	0	18000	18000	0.1077789271879761	0	NaN	-10.311499246018457	2	NaN	-0.31328265447818576	2	NaN	29.964966733937178	0	NaN	-0.007109778707414893	2	NaN	-0.011759099965784555	0	NaN	NaN	NaN	NaN	NaN	NaN	NaN	NaN	NaN	NaN	7.159051197788116e-11	4.393439061219364e-12	4.0147809856239295e-13	NaN	14.882543014492262	386.76313637241765	396.16625005456206	0.1	0	913.3269759315233	23.73527194921149	24.31233175513917	0.1	1	0.08346099093518758	2.0566384791230403	2.1066401561278645	-0.8	0	NaN	NaN	NaN	NaN	9	298.6898330188327	296.3027788839842	95614.44172771712	1.114114828123519	1018.7692192648504	0.02576453158254781	-0.000460713660240485	0.016600713522881356	2270.0435285343033	2827.0923767328295	0.01490036134860677	80.29605071333792	557.0488481985262	292.68500777590083	0.9644271906794154	-1.0462972733804659	0.2939701217031219	1.453023132252	-1.7509548374991423e-14	4.8103682218938014e-15	1.453023132252	5.138372912449011	19.33160765978255	312.66839234021745	11.67243700741052	NaN	0.31102976410172883	0.5926190746054276	247.13994696845077	0.01173424222013856	32.914363749865565	-0.029208825494852937	0	69.98220616740257	-10.620069778982696	24.022626756317624	59.819737263875865	91.22887372603768	127.94979255389832	191.69210475060444	0.10698690279381451	1.0074030032974035	-10.278916087434526	1.0126461738948769	-0.2848454850299666	1.0998336675240874	27.24499860182805	1.0998336675240874	-0.0064644126810740506	1.0998336675240874	-0.007452481926483651	1.1753990280273383	NaN	NaN	800000009	800000019	800000009	800000019	800000019	800100019	899999999	899999999	89999	89999	89	89	3	13	2	13	18	10	1	NaN	0	0	0	0	0	0	0	0	0	NaN	NaN	NaN	NaN	0	890	0	0	0	0	100	0	10900	0	0	10	18000	18000	18000	18000	80	NaN	0.4236263964231835	0.636291319902521	0.12532043288515066	0.23462873570588266	66.53462113543542	0.0033022652762106502	6.509159908004501e-7	NaN	-0.009056107129558403	0.7190254698535969	-0.00017060295848299103	-0.000007452481926483651	NaN	386.7631315855166	23.73525474667449	95995.46748893228	11.440192362573411	19.526891517798106	78.58549494637391	77.55474572075737	79.61624315558534	-2.0614976788030455	0.00028868303116016454	-1	0	2.0417665638598557	40.90697517883116	1.0000747476584382	-273.1499938964844	9.00085273218155	-273.1499938964844	048
DATA	2025-07-28T003000_AIU-0547.ghg	2025-07-28	01:00:00	209.041	0	18000	18000	0.05833334040222077	0	NaN	-7.0052069601594695	2	NaN	-9.445771181982131	1	NaN	36.009212975248595	0	NaN	-0.21441074840881832	1	NaN	-0.06253460185419286	0	NaN	NaN	NaN	NaN	NaN	NaN	NaN	NaN	NaN	NaN	8.015419113664894e-11	4.8600571123582025e-12	4.4378248718486587e-13	NaN	15.199929485554831	395.28432448236384	404.9909905963462	0	0	921.6302273910308	23.967609994704723	24.556162520974013	0.1	1	0.08415607988151563	2.0759713773986577	2.126949267930949	-0.4	0	NaN	NaN	NaN	NaN	9	298.949148495992	296.5151413465645	95613.27377913689	1.1132046122257608	1018.9064385387865	0.025783312166989703	-0.013893816496891427	0.016751003001762656	2292.236359505762	2863.578490921833	0.015047550843569006	80.0479667930406	571.342131416071	292.8416492493162	1.4399925900021093	-0.6557146045844057	0.33992038800898416	1.618359098627497	6.4779574439532704e-15	5.2733265119961935e-15	1.618359098627497	4.915189156587997	356.4826076043992	335.5173923956008	12.124705153436073	NaN	0.22891324655462603	0.5577648954563467	145.0330287921475	0.019995445342013116	0.7416236139111592	-0.026979925250835115	0	59.74234623867152	-9.066131529165318	20.507614204177486	51.06685900950464	77.88018211468847	109.22806276835759	163.6435419860293	0.057907373997146884	1.0073559958891396	-7.51448872476851	1.0131834237244455	-8.541729289868202	1.1058382748311002	32.56282025574531	1.1058382748311002	-0.19388978776445975	1.1058382748311002	-0.0526104758731205	1.1838328571027572	NaN	NaN	800000009	800000019	800000009	800000019	800000019	800110019	899999999	899999999	89999	89999	89	89	9	20	2	27	15	0	3	NaN	0	0	0	0	0	0	0	0	0	NaN	NaN	NaN	NaN	0	1119	0	0	0	0	100	0	13571	0	0	10	18000	18000	18000	18000	80	NaN	0.36123759981891473	0.6534776398791209	0.10081455121465772	0.3560452057984714	166.7541033484887	0.04057053002016019	9.36913373168128e-7	NaN	-0.006625064846443758	0.8601998238615536	-0.00512191388748385	-0.000052610475873120504	NaN	395.2833876109653	23.96755679081969	95991.67182313369	11.449999809265137	19.68256371180218	78.56307822333432	77.53546418677439	79.59069033220072	-2.0552275942233176	0.0002893752688639021	-1	0	2.0602884790072915	41.15903977134049	1.0000658423056206	-273.1499938964844	9.000776321252188	-273.1499938964844	138
DATA	2025-07-28T010000_AIU-0547.ghg	2025-07-28	01:30:00	209.062	0	18000	18000	0.03136549639251824	0	NaN	43.11759474412635	0	NaN	5.389747346387012	1	NaN	2.852871628929127	1	NaN	0.12232403917926987	1	NaN	-0.0005736711859312247	0	NaN	NaN	NaN	NaN	NaN	NaN	NaN	NaN	NaN	NaN	-7.720863446568579e-11	-4.593817768397252e-12	-4.2103431717508885e-13	NaN	15.41406684989923	400.7785724306601	410.5689279891366	0.2	0	917.1178154925188	23.845826829680593	24.42834081447908	0.1	1	0.08405602761855363	2.0719783676094656	2.122593361333658	-0.1	0	NaN	NaN	NaN	NaN	9	298.85052145046654	296.3590157917089	95585.9102164108	1.1135240503151274	1018.833535543446	0.02577711350672732	0.007926597738816687	0.016669896213210557	2279.9364671972726	2836.7147309829056	0.014970396201584487	80.37242667708387	556.778263785633	292.7549991747496	2.01525367160143	-0.019900696025768234	0.4428969191963222	2.0634439850984503	2.747289993783919e-14	-5.008972337899944e-15	2.0634439850984503	4.1795220818991545	332.5657793092547	359.4342206907458	12.394387922799877	NaN	0.16783258424584716	0.4466624007174355	-9.284313189673849	-0.31235482267287396	7.999928748613791	0.2264516093158613	1	27.221674360174664	12	22	36	56	91	213	0.031095638755210916	1.0086783114324063	43.19457302031964	1.0133037547611012	4.933058670098493	1.0925771832102293	2.6111396730314005	1.0925771832102293	0.11195917419752006	1.0925771832102293	-0.013721620371427738	1.1504969533107194	NaN	NaN	800000009	800000019	800000009	800000019	800000019	800010019	899999999	899999999	89999	89999	89	89	10	8	2	34	3	0	4	NaN	0	0	0	0	0	0	0	0	0	NaN	NaN	NaN	NaN	0	242	0	0	0	0	100	0	15229	17999	0	10	18000	18000	18000	18000	79	NaN	0.31776161713806966	0.5047874964951142	0.0707756878016871	0.1375524068236199	64.4569504264014	0.0034360821027780318	2.3289517285742857e-7	NaN	0.03807381121916451	0.06895230961412042	0.0029565035234006844	-0.000013721620371427738	NaN	400.7782683285063	23.845808286999084	95972.49354752604	11.44294998407364	19.597731739362086	77.3001261414422	76.03346773274743	78.56678544108073	-2.533318010515642	0.00028888775049482426	-1	0	2.055150397921221	48.343486297745	1.000068994058503	-273.1499938964844	9.000769349892934	-273.1499938964844	218
DATA	2025-07-28T013000_AIU-0547.ghg	2025-07-28	02:00:00	209.083	0	18000	18000	0.018781646813530364	0	NaN	30.21031620161184	0	NaN	2.509687530353789	1	NaN	8.880812057425219	0	NaN	0.05696560540301115	1	NaN	0.021509143638790494	0	NaN	NaN	NaN	NaN	NaN	NaN	NaN	NaN	NaN	NaN	-2.5719595689280444e-10	-1.5427882839954072e-11	-1.4166423456549762e-12	NaN	15.329089100712784	398.6744660935897	408.4421401598545	0.3	0	919.5144182907261	23.914462064178824	24.500375361315136	0.1	1	0.08443304087178453	2.0827750328257344	2.1338038029231403	0.2	0	NaN	NaN	NaN	NaN	9	298.96933157857256	296.4769767808618	95410.63514257484	1.1110108617283831	1018.8745129026821	0.02583474663251848	0.003691371230115122	0.016680582159753588	2282.306054902023	2856.9912714926063	0.01501387856263066	79.8849502158141	574.6852165905834	292.7717242146203	1.7703314743078882	0.029360765026235806	0.4327853103847346	1.8227009377111558	-4.6139573346652644e-14	-1.6778293556976268e-14	1.8227009377111558	4.413305167135255	331.04984251248686	0.950157487513078	13.7355997379768	NaN	0.13001925771621847	0.517043709390374	-6.152904970646805	-0.47132208506954176	12.037481095247388	0.2052620137397738	1	29.159996231166602	13	23	38	58	93	211	0.018611463118533716	1.0091440255885726	30.190457445901753	1.0133257823751407	2.3016437511065626	1.090389218204253	8.144625707186382	1.090389218204253	0.05224336819546604	1.090389218204253	0.010351407593933805	1.1492800416932132	NaN	NaN	800000009	800000019	800000009	800000019	800000019	800000019	899999999	899999999	89999	89999	89	89	11	1	1	32	2	3	5	NaN	0	0	0	0	0	0	0	0	0	NaN	NaN	NaN	NaN	0	290	0	0	0	0	0	0	15700	18000	0	0	18000	18000	18000	18000	80	NaN	0.32019723471145184	0.652528079953792	0.06136210411550404	0.1112419494637272	83.64221189758956	0.002606433089147912	5.095725062950141e-7	NaN	0.026670471293495188	0.215570988636806	0.0013827712821322358	0.000010351407593933805	NaN	398.67412312232005	23.91444332792107	95961.23452018229	11.430000305175781	19.642194750467937	77.4290799768236	76.17963079537286	78.67852899975247	-2.4988980968130985	0.00028921509893067794	-1	0	2.0641399843181865	49.59661291837829	1.0000598606467248	-273.1903688981798	9.000658876630995	-273.1499938964844	067
DATA	2025-07-28T020000_AIU-0547.ghg	2025-07-28	02:30:00	209.104	0	18000	18000	0.044461319469811245	0	NaN	41.66306885453654	0	NaN	5.374089044542586	1	NaN	-11.925185360936387	0	NaN	0.12197058610059104	1	NaN	0.02135407600940915	2	NaN	NaN	NaN	NaN	NaN	NaN	NaN	NaN	NaN	NaN	-1.8070868161505185e-10	-1.0744653264253914e-11	-9.89448049221537e-13	NaN	15.377327311510316	399.8140155583445	409.54996466020685	0.1	1	914.3116347065314	23.772310931439026	24.351195113222694	0.1	1	0.0841966549400559	2.0756514594981077	2.126196053175392	0.2	0	NaN	NaN	NaN	NaN	9	298.8156414972941	296.375280812921	95523.45921944552	1.112766673841603	1018.7915168542703	0.02579538162471634	0.0079036939793183	0.016606734358751395	2271.4224954602837	2839.5030660504185	0.01492382432825741	79.99366236359444	568.0805705901348	292.6947798235472	1.566437020226377	-0.03631891509377711	0.41799959889347155	1.621655840986151	4.417850319693302e-14	-1.1751631343620219e-14	1.621655840986151	3.4074565384875855	333.32820391782474	358.6717960821751	14.937247997939936	NaN	0.19988910260777143	0.39852318543012455	-16.22494269120136	-0.17873714904229793	7.7525825324471676	0.18385384107248823	1	16.810821534655126	7	14	23	37	62	154	0.04403496781761038	1.0096821156760414	41.740799144533085	1.0134611877182913	4.9358593903503625	1.088784874028009	-10.952747090266438	1.088784874028009	0.11202450457394336	1.088784874028009	0.0066340492563980525	1.1485074326325788	NaN	NaN	800000009	800000019	800000009	800000019	800000019	800000019	899999999	899999999	89999	89999	89	89	1	7	1	13	5	0	5	NaN	0	0	0	0	0	0	0	0	0	NaN	NaN	NaN	NaN	0	387	0	0	0	0	100	0	16300	601	0	30	18000	18000	18000	18000	80	NaN	0.27613452177090175	0.4565303490832264	0.06438150000612093	0.12941838557963448	76.91365894174488	0.005574503305191544	7.519666208529241e-7	NaN	0.03681894404674198	-0.2894121317004139	0.0029601021921011996	0.0000066340492563980524	NaN	399.8137982331008	23.77229020738475	95954.43691189235	11.436857585906981	19.545027725855512	77.81081262418961	76.62784812842472	78.99377848476831	-2.365929728560966	0.00028943692572647715	-1	0	2.057909400695065	53.43397921174387	1.0000543413112561	-273.1499938964844	9.000605654292636	-273.1499938964844	197
DATA	2025-07-28T023000_AIU-0547.ghg	2025-07-28	03:00:00	209.124	0	18000	18000	0.04101356777300159	1	NaN	27.01994933239854	0	NaN	5.697073776352077	1	NaN	-4.793890095450709	0	NaN	0.12924656294896258	1	NaN	0.034528867630544344	0	NaN	NaN	NaN	NaN	NaN	NaN	NaN	NaN	NaN	NaN	3.8446153642303506e-11	2.2275849601465966e-12	2.0976069604797207e-13	NaN	15.525322827393325	403.4369764955291	413.09315029712036	-0.1	0	899.5431884678361	23.37529391287663	23.934776344672308	0.1	1	0.08470554825698225	2.083687408930984	2.1335600010359568	0.1	0	NaN	NaN	NaN	NaN	9	298.293295360989	295.9402433529	95545.84158113602	1.114832434922538	1018.5558248528704	0.025751483712105228	0.008375177279092774	0.016357224625826085	2234.011218273227	2765.7424805063615	0.014672361615458951	80.77437556168341	531.7312622331347	292.42780230716716	1.091450805064442	-0.45847560846711843	0.31556837793514664	1.225172699903033	7.827658296458528e-14	2.4763513177624886e-15	1.225172699903033	3.0922119866914275	354.7853628796711	337.21463712032886	14.925954504419275	NaN	0.19180458180192167	0.1925408882892593	-22.10535147202212	-0.1311899520652461	4.742776799653773	0.12405981255870278	1	12.088298705899618	5	10	17	27	47	123	0.040551834954869415	1.0113862373588283	27.17689488976105	1.0142101121578266	5.2435730096510795	1.0864869747911023	-4.4122849207395465	1.0864869747911023	0.11895822586719244	1.0864869747911023	0.022996667870525803	1.147922858290078	NaN	NaN	800000009	800000019	800000009	800000019	800000019	800011019	899999999	899999999	89999	89999	89	89	6	0	1	60	28	3	0	NaN	0	0	0	0	0	0	0	0	0	NaN	NaN	NaN	NaN	0	1559	0	0	0	0	100	0	16500	0	0	15	18000	18000	18000	18000	80	NaN	0.07033908222092561	0.26497620113350323	0.04976649322408979	0.08031856252624567	37.158191517652384	0.03076531307895898	0.0000012193247515016392	NaN	0.023933455280479316	-0.11634316852055879	0.0031366915708276014	0.000022996667870525802	NaN	403.43632527416094	23.375250911770923	95923.44948090278	11.439806816577912	19.26877368736266	78.05386386235556	76.91147516759234	79.19625305981106	-2.2847773775921842	0.00028859700980602706	-1	0	2.0723828436796303	40.509099859952805	1.0000610695911778	-273.1499938964844	9.0007301419576	-273.1499938964844	243
DATA	2025-07-28T030000_AIU-0547.ghg	2025-07-28	03:30:00	209.145	0	18000	18000	0.017114467369778875	1	NaN	22.036327270448275	0	NaN	6.984980999180581	1	NaN	4.672658133780513	0	NaN	0.15842657579597666	1	NaN	0.04119089169764361	0	NaN	NaN	NaN	NaN	NaN	NaN	NaN	NaN	NaN	NaN	4.8516552386989006e-12	2.76699778768682e-13	2.6789975774766043e-14	NaN	15.439488516393483	400.8377002907176	410.2154680666015	0.2	0	880.5454729576707	22.86059036262699	23.395423556921937	0.8	0	0.08525410462592639	2.094409423498382	2.1434090190627355	0	0	NaN	NaN	NaN	NaN	9	297.9798928977119	295.6922150217563	95526.33110024463	1.1157587704593022	1018.2564733239149	0.025735156447190155	0.010266042111579287	0.016007201908336193	2184.3741022280146	2724.442945357037	0.014346471954459141	80.17690757483466	540.0688431290223	292.0674619025828	1.1630252157896712	-0.40036933103645195	0.299561661080294	1.2659622595426712	-1.3410855638615909e-14	3.1423678534087867e-16	1.2659622595426712	2.5340405687775105	350.99593186803963	341.00406813196037	13.687585986914037	NaN	0.12385015065434274	0.1495154869967779	-7.295410156187831	-0.39751020681685373	3.1548156355805967	0.15660844790067763	1	20.126053952792365	9	16	27	41	66	154	0.016925651957965096	1.0111555768890146	22.299793379437624	1.0140927597299971	6.427967167125839	1.086654741315955	4.300039337353698	1.086654741315955	0.14579292738751568	1.086654741315955	0.03047816860425637	1.1479073834056035	NaN	NaN	800000009	800000019	800000009	800000019	800000019	800010019	899999999	899999999	89999	89999	89	89	15	10	2	64	8	3	0	NaN	0	0	0	0	0	0	0	0	0	NaN	NaN	NaN	NaN	0	1023	0	0	0	0	100	0	16800	0	0	10	18000	18000	18000	18000	80	NaN	0.07968776510097245	0.16725361313768142	0.05208959575490198	0.05595679621545695	22.279220237769987	0.014774920254758898	0.0000010870977094122778	NaN	0.019627878008009074	0.1132518844881157	0.003839807610187226	0.000030478168604256372	NaN	400.8371835550293	22.86056000044635	95902.62702951388	11.430000305175781	18.908423440085535	78.2193321414523	77.10106266106496	79.33760029432511	-2.236538159966466	0.00028853238556217147	-1	0	2.0848515118339552	36.31823416842739	1.0000768302066458	-273.1499938964844	9.000792123715083	-273.1499938964844	081
DATA	2025-07-28T033000_AIU-0547.ghg	2025-07-28	04:00:00	209.166	0	18000	18000	0.024647919716717044	1	NaN	14.75633175731303	1	NaN	-2.660296787088189	2	NaN	7.854488757479112	0	NaN	-0.06033549190884402	2	NaN	NaN	NaN	NaN	NaN	NaN	NaN	NaN	NaN	NaN	NaN	NaN	NaN	-8.690631929067534e-11	-4.833758008704619e-12	NaN	NaN	15.561495186706885	403.7377723025662	413.01238986034986	0.1	1	865.535470839272	22.456027435205005	22.97188470845647	0.1	1	NaN	NaN	NaN	NaN	0	NaN	NaN	NaN	NaN	9	297.75382689412436	295.6445799643362	95220.58689845105	1.1126635934509563	1017.9317586206788	0.025997795197773763	-0.0039097398756930924	0.015565074585647572	2123.5893384321275	2714.069751824168	0.01398902118956914	78.24372741359467	590.4804133920406	291.6162849247876	1.3353027737662229	-0.7567104641262543	0.2999100912093436	1.5638383186746587	-1.1518588960047199e-14	-5.584702385469581e-15	1.5638383186746587	2.911419636409931	1.5400454301928903	330.4599545698071	11.056575888459504	NaN	0.14883607079354808	0.12693214546295944	-18.863781346483833	-0.15373375818632215	-5.5468742543813985	0.0875361964380812	1	24.707024081682068	11	20	34	54	91	227	0.02440703696063111	1.0098693977673112	14.508508470776848	1.0135249327962317	-2.444292864139321	1.0883707210858	7.216740220320495	1.0883707210858	-0.05543652612103626	1.0883707210858	NaN	1	NaN	NaN	800000009	800000019	800000009	800000019	800000019	800000019	899999999	899999999	89999	89999	89	89	12	15	0	43	10	0	2	NaN	0	0	0	0	0	0	0	0	0	NaN	NaN	NaN	NaN	0	2289	0	0	0	0	100	0	17500	0	0	10	18000	18000	18000	18000	80	NaN	0.0833149216801458	0.10888216201657369	0.0616672072291994	0.05244710782861906	18.562206162854753	0.004796352404058116	NaN	NaN	0.012809737357255272	0.19189902562258662	-0.001474102575643978	NaN	NaN	403.73751443883793	22.456009378141275	95890.028375217	11.4370523525344	18.620914550463365	77.85230724843342	76.66717765129933	79.0374391852485	-2.3702618945042397	0.00028910241765778565	-1	0	2.117581288127145	33.92444843289613	1.000079074455632	-293.57974475437044	9.000690050178104	-273.1499938964844	082
DATA	2025-07-28T040000_AIU-0547.ghg	2025-07-28	04:30:00	209.187	0	18000	18000	0.027537700277626365	0	NaN	19.058676420440815	0	NaN	2.0353552544348354	0	NaN	3.931837642301504	0	NaN	0.04616465247388436	0	NaN	NaN	NaN	NaN	NaN	NaN	NaN	NaN	NaN	NaN	NaN	NaN	NaN	-5.571334475675144e-11	-3.1043123574783172e-12	NaN	NaN	15.542166794774536	403.2118453549857	412.4788885887017	0.2	0	865.9997107274917	22.466709182191682	22.98306297414786	0.1	1	NaN	NaN	NaN	NaN	0	NaN	NaN	NaN	NaN	9	297.81846700625954	295.70776451412826	95221.74813220122	1.1124350022789251	1017.9390342161097	0.02600312201003071	0.0029914694803077064	0.015569288420196847	2124.6181120123215	2724.5014560451673	0.01399568369235212	77.98190407636541	599.8833440328458	291.6240147167611	1.2607464607668342	-0.6784358398420924	0.321799446754922	1.4674166794234609	-9.208341716024394e-16	-3.584657499331621e-15	1.4674166794234609	3.1721583459566656	0.28568747807503314	331.71431252192497	12.667720624788746	NaN	0.1573354228692452	0.2501427620003407	-17.253393885892432	-0.16808287222673565	9.363808297796597	0.10697192504375146	1	20.701483344895543	9	17	29	45	76	189	0.02725908380436766	1.0102210505407399	19.056089670136156	1.0136609834425638	1.8711958905451678	1.0877296517799857	3.614719554502679	1.0877296517799857	0.042441292648719715	1.0877296517799857	NaN	1	NaN	NaN	800000009	800000019	800000009	800000019	800000009	800000019	899999999	899999999	89999	89999	89	89	7	27	1	15	25	10	2	NaN	0	0	0	0	0	0	0	0	0	NaN	NaN	NaN	NaN	0	3726	0	0	0	0	100	0	16200	0	0	10	18000	18000	18000	18000	80	NaN	0.1281049082898043	0.2942601344355233	0.07792048127535381	0.11029885633228263	33.70345707339422	0.0019263704608541395	NaN	NaN	0.016828188735830377	0.09613907951102822	0.0011287920810961654	NaN	NaN	403.2079104904546	22.466689515401274	95896.21706987848	11.449999809265137	18.629586809635164	78.10791148037382	76.96487163162229	79.25095077345108	-2.2860788940323746	0.00028833209960107026	-1	0	2.301358839792473	33.49061437637007	1.0000851620899307	-343.0391218312583	9.000584286530813	-273.1499938964844	130
DATA	2025-07-28T043000_AIU-0547.ghg	2025-07-28	05:00:00	209.208	0	18000	18000	0.052242308638175944	0	NaN	32.8380488107443	0	NaN	0.7023129646204097	2	NaN	7.19796509086569	0	NaN	0.015933457406043544	2	NaN	NaN	NaN	NaN	NaN	NaN	NaN	NaN	NaN	NaN	NaN	NaN	NaN	-1.557947491817482e-11	-8.770974009417626e-13	NaN	NaN	15.479908288905253	401.80071687802786	411.1000815310527	0.1	0	871.4919725039279	22.62068306673984	23.144221158390323	0.1	1	NaN	NaN	NaN	NaN	0	NaN	NaN	NaN	NaN	9	298.0962518488566	295.9691868942633	95221.74813220122	1.1113888795103208	1018.0309048566883	0.02602737595649413	0.0010324880399116216	0.01566138348053974	2139.073471643962	2768.0100096973156	0.014091722320849714	77.27838642743461	628.9365380533536	291.7322808502009	2.3678732808132246	0.3933987417305114	0.5380923435175108	2.4599044319113768	-8.486791551825051e-14	-1.0064319909014532e-15	2.4599044319113768	4.9879618909037005	322.567034040713	9.432965959286964	12.635344597913072	NaN	0.2168094245863814	0.6700188528025636	-26.203495659117294	-0.11067225677544165	46.757002169955385	0.13386658300865537	0	54.71166372630429	-8.302706049416242	18.78074369033501	46.766707261960036	71.32217937641083	100.03037068185499	149.86372320150917	0.05181730963788958	1.0082018731434794	32.675891245738036	1.0135033151728003	0.6404367980272753	1.096615570472731	6.563799826189572	1.096615570472731	0.014529665486306126	1.096615570472731	NaN	1	NaN	NaN	800000009	800000019	800000009	800000019	800000019	800000019	899999999	899999999	89999	89999	89	89	5	0	0	33	26	0	2	NaN	0	0	0	0	0	0	0	0	0	NaN	NaN	NaN	NaN	0	1861	0	0	0	0	100	0	17000	0	0	15	18000	18000	18000	18000	80	NaN	0.6044392271746666	0.622919326961997	0.1126791514684636	0.09346569635498923	31.70423898617984	0.00857281089139616	NaN	NaN	0.028880215709595997	0.17476441586466898	0.00038685952781369816	NaN	NaN	401.7996191998324	22.620661475114126	95888.29415386285	11.449999809265137	18.73726718139649	78.5646941439312	77.50717608981671	79.62221080229008	-2.115036015537056	0.00028853578174958887	-1	0	2.129744602562661	51.3817828139261	1.000077356217636	-400.04862422519165	9.000547533406152	-303.4716201697365	118
DATA	2025-07-28T050000_AIU-0547.ghg	2025-07-28	05:30:00	209.229	1	18000	18000	0.0338078739175914	1	NaN	26.027311689639706	1	NaN	6.242357970774199	1	NaN	21.248103982128782	1	NaN	0.14159519951014984	1	NaN	0.013341710664420447	1	NaN	NaN	NaN	NaN	NaN	NaN	NaN	NaN	NaN	NaN	-1.6464397175619974e-10	-9.304803249672774e-12	-8.967205849603456e-13	NaN	15.411421588230283	399.9764652425911	409.2268526577553	0.1	0	870.9717346261874	22.60454648830317	23.127329278120744	0.1	1	0.08393710886744306	2.0626389098565165	2.1103422391066324	0.2	0	NaN	NaN	NaN	NaN	9	298.024515346951	295.7802914235484	95539.88932678691	1.1156937885290015	1018.1119195100299	0.025739168845843624	0.00917536892825771	0.015825450197635264	2160.2151692351367	2739.046549944193	0.014184402889345202	78.8674135267672	578.8313807090562	291.8894758537107	2.9126830471274436	0.19847933993263164	0.4959436989898475	2.9612626924964647	1.4030404678584461e-13	-1.0683243645864472e-14	2.9612626924964647	5.523185322924033	328.1017126679635	3.8982873320364164	9.641164804719361	NaN	0.17407500744648485	0.6622118277744247	-17.151575759914103	-0.16908067460353995	4.169467981729941	0.13162923382218183	1	45.974835402133785	20	37	63	97	162	396	0.033541795627630655	1.0079327383934555	26.214846710505615	1.0140379096639953	5.663192431381146	1.1022683842038907	19.27670636899846	1.1022683842038907	0.1284580067243936	1.1022683842038907	0.0039962608609393595	1.1568625106356514	NaN	NaN	800000009	800000009	800000009	800000019	800000019	800001019	899999999	899999999	89999	89999	89	89	4	2	3	41	34	4	7	NaN	0	0	0	0	0	0	0	0	0	NaN	NaN	NaN	NaN	0	169	0	0	0	0	0	0	16100	0	0	0	18000	18000	18000	18000	80	NaN	0.5436068550297233	0.6351999484831621	0.14561685203596397	0.07783619180345848	34.39278924900004	0.006374768894856719	3.75039109588032e-7	NaN	0.023078457869824088	0.5076445529883267	0.0033828915662818364	0.00000399626086093936	NaN	399.9720648687094	22.604527459037815	95915.67737977431	11.449999809265137	18.73043856647279	79.68920178561741	78.85174200693766	80.52666171942818	-1.6749192425409962	0.00028877111982567136	-1	0	2.044505504984547	56.29667326033922	1.0000596304635208	-558.2782558695478	9.000503487149874	-452.57650143093656	040
DATA	2025-07-28T053000_AIU-0547.ghg	2025-07-28	06:00:00	209.249	1	18000	18000	0.07650377293642553	0	NaN	47.267525106990014	0	NaN	19.085200819304454	0	NaN	11.302772351219721	0	NaN	0.43290733719026037	0	NaN	-0.0006029513331517477	1	NaN	NaN	NaN	NaN	NaN	NaN	NaN	NaN	NaN	NaN	1.0409636074045953e-10	5.854369890934472e-12	5.695287348305142e-13	NaN	15.38841145561197	399.19502385781163	408.36305705626353	0.1	0	865.4428651897188	22.45069195176673	22.966301307697297	0.1	1	0.08419259275756491	2.0687123728343133	2.1162230445077874	-0.1	0	NaN	NaN	NaN	NaN	9	298.00935201009116	295.77637571387197	95559.94895309549	1.1160082957725703	1018.0240345543261	0.0257334250868232	0.02805239544992887	0.01572124482215504	2145.9624542182582	2738.395851890467	0.014087032221630411	78.36567721707513	592.4333976722087	291.7836516086879	2.7765875607592245	0.5311131296770205	0.5670951565034833	2.883247570987953	8.883270727173187e-14	6.764594320910026e-15	2.883247570987953	5.474445822822531	321.17111771158943	10.828882288410592	11.343246566222065	NaN	0.26182295218186474	0.7596367228551267	-32.13937640596064	-0.090231993408004	2.476658514338475	0.15890212088292605	0	58.677807477342014	-8.90458366511674	20.1421924958381	50.15690728752528	76.49244832416618	107.28174639542308	160.7276053940945	0.07589988337270072	1.0079563964645302	48.058921665959154	1.0139389502081677	17.32884643180026	1.1013543743039405	10.262611757785145	1.1013543743039405	0.39306815979539667	1.1013543743039405	-0.015748452010325906	1.1562270186910155	NaN	NaN	800000009	800000009	800000009	800000019	800000019	800001019	899999999	899999999	89999	89999	89	89	2	0	1	25	9	0	4	NaN	0	0	0	0	0	0	0	0	0	NaN	NaN	NaN	NaN	0	2	0	0	0	0	0	0	16000	0	0	0	18000	18000	18000	18000	80	NaN	0.6091259734505483	0.7721987144858375	0.13794875777386767	0.12854803495009484	50.760256064906734	0.009894148530763128	1.3389816493796036e-7	NaN	0.04230079871222667	0.2701590350797345	0.010347357697745467	-0.000015748452010325906	NaN	399.19446443551124	22.45066952362307	95937.36395811632	11.449999809265137	18.62497640842862	79.76128582043124	78.93920113966189	80.58337091022061	-1.6441693622801237	0.00028838236002290304	-1	0	2.049604853610197	63.880028752750434	1.000054614232646	-563.7692561001237	9.000481909575285	-462.46837684631254	046
DATA	2025-07-28T060000_AIU-0547.ghg	2025-07-28	06:30:00	209.27	1	18000	18000	0.11105904041377963	0	NaN	35.32667243389153	0	NaN	28.15087262839037	0	NaN	7.312536758986071	1	NaN	0.6385972347883409	0	NaN	0.017453788406625762	2	NaN	NaN	NaN	NaN	NaN	NaN	NaN	NaN	NaN	NaN	-2.9802256936581556e-10	-1.6835481294607648e-11	-1.6430207981419937e-12	NaN	15.28599500648504	396.59837532319057	405.6874331738119	0.1	1	863.5154161269492	22.404090211804036	22.917536773100924	0.1	1	0.08427283802496603	2.0714180436519696	2.118889842839828	0	1	NaN	NaN	NaN	NaN	9	298.05173185136584	295.86422139369984	95589.15764246041	1.1160377895342146	1017.9992790827455	0.025733202356148583	0.041381100814284484	0.015688747437901142	2142.1625694322665	2753.026232400783	0.014057541406773457	77.81119352299773	610.8636629685166	291.7553339944998	2.2264300378527464	0.8411815720467453	0.5287986176221917	2.4380740613449836	6.791939806079828e-14	-1.9496445552898606e-14	2.4380740613449836	5.062507156680483	311.30261749509714	20.697382504902837	12.526547086250252	NaN	0.3154550674134936	0.5594649593345769	-75.22788984046804	-0.03854953270854576	1.2549050574817462	0.09856865997517696	0	76.85298344129374	-11.662736737924055	26.381142256409976	65.69277433760884	100.1856258298534	140.51176473259056	210.5122281653234	0.11015348498067527	1.0082208514171225	36.74418194412696	1.0134862813506011	25.676184086618196	1.0963806979037016	6.66970585396821	1.0963806979037016	0.5824593920791834	1.0963806979037016	0.003591507366133008	1.1528675321467712	NaN	NaN	800000009	800000009	800000009	800000019	800000019	800001019	899999999	899999999	89999	89999	89	89	3	0	4	25	30	0	9	NaN	0	0	0	0	0	0	0	0	0	NaN	NaN	NaN	NaN	0	63	0	0	0	0	0	0	16600	0	0	0	18000	18000	18000	18000	80	NaN	0.48350053385850567	0.5334270188374132	0.10200236597323502	0.09510064877259013	26.0660138250792	0.025649946176192463	1.6349295295483245e-7	NaN	0.03234165292663236	0.17556737275380138	0.0153321401936005	0.000003591507366133008	NaN	396.5952019027301	22.404052518726665	95968.26916210937	11.446473617447745	18.59657025962406	80.69229660203722	80.05941976080999	81.32517334832085	-1.2657540616823528	0.000288221627502935	-1	0	2.052587824948452	70.50241627355838	1.0000638539004656	-531.8326297590436	9.000472766492102	-404.97437443203773	134
DATA	2025-07-28T063000_AIU-0547.ghg	2025-07-28	07:00:00	209.291	1	18000	18000	0.05522200759992846	1	NaN	22.910713270042617	0	NaN	16.280502618933664	1	NaN	4.462633001019819	0	NaN	0.3691473629894836	1	NaN	0.00030639961500762236	0	NaN	NaN	NaN	NaN	NaN	NaN	NaN	NaN	NaN	NaN	2.6585981627444963e-10	1.4673738579506897e-11	1.4556238583449401e-12	NaN	15.533826187576457	402.6688296325535	411.8214414664273	0.1	0	857.3665167235775	22.224709333450104	22.72987418029301	0.1	1	0.08505011523320147	2.085769086629574	2.133178355537809	-0.9	0	NaN	NaN	NaN	NaN	9	297.498413895501	295.38113584336674	95595.41339593925	1.118012664672072	1017.8872757900328	0.025689504089806775	0.023920749121718536	0.015589606854637728	2125.1501725043486	2673.407067546931	0.013944034220050956	79.49220297582092	548.2568950425825	291.6280111181694	1.5671488692867548	-0.10753749724012733	0.37998739347776145	1.6161405604158643	-1.9444818053383758e-14	1.7114895780607954e-14	1.6161405604158643	3.873194695147008	335.9254734003357	356.07452659966424	13.598711964839225	NaN	0.2222453761131105	0.5106216037368769	-40.5630772874557	-0.07149358958761338	1.4072485233593617	0.09058566301482	0	74.19625181311206	-11.259567463611264	25.469172260167692	63.42184010043579	96.72230783082391	135.6544119951805	203.2350286391263	0.05469154111422468	1.0096992418735447	23.718542868336904	1.013466747052161	14.95346060998588	1.0887448092157066	4.098878785226579	1.0887448092157066	0.33905774784396386	1.0887448092157066	-0.007638054139092454	1.1484899004180327	NaN	NaN	800000009	800000009	800000009	800000019	800000019	800000019	899999999	899999999	89999	89999	89	89	0	0	0	32	9	0	1	NaN	0	0	0	0	0	0	0	0	0	NaN	NaN	NaN	NaN	0	3	0	0	0	0	0	0	13700	0	0	0	18000	18000	18000	18000	80	NaN	0.366530002596106	0.5994294401863367	0.055283764691311195	0.13998871878444152	30.8905129908624	0.02697742085549331	2.5640302133248764e-7	NaN	0.02084210580629599	0.10769223392503881	0.008908262041442768	-0.000007638054139092454	NaN	402.66919506612817	22.22467083732012	95972.34599739584	11.4399995803833	18.468891886075355	80.10716553794018	79.3585610822042	80.85577141359111	-1.4972102327413215	0.00028838893866405777	-1	0	2.06667127203279	61.42586588223813	1.0000727933297555	-441.63487597147764	9.000476793448131	-307.549495340982	242
DATA	2025-07-28T070000_AIU-0547.ghg	2025-07-28	07:30:00	209.312	1	18000	18000	0.07183856938270451	0	NaN	32.53864134574126	0	NaN	13.959735808038737	1	NaN	2.746175374242425	0	NaN	0.3165563562048464	1	NaN	0.02066653830127278	1	NaN	NaN	NaN	NaN	NaN	NaN	NaN	NaN	NaN	NaN	-2.9722097109399647e-10	-1.6256002628476436e-11	-1.615857376509803e-12	NaN	15.644209197411936	405.38926043930945	414.581394708662	0.1	0	855.6337895590049	22.172085835670842	22.674834205995783	0.1	1	0.08505056267818373	2.0866547963933137	2.133969347946678	0.9	0	NaN	NaN	NaN	NaN	9	297.61901712375214	295.4807077000936	95609.29159982639	1.1178205993004189	1017.8592505927022	0.02569443369689227	0.020512851882074044	0.015549710039057606	2120.426049351424	2689.651221548174	0.0139107384930903	78.83646892071376	569.22517219675	291.59249664918525	2.0730160987809847	0.290580670144507	0.46638206830768003	2.144608380405544	1.238377639014823e-14	-1.8998785259351208e-14	2.144608380405544	4.325182290084726	324.0206740512938	7.97932594870623	12.56031531068657	NaN	0.25350865041207227	0.49242624175741123	-42.39279090445537	-0.06840785751841637	2.3308923458998296	0.11280979114312976	0	63.97334309676878	-9.708201625671926	21.959978510699827	54.68345148745876	83.39571383684228	116.96367443219653	175.23289787146354	0.07122917056090342	1.008555467050961	33.15205237660045	1.013323652103126	12.76772690864397	1.09336108987323	2.5116820048542525	1.09336108987323	0.28952590240937653	1.09336108987323	0.008152191442605528	1.1509666457885626	NaN	NaN	800000009	800000009	800000009	800000009	800000009	800000019	899999999	899999999	89999	89999	89	89	8	3	1	12	12	2	5	NaN	0	0	0	0	0	0	0	0	0	NaN	NaN	NaN	NaN	0	0	0	0	0	0	0	0	15900	0	0	0	18000	18000	18000	18000	80	NaN	0.41251942468065844	0.46813130996581365	0.10420174886835043	0.13983808493125144	39.93707885381323	0.016034287763747965	7.653558000463251e-7	NaN	0.02913738572867879	0.06599999686728461	0.007607933096262096	0.000008152191442605528	NaN	405.38686751619935	22.172057641268488	95987.80927408855	11.446858070691427	18.433902419673075	79.68123535749649	78.84592572402958	80.51654454718695	-1.670618182321388	0.0002877963094894464	-1	0	2.0675844611856666	65.20292010646408	1.0000579690535862	-565.788006184895	9.000497095218412	-469.73587715148943	023
DATA	2025-07-28T073000_AIU-0547.ghg	2025-07-28	08:00:00	209.333	1	18000	18000	0.04497790160250373	0	NaN	34.7940516121584	0	NaN	19.13047630742433	1	NaN	7.384575884353078	1	NaN	0.43381773510641486	1	NaN	0.02693114123161227	2	NaN	NaN	NaN	NaN	NaN	NaN	NaN	NaN	NaN	NaN	2.66129559583383e-10	1.4688641585993264e-11	1.4517468489888242e-12	NaN	15.476327696795352	401.05206197728586	410.13050441634914	0.1	0	854.1938406296515	22.13549672922442	22.636568415343113	0.1	1	0.0844239550199293	2.071371247834472	2.1182599847996517	0.9	0	NaN	NaN	NaN	NaN	9	297.57298302374943	295.49896860334604	95637.44693012153	1.1180962804711623	1017.8388203511265	0.025688456810890083	0.02811138923489568	0.015527661347329622	2117.550251830092	2692.6396452990493	0.013887588768997884	78.6421701666252	575.0893934689575	291.5708433178719	2.3118707751830567	0.6558012367564331	0.464487948379107	2.4475642580872483	9.606879367567241e-14	1.7195911381386025e-14	2.4475642580872483	4.362734733984519	316.16311541360335	15.836884586396604	10.939688115533158	NaN	0.20056723788182299	0.388402335241356	-19.63707034426685	-0.14767987022293633	1.8187760227723762	0.15243573745727657	0	55.4893907131344	-8.42072912015763	19.047712197704502	47.43149659289247	72.33602505176916	101.4523036570808	151.99403790851042	0.044611528716222336	1.0082125158411837	35.68483931964397	1.0134935831219054	17.44706732828617	1.0964866442859953	6.734761360601642	1.0964866442859953	0.3956434283692585	1.0964866442859953	0.012914317067915257	1.1529340354651647	NaN	NaN	800000009	800000009	800000009	800000009	800000009	800000019	899999999	899999999	89999	89999	89	89	4	1	0	49	15	0	6	NaN	0	0	0	0	0	0	0	0	0	NaN	NaN	NaN	NaN	0	0	0	0	0	0	0	0	16671	0	0	0	18000	18000	18000	18000	80	NaN	0.32136426892407427	0.3623548760994083	0.09308552545922945	0.08596089760387318	22.01112267472456	0.016599637549909323	3.9499606427575025e-7	NaN	0.031356352065608904	0.17692295432012026	0.010393598296432714	0.000012914317067915257	NaN	401.05027471059435	22.13546819552838	96015.12770138889	11.450192591455247	18.411984172609113	80.38074967871773	79.68424097781713	81.07725908448961	-1.3930180533793166	0.00028833761418193003	-1	0	2.0524423354532977	64.33658420785255	1.000060065979759	-546.165755360922	9.000491688264741	-435.90162573072183	031
DATA	2025-07-28T080000_AIU-0547.ghg	2025-07-28	08:30:00	209.354	1	18000	18000	0.03732500440502559	1	NaN	25.451000513570442	1	NaN	32.68600020693614	1	NaN	10.051471746714357	0	NaN	0.7413654260951853	1	NaN	0.0241108873371174	0	NaN	NaN	NaN	NaN	NaN	NaN	NaN	NaN	NaN	NaN	1.8917276606374276e-10	1.0572218457840528e-11	1.0411391591973143e-12	NaN	15.406730187637683	399.1995329324588	408.3088610140613	0.1	0	861.0294211685184	22.30989564855104	22.818984818661246	0.1	1	0.08479312560314327	2.0825320132256437	2.130053279619816	-0.3	0	NaN	NaN	NaN	NaN	9	297.59576818847654	295.7106209632027	95664.97374283854	1.117543274062866	1017.9426763852874	0.02569945933709215	0.048040479610968	0.015643298997145533	2134.848078255656	2727.4891278594414	0.013997935793818342	78.2715522657685	592.6410496037852	291.7007005003654	1.8388330645329098	0.07672726392872478	0.3881567534693129	1.8809199285226263	-4.368777503426661e-14	1.2278579799854901e-14	1.8809199285226263	4.24303866100975	329.6106587282734	2.389341271726645	11.909438707236195	NaN	0.1827543652566703	0.42469676317684363	-20.314437573896324	-0.14275561356059624	0.7786514211723465	0.12241916957864744	1	24.1968440756903	11	20	34	53	90	227	0.03699149425195242	1.0090158605327377	27.202963088184248	1.0133080777748906	29.962606486211072	1.0908930844176854	9.213984294418545	1.0908930844176854	0.6795949453570176	1.0908930844176854	0.012280407214454772	1.1495477579752114	NaN	NaN	800000009	800000009	800000009	800000009	800000009	800000009	899999999	899999999	89999	89999	89	89	14	13	2	33	3	0	2	NaN	0	0	0	0	0	0	0	0	0	NaN	NaN	NaN	NaN	0	0	0	0	0	0	0	0	16900	0	0	0	18000	18000	18000	18000	80	NaN	0.3778778108585734	0.39524372428239785	0.07627199121271602	0.15869185281709597	41.073295388242094	0.05257707813097267	5.150368250194732e-7	NaN	0.02391269590180073	0.2421993053514673	0.01786387065859711	0.000012280407214454772	NaN	399.19928231486506	22.30983326677359	96048.52144487847	11.460000038146973	18.542226212183614	80.21947977913749	79.49402368164066	80.94493455166288	-1.4509108489983649	0.0002878118066922374	-1	0	2.0633572939325266	59.3083017748729	1.0000616745981905	-523.9998794301424	9.000509750101301	-420.23612507288857	029
DATA	2025-07-28T083000_AIU-0547.ghg	2025-07-28	09:00:00	209.374	1	18000	18000	0.05381473541850737	1	NaN	3.100047651601815	2	NaN	55.72796396760097	0	NaN	16.373940978701995	0	NaN	1.2661558133483075	0	NaN	0.01307745752472884	1	NaN	NaN	NaN	NaN	NaN	NaN	NaN	NaN	NaN	NaN	7.928919162002629e-11	4.544751908973203e-12	4.2910288980198933e-13	NaN	15.358625345618927	399.9532151534189	409.3371845136628	0.3	0	880.3361521606935	22.9247908943162	23.46266764387487	0.1	1	0.08311890163761736	2.0583430180269504	2.1066372361560073	0.8	0	NaN	NaN	NaN	NaN	9	298.7560694181655	297.4762885726044	95685.58810353928	1.1108889397798327	1018.330012168038	0.0258473393142175	0.08204689670497033	0.015982486010326927	2194.1605013679614	3033.9042284588004	0.014387114173172432	72.3213501858817	839.743727090839	292.13907039045284	1.6877310351913108	0.1676874996644054	0.41049096498369914	1.7450094489787107	3.815230027925668e-14	5.16251876947071e-15	1.7450094489787107	5.281612264849014	326.3258988064889	5.6741011935111185	13.605599506999352	NaN	0.2200975880093408	0.7532736841062728	-291.4164404912009	-0.009951394626575858	0.05562822380168268	0.012450703756467594	0	52.33514526317433	-7.942060203969361	17.964961805969946	44.735295023724504	68.22414753869108	95.68533697956477	143.35407094667286	0.05331711647754862	1.0093331930500835	6.354372275897995	1.013363573765044	51.138679327553156	1.089741946808062	15.025521433457275	1.089741946808062	1.1618859098311993	1.089741946808062	0.00755016566317403	1.1489519750706143	NaN	NaN	800000009	800000009	800000009	800000019	800000019	800001019	899999999	899999999	89999	89999	89	89	10	5	2	1	8	0	3	NaN	0	0	0	0	0	0	0	0	0	NaN	NaN	NaN	NaN	0	2	0	0	0	0	0	0	12000	0	0	0	18000	18000	18000	18000	81	NaN	0.6914919640906926	0.6852974350559822	0.1297579690658707	0.3515866148716824	160.7742043390084	0.1820605033104222	2.1932847450539331e-7	NaN	0.005617116979494987	0.3974844428640134	0.030736475641533666	0.0000075501656631740295	NaN	399.95021520988604	22.924606950158932	96081.88890842014	11.45294765451219	18.98116649606493	82.58174509684241	82.32909696239913	82.83439342286836	-0.5052965728751937	0.0002894905470667355	-1	0	2.0389592794603772	65.27294950644189	1.0000684009856649	-273.1499938964844	9.000740571869745	-273.1499938964844	086
DATA	2025-07-28T090000_AIU-0547.ghg	2025-07-28	09:30:00	209.395	1	18000	18000	0.07297466976621263	0	NaN	-13.98791524616887	1	NaN	109.84604249700593	0	NaN	28.972190582918678	0	NaN	2.49810337096362	0	NaN	0.0068648936588227615	2	NaN	NaN	NaN	NaN	NaN	NaN	NaN	NaN	NaN	NaN	-2.531683655051541e-10	-1.483025057617051e-11	-1.3760778848858876e-12	NaN	15.213648824721506	398.0457368804625	407.5485318973	0.1	1	891.1943788802026	23.31696539942909	23.87362590870119	0.1	1	0.08269266049234429	2.057189391997532	2.1063019619654293	0	1	NaN	NaN	NaN	NaN	9	299.4422081010606	298.4535348803929	95706.04768546493	1.1073225669946887	1018.5748438278216	0.025926707339858454	0.16187709843844256	0.016206135171315094	2232.1731986620307	3216.0808816429935	0.014635423908409181	69.40662504488023	983.9076829809628	292.4145849405587	1.779880367873147	0.3168294081494074	0.38774397864645666	1.848972793414064	-4.019048154979143e-14	-1.6640870866807885e-14	1.848972793414064	5.222254554374977	321.90672622164806	10.093273778351927	12.105227925302819	NaN	0.2567136689899863	0.8447301705904783	102.50293140537023	0.02829187380535798	-0.12734109420965384	-0.048309984885999635	0	55.70363101415131	-8.453240912381318	19.121253960237386	47.6146259799185	72.61530892175388	101.84400325577919	152.58087528437275	0.07246178089254177	1.0070780605631464	-7.5314430127199845	1.0130042260194554	99.34838937518266	1.105665055949519	26.20340620065816	1.105665055949519	2.2593672084701164	1.105665055949519	0.0035418238052192822	1.180752558194834	NaN	NaN	800000009	800000009	800000009	800000019	800000019	800001019	899999999	899999999	89999	89999	89	89	15	8	2	0	15	0	3	NaN	0	0	0	0	0	0	0	0	0	NaN	NaN	NaN	NaN	0	3	0	0	0	0	0	0	12229	0	0	0	18000	18000	18000	18000	86	NaN	0.8147724449704105	0.7236533545781869	0.15103454163235933	0.2784704418295767	128.6304953778023	0.3135681861803378	1.5361936027917963e-7	NaN	-0.006677456960579971	0.6955914768673095	0.059976804591375	0.0000035418238052192824	NaN	398.04074421794786	23.316658311542195	96100.88364105903	11.4399995803833	19.2549041612413	83.61343080605397	83.54722753270464	83.6796333546109	-0.1324045901132746	0.0002908713510421674	-1	0	2.037563109878037	67.39973740588277	1.0000563366413115	-273.1499938964844	9.000640459828906	-273.1499938964844	198
DATA	2025-07-28T093000_AIU-0547.ghg	2025-07-28	10:00:00	209.416	1	18000	18000	0.05677951549767383	1	NaN	8.852385319939486	1	NaN	109.87400443705081	1	NaN	15.364066191808401	1	NaN	2.500874659368842	1	NaN	0.009644939215106342	2	NaN	NaN	NaN	NaN	NaN	NaN	NaN	NaN	NaN	NaN	7.466085442648358e-11	4.512001614053787e-12	4.123132466102099e-13	NaN	14.891626109541036	390.8038422957742	400.25693642729505	0.1	1	899.9500683225608	23.617564797001265	24.188846445287556	0.1	1	0.08223874151582516	2.0542995858519264	2.1039907230867163	0	1	NaN	NaN	NaN	NaN	9	300.5461251127456	299.3326677008734	95722.37626671007	1.1041321221334193	1018.765830610861	0.025998642076445762	0.16205667792710093	0.016369644371523124	2261.3358407381616	3388.0448041460254	0.01482580213307577	66.74456719022473	1126.7089634078638	292.62318032149835	2.372996257437845	0.9264713405965239	0.4199054690425239	2.5818173803916684	1.466884591846311e-15	5.013613280194331e-15	2.5818173803916684	6.507825411591688	310.67320340100974	21.32679659899026	9.360135156876744	NaN	0.22676985311332415	1.0274830704523572	-111.66638617415511	-0.025970214487618094	0.0805685145025474	0.03470400325518036	0	43.743362658646895	-6.638224046422891	15.015680867522992	37.39116847816027	57.02389117016437	79.9768181699715	119.81984730299685	0.05632283557916408	1.0081082550942924	15.25836649857843	1.0136091107277803	100.07241695826697	1.097944946037142	13.993475945458432	1.097944946037142	2.277777832481812	1.097944946037142	-0.0005699087257202397	1.153897075506329	NaN	NaN	800000009	800000009	800000009	800000009	800000009	800011019	899999999	899999999	89999	89999	89	89	7	0	1	33	26	0	8	NaN	0	0	0	0	0	0	0	0	0	NaN	NaN	NaN	NaN	0	0	0	0	0	0	0	0	15000	0	0	0	18000	18000	18000	18000	87	NaN	1.088988477575147	0.7503138489487584	0.21566381438080884	0.14825873332124412	55.005899844970486	0.3900661936513199	5.5813560909770644e-8	NaN	0.013564776018192793	0.3726139676052653	0.060651966587317016	-5.699087257202397e-7	NaN	390.7969737959752	23.61718650112955	96113.88135677083	11.433141744136808	19.4619835534626	83.94112316258749	83.92342199198404	83.95882629691229	-0.03540416703193713	0.00029158537967628533	-1	0	2.034496440397368	70.17820155408637	1.00005311628845	-273.1499938964844	9.000598361704085	-273.1499938964844	133
DATA	2025-07-28T110000_AIU-0547.ghg	2025-07-28	11:30:00	209.479	1	18000	18000	0.05025720336820774	1	NaN	9.988112686410174	1	NaN	144.6767791507627	1	NaN	3.608275072584511	2	NaN	3.2954484037840555	1	NaN	-0.0027577167669348784	1	NaN	NaN	NaN	NaN	NaN	NaN	NaN	NaN	NaN	NaN	-3.002594362040978e-10	-1.8297515954685816e-11	-1.592001134454951e-12	NaN	15.223887663185124	401.13306715980923	411.1843266703566	0.1	1	927.7288032344369	24.444656224957296	25.05717013487457	0.1	1	0.08071835056045004	2.023897820808187	2.0746109728397797	0.3	0	NaN	NaN	NaN	NaN	9	301.929258281284	300.08733246188694	95734.18090711806	1.1011436596631523	1019.2548525480763	0.026060974862350594	0.21354505656520678	0.01690238815115981	2340.8168722165738	3541.9992716271295	0.015349848317094586	66.0874464590515	1201.1823994105557	293.1799536357076	2.18721530442719	0.5999308613890599	0.4070529857685509	2.3042395621095677	4.843633141347909e-15	-1.9722914596262717e-14	2.3042395621095677	6.763090794549967	316.6615858285586	15.33841417144143	10.174921289259444	NaN	0.21363734287034025	0.794178450897786	-82.77219450075879	-0.035035920184204074	0.06903742774092243	0.04165618519330062	0	46.05826304371573	-6.989519110799931	15.810311259647833	39.36991051003643	60.04159761989573	84.20919437348795	126.16071809578597	0.04984082652829024	1.0083541319219729	18.51286534965778	1.0133960257167407	132.12827022581877	1.0949721729006021	3.295312120148334	1.0949721729006021	3.009618404323783	1.0949721729006021	-0.014042481938116988	1.1519638780038846	NaN	NaN	800000009	800000009	800000009	800000009	800001019	800011019	899999999	899999999	89999	89999	89	89	7	5	1	44	48	6	9	NaN	0	0	0	0	0	0	0	0	0	NaN	NaN	NaN	NaN	0	0	0	0	0	0	0	0	7600	0	0	0	18000	18000	18000	18000	100	NaN	0.8599294145100678	0.5601707341879941	0.1682567530975102	0.044174133291763076	14.082817641489093	0.6052716278401494	9.153115107722692e-8	NaN	0.01649479308973736	0.0880315238897142	0.08039945376926137	-0.000014042481938116988	NaN	401.12920414442954	24.444066027958243	96121.04847352431	11.423526268111337	20.015854647848375	99.37749972661338	99.26397250959607	99.49102803929648	-0.22705267783295743	0.0002929578045829355	-1	0	2.0037264440615963	91.4105192555322	1.0000291207250622	-273.1499938964844	9.000436428838306	-273.1499938964844	061
