DATAH	filename	date	time	DOY	daytime	file_records	used_records	Tau	qc_Tau	rand_err_Tau	H	qc_H	rand_err_H	LE	qc_LE	rand_err_LE	co2_flux	qc_co2_flux	rand_err_co2_flux	h2o_flux	qc_h2o_flux	rand_err_h2o_flux	ch4_flux	qc_ch4_flux	rand_err_ch4_flux	none_flux	qc_none_flux	rand_err_none_flux	H_strg	LE_strg	co2_strg	h2o_strg	ch4_strg	none_strg	co2_v-adv	h2o_v-adv	ch4_v-adv	none_v-adv	co2_molar_density	co2_mole_fraction	co2_mixing_ratio	co2_time_lag	co2_def_timelag	h2o_molar_density	h2o_mole_fraction	h2o_mixing_ratio	h2o_time_lag	h2o_def_timelag	ch4_molar_density	ch4_mole_fraction	ch4_mixing_ratio	ch4_time_lag	ch4_def_timelag	none_molar_density	none_mole_fraction	none_mixing_ratio	none_time_lag	none_def_timelag	sonic_temperature	air_temperature	air_pressure	air_density	air_heat_capacity	air_molar_volume	ET	water_vapor_density	e	es	specific_humidity	RH	VPD	Tdew	u_unrot	v_unrot	w_unrot	u_rot	v_rot	w_rot	wind_speed	max_wind_speed	wind_dir	yaw	pitch	roll	u*	TKE	L	(z-d)/L	bowen_ratio	T*	model	x_peak	x_offset	x_10%	x_30%	x_50%	x_70%	x_90%	un_Tau	Tau_scf	un_H	H_scf	un_LE	LE_scf	un_co2_flux	co2_scf	un_h2o_flux	h2o_scf	un_ch4_flux	ch4_scf	un_none_flux	un_none_scf	spikes_hf	amplitude_resolution_hf	drop_out_hf	absolute_limits_hf	skewness_kurtosis_hf	skewness_kurtosis_sf	discontinuities_hf	discontinuities_sf	timelag_hf	timelag_sf	attack_angle_hf	non_steady_wind_hf	u_spikes	v_spikes	w_spikes	ts_spikes	co2_spikes	h2o_spikes	ch4_spikes	none_spikes	head_detect_LI-7200	t_out_LI-7200	t_in_LI-7200	aux_in_LI-7200	delta_p_LI-7200	chopper_LI-7200	detector_LI-7200	pll_LI-7200	sync_LI-7200	chopper_LI-7500	detector_LI-7500	pll_LI-7500	sync_LI-7500	not_ready_LI-7700	no_signal_LI-7700	re_unlocked_LI-7700	bad_temp_LI-7700	laser_temp_unregulated_LI-7700	block_temp_unregulated_LI-7700	motor_spinning_LI-7700	pump_on_LI-7700	top_heater_on_LI-7700	bottom_heater_on_LI-7700	calibrating_LI-7700	motor_failure_LI-7700	bad_aux_tc1_LI-7700	bad_aux_tc2_LI-7700	bad_aux_tc3_LI-7700	box_connected_LI-7700	mean_value_RSSI_LI-7200	mean_value_LI-7500	u_var	v_var	w_var	ts_var	co2_var	h2o_var	ch4_var	none_var	w/ts_cov	w/co2_cov	w/h2o_cov	w/ch4_cov	w/none_cov	co2_mean	h2o_mean	air_p_mean	vin_sf_mean	dew_point_mean	avg_signal_strength_7200_mean	co2_signal_strength_7200_mean	h2o_signal_strength_7200_mean	delta_signal_strength_7200_mean	flowrate_mean	hit_power_mean	hit_vin_mean	ch4_mean	rssi_77_mean	ch4_aux-1_mean	ch4_aux-2_mean	ch4_aux-3_mean	ch4_aux-4_mean	CHK
DATAU		[yyyy-mm-dd]	[HH:MM]	[ddd.ddd]	[1=daytime]	[#]	[#]	[kg+1m-1s-2]	[#]	[kg+1m-1s-2]	[W+1m-2]	[#]	[W+1m-2]	[W+1m-2]	[#]	[W+1m-2]	[µmol+1s-1m-2]	[#]	[µmol+1s-1m-2]	[mmol+1s-1m-2]	[#]	[mmol+1s-1m-2]	[µmol+1s-1m-2]	[#]	[µmol+1s-1m-2]	[µmol+1s-1m-2]	[#]	[µmol+1s-1m-2]	[W+1m-2]	[W+1m-2]	[µmol+1s-1m-2]	[mmol+1s-1m-2]	[µmol+1s-1m-2]	[µmol+1s-1m-2]	[µmol+1s-1m-2]	[mmol+1s-1m-2]	[µmol+1s-1m-2]	[µmol+1s-1m-2]	[mmol+1m-3]	[µmol+1mol_a-1]	[µmol+1mol_d-1]	[s]	[1=default]	[mmol+1m-3]	[mmol+1mol_a-1]	[mmol+1mol_d-1]	[s]	[1=default]	[mmol+1m-3]	[µmol+1mol_a-1]	[µmol+1mol_d-1]	[s]	[1=default]	[mmol+1m-3]	[µmol+1mol_a-1]	[µmol+1mol_d-1]	[s]	[1=default]	[K]	[K]	[Pa]	[kg+1m-3]	[J+1kg-1K-1]	[m+3mol-1]	[mm]	[kg+1m-3]	[Pa]	[Pa]	[kg+1kg-1]	[%]	[Pa]	[K]	[m+1s-1]	[m+1s-1]	[m+1s-1]	[m+1s-1]	[m+1s-1]	[m+1s-1]	[m+1s-1]	[m+1s-1]	[deg_from_north]	[deg]	[deg]	[deg]	[m+1s-1]	[m+2s-2]	[m]	[#]	[#]	[K]	[0=KJ/1=KM/2=HS]	[m]	[m]	[m]	[m]	[m]	[m]	[m]	[kg+1m-1s-2]	[#]	[W+1m-2]	[#]	[W+1m-2]	[#]	[µmol+1s-1m-2]	[#]	[mmol+1s-1m-2]	[#]	[µmol+1s-1m-2]	[#]	[µmol+1s-1m-2]	[#]	8u/v/w/ts/co2/h2o/ch4/none	8u/v/w/ts/co2/h2o/ch4/none	8u/v/w/ts/co2/h2o/ch4/none	8u/v/w/ts/co2/h2o/ch4/none	8u/v/w/ts/co2/h2o/ch4/none	8u/v/w/ts/co2/h2o/ch4/none	8u/v/w/ts/co2/h2o/ch4/none	8u/v/w/ts/co2/h2o/ch4/none	8co2/h2o/ch4/none	8co2/h2o/ch4/none	8aa	8U	[#]	[#]	[#]	[#]	[#]	[#]	[#]	[#]	[#_flagged_recs]	[#_flagged_recs]	[#_flagged_recs]	[#_flagged_recs]	[#_flagged_recs]	[#_flagged_recs]	[#_flagged_recs]	[#_flagged_recs]	[#_flagged_recs]	[#_flagged_recs]	[#_flagged_recs]	[#_flagged_recs]	[#_flagged_recs]	[#_flagged_recs]	[#_flagged_recs]	[#_flagged_recs]	[#_flagged_recs]	[#_flagged_recs]	[#_flagged_recs]	[#_flagged_recs]	[#_flagged_recs]	[#_flagged_recs]	[#_flagged_recs]	[#_flagged_recs]	[#_flagged_recs]	[#_flagged_recs]	[#_flagged_recs]	[#_flagged_recs]	[#_flagged_recs]	[#]	[#]	[m+2s-2]	[m+2s-2]	[m+2s-2]	[K+2]	--	--	--	--	[m+1s-1K+1]	--	--	--	--	--	--	--	--	--	--	--	--	--	--	--	--	--	--	--	--	--	--	207
DATA	2025-07-20T233000_AIU-0547.ghg	2025-07-21	00:00:00	202	0	18000	18000	2.7605754939021543e-7	1	NaN	0.00013769419578671375	1	NaN	-0.002452825355278251	1	NaN	0.002592893239042389	1	NaN	-0.000055711957568147465	1	NaN	0.0000035811013364839354	1	NaN	NaN	NaN	NaN	NaN	NaN	NaN	NaN	NaN	NaN	1.1854588831283906e-14	7.215038460243971e-16	6.284874252760673e-17	NaN	15.474249441629052	405.14954856651445	415.39252543686445	-0.1	0	941.8066409028754	24.658548825782358	25.28196540411138	0.3	0	0.08203887395895251	2.0310734771054246	2.0824230064868123	-0.4	0	NaN	NaN	NaN	NaN	9	286.8264480726454	297.16256461418993	95185.9655078125	1.1055235204868838	1019.3135367711811	0.025955607520728428	-0.0000036101348504159554	0.017119501329302945	2347.777375548478	2977.362342075013	0.015485424789301037	78.85427119066206	629.584966526535	293.2279201677671	-0.013555485152510103	0.0008326920159031707	-0.003383597093673112	0.013996188159837794	5.472537527842217e-18	7.660848996910001e-19	0.013996188159837794	0.01704751328059207	155.51517212389686	176.4848278761031	-13.98992831664852	NaN	0.0004997074459793041	0.0000011314414845270262	-0.07652035669685546	-37.89841194139615	-0.056136975056299346	0.0002445254317902558	1	10.096716126092545	5	8	12	18	28	58	2.1976228599620544e-7	1.2561643511252063	0.0000029399529240816257	1.1842148634376686	-0.0018574545260726552	1.3205305006655694	0.001963523930523019	1.3205305006655694	-0.00004218907290673537	1.3205305006655694	0.0000026539038776743667	1.4615675376878765	NaN	NaN	800000009	811110009	800000009	800000009	800000009	800000009	899999999	899999999	89999	89999	89	89	19	18	0	17	8	0	0	NaN	0	0	0	0	0	0	0	0	0	NaN	NaN	NaN	NaN	0	0	0	0	0	0	0	0	14209	0	0	0	18000	18000	18000	18000	80	NaN	9.625140386433332e-7	0.0000011908429066911915	1.0952602371952794e-7	0.000002825029903011086	210.1613700556985	0.17030655618276672	9.059739999338636e-7	NaN	2.608943041763033e-9	0.00005225329248619255	-0.0000011227354716933514	2.653903877674367e-9	NaN	405.14445054178066	24.658373871014952	95578.16306705729	11.454184349483915	20.069832856602137	80.22955693223751	79.75479153908607	80.70432291624287	-0.9495314316915653	0.00029115537452162246	-1	0	2.010610151125327	58.73367827866695	1.0000672180669175	-273.392243906657	9.000643634610705	-273.1499938964844	195
DATA	2025-07-21T000000_AIU-0547.ghg	2025-07-21	00:30:00	202.02	0	18000	18000	2.784649941922446e-7	1	NaN	0.00012404379799748133	2	NaN	-0.0022474504829239285	1	NaN	-0.0015531305347797762	1	NaN	-0.00005102184812936662	1	NaN	-0.00000458904418446767	1	NaN	NaN	NaN	NaN	NaN	NaN	NaN	NaN	NaN	NaN	-2.5229962784228985e-13	-1.5014542464979154e-14	-1.3273951080212364e-15	NaN	15.723145879846813	411.15877589277625	421.4714968490909	0.2	0	935.696352448014	24.468371013015712	25.082088869249954	0.7	0	0.08272238489649726	2.0431137342120507	2.0943592944635423	0.6	0	NaN	NaN	NaN	NaN	9	286.8269416868422	296.65033444071275	95161.07657651987	1.1072232410466019	1019.1944395164793	0.025917643739106617	-0.000003306215758782957	0.01701235103189213	2329.061106122309	2887.0196871708854	0.015364878916207737	80.67354429455436	557.9585810485764	293.0986572525513	-0.013257981041963761	0.0011501497939591157	-0.0033148845267779517	0.013714421799094741	1.0077901626212617e-17	-1.6046383450889152e-17	0.013714421799094741	0.016992062513917886	156.9580820196332	175.0419179803668	-13.987365816112394	NaN	0.0005014962701205222	0.000001123456523579433	-0.08583667981956936	-33.78509054748932	-0.05519311724105289	0.00021918715970602748	1	10.405442518739024	5	8	13	19	29	60	2.2122729916842744e-7	1.2587279926074595	0.0000010332475536923094	1.1860442424156838	-0.001697962947193363	1.3236157400482957	-0.0011733998680939727	1.3236157400482957	-0.00003854732652809413	1.3236157400482957	-0.000003205839538139348	1.4661094835380422	NaN	NaN	800000009	811110009	800000009	800000019	800000019	800001019	899999999	899999999	89999	89999	89	89	10	2	1	14	12	0	0	NaN	0	0	0	0	0	0	0	0	0	NaN	NaN	NaN	NaN	0	1	0	0	0	0	0	0	17901	0	0	0	18000	18000	18000	18000	80	NaN	9.384575063778033e-7	0.0000011997143027522535	1.0874123802880943e-7	0.000002720175307054189	222.2783112094019	0.02784417961067105	6.101005096057338e-7	NaN	9.156134146885434e-10	-0.0000311747599492983	-0.000001024121174610796	-3.205839538139348e-9	NaN	411.15765598406	24.468329296537135	95552.43839930555	11.460000038146973	19.942191693729846	79.17553960122002	78.46985218895804	79.88122655444673	-1.4113742645316618	0.00029047835737259847	-1	0	2.0226858225365505	60.18635737642042	1.0000440660549534	-273.1499938964844	9.00057925637563	-273.1499938964844	124
DATA	2025-07-21T003000_AIU-0547.ghg	2025-07-21	01:00:00	202.041	0	18000	18000	2.453490610885318e-7	1	NaN	-0.000019991629288425624	1	NaN	0.00024522783357460256	2	NaN	0.0008621098267661308	1	NaN	0.000005567037026915557	2	NaN	-3.859144685804068e-7	2	NaN	NaN	NaN	NaN	NaN	NaN	NaN	NaN	NaN	NaN	-2.469013655021714e-14	-1.456183577733888e-15	-1.2958039887741344e-16	NaN	15.726598389605236	411.1836937737674	421.4031140818996	0.1	1	927.528864086333	24.250936850329175	24.85366142402261	-0.5	0	0.08253736823873549	2.038143564908239	2.0887988950040186	0	1	NaN	NaN	NaN	NaN	9	286.82728424919975	296.622534806345	95139.55005643042	1.1071683926084042	1019.0691541880649	0.025921078593678603	3.6074399934412803e-7	0.016858939258686194	2307.8421085921295	2882.185859267706	0.015227077806084963	80.07263310834843	574.3437506755763	292.95100379033937	-0.0130437610689292	0.0013853729499646234	-0.003257893289607534	0.013515651287314143	-9.166698107372288e-18	-1.5699603905785823e-18	0.013515651287314143	0.01694027273443927	158.06263484780547	173.93736515219453	-13.948282636192838	NaN	0.00047074461495113026	9.836368770126113e-7	0.4404181745117677	6.5846510608124635	-0.08152267626808285	-0.00003763964285167685	1	162.5536402897436	71	150	310	584	1271	5523	2.226400564808889e-7	1.10199873718408	-0.000010041124416087383	1.1660392312129693	0.00011776797327857979	2.082296457582036	0.0004140187741409373	2.082296457582036	0.000002673508379003825	2.082296457582036	-1.3491810489066936e-7	3.079442193574123	NaN	NaN	800000009	811110009	800000009	800000019	800000019	800000019	899999999	899999999	89999	89999	89	89	8	3	0	16	2	0	4	NaN	0	0	0	0	0	0	0	0	0	NaN	NaN	NaN	NaN	0	819	0	0	0	0	0	0	17703	0	0	0	18000	18000	18000	18000	80	NaN	8.290353293080837e-7	0.0000010294539296215345	1.0878449509560448e-7	0.0000024634836137399358	159.20218536740174	0.013757686486569302	6.655290063797259e-7	NaN	-8.899487818473473e-9	0.000010998611359890564	7.102305852938032e-8	-1.3491810489066936e-10	NaN	411.18428587286934	24.250907829477583	95530.93640842012	11.460000038146973	19.79473231856028	79.12591280322606	78.40422618103028	79.84759943474666	-1.4433726531399524	0.00029107987450131785	-1	0	2.0124380989789374	57.30454588617255	1.0000714076260726	-273.1499938964844	9.000684286753337	-273.1499938964844	176
DATA	2025-07-21T010000_AIU-0547.ghg	2025-07-21	01:30:00	202.062	0	18000	18000	2.769540439050543e-7	1	NaN	0.00001965466757586627	1	NaN	-0.000335132649675599	1	NaN	0.0003603551290486456	2	NaN	-0.0000076061340571902445	1	NaN	0.0000028772575962091446	1	NaN	NaN	NaN	NaN	NaN	NaN	NaN	NaN	NaN	NaN	1.1355872911774885e-14	6.654861215805454e-16	6.16121012857598e-17	NaN	15.634821107464038	408.51799077547616	418.53791584850177	0.1	1	916.2445319041232	23.94030431558937	24.527500132870955	0.7	0	0.08482784098957039	2.092507541907508	2.143831520919678	0.4	0	NaN	NaN	NaN	NaN	9	286.82697509850397	296.3681129876478	94883.35206468446	1.1052658535134827	1018.8852860601306	0.025968775741602466	-4.928774869059278e-7	0.016612423144284807	2272.145638484183	2838.2739810393364	0.015030250949557775	80.05378105365835	566.1283425551533	292.6999022976564	-0.01324241842712379	0.001174839869975888	-0.0033088183892606244	0.013700006337670871	-5.96488780958757e-18	7.263193376963942e-19	0.013700006337670871	0.01699206251391789	157.06988893037553	174.9301110696245	-13.976238587529501	NaN	0.0005005765247840418	9.940274430535694e-7	-0.5375762120382307	-5.394583940023301	-0.058647426906604155	0.00003486608466735322	1	24.76402599102581	11	19	31	45	70	147	2.2000370773460236e-7	1.2588608017422733	0.0000011471724904767935	1.186139034898156	-0.0002531641569844964	1.323776057667288	0.00027221759070310644	1.323776057667288	-0.00000574578608907122	1.323776057667288	0.000002077452527302761	1.466345905801629	NaN	NaN	800000009	811110009	800000009	800000019	800000019	800001019	899999999	899999999	89999	89999	89	89	1	2	0	2	1	0	4	NaN	0	0	0	0	0	0	0	0	0	NaN	NaN	NaN	NaN	0	1	0	0	0	0	0	0	17901	17998	0	0	18000	18000	18000	18000	80	NaN	8.255698875056903e-7	0.0000010538943956759565	1.0859060292549192e-7	0.0000024303783419430083	105.47208607872767	0.008729773529871475	7.721866178937833e-7	NaN	1.018677421697637e-9	0.000007242593979805337	-1.5287180975509818e-7	2.0774525273027613e-9	NaN	408.51759462236316	23.940281225007396	95507.19374934895	11.448725138505303	19.583079226017002	78.62360969119598	77.79935849126176	79.44786158370972	-1.6485036440359115	0.0002905023851199076	-1	0	2.072558845378151	60.021195479189934	1.0000529616524776	-273.1499938964844	9.00062924671173	-273.1499938964844	111
DATA	2025-07-21T013000_AIU-0547.ghg	2025-07-21	02:00:00	202.083	0	18000	18000	2.6874510542645303e-7	1	NaN	0.00009001882805714337	1	NaN	-0.0014594016080273337	1	NaN	-0.003057698425392642	1	NaN	-0.000033140960395570225	1	NaN	0.0000027744115769055398	1	NaN	NaN	NaN	NaN	NaN	NaN	NaN	NaN	NaN	NaN	-9.85753979821496e-14	-5.883456036346007e-15	-5.391743000931285e-16	NaN	15.406436041915187	403.01537358426816	412.9483949373038	0	0	919.530541949205	24.053904736798277	24.64675544432729	0.1	1	0.0842680277216166	2.085958579181311	2.1373706901493894	-0.1	0	NaN	NaN	NaN	NaN	9	286.82614184146456	296.9452923885444	94082.27805502874	1.0937567910719361	1018.9587967223375	0.026240894799277232	-0.0000021475342336329506	0.016518162741757433	2263.6531919310605	2938.744850206474	0.01510222645161253	77.02789140649682	675.0916582754135	292.639654628377	-0.013726192133345957	0.0006308331703896366	-0.003429745701012301	0.01416225464197012	-5.10113862420287e-17	-6.398325849921589e-18	0.01416225464197012	0.01699206251391789	154.63136801595374	177.36863198404632	-14.014953271441614	NaN	0.0004956897064472618	0.000001028758640864433	-0.11328543449559396	-25.599054396642583	-0.061682012382336206	0.00016294688729409673	1	12.456599169010893	6	10	15	23	35	72	2.141938720544761e-7	1.2546815781830718	0.00000865054628381065	1.1831584436745037	-0.001106650401031624	1.3187557756874921	-0.002318623722272311	1.3187557756874921	-0.000025130476018801296	1.3187557756874921	0.0000020662639556813794	1.4589606425043464	NaN	NaN	800000009	811110009	800000009	800000019	800000019	800000019	899999999	899999999	89999	89999	89	89	20	4	0	16	5	0	1	NaN	0	0	0	0	0	0	0	0	0	NaN	NaN	NaN	NaN	0	102	0	0	0	0	0	0	14816	18000	0	0	18000	18000	18000	18000	80	NaN	8.580099462634446e-7	0.0000010903376217523617	1.0916971371305978e-7	0.0000025166498301374407	240.62503680060613	0.053649688771857315	6.39960456734703e-7	NaN	7.761866138785717e-9	-0.00006234274999283684	-6.757038533642282e-7	2.0662639556813795e-9	NaN	403.01224136776403	24.05383944229269	95491.2708828125	11.430000305175781	19.656053526984323	79.59481646135131	78.95772211710629	80.23191150156651	-1.2741895076666097	0.0002907662776706275	-1	0	2.073757666634189	59.55949270193441	1.0000548442602157	-273.1499938964844	9.000623224134976	-273.14999392101254	197
DATA	2025-07-21T020000_AIU-0547.ghg	2025-07-21	02:30:00	202.104	0	18000	18000	2.3452595750336616e-7	1	NaN	0.00022601351854817042	1	NaN	-0.0049483755745917185	1	NaN	-0.004948697507779447	1	NaN	-0.00011241292589386499	1	NaN	-0.0000025152772405121613	1	NaN	NaN	NaN	NaN	NaN	NaN	NaN	NaN	NaN	NaN	-3.4157551552100645e-14	-2.048939658217997e-15	-1.865156048802655e-16	NaN	15.271681197575624	400.2445135449504	410.0902281833206	0	0	916.0713175136955	24.008654588006777	24.599249471696957	0.1	1	0.08339025271643692	2.06579647956704	2.116613522525663	-0.6	0	NaN	NaN	NaN	NaN	9	286.82612934621176	297.33299723602306	95073.96241438057	1.1038634847604756	1018.944257927399	0.026001088797014158	-0.0000072843575979224505	0.016639147939769564	2283.210206649808	3007.963908935427	0.015073555896615286	75.90550537748564	724.753702285619	292.7781018934331	-0.013752101492602383	0.0006081272341996492	-0.003436095405602826	0.014187912666499498	1.855059347824668e-17	-2.236659547183525e-18	0.014187912666499498	0.01704751328059207	154.5320085816955	177.46799141830442	-14.015519211143587	NaN	0.0004609329714688033	0.000001012010628120115	-0.036551847360613614	-79.33935517373851	-0.04567428545817652	0.00043594414337474275	1	7.787845540727491	4	6	10	14	22	45	2.152504754312752e-7	1.0895490801284906	-0.0000022791127489482136	1.0879034456596532	-0.0034419024721289706	1.4376861676533577	-0.0034421263966508677	1.4376861676533577	-0.0000781901700267099	1.4376861676533577	-0.00000131338437310494	1.8020660595722724	NaN	NaN	800000009	811110009	800000009	800000019	800000019	800000019	899999999	899999999	89999	89999	89	89	27	8	0	14	1	0	1	NaN	0	0	0	0	0	0	0	0	0	NaN	NaN	NaN	NaN	0	70	0	0	0	0	0	0	7516	603	0	0	18000	18000	18000	18000	80	NaN	8.527199017971957e-7	0.0000010623134993363643	1.0898785510667018e-7	0.0000025705524103961357	392.9627291912302	0.2017623269541159	5.51799133250856e-7	NaN	-2.026282608378733e-9	-0.00009170124824652866	-0.0000020830543001076408	-1.31338437310494e-9	NaN	400.23817645009285	24.008450949534435	95468.72115104167	11.444184397909376	19.620170106993783	80.8375882958306	80.47542911783856	81.19974672529435	-0.7243166850358199	0.0002914712162083662	-1	0	2.045593111344178	58.938726076311575	1.000055629859368	-273.1499938964844	9.000612029737896	-273.1499938964844	161
DATA	2025-07-21T023000_AIU-0547.ghg	2025-07-21	03:00:00	202.124	0	18000	18000	2.733030899539456e-7	1	NaN	-0.00008115423681958884	1	NaN	0.0017246080813414664	1	NaN	0.005213455532496652	1	NaN	0.000039158769311914804	1	NaN	0.000010601651873940416	1	NaN	NaN	NaN	NaN	NaN	NaN	NaN	NaN	NaN	NaN	6.972624378414541e-14	4.072431851764482e-15	3.72444853928544e-16	NaN	15.76258197330942	412.7975021208719	422.9958716687835	0.3	0	920.6295565393718	24.109855984356166	24.705502081563882	0.4	0	0.08419631148868549	2.081018412252202	2.132431016967872	0.9	0	NaN	NaN	NaN	NaN	9	286.82635971832275	296.8226518563105	95068.56259426782	1.105655922416026	1018.9919675643557	0.025957934570498713	0.000002537488251412079	0.01673706400261255	2292.704181492672	2917.1406256622613	0.015137678606233594	78.59422892827365	624.4364441695893	292.8449369026438	-0.013601861215869187	0.0007663883240958191	-0.0034010446363956608	0.014041548497862771	-2.298743386236492e-17	4.423529336894931e-18	0.014041548497862771	0.017062778917114007	155.2248849137246	176.77511508627546	-14.017186308074075	NaN	0.0004971784231961235	9.98402193132321e-7	0.1277444358015749	22.701575859668456	-0.047056625616913476	-0.0001448799102201529	1	84.56353075940709	37	75	148	265	536	1986	2.1763980914395942e-7	1.2557587282810347	0.000011221040364783718	1.1839249565998364	0.0013064788377896675	1.3200428751369597	0.003949459241583904	1.3200428751369597	0.000029664770780912646	1.3200428751369597	0.000007556635886561226	1.4608506728585677	NaN	NaN	800000009	811110009	800000009	800000019	800000019	800000019	899999999	899999999	89999	89999	89	89	17	4	0	12	6	0	1	NaN	0	0	0	0	0	0	0	0	0	NaN	NaN	NaN	NaN	0	16	0	0	0	0	0	0	15211	0	0	0	18000	18000	18000	18000	80	NaN	8.437874068799165e-7	0.0000010433967581247164	1.0962022126000914e-7	0.000002494980084599897	382.57567952908687	0.1337447121329524	0.0000013690734639833872	NaN	9.959610800489054e-9	0.00010505330401451834	7.890655385313998e-7	7.556635886561226e-9	NaN	412.793551242848	24.109715876247556	95460.14022764757	11.449999809265137	19.687364554776057	80.409126185947	79.96190643056235	80.85634495841133	-0.8944382671680662	0.00029113658455187554	-1	0	2.0604533503872395	59.48388835709521	1.0000540423823727	-273.1499938964844	9.00061776971817	-273.1499938964844	033
DATA	2025-07-21T030000_AIU-0547.ghg	2025-07-21	03:30:00	202.145	0	18000	18000	2.665409316636738e-7	1	NaN	-0.00005012312479410858	1	NaN	0.001265336241743743	2	NaN	0.0005544481738850344	1	NaN	0.000028710171291776103	2	NaN	-3.637043392521254e-7	2	NaN	NaN	NaN	NaN	NaN	NaN	NaN	NaN	NaN	NaN	2.3867649360892732e-14	1.3751305416742151e-15	1.289389574559425e-16	NaN	15.728262190000855	411.20390156881	421.1823182698656	0.1	0	906.181139914357	23.691442561133645	24.26634733519391	0.3	0	0.08496797060775052	2.092745399948866	2.1435286867081547	0	1	NaN	NaN	NaN	NaN	9	286.82614510260686	296.08918744405116	95055.64145442708	1.1084211316650456	1018.7379742312488	0.02589731095118702	0.0000018604190997070914	0.016485101602675925	2252.609346203416	2790.80526844709	0.014872597726382546	80.7153896286305	538.195922243674	292.5610096273952	-0.01372514328797762	0.0006194660086766801	-0.003437087546025093	0.014162516273969956	2.6073065577539968e-17	1.5175007303773487e-18	0.014162516273969956	0.017047513280592067	154.5842147037198	177.4157852962801	-14.045304484076377	NaN	0.0004903763957625111	9.93206989733363e-7	0.198420176328387	14.615449162793185	-0.03961249440309603	-0.0000905193212655073	1	118.45995250601668	51	107	212	385	797	3089	2.1243750235000246e-7	1.2546792760937895	0.000016221805766154265	1.1831567900033175	0.0009594944916308163	1.3187530025243803	0.00042043367698401437	1.3187530025243803	0.00002177069643581367	1.3187530025243803	-3.1250423958540797e-7	1.4589565733073888	NaN	NaN	800000009	811110009	800000009	800000009	800000019	800000019	899999999	899999999	89999	89999	89	89	19	1	0	19	5	0	13	NaN	0	0	0	0	0	0	0	0	0	NaN	NaN	NaN	NaN	0	0	0	0	0	0	0	0	16801	0	0	0	18000	18000	18000	18000	80	NaN	8.478238350907788e-7	0.0000010336928008993193	1.0489734347662768e-7	0.0000024090399399927144	48.6451748020633	0.0679740382746246	5.367211154071795e-7	NaN	1.436586910522936e-8	0.000011152388717109215	5.77487681377174e-7	-3.1250423958540795e-10	NaN	411.20520192643335	23.691364401942288	95444.96013042534	11.449999809265137	19.40384241294865	79.70117990705708	79.09878468831387	80.3035761854383	-1.2047909990979235	0.0002903482315693206	-1	0	2.072468279672993	59.60471054686437	1.0000611583722963	-273.1499938964844	9.000647790167067	-273.1499938964844	091
DATA	2025-07-21T033000_AIU-0547.ghg	2025-07-21	04:00:00	202.166	0	18000	18000	2.669567615035899e-7	1	NaN	0.000027449392403752678	1	NaN	-0.0001981745798520642	1	NaN	-0.0008327852644217142	1	NaN	-0.000004495051728820044	1	NaN	0.000008013554760502213	1	NaN	NaN	NaN	NaN	NaN	NaN	NaN	NaN	NaN	NaN	-1.0164205549386449e-14	-5.640714943373391e-16	-5.3996901098971864e-17	NaN	15.979550600677161	417.138687844153	427.0240717896938	0.1	0	886.7991642206791	23.14947704027607	23.69807508536343	0.1	1	0.08489066943779644	2.0871879634032493	2.136650300477246	0.1	0	NaN	NaN	NaN	NaN	9	286.82616728719074	295.7491246998333	95029.2615561795	1.1096170753369612	1018.421092326741	0.02587474828793428	-2.912793520275388e-7	0.016122034455026853	2200.4678024568652	2733.871118737234	0.014529367665084841	80.48908331396595	533.4033162803689	292.1850735699959	-0.013711564968883368	0.0006274315157400763	-0.003430893752478166	0.014148205403642089	5.0144274633497054e-18	-6.360758073481567e-19	0.014148205403642089	0.017016941388149524	154.6199866945469	177.3800133054531	-14.033947235065224	NaN	0.0004904942233398322	0.0000010036852942544174	-0.36247067138258043	-8.000647304617672	-0.13851116739716787	0.00004952201668823949	1	21.851231276783157	10	17	27	40	61	128	2.127475624152677e-7	1.2548052653243087	0.000014153841243582005	1.1832472923435626	-0.0001502569244892371	1.3189048060561064	-0.0006314218134604988	1.3189048060561064	-0.000003408169951447447	1.3189048060561064	0.000005782693849048611	1.4591793254523249	NaN	NaN	800000009	811110009	800000009	800000019	800000019	800000019	899999999	899999999	89999	89999	89	89	27	5	0	17	5	0	4	NaN	0	0	0	0	0	0	0	0	0	NaN	NaN	NaN	NaN	0	3	0	0	0	0	0	0	18000	0	0	0	18000	18000	18000	18000	80	NaN	8.527859247679139e-7	0.0000010491111196047022	1.0547354413621903e-7	0.0000025259061405027315	42.09177325889211	0.009520297160300699	0.0000016123512250576931	NaN	1.2524886628435182e-8	-0.000016725163123124068	-9.027594101776211e-8	5.782693849048611e-9	NaN	417.13831959611076	23.149453551578905	95420.4677250434	11.453757673051621	19.02896468353272	78.85696112399627	78.07153872765434	79.64238354195491	-1.57084536003406	0.00029070115823803165	-1	0	2.067408016489613	56.59691794463702	1.000062187847164	-273.1499938964844	9.000710952705807	-273.1499938964844	097
DATA	2025-07-21T040000_AIU-0547.ghg	2025-07-21	04:30:00	202.187	0	18000	18000	2.7023778289173756e-7	1	NaN	6.900437211189772e-9	1	NaN	0.00023321292390947155	2	NaN	0.0005054782393844916	2	NaN	0.00000528892256804812	2	NaN	-0.000004816418048394726	1	NaN	NaN	NaN	NaN	NaN	NaN	NaN	NaN	NaN	NaN	3.2912933162355035e-16	1.7904599686456836e-17	1.7348150150069896e-18	NaN	16.15246800487404	421.30990627951076	431.1924989544435	0.1	1	878.6924949805303	22.919212877997808	23.45682483994645	-0.3	0	0.08513839798491676	2.091408867259246	2.140466678727257	-0.5	0	NaN	NaN	NaN	NaN	9	286.82621488952634	295.5776042268541	95048.11948177083	1.1105788410911615	1018.2861305723077	0.025854611484589896	3.4272218240951816e-7	0.01597410285526964	2179.012424329068	2705.5416513362024	0.014383582924715933	80.53886079532006	526.5292270071345	292.0281103853261	-0.013716950936863823	0.0006369844191617127	-0.0034280874453252188	0.014153171930255792	-2.3418115952632497e-17	2.037641130285693e-20	0.014153171930255792	0.016992062513917886	154.65877733345374	177.34122266654637	-14.017212052664728	NaN	0.0004932854857112413	9.937300237532044e-7	-1466.7781697988462	-0.001977122416812152	0.000029588571231448474	1.2369696609239121e-8	1	86.79693534152563	38	75	143	247	477	1594	2.153698351459239e-7	1.2547615254877167	0.0000108496955108904	1.1832158725639743	0.00017683023288340253	1.3188520995911732	0.00038327136116413904	1.3188520995911732	0.0000040102469182765955	1.3188520995911732	-0.0000034857621150297237	1.4591019802447016	NaN	NaN	800000009	811110009	800000009	800000009	800000019	800000019	899999999	899999999	89999	89999	89	89	18	3	0	20	3	0	1	NaN	0	0	0	0	0	0	0	0	0	NaN	NaN	NaN	NaN	0	0	0	0	0	0	0	0	18000	0	0	0	18000	18000	18000	18000	80	NaN	8.453660481112119e-7	0.0000010370369070728897	1.0505709232230749e-7	0.0000024432279984725663	50.8134433820751	0.016551272710553833	6.204244356098658e-7	NaN	9.59396934927203e-9	0.000010141837417162296	1.0611612650708742e-7	-3.4857621150297237e-9	NaN	421.3095513846157	22.91918382529665	95439.3076234809	11.460000038146973	18.871837015787758	78.53136724768747	77.66931864505347	79.393416460673	-1.7240974067582064	0.0002898088641555255	-1	0	2.0717772281368574	58.97612124831046	1.0000814768440194	-273.1499938964844	9.000825897375742	-273.1499938964844	226
DATA	2025-07-21T043000_AIU-0547.ghg	2025-07-21	05:00:00	202.208	0	18000	18000	2.725433459579247e-7	1	NaN	0.0000040157484393159725	1	NaN	0.00021153832162446067	1	NaN	-0.0008375650112438291	1	NaN	0.000004797378634972312	1	NaN	-0.000003713782579129296	1	NaN	NaN	NaN	NaN	NaN	NaN	NaN	NaN	NaN	NaN	-1.0273660720091353e-15	-5.641543989418488e-17	-5.455466652548189e-18	NaN	15.963559189477113	416.2438502341644	425.98051744095795	0.1	0	876.6020588844214	22.857071645637124	23.391738283499052	0.4	0	0.08476887371203475	2.0822339278314845	2.130940998916341	-0.1	0	NaN	NaN	NaN	NaN	9	286.8261921005249	295.57843045891656	95076.38278580729	1.1109323067374317	1018.2507131654658	0.025846997948708993	3.108701355462058e-7	0.015935484613296136	2173.7506223720325	2705.677500185412	0.014344244484252342	80.34034441366614	531.9268778133796	291.9894092718187	-0.01371023265018852	0.0006305213205891445	-0.0034275346722246872	0.01414623732259979	3.748568364980814e-18	-6.435695572741424e-20	0.01414623732259979	0.01699206251391789	154.63312627904747	177.36687372095247	-14.021916329317353	NaN	0.0004953064612828376	0.0000010015589755717062	-2.5520483435037034	-1.1363421102041484	0.01898355063270778	0.000007167210937834915	1	50.61212871584177	23	39	64	95	148	320	2.1719671399494123e-7	1.2548226027225833	0.000013253734590763749	1.1832597463647168	0.00016038683738515936	1.3189256990987615	-0.0006350357808754108	1.3189256990987615	0.0000036373380534251633	1.3189256990987615	-0.000002689366617804746	1.4592099867507469	NaN	NaN	800000009	811110009	800000009	800000009	800000019	800000019	899999999	899999999	89999	89999	89	89	22	2	0	12	11	1	8	NaN	0	0	0	0	0	0	0	0	0	NaN	NaN	NaN	NaN	0	0	0	0	0	0	0	0	18000	0	0	0	18000	18000	18000	18000	80	NaN	8.462012792613298e-7	0.0000010491240159325759	1.077926559495067e-7	0.0000024045762437222664	27.41955910761007	0.0031521990030509437	2.3463597459028376e-7	NaN	1.1716447477241726e-8	-0.0000167978205026136	9.621403008903695e-8	-2.6893666178047462e-9	NaN	416.2446539286636	22.857055020242246	95469.0981875	11.460000038146973	18.833600592931116	79.04470554563736	78.27925904719031	79.8101526116265	-1.5308935640586805	0.0002894182800680735	-1	0	2.062744776527087	59.033256873263255	1.000083572430743	-273.1499938964844	9.00083607920011	-273.1499938964844	075
DATA	2025-07-21T050000_AIU-0547.ghg	2025-07-21	05:30:00	202.229	1	18000	18000	2.698439436208806e-7	1	NaN	0.000021662763727074384	1	NaN	-0.00016909758915318056	2	NaN	-0.0014767941572599419	1	NaN	-0.000003836634712844704	2	NaN	-0.000001019589379578193	1	NaN	NaN	NaN	NaN	NaN	NaN	NaN	NaN	NaN	NaN	9.618754957145186e-15	5.38736216406648e-16	5.128854788007285e-17	NaN	15.873781157330857	414.2857821606778	424.1271024293435	0.2	0	889.0735691748725	23.203705239056703	23.754907101419207	0	0	0.08464122316795114	2.0838128780093825	2.1333136593432362	0	1	NaN	NaN	NaN	NaN	9	286.8262825741238	296.04926576473696	95102.38350399531	1.1093221224345016	1018.4582279316655	0.025881092617038564	-2.486139293923368e-7	0.016155839390517897	2207.3196056969496	2784.068275157603	0.014563704323377719	79.28396100745755	576.7486694606532	292.234917333213	-0.013657620201352994	0.0006857979023738665	-0.003412808547533736	0.01409426019730814	3.960355500768278e-17	6.059523475730315e-19	0.01409426019730814	0.01704751328059207	154.87461138396222	177.12538861603772	-14.012981547832167	NaN	0.0004932050339826799	0.0000010018305005997173	-0.4672162263873417	-6.2069762054791715	-0.1281080578118161	0.00003887634855872039	1	24.33633947874232	11	19	30	44	68	144	2.1496688669899489e-7	1.2552814424796817	0.000010575028864857219	1.1835893441424403	-0.00012815482239168235	1.3194789395935795	-0.001119225258506072	1.3194789395935795	-0.000002907689238318914	1.3194789395935795	-7.309962250809291e-7	1.4600221831000146	NaN	NaN	800000009	811110019	800000009	800000019	800000019	800000019	899999999	899999999	89999	89999	89	89	27	8	0	13	15	0	10	NaN	0	0	0	0	0	0	0	0	0	NaN	NaN	NaN	NaN	0	104	0	0	0	0	0	0	17802	0	0	0	18000	18000	18000	18000	80	NaN	8.444941382482604e-7	0.0000010531911344229784	1.0597572852819555e-7	0.000002518143318452949	94.5718552593399	0.035233808728098864	1.7648647778786152e-7	NaN	9.36010383286609e-9	-0.000029655064528406368	-7.704232131608237e-8	-7.309962250809291e-10	NaN	414.28388173162426	23.20365812492371	95495.21567599826	11.460000038146973	19.078675209999066	79.56235277472602	78.90876307296753	80.21594251124063	-1.3071783370574221	0.00029015740750926655	-1	0	2.063835753573312	57.11283058616142	1.0000707321961722	-273.1499938964844	9.000728597243628	-273.1499938964844	204
DATA	2025-07-21T053000_AIU-0547.ghg	2025-07-21	06:00:00	202.249	1	18000	18000	2.627377421992688e-7	1	NaN	0.000009169827356613268	2	NaN	-0.00017519406373579045	2	NaN	0.00009134460332073288	2	NaN	-0.000003976013574362664	2	NaN	0.0000036877912106782732	1	NaN	NaN	NaN	NaN	NaN	NaN	NaN	NaN	NaN	NaN	-2.4158080180681058e-14	-1.3681339716864058e-15	-1.2971696306109356e-16	NaN	15.781935555705397	412.3439913049336	422.2033241230005	0.1	1	893.7714425665682	23.35209661967185	23.910455895975062	0.2	0	0.08474120195813847	2.088985215223361	2.138933804079303	0.5	0	NaN	NaN	NaN	NaN	9	286.8265197736952	296.3235386553317	95116.53696025784	1.1083975422018997	1018.5485605571853	0.025901215278787932	-2.5764567961870063e-7	0.016246526804520912	2221.7663667145553	2830.641130464703	0.014657671264992334	78.48986375570013	608.8747637501478	292.33956803135385	-0.01352985927232334	0.000850096913371492	-0.0033780412438791253	0.0139710743801737	8.825854554439585e-18	-1.5307425439300799e-18	0.0139710743801737	0.01699206251391789	155.5952349035899	176.40476509641007	-13.99210677725111	NaN	0.00048687049298787907	0.0000010000683646064813	-1.0619120797591652	-2.7309228845552838	-0.05234097069888311	0.000016682856377211624	1	35.38689890760957	16	27	44	65	101	214	2.1990173594559505e-7	1.194796125958149	-2.5341060755231246e-7	1.1093796989321805	-0.00013977981365599182	1.2533573994236082	0.00007287993302049381	1.2533573994236082	-0.0000031722903428751816	1.2533573994236082	0.000002770271249645304	1.40208088799141	NaN	NaN	800000009	811110019	800000009	800000019	800000019	800001119	899999999	899999999	89999	89999	89	89	26	1	0	5	9	2	2	NaN	0	0	0	0	0	0	0	0	0	NaN	NaN	NaN	NaN	0	344	0	0	0	0	0	0	17703	0	0	0	18000	18000	18000	18000	80	NaN	8.23666376508807e-7	0.0000010678810635040335	1.0858928920012207e-7	0.000002436060215239788	165.07059943000567	0.02460183327677692	4.518965943959812e-7	NaN	-2.2446441285860387e-10	0.000001932826492810384	-8.41313453988976e-8	2.7702712496453043e-9	NaN	412.3455018910828	23.35205885261572	95508.36685894098	11.460000038146973	19.183233972920313	80.30683981196087	79.82219468688966	80.79148461829293	-0.9692899234626008	0.0002908076857905447	-1	0	2.06944448781455	56.49806763900665	1.0000803122785356	-273.1499938964844	9.000775275097952	-273.1499938964844	219
DATA	2025-07-21T060000_AIU-0547.ghg	2025-07-21	06:30:00	202.27	1	18000	18000	2.795725138288344e-7	1	NaN	0.00003933250796948993	1	NaN	-0.000627562231842566	2	NaN	-0.0013898751024062706	1	NaN	-0.00001424365850812271	2	NaN	-4.529191240884699e-7	1	NaN	NaN	NaN	NaN	NaN	NaN	NaN	NaN	NaN	NaN	-1.2275804728577563e-14	-6.963280620175951e-16	-6.593676272134289e-17	NaN	15.81465463588673	413.19856594582967	423.11559917950643	0.1	1	897.0644334581722	23.438117745853738	24.00064775388608	0.1	1	0.08494491019549456	2.09485473623834	2.1451326068583563	0	1	NaN	NaN	NaN	NaN	9	286.82610128445094	296.40972895472265	95142.69323910921	1.1083435794547043	1018.5995630019017	0.02590162631129483	-9.229890713263515e-7	0.01630611467947388	2230.5638114745107	2845.416461980811	0.014712147913101414	78.39147067848633	614.8526505063005	292.40300385416214	-0.013737134160965473	0.0006109619160027538	-0.0034409001960496724	0.01417469306822356	-1.414848801911274e-17	-7.762297066368567e-19	0.01417469306822356	0.01699206251391789	154.54656359467313	177.45343640532695	-14.04887734162694	NaN	0.0005022385342074785	9.996262805531612e-7	-0.27181947077532503	-10.668845729587277	-0.06267507184746758	0.00006936872514989154	1	18.65006376703875	8	14	23	34	52	109	2.2284290795020705e-7	1.2545721845063307	0.000004274614541128027	1.1830798622785115	-0.0004759220449677763	1.3186240025612954	-0.0010540344326408263	1.3186240025612954	-0.00001080191053739036	1.3186240025612954	-3.045631005147615e-7	1.458767316350464	NaN	NaN	800000009	811110009	800000009	800000019	800000019	800000119	899999999	899999999	89999	89999	89	89	29	9	0	21	1	0	8	NaN	0	0	0	0	0	0	0	0	0	NaN	NaN	NaN	NaN	0	6	0	0	0	0	0	0	17901	0	0	0	18000	18000	18000	18000	80	NaN	8.542519505875801e-7	0.0000010359484399186053	1.0905217060013699e-7	0.0000024849778044237124	193.46166386245417	0.04155262352777611	5.026411570743742e-7	NaN	3.786335239588626e-9	-0.000027956632604362206	-2.8650396511469156e-7	-3.045631005147615e-10	NaN	413.19606374209457	23.4380642671414	95534.18941579861	11.463757901933457	19.24654195965661	80.32731982506645	79.85495379638671	80.79968673409357	-0.9447320707440403	0.00029022415204316436	-1	0	2.0747576222861257	58.40637992245177	1.0000779260396957	-273.1499938964844	9.000780244032542	-273.1499938964844	033
DATA	2025-07-21T063000_AIU-0547.ghg	2025-07-21	07:00:00	202.291	1	18000	18000	2.3271244525949087e-7	1	NaN	0.000027846422193597002	1	NaN	-0.0007751484436421368	1	NaN	-0.0013284027038630835	1	NaN	-0.00001759550970516483	1	NaN	-0.0000035944425862828365	1	NaN	NaN	NaN	NaN	NaN	NaN	NaN	NaN	NaN	NaN	-1.9853137485102534e-14	-1.1350642485694362e-15	-1.0676100602407769e-16	NaN	15.741400827773466	411.43724620429936	421.34868122708866	0.1	1	899.9837590111118	23.5231186529986	24.089785536498958	0.1	1	0.08464998491358934	2.0887869546702005	2.1391053844396426	-0.1	0	NaN	NaN	NaN	NaN	9	286.82615177663166	296.53376449478117	95168.13795918084	1.1081403281023177	1018.6507393284314	0.025905536988304355	-0.000001140189028894681	0.0163627801107238	2239.25189573905	2866.79766539334	0.01476598197517542	78.1098688187962	627.5457696542903	292.4654362278247	-0.013725199980402582	0.0006390537718349719	-0.0034335158603110644	0.014162575167968103	-3.905418524000567e-17	-1.2612052575444552e-18	0.014162575167968103	0.016953714156300478	154.66580153681235	177.3341984631878	-14.03035054607962	NaN	0.0004582605000472074	0.000001001347903476577	-0.2917162572329608	-9.941166897956249	-0.035923986459621755	0.00005383155357995764	1	21.25478119011349	10	16	26	39	59	124	2.1470659697473593e-7	1.0838625758987446	-0.000004117206324619474	1.105908104827874	-0.00048014868536338964	1.6143925148008753	-0.0008228498903978958	1.6143925148008753	-0.000010899152185015625	1.6143925148008753	-0.0000017320547537923625	2.1521891973137466	NaN	NaN	800000009	811110009	800000009	800000019	800000019	800000119	899999999	899999999	89999	89999	89	89	14	5	0	17	3	0	1	NaN	0	0	0	0	0	0	0	0	0	NaN	NaN	NaN	NaN	0	6	0	0	0	0	0	0	17006	0	0	0	18000	18000	18000	18000	80	NaN	8.476581657573206e-7	0.0000010479825356717168	1.0705510552411638e-7	0.000002507097220973034	259.07377246834557	0.04501788718015014	3.5457991325922537e-7	NaN	-3.647393050100638e-9	-0.000021830016073454802	-2.891519706843113e-7	-1.7320547537923624e-9	NaN	411.43539248223396	23.523061586158835	95560.7804594184	11.470000267028809	19.308945463392458	80.6048791071574	80.20159300698174	81.00816479619343	-0.8065715390361036	0.0002900447560467809	-1	0	2.0687004209756834	57.77491583471832	1.0000593386325571	-273.1499938964844	9.000672436449262	-273.1499938964844	097
DATA	2025-07-21T070000_AIU-0547.ghg	2025-07-21	07:30:00	202.312	1	18000	18000	2.7509759266149337e-7	1	NaN	0.00010151089922947846	1	NaN	-0.0016953555191620636	1	NaN	-0.00011373862921792877	2	NaN	-0.0000384798312495313	1	NaN	-0.0000010211032705476136	1	NaN	NaN	NaN	NaN	NaN	NaN	NaN	NaN	NaN	NaN	-3.22133804166758e-15	-1.875800265383668e-16	-1.747669055288981e-17	NaN	15.59344916392395	407.6564110255436	417.568666128458	0.1	1	908.0138657162917	23.73802420286254	24.31521947116702	0.1	1	0.08459897165869672	2.086693552366413	2.137431964061271	0	1	NaN	NaN	NaN	NaN	9	286.8260595940484	296.42783051723904	95174.32695681424	1.1085175367856277	1018.7716607054283	0.025894598488083908	-0.000002493493064969628	0.016519244492691855	2259.856496816277	2848.5280986583357	0.01490210478815948	79.33418307794385	588.6716018420589	292.6126557613992	-0.01376321360567171	0.0005789014921497768	-0.003446399445697251	0.014199959325021405	2.861269726019155e-17	-2.065827776653975e-19	0.014199959325021405	0.017047513280592067	154.4085270804536	177.59147291954628	-14.046239828498539	NaN	0.0004981637373936763	9.813168853264797e-7	-0.10280932934223302	-28.20755682926831	-0.05987587740868101	0.00018043514806519748	1	11.859606891401969	5	9	15	21	33	69	2.1931480666707128e-7	1.2543502960067014	0.0000074879350573490025	1.182920471237929	-0.0012859610491108605	1.3183568198541216	-0.00008627302374065478	1.3183568198541216	-0.000029187721161702763	1.3183568198541216	-6.759570238732626e-7	1.4583754294434805	NaN	NaN	800000009	811110009	800000009	800000009	800000019	800000019	899999999	899999999	89999	89999	89	89	16	11	0	27	3	0	1	NaN	0	0	0	0	0	0	0	0	0	NaN	NaN	NaN	NaN	0	0	0	0	0	0	0	0	18000	0	0	0	18000	18000	18000	18000	80	NaN	8.421233122167322e-7	0.0000010118687697011198	1.0864168873510744e-7	0.000002510623816457837	129.18890031853917	0.02798755721429625	1.8807062165459092e-7	NaN	6.630444519407555e-9	-0.00000228834056477662	-7.741869176684368e-7	-6.759570238732626e-10	NaN	407.6551090157609	23.73798296712385	95565.96359548612	11.4629078824785	19.456200862248735	80.4871696412828	80.06528647062517	80.9090517565409	-0.8437661788099439	0.00029049261123064856	-1	0	2.0664482335646945	57.999477817545994	1.0000677436391512	-273.1499938964844	9.000687322775523	-273.1499938964844	010
DATA	2025-07-21T073000_AIU-0547.ghg	2025-07-21	08:00:00	202.333	1	18000	18000	2.706500950414673e-7	1	NaN	0.0001981877328628874	1	NaN	-0.003360393988506599	1	NaN	-0.0003040743937764876	1	NaN	-0.00007630623084447945	1	NaN	0.000004211914691513358	1	NaN	NaN	NaN	NaN	NaN	NaN	NaN	NaN	NaN	NaN	1.465622990244895e-14	8.504761621632124e-16	7.89752292117834e-17	NaN	15.688797031410468	410.5616372792267	420.5816568708583	0.3	0	910.3942812743448	23.824195439670152	24.405640181176775	-0.2	0	0.08453922665376286	2.0897762988935575	2.140778627303505	0.8	0	NaN	NaN	NaN	NaN	9	286.8260227440728	296.8966994665263	95161.31312510418	1.1065792095572369	1018.8302217215589	0.025939103594751888	-0.000004944643758722268	0.01655076504900832	2267.7498589554393	2930.16812502666	0.014956692576603344	77.39316524490575	662.4182660712208	292.66874215870905	-0.01378521105282319	0.0005637358964692482	-0.003447164807636809	0.014220857468621798	2.2081004470849522e-17	9.341844293801355e-19	0.014220857468621798	0.017047513280592067	154.34176322708683	177.65823677291306	-14.028353965259877	NaN	0.0004945529978189841	0.0000010035458911814043	-0.05151798825344988	-56.29101792044069	-0.058977528688820356	0.0003554508895642127	1	8.570538197919847	4	7	11	15	24	49	2.1580066648836936e-7	1.2541670952441386	0.000012183186308309424	1.1827888705119218	-0.0025493523931016315	1.3181363226204388	-0.00023068508814929814	1.3181363226204388	-0.00005788948345857248	1.3181363226204388	0.0000031492612914433154	1.4580521183040707	NaN	NaN	800000009	811110009	800000009	800000019	800000019	800000119	899999999	899999999	89999	89999	89	89	17	4	0	28	0	0	0	NaN	0	0	0	0	0	0	0	0	0	NaN	NaN	NaN	NaN	0	3	0	0	0	0	0	0	16407	0	0	0	18000	18000	18000	18000	80	NaN	8.462736583691752e-7	0.0000010542489499006493	1.0656917409298425e-7	0.0000025077908468845764	294.7058111702374	0.11735109740296344	0.0000018518404866088332	NaN	1.0806288556100983e-8	-0.0000061298421294729485	-0.0000015382589200049452	3.1492612914433153e-9	NaN	410.5579355778998	23.824070644876745	95555.62666427952	11.460000038146973	19.511671015315585	80.7495338346693	80.38234003490867	81.11672720760768	-0.7343875585678411	0.00029086214854841177	-1	0	2.069425553176141	57.67362691942837	1.0000739599234527	-273.1499938964844	9.00068907101949	-273.3518689049614	146
DATA	2025-07-21T080000_AIU-0547.ghg	2025-07-21	08:30:00	202.354	1	18000	18000	2.699923319277603e-7	1	NaN	0.000167251139519149	1	NaN	-0.0028703590179577974	1	NaN	-0.0007594047145823699	1	NaN	-0.00006520709614952426	1	NaN	7.588427818994026e-7	1	NaN	NaN	NaN	NaN	NaN	NaN	NaN	NaN	NaN	NaN	-2.329966878210409e-14	-1.426482543852808e-15	-1.2929187716981123e-16	NaN	14.980586202322616	392.780777712399	402.45883995610177	-0.1	0	917.1608795876476	24.04733424356728	24.639857123530565	-0.6	0	0.0831285684494419	2.0592658033756575	2.110005818550206	0.2	0	NaN	NaN	NaN	NaN	9	286.82593835279675	297.3449643249511	95175.60011631945	1.1049827732312671	1018.9669959273366	0.02597436769903546	-0.000004225419830489171	0.016683099874259418	2289.333392598393	3010.1229027578383	0.015098063316836644	76.0544823768137	720.7895101594454	292.82123528069457	-0.013829772885630115	0.0005048309131202124	-0.003459212156762886	0.014264768524741222	1.9795962741368587e-17	-1.555324235475623e-18	0.014264768524741222	0.017047513280592067	154.0905508696176	177.9094491303823	-14.034163463238505	NaN	0.0004943083665114406	9.905732796679325e-7	-0.06096629717831953	-47.56726477118706	-0.0582683693826373	0.00030050762710864034	1	9.33499969826684	4	7	12	17	26	54	2.153421341643248e-7	1.2537831157637394	0.000008583154575921903	1.1825130404672508	-0.0021783521579411707	1.3176744666806601	-0.0005763219473284462	1.3176744666806601	-0.00004948649897860339	1.3176744666806601	6.458066919270123e-7	1.457375198796731	NaN	NaN	800000009	811110009	800000009	800000009	800000019	800001019	899999999	899999999	89999	89999	89	89	25	16	0	29	2	0	0	NaN	0	0	0	0	0	0	0	0	0	NaN	NaN	NaN	NaN	0	0	0	0	0	0	0	0	14607	0	0	0	18000	18000	18000	18000	80	NaN	8.488720559184295e-7	0.000001025119084420815	1.0715541899662052e-7	0.0000024591563437105575	184.39171905637022	0.2081677535319096	6.865822098102228e-8	NaN	7.62309459494084e-9	-0.000015338548311418257	-0.0000013170608179418762	6.458066919270123e-10	NaN	392.77891069004585	24.047125411004515	95569.74455490451	11.460000038146973	19.663163636419487	81.44100999450681	81.22691784328882	81.6551007156372	-0.4281823507712951	0.0002912907932606888	-1	0	2.0390666375160214	56.87062230447494	1.0000705533739593	-273.1499938964844	9.000697381178538	-273.1499938964844	030
DATA	2025-07-21T083000_AIU-0547.ghg	2025-07-21	09:00:00	202.374	1	18000	18000	2.7836124648059345e-7	1	NaN	0.000025412239902537434	1	NaN	-0.0003567072141604461	1	NaN	0.0018087167709044236	1	NaN	-0.000008100181277135391	1	NaN	0.0000012866562465838975	1	NaN	NaN	NaN	NaN	NaN	NaN	NaN	NaN	NaN	NaN	1.2483624890680381e-14	7.777422618324852e-16	6.993257630910489e-17	NaN	14.924120837845674	391.03158387222885	400.7956295516788	0.1	0	929.7875895768611	24.361657062907085	24.969966831733952	0.1	1	0.08360409964882101	2.067312889283763	2.118933623559994	-0.1	0	NaN	NaN	NaN	NaN	9	286.82585806359185	296.92766645728216	95211.85744032118	1.1068244625223853	1019.1388285385109	0.025928037592095065	-5.248917467583733e-7	0.016931364984179863	2320.140805599003	2935.6313170038857	0.015297245008114762	79.03379392910095	615.4905114048825	293.0367290993478	-0.013858261843108469	0.00047863832358659305	-0.003471330430255168	0.014294427267749396	-1.532398198348621e-17	8.364730509969804e-19	0.014294427267749396	0.01699206251391789	153.97810226495338	178.02189773504665	-14.054516608610683	NaN	0.0005014931574244012	0.000001004948301474144	-0.41913733744893666	-6.918973188241207	-0.07124117173337309	0.00004492269861640754	1	23.07983110263379	10	18	29	42	65	136	2.2206286883812679e-7	1.2535244993322385	0.0000050142080507482346	1.1823287729375476	-0.000270773153858349	1.31736551086247	0.0013729802063212277	1.31736551086247	-0.000006148772842726282	1.31736551086247	9.373839370359079e-7	1.4569214615108732	NaN	NaN	800000009	811110009	800000009	800000009	800000019	800001019	899999999	899999999	89999	89999	89	89	28	5	0	24	19	0	1	NaN	0	0	0	0	0	0	0	0	0	NaN	NaN	NaN	NaN	0	0	0	0	0	0	0	0	14812	0	0	0	18000	18000	18000	18000	80	NaN	8.512066007971789e-7	0.0000010477995927866509	1.1089040936445802e-7	0.0000024801750321248404	193.98207522301624	0.03116962836323729	6.71273096339802e-8	NaN	4.445189219782369e-9	0.00003648782471441735	-1.6340756018275418e-7	9.37383937035908e-10	NaN	391.0217378935197	24.361612037537036	95602.4416015625	11.460000038146973	19.88005120182037	81.18302906968859	80.9255442682902	81.44051387490165	-0.5149691267791731	0.00029125958796066695	-1	0	2.0467430639068285	58.06801147354979	1.000064334601164	-273.1499938964844	9.000638215727276	-273.1499938964844	155
DATA	2025-07-21T090000_AIU-0547.ghg	2025-07-21	09:30:00	202.395	1	18000	18000	2.9090846860572713e-7	1	NaN	0.00017831028624106708	1	NaN	-0.0031901868699486815	2	NaN	-0.0015881239559696245	2	NaN	-0.00007248973769098502	2	NaN	-0.000004439034113100052	1	NaN	NaN	NaN	NaN	NaN	NaN	NaN	NaN	NaN	NaN	-2.7869720859831836e-14	-1.7183059760470585e-15	-1.534112254177778e-16	NaN	15.211852023334462	398.9544737779621	409.0152317769629	0.1	1	937.8858284911026	24.59751426686942	25.21780970076314	0.7	0	0.08373492047195638	2.076950480432059	2.129326622405503	0.4	0	NaN	NaN	NaN	NaN	9	286.8257514529758	297.5864564675227	95221.23642903646	1.1043835695151596	1019.287087196816	0.025983004336588608	-0.000004697335002375829	0.017059120990845184	2342.833993462697	3053.980669650278	0.015446735592357994	76.71410682933312	711.1466761875809	293.1938669586691	-0.01392405574618734	0.00038900524818262397	-0.003487303825625631	0.014359385135801253	3.08995654128935e-17	-1.8321057039656074e-18	0.014359385135801253	0.017829462827442747	153.6002925637933	178.39970743620665	-14.055333917689504	NaN	0.0005132373024381463	0.0000010004748406565094	-0.06403790705480525	-45.2856773960165	-0.05589336722583133	0.0003086325480165785	1	9.253112222112605	4	7	11	17	26	53	2.3217695391485185e-7	1.2529601396718055	0.0000029656958204448536	1.1819249719249911	-0.002422884120629761	1.3166898254793473	-0.0012061488782230548	1.3166898254793473	-0.00005505452862795137	1.3166898254793473	-0.0000030800524086673126	1.4559310427177234	NaN	NaN	800000009	811110009	800000009	800000009	800000019	800000019	899999999	899999999	89999	89999	89	89	27	13	0	31	6	0	1	NaN	0	0	0	0	0	0	0	0	0	NaN	NaN	NaN	NaN	0	0	0	0	0	0	0	0	18000	0	0	0	18000	18000	18000	18000	80	NaN	8.692633181832653e-7	0.0000010176826665562997	1.140036965734538e-7	0.0000025152694674665946	121.87917650660106	0.14356081704272167	3.7650342989544365e-7	NaN	2.6345724493083346e-9	-0.00003212989918074033	-0.0000014665656008114571	-3.0800524086673125e-9	NaN	398.950274737214	24.59736453717649	95615.90343359375	11.460000038146973	20.03656475575765	81.07137310579093	80.78842386627203	81.35432270050042	-0.5658991023558922	0.00029165282597791204	-1	0	2.0560937374234194	57.73304294141125	1.0000680895646412	-273.1499938964844	9.000668976598316	-273.1499938964844	103
DATA	2025-07-21T130000_AIU-0547.ghg	2025-07-21	13:30:00	202.562	1	18000	18000	0.068319398665148	0	NaN	11.924855699273627	0	NaN	53.50596892107234	0	NaN	-1.0332680309944104	0	NaN	1.2177899316310643	0	NaN	-0.0006350509410762309	1	NaN	NaN	NaN	NaN	NaN	NaN	NaN	NaN	NaN	NaN	-1.7553801803508523e-10	-1.1103828374981836e-11	-1.0118492812486707e-12	NaN	14.339753257708413	378.8788988521995	388.18221111160915	0.1	1	907.0750649660175	23.966353926338968	24.55484400845156	0.1	1	0.08265827078095105	2.0653423006240366	2.116056458639916	-0.1	0	NaN	NaN	NaN	NaN	9	300.7538085420397	299.26912012820776	95284.8807986111	1.099172818184065	1018.9619671573143	0.02611246867175791	0.07891278756969296	0.016538984137466285	2284.243736937554	3375.351248319204	0.015046755036019007	67.67425280776393	1091.10751138165	292.78538946811545	1.0711051503569	0.03300656170347951	0.26031734145481433	1.102778669769395	-1.8218346787272996e-14	-1.2241355543598618e-14	1.102778669769395	4.318031634057838	330.2349646808824	1.7650353191173753	13.653868891022016	NaN	0.24930961471053403	0.6979083457233968	-109.79841846426292	-0.026412037992549854	0.22286963379476793	0.0427061233986212	0	64.27219648792178	-9.753553780763154	22.062565209000745	54.93890687130914	83.78529941548032	117.51007374562465	176.0515036099699	0.06749681906799901	1.0121869387107012	15.025935965756853	1.014640291489479	49.26353817238256	1.0861170534248819	-0.9513413197372961	1.0861170534248819	1.1212326772616035	1.0861170534248819	-0.007426439566320434	1.1481049425355103	NaN	NaN	800000009	800000009	800000009	800000009	800000019	800000019	899999999	899999999	89999	89999	89	89	1	0	2	30	4	1	0	NaN	0	0	0	0	0	0	0	0	0	NaN	NaN	NaN	NaN	0	0	0	0	0	0	0	0	5100	0	0	0	18000	18000	18000	18000	87	NaN	0.675741814069555	0.6204638870860307	0.09961099029120785	0.05455990213783213	1.0034544662341447	0.29147069545348714	4.265825522231476e-7	NaN	0.013415831020489979	-0.025452026302260698	0.02999727122174922	-0.000007426439566320434	NaN	378.8792207468762	23.96606807919616	95709.5283467882	0.22053776968842437	19.631438495529984	83.87039421420627	83.80046646457244	83.94032174555461	-0.1398559093777582	0.0002938917576005527	-1	0	2.045230775753657	77.67757082896873	1.0000536232276096	-286.42327570385294	9.000521584590276	-273.1499938964844	091
DATA	2025-07-21T133000_AIU-0547.ghg	2025-07-21	14:00:00	202.583	1	18000	18000	0.14882014025798226	1	NaN	33.48851101459877	1	NaN	84.27642943604711	1	NaN	2.2817648623684863	1	NaN	1.9187919346914666	1	NaN	0.020179822689971677	2	NaN	NaN	NaN	NaN	NaN	NaN	NaN	NaN	NaN	NaN	-6.574871885657861e-10	-4.1157444715668356e-11	-3.792306793863459e-12	NaN	14.240847697193814	377.24001459674287	386.3638049191956	0.1	1	891.4499202334836	23.614505826602674	24.18563770920684	0.1	1	0.08213949170667263	2.0554674341461237	2.1051802248314546	0	1	NaN	NaN	NaN	NaN	9	301.0736451365153	299.6282045152452	95271.34071983508	1.097846904719377	1018.7693371466535	0.026147515858576668	0.12433771736800703	0.016274333844483662	2250.389111716247	3447.626169348237	0.014823864579409256	65.2735824934777	1197.23705763199	292.54515819206057	1.0497632157610037	0.11810937359881016	0.27092428617949355	1.0905744367713353	4.184838603058749e-14	-4.6169104715258293e-14	1.0905744367713353	4.235385136473702	325.5806197597397	6.419380240260324	14.384240873660826	NaN	0.3681798054268913	0.5807677084518731	-125.90654798399578	-0.023032956160219914	0.3973650905560898	0.08132390556231552	0	88.17116135976268	-13.380313902861587	30.266306480106905	75.3673825911563	114.94001384761476	161.20500371525583	241.5144709632036	0.14701519983395417	1.0122772368167827	38.27308713519165	1.0146904426037147	77.59603958482141	1.08609189189254	2.1008948500595643	1.08609189189254	1.7666939133004003	1.08609189189254	0.0032744892614499244	1.1481362515547395	NaN	NaN	800000009	800000009	800000009	800000009	800000019	800110019	899999999	899999999	89999	89999	89	89	0	0	3	39	10	3	6	NaN	0	0	0	0	0	0	0	0	0	NaN	NaN	NaN	NaN	0	0	0	0	0	0	0	0	2771	0	0	0	18000	18000	18000	18000	87	NaN	0.7266858368275395	0.33629187495656804	0.09855770511963868	0.06932690229542045	1.3793700053085254	0.22383439028280702	4.0600781260081844e-8	NaN	0.034219672378939706	0.05626214043586908	0.047312211296288396	0.0000032744892614499245	NaN	377.24013786457925	23.614282425181514	95663.38463302952	11.4399995803833	19.386387896325846	84.18248553382027	84.14826510450575	84.21670742522345	-0.06844051662946221	0.00029444496312094594	-1	0	2.035733041153132	87.2796226443008	1.0000315653913552	-273.1499938964844	9.000380745569865	-273.1499938964844	038
DATA	2025-07-21T140000_AIU-0547.ghg	2025-07-21	14:30:00	202.604	1	18000	18000	0.05422460030358699	1	NaN	10.117241703732006	0	NaN	47.011845069485396	0	NaN	-0.7750363702526418	1	NaN	1.0701931938485907	0	NaN	0.005060209976926246	0	NaN	NaN	NaN	NaN	NaN	NaN	NaN	NaN	NaN	NaN	-6.73939182359704e-12	-4.289952359950835e-13	-3.8973716459138867e-14	NaN	14.179261914174937	375.49039347395404	384.6850584894758	0.1	1	902.5793380656954	23.901799179895427	24.487084557489663	0.1	1	0.08199827935630691	2.0507417313839884	2.100958417565961	-0.6	0	NaN	NaN	NaN	NaN	9	301.09675813039144	299.46984449089894	95248.59817100695	1.0980448650757237	1018.9294955446325	0.026139936281552652	0.06934851896138867	0.016477103232474373	2277.2235429512452	3415.587630484929	0.015005856096178796	66.67150105084366	1138.3640875336837	292.73583207854733	1.406573772987904	0.21675452504762296	0.2630871249019427	1.4472895834197455	4.175749713117157e-14	-4.752991985330141e-16	1.4472895834197455	4.5656195510921735	323.23957030327006	8.76042969672997	10.473409638319707	NaN	0.22222255524539333	0.701092472165005	-91.62482974679739	-0.031650809153087295	0.2152062249158338	0.04069206869036661	0	65.648661357572	-9.96243763516803	22.53506105641221	56.115488339153536	85.57966039177289	120.02669052829918	179.82185413803631	0.053671714267277786	1.0103012553978787	12.853309980939425	1.0136945329393023	43.22510553202637	1.087605096409848	-0.7126082553410367	1.087605096409848	0.9839906022703152	1.087605096409848	-0.0012621406912666244	1.1480684213687933	NaN	NaN	800000009	800000009	800000009	800000009	800000019	800011119	899999999	899999999	89999	89999	89	89	0	10	0	44	13	3	6	NaN	0	0	0	0	0	0	0	0	0	NaN	NaN	NaN	NaN	0	0	0	0	0	0	0	0	1100	0	0	0	18000	18000	18000	18000	87	NaN	0.7961085706052307	0.531018087365441	0.07505828635933845	0.03018685014619034	1.0967515690404992	0.26051132062018717	4.369989720978743e-8	NaN	0.011488167576163739	-0.019083793748001565	0.02635146809338003	-0.0000012621406912666244	NaN	375.4912566460465	23.901541519048447	95631.54254427084	11.43647372484207	19.575128921667723	84.14924824990166	84.1045060289171	84.19399183866713	-0.08948248563520622	0.00029446069231845384	-1	0	2.0308343645665383	82.80675657251396	1.0000251790053314	-273.1499938964844	9.000361780087154	-273.1499938964844	225
DATA	2025-07-21T143000_AIU-0547.ghg	2025-07-21	15:00:00	202.624	1	18000	18000	0.053141969952217566	0	NaN	12.220345838495628	1	NaN	93.24930031446925	1	NaN	1.803455174817442	2	NaN	2.120737060789092	1	NaN	NaN	NaN	NaN	NaN	NaN	NaN	NaN	NaN	NaN	NaN	NaN	NaN	2.389393434042065e-10	1.557793669671558e-11	NaN	NaN	14.115666538546566	372.60728081963805	381.88423333929444	0.2	0	920.2877878401066	24.292577985051334	24.897400016579102	0.1	1	NaN	NaN	NaN	NaN	0	NaN	NaN	NaN	NaN	9	300.7936389465333	298.4896967670103	95236.84545971043	1.1014953770147553	1019.0238843501943	0.02625872688380287	0.13742376153913316	0.016670734446803157	2296.305504506392	3219.564610621299	0.015134638596472148	71.3234794832479	923.2591061149069	292.87022580003196	0.7080033510087491	-0.1288909314214001	0.2372046966601337	0.7577253363586769	9.014203544744764e-14	1.692724482770398e-14	0.7577253363586769	2.7605482347505736	342.3176186280083	349.6823813719917	18.243037014673835	NaN	0.2196481174437917	0.30408233667524903	-73.24943036251385	-0.03959075156827574	0.13105026844474274	0.04956658169152097	0	76.11463380726973	-11.55068933238979	26.127690720009504	65.06164417559962	99.22311251086892	139.16182611705685	208.4897741282309	0.052312040236668425	1.0158649846535215	17.651999444429485	1.0168407929526984	85.81621661541153	1.0866163062439511	1.6596982434870224	1.0866163062439511	1.9516889711693464	1.0866163062439511	NaN	1	NaN	NaN	800000009	800000009	800000009	800000019	800000009	800011009	899999999	899999999	89999	89999	89	89	2	0	0	38	10	0	0	NaN	0	0	0	0	0	0	0	0	0	NaN	NaN	NaN	NaN	0	9698	0	0	0	0	0	0	12029	0	0	0	18000	18000	18000	18000	87	NaN	0.25147569964674266	0.30602822278711317	0.05066075091664219	0.042713581142649885	4.613438167118312	0.3454061059626396	NaN	NaN	0.015726311112560485	0.044658343618360866	0.052515086433739054	NaN	NaN	372.60679336685155	24.292241567584895	95601.75253407119	11.430000305175781	19.830612040731626	84.03727040354413	83.9660606274075	84.10848058488632	-0.14242006060605725	0.00029369356776684676	-1	0	8.54199122474643	30.05561775494665	1.0000320307380623	-273.1499938964844	9.000395676692326	-273.1499938964844	161
DATA	2025-07-21T150000_AIU-0547.ghg	2025-07-21	15:30:00	202.645	1	18000	18000	0.09748051334790435	1	NaN	67.58392529395533	1	NaN	-44.97043817146688	2	NaN	4.270741084031216	1	NaN	-1.0237127719156587	2	NaN	-0.07149240033186383	2	NaN	NaN	NaN	NaN	NaN	NaN	NaN	NaN	NaN	NaN	-2.2964643781078145e-10	-1.5510249395611818e-11	-1.3547357623106527e-12	NaN	13.944855887290048	368.4275564765574	377.8292646490207	0.1	0	941.8312544257549	24.883483234674344	25.51847169732935	0.1	1	0.08226382760766321	2.0581828681818948	2.1107045494515226	-0.2	0	NaN	NaN	NaN	NaN	9	300.9295267359415	299.4606408991441	95218.08520366953	1.0973156451482442	1019.4899540502969	0.026147509300465693	-0.06633658762013468	0.017148875268348115	2369.993181904982	3413.733614405942	0.015628024027700207	69.42525251248723	1043.7404325009597	293.380185674753	0.10313516270174303	-0.3590132590588113	0.1914568719748518	0.41974172510240365	-7.191534955744667e-14	-1.646818293906438e-14	0.41974172510240365	2.296331313640871	45.97201947840216	286.02798052159784	27.13767611741159	NaN	0.29805273965969525	0.29065216615486655	-33.092043685010914	-0.08763435790197385	-1.502852274560144	0.20269160986556173	0	84.15629685136864	-12.771042724266387	28.88813341520485	71.9355367949879	109.70623247199936	153.86455091855186	230.5171350681109	0.09510597910690353	1.0249672445759874	63.95030283501921	1.0227122579145802	-41.169899215226835	1.0923135355851055	3.9098124713281734	1.0923135355851055	-0.937196819928904	1.0923135355851055	-0.08167526551667911	1.1582817526797764	NaN	NaN	800000009	800000009	800000009	800000019	800000019	800010019	899999999	899999999	89999	89999	89	89	6	9	6	9	12	0	0	NaN	0	0	0	0	0	0	0	0	0	NaN	NaN	NaN	NaN	0	573	0	0	0	0	100	0	14771	0	0	10	18000	18000	18000	18000	86	NaN	0.18011482235638626	0.3286195719684174	0.07256993798492943	0.14664653335862865	3.3757529376009763	0.47851063479494244	0.00000371691673363538	NaN	0.05716472038161228	0.10484137637647563	-0.02513087398885505	-0.00008167526551667911	NaN	368.42854737962585	24.88302267913757	95616.43116840278	11.436857585906981	20.220027718014215	83.99664535268145	83.90959631559585	84.08369487380978	-0.17409831882351884	0.00029370734420242815	-1	0	2.044260298800752	73.29949112680207	1.0000330707910987	-273.1499938964844	9.00041015598509	-273.1499938964844	034
DATA	2025-07-21T153000_AIU-0547.ghg	2025-07-21	16:00:00	202.666	1	18000	18000	0.22707756547652586	1	NaN	46.678022974080186	0	NaN	38.48790685306715	2	NaN	-0.1974032236931876	2	NaN	0.8761752393489088	2	NaN	0.0011348592655347353	1	NaN	NaN	NaN	NaN	NaN	NaN	NaN	NaN	NaN	NaN	3.1173185609980943e-10	2.1016401743301793e-11	1.8303752556025793e-12	NaN	13.896258301355463	368.68734531311014	378.0851192138441	0.1	1	936.860771446058	24.856238511250748	25.48981954548199	0.1	1	0.0815937378312698	2.0418217990298633	2.0938674682311653	-0.3	0	NaN	NaN	NaN	NaN	9	301.08635962931316	299.49777870856394	95176.66322092013	1.0967136857855024	1019.4750329403253	0.026162133110332508	0.05677615550980929	0.017120523917457456	2366.3684247838687	3421.2202090162373	0.015610750681200056	69.16738123280032	1054.8517842323686	293.35542746269044	-0.06601780203728519	-0.37894500909666806	0.1701096933300649	0.420588846582972	-2.1482530844410918e-14	2.2432790852009607e-14	0.420588846582972	4.037633265241639	71.88258393261862	260.1174160673814	23.85704340391409	NaN	0.4550304743188131	0.6251395142606091	-170.43542949098355	-0.01701524154139217	1.2127971300772453	0.09174916339159485	0	81.68702250226826	-12.396320815268995	28.04051143676231	69.8248382205206	106.48728396885896	149.34992987373514	223.75341007131004	0.22155473041487542	1.0249276332367563	48.28983029859025	1.0226862922493942	35.23616245740245	1.092284294567996	-0.18072513234410423	1.092284294567996	0.8021494437905843	1.092284294567996	-0.01494673147626071	1.1582443536855584	NaN	NaN	800000009	800000009	800000009	800000009	800010019	800010019	899999999	899999999	89999	89999	89	89	14	11	1	49	9	0	3	NaN	0	0	0	0	0	0	0	0	0	NaN	NaN	NaN	NaN	0	0	0	0	0	0	0	0	7300	0	0	0	18000	18000	18000	18000	87	NaN	0.5313375408608283	0.5367259702661583	0.18221551739423159	0.06972675220126183	1.4083767790032187	0.15897182513407845	4.816389398809442e-8	NaN	0.043190260337469887	-0.004848707938136763	0.021521015506985066	-0.000014946731476260709	NaN	368.68744489151715	24.856074476938804	95570.40918663194	11.4396140343878	20.197910633616985	84.3004236899482	84.25128460714552	84.34956428739761	-0.09827675542111308	0.0002949344583547725	-1	0	2.0212006793883113	85.603408509643	1.0000377777251932	-273.1499938964844	9.00042450035943	-273.1499938964844	247
DATA	2025-07-21T160000_AIU-0547.ghg	2025-07-21	16:30:00	202.687	1	18000	18000	0.28558143333991615	1	NaN	63.19360950957653	1	NaN	92.42627636973792	1	NaN	-2.2491590068292293	1	NaN	2.104770925256879	1	NaN	0.0012854628787230273	1	NaN	NaN	NaN	NaN	NaN	NaN	NaN	NaN	NaN	NaN	-4.427331367342289e-10	-2.998265720695572e-11	-2.6052932989704925e-12	NaN	13.868483009995522	369.17072004748985	378.6369786784148	0.1	1	939.1977639993024	25.000882544451187	25.641954025246594	0.1	1	0.08161003289554324	2.045551348232031	2.098003281859678	-0.8	0	NaN	NaN	NaN	NaN	9	301.46954175821946	299.83567753940156	95146.82617382813	1.0950738594701779	1019.5650486171976	0.0261998631305716	0.13638915595664575	0.017195353614057433	2379.3927013963344	3489.997066869709	0.015702460126641088	68.17749859974778	1110.6043654733749	293.44423308027535	0.6341014698497927	0.037770192773596376	0.23649056310769906	0.6778193328363754	4.788333629837317e-14	-3.1923688871748625e-14	0.6778193328363754	4.454634292084607	328.59121005995735	3.4087899400426216	20.41999464853764	NaN	0.5106734489244344	0.7990636119277612	-177.91997021475737	-0.016299463160316236	0.6837190893288794	0.11083362366380181	0	98.08959449447391	-14.885474396613953	33.670983615216215	83.84551005642207	127.86969316984502	179.33906280751032	268.6825959416148	0.2807421168383814	1.0172375864228476	68.10798293542179	1.0177056821713133	85.00900860367685	1.0872527263627003	-2.068662558661568	1.0872527263627003	1.9358617129415605	1.0872527263627003	-0.023075196700277068	1.1513650621277514	NaN	NaN	800000009	800000009	800000009	800000009	800000019	800011019	899999999	899999999	89999	89999	89	89	0	1	0	33	15	9	7	NaN	0	0	0	0	0	0	0	0	0	NaN	NaN	NaN	NaN	0	0	0	0	0	0	0	0	1500	0	0	0	18000	18000	18000	18000	87	NaN	0.9866136456940908	0.4662635360734896	0.14525004208794187	0.16299578458717	0.776245328502525	0.47963934602419517	4.380087797443502e-8	NaN	0.0610013810459287	-0.0555888182059842	0.052020211987719785	-0.000023075196700277067	NaN	369.1705015674089	25.000424424332454	95533.98974240452	11.420000076293945	20.282127134958863	84.48433287599352	84.45869266425238	84.50997420310975	-0.05127516638710094	0.00029608414359326055	-1	0	2.0247951383140355	88.14812266370886	1.0000213656839396	-273.1499938964844	9.000336267020968	-273.1499938964844	217
DATA	2025-07-21T163000_AIU-0547.ghg	2025-07-21	17:00:00	202.708	1	18000	18000	0.12109926508546517	1	NaN	26.592282164911087	1	NaN	121.7765596185239	1	NaN	-2.4814900987007578	1	NaN	2.7748517532255383	1	NaN	-0.002762660386080111	1	NaN	NaN	NaN	NaN	NaN	NaN	NaN	NaN	NaN	NaN	-1.303760107044651e-10	-8.914638186921885e-12	-7.675355957014068e-13	NaN	13.83658188858357	369.40550016584183	378.9779552885927	0.1	1	946.0952257547058	25.258606705662995	25.91313642718751	0.1	1	0.08145723331264325	2.0478553420427485	2.1009216969042472	0	1	NaN	NaN	NaN	NaN	9	301.810475312127	300.4669299994575	95123.3497046441	1.0923960991938204	1019.7263784080475	0.026261502183974585	0.17981039360901488	0.01733183796745808	2403.327773069872	3621.716497810438	0.01586589148409523	66.35880457575405	1218.388724740566	293.60632896185206	0.3761911472724214	0.005578682371223607	0.18854193897555122	0.4208312770407894	-2.4714381970206247e-14	-9.422559108477294e-15	0.4208312770407894	2.4083039486452535	331.15040125172027	0.849598748279497	26.616889075017685	NaN	0.3329512758666568	0.2740120881460241	-117.1666274688294	-0.02475107513674494	0.21836946492998174	0.07169867540732133	0	84.88602246833203	-12.881781401940028	29.138624605621203	72.55929527692331	110.6575035137462	155.19872208040957	232.5159665863905	0.11815527018264686	1.0249163232267797	33.458697903621086	1.0226788785730436	111.48882780085695	1.0922758990348618	-2.2718528358022088	1.0922758990348618	2.5404311819728016	1.0922758990348618	-0.017655946699994863	1.158233682407982	NaN	NaN	800000009	800000009	800000009	800000009	800001019	800011119	899999999	899999999	89999	89999	89	89	1	0	1	35	8	0	7	NaN	0	0	0	0	0	0	0	0	0	NaN	NaN	NaN	NaN	0	0	0	0	0	0	0	0	1100	0	0	0	18000	18000	18000	18000	87	NaN	0.27302337041595715	0.1863754556856476	0.08862535019044347	0.0650544802435729	2.403890476988305	0.48524889854074016	2.480847993098216e-7	NaN	0.03003621755006485	-0.06120873016201027	0.06844482365321124	-0.000017655946699994862	NaN	369.40553389915436	25.258140731502973	95517.22066167535	11.420000076293945	20.445567952579896	84.71126796510482	84.70878831100468	84.71374670728045	-0.004957433352027415	0.00029672735142877274	-1	0	2.026921187427309	86.2940437235432	1.0000257797936598	-273.1499938964844	9.000316652907266	-273.1499938964844	236
DATA	2025-07-21T170000_AIU-0547.ghg	2025-07-21	17:30:00	202.729	1	18000	18000	0.07742404552423203	1	NaN	18.954920687174322	0	NaN	80.15909080867327	1	NaN	7.66115350261861	1	NaN	1.826048016297021	1	NaN	0.004763169019901262	0	NaN	NaN	NaN	NaN	NaN	NaN	NaN	NaN	NaN	NaN	6.082435049245167e-11	4.225217568835802e-12	3.536257471014682e-13	NaN	13.99314369453184	373.31526410425926	383.2540679149922	0.3	0	972.0461641216733	25.9326766309431	26.623084471459745	0.1	1	0.08135452089851929	2.043281586603582	2.0976800448827078	0	1	NaN	NaN	NaN	NaN	9	301.864912355211	300.190826309204	95115.27057421875	1.093026620153613	1020.1060742271738	0.026239598698163318	0.11832791145604696	0.017809222094889426	2467.2551920758187	3563.580417084638	0.016293493467145873	69.23528876315574	1096.3252250088194	294.03243377861105	0.497765086710946	0.029359004104533622	0.20415699957681668	0.5388061925651907	4.735967807103886e-14	4.346725212020817e-15	0.5388061925651907	4.373474858886016	328.62451125006146	3.3754887499385675	22.2659457675107	NaN	0.26614760382997354	0.3819885221497348	-83.96277118281472	-0.034539117267648786	0.2364662634761744	0.06387388592733273	0	75.29783817058268	-11.426737443304797	25.847311209403827	64.36345955038186	98.158336904609	137.66846318958574	206.25244433652475	0.07586578826171812	1.0205396569154241	23.526356394606022	1.0198256722310137	73.59384303019954	1.0892091988697976	7.033684172487798	1.0892091988697976	1.676489712161625	1.0892091988697976	-0.006113949599167543	1.1542021555034736	NaN	NaN	800000009	800000009	800000009	800000009	800000019	801111019	899999999	899999999	89999	89999	89	89	3	5	0	6	8	0	1	NaN	0	0	0	0	0	0	0	0	0	NaN	NaN	NaN	NaN	0	0	0	0	0	0	0	0	0	0	0	0	18000	18000	18000	18000	87	NaN	0.2560307609038246	0.43153175981605046	0.0764145235795945	0.09217297080831595	47.65287636022104	1.9075678131611133	1.6351988194970543e-7	NaN	0.021099812646645785	0.1894759875978259	0.04516190038101541	-0.000006113949599167543	NaN	373.3088771410769	25.93088995069167	95488.809	11.420000076293945	20.85413263331518	84.59556590694847	84.57951479445569	84.61161669392061	-0.032099974189205814	0.00029677823408241636	-1	0	2.021822322242789	85.45458808409721	1.0000296199967464	-273.23074389987516	9.000344125959609	-273.1903688981798	079
DATA	2025-07-21T173000_AIU-0547.ghg	2025-07-21	18:00:00	202.749	1	18000	18000	0.03277170025588091	1	NaN	-3.655630406633018	2	NaN	96.63620181569962	1	NaN	16.52508671833735	1	NaN	2.2009585102859095	1	NaN	-0.018608225684613268	1	NaN	NaN	NaN	NaN	NaN	NaN	NaN	NaN	NaN	NaN	-8.466779674345896e-11	-6.104197253453758e-12	-4.901505608390123e-13	NaN	14.022681821981132	373.00553668597456	383.31366658312845	0.1	1	1010.9772446677729	26.892153334998337	27.635326780235207	0.1	1	0.08117874355862541	2.0377632540881625	2.0940775075156446	0	1	NaN	NaN	NaN	NaN	9	301.5010117280748	299.98393499077685	95107.15355664062	1.0932863847725562	1020.6521915929897	0.026223752286183066	0.14262211146652692	0.018479300982987286	2558.3222155246435	3520.552002563321	0.016902525486797916	72.66821264568523	962.2297870386774	294.62303415608756	0.28892833179594185	0.18893518177679433	0.20211304231817775	0.4000322058316058	-1.6573201572086018e-14	-6.037917555166851e-15	0.4000322058316058	2.1242620284892992	298.8186402000015	33.18135979999853	30.347413296069675	NaN	0.17313406150783076	0.19868950228990911	119.85968870663865	0.024194956880773028	-0.0378287881554459	-0.018922044163169588	1	1.786917461184734	1	2	3	5	10	35	0.031943328179973016	1.0259325537790156	2.1409236521031407	1.0233454786203167	88.41125796532594	1.0930305035768118	15.118596108947534	1.0930305035768118	2.013629540148729	1.0930305035768118	-0.021527484704334725	1.1591958295712592	NaN	NaN	800000009	800000009	800000009	800000009	800000009	800110119	899999999	899999999	89999	89999	89	89	0	0	0	24	3	0	0	NaN	0	0	0	0	0	0	0	0	0	NaN	NaN	NaN	NaN	0	0	0	0	0	0	0	0	2800	0	0	0	18000	18000	18000	18000	87	NaN	0.06775712010004573	0.30207566189542817	0.02754622258434438	0.12902654371430164	63.12488818875588	1.140513993490758	2.9446581245864295e-7	NaN	0.0019186222119711846	0.40742581576669346	0.05426460579639887	-0.000021527484704334726	NaN	373.00069844167103	26.891081530078544	95490.06623394098	11.426858566602071	21.454231065432193	84.24772766876218	84.1888424012926	84.30661532889475	-0.11777165298944284	0.00029535528458008125	-1	0	2.015558044910431	86.76621912389263	1.000025748088128	-273.1499938964844	9.000317896313138	-273.1499938964844	135
DATA	2025-07-21T180000_AIU-0547.ghg	2025-07-21	18:30:00	202.77	1	18000	18000	0.04859611536576659	1	NaN	60.38971318962977	1	NaN	-62.75601227638769	1	NaN	-4.776330693039554	1	NaN	-1.429942028704083	1	NaN	0.022996038412817204	1	NaN	NaN	NaN	NaN	NaN	NaN	NaN	NaN	NaN	NaN	-1.4598718578856157e-10	-1.0380980726169589e-11	-8.486128175998574e-13	NaN	13.953214716670987	371.82043428253274	381.91824696200194	0.1	1	992.1970360580549	26.439723055373864	27.157766890768176	0.1	1	0.08110901509149937	2.0398247117197483	2.0952217957386616	-0.3	0	NaN	NaN	NaN	NaN	9	301.93532869381374	300.436184978909	95109.65982443576	1.0918580938088673	1020.4020307151104	0.026262594635764882	-0.09266024346002456	0.018141536441046314	2515.3476000787578	3615.202258780934	0.016615287777700934	69.57695365367876	1099.854658702176	294.3466634296978	0.3994234493127914	0.3744853550794046	0.21753368192767625	0.5891513182560737	2.018625400751141e-14	-1.0462620174126566e-14	0.5891513182560737	2.018029785171748	288.8456351664142	43.15436483358582	21.66827752847422	NaN	0.21096853073082125	0.16651248554951478	-13.12667433084864	-0.2209241980799957	-0.9622936671575568	0.25692583501421873	0	79.02006969600149	-11.991600437748232	27.125032840840266	67.54516707405213	103.01064163188812	144.473889562908	216.44821315481244	0.04768186622990749	1.019173937770197	56.02151705166053	1.0189439404366523	-57.6618349267724	1.0883457378018693	-4.388615241592533	1.0883457378018693	-1.3138674403155521	1.0883457378018693	0.006923957917640451	1.1529980175639942	NaN	NaN	800000009	800000009	800000009	800000009	800000019	800101019	899999999	899999999	89999	89999	89	89	8	0	9	11	19	0	1	NaN	0	0	0	0	0	0	0	0	0	NaN	NaN	NaN	NaN	0	0	0	0	0	0	0	0	2700	0	0	0	18000	18000	18000	18000	87	NaN	0.12861856618777465	0.16184863194489238	0.04255777296636256	0.21032873691709886	82.89024202828833	1.6599933048876832	6.776075732065852e-7	NaN	0.050282556839494924	-0.11838739260008149	-0.03544292035604775	0.000006923957917640451	NaN	371.8132902313133	26.438171324090593	95498.76006076389	11.430000305175781	21.17373645740082	84.47600759760537	84.43982281451753	84.51219199752805	-0.07236851694087296	0.00029666328755330253	-1	0	2.0179669889940155	87.00813472514682	1.0000194527175692	-273.1499938964844	9.000278451230791	-273.1499938964844	233
DATA	2025-07-21T183000_AIU-0547.ghg	2025-07-21	19:00:00	202.791	1	18000	18000	0.01958510978866383	0	NaN	-2.3827466462542652	2	NaN	98.86450980187531	0	NaN	18.661682522087315	0	NaN	2.2513014206995363	0	NaN	0.012155648460997747	0	NaN	NaN	NaN	NaN	NaN	NaN	NaN	NaN	NaN	NaN	8.441804329697652e-11	5.993354066707581e-12	4.869827393807463e-13	NaN	14.082046984385011	375.04559357984846	385.3050274518822	0.2	0	999.7707867324368	26.626784342477748	27.355164405763023	0.1	1	0.08123516666240714	2.0372065044716643	2.0929346233299766	0	0	NaN	NaN	NaN	NaN	9	301.5544855982463	299.7974379289416	95119.52286697048	1.0942196854768511	1020.495931096073	0.02620404122955002	0.14588433206132995	0.018310712377121497	2533.406399350773	3482.15370420733	0.01673403670227506	72.75400842558362	948.7473048565571	294.46329978950075	0.7570586578524026	0.608300227714971	0.2489084060329969	1.0025579150658945	-2.1764146502844397e-14	5.994728137932229e-15	1.0025579150658945	2.57694974103582	293.2179573766558	38.7820426233442	14.375361068718316	NaN	0.13378602285914132	0.19414303581978698	84.85161125662901	0.03417731209875449	-0.024101132459254535	-0.015949656065039453	1	13.975349161591767	6	12	25	44	90	340	0.019333878421086987	1.012994359543651	3.5458354896051048	1.0150992061477917	91.03651179697452	1.0859874554767481	17.18406822102272	1.0859874554767481	2.0730455120323796	1.0859874554767481	0.005749079681887143	1.148439722921044	NaN	NaN	800000009	800000009	800000009	800000009	800000019	800100019	899999999	899999999	89999	89999	89	89	4	5	6	3	14	0	15	NaN	0	0	0	0	0	0	0	0	0	NaN	NaN	NaN	NaN	0	0	0	0	0	0	0	0	0	0	0	0	18000	18000	18000	18000	87	NaN	0.11537866206124603	0.23409270823655268	0.03881470134177522	0.12193690321328324	83.98816650899543	0.8309243745325064	1.4524008361343117e-7	NaN	0.003175431739416031	0.4626132392578454	0.055808571469530714	0.0000057490796818871425	NaN	375.0372463870226	26.625998256828915	95496.59094249133	11.430000305175781	21.296651784578987	84.48999242528278	84.44901669608221	84.53096800655788	-0.08195028388826212	0.0002958638366997345	-1	0	2.015187519277467	86.52662285481496	1.0000432356645663	-290.9553696441683	9.000412841267057	-273.1499938964844	220
DATA	2025-07-21T190000_AIU-0547.ghg	2025-07-21	19:30:00	202.812	0	18000	18000	0.00857999845763094	1	NaN	13.990332019764203	0	NaN	13.543696485544409	0	NaN	2.7863160672389253	1	NaN	0.30803637193286115	0	NaN	0.007672600556458659	1	NaN	NaN	NaN	NaN	NaN	NaN	NaN	NaN	NaN	NaN	4.0131196072753996e-12	2.8736787544175075e-13	2.3325445276920514e-14	NaN	13.991887852398264	370.39067863172755	380.4820534895654	0.1	1	1001.9185768282542	26.5226040631496	27.24521819803007	0.1	1	0.08132501553909649	2.0277581604051016	2.0830048739381746	0	0	NaN	NaN	NaN	NaN	9	300.70924581654856	298.5455075573392	95136.33400868055	1.0990461557788358	1020.4109455363613	0.026090004157667487	0.0199607569012494	0.018318791002047634	2523.940157606154	3233.70742255272	0.01666789961979902	78.0509745564344	709.7672649465658	294.4022513028587	1.0250927672771197	0.6054033747407304	0.28542087500850916	1.2242522222001222	-1.1178610249396859e-15	2.868175938522502e-16	1.2242522222001222	1.938214483456946	301.4345813341722	30.56541866582782	13.481945472847524	NaN	0.08835591711552929	0.06963104357382918	-4.163135424110839	-0.696590359084795	1.0329773732523098	0.14118915603192314	1	25.584104036947036	11	20	33	50	79	177	0.008483359200714484	1.0113916261978293	14.718907988733003	1.0142129047184745	12.465615544138311	1.0864843727603202	2.564524752583432	1.0864843727603202	0.28351661529218736	1.0864843727603202	0.0020658590653686373	1.1479233739033952	NaN	NaN	800000009	800000009	800000009	800000009	800000019	800000019	899999999	899999999	89999	89999	89	89	2	1	0	25	12	0	5	NaN	0	0	0	0	0	0	0	0	0	NaN	NaN	NaN	NaN	0	0	0	0	0	0	0	0	3929	0	0	0	18000	18000	18000	18000	86	NaN	0.05754274320319082	0.06460857711006464	0.017110766834402893	0.12178598358251914	73.53800086130491	0.2662663581036688	2.3430153858503655e-7	NaN	0.013124553889687116	0.06873189939835314	0.007598536711487735	0.0000020658590653686373	NaN	370.38687517187657	26.522339412613572	95489.55426106771	11.433526160717012	21.237071503957086	83.84953987163975	83.71816588295839	83.98091349665329	-0.2627478552042817	0.00029421209884458233	-1	0	2.0058693039880864	86.70678712463379	1.0000306209458245	-273.1499938964844	9.000388495577706	-273.1499938964844	208
DATA	2025-07-21T193000_AIU-0547.ghg	2025-07-21	20:00:00	202.833	0	18000	18000	0.018136026438993716	0	NaN	10.507737963131927	0	NaN	0.6426063523786545	2	NaN	1.6945983733614245	1	NaN	0.01460423850480042	2	NaN	0.004320443957157705	0	NaN	NaN	NaN	NaN	NaN	NaN	NaN	NaN	NaN	NaN	2.4180226612820995e-11	1.6880163726920678e-12	1.4186339011906077e-13	NaN	13.95353560455444	366.6970858556379	376.3307944165911	0.1	1	974.0932926137574	25.599043989711017	26.27157109382055	0.1	1	0.08186423959978646	2.033112569628287	2.0865256310430165	0	1	NaN	NaN	NaN	NaN	9	300.0751564483642	297.76083302206405	95160.18145308332	1.1026074599747215	1019.8648868198527	0.026014910101511034	0.0009463546551110672	0.017731938292247125	2436.663104893349	3085.995144118239	0.0160818232561692	78.95874721441199	649.3320392248897	293.82974589555494	0.7689011202314495	0.6171869818191602	0.2536289943712114	1.0180650126617716	-1.876699984904166e-14	1.7329103746958984e-15	1.0180650126617716	1.8588950783699059	293.2464382788938	38.753561721106216	14.425946429148919	NaN	0.12825095475741102	0.08859681737334624	-16.951676451006733	-0.17107452518820188	16.351749285136638	0.07285931117914803	1	16.369152350830483	7	13	23	36	60	152	0.017905779821293495	1.012858787497566	10.475982871658843	1.0150207730833112	0.5917211949491479	1.085995157624664	1.5604106164413514	1.085995157624664	0.013447793392323635	1.085995157624664	0.0008074057835499557	1.1483754249777498	NaN	NaN	800000009	800000009	800000009	800000019	800000019	800000019	899999999	899999999	89999	89999	89	89	0	4	0	25	15	3	14	NaN	0	0	0	0	0	0	0	0	0	NaN	NaN	NaN	NaN	0	4	0	0	0	0	0	0	17100	0	0	0	18000	18000	18000	18000	80	NaN	0.09085808319558468	0.06534060203971248	0.020994949511395303	0.04961409176446859	30.444130834605815	0.0465589820308393	1.7364103594690216e-7	NaN	0.009316037189923245	0.04166070212490301	0.00035903659514475685	8.074057835499557e-7	NaN	366.69721901613485	25.59898298948003	95527.89049175347	11.4399995803833	20.669061877091718	82.74242374335387	82.41741404936043	83.06743534427223	-0.6500215223795919	0.00029209550958087985	-1	0	2.011876366630749	86.33811598133029	1.0000572684539688	-273.1499938964844	9.000566855695512	-273.1499938964844	006
DATA	2025-07-21T200000_AIU-0547.ghg	2025-07-21	20:30:00	202.854	0	18000	18000	0.02378925332326957	1	NaN	20.92815343832456	0	NaN	12.786281655921655	0	NaN	2.206336958034795	1	NaN	0.29042975450587827	0	NaN	0.0055178779852797025	2	NaN	NaN	NaN	NaN	NaN	NaN	NaN	NaN	NaN	NaN	-1.2472104010571486e-10	-8.522491050652507e-12	-7.283089524164668e-13	NaN	14.041220392654484	367.8122880711225	377.29503486243766	0.1	1	959.4706317010107	25.13350538729615	25.781484466015232	0.1	1	0.08199375587434934	2.0306461482641693	2.0829992203916157	0	0	NaN	NaN	NaN	NaN	9	299.5706744622124	297.19828658126534	95205.72995263305	1.1054197320963097	1019.5868342974436	0.02595333868944622	0.01881984809198091	0.017450771180482837	2393.495584347705	2983.7536982600373	0.015786556611749027	80.21759925235992	590.2581139123322	293.53991418312404	0.5957987535406369	0.5223357142656069	0.27382950455448496	0.8383277107924509	-2.4914104950215894e-14	-8.882492875830177e-15	0.8383277107924509	2.0176039130849683	290.75901234068357	41.24098765931645	19.064829115162066	NaN	0.1466988803495727	0.10226044632808917	-12.740800415801637	-0.2276152129660007	1.6367661843763777	0.12657638265035503	1	9.537709901202865	4	8	13	21	35	88	0.023443744895317944	1.0147377660648675	21.51947312685805	1.016142703347975	11.771306057860665	1.0862245525748784	2.0311978336382728	1.0862245525748784	0.2673754278684081	1.0862245525748784	-0.0018962546505557048	1.1494757050702227	NaN	NaN	800000009	800000009	800000009	800000019	800000019	800010019	899999999	899999999	89999	89999	89	89	7	14	0	31	23	0	8	NaN	0	0	0	0	0	0	0	0	0	NaN	NaN	NaN	NaN	0	55	0	0	0	0	0	0	18000	0	0	0	18000	18000	18000	18000	80	NaN	0.08034675087380805	0.09526986308762797	0.02890427869474233	0.06368639519610476	9.689692785178961	0.025648352249771193	3.185213135330863e-7	NaN	0.019093265100355934	0.05407584544280241	0.007118239333052608	-0.0000018962546505557048	NaN	367.8115366811694	25.133464700586647	95579.05233094619	11.446858070691427	20.380365633752618	81.93392818239002	81.4253410547045	82.44251393042671	-1.0171728645927052	0.0002918602867236283	-1	0	2.0102133307806875	73.96669842068327	1.0000710046622487	-273.1499938964844	9.00071350423495	-273.1499938964844	018
DATA	2025-07-21T203000_AIU-0547.ghg	2025-07-21	21:00:00	202.874	0	18000	18000	0.025092985286215442	0	NaN	23.76925440155977	0	NaN	6.947032517267305	1	NaN	-2.173175598528933	0	NaN	0.15771354321019154	1	NaN	0.011898243122005662	2	NaN	NaN	NaN	NaN	NaN	NaN	NaN	NaN	NaN	NaN	-5.4971345793675603e-11	-3.6010717830543618e-12	-3.1226313665918006e-13	NaN	14.429032010320682	377.1882414325977	386.7442700724984	0.1	0	945.2193552651189	24.708908132263566	25.334905997085077	0.1	1	0.08196369816757919	2.0245194652503806	2.0758104755917675	0	1	NaN	NaN	NaN	NaN	9	299.088968583001	296.6588917652483	95234.6571644413	1.107945683817999	1019.3328877245035	0.025898366199581243	0.01021983760002041	0.017192379192611587	2353.7756009576433	2888.5090672246947	0.015517348407700245	81.48756144356409	534.7334662670514	293.26915555652334	1.2381497988473333	0.659405729701075	0.3485695365046404	1.4454520270584141	4.3716625585672655e-14	-3.8097736393097015e-15	1.4454520270584141	3.090993795454758	303.9614194988342	28.038580501165843	13.95437440276308	NaN	0.15049321875187335	0.19638568885271723	-12.112641678624323	-0.23941928416141867	3.4214975016281746	0.13985053156854627	1	20.49978843646401	9	16	28	43	71	173	0.024836948607647798	1.0103087010651866	24.04465274959705	1.0136976913672218	6.387525025941104	1.0875937846120245	-1.9981500715399607	1.0875937846120245	0.14501144217779108	1.0875937846120245	0.003468764751855095	1.1480651274631992	NaN	NaN	800000009	800000009	800000009	800000019	800000019	800010019	899999999	899999999	89999	89999	89	89	1	0	0	48	6	0	3	NaN	0	0	0	0	0	0	0	0	0	NaN	NaN	NaN	NaN	0	16	0	0	0	0	0	0	18000	0	0	0	18000	18000	18000	18000	80	NaN	0.15081356506707458	0.20049301371826914	0.041464798920090744	0.051983399086200976	20.477067106481435	0.020924053041241914	2.150995970500065e-7	NaN	0.02129040892204755	-0.05306023441006504	0.003850732346727696	0.0000034687647518550953	NaN	377.18845001836127	24.708872216139525	95609.21715603299	11.450192591455247	20.110042926576405	81.07460895326402	80.3677503662109	81.78146765094331	-1.4137190260224852	0.00029087222497360525	-1	0	2.0041482960543147	74.24730088228976	1.0000817198902368	-273.1499938964844	9.000764103651047	-273.1499938964844	032
DATA	2025-07-21T210000_AIU-0547.ghg	2025-07-21	21:30:00	202.895	0	18000	18000	0.04742063634919838	1	NaN	13.160223872157928	1	NaN	-11.717601638115978	2	NaN	6.740164464835848	1	NaN	-0.265915598953517	2	NaN	0.03209352374045513	2	NaN	NaN	NaN	NaN	NaN	NaN	NaN	NaN	NaN	NaN	-8.93023140306521e-11	-5.557790209201421e-12	-5.024618058712276e-13	NaN	14.829987031138094	387.0299696464412	396.5824808980343	0.3	0	922.9543222805274	24.087073211005425	24.681580241239466	0.1	1	0.08344130995480006	2.056819378563406	2.107584931097155	0	1	NaN	NaN	NaN	NaN	9	298.60817520381784	296.2679779320655	95237.12536486116	1.109699653413805	1018.9687560166003	0.02586356905556085	-0.017231330812187903	0.016782257149692476	2294.5989478889687	2821.1520857663154	0.015123242670270891	81.33552811512754	526.5531378773467	292.8582465026919	0.9200048399838763	0.3912491565517987	0.3037498945822694	1.0448678416694501	-1.220761050360585e-13	-6.0217391858230636e-15	1.0448678416694501	2.593426419216153	308.9614748076831	23.038525192316882	16.900259100145444	NaN	0.2067192704416676	0.24873798323395513	-56.6942723129388	-0.05115155167690829	-1.123115828528363	0.05630098532726178	0	77.4940642226244	-11.760023219796466	26.601204543296387	66.24076054730887	101.02133937549817	141.6838648630914	212.2682477454217	0.04682898834073606	1.0126342257098826	12.377899033286134	1.0148919176149902	-10.789477613109144	1.0860212197742707	6.206291683910918	1.0860212197742707	-0.24485304164571256	1.0860212197742707	0.026119783654008535	1.1482757121719667	NaN	NaN	800000009	800000009	800000009	800000019	800000019	800011019	899999999	899999999	89999	89999	89	89	3	5	0	46	13	0	7	NaN	0	0	0	0	0	0	0	0	0	NaN	NaN	NaN	NaN	0	3	0	0	0	0	0	0	17900	0	0	0	18000	18000	18000	18000	80	NaN	0.14384051269703763	0.3107334191315171	0.04290203463935552	0.04721246032533179	8.973581557979845	0.024258781312790148	5.075434650943505e-7	NaN	0.01094663450392636	0.16447975209678847	-0.006489119371304349	0.000026119783654008535	NaN	387.0301421052546	24.08703497816662	95615.16532595486	11.460000038146973	19.69953366216025	80.8568459231058	80.081252620697	81.63243911912713	-1.5511864427129392	0.00029044841029260876	-1	0	2.0365516021847725	73.48440427441084	1.0000809671448336	-273.3518689049614	9.000779928472307	-273.1499938964844	249
DATA	2025-07-21T213000_AIU-0547.ghg	2025-07-21	22:00:00	202.916	0	18000	18000	0.09510139221013579	1	NaN	17.653124974682	1	NaN	-21.724095583584457	2	NaN	17.92176430490606	1	NaN	-0.4928122217423225	2	NaN	0.01357928496334205	2	NaN	NaN	NaN	NaN	NaN	NaN	NaN	NaN	NaN	NaN	1.236999778206504e-10	7.415128801163603e-12	6.918489052532178e-13	NaN	15.0901728698496	393.1686677118722	402.658641261388	0.1	1	904.5723162860554	23.5682848374669	24.13715621019522	0.1	1	0.08439871828614334	2.076222023426614	2.12633611873311	0	1	NaN	NaN	NaN	NaN	9	298.15348856071193	295.87513745374963	95256.85133218429	1.1116232066851492	1018.6640451740726	0.025823926136422166	-0.03193423196890249	0.016446008163294383	2245.642813293719	2754.8490235666477	0.0147945887278984	81.51600302169483	509.20621027292873	292.511225814973	0.8513020519962905	0.38000566941019787	0.3360938510772574	0.9909987735860651	5.735663258626887e-14	8.197386397594217e-15	0.9909987735860651	2.799760347528354	307.9448891578379	24.055110842162055	19.824888032576766	NaN	0.29249243297911587	0.2497341975534817	-119.7297789167281	-0.024221209011142886	-0.8126057495356155	0.053298916264784224	0	87.18251253685729	-13.230282629754125	29.926935331833622	74.52230044711855	113.65121025647787	159.39743835361506	238.80640866993144	0.09387185312228409	1.0130980591834062	16.24544090661029	1.0151596147063486	-20.004059596881017	1.0859843462459804	16.50278327386378	1.0859843462459804	-0.4537931172266624	1.0859843462459804	0.00844295514549249	1.1484909325002803	NaN	NaN	800000009	800000009	800000009	800000019	800000019	800010019	899999999	899999999	89999	89999	89	89	8	0	1	39	3	0	13	NaN	0	0	0	0	0	0	0	0	0	NaN	NaN	NaN	NaN	0	5	0	0	0	0	0	0	17700	0	0	0	18000	18000	18000	18000	80	NaN	0.2665964200842747	0.1688921754073018	0.06397979961538693	0.07047083355014867	17.156975166546847	0.024337640351883818	1.030812442865763e-7	NaN	0.014346399504892074	0.43645593331449606	-0.012001654219414933	0.00000844295514549249	NaN	393.1687659100367	23.568247235108124	95636.24652799478	11.456473846329581	19.352724163161383	80.39340298122829	79.51020446226329	81.27660186767578	-1.766396911409161	0.00029000085658400257	-1	0	2.056185752904194	70.43179600371255	1.000091154721048	-273.1499938964844	9.000881007565392	-273.1499938964844	021
DATA	2025-07-21T220000_AIU-0547.ghg	2025-07-21	22:30:00	202.937	0	18000	18000	0.08440947813295975	1	NaN	37.29250815605432	1	NaN	29.272088103677664	1	NaN	2.0419417390112766	2	NaN	0.6638337817025947	1	NaN	-0.020444721718358226	1	NaN	NaN	NaN	NaN	NaN	NaN	NaN	NaN	NaN	NaN	5.354129876577775e-10	3.111869473922887e-11	2.96432593334234e-12	NaN	15.301204339581188	398.1044888722667	407.53409368503435	0.1	1	889.3200537943178	23.138198641253762	23.6862559361725	0.1	1	0.08471545868473106	2.080543276875761	2.1298235574181232	0	0	NaN	NaN	NaN	NaN	9	297.79078259277344	295.5563285490173	95299.61383041718	1.113504537128999	1018.411857044898	0.02578452542241296	0.043016429054328134	0.01617056509005704	2205.6528796197476	2702.0455620416346	0.014522226493796213	81.62900398885878	496.392682421887	292.2228051541614	0.9189878528162216	0.4471887761575951	0.35497467994699744	1.0819073428665216	4.470415616390314e-14	3.4991558558091406e-14	1.0819073428665216	2.8996253341588125	306.0519774224557	25.94802257754431	19.153543108715947	NaN	0.27532751317364024	0.25434734341158616	-47.28354327037643	-0.06133212105990535	1.2739954875774302	0.11944185600383599	0	85.27015639824688	-12.940075207802792	29.27048535320478	72.88764718264459	111.15826088773153	155.90104141752718	233.56816893273202	0.08338035942917921	1.0123424594332031	38.741770848927644	1.0147270111953344	26.952141318199924	1.0860765294337171	1.8801085224408174	1.0860765294337171	0.6112219201060529	1.0860765294337171	-0.031774033740148505	1.1481594969532984	NaN	NaN	800000009	800000009	800000009	800000019	800000019	800011019	899999999	899999999	89999	89999	89	89	4	0	0	51	6	0	15	NaN	0	0	0	0	0	0	0	0	0	NaN	NaN	NaN	NaN	0	4	0	0	0	0	0	0	18000	0	0	0	18000	18000	18000	18000	80	NaN	0.24966891755474516	0.19910275749266426	0.05992301177576289	0.07040648077986801	10.199381557287378	0.024665089237590816	9.723250143203071e-8	NaN	0.03416363159793916	0.049626276650024295	0.016133466626896187	-0.000031774033740148504	NaN	398.1044530660304	23.138161351133785	95677.89732725694	11.449999809265137	19.064255925602367	80.23645154783463	79.31163428412547	81.16126954820419	-1.8496349067158222	0.0002895743803059708	-1	0	2.060857336781642	73.08141940185757	1.0000993239283562	-273.1499938964844	9.000956860277388	-273.1499938964844	055
DATA	2025-07-21T223000_AIU-0547.ghg	2025-07-21	23:00:00	202.958	0	18000	18000	0.0986909648660152	1	NaN	45.266249454302944	1	NaN	22.109843317089442	1	NaN	-41.882522004259314	1	NaN	0.5012721795765391	1	NaN	-0.009498190425305628	1	NaN	NaN	NaN	NaN	NaN	NaN	NaN	NaN	NaN	NaN	7.760648238165439e-10	4.316100986832994e-11	4.1794260582182674e-12	NaN	15.749249399858764	409.2401557264281	418.77138324090913	0.1	1	875.8978475833898	22.759978107190566	23.290059348067757	0.1	1	0.08481614076443203	2.07998640950633	2.1284294164269064	0	0	NaN	NaN	NaN	NaN	9	297.4305311465793	295.2764472834241	95327.04699460123	1.1150416788787854	1018.1902040496383	0.025752695170064593	0.03248243723655973	0.015925898621885308	2170.2234859857854	2656.4206841375967	0.014282783256944596	81.6972815693289	486.19719815181134	291.96342079862274	0.28126115867335366	-0.28963683809650237	0.2677315699877262	0.4844352701124123	-7.232779897363102e-14	4.9276305436086595e-14	0.4844352701124123	2.292774374695667	17.84052958334189	314.1594704166581	33.5501993132332	NaN	0.2975042312994753	0.25421046018169596	-49.15243874307838	-0.05900012439176024	2.0473347008893152	0.1340174499426926	0	83.11886574215623	-12.613608551008568	28.532016886634896	71.04875628632533	108.35383624380088	151.9677959792296	227.67545053500294	0.09653713385092963	1.0223109069967984	45.95040922853103	1.0209762250605703	20.27670006766788	1.090406389762829	-38.41001153099355	1.090406389762829	0.4597113372433275	1.090406389762829	-0.02356752992161073	1.1558079994456798	NaN	NaN	800000009	800000009	800000009	800000019	800000019	800010019	899999999	899999999	89999	89999	89	89	8	10	0	38	17	0	2	NaN	0	0	0	0	0	0	0	0	0	NaN	NaN	NaN	NaN	0	4	0	0	0	0	0	0	18000	0	0	0	18000	18000	18000	18000	80	NaN	0.0983624654025505	0.3354781196875934	0.074580335273248	0.07106302056126046	32.71527035186221	0.008152035926067659	1.0014767941584198e-7	NaN	0.04047337007171948	-1.0122052678095275	0.012114608110804226	-0.00002356752992161073	NaN	409.2398661260533	22.7599563066665	95710.29404275173	11.443141874525281	18.805815764533158	80.19779330401951	79.25349105665418	81.14209554714628	-1.888605190018803	0.00028894783882424234	-1	0	2.06056261282497	72.25767589357142	1.0000984563231468	-273.1499938964844	9.000944894976087	-273.1499938964844	156
DATA	2025-07-21T230000_AIU-0547.ghg	2025-07-21	23:30:00	202.979	0	18000	18000	0.30566002882393106	1	NaN	-88.88753468750393	2	NaN	17.2524205969434	2	NaN	105.55965606103292	1	NaN	0.39171431164516296	2	NaN	0.08743740477745325	1	NaN	NaN	NaN	NaN	NaN	NaN	NaN	NaN	NaN	NaN	-1.92825303347368e-10	-1.1673307087133415e-11	-1.1007368601095933e-12	NaN	14.658774317729371	381.90416244903645	390.9426833942814	0.1	1	887.4165950283996	23.1198109829549	23.666987254822395	0.1	1	0.083679127870916	2.0664444111435185	2.1153509246848516	-0.5	0	NaN	NaN	NaN	NaN	9	299.0124155214097	296.77702340345786	95345.20732573933	1.1094628184295625	1018.4256824201896	0.025878638704373028	0.025383087394606558	0.016098953496372876	2204.9544685873934	2909.138227838324	0.014510584067306412	75.79407700492169	704.1837592509305	292.21772738164583	-0.23123189379662645	0.10203588765687281	0.23897966577105734	0.3478373064102532	-4.154077748178649e-14	-1.3154258273432266e-14	0.3478373064102532	3.3478461556742354	175.81046849412434	156.18953150587566	43.39659874237659	NaN	0.524883533894053	0.5992214694773965	137.49535115934898	0.021091622193386533	-5.152177585054475	-0.14987728503220812	0	63.7492849868374	-9.674199943068118	21.883066612070447	54.491929985037494	83.10363146136916	116.55402474757294	174.61916799595133	0.30096074667908695	1.0156142692915862	-87.06678149404864	1.0168052256759932	15.674523263340468	1.1006663684179354	95.90522531615206	1.1006663684179354	0.35588832627656397	1.1006663684179354	0.10213325968293188	1.1840381471271522	NaN	NaN	800000009	800000009	800000009	800000019	800000019	800101019	899999999	899999999	89999	89999	89	89	16	18	2	20	14	0	38	NaN	0	0	0	0	0	0	0	0	0	NaN	NaN	NaN	NaN	0	146	0	0	0	0	0	0	17300	0	0	0	18000	18000	18000	18000	80	NaN	0.27374182033001637	0.4740663878437673	0.4506347307810093	0.3371517322668885	202.70397360412315	0.03708294503751914	5.546661265228904e-7	NaN	-0.07705669814312138	2.540651821934343	0.009427935981371764	0.00010213325968293188	NaN	381.90311670909927	23.11976161570843	95738.20725607639	11.440385144763523	19.06125526544784	81.84501443269542	81.23633738072688	82.45369284608611	-1.2173554119334924	0.00028951635343966894	-1	0	2.04720426284654	78.68518759795433	1.0000748513556188	-273.1499938964844	9.000796060827044	-273.1499938964844	208
