DATAH	filename	date	time	DOY	daytime	file_records	used_records	Tau	qc_Tau	rand_err_Tau	H	qc_H	rand_err_H	LE	qc_LE	rand_err_LE	co2_flux	qc_co2_flux	rand_err_co2_flux	h2o_flux	qc_h2o_flux	rand_err_h2o_flux	ch4_flux	qc_ch4_flux	rand_err_ch4_flux	none_flux	qc_none_flux	rand_err_none_flux	H_strg	LE_strg	co2_strg	h2o_strg	ch4_strg	none_strg	co2_v-adv	h2o_v-adv	ch4_v-adv	none_v-adv	co2_molar_density	co2_mole_fraction	co2_mixing_ratio	co2_time_lag	co2_def_timelag	h2o_molar_density	h2o_mole_fraction	h2o_mixing_ratio	h2o_time_lag	h2o_def_timelag	ch4_molar_density	ch4_mole_fraction	ch4_mixing_ratio	ch4_time_lag	ch4_def_timelag	none_molar_density	none_mole_fraction	none_mixing_ratio	none_time_lag	none_def_timelag	sonic_temperature	air_temperature	air_pressure	air_density	air_heat_capacity	air_molar_volume	ET	water_vapor_density	e	es	specific_humidity	RH	VPD	Tdew	u_unrot	v_unrot	w_unrot	u_rot	v_rot	w_rot	wind_speed	max_wind_speed	wind_dir	yaw	pitch	roll	u*	TKE	L	(z-d)/L	bowen_ratio	T*	model	x_peak	x_offset	x_10%	x_30%	x_50%	x_70%	x_90%	un_Tau	Tau_scf	un_H	H_scf	un_LE	LE_scf	un_co2_flux	co2_scf	un_h2o_flux	h2o_scf	un_ch4_flux	ch4_scf	un_none_flux	un_none_scf	spikes_hf	amplitude_resolution_hf	drop_out_hf	absolute_limits_hf	skewness_kurtosis_hf	skewness_kurtosis_sf	discontinuities_hf	discontinuities_sf	timelag_hf	timelag_sf	attack_angle_hf	non_steady_wind_hf	u_spikes	v_spikes	w_spikes	ts_spikes	co2_spikes	h2o_spikes	ch4_spikes	none_spikes	head_detect_LI-7200	t_out_LI-7200	t_in_LI-7200	aux_in_LI-7200	delta_p_LI-7200	chopper_LI-7200	detector_LI-7200	pll_LI-7200	sync_LI-7200	chopper_LI-7500	detector_LI-7500	pll_LI-7500	sync_LI-7500	not_ready_LI-7700	no_signal_LI-7700	re_unlocked_LI-7700	bad_temp_LI-7700	laser_temp_unregulated_LI-7700	block_temp_unregulated_LI-7700	motor_spinning_LI-7700	pump_on_LI-7700	top_heater_on_LI-7700	bottom_heater_on_LI-7700	calibrating_LI-7700	motor_failure_LI-7700	bad_aux_tc1_LI-7700	bad_aux_tc2_LI-7700	bad_aux_tc3_LI-7700	box_connected_LI-7700	mean_value_RSSI_LI-7200	mean_value_LI-7500	u_var	v_var	w_var	ts_var	co2_var	h2o_var	ch4_var	none_var	w/ts_cov	w/co2_cov	w/h2o_cov	w/ch4_cov	w/none_cov	co2_mean	h2o_mean	air_p_mean	vin_sf_mean	dew_point_mean	avg_signal_strength_7200_mean	co2_signal_strength_7200_mean	h2o_signal_strength_7200_mean	delta_signal_strength_7200_mean	flowrate_mean	hit_power_mean	hit_vin_mean	ch4_mean	rssi_77_mean	ch4_aux-1_mean	ch4_aux-2_mean	ch4_aux-3_mean	ch4_aux-4_mean	CHK
DATAU		[yyyy-mm-dd]	[HH:MM]	[ddd.ddd]	[1=daytime]	[#]	[#]	[kg+1m-1s-2]	[#]	[kg+1m-1s-2]	[W+1m-2]	[#]	[W+1m-2]	[W+1m-2]	[#]	[W+1m-2]	[µmol+1s-1m-2]	[#]	[µmol+1s-1m-2]	[mmol+1s-1m-2]	[#]	[mmol+1s-1m-2]	[µmol+1s-1m-2]	[#]	[µmol+1s-1m-2]	[µmol+1s-1m-2]	[#]	[µmol+1s-1m-2]	[W+1m-2]	[W+1m-2]	[µmol+1s-1m-2]	[mmol+1s-1m-2]	[µmol+1s-1m-2]	[µmol+1s-1m-2]	[µmol+1s-1m-2]	[mmol+1s-1m-2]	[µmol+1s-1m-2]	[µmol+1s-1m-2]	[mmol+1m-3]	[µmol+1mol_a-1]	[µmol+1mol_d-1]	[s]	[1=default]	[mmol+1m-3]	[mmol+1mol_a-1]	[mmol+1mol_d-1]	[s]	[1=default]	[mmol+1m-3]	[µmol+1mol_a-1]	[µmol+1mol_d-1]	[s]	[1=default]	[mmol+1m-3]	[µmol+1mol_a-1]	[µmol+1mol_d-1]	[s]	[1=default]	[K]	[K]	[Pa]	[kg+1m-3]	[J+1kg-1K-1]	[m+3mol-1]	[mm]	[kg+1m-3]	[Pa]	[Pa]	[kg+1kg-1]	[%]	[Pa]	[K]	[m+1s-1]	[m+1s-1]	[m+1s-1]	[m+1s-1]	[m+1s-1]	[m+1s-1]	[m+1s-1]	[m+1s-1]	[deg_from_north]	[deg]	[deg]	[deg]	[m+1s-1]	[m+2s-2]	[m]	[#]	[#]	[K]	[0=KJ/1=KM/2=HS]	[m]	[m]	[m]	[m]	[m]	[m]	[m]	[kg+1m-1s-2]	[#]	[W+1m-2]	[#]	[W+1m-2]	[#]	[µmol+1s-1m-2]	[#]	[mmol+1s-1m-2]	[#]	[µmol+1s-1m-2]	[#]	[µmol+1s-1m-2]	[#]	8u/v/w/ts/co2/h2o/ch4/none	8u/v/w/ts/co2/h2o/ch4/none	8u/v/w/ts/co2/h2o/ch4/none	8u/v/w/ts/co2/h2o/ch4/none	8u/v/w/ts/co2/h2o/ch4/none	8u/v/w/ts/co2/h2o/ch4/none	8u/v/w/ts/co2/h2o/ch4/none	8u/v/w/ts/co2/h2o/ch4/none	8co2/h2o/ch4/none	8co2/h2o/ch4/none	8aa	8U	[#]	[#]	[#]	[#]	[#]	[#]	[#]	[#]	[#_flagged_recs]	[#_flagged_recs]	[#_flagged_recs]	[#_flagged_recs]	[#_flagged_recs]	[#_flagged_recs]	[#_flagged_recs]	[#_flagged_recs]	[#_flagged_recs]	[#_flagged_recs]	[#_flagged_recs]	[#_flagged_recs]	[#_flagged_recs]	[#_flagged_recs]	[#_flagged_recs]	[#_flagged_recs]	[#_flagged_recs]	[#_flagged_recs]	[#_flagged_recs]	[#_flagged_recs]	[#_flagged_recs]	[#_flagged_recs]	[#_flagged_recs]	[#_flagged_recs]	[#_flagged_recs]	[#_flagged_recs]	[#_flagged_recs]	[#_flagged_recs]	[#_flagged_recs]	[#]	[#]	[m+2s-2]	[m+2s-2]	[m+2s-2]	[K+2]	--	--	--	--	[m+1s-1K+1]	--	--	--	--	--	--	--	--	--	--	--	--	--	--	--	--	--	--	--	--	--	--	207
DATA	2025-12-07T233000_AIU-0547.ghg	2025-12-08	00:00:00	342	0	18000	18000	0.006366883178818485	0	NaN	12.859648610377379	0	NaN	1.629360185465868	0	NaN	2.7663589643330573	1	NaN	0.036213537396628234	0	NaN	-0.0034453942091842845	0	NaN	NaN	NaN	NaN	NaN	NaN	NaN	NaN	NaN	NaN	-1.3575452807564514e-11	-1.8923194142580068e-13	-7.09705314563804e-14	NaN	18.18077412286252	434.4556459466351	437.1027382991003	0.1	0	253.4267720319563	6.055995811798733	6.092894354491265	0.1	1	0.09504649458683108	2.1051729851639287	2.1179995817604618	-0.1	0	NaN	NaN	NaN	NaN	9	274.42560739050975	274.53852447933616	95184.66665125868	1.2051070389641911	1008.4484364596659	0.023979842266863872	0.0023466372233015096	0.004550865897446391	576.5925659634829	673.713059260092	0.00377631675055017	85.58429409053284	97.12049329660908	272.3546179233667	1.1836443994939396	0.09293777490010909	0.16558576269359818	1.1987786031054988	-4.038180116794697e-14	-7.466927819367843e-16	1.1987786031054988	2.224867984701811	327.51044251070965	4.489557489290383	7.939578195808477	NaN	0.0726859764627578	0.15705701403243133	-2.5123629305722677	-1.154291828107588	7.892452954900539	0.14557914098772687	1	26.614797897357597	12	21	34	50	79	173	0.006294220260190298	1.0115443876484218	12.787848269336866	1.014292562346934	1.4997866659167842	1.0863946336460317	2.546366558392252	1.0863946336460317	0.03333368582196743	1.0863946336460317	-0.007405200411927993	1.1479434388278047	NaN	NaN	800000009	800000009	800000009	800000009	800000009	800000009	899999999	899999999	89999	89999	89	89	11	2	3	29	8	0	0	NaN	0	0	17580	0	0	0	0	0	0	NaN	NaN	NaN	NaN	0	0	0	0	0	0	0	0	14061	0	0	0	18000	18000	18000	18000	93	NaN	0.09087314867606074	0.20725314838227799	0.01598773100652397	0.03844454456002824	17.478024553118015	0.0020409389001842288	7.382058860331293e-8	NaN	0.010522481103804805	0.061433609904391305	0.0008042081155649682	-0.000007405200411927993	NaN	434.45586963388433	6.055992845522248	95587.04433615452	11.359999656677246	-0.7992577766146899	96.40879219627381	96.08384071795146	96.73374365743001	-0.6499007939530749	0.0002659302524827782	-1	0	2.0996574541926387	82.71169753138224	1.000024022218254	-273.1499938964844	9.000131209426456	-273.1499938964844	084
DATA	2025-12-08T000000_AIU-0547.ghg	2025-12-08	00:30:00	342.02	0	18000	18000	0.00580286072487303	1	NaN	10.98759382441806	0	NaN	-0.49242019163506645	2	NaN	1.3436809959284135	0	NaN	-0.01094687912672026	2	NaN	-0.00596623472484351	0	NaN	NaN	NaN	NaN	NaN	NaN	NaN	NaN	NaN	NaN	-5.978758250424015e-12	-8.433679458884481e-14	-3.1065333823690075e-14	NaN	18.2485108072823	436.65619889041903	439.3624535920884	0	0	257.41480806602846	6.159503798159979	6.197678421939691	0.1	1	0.09481836466179851	2.102569051194729	2.115600098033957	-0.1	0	NaN	NaN	NaN	NaN	9	274.6785494181315	274.7825828747219	95186.51038107638	1.2040127660579678	1008.5086355090556	0.024000694897568366	-0.0007093577674114729	0.004624626945940957	586.4589414428955	685.6146474748097	0.003841011554289701	85.53769141351997	99.15570603191418	272.5869036320503	1.2556333415806367	0.37939257141975236	0.20044749465104705	1.3269261508649963	5.0330176995722264e-14	-3.276299262753055e-16	1.3269261508649963	2.613390700152126	315.1876844836993	16.812315516300725	8.688448780859206	NaN	0.06942334378604129	0.14878076688380798	-2.562055131754612	-1.1319038236362806	-22.313451014131008	0.13034259281833152	1	31.95360129616432	14	25	41	60	95	206	0.0057406350499429265	1.0108395106793493	10.832135292584182	1.013937823622828	-0.4530335028079166	1.0869399030822882	1.2362054168018601	1.0869399030822882	-0.010071282778079692	1.0869399030822882	-0.00905071322968641	1.1479226056733003	NaN	NaN	800000009	800000009	800000009	800000009	800000009	800000009	899999999	899999999	89999	89999	89	89	5	0	2	34	10	0	0	NaN	0	0	18000	0	0	0	0	0	0	NaN	NaN	NaN	NaN	0	0	0	0	0	0	0	0	11389	17995	0	0	18000	18000	18000	18000	93	NaN	0.13336976640231665	0.1404556436006335	0.023736123764665815	0.024587350351687774	17.830010997112545	0.0017177792618209282	5.723121936101207e-8	NaN	0.008920790959098724	0.029853722481363767	-0.00024321627862298898	-0.000009050713229686411	NaN	436.6566571850247	6.1595010500734695	95588.03080859374	11.350760881900786	-0.5668033649259139	96.3946831718021	96.07185478464763	96.71751789432102	-0.6456594890620971	0.00026579940927654716	-1	0	2.0969677410788004	86.83806481933586	1.0000408592455916	-273.1499938964844	9.000227155579461	-273.1499938964844	002
DATA	2025-12-08T003000_AIU-0547.ghg	2025-12-08	01:00:00	342.041	0	18000	18000	0.008402853235013913	0	NaN	8.439475915883293	0	NaN	2.653275315001723	1	NaN	4.607323067001768	1	NaN	0.058993088851885554	1	NaN	-0.0037963983406103384	1	NaN	NaN	NaN	NaN	NaN	NaN	NaN	NaN	NaN	NaN	-7.665952317872861e-12	-1.092884669312689e-13	-4.01612826157812e-14	NaN	18.10188927188227	432.36834789295335	435.04999285973423	0	0	258.0667926242125	6.16399266933323	6.202223127223001	0.1	1	0.09483428291520699	2.104446466703284	2.117498713249074	-0.1	0	NaN	NaN	NaN	NaN	9	274.83632868957517	274.9386362109714	95174.41904470485	1.2031744731066667	1008.5132893353378	0.024017376143733785	0.003822752157602184	0.004624782871359165	586.8117851378759	693.321855117982	0.0038438173138910653	84.63771635152315	106.5100699801061	272.5951463841371	1.3709979484230022	0.1181217232782795	0.15917417955215074	1.3852525168814591	-2.2979312151290544e-14	-4.2348907358418176e-16	1.3852525168814591	2.872881884593778	327.0757007468903	4.924299253109774	6.59821803750083	NaN	0.0835697464411406	0.11504958952187286	-5.8179251929748865	-0.4984594857805553	3.180776554987024	0.08322545134712708	1	35.39387359820752	16	28	46	69	111	251	0.008315000385942075	1.0105655856878093	8.479348672029722	1.0138103264681124	2.440361155846907	1.0872469874570372	4.237604813031342	1.0872469874570372	0.05425914215670952	1.0872469874570372	-0.006405707046941538	1.1479752569579353	NaN	NaN	800000009	800000009	800000009	800000009	800000009	800010009	899999999	899999999	89999	89999	89	89	7	5	1	33	11	0	0	NaN	0	0	13007	0	0	0	0	0	0	NaN	NaN	NaN	NaN	0	0	0	0	0	0	0	0	13931	18000	0	0	18000	18000	18000	18000	93	NaN	0.12241504810994062	0.09036112038319166	0.017323010550613405	0.017091610034476602	14.197888109261042	0.0035614941005225856	4.24765180254014e-8	NaN	0.006987989750234815	0.10240755750008111	0.0013112469108093794	-0.000006405707046941538	NaN	432.3681113671199	6.163988152744571	95578.03536197919	11.355145809438492	-0.5583019817554216	96.39832148128086	96.07710396088494	96.71953950627645	-0.6424332397927841	0.0002659339017393196	-1	0	2.098838005277846	87.1997252958086	1.0000513015803363	-273.1499938964844	9.000286335070928	-273.1499938964844	167
DATA	2025-12-08T010000_AIU-0547.ghg	2025-12-08	01:30:00	342.062	0	18000	18000	0.004982292460486947	1	NaN	9.591875397380964	0	NaN	1.8226650930543489	1	NaN	2.9946446022844553	1	NaN	0.04053487956098595	1	NaN	-0.004325629342186355	0	NaN	NaN	NaN	NaN	NaN	NaN	NaN	NaN	NaN	NaN	-1.1029522451984357e-10	-1.5983165471223982e-12	-5.800782020710365e-13	NaN	18.024678319788507	431.1543731857051	433.86514928847197	0.2	0	261.20026266316876	6.247969230099495	6.2872517857990555	0.1	1	0.09479760377812715	2.106171679893121	2.1194137115487286	0	0	NaN	NaN	NaN	NaN	9	275.0938963402642	275.1888343955146	95132.65014149305	1.2015147655360607	1008.5629034875402	0.0240497869633762	0.002626660195551889	0.0046814721322446465	594.5453085796361	705.8388550561755	0.0038963084487405267	84.23244262067693	111.2935464765394	272.7747146807845	1.1031760449840138	0.41922200877783433	0.15336729410183944	1.1900697482796376	1.1570674056571033e-14	-6.119123046914811e-15	1.1900697482796376	2.457491240478433	311.19252316618326	20.807476833816718	7.404444750161607	NaN	0.06439468934216998	0.10685132007163743	-2.341285693859493	-1.2386356810729469	5.26255505409789	0.12291966662479785	1	29.683527853846417	13	23	38	56	88	191	0.004925169592145799	1.0115981525655975	9.570608122330407	1.014320912313928	1.6777657041036351	1.086364495707777	2.7565744408219226	1.086364495707777	0.0373124119217253	1.086364495707777	-0.007218937511109532	1.1479525621775102	NaN	NaN	800000009	800000009	800000009	800000009	800000009	800000109	899999999	899999999	89999	89999	89	89	12	2	1	23	4	0	0	NaN	0	0	11497	0	0	0	0	0	0	NaN	NaN	NaN	NaN	0	0	0	0	0	0	0	0	13132	606	0	0	18000	18000	18000	18000	93	NaN	0.14487533466191807	0.05153159675510535	0.01729570872625145	0.02089281380980214	20.185560223217966	0.004763855469810652	3.354915977870265e-8	NaN	0.007897823640281413	0.06671195409291403	0.0009029989810381614	-0.000007218937511109532	NaN	431.1540948804423	6.24796353221516	95537.53848394097	11.369999885559082	-0.3792561281927828	96.38351757091947	96.06321558125813	96.70382108645968	-0.6406043742795786	0.0002660874155925639	-1	0	2.100490829785665	85.77798021846355	1.0000565293795534	-273.1499938964844	9.000311894840664	-273.1499938964844	050
DATA	2025-12-08T013000_AIU-0547.ghg	2025-12-08	02:00:00	342.083	0	18000	18000	0.010249607202111615	0	NaN	8.681922121373608	0	NaN	1.6689625704460156	1	NaN	1.4518044655047762	0	NaN	0.03712021704132058	1	NaN	-0.0012513450169996446	0	NaN	NaN	NaN	NaN	NaN	NaN	NaN	NaN	NaN	NaN	-6.605677324645395e-11	-9.6176863603064e-13	-3.4521469034240057e-13	NaN	18.086969247276343	430.4215365547299	433.1359215840291	0.1	1	263.3413484788242	6.266820399869856	6.306341106967538	0.1	1	0.09452304708610951	2.101073577235865	2.114323663904751	-0.1	0	NaN	NaN	NaN	NaN	9	275.2155576629639	275.29040669165715	95129.90053580729	1.2010281537530116	1008.57469928964	0.024059359132546733	0.0024053900642775736	0.004693728744743786	596.3219154613469	710.9771626716281	0.003908092187578344	83.8735682058418	114.65524721028123	272.81567409647977	1.2185941106304563	0.34256925711471015	0.18131614357370382	1.2787497199623543	6.641506938408221e-14	-3.652174797411192e-15	1.2787497199623543	2.718213109654542	316.2983484918327	15.701651508167249	8.151539613347522	NaN	0.09237979987433435	0.19472253611647966	-7.6368799196843336	-0.37973623135348056	5.201987315421604	0.07758497264154675	1	30.35280968170951	13	24	40	61	98	227	0.010137219450698542	1.0110866448102125	8.665970750315402	1.0140582490087378	1.5357896648745253	1.0867129846080652	1.3359594355342916	1.0867129846080652	0.03415825297671251	1.0867129846080652	-0.004016331645012286	1.1479074636438444	NaN	NaN	800000009	800000009	800000009	800000009	800000009	801000009	899999999	899999999	89999	89999	89	89	3	4	0	19	10	0	0	NaN	0	0	0	0	0	0	0	0	0	NaN	NaN	NaN	NaN	0	0	0	0	0	0	0	0	12730	0	0	0	18000	18000	18000	18000	93	NaN	0.1259514676174385	0.24180246600672844	0.021691138608792338	0.026096041594216378	10.34999429795368	0.0015190100956943221	2.7106802269698565e-8	NaN	0.007154115732171653	0.03234508304464448	0.0008270097877259846	-0.0000040163316450122865	NaN	430.42130868690157	6.266817839028164	95528.88362695313	11.38181015586853	-0.3385692092412085	96.37312618637085	96.0537492535909	96.69249351162381	-0.6387501227706672	0.0002647984034734287	-1	0	2.0953863386180664	83.52079500198366	1.0000507939341996	-273.1499938964844	9.000293060090806	-273.1499938964844	113
DATA	2025-12-08T020000_AIU-0547.ghg	2025-12-08	02:30:00	342.104	0	18000	18000	0.009621461398100849	1	NaN	7.8549600081996624	0	NaN	1.0603100484209071	0	NaN	-1.088043832776146	2	NaN	0.02358413126878144	0	NaN	-0.0017597945500882608	0	NaN	NaN	NaN	NaN	NaN	NaN	NaN	NaN	NaN	NaN	1.5191325102285387e-12	2.2046034107855113e-14	7.949363614054082e-15	NaN	18.061225578952456	435.5592189822399	438.3298781355903	0.1	1	262.1090605738857	6.320945232242192	6.361153736625273	0.1	1	0.09451134017331249	2.101399904987789	2.114767232845546	-0.1	0	NaN	NaN	NaN	NaN	9	275.25968635898164	275.3463928197225	95133.39119032118	1.2008033752072997	1008.6052136804417	0.024063369141581466	0.0015282517062170371	0.004733478274236511	601.4942566711646	713.8235017974321	0.003941926190388456	84.26372277693035	112.32924512626744	272.93430917255563	1.1070899437061932	0.25097895117803226	0.15590689553773487	1.1458383557317051	-2.5403047429655515e-16	8.411015651113127e-17	1.1458383557317051	2.817985371500439	319.22685916045305	12.773140839546985	7.820127404782879	NaN	0.08951268223906692	0.19985917054079289	-7.679379652385756	-0.3776346698914743	7.408172750883438	0.07245465596152575	1	27.477299900156925	12	22	36	55	90	207	0.009508454602537126	1.0118848751229848	7.81399253238482	1.014474429136648	0.9761409997330406	1.0862263225403763	-1.001673233467146	1.0862263225403763	0.021711986516423965	1.0862263225403763	-0.004196476093195124	1.148015260342457	NaN	NaN	800000009	800000009	800000009	800000009	800000009	801000009	899999999	899999999	89999	89999	89	89	0	2	0	29	0	0	0	NaN	0	0	0	0	0	0	0	0	0	NaN	NaN	NaN	NaN	0	0	0	0	0	0	0	0	12229	0	0	0	18000	18000	18000	18000	93	NaN	0.19379489534156383	0.18824562450201873	0.01767782123800324	0.017562650547991755	19.27202191409982	0.0010888084292272808	4.12428246191969e-8	NaN	0.006451784949997164	-0.024257001079877476	0.0005257879144401192	-0.000004196476093195123	NaN	435.55908432358626	6.32094311466468	95533.46774262152	11.390000343322754	-0.21985910767089367	96.38362310218811	96.06805411868625	96.69918674829272	-0.6311303051561109	0.000268207917187182	-1	0	2.0956643613841797	83.24317730988398	1.000050392953886	-273.1499938964844	9.000301826503541	-273.1499938964844	141
DATA	2025-12-08T023000_AIU-0547.ghg	2025-12-08	03:00:00	342.124	0	18000	18000	0.004235848725951944	1	NaN	3.7674666356371587	0	NaN	1.5234524648982883	1	NaN	2.4308604546298422	0	NaN	0.033886422245290336	1	NaN	-0.0038244105348028985	0	NaN	NaN	NaN	NaN	NaN	NaN	NaN	NaN	NaN	NaN	-9.940233765741669e-11	-1.4413509906646081e-12	-5.215384374171631e-13	NaN	18.01405296271587	435.61457694209435	438.3836210700058	0.1	0	261.2068659107429	6.316486280104946	6.356637896163659	0.1	1	0.0945150914468847	2.1017194829378583	2.1150793526502065	-0.1	0	NaN	NaN	NaN	NaN	9	275.29052329508465	275.37015709008114	95123.62919335937	1.2005785673907772	1008.6031015205501	0.02406791567417153	0.0021958401614948137	0.004729245617220957	601.0082695873854	715.034725050621	0.003939138799969624	84.05301848030345	114.0264554632356	272.92320090858607	1.5069866601592823	0.3736447221124532	0.19218965526657678	1.5644666937496918	-1.645038595843992e-14	-5.5180440439001805e-15	1.5644666937496918	2.9519272422078884	318.0748089285157	13.925191071484289	7.056425491351641	NaN	0.059398424783982974	0.1032022506429855	-4.677995252007695	-0.6199236732348932	2.4729794479597955	0.05237977175422001	1	57.34089534605206	26	45	74	110	174	384	0.004194460825820052	1.0098672754021492	3.8042853600025457	1.0135241689057606	1.3997478431749828	1.0883763617329192	2.2334741364277813	1.0883763617329192	0.031134838495882233	1.0883763617329192	-0.004886258439003158	1.1483375761929224	NaN	NaN	800000009	800000009	800000009	800000009	800000009	810010009	899999999	899999999	89999	89999	89	89	24	18	3	10	7	0	0	NaN	0	0	0	0	0	0	0	0	0	NaN	NaN	NaN	NaN	0	0	0	0	0	0	0	0	14323	0	0	0	18000	18000	18000	18000	93	NaN	0.13963572724773152	0.05623903610692958	0.01052973793130989	0.019565242203563347	10.650773523211255	0.003669826938299269	5.8622202952924194e-8	NaN	0.0031416818320062464	0.0540968609137108	0.0007541153041406848	-0.0000048862584390031576	NaN	435.61446428132047	6.316481648766265	95520.94900889757	11.371521031485663	-0.2314010139819192	96.38543008020189	96.06892101542155	96.70193973096212	-0.633016586028868	0.0002685625206342796	-1	0	2.0959888000422056	82.88039642567105	1.0000468368613058	-273.1499938964844	9.000286333481471	-273.1499938964844	047
DATA	2025-12-08T030000_AIU-0547.ghg	2025-12-08	03:30:00	342.145	0	18000	18000	0.0038103710629740647	2	NaN	6.378470687163353	0	NaN	1.802365960870313	1	NaN	0.5723280754365403	2	NaN	0.040097594134087394	1	NaN	-0.0028965879875600263	1	NaN	NaN	NaN	NaN	NaN	NaN	NaN	NaN	NaN	NaN	1.1372812888520752e-10	1.656998996400482e-12	6.001198295835669e-13	NaN	17.99514393452835	435.91103005111165	438.69726113333064	0.2	0	262.1861076224396	6.351147657090678	6.391742557861768	0.1	1	0.09495665511406787	2.1133803090527077	2.126888491915027	0.2	0	NaN	NaN	NaN	NaN	9	275.4606479288737	275.56048565673825	95159.23940190973	1.2001826990570201	1008.6248881106259	0.024075537931465895	0.002598324099888863	0.0047536916129348366	604.5324963347201	724.801248179374	0.003960806647746045	83.40665773593014	120.26875184465393	273.00357490207796	0.974256574323705	0.4568901694473783	0.14664083215528095	1.086014748152893	4.6724501034728155e-14	6.319934383352756e-15	1.086014748152893	2.5031668647747427	306.8751660230463	25.12483397695367	7.760155546071674	NaN	0.05634559303444726	0.18099613652478272	-2.3592145774959654	-1.2292226521752065	3.5389431589594404	0.09351463165286658	1	31.27980995525935	14	24	40	59	92	201	0.0037640304997296815	1.0123114207623214	6.393189293732734	1.0147095917579518	1.6595057824827435	1.0860859780638066	0.5269638748645336	1.0860859780638066	0.03691935532173098	1.0860859780638066	-0.004859999406824254	1.1481482731575052	NaN	NaN	800000009	800000009	800000009	800000009	800000009	800000009	899999999	899999999	89999	89999	89	89	12	6	1	17	4	0	0	NaN	0	0	0	0	0	0	0	0	0	NaN	NaN	NaN	NaN	0	0	0	0	0	0	0	0	15418	0	0	0	18000	18000	18000	18000	93	NaN	0.2532062781618203	0.09205145696197788	0.016734537925767293	0.01127441822521438	4.828027676708622	0.0024353760526388585	1.948055454111888e-7	NaN	0.005281296148190342	0.012768052295246907	0.0008945361948688475	-0.000004859999406824254	NaN	435.91105695178294	6.351144267265069	95561.04122894965	11.37514555888706	-0.1504099235285515	96.38519657389323	96.07047120285034	96.69992081281875	-0.6294537145247054	0.00026895776247935527	-1	0	2.1075922237369764	82.94406292851764	1.0000603206521934	-273.1499938964844	9.00037688228819	-273.1499938964844	108
DATA	2025-12-08T033000_AIU-0547.ghg	2025-12-08	04:00:00	342.166	0	18000	18000	0.028099053741713478	1	NaN	3.144040035668709	1	NaN	0.33819514176173787	2	NaN	3.3085003291203354	1	NaN	0.007519174717580022	2	NaN	NaN	NaN	NaN	NaN	NaN	NaN	NaN	NaN	NaN	NaN	NaN	NaN	-1.37450268903841e-10	-1.9748155154295584e-12	NaN	NaN	18.022103825738228	438.91676267553083	441.70219532527767	-0.1	0	258.93241635379366	6.306132682214998	6.346152361025174	0.1	1	NaN	NaN	NaN	NaN	0	NaN	NaN	NaN	NaN	9	275.45006714545354	274.89981784104975	95147.45771417874	1.2029492621596105	1008.5838082073122	0.024068870711466572	0.0004872425216991854	0.004721306381292269	598.9721053568496	691.3428897853533	0.003924775989983386	86.6389333291353	92.37078442850373	272.87657338462435	0.8648298557971332	-0.18063514078190057	0.13428451433107852	0.893639784450367	6.678490805011875e-14	-7.626760462202071e-15	0.893639784450367	2.9941641276727338	343.79763665500764	348.2023633449924	8.642396333824971	NaN	0.15283477868623999	0.3370528167944574	-95.50757175689806	-0.030364084717613468	9.296526316997538	0.016955342749374616	1	10.778854304329922	5	9	17	28	51	155	0.027708926519172217	1.0140794780437028	3.119232505666387	1.0157423174984632	0.3113928489342641	1.0860722811047334	3.0462984708117102	1.0860722811047334	0.006923272832201971	1.0860722811047334	NaN	1	NaN	NaN	800000009	800000009	800000009	800000019	800100009	801100009	899999999	899999999	89999	89999	89	89	0	0	0	15	4	0	0	NaN	0	0	0	0	0	0	0	0	0	NaN	NaN	NaN	NaN	0	10415	0	0	0	0	0	0	13119	0	0	0	18000	18000	18000	18000	93	NaN	0.3418067795976908	0.3112808396802801	0.021018014310943967	0.020770703534156602	6.96295578670323	0.004218738207340143	NaN	NaN	0.0025709193096404227	0.07378545812632427	0.00016769100682423953	NaN	NaN	438.9165508152213	6.3061274854572105	95582.71524479167	11.390000343322754	-0.2453800433311132	96.40774848556518	96.09915029440985	96.71635165193346	-0.617199414486686	0.0002702493561890959	-1	0	2.36715102146729	34.7412521050834	1.0000634747892618	-273.1499938964844	9.000388641410403	-273.1499938964844	122
DATA	2025-12-08T040000_AIU-0547.ghg	2025-12-08	04:30:00	342.187	0	18000	18000	0.0585493486931482	1	NaN	12.714599904396662	1	NaN	1.9267082114914507	1	NaN	-1.7712898821203131	1	NaN	0.0428639818720563	1	NaN	0.03714153570042853	2	NaN	NaN	NaN	NaN	NaN	NaN	NaN	NaN	NaN	NaN	-8.033635603651586e-11	-1.1685523223655033e-12	-4.302476972404754e-13	NaN	18.018460034182887	438.74550971441107	441.5635156356481	0.1	1	262.0919638030869	6.38188125026696	6.422871251882225	0.1	1	0.09649928525514613	2.147747244629027	2.161541948662864	0	1	NaN	NaN	NaN	NaN	9	275.49768310631646	275.5634554846657	95180.9845638387	1.2004300349374584	1008.6418165377515	0.024070297017813408	0.002777586025309248	0.004777735065550785	607.5966784406581	724.9545727545494	0.003980019598393089	83.81168990106838	117.35789431389128	273.0731204491243	0.8396617218405905	0.1662725981024961	0.14984124430108875	0.8689826134610975	-1.3504225001611566e-14	-4.458558383130937e-15	0.8689826134610975	2.8848860585062934	320.7990084953043	11.200991504695734	9.92930672711284	NaN	0.22084756115485277	0.4669366913430385	-71.2774820555037	-0.04068606124079654	6.599131009336585	0.04754843953578165	0	107.58052317285895	-16.325759439796066	36.92891230449316	91.95821314230493	140.24207725662345	196.6915074080473	294.6797199826248	0.05772033130441972	1.0143626581828888	12.641875735819859	1.015913835611304	1.7739200018016366	1.0861302705503284	-1.6308263659964315	1.0861302705503284	0.03946486258074518	1.0861302705503284	0.030749232811846373	1.1492263822911264	NaN	NaN	800000009	800000009	800000009	800000019	800000019	801000019	899999999	899999999	89999	89999	89	89	0	0	1	12	0	0	1	NaN	0	0	0	0	0	0	0	0	0	NaN	NaN	NaN	NaN	0	1136	0	0	0	0	101	151	14910	0	0	16	18000	18000	18000	18000	93	NaN	0.5460734017219895	0.3662355430172189	0.02156443794686864	0.02673427466996969	9.871131164990407	0.002889859607759621	0.0000049390482662869265	NaN	0.010440894195554858	-0.03950666951783658	0.0009560338954856869	0.00003074923281184637	NaN	438.74544579191036	6.381877245575301	95578.55691623264	11.384095208168027	-0.0815519340719233	96.39015180587768	96.07784104707505	96.70246065309313	-0.6246195687320494	0.00027069102465045744	-1	0	2.1587891960519214	44.622429832818106	1.000050742747055	-273.1499938964844	9.000320964256922	-273.1499938964844	118
DATA	2025-12-08T043000_AIU-0547.ghg	2025-12-08	05:00:00	342.208	0	18000	18000	0.029373727309338536	1	NaN	2.9951044514110503	1	NaN	-0.5476323463243488	2	NaN	4.459138861237052	1	NaN	-0.0121754502614782	2	NaN	NaN	NaN	NaN	NaN	NaN	NaN	NaN	NaN	NaN	NaN	NaN	NaN	2.390001450523765e-10	3.465511253921844e-12	NaN	NaN	18.06570722877882	439.8984237664497	442.72234773556283	0.2	0	261.9534465038505	6.378543987121959	6.419490992794431	0.1	1	NaN	NaN	NaN	NaN	0	NaN	NaN	NaN	NaN	9	275.4396869727241	274.88315068505125	95143.97677330437	1.2029454166893792	1008.623179478128	0.024068844241685733	-0.0007889691769437872	0.004775524884500064	605.8137878153024	690.5169150881995	0.0039698599938497335	87.73337402428757	84.70312727289718	273.0326933554859	0.68434596153785	-0.03423819393499596	0.11174874507268928	0.6942545866052543	1.262460583706793e-14	1.322949287430316e-14	0.6942545866052543	2.3373285607263563	334.86415033323533	357.1358496667647	9.262750104588724	NaN	0.15626314776662345	0.30287099298148495	-107.15459605169937	-0.027063701482303415	-5.4691883551325615	0.01579721531932704	1	6.813778507500042	3	6	11	18	33	102	0.028884693909283568	1.0169305377301503	2.9208778804159548	1.017511061191856	-0.503755711066456	1.0870990329122134	4.101869955022893	1.0870990329122134	-0.01119994581253703	1.0870990329122134	NaN	1	NaN	NaN	800000009	800000009	800000009	800000019	800000009	800000019	899999999	899999999	89999	89999	89	89	6	2	3	5	0	0	0	NaN	0	0	0	0	0	0	0	0	0	NaN	NaN	NaN	NaN	0	8688	0	0	0	0	101	0	14056	0	0	16	18000	18000	18000	18000	93	NaN	0.403726490158765	0.18688266111925472	0.015132834684950192	0.027420499027603316	17.928758096192926	0.00516637985807648	NaN	NaN	0.0024073461051211894	0.09935992721320938	-0.00027129719199480513	NaN	NaN	439.89850397297636	6.3785377916835975	95586.18624348959	11.380000114440918	-0.08786815061853984	96.38697125604418	96.0753086312612	96.69862953864204	-0.6233317384918533	0.00027046027670924865	-1	0	2.2823252251807955	20.21518862277069	1.000048408218556	-273.1499938964844	9.00028919204076	-273.1499938964844	033
DATA	2025-12-08T050000_AIU-0547.ghg	2025-12-08	05:30:00	342.229	0	18000	18000	0.013468392025023443	1	NaN	6.416421693730142	0	NaN	1.5373958348836803	1	NaN	0.36609898338195923	2	NaN	0.03418043305017459	1	NaN	NaN	NaN	NaN	NaN	NaN	NaN	NaN	NaN	NaN	NaN	NaN	NaN	-6.495183693669869e-11	-9.635970637927373e-13	NaN	NaN	17.91421323088489	433.62956426991235	436.4372254689526	0	0	265.76743759011947	6.433138685691642	6.474791920074477	0.1	1	NaN	NaN	NaN	NaN	0	NaN	NaN	NaN	NaN	9	275.4345424380832	274.8732610681785	95143.97677330437	1.202963989358817	1008.6529114821356	0.02406839469498341	0.0022148920616513134	0.0048164891165994785	610.9884046560596	690.0270159828289	0.004003851452915627	88.54557727508801	79.03861132676923	273.14973871085175	1.0447890083871576	0.2472741171213615	0.15158341276800272	1.0842998165042543	1.4937587298778385e-14	-3.625715296540005e-15	1.0842998165042543	2.971666569557353	318.6846035840232	13.315396415976796	8.036182473289863	NaN	0.1058111808144647	0.28117533904202946	-15.529545192851067	-0.18674081977204313	4.173565160084885	0.049976629591180495	1	23.302117898877505	10	19	32	50	83	206	0.013304423629553877	1.0123243516619038	6.4168171998877135	1.0147168451061914	1.4155414021933708	1.0860832699781842	0.337081873463821	1.0860832699781842	0.0314712821705293	1.0860832699781842	NaN	1	NaN	NaN	800000009	800000019	800000009	800000019	800000009	800100009	899999999	899999999	89999	89999	89	89	0	5	0	11	0	0	1	NaN	0	0	0	0	0	0	0	0	0	NaN	NaN	NaN	NaN	0	14686	0	0	0	0	101	0	15465	0	0	16	18000	18000	18000	18000	93	NaN	0.32060505988035337	0.22295616580632827	0.01878945239737732	0.03566918288536003	17.719320131214126	0.0019183109194728916	NaN	NaN	0.0052884121460920605	0.008165455882976016	0.0007623588996449792	NaN	NaN	433.6295597737634	6.433135663915307	95585.59491623264	11.370761014090643	0.029849281077950273	96.36441257688736	96.0458562719557	96.68296784464518	-0.6371150411930339	0.0002689147786279341	-1	0	7.963940440901035	14.208682527493485	1.0000472742997937	-273.1499938964844	9.000283418178558	-273.1499938964844	160
DATA	2025-12-08T053000_AIU-0547.ghg	2025-12-08	06:00:00	342.249	0	18000	18000	0.10558636209537761	1	NaN	15.918104967682336	0	NaN	24.25806003016576	1	NaN	6.362585913098338	1	NaN	0.5398836720685423	1	NaN	NaN	NaN	NaN	NaN	NaN	NaN	NaN	NaN	NaN	NaN	NaN	NaN	-8.505189212317685e-11	-1.2920302280574494e-12	NaN	NaN	17.566512097744916	423.5156896136794	426.25808982100955	0.1	0	266.8543175847638	6.433661372812165	6.475321397966809	0	0	NaN	NaN	NaN	NaN	0	NaN	NaN	NaN	NaN	9	276.5330236087375	275.9694580408339	95119.61375269944	1.1978785659637852	1008.6689009559069	0.024170572898460665	0.03498446195004154	0.004796517666813965	610.8814800361328	746.1264873105333	0.004004176886623561	81.87371584114365	135.24500727440056	273.1473290675192	0.46199854789684225	-0.3209657054114224	0.07241845749470763	0.5671913921198456	-1.0139731005723262e-13	-4.841706290350906e-15	0.5671913921198456	9.40632336229988	6.788989542192439	325.21101045780756	7.335493933654452	NaN	0.29689133078984864	1.5336354167342365	-138.25648912447352	-0.020975507322402095	0.6561985974099993	0.04437439274111736	0	57.875053167994544	-8.782762601627313	19.866632918531398	49.47072497772868	75.44597700622414	105.81405549258041	158.52873697333712	0.10354225305932548	1.0197417863302718	16.92230917140513	1.0193097563413294	22.28171603278818	1.0886980156496622	5.844215587461664	1.0886980156496622	0.49589846248261577	1.0886980156496622	NaN	1	NaN	NaN	800000009	800000019	800000009	800000019	800100019	811110019	899999999	899999999	89999	89999	89	89	14	26	1	56	12	0	0	NaN	0	0	1018	0	0	0	0	0	0	NaN	NaN	NaN	NaN	0	16665	0	0	0	0	101	0	15911	0	0	21	18000	18000	18000	18000	93	NaN	1.782924216451671	1.100754688804215	0.18359192821258707	0.7722647250433968	26.051200378228078	0.015650170474316064	NaN	NaN	0.014005486537004973	0.1421710965291207	0.012063625498264693	NaN	NaN	423.51413527456464	6.433644872850829	95630.92969921874	11.375144447750515	0.03559340586834245	96.34164319737752	96.02125114695232	96.66203298695882	-0.6407826172808813	0.0002677288818975083	-1	0	12.877162025518208	2.614292926023204	1.000023303642869	-273.1499938964844	9.000122232794762	-273.1499938964844	236
DATA	2025-12-08T060000_AIU-0547.ghg	2025-12-08	06:30:00	342.27	0	18000	18000	0.24643901641635083	0	NaN	103.68526071370452	1	NaN	-14.721756860739204	2	NaN	-7.599500772104259	2	NaN	-0.32772921742135486	2	NaN	NaN	NaN	NaN	NaN	NaN	NaN	NaN	NaN	NaN	NaN	NaN	NaN	6.706780028508605e-10	9.677493432193922e-12	NaN	NaN	17.491836966859363	421.80165594157205	424.38461028528855	0.1	1	252.397032024667	6.08635252343411	6.123623052049512	0.1	1	NaN	NaN	NaN	NaN	0	NaN	NaN	NaN	NaN	9	276.7729298095704	276.2392769865907	95157.90130094349	1.1973466813954174	1008.4831622523177	0.02418180841504071	-0.021236853288903793	0.004535478590726065	578.2007234016262	760.5454147797257	0.003787941004221356	76.02448350426103	182.34469137809947	272.39271810424975	0.01787325846904047	-0.768222449630591	-0.13506326275757152	0.7802097605332321	2.7926142671650003e-14	3.8342342437878316e-14	0.7802097605332321	7.571694151948702	60.66721212864212	271.3327878713579	-9.96877634285084	NaN	0.4536749248625947	1.9154107881234537	-75.75358776360565	-0.038282015223485545	-7.042995051101416	0.18927082783221053	0	63.61650267060801	-9.654049714302852	21.8374867397385	54.37842965823826	82.93053630156002	116.3112563247579	174.25545666037573	0.24267086741715524	1.0155278177364326	101.41127491765208	1.0166305335599697	-13.549882169798764	1.0864859691217408	-6.994568717944239	1.0864859691217408	-0.30164146315324647	1.0864859691217408	NaN	1	NaN	NaN	800000009	800000019	800000009	800000019	800000009	800000009	899999999	899999999	89999	89999	89	89	6	16	4	24	4	0	0	NaN	0	0	0	0	0	0	0	0	0	NaN	NaN	NaN	NaN	0	18000	0	0	0	0	101	0	17802	0	0	21	18000	18000	18000	18000	93	NaN	1.6540222778476863	1.8383823268180843	0.338416971581137	0.3250238497010507	3.915456928269772	0.005246634737505267	NaN	NaN	0.08398421673269718	-0.17017534419327207	-0.007338828437466948	NaN	NaN	421.80145797335246	6.086346358098917	95658.87246744792	11.390000343322754	-0.7202689322283231	96.36865006446838	96.04494739151002	96.69235431459215	-0.6474031994690516	0.00026800168048389956	-1	0	10.4468401856291	0.2632985788844466	1.0000238862848945	-273.1499938964844	9.000146909051471	-273.1499938964844	013
DATA	2025-12-08T063000_AIU-0547.ghg	2025-12-08	07:00:00	342.291	0	18000	17930	0.017161237233218607	2	NaN	7.421873739167419	1	NaN	-0.8040825977094349	2	NaN	-0.7579142293997402	2	NaN	-0.01793608464169038	2	NaN	NaN	NaN	NaN	NaN	NaN	NaN	NaN	NaN	NaN	NaN	NaN	NaN	1.1407569632791168e-10	1.6068727444603773e-12	NaN	NaN	17.734700570800058	420.76171558560463	423.2703793136411	0.1	1	249.81137872232173	5.926858695154585	5.962195787097558	-0.3	0	NaN	NaN	NaN	NaN	0	NaN	NaN	NaN	NaN	9	278.87138747533123	278.34775754347123	95157.90130094349	1.1883481211999476	1008.4291694451899	0.024365151855728406	-0.0011622582847815365	0.004383391334846353	563.077451838111	881.9225302404672	0.003688642458087261	63.84658884772803	318.8450784023562	272.03064531523495	-0.45561064772519266	0.2683990485862638	0.030106065608190045	0.5296465678063628	1.9614349754686093e-15	6.432344085681139e-15	0.5296465678063628	6.20118329706643	182.50222822751053	149.4977717724895	3.2585517178097154	NaN	0.12017176934239741	0.5802437119891571	-19.66901095477219	-0.14744005210370723	-9.230237988373185	0.05153734278833161	1	6.520755321436479	3	5	9	15	26	68	0.016811320317376446	1.0208143625388235	7.247403360328414	1.020003571787049	-0.73810299913657	1.0893907742551483	-0.6957230107974346	1.0893907742551483	-0.016464325809949932	1.0893907742551483	NaN	1	NaN	NaN	800000009	800000019	800000009	811100019	811110009	811110109	899999999	899999999	89999	89999	89	89	19	19	4	9	6	1	0	NaN	0	0	7492	0	0	0	0	0	0	NaN	NaN	NaN	NaN	0	18000	0	0	0	0	101	0	18000	0	0	16	18000	18000	18000	18000	93	NaN	0.6720112894903629	0.39425909041997903	0.09421704406797236	9.178690478661741	6.579953309471629	0.0007697729251405174	NaN	NaN	0.006047743309791765	-0.017052300313008847	-0.00040354368592852657	NaN	NaN	420.76162670387055	5.926857944792782	95676.75444921874	11.378190073013306	-1.08110629783405	96.34982601589627	96.01517794121636	96.68446833843655	-0.6692919166137762	0.0002640173611709745	-1	0	19.40082040598667	0.1617950377646604	1.0000211466904039	-273.1499938964844	9.000154200871785	-273.1499938964844	185
DATA	2025-12-08T070000_AIU-0547.ghg	2025-12-08	07:30:00	342.312	0	18000	18000	0.182633944597082	1	NaN	45.260567157503765	1	NaN	0.38403698241888606	1	NaN	-0.06539039424382127	1	NaN	0.008599100898640062	1	NaN	NaN	NaN	NaN	NaN	NaN	NaN	NaN	NaN	NaN	NaN	NaN	NaN	-3.906388465262807e-11	-5.460967653610922e-13	NaN	NaN	17.843554028924604	424.66824340841356	427.204421225568	-0.2	0	249.44542060760082	5.936684386080624	5.972139090973508	0.1	1	NaN	NaN	NaN	NaN	0	NaN	NaN	NaN	NaN	9	282.86759446758697	282.33558177623564	95178.79191352948	1.1718162694952765	1008.5046504760714	0.02470887823980901	0.000557221738231876	0.004329579571839086	564.1329929075791	1159.0094798613065	0.0036947597371249316	48.6737168858262	594.8764869537274	272.0561945347994	-0.7912542832493169	0.12294236876818686	0.014953633294579077	0.8008881182457788	-4.475458228825609e-14	-2.189243498761798e-15	0.8008881182457788	4.391314710946664	160.8318009082269	171.1681990917731	1.0698496405964293	NaN	0.39478531340837253	0.5291522754402812	-114.3801487333225	-0.02535404991264135	117.85470990951613	0.09701113265090773	0	90.84879875743079	-13.786655708348917	31.18545275050414	77.65618676565293	118.430584628588	166.10057886684027	248.84893463086965	0.17989346127782377	1.015233924011423	44.633014398715666	1.0164481945506314	0.35350115165015256	1.0863811351849673	-0.0601910251623505	1.0863811351849673	0.007915362868645522	1.0863811351849673	NaN	1	NaN	NaN	800000009	800000019	800000009	800000019	800000009	801010009	899999999	899999999	89999	89999	89	89	43	49	3	30	22	2	0	NaN	0	0	18000	0	0	0	0	0	0	NaN	NaN	NaN	NaN	0	18000	0	0	0	0	101	0	17901	0	0	16	18000	18000	18000	18000	93	NaN	0.3988398845918784	0.5543142344771305	0.10515043181155355	1.3748885367749883	0.30862443574923965	0.0001517572326843573	NaN	NaN	0.03776754804039715	-0.0014961203475274002	0.00019674586724352392	NaN	NaN	424.66832028628585	5.936683274446655	95690.9697517361	11.369999885559082	-1.0559811640083812	96.2727594695621	95.92623365190295	96.6192842525906	-0.6930493399418062	0.0002647687844000757	-1	0	20.368707928352887	0.15905750175895644	1.0000246606585053	-273.1499938964844	9.000156226979362	-273.1499938964844	125
DATA	2025-12-08T073000_AIU-0547.ghg	2025-12-08	08:00:00	342.333	1	18000	17985	0.4674478978065168	0	NaN	-247.1264762208289	2	NaN	-8.230875886048224	2	NaN	3.4647080943865745	2	NaN	-0.18382198464259517	2	NaN	NaN	NaN	NaN	NaN	NaN	NaN	NaN	NaN	NaN	NaN	NaN	NaN	4.703315483562261e-10	6.535237173203102e-12	NaN	NaN	17.84467247933521	424.4801078528569	426.9986025411106	0.1	1	247.95097700369274	5.8981333270550325	5.933127705307379	-0.7	0	NaN	NaN	NaN	NaN	0	NaN	NaN	NaN	NaN	9	280.1379947814947	279.61453207462233	95178.79191352948	1.1832368867428127	1008.4347299228173	0.024470443906551353	-0.011911664604840166	0.004343377046222586	560.4765548827486	962.8040695476615	0.0036707586577857075	58.21293995423889	402.3275146649129	271.9675093599875	-0.5290744403734875	0.02452546315659422	-0.10132681544977226	0.5392479812931631	9.277866747536973e-14	2.6356972866881555e-14	0.5392479812931631	10.768427010730484	154.65406945571598	177.34593054428404	-10.830485210809027	NaN	0.6285368656105951	1.5519831599244562	84.53505992348539	0.0343052930065331	30.024323005492224	-0.3295103245778918	0	81.28597577510048	-12.335460427173107	27.902845073179133	69.48202951008459	105.9644790555141	148.61668854917914	222.65488095306193	0.4620413074978251	1.0117015301899541	-244.25511235791274	1.0154534609165753	-7.454170134689832	1.1041974810507476	3.1377612735446374	1.1041974810507476	-0.16647564208140675	1.1041974810507476	NaN	1	NaN	NaN	800000009	800000019	800000009	811100019	811110009	811110109	899999999	899999999	89999	89999	89	89	31	55	6	0	0	1	0	NaN	0	0	18000	0	0	0	0	0	0	NaN	NaN	NaN	NaN	0	18000	0	0	0	0	101	0	18000	0	0	21	18000	18000	18000	18000	93	NaN	1.3052730831663095	1.4467201068137152	0.3519731298688878	22.66955839342169	0.9486283128988462	0.0013415288286419513	NaN	NaN	-0.20470298151423705	0.07723723587753266	-0.004097863831680182	NaN	NaN	424.4800701377669	5.898131057193539	95700.29303993056	11.369999885559082	-1.1433731561667486	96.27261329884	95.92398589833577	96.62123826090496	-0.6972451455030173	0.00026415784135072807	-1	0	16.773496187257035	0.21214852985820423	1.0000350697520706	-273.1499938964844	9.000247423489888	-273.1499938964844	171
DATA	2025-12-08T080000_AIU-0547.ghg	2025-12-08	08:30:00	342.354	1	18000	17808	1.608989871794583	1	NaN	429.6010812716175	1	NaN	0.8485662913363295	2	NaN	-7.367275905351065	1	NaN	0.01885819315588195	2	NaN	NaN	NaN	NaN	NaN	NaN	NaN	NaN	NaN	NaN	NaN	NaN	NaN	-9.847172573424758e-10	-1.3680119803423382e-11	NaN	NaN	17.812861152193648	423.4184513683442	425.92386888688105	0.1	1	247.46400328292907	5.882313017780692	5.9171193660554025	0.1	1	NaN	NaN	NaN	NaN	0	NaN	NaN	NaN	NaN	9	274.95499114964684	274.44258934195926	95210.13643193731	1.2059394871596454	1008.3458518926337	0.02400979435684703	0.0012220109165011503	0.004414835080266143	559.1601092400673	669.0389656563844	0.0036609092970862275	83.57661331302033	109.87885641631715	271.93545401829925	0.6271501472515902	-0.24574927232061866	-0.1325526558606712	0.6831336729810935	-2.7326622118036132e-14	-5.528125150300227e-14	0.6831336729810935	15.744074128413253	353.3977680021509	337.62500830869874	-11.188426059787517	NaN	1.1550848752677225	3.1102539327052763	-301.86072466262874	-0.00960707956704587	506.26696541890436	0.305855600065649	0	111.40521076233918	-16.906170537238847	38.241803787248394	95.22749856854352	145.22794381115287	203.68425614315947	305.15613183347733	1.5818813973034784	1.0171368564908307	422.9875328013339	1.0176416582980514	0.7805039959734258	1.0872030069212115	-6.776357183019605	1.0872030069212115	0.01734560430373109	1.0872030069212115	NaN	1	NaN	NaN	800000009	800000019	800000009	811110019	811110009	811110009	899999999	899999999	89999	89999	89	89	39	25	2	12	1	1	0	NaN	0	0	18000	0	0	0	0	0	0	NaN	NaN	NaN	NaN	0	18000	0	0	0	0	101	0	18000	0	0	21	18000	18000	18000	18000	93	NaN	0.8804950874719564	4.79944383498207	0.540568942956526	13.519834302376276	0.50871535912391	0.00044955308986342404	NaN	NaN	0.34785042248496995	-0.16366010272788442	0.0004189246973786109	NaN	NaN	423.41838346793196	5.8823116018782855	95706.10943945312	11.37257272222307	-1.1783299061953973	96.20227707121106	95.83828060764736	96.56627221298217	-0.727993196465903	0.00026422470961632726	-1	0	15.214878267380817	0.26761194619040884	1.000020955229799	-273.1499938964844	9.000158336255286	-273.1499938964844	225
